0 0.109375 0.048438 0.031250 0.028125
0 0.746875 0.329688 0.025000 0.028125
0 0.784375 0.251563 0.031250 0.028125
0 0.717187 0.154688 0.028125 0.028125
0 0.751563 0.106250 0.028125 0.031250
0 0.732812 0.243750 0.028125 0.031250
0 0.203125 0.109375 0.031250 0.031250
0 0.159375 0.089063 0.031250 0.028125
0 0.804688 0.337500 0.028125 0.031250
0 0.226562 0.681250 0.028125 0.031250
0 0.554688 0.664062 0.028125 0.028125
0 0.757812 0.071875 0.028125 0.031250
0 0.701562 0.254688 0.028125 0.028125
0 0.815625 0.239063 0.031250 0.028125
0 0.067187 0.126562 0.028125 0.028125
0 0.076563 0.060937 0.028125 0.028125
0 0.764062 0.414062 0.028125 0.028125
0 0.779687 0.092188 0.028125 0.028125
0 0.628125 0.189062 0.025000 0.028125
0 0.070312 0.092188 0.028125 0.028125
0 0.670312 0.267188 0.028125 0.028125
0 0.831250 0.357812 0.031250 0.028125
0 0.295312 0.792188 0.028125 0.028125
0 0.160938 0.851562 0.028125 0.028125
0 0.325000 0.734375 0.031250 0.031250
0 0.190625 0.078125 0.031250 0.031250
0 0.309375 0.762500 0.031250 0.031250
0 0.045312 0.071875 0.028125 0.031250
0 0.795312 0.404687 0.028125 0.028125
0 0.807813 0.306250 0.028125 0.031250
0 0.101562 0.082812 0.028125 0.028125
0 0.776563 0.317188 0.028125 0.028125
0 0.207813 0.710938 0.028125 0.028125
0 0.801562 0.370312 0.028125 0.028125
0 0.160938 0.796875 0.028125 0.031250
0 0.723437 0.117188 0.028125 0.028125
0 0.473438 0.754687 0.028125 0.028125
0 0.387500 0.500000 0.031250 0.031250
0 0.345313 0.817187 0.028125 0.028125
0 0.192188 0.679688 0.028125 0.028125
0 0.364063 0.154688 0.028125 0.028125
0 0.523438 0.779687 0.028125 0.028125
0 0.720313 0.309375 0.028125 0.031250
0 0.810937 0.079687 0.028125 0.028125
0 0.604688 0.285938 0.028125 0.028125
0 0.751563 0.295312 0.028125 0.028125
0 0.039062 0.104688 0.028125 0.028125
0 0.203125 0.367188 0.031250 0.028125
0 0.742188 0.364063 0.028125 0.028125
0 0.640625 0.428125 0.031250 0.031250
0 0.207813 0.651563 0.028125 0.028125
0 0.707812 0.223438 0.028125 0.028125
0 0.384375 0.440625 0.031250 0.031250
0 0.789062 0.437500 0.028125 0.031250
0 0.520312 0.664062 0.028125 0.028125
0 0.145313 0.823438 0.028125 0.028125
0 0.242188 0.651563 0.028125 0.028125
0 0.304688 0.476562 0.028125 0.028125
0 0.773438 0.351562 0.028125 0.028125
0 0.754687 0.264062 0.028125 0.028125
0 0.629687 0.310937 0.028125 0.028125
0 0.348438 0.382812 0.028125 0.028125
0 0.585938 0.603125 0.028125 0.031250
0 0.614062 0.543750 0.028125 0.031250
0 0.128125 0.796875 0.031250 0.031250
0 0.257812 0.621875 0.028125 0.031250
0 0.737500 0.210938 0.031250 0.028125
0 0.276562 0.762500 0.028125 0.031250
0 0.117188 0.343750 0.028125 0.031250
0 0.171875 0.121875 0.031250 0.031250
0 0.698438 0.567187 0.028125 0.028125
0 0.317188 0.446875 0.028125 0.031250
0 0.096875 0.114062 0.031250 0.028125
0 0.535937 0.692187 0.028125 0.028125
0 0.057813 0.685937 0.028125 0.028125
0 0.732812 0.564063 0.028125 0.028125
0 0.704688 0.409375 0.028125 0.031250
0 0.179688 0.823438 0.028125 0.028125
0 0.710938 0.376563 0.028125 0.028125
0 0.770312 0.382812 0.028125 0.028125
0 0.351562 0.445312 0.028125 0.028125
0 0.693750 0.446875 0.031250 0.031250
0 0.504687 0.695312 0.028125 0.028125
0 0.826562 0.389062 0.028125 0.028125
0 0.375000 0.703125 0.031250 0.031250
0 0.420312 0.557813 0.028125 0.028125
0 0.776563 0.476562 0.028125 0.028125
0 0.714063 0.535937 0.028125 0.028125
0 0.039062 0.543750 0.028125 0.031250
0 0.726562 0.276562 0.028125 0.028125
0 0.404687 0.643750 0.028125 0.031250
0 0.359375 0.731250 0.031250 0.031250
0 0.218750 0.290625 0.031250 0.031250
0 0.782813 0.284375 0.028125 0.031250
0 0.362500 0.275000 0.031250 0.031250
0 0.514062 0.496875 0.028125 0.031250
0 0.746875 0.535937 0.031250 0.028125
0 0.520312 0.607812 0.028125 0.028125
0 0.418750 0.143750 0.031250 0.031250
0 0.612500 0.487500 0.031250 0.031250
0 0.354687 0.560937 0.028125 0.028125
0 0.195312 0.851562 0.028125 0.028125
0 0.748437 0.139063 0.028125 0.028125
0 0.470313 0.310937 0.028125 0.028125
0 0.601562 0.573438 0.028125 0.028125
0 0.689063 0.165625 0.028125 0.031250
0 0.548438 0.267188 0.028125 0.028125
0 0.076563 0.768750 0.028125 0.031250
0 0.195312 0.793750 0.028125 0.031250
0 0.567187 0.578125 0.028125 0.031250
0 0.042188 0.825000 0.028125 0.031250
0 0.710938 0.185938 0.028125 0.028125
0 0.175000 0.710938 0.025000 0.028125
0 0.670312 0.110937 0.028125 0.028125
0 0.656250 0.331250 0.031250 0.031250
0 0.760938 0.035937 0.028125 0.028125
0 0.354687 0.242188 0.028125 0.028125
0 0.370312 0.531250 0.028125 0.031250
0 0.862500 0.345313 0.031250 0.028125
0 0.210938 0.764062 0.028125 0.028125
0 0.242188 0.268750 0.028125 0.031250
0 0.451562 0.556250 0.028125 0.031250
0 0.392188 0.729688 0.028125 0.028125
0 0.757812 0.448437 0.028125 0.028125
0 0.678125 0.481250 0.031250 0.031250
0 0.764062 0.565625 0.028125 0.031250
0 0.389062 0.132812 0.028125 0.028125
0 0.570312 0.632812 0.028125 0.028125
0 0.342187 0.760938 0.028125 0.028125
0 0.489063 0.726562 0.028125 0.028125
0 0.471875 0.696875 0.025000 0.025000
0 0.425000 0.728125 0.025000 0.025000
0 0.354687 0.123438 0.028125 0.028125
0 0.835938 0.325000 0.028125 0.031250
0 0.365625 0.412500 0.031250 0.031250
0 0.739062 0.395313 0.028125 0.028125
0 0.076563 0.712500 0.028125 0.031250
0 0.662500 0.453125 0.031250 0.031250
0 0.689063 0.353125 0.028125 0.031250
0 0.128125 0.851562 0.025000 0.028125
0 0.242188 0.764062 0.028125 0.028125
0 0.664062 0.143750 0.028125 0.031250
0 0.834375 0.056250 0.031250 0.031250
0 0.093750 0.146875 0.031250 0.031250
0 0.228125 0.795312 0.031250 0.028125
0 0.629687 0.512500 0.028125 0.031250
0 0.729688 0.507812 0.028125 0.028125
0 0.409375 0.757812 0.025000 0.028125
0 0.387500 0.557813 0.031250 0.028125
0 0.507812 0.442188 0.028125 0.028125
0 0.229687 0.851562 0.028125 0.028125
0 0.535937 0.212500 0.028125 0.031250
0 0.403125 0.528125 0.031250 0.031250
0 0.273438 0.593750 0.028125 0.031250
0 0.257812 0.679688 0.028125 0.028125
0 0.339062 0.589063 0.028125 0.028125
0 0.846875 0.442188 0.031250 0.028125
0 0.545312 0.492188 0.028125 0.028125
0 0.607812 0.431250 0.028125 0.025000
0 0.667188 0.626563 0.028125 0.028125
0 0.551562 0.550000 0.028125 0.031250
0 0.665625 0.567187 0.031250 0.028125
0 0.184375 0.396875 0.031250 0.031250
0 0.745313 0.479687 0.028125 0.028125
0 0.839063 0.292187 0.028125 0.028125
0 0.421875 0.495312 0.031250 0.028125
0 0.639062 0.276562 0.028125 0.028125
0 0.582812 0.748437 0.028125 0.028125
0 0.628125 0.370312 0.031250 0.028125
0 0.314063 0.201563 0.028125 0.028125
0 0.321875 0.232813 0.025000 0.028125
0 0.410938 0.110937 0.028125 0.028125
0 0.407813 0.701562 0.028125 0.028125
0 0.260937 0.792188 0.028125 0.028125
0 0.306250 0.590625 0.031250 0.031250
0 0.323437 0.618750 0.028125 0.025000
0 0.378125 0.815625 0.025000 0.025000
0 0.673438 0.421875 0.028125 0.031250
0 0.651563 0.395313 0.028125 0.028125
0 0.565625 0.520312 0.031250 0.028125
0 0.192188 0.739062 0.028125 0.028125
0 0.645312 0.484375 0.028125 0.031250
0 0.698438 0.620313 0.028125 0.028125
0 0.059375 0.853125 0.031250 0.031250
0 0.054688 0.460938 0.028125 0.028125
0 0.554688 0.409375 0.028125 0.031250
0 0.042188 0.768750 0.028125 0.031250
0 0.426563 0.785937 0.028125 0.028125
0 0.535937 0.635938 0.028125 0.028125
0 0.626563 0.456250 0.028125 0.031250
0 0.579688 0.489063 0.028125 0.028125
0 0.310937 0.820312 0.028125 0.028125
0 0.710938 0.648438 0.028125 0.028125
0 0.632812 0.570312 0.028125 0.028125
0 0.503125 0.639062 0.031250 0.028125
0 0.253125 0.451562 0.031250 0.028125
0 0.143750 0.767188 0.031250 0.028125
0 0.539062 0.748437 0.028125 0.028125
0 0.354687 0.501563 0.028125 0.028125
0 0.331250 0.145313 0.031250 0.028125
0 0.245312 0.820312 0.028125 0.028125
0 0.373437 0.587500 0.028125 0.031250
0 0.764062 0.507812 0.028125 0.028125
0 0.748437 0.592187 0.028125 0.028125
0 0.682813 0.201563 0.028125 0.028125
0 0.323437 0.675000 0.028125 0.031250
0 0.259375 0.095312 0.031250 0.028125
0 0.698438 0.098437 0.028125 0.028125
0 0.237500 0.032813 0.031250 0.028125
0 0.823438 0.420312 0.028125 0.028125
0 0.170313 0.482812 0.028125 0.028125
0 0.596875 0.517188 0.031250 0.028125
0 0.153125 0.456250 0.031250 0.031250
0 0.132812 0.370312 0.028125 0.028125
0 0.648438 0.540625 0.028125 0.031250
0 0.285938 0.504687 0.028125 0.028125
0 0.132812 0.067187 0.028125 0.028125
0 0.371875 0.646875 0.031250 0.031250
0 0.393750 0.785937 0.025000 0.028125
0 0.429688 0.401562 0.028125 0.028125
0 0.185938 0.454688 0.028125 0.028125
0 0.270313 0.478125 0.028125 0.025000
0 0.307812 0.170313 0.028125 0.028125
0 0.487500 0.667188 0.025000 0.028125
0 0.454688 0.612500 0.028125 0.031250
0 0.265625 0.246875 0.031250 0.031250
0 0.279687 0.314063 0.028125 0.028125
0 0.167187 0.367188 0.028125 0.028125
0 0.032813 0.139063 0.028125 0.028125
0 0.131250 0.314063 0.031250 0.028125
0 0.456250 0.670312 0.031250 0.028125
0 0.273438 0.279687 0.028125 0.028125
0 0.126562 0.739062 0.028125 0.028125
0 0.226562 0.085938 0.028125 0.028125
0 0.514062 0.273438 0.028125 0.028125
0 0.157812 0.682813 0.028125 0.028125
0 0.421875 0.615625 0.031250 0.031250
0 0.139063 0.204687 0.028125 0.028125
0 0.289062 0.620313 0.028125 0.028125
0 0.790625 0.217188 0.031250 0.028125
0 0.160938 0.739062 0.028125 0.028125
0 0.093750 0.742188 0.031250 0.028125
0 0.656250 0.656250 0.031250 0.031250
0 0.248438 0.060937 0.028125 0.028125
0 0.854688 0.410938 0.028125 0.028125
0 0.273438 0.160938 0.028125 0.028125
0 0.220312 0.335938 0.028125 0.028125
0 0.176563 0.767188 0.028125 0.028125
0 0.059375 0.796875 0.031250 0.031250
0 0.810937 0.273438 0.028125 0.028125
0 0.387500 0.617188 0.031250 0.028125
0 0.339062 0.179688 0.028125 0.028125
0 0.307812 0.704688 0.028125 0.028125
0 0.848437 0.187500 0.028125 0.031250
0 0.614062 0.254688 0.028125 0.028125
0 0.389062 0.673438 0.028125 0.028125
0 0.617188 0.601562 0.028125 0.028125
0 0.215625 0.057813 0.031250 0.028125
0 0.592187 0.460938 0.028125 0.028125
0 0.139063 0.485938 0.028125 0.028125
0 0.396875 0.407813 0.031250 0.028125
0 0.471875 0.639062 0.031250 0.028125
0 0.582812 0.260937 0.028125 0.028125
0 0.145313 0.237500 0.028125 0.031250
0 0.660937 0.298438 0.028125 0.028125
0 0.204687 0.482812 0.028125 0.028125
0 0.237500 0.479687 0.025000 0.028125
0 0.354687 0.617188 0.028125 0.028125
0 0.242188 0.148438 0.028125 0.028125
0 0.462500 0.395313 0.031250 0.028125
0 0.435937 0.585938 0.028125 0.028125
0 0.601562 0.629687 0.028125 0.028125
0 0.717187 0.342187 0.028125 0.028125
0 0.370312 0.471875 0.028125 0.031250
0 0.650000 0.598437 0.031250 0.028125
0 0.131250 0.168750 0.031250 0.031250
0 0.442188 0.757812 0.028125 0.028125
0 0.732812 0.620313 0.028125 0.028125
0 0.665625 0.510938 0.031250 0.028125
0 0.842187 0.257812 0.028125 0.028125
0 0.307812 0.648438 0.028125 0.028125
0 0.717187 0.592187 0.028125 0.028125
0 0.423438 0.673438 0.028125 0.028125
0 0.118750 0.400000 0.025000 0.025000
0 0.779687 0.595313 0.028125 0.028125
0 0.184375 0.282813 0.031250 0.028125
0 0.150000 0.278125 0.031250 0.031250
0 0.404687 0.078125 0.028125 0.031250
0 0.120313 0.457813 0.028125 0.028125
0 0.360938 0.789062 0.028125 0.028125
0 0.279687 0.821875 0.028125 0.031250
0 0.123438 0.134375 0.028125 0.031250
0 0.362500 0.845313 0.025000 0.028125
0 0.326562 0.789062 0.028125 0.028125
0 0.460938 0.254688 0.028125 0.028125
0 0.340625 0.704688 0.031250 0.028125
0 0.695312 0.289062 0.028125 0.028125
0 0.523438 0.414062 0.028125 0.028125
0 0.321875 0.560937 0.031250 0.028125
0 0.296875 0.848437 0.031250 0.028125
0 0.473438 0.445312 0.028125 0.028125
0 0.020313 0.050000 0.028125 0.031250
0 0.121875 0.259375 0.031250 0.031250
0 0.489063 0.610938 0.028125 0.028125
0 0.507812 0.753125 0.028125 0.031250
0 0.732812 0.051562 0.028125 0.028125
0 0.776563 0.126562 0.028125 0.028125
0 0.101562 0.375000 0.028125 0.031250
0 0.743750 0.175000 0.031250 0.031250
0 0.254688 0.507812 0.028125 0.028125
0 0.481250 0.192188 0.031250 0.028125
0 0.732812 0.425000 0.028125 0.031250
0 0.168750 0.428125 0.031250 0.031250
0 0.760938 0.229687 0.028125 0.028125
0 0.473438 0.223438 0.028125 0.028125
0 0.275000 0.650000 0.025000 0.025000
0 0.129688 0.103125 0.028125 0.031250
0 0.282813 0.192188 0.028125 0.028125
0 0.593750 0.317188 0.031250 0.028125
0 0.242188 0.707812 0.028125 0.028125
0 0.201563 0.425000 0.028125 0.031250
0 0.526563 0.242188 0.028125 0.028125
0 0.457813 0.728125 0.028125 0.025000
0 0.806250 0.112500 0.031250 0.031250
0 0.357812 0.673438 0.028125 0.028125
0 0.292187 0.676562 0.028125 0.028125
0 0.379688 0.101562 0.028125 0.028125
0 0.223438 0.507812 0.028125 0.028125
0 0.504687 0.582812 0.028125 0.028125
0 0.270313 0.535937 0.028125 0.028125
0 0.329688 0.848437 0.028125 0.028125
0 0.026562 0.853125 0.028125 0.031250
0 0.681250 0.389062 0.031250 0.028125
0 0.435937 0.526563 0.028125 0.028125
0 0.110937 0.768750 0.028125 0.031250
0 0.040625 0.710938 0.025000 0.028125
0 0.560937 0.464062 0.028125 0.028125
0 0.614062 0.732812 0.028125 0.028125
0 0.585938 0.660937 0.028125 0.028125
0 0.156250 0.146875 0.031250 0.031250
0 0.273438 0.707812 0.028125 0.028125
0 0.726562 0.085938 0.028125 0.028125
0 0.107813 0.710938 0.028125 0.028125
0 0.493750 0.787500 0.031250 0.031250
0 0.517188 0.551562 0.028125 0.028125
0 0.176563 0.250000 0.028125 0.031250
0 0.329688 0.267188 0.028125 0.028125
0 0.448437 0.429688 0.028125 0.028125
0 0.679688 0.539062 0.028125 0.028125
0 0.235937 0.423438 0.028125 0.028125
0 0.332813 0.417187 0.028125 0.028125
0 0.596875 0.375000 0.031250 0.031250
0 0.834375 0.096875 0.031250 0.031250
0 0.262500 0.850000 0.031250 0.031250
0 0.092188 0.795312 0.028125 0.028125
0 0.223438 0.625000 0.028125 0.031250
0 0.292187 0.732812 0.028125 0.028125
0 0.660937 0.179688 0.028125 0.028125
0 0.535937 0.298438 0.028125 0.028125
0 0.148438 0.340625 0.028125 0.031250
0 0.175000 0.654687 0.031250 0.028125
0 0.078125 0.825000 0.031250 0.031250
0 0.335938 0.473438 0.028125 0.028125
0 0.378125 0.376563 0.031250 0.028125
0 0.576562 0.435937 0.028125 0.028125
0 0.035937 0.489063 0.028125 0.028125
0 0.210938 0.820312 0.028125 0.028125
0 0.403125 0.468750 0.031250 0.031250
0 0.779687 0.539062 0.028125 0.028125
0 0.592187 0.229687 0.028125 0.028125
0 0.556250 0.720313 0.031250 0.028125
0 0.218750 0.393750 0.031250 0.031250
0 0.635938 0.628125 0.028125 0.025000
0 0.254688 0.564063 0.028125 0.028125
0 0.501563 0.387500 0.028125 0.031250
0 0.346875 0.210938 0.025000 0.028125
0 0.342187 0.645312 0.028125 0.028125
0 0.529687 0.467187 0.028125 0.028125
0 0.639062 0.712500 0.028125 0.031250
0 0.234375 0.237500 0.031250 0.031250
0 0.151562 0.398438 0.028125 0.028125
0 0.071875 0.542188 0.025000 0.028125
0 0.429688 0.257812 0.028125 0.028125
0 0.703125 0.065625 0.031250 0.031250
0 0.792188 0.028125 0.028125 0.031250
0 0.617188 0.401562 0.028125 0.028125
0 0.520312 0.721875 0.028125 0.031250
0 0.504687 0.217188 0.028125 0.028125
0 0.635938 0.682813 0.028125 0.028125
0 0.598437 0.198437 0.028125 0.028125
0 0.226562 0.737500 0.028125 0.025000
0 0.104688 0.542188 0.028125 0.028125
0 0.498437 0.526563 0.028125 0.028125
0 0.582812 0.545312 0.028125 0.028125
0 0.207813 0.259375 0.028125 0.031250
0 0.335938 0.529687 0.028125 0.028125
0 0.571875 0.292187 0.031250 0.028125
0 0.517188 0.810937 0.028125 0.028125
0 0.410938 0.814063 0.028125 0.028125
0 0.439063 0.642188 0.028125 0.028125
0 0.795312 0.510938 0.028125 0.028125
0 0.468750 0.528125 0.031250 0.031250
0 0.414062 0.432812 0.028125 0.028125
0 0.057813 0.742188 0.028125 0.028125
0 0.289062 0.560937 0.028125 0.028125
0 0.320312 0.504687 0.028125 0.028125
0 0.104688 0.485938 0.028125 0.028125
0 0.051562 0.039062 0.028125 0.028125
0 0.181250 0.340625 0.031250 0.031250
0 0.304688 0.532813 0.028125 0.028125
0 0.404687 0.587500 0.028125 0.031250
0 0.604688 0.689063 0.028125 0.028125
0 0.239063 0.595313 0.028125 0.028125
0 0.695312 0.701562 0.028125 0.028125
0 0.221875 0.565625 0.031250 0.031250
0 0.257812 0.735938 0.028125 0.028125
0 0.064062 0.320312 0.028125 0.028125
0 0.025000 0.742188 0.025000 0.028125
0 0.685937 0.320312 0.028125 0.028125
0 0.615625 0.340625 0.031250 0.031250
0 0.551562 0.607812 0.028125 0.028125
0 0.140625 0.034375 0.031250 0.031250
0 0.110937 0.823438 0.028125 0.028125
0 0.135937 0.426563 0.028125 0.028125
0 0.692187 0.132812 0.028125 0.028125
0 0.862500 0.120313 0.031250 0.034375
0 0.235937 0.118750 0.028125 0.025000
0 0.798438 0.567187 0.028125 0.028125
0 0.535937 0.579688 0.028125 0.028125
0 0.246875 0.304688 0.031250 0.028125
0 0.164062 0.309375 0.028125 0.031250
0 0.632812 0.154688 0.028125 0.028125
0 0.360938 0.320312 0.028125 0.028125
0 0.239063 0.535937 0.028125 0.028125
0 0.587500 0.406250 0.031250 0.031250
0 0.370312 0.189062 0.028125 0.028125
0 0.435937 0.457813 0.028125 0.028125
0 0.767188 0.196875 0.028125 0.031250
0 0.395313 0.265625 0.028125 0.031250
0 0.081250 0.026562 0.031250 0.028125
0 0.290625 0.223438 0.025000 0.028125
0 0.095312 0.853125 0.028125 0.025000
0 0.267188 0.126562 0.028125 0.028125
0 0.859375 0.378125 0.031250 0.031250
0 0.103125 0.429688 0.025000 0.028125
0 0.492188 0.473438 0.028125 0.028125
0 0.089063 0.570312 0.028125 0.028125
0 0.817187 0.451562 0.028125 0.028125
0 0.514062 0.185938 0.028125 0.028125
0 0.482812 0.556250 0.028125 0.025000
0 0.839063 0.476562 0.028125 0.028125
0 0.565625 0.378125 0.031250 0.031250
0 0.070312 0.376563 0.028125 0.028125
0 0.042188 0.295312 0.028125 0.028125
0 0.492188 0.335938 0.028125 0.028125
0 0.503125 0.304688 0.025000 0.028125
0 0.096875 0.317188 0.031250 0.028125
0 0.076563 0.290625 0.028125 0.031250
0 0.685937 0.667188 0.028125 0.028125
0 0.448437 0.285938 0.028125 0.028125
0 0.479687 0.367188 0.028125 0.028125
0 0.164062 0.054688 0.028125 0.028125
0 0.670312 0.723437 0.028125 0.028125
0 0.460938 0.784375 0.028125 0.031250
0 0.821875 0.206250 0.031250 0.031250
0 0.682813 0.595313 0.028125 0.028125
0 0.560937 0.237500 0.028125 0.031250
0 0.482812 0.501563 0.028125 0.028125
0 0.285938 0.451562 0.028125 0.028125
0 0.867188 0.312500 0.028125 0.031250
0 0.482812 0.279687 0.028125 0.028125
0 0.295312 0.257812 0.028125 0.028125
0 0.617188 0.654687 0.028125 0.028125
0 0.492188 0.160938 0.028125 0.028125
0 0.489063 0.417187 0.028125 0.028125
0 0.220312 0.451562 0.028125 0.028125
0 0.695312 0.507812 0.028125 0.028125
0 0.171875 0.215625 0.031250 0.031250
0 0.123438 0.571875 0.028125 0.031250
0 0.859375 0.156250 0.031250 0.031250
0 0.023438 0.685937 0.028125 0.028125
0 0.831250 0.134375 0.031250 0.031250
0 0.470313 0.582812 0.028125 0.028125
0 0.585938 0.717187 0.028125 0.028125
0 0.570312 0.692187 0.028125 0.028125
0 0.304688 0.290625 0.028125 0.031250
0 0.659375 0.365625 0.031250 0.031250
0 0.457813 0.167187 0.028125 0.028125
0 0.085938 0.460938 0.028125 0.028125
0 0.623437 0.223438 0.028125 0.028125
0 0.614062 0.764062 0.028125 0.028125
0 0.665625 0.692187 0.031250 0.028125
0 0.385937 0.298438 0.028125 0.028125
0 0.395313 0.843750 0.028125 0.031250
0 0.056250 0.514062 0.031250 0.028125
0 0.492188 0.248438 0.028125 0.028125
0 0.379688 0.220312 0.028125 0.028125
0 0.376563 0.759375 0.028125 0.025000
0 0.710938 0.484375 0.028125 0.031250
0 0.026562 0.798438 0.028125 0.028125
0 0.020313 0.517188 0.028125 0.028125
0 0.025000 0.017188 0.031250 0.028125
0 0.257812 0.214062 0.028125 0.028125
0 0.253125 0.335938 0.031250 0.028125
0 0.440625 0.701562 0.025000 0.028125
0 0.542188 0.439063 0.028125 0.028125
0 0.026562 0.171875 0.028125 0.031250
0 0.548438 0.801562 0.028125 0.028125
0 0.442188 0.120313 0.028125 0.028125
0 0.534375 0.384375 0.025000 0.025000
0 0.764062 0.625000 0.028125 0.031250
0 0.385937 0.343750 0.028125 0.031250
0 0.642188 0.745313 0.028125 0.028125
0 0.826562 0.025000 0.028125 0.031250
0 0.371875 0.068750 0.031250 0.031250
0 0.195312 0.310937 0.028125 0.028125
0 0.354687 0.353125 0.028125 0.031250
0 0.251563 0.182812 0.028125 0.028125
0 0.417187 0.290625 0.028125 0.025000
0 0.039062 0.657813 0.028125 0.028125
0 0.109375 0.285938 0.031250 0.028125
0 0.810937 0.539062 0.028125 0.028125
0 0.395313 0.164062 0.028125 0.028125
0 0.232813 0.364063 0.028125 0.028125
0 0.057813 0.157812 0.028125 0.028125
0 0.807813 0.482812 0.028125 0.028125
0 0.081250 0.179688 0.031250 0.028125
0 0.825000 0.507812 0.025000 0.028125
0 0.487500 0.823438 0.031250 0.028125
0 0.082812 0.346875 0.028125 0.031250
0 0.673438 0.078125 0.028125 0.031250
0 0.089063 0.515625 0.028125 0.031250
0 0.409375 0.376563 0.031250 0.028125
0 0.785937 0.060937 0.028125 0.028125
0 0.865625 0.085938 0.031250 0.034375
0 0.085938 0.404687 0.028125 0.028125
0 0.557813 0.770312 0.028125 0.028125
0 0.532813 0.523438 0.028125 0.028125
0 0.142187 0.710938 0.028125 0.028125
0 0.251563 0.393750 0.028125 0.031250
0 0.020313 0.460938 0.028125 0.028125
0 0.090625 0.684375 0.031250 0.031250
0 0.020313 0.571875 0.028125 0.025000
0 0.865625 0.048438 0.031250 0.034375
0 0.160938 0.181250 0.028125 0.031250
0 0.470313 0.135937 0.028125 0.028125
0 0.454688 0.818750 0.028125 0.031250
0 0.120313 0.514062 0.028125 0.028125
0 0.726562 0.454688 0.028125 0.028125
0 0.328125 0.328125 0.031250 0.031250
0 0.110937 0.192188 0.028125 0.028125
0 0.460938 0.476562 0.028125 0.028125
0 0.267188 0.420312 0.028125 0.028125
0 0.582812 0.348438 0.028125 0.028125
0 0.515625 0.359375 0.031250 0.031250
0 0.107813 0.598437 0.028125 0.028125
0 0.742188 0.650000 0.028125 0.031250
0 0.110937 0.015625 0.028125 0.031250
0 0.073438 0.656250 0.028125 0.031250
0 0.017188 0.082812 0.028125 0.028125
0 0.157812 0.626563 0.028125 0.028125
0 0.139063 0.598437 0.028125 0.028125
0 0.337500 0.298438 0.025000 0.028125
0 0.300000 0.420312 0.031250 0.028125
0 0.189062 0.510938 0.028125 0.028125
0 0.545312 0.181250 0.028125 0.025000
0 0.056250 0.262500 0.031250 0.031250
0 0.868750 0.278125 0.031250 0.031250
0 0.842187 0.228125 0.028125 0.031250
0 0.212500 0.139063 0.031250 0.028125
0 0.023438 0.268750 0.028125 0.031250
0 0.429688 0.837500 0.028125 0.031250
0 0.585938 0.779687 0.028125 0.028125
0 0.868750 0.245312 0.031250 0.034375
0 0.056250 0.629687 0.025000 0.028125
0 0.717187 0.679688 0.028125 0.028125
0 0.435937 0.315625 0.028125 0.031250
0 0.596875 0.017188 0.031250 0.028125
0 0.868750 0.212500 0.031250 0.031250
0 0.340625 0.059375 0.031250 0.031250
0 0.395313 0.042188 0.034375 0.034375
0 0.525000 0.153125 0.031250 0.031250
0 0.050000 0.348438 0.031250 0.028125
0 0.426563 0.176563 0.028125 0.028125
0 0.435937 0.087500 0.028125 0.031250
0 0.056250 0.198437 0.031250 0.034375
0 0.567187 0.207813 0.028125 0.028125
0 0.023438 0.629687 0.028125 0.028125
0 0.112500 0.228125 0.031250 0.031250
0 0.018750 0.406250 0.031250 0.031250
0 0.168750 0.021875 0.031250 0.031250
0 0.035937 0.378125 0.028125 0.031250
0 0.409375 0.232813 0.025000 0.028125
0 0.154688 0.570312 0.028125 0.028125
0 0.621875 0.035937 0.031250 0.028125
0 0.362500 0.031250 0.031250 0.031250
