0 0.820312 0.282813 0.028125 0.028125
0 0.895312 0.185938 0.028125 0.028125
0 0.817187 0.784375 0.034375 0.037500
0 0.904687 0.935937 0.028125 0.028125
0 0.871875 0.134375 0.025000 0.025000
0 0.904687 0.120313 0.028125 0.028125
0 0.873437 0.415625 0.028125 0.025000
0 0.864062 0.201563 0.028125 0.028125
0 0.726562 0.298438 0.028125 0.028125
0 0.851562 0.048438 0.028125 0.028125
0 0.942187 0.295312 0.028125 0.028125
0 0.785937 0.801562 0.028125 0.028125
0 0.581250 0.920312 0.031250 0.028125
0 0.817187 0.315625 0.028125 0.025000
0 0.723437 0.332813 0.028125 0.028125
0 0.951562 0.195312 0.028125 0.028125
0 0.310937 0.267188 0.028125 0.028125
0 0.639062 0.920312 0.028125 0.028125
0 0.317188 0.873437 0.028125 0.028125
0 0.842187 0.148438 0.028125 0.028125
0 0.700000 0.681250 0.025000 0.025000
0 0.817187 0.092188 0.028125 0.028125
0 0.781250 0.171875 0.025000 0.025000
0 0.942187 0.045312 0.028125 0.028125
0 0.898438 0.154688 0.028125 0.028125
0 0.848437 0.301563 0.028125 0.028125
0 0.929688 0.139063 0.028125 0.028125
0 0.434375 0.837500 0.025000 0.025000
0 0.492188 0.904687 0.028125 0.028125
0 0.729688 0.767188 0.028125 0.028125
0 0.932813 0.921875 0.028125 0.031250
0 0.464062 0.820312 0.028125 0.028125
0 0.873437 0.951562 0.028125 0.028125
0 0.785937 0.564063 0.028125 0.028125
0 0.779687 0.204687 0.028125 0.028125
0 0.464062 0.889062 0.028125 0.028125
0 0.435937 0.804688 0.028125 0.028125
0 0.346875 0.889062 0.031250 0.028125
0 0.317188 0.907813 0.028125 0.028125
0 0.820312 0.060937 0.028125 0.028125
0 0.857812 0.232813 0.028125 0.028125
0 0.464062 0.785937 0.028125 0.028125
0 0.310937 0.165625 0.028125 0.025000
0 0.523438 0.889062 0.028125 0.028125
0 0.934375 0.109375 0.025000 0.025000
0 0.603125 0.264062 0.025000 0.028125
0 0.310937 0.064062 0.028125 0.028125
0 0.632812 0.248438 0.028125 0.028125
0 0.904687 0.904687 0.028125 0.028125
0 0.701562 0.648438 0.028125 0.028125
0 0.607812 0.064062 0.028125 0.028125
0 0.845313 0.114062 0.028125 0.028125
0 0.698438 0.920312 0.028125 0.028125
0 0.934375 0.325000 0.025000 0.025000
0 0.826562 0.248438 0.028125 0.028125
0 0.551562 0.906250 0.028125 0.031250
0 0.898438 0.571875 0.028125 0.031250
0 0.926562 0.776563 0.028125 0.028125
0 0.748437 0.217188 0.028125 0.028125
0 0.464062 0.551562 0.028125 0.028125
0 0.632812 0.314063 0.028125 0.028125
0 0.339062 0.114062 0.028125 0.028125
0 0.404687 0.518750 0.028125 0.031250
0 0.575000 0.179688 0.025000 0.028125
0 0.903125 0.498437 0.025000 0.028125
0 0.903125 0.337500 0.025000 0.025000
0 0.953125 0.887500 0.031250 0.031250
0 0.282813 0.285938 0.028125 0.028125
0 0.879687 0.820312 0.028125 0.028125
0 0.842187 0.429688 0.028125 0.028125
0 0.670312 0.868750 0.028125 0.025000
0 0.889062 0.220312 0.028125 0.028125
0 0.876563 0.101562 0.028125 0.028125
0 0.903125 0.462500 0.025000 0.025000
0 0.832812 0.214062 0.028125 0.028125
0 0.784375 0.868750 0.025000 0.025000
0 0.728125 0.801562 0.025000 0.028125
0 0.729688 0.732812 0.028125 0.028125
0 0.925000 0.173437 0.025000 0.028125
0 0.960938 0.131250 0.028125 0.031250
0 0.670312 0.598437 0.028125 0.028125
0 0.701562 0.748437 0.028125 0.028125
0 0.750000 0.184375 0.025000 0.025000
0 0.373437 0.298438 0.028125 0.028125
0 0.520312 0.317188 0.028125 0.028125
0 0.315625 0.435937 0.031250 0.028125
0 0.667188 0.901563 0.028125 0.028125
0 0.487500 0.264062 0.031250 0.028125
0 0.317188 0.806250 0.028125 0.031250
0 0.670312 0.935937 0.028125 0.028125
0 0.289062 0.892188 0.028125 0.028125
0 0.346875 0.857812 0.031250 0.028125
0 0.279687 0.082812 0.028125 0.028125
0 0.310937 0.098437 0.028125 0.028125
0 0.867188 0.167187 0.028125 0.028125
0 0.670312 0.665625 0.028125 0.025000
0 0.604688 0.331250 0.028125 0.025000
0 0.956250 0.764062 0.031250 0.028125
0 0.551562 0.501563 0.028125 0.028125
0 0.935937 0.076563 0.028125 0.028125
0 0.757812 0.785937 0.028125 0.028125
0 0.726562 0.970313 0.028125 0.028125
0 0.317188 0.467187 0.028125 0.028125
0 0.757812 0.884375 0.028125 0.025000
0 0.917188 0.239063 0.028125 0.028125
0 0.854688 0.267188 0.028125 0.028125
0 0.882812 0.785937 0.028125 0.028125
0 0.670312 0.632812 0.028125 0.028125
0 0.639062 0.851562 0.028125 0.028125
0 0.551562 0.632812 0.028125 0.028125
0 0.639062 0.885938 0.028125 0.028125
0 0.668750 0.565625 0.025000 0.025000
0 0.698438 0.954688 0.028125 0.028125
0 0.607812 0.904687 0.028125 0.028125
0 0.489063 0.032813 0.028125 0.028125
0 0.639062 0.648438 0.028125 0.028125
0 0.785937 0.395313 0.028125 0.028125
0 0.667188 0.835938 0.028125 0.028125
0 0.785937 0.970313 0.028125 0.028125
0 0.695312 0.885938 0.028125 0.028125
0 0.948438 0.226562 0.028125 0.028125
0 0.579688 0.785937 0.028125 0.028125
0 0.582812 0.751563 0.028125 0.028125
0 0.610938 0.532813 0.028125 0.028125
0 0.551562 0.939063 0.028125 0.028125
0 0.545312 0.196875 0.028125 0.025000
0 0.785937 0.835938 0.028125 0.028125
0 0.815625 0.514062 0.031250 0.028125
0 0.695312 0.348438 0.028125 0.028125
0 0.873437 0.448437 0.028125 0.028125
0 0.809375 0.157812 0.025000 0.028125
0 0.842187 0.398438 0.028125 0.028125
0 0.464062 0.685937 0.028125 0.028125
0 0.339062 0.082812 0.028125 0.028125
0 0.757812 0.748437 0.028125 0.028125
0 0.576562 0.145313 0.028125 0.028125
0 0.885938 0.254688 0.028125 0.028125
0 0.310937 0.029687 0.028125 0.028125
0 0.435937 0.534375 0.028125 0.025000
0 0.814063 0.954688 0.028125 0.028125
0 0.814063 0.126562 0.028125 0.028125
0 0.317188 0.535937 0.028125 0.028125
0 0.785937 0.329688 0.028125 0.028125
0 0.700000 0.714063 0.025000 0.028125
0 0.965625 0.965625 0.031250 0.031250
0 0.845313 0.332813 0.028125 0.028125
0 0.660937 0.264062 0.028125 0.028125
0 0.757812 0.817187 0.028125 0.028125
0 0.401562 0.382812 0.028125 0.028125
0 0.582812 0.954688 0.028125 0.028125
0 0.339062 0.181250 0.028125 0.025000
0 0.901563 0.970313 0.028125 0.028125
0 0.435937 0.501563 0.028125 0.028125
0 0.667188 0.096875 0.028125 0.025000
0 0.639062 0.550000 0.028125 0.025000
0 0.523438 0.851562 0.028125 0.028125
0 0.721875 0.167187 0.025000 0.028125
0 0.606250 0.400000 0.025000 0.025000
0 0.753125 0.154688 0.025000 0.028125
0 0.635938 0.148438 0.028125 0.028125
0 0.639062 0.079687 0.028125 0.028125
0 0.660937 0.232813 0.028125 0.028125
0 0.698438 0.817187 0.028125 0.028125
0 0.667188 0.467187 0.028125 0.028125
0 0.696875 0.082812 0.031250 0.028125
0 0.754687 0.515625 0.028125 0.031250
0 0.632812 0.279687 0.028125 0.028125
0 0.373437 0.367188 0.028125 0.028125
0 0.315625 0.704688 0.025000 0.028125
0 0.757812 0.951562 0.028125 0.028125
0 0.315625 0.501563 0.025000 0.028125
0 0.785937 0.529687 0.028125 0.028125
0 0.728125 0.835938 0.031250 0.028125
0 0.639062 0.954688 0.028125 0.028125
0 0.604688 0.368750 0.028125 0.025000
0 0.520312 0.517188 0.028125 0.028125
0 0.464062 0.923438 0.028125 0.028125
0 0.817187 0.645312 0.028125 0.028125
0 0.753125 0.317188 0.031250 0.028125
0 0.848437 0.081250 0.028125 0.031250
0 0.728125 0.935937 0.031250 0.028125
0 0.920312 0.207813 0.028125 0.028125
0 0.873437 0.351562 0.028125 0.028125
0 0.464062 0.853125 0.028125 0.025000
0 0.785937 0.596875 0.028125 0.031250
0 0.376563 0.873437 0.028125 0.028125
0 0.792188 0.039062 0.028125 0.028125
0 0.973437 0.248438 0.028125 0.028125
0 0.523438 0.956250 0.028125 0.031250
0 0.962500 0.495312 0.031250 0.028125
0 0.492188 0.701562 0.028125 0.028125
0 0.757812 0.851562 0.028125 0.028125
0 0.728125 0.898438 0.025000 0.028125
0 0.876563 0.920312 0.028125 0.028125
0 0.576562 0.317188 0.028125 0.028125
0 0.464062 0.585938 0.028125 0.028125
0 0.639062 0.045312 0.028125 0.028125
0 0.370312 0.232813 0.028125 0.028125
0 0.931250 0.954688 0.031250 0.028125
0 0.492188 0.870313 0.028125 0.028125
0 0.635938 0.112500 0.028125 0.025000
0 0.785937 0.107813 0.028125 0.028125
0 0.429688 0.332813 0.028125 0.028125
0 0.317188 0.839063 0.028125 0.028125
0 0.404687 0.889062 0.028125 0.028125
0 0.307812 0.132812 0.028125 0.028125
0 0.489063 0.098437 0.028125 0.028125
0 0.551562 0.735938 0.028125 0.028125
0 0.464062 0.956250 0.028125 0.025000
0 0.754687 0.917188 0.028125 0.028125
0 0.789062 0.070312 0.028125 0.028125
0 0.317188 0.739062 0.028125 0.028125
0 0.545312 0.298438 0.028125 0.028125
0 0.432812 0.668750 0.028125 0.025000
0 0.435937 0.907813 0.028125 0.028125
0 0.435937 0.567187 0.028125 0.028125
0 0.546875 0.164062 0.025000 0.028125
0 0.845313 0.531250 0.028125 0.031250
0 0.398438 0.117188 0.028125 0.028125
0 0.873437 0.482812 0.028125 0.028125
0 0.551562 0.870313 0.028125 0.028125
0 0.604688 0.164062 0.028125 0.028125
0 0.614062 0.701562 0.028125 0.028125
0 0.839063 0.179688 0.028125 0.028125
0 0.523438 0.720313 0.028125 0.028125
0 0.726562 0.867188 0.028125 0.028125
0 0.726562 0.498437 0.028125 0.028125
0 0.728125 0.598437 0.031250 0.028125
0 0.581250 0.517188 0.025000 0.028125
0 0.967187 0.064062 0.028125 0.028125
0 0.729688 0.696875 0.028125 0.025000
0 0.873437 0.384375 0.028125 0.025000
0 0.279687 0.150000 0.028125 0.031250
0 0.667188 0.498437 0.028125 0.028125
0 0.754687 0.120313 0.028125 0.028125
0 0.909375 0.304688 0.025000 0.028125
0 0.610938 0.939063 0.028125 0.028125
0 0.345313 0.518750 0.028125 0.031250
0 0.373437 0.332813 0.028125 0.028125
0 0.523438 0.820312 0.028125 0.028125
0 0.345313 0.685937 0.028125 0.028125
0 0.489063 0.298438 0.028125 0.028125
0 0.367188 0.132812 0.028125 0.028125
0 0.492188 0.835938 0.028125 0.028125
0 0.582812 0.717187 0.028125 0.028125
0 0.785937 0.767188 0.028125 0.028125
0 0.670312 0.800000 0.028125 0.025000
0 0.582812 0.851562 0.028125 0.028125
0 0.873437 0.851562 0.028125 0.028125
0 0.551562 0.467187 0.028125 0.028125
0 0.370312 0.264062 0.028125 0.028125
0 0.434375 0.870313 0.025000 0.028125
0 0.551562 0.601562 0.028125 0.028125
0 0.932813 0.514062 0.028125 0.028125
0 0.757812 0.714063 0.028125 0.028125
0 0.632812 0.179688 0.028125 0.028125
0 0.523438 0.923438 0.028125 0.028125
0 0.850000 0.762500 0.031250 0.031250
0 0.660937 0.195312 0.028125 0.028125
0 0.367188 0.067187 0.028125 0.028125
0 0.904687 0.429688 0.028125 0.028125
0 0.493750 0.939063 0.025000 0.028125
0 0.951562 0.795312 0.028125 0.028125
0 0.342187 0.282813 0.028125 0.028125
0 0.756250 0.250000 0.031250 0.031250
0 0.373437 0.501563 0.028125 0.028125
0 0.457813 0.282813 0.028125 0.028125
0 0.817187 0.712500 0.028125 0.025000
0 0.489063 0.232813 0.028125 0.028125
0 0.603125 0.298438 0.025000 0.028125
0 0.726562 0.065625 0.028125 0.031250
0 0.785937 0.495312 0.028125 0.028125
0 0.404687 0.451562 0.028125 0.028125
0 0.289062 0.857812 0.028125 0.028125
0 0.492188 0.670312 0.028125 0.028125
0 0.367188 0.098437 0.028125 0.028125
0 0.610938 0.567187 0.028125 0.028125
0 0.876563 0.885938 0.028125 0.028125
0 0.817187 0.676562 0.028125 0.028125
0 0.904687 0.529687 0.028125 0.028125
0 0.404687 0.585938 0.028125 0.028125
0 0.317188 0.942187 0.028125 0.028125
0 0.690625 0.181250 0.025000 0.025000
0 0.373437 0.467187 0.028125 0.028125
0 0.432812 0.367188 0.028125 0.028125
0 0.285938 0.453125 0.028125 0.031250
0 0.726562 0.464062 0.028125 0.028125
0 0.639062 0.482812 0.028125 0.028125
0 0.639062 0.451562 0.028125 0.028125
0 0.701562 0.782813 0.028125 0.028125
0 0.285938 0.320312 0.028125 0.028125
0 0.489063 0.367188 0.028125 0.028125
0 0.729688 0.664062 0.028125 0.028125
0 0.814063 0.546875 0.028125 0.031250
0 0.310937 0.198437 0.028125 0.028125
0 0.757812 0.054688 0.028125 0.028125
0 0.842187 0.970313 0.028125 0.028125
0 0.576562 0.112500 0.028125 0.031250
0 0.784375 0.935937 0.025000 0.028125
0 0.520312 0.751563 0.028125 0.028125
0 0.635938 0.384375 0.028125 0.025000
0 0.493750 0.973437 0.025000 0.028125
0 0.665625 0.367188 0.031250 0.028125
0 0.429688 0.098437 0.028125 0.028125
0 0.520312 0.282813 0.028125 0.028125
0 0.404687 0.417187 0.028125 0.028125
0 0.690625 0.217188 0.025000 0.028125
0 0.317188 0.976562 0.028125 0.028125
0 0.814063 0.853125 0.028125 0.031250
0 0.401562 0.317188 0.028125 0.028125
0 0.457813 0.048438 0.028125 0.028125
0 0.317188 0.670312 0.028125 0.028125
0 0.945312 0.260937 0.028125 0.028125
0 0.845313 0.867188 0.028125 0.028125
0 0.632812 0.351562 0.028125 0.028125
0 0.523438 0.651563 0.028125 0.028125
0 0.435937 0.603125 0.028125 0.025000
0 0.670312 0.698438 0.028125 0.028125
0 0.817187 0.745313 0.028125 0.028125
0 0.914062 0.273438 0.028125 0.028125
0 0.342187 0.248438 0.028125 0.028125
0 0.579688 0.079687 0.028125 0.028125
0 0.698438 0.048438 0.028125 0.028125
0 0.432812 0.435937 0.028125 0.028125
0 0.457813 0.179688 0.028125 0.028125
0 0.403125 0.618750 0.025000 0.025000
0 0.551562 0.804688 0.028125 0.028125
0 0.698438 0.851562 0.028125 0.028125
0 0.581250 0.582812 0.025000 0.028125
0 0.285938 0.685937 0.028125 0.028125
0 0.726562 0.564063 0.028125 0.028125
0 0.976562 0.820312 0.028125 0.028125
0 0.551562 0.567187 0.028125 0.028125
0 0.492188 0.804688 0.028125 0.028125
0 0.348438 0.926562 0.028125 0.028125
0 0.639062 0.817187 0.028125 0.028125
0 0.667188 0.062500 0.028125 0.025000
0 0.287500 0.959375 0.031250 0.031250
0 0.660937 0.298438 0.028125 0.028125
0 0.785937 0.364063 0.028125 0.028125
0 0.757812 0.679688 0.028125 0.028125
0 0.754687 0.548438 0.028125 0.028125
0 0.759375 0.284375 0.031250 0.031250
0 0.460938 0.315625 0.028125 0.031250
0 0.489063 0.332813 0.028125 0.028125
0 0.873437 0.514062 0.028125 0.028125
0 0.460938 0.248438 0.028125 0.028125
0 0.576562 0.384375 0.028125 0.025000
0 0.289062 0.925000 0.028125 0.031250
0 0.576562 0.279687 0.028125 0.028125
0 0.429688 0.232813 0.028125 0.028125
0 0.789062 0.696875 0.028125 0.025000
0 0.551562 0.535937 0.028125 0.028125
0 0.670312 0.767188 0.028125 0.028125
0 0.907813 0.089063 0.028125 0.028125
0 0.376563 0.907813 0.028125 0.028125
0 0.523438 0.617188 0.028125 0.028125
0 0.457813 0.082812 0.028125 0.028125
0 0.632812 0.214062 0.028125 0.028125
0 0.954688 0.160938 0.028125 0.028125
0 0.404687 0.820312 0.028125 0.028125
0 0.639062 0.751563 0.028125 0.028125
0 0.520312 0.450000 0.028125 0.031250
0 0.757812 0.087500 0.028125 0.031250
0 0.457813 0.114062 0.028125 0.028125
0 0.909375 0.837500 0.025000 0.025000
0 0.695312 0.482812 0.028125 0.028125
0 0.460938 0.451562 0.028125 0.028125
0 0.603125 0.229687 0.025000 0.028125
0 0.814063 0.445312 0.028125 0.028125
0 0.639062 0.617188 0.028125 0.028125
0 0.667188 0.431250 0.028125 0.025000
0 0.339062 0.217188 0.028125 0.028125
0 0.754687 0.348438 0.028125 0.028125
0 0.487500 0.132812 0.025000 0.028125
0 0.279687 0.048438 0.028125 0.028125
0 0.882812 0.285938 0.028125 0.028125
0 0.785937 0.629687 0.028125 0.028125
0 0.931250 0.581250 0.031250 0.031250
0 0.642188 0.717187 0.028125 0.028125
0 0.337500 0.148438 0.025000 0.028125
0 0.759375 0.648438 0.031250 0.028125
0 0.581250 0.550000 0.025000 0.025000
0 0.523438 0.685937 0.028125 0.028125
0 0.698438 0.548438 0.028125 0.028125
0 0.464062 0.651563 0.028125 0.028125
0 0.698438 0.614062 0.028125 0.028125
0 0.757812 0.479687 0.028125 0.028125
0 0.960938 0.346875 0.028125 0.031250
0 0.342187 0.317188 0.028125 0.028125
0 0.815625 0.348438 0.025000 0.028125
0 0.670312 0.732812 0.028125 0.028125
0 0.935937 0.857812 0.028125 0.028125
0 0.429688 0.198437 0.028125 0.028125
0 0.545312 0.032813 0.028125 0.028125
0 0.754687 0.582812 0.028125 0.028125
0 0.878125 0.067187 0.031250 0.028125
0 0.346875 0.821875 0.031250 0.031250
0 0.720313 0.201563 0.028125 0.028125
0 0.807813 0.192188 0.028125 0.028125
0 0.753125 0.382812 0.025000 0.028125
0 0.314063 0.301563 0.028125 0.028125
0 0.517188 0.210938 0.028125 0.028125
0 0.401562 0.279687 0.028125 0.028125
0 0.284375 0.351562 0.025000 0.028125
0 0.579688 0.482812 0.028125 0.028125
0 0.903125 0.395313 0.031250 0.028125
0 0.517188 0.248438 0.028125 0.028125
0 0.689063 0.248438 0.028125 0.028125
0 0.282813 0.248438 0.028125 0.028125
0 0.348438 0.720313 0.028125 0.028125
0 0.640625 0.517188 0.025000 0.028125
0 0.960938 0.462500 0.028125 0.031250
0 0.695312 0.114062 0.028125 0.028125
0 0.493750 0.634375 0.025000 0.025000
0 0.610938 0.732812 0.028125 0.028125
0 0.729688 0.632812 0.028125 0.028125
0 0.373437 0.400000 0.028125 0.025000
0 0.576562 0.351562 0.028125 0.028125
0 0.814063 0.414062 0.028125 0.028125
0 0.817187 0.614062 0.028125 0.028125
0 0.607812 0.498437 0.028125 0.028125
0 0.814063 0.382812 0.028125 0.028125
0 0.695312 0.448437 0.028125 0.028125
0 0.404687 0.551562 0.028125 0.028125
0 0.668750 0.970313 0.025000 0.028125
0 0.723437 0.132812 0.028125 0.028125
0 0.785937 0.429688 0.028125 0.028125
0 0.550000 0.768750 0.025000 0.025000
0 0.842187 0.367188 0.028125 0.028125
0 0.784375 0.139063 0.025000 0.028125
0 0.582812 0.889062 0.028125 0.028125
0 0.404687 0.654687 0.028125 0.028125
0 0.432812 0.467187 0.028125 0.028125
0 0.400000 0.148438 0.025000 0.028125
0 0.373437 0.535937 0.028125 0.028125
0 0.429688 0.132812 0.028125 0.028125
0 0.345313 0.451562 0.028125 0.028125
0 0.285938 0.720313 0.028125 0.028125
0 0.604688 0.196875 0.028125 0.025000
0 0.845313 0.832812 0.028125 0.028125
0 0.404687 0.857812 0.028125 0.028125
0 0.404687 0.482812 0.028125 0.028125
0 0.285938 0.485938 0.028125 0.028125
0 0.279687 0.114062 0.028125 0.028125
0 0.845313 0.626563 0.028125 0.028125
0 0.575000 0.212500 0.025000 0.025000
0 0.401562 0.348438 0.028125 0.028125
0 0.432812 0.400000 0.028125 0.025000
0 0.520312 0.482812 0.028125 0.028125
0 0.398438 0.217188 0.028125 0.028125
0 0.545312 0.096875 0.028125 0.031250
0 0.579688 0.820312 0.028125 0.028125
0 0.607812 0.467187 0.028125 0.028125
0 0.287500 0.787500 0.031250 0.031250
0 0.548438 0.398438 0.028125 0.028125
0 0.604688 0.129688 0.028125 0.028125
0 0.434375 0.635938 0.025000 0.028125
0 0.873437 0.548438 0.028125 0.028125
0 0.400000 0.050000 0.031250 0.031250
0 0.376563 0.839063 0.028125 0.028125
0 0.973437 0.032813 0.028125 0.028125
0 0.845313 0.498437 0.028125 0.028125
0 0.659375 0.331250 0.031250 0.031250
0 0.317188 0.770312 0.028125 0.028125
0 0.904687 0.870313 0.028125 0.028125
0 0.520312 0.417187 0.028125 0.028125
0 0.517188 0.017188 0.028125 0.028125
0 0.695312 0.382812 0.028125 0.028125
0 0.492188 0.535937 0.028125 0.028125
0 0.520312 0.551562 0.028125 0.028125
0 0.429688 0.034375 0.028125 0.031250
0 0.373437 0.435937 0.028125 0.028125
0 0.918750 0.681250 0.031250 0.031250
0 0.610938 0.601562 0.028125 0.028125
0 0.607812 0.432812 0.028125 0.028125
0 0.545312 0.264062 0.028125 0.028125
0 0.785937 0.460938 0.028125 0.028125
0 0.814063 0.478125 0.028125 0.031250
0 0.342187 0.351562 0.028125 0.028125
0 0.346875 0.654687 0.031250 0.028125
0 0.695312 0.514062 0.028125 0.028125
0 0.785937 0.664062 0.028125 0.028125
0 0.639062 0.582812 0.028125 0.028125
0 0.843750 0.931250 0.031250 0.031250
0 0.317188 0.635938 0.028125 0.028125
0 0.554688 0.667188 0.028125 0.028125
0 0.464062 0.482812 0.028125 0.028125
0 0.400000 0.248438 0.025000 0.028125
0 0.754687 0.415625 0.028125 0.025000
0 0.523438 0.585938 0.028125 0.028125
0 0.404687 0.923438 0.028125 0.028125
0 0.435937 0.770312 0.028125 0.028125
0 0.968750 0.856250 0.031250 0.031250
0 0.757812 0.614062 0.028125 0.028125
0 0.698438 0.582812 0.028125 0.028125
0 0.610938 0.970313 0.028125 0.028125
0 0.845313 0.696875 0.028125 0.031250
0 0.876563 0.317188 0.028125 0.028125
0 0.464062 0.720313 0.028125 0.028125
0 0.579688 0.045312 0.028125 0.028125
0 0.489063 0.067187 0.028125 0.028125
0 0.339062 0.048438 0.028125 0.028125
0 0.551562 0.835938 0.028125 0.028125
0 0.639062 0.417187 0.028125 0.028125
0 0.573438 0.245312 0.028125 0.028125
0 0.843750 0.464062 0.031250 0.028125
0 0.932813 0.545312 0.028125 0.028125
0 0.931250 0.414062 0.031250 0.028125
0 0.970313 0.281250 0.028125 0.031250
0 0.457813 0.148438 0.028125 0.028125
0 0.460938 0.351562 0.028125 0.028125
0 0.434375 0.940625 0.025000 0.025000
0 0.492188 0.601562 0.028125 0.028125
0 0.964063 0.528125 0.028125 0.031250
0 0.315625 0.570312 0.031250 0.028125
0 0.717187 0.232813 0.028125 0.028125
0 0.784375 0.900000 0.025000 0.025000
0 0.664062 0.129688 0.028125 0.028125
0 0.520312 0.785937 0.028125 0.028125
0 0.693750 0.315625 0.031250 0.031250
0 0.850000 0.800000 0.031250 0.031250
0 0.518750 0.050000 0.031250 0.031250
0 0.545312 0.129688 0.028125 0.028125
0 0.310937 0.232813 0.028125 0.028125
0 0.545312 0.229687 0.028125 0.028125
0 0.550000 0.435937 0.031250 0.028125
0 0.435937 0.973437 0.028125 0.028125
0 0.489063 0.398438 0.028125 0.028125
0 0.551562 0.701562 0.028125 0.028125
0 0.723437 0.398438 0.028125 0.028125
0 0.785937 0.732812 0.028125 0.028125
0 0.518750 0.384375 0.025000 0.025000
0 0.464062 0.517188 0.028125 0.028125
0 0.398438 0.082812 0.028125 0.028125
0 0.492188 0.567187 0.028125 0.028125
0 0.610938 0.868750 0.028125 0.031250
0 0.642188 0.685937 0.028125 0.028125
0 0.279687 0.217188 0.028125 0.028125
0 0.846875 0.564063 0.031250 0.028125
0 0.665625 0.400000 0.025000 0.025000
0 0.487500 0.196875 0.025000 0.025000
0 0.723437 0.098437 0.028125 0.028125
0 0.492188 0.435937 0.028125 0.028125
0 0.460938 0.214062 0.028125 0.028125
0 0.285938 0.520312 0.028125 0.028125
0 0.279687 0.182812 0.028125 0.028125
0 0.726562 0.529687 0.028125 0.028125
0 0.909375 0.804688 0.025000 0.028125
0 0.726562 0.429688 0.028125 0.028125
0 0.921875 0.650000 0.031250 0.031250
0 0.846875 0.664062 0.031250 0.028125
0 0.723437 0.364063 0.028125 0.028125
0 0.492188 0.735938 0.028125 0.028125
0 0.845313 0.729688 0.028125 0.028125
0 0.342187 0.384375 0.028125 0.025000
0 0.754687 0.448437 0.028125 0.028125
0 0.967187 0.096875 0.028125 0.031250
0 0.967187 0.317188 0.028125 0.028125
0 0.342187 0.017188 0.028125 0.028125
0 0.945312 0.828125 0.028125 0.031250
0 0.370312 0.032813 0.028125 0.028125
0 0.579688 0.451562 0.028125 0.028125
0 0.790625 0.265625 0.031250 0.031250
0 0.610938 0.767188 0.028125 0.028125
0 0.429688 0.298438 0.028125 0.028125
0 0.664062 0.164062 0.028125 0.028125
0 0.376563 0.704688 0.028125 0.028125
0 0.517188 0.179688 0.028125 0.028125
0 0.285938 0.418750 0.028125 0.031250
0 0.728125 0.262500 0.031250 0.031250
0 0.928125 0.360938 0.031250 0.028125
0 0.607812 0.029687 0.028125 0.028125
0 0.285938 0.587500 0.028125 0.031250
0 0.576562 0.417187 0.028125 0.028125
0 0.610938 0.832812 0.028125 0.028125
0 0.914062 0.023438 0.028125 0.028125
0 0.639062 0.782813 0.028125 0.028125
0 0.607812 0.098437 0.028125 0.028125
0 0.345313 0.482812 0.028125 0.028125
0 0.912500 0.615625 0.031250 0.031250
0 0.514062 0.114062 0.028125 0.028125
0 0.315625 0.603125 0.025000 0.025000
0 0.464062 0.753125 0.028125 0.025000
0 0.517188 0.082812 0.028125 0.028125
0 0.581250 0.617188 0.025000 0.028125
0 0.289062 0.823438 0.028125 0.028125
0 0.517188 0.148438 0.028125 0.028125
0 0.464062 0.618750 0.028125 0.025000
0 0.610938 0.632812 0.028125 0.028125
0 0.285938 0.551562 0.028125 0.028125
0 0.379688 0.942187 0.028125 0.028125
0 0.370312 0.164062 0.028125 0.028125
0 0.845313 0.898438 0.028125 0.028125
0 0.432812 0.703125 0.028125 0.025000
0 0.548438 0.065625 0.028125 0.031250
0 0.426563 0.067187 0.028125 0.028125
0 0.518750 0.351562 0.025000 0.028125
0 0.314063 0.335938 0.028125 0.028125
0 0.348438 0.754687 0.028125 0.028125
0 0.400000 0.181250 0.025000 0.025000
0 0.790625 0.298438 0.025000 0.028125
0 0.551562 0.973437 0.028125 0.028125
0 0.368750 0.198437 0.025000 0.028125
0 0.582812 0.648438 0.028125 0.028125
0 0.431250 0.264062 0.025000 0.028125
0 0.492188 0.768750 0.028125 0.025000
0 0.896875 0.756250 0.031250 0.031250
0 0.545312 0.335938 0.028125 0.028125
0 0.376563 0.670312 0.028125 0.028125
0 0.373437 0.635938 0.028125 0.028125
0 0.404687 0.789062 0.028125 0.028125
0 0.932813 0.445312 0.028125 0.028125
0 0.404687 0.685937 0.028125 0.028125
0 0.434375 0.737500 0.025000 0.025000
0 0.345313 0.551562 0.028125 0.028125
0 0.815625 0.885938 0.025000 0.028125
0 0.667188 0.532813 0.028125 0.028125
0 0.814063 0.579688 0.028125 0.028125
0 0.610938 0.801562 0.028125 0.028125
0 0.345313 0.417187 0.028125 0.028125
0 0.373437 0.603125 0.028125 0.025000
0 0.932813 0.479687 0.028125 0.028125
0 0.610938 0.665625 0.028125 0.031250
0 0.492188 0.467187 0.028125 0.028125
0 0.373437 0.570312 0.028125 0.028125
0 0.823438 0.026562 0.028125 0.028125
0 0.695312 0.279687 0.028125 0.028125
0 0.764062 0.023438 0.028125 0.028125
0 0.696875 0.414062 0.025000 0.028125
0 0.953125 0.384375 0.031250 0.031250
0 0.460938 0.417187 0.028125 0.028125
0 0.493750 0.501563 0.025000 0.028125
0 0.978125 0.215625 0.031250 0.031250
0 0.345313 0.585938 0.028125 0.028125
0 0.800000 0.228125 0.031250 0.031250
0 0.460938 0.384375 0.028125 0.025000
0 0.695312 0.148438 0.028125 0.028125
0 0.289062 0.756250 0.028125 0.031250
0 0.814063 0.821875 0.028125 0.031250
0 0.315625 0.401562 0.031250 0.028125
0 0.545312 0.367188 0.028125 0.028125
0 0.582812 0.685937 0.028125 0.028125
0 0.857812 0.014063 0.028125 0.028125
0 0.882812 0.035937 0.028125 0.028125
0 0.429688 0.165625 0.028125 0.025000
0 0.285938 0.382812 0.028125 0.028125
0 0.704688 0.015625 0.028125 0.031250
0 0.970313 0.559375 0.028125 0.031250
0 0.403125 0.720313 0.025000 0.028125
0 0.950000 0.610938 0.031250 0.028125
0 0.878125 0.731250 0.031250 0.031250
0 0.348438 0.618750 0.028125 0.031250
0 0.289062 0.654687 0.028125 0.028125
0 0.878125 0.621875 0.031250 0.031250
0 0.314063 0.367188 0.028125 0.028125
0 0.907813 0.718750 0.028125 0.031250
0 0.407813 0.956250 0.028125 0.025000
0 0.346875 0.789062 0.031250 0.028125
0 0.960938 0.431250 0.028125 0.031250
0 0.460938 0.017188 0.028125 0.028125
0 0.868750 0.590625 0.031250 0.031250
0 0.884375 0.662500 0.031250 0.031250
0 0.909375 0.056250 0.025000 0.025000
0 0.732812 0.032813 0.028125 0.028125
0 0.376563 0.804688 0.028125 0.028125
0 0.668750 0.028125 0.031250 0.031250
0 0.485938 0.164062 0.028125 0.028125
0 0.935937 0.735938 0.028125 0.028125
0 0.951562 0.676562 0.028125 0.028125
0 0.289062 0.620313 0.028125 0.028125
0 0.279687 0.014063 0.028125 0.028125
0 0.956250 0.643750 0.025000 0.025000
0 0.981250 0.182812 0.031250 0.028125
0 0.965625 0.931250 0.031250 0.031250
0 0.968750 0.720313 0.031250 0.028125
0 0.398438 0.017188 0.028125 0.028125
0 0.881250 0.693750 0.031250 0.031250
0 0.637500 0.015625 0.031250 0.031250
0 0.979688 0.593750 0.028125 0.031250
0 0.943750 0.012500 0.025000 0.025000
0 0.981250 0.782813 0.031250 0.028125
0 0.979688 0.406250 0.034375 0.031250
0 0.378125 0.976562 0.031250 0.028125
0 0.404687 0.754687 0.028125 0.028125
0 0.981250 0.371875 0.025000 0.025000
0 0.575000 0.012500 0.025000 0.025000
