0 0.803125 0.775000 0.037500 0.037500
0 0.817187 0.204687 0.028125 0.028125
0 0.589063 0.154688 0.028125 0.028125
0 0.895312 0.045312 0.028125 0.028125
0 0.357812 0.290625 0.028125 0.031250
0 0.739062 0.110937 0.028125 0.028125
0 0.929688 0.251563 0.028125 0.028125
0 0.826562 0.139063 0.028125 0.028125
0 0.773438 0.060937 0.028125 0.028125
0 0.828125 0.923438 0.031250 0.028125
0 0.676562 0.173437 0.028125 0.028125
0 0.651563 0.085938 0.028125 0.028125
0 0.848437 0.192188 0.028125 0.028125
0 0.742188 0.076563 0.028125 0.028125
0 0.893750 0.295312 0.025000 0.028125
0 0.951562 0.087500 0.028125 0.025000
0 0.648438 0.189062 0.028125 0.028125
0 0.857812 0.123438 0.028125 0.028125
0 0.679688 0.139063 0.028125 0.028125
0 0.898438 0.264062 0.028125 0.028125
0 0.295312 0.054688 0.028125 0.028125
0 0.707812 0.157812 0.028125 0.028125
0 0.973437 0.139063 0.028125 0.028125
0 0.882812 0.564063 0.028125 0.028125
0 0.653125 0.962500 0.025000 0.025000
0 0.384375 0.040625 0.031250 0.031250
0 0.473438 0.123438 0.028125 0.028125
0 0.707812 0.123438 0.028125 0.028125
0 0.654687 0.929688 0.028125 0.028125
0 0.301563 0.900000 0.028125 0.031250
0 0.621875 0.070312 0.025000 0.028125
0 0.448437 0.879687 0.028125 0.028125
0 0.292187 0.123438 0.028125 0.028125
0 0.623437 0.101562 0.028125 0.028125
0 0.857812 0.439063 0.028125 0.028125
0 0.795312 0.150000 0.028125 0.025000
0 0.442188 0.170313 0.028125 0.028125
0 0.939063 0.185938 0.028125 0.028125
0 0.804688 0.273438 0.028125 0.028125
0 0.323437 0.070312 0.028125 0.028125
0 0.907813 0.198437 0.028125 0.028125
0 0.354687 0.254688 0.028125 0.028125
0 0.887500 0.454688 0.025000 0.028125
0 0.710938 0.056250 0.028125 0.031250
0 0.742188 0.842187 0.028125 0.028125
0 0.384375 0.107813 0.025000 0.028125
0 0.932813 0.217188 0.028125 0.028125
0 0.784375 0.220312 0.031250 0.028125
0 0.414062 0.189062 0.028125 0.028125
0 0.892188 0.079687 0.028125 0.028125
0 0.770312 0.096875 0.028125 0.031250
0 0.471875 0.185938 0.031250 0.028125
0 0.651563 0.489063 0.028125 0.028125
0 0.323437 0.039062 0.028125 0.028125
0 0.623437 0.540625 0.028125 0.025000
0 0.301563 0.831250 0.028125 0.031250
0 0.351562 0.123438 0.028125 0.028125
0 0.621875 0.407813 0.025000 0.028125
0 0.835938 0.290625 0.028125 0.025000
0 0.385937 0.273438 0.028125 0.028125
0 0.871875 0.243750 0.025000 0.025000
0 0.504687 0.373437 0.028125 0.028125
0 0.710938 0.092188 0.028125 0.028125
0 0.301563 0.765625 0.028125 0.031250
0 0.942187 0.154688 0.028125 0.028125
0 0.592187 0.087500 0.028125 0.025000
0 0.770312 0.826562 0.028125 0.028125
0 0.448437 0.779687 0.028125 0.028125
0 0.420312 0.526563 0.028125 0.028125
0 0.742188 0.810937 0.028125 0.028125
0 0.967187 0.173437 0.028125 0.028125
0 0.654687 0.826562 0.028125 0.028125
0 0.420312 0.492188 0.028125 0.028125
0 0.301563 0.867188 0.028125 0.028125
0 0.301563 0.629687 0.028125 0.028125
0 0.331250 0.882812 0.031250 0.028125
0 0.682813 0.039062 0.028125 0.028125
0 0.823438 0.170313 0.028125 0.028125
0 0.710938 0.826562 0.028125 0.028125
0 0.560937 0.342187 0.028125 0.028125
0 0.478125 0.795312 0.025000 0.028125
0 0.804688 0.050000 0.028125 0.031250
0 0.560937 0.204687 0.028125 0.028125
0 0.864062 0.057813 0.028125 0.028125
0 0.448437 0.812500 0.028125 0.025000
0 0.901563 0.229687 0.028125 0.028125
0 0.653125 0.860938 0.025000 0.028125
0 0.323437 0.170313 0.028125 0.028125
0 0.684375 0.775000 0.025000 0.025000
0 0.714063 0.623437 0.028125 0.028125
0 0.623437 0.440625 0.028125 0.025000
0 0.501563 0.204687 0.028125 0.028125
0 0.618750 0.170313 0.025000 0.028125
0 0.326562 0.239063 0.028125 0.028125
0 0.742188 0.876563 0.028125 0.028125
0 0.623437 0.914062 0.028125 0.028125
0 0.770312 0.385937 0.028125 0.028125
0 0.714063 0.757812 0.028125 0.028125
0 0.389062 0.407813 0.028125 0.028125
0 0.535937 0.626563 0.028125 0.028125
0 0.620313 0.139063 0.028125 0.028125
0 0.854688 0.157812 0.028125 0.028125
0 0.473438 0.392188 0.028125 0.028125
0 0.389062 0.509375 0.028125 0.031250
0 0.770312 0.451562 0.028125 0.028125
0 0.354687 0.189062 0.028125 0.028125
0 0.770312 0.489063 0.028125 0.028125
0 0.448437 0.915625 0.028125 0.025000
0 0.448437 0.576562 0.028125 0.028125
0 0.478125 0.560937 0.025000 0.028125
0 0.710938 0.420312 0.028125 0.028125
0 0.954688 0.054688 0.028125 0.028125
0 0.918750 0.571875 0.031250 0.031250
0 0.739062 0.909375 0.028125 0.025000
0 0.926562 0.284375 0.028125 0.031250
0 0.268750 0.342187 0.031250 0.028125
0 0.560937 0.307812 0.028125 0.028125
0 0.354687 0.023438 0.028125 0.028125
0 0.710938 0.456250 0.028125 0.031250
0 0.773438 0.689063 0.028125 0.028125
0 0.801562 0.504687 0.028125 0.028125
0 0.904687 0.673438 0.028125 0.028125
0 0.326562 0.206250 0.028125 0.031250
0 0.679688 0.104688 0.028125 0.028125
0 0.942187 0.754687 0.028125 0.028125
0 0.653125 0.523438 0.025000 0.028125
0 0.321875 0.139063 0.025000 0.028125
0 0.385937 0.342187 0.028125 0.028125
0 0.654687 0.623437 0.028125 0.028125
0 0.529687 0.220312 0.028125 0.028125
0 0.414062 0.154688 0.028125 0.028125
0 0.295312 0.154688 0.028125 0.028125
0 0.714063 0.723437 0.028125 0.028125
0 0.595313 0.592187 0.028125 0.028125
0 0.946875 0.120313 0.031250 0.028125
0 0.326562 0.275000 0.028125 0.031250
0 0.684375 0.640625 0.025000 0.025000
0 0.298438 0.326562 0.028125 0.028125
0 0.914062 0.132812 0.028125 0.028125
0 0.385937 0.239063 0.028125 0.028125
0 0.560937 0.237500 0.028125 0.025000
0 0.739062 0.439063 0.028125 0.028125
0 0.331250 0.848437 0.031250 0.028125
0 0.620313 0.373437 0.028125 0.028125
0 0.448437 0.676562 0.028125 0.028125
0 0.389062 0.373437 0.028125 0.028125
0 0.301563 0.798438 0.028125 0.028125
0 0.707812 0.354687 0.028125 0.028125
0 0.329688 0.442188 0.028125 0.028125
0 0.876563 0.210938 0.028125 0.028125
0 0.685937 0.910937 0.028125 0.028125
0 0.420312 0.795312 0.028125 0.028125
0 0.264062 0.071875 0.028125 0.031250
0 0.295312 0.089063 0.028125 0.028125
0 0.504687 0.342187 0.028125 0.028125
0 0.712500 0.892188 0.025000 0.028125
0 0.473438 0.089063 0.028125 0.028125
0 0.654687 0.792188 0.028125 0.028125
0 0.742188 0.639062 0.028125 0.028125
0 0.448437 0.542188 0.028125 0.028125
0 0.417187 0.426563 0.028125 0.028125
0 0.300000 0.560937 0.031250 0.028125
0 0.592187 0.120313 0.028125 0.028125
0 0.476562 0.425000 0.028125 0.031250
0 0.798438 0.373437 0.028125 0.028125
0 0.448437 0.509375 0.028125 0.025000
0 0.653125 0.556250 0.025000 0.025000
0 0.867188 0.276562 0.028125 0.028125
0 0.560937 0.170313 0.028125 0.028125
0 0.589063 0.323437 0.028125 0.028125
0 0.864062 0.810937 0.028125 0.028125
0 0.535937 0.795312 0.028125 0.028125
0 0.710938 0.321875 0.028125 0.025000
0 0.268750 0.376563 0.031250 0.028125
0 0.354687 0.221875 0.028125 0.031250
0 0.560937 0.101562 0.028125 0.028125
0 0.714063 0.656250 0.028125 0.025000
0 0.687500 0.706250 0.025000 0.025000
0 0.826562 0.357812 0.028125 0.028125
0 0.300000 0.660937 0.031250 0.028125
0 0.420312 0.560937 0.028125 0.028125
0 0.623437 0.842187 0.028125 0.028125
0 0.567187 0.914062 0.028125 0.028125
0 0.567187 0.576562 0.028125 0.028125
0 0.567187 0.607812 0.028125 0.028125
0 0.323437 0.107813 0.028125 0.028125
0 0.743750 0.045312 0.031250 0.028125
0 0.301563 0.935937 0.028125 0.028125
0 0.867188 0.025000 0.028125 0.031250
0 0.567187 0.676562 0.028125 0.028125
0 0.617188 0.237500 0.028125 0.031250
0 0.445312 0.206250 0.028125 0.031250
0 0.712500 0.589063 0.025000 0.028125
0 0.300000 0.492188 0.025000 0.028125
0 0.534375 0.425000 0.031250 0.031250
0 0.535937 0.592187 0.028125 0.028125
0 0.417187 0.457813 0.028125 0.028125
0 0.418750 0.728125 0.025000 0.025000
0 0.442188 0.139063 0.028125 0.028125
0 0.910937 0.768750 0.028125 0.025000
0 0.420312 0.592187 0.028125 0.028125
0 0.448437 0.710938 0.028125 0.028125
0 0.420312 0.898438 0.028125 0.028125
0 0.414062 0.323437 0.028125 0.028125
0 0.535937 0.931250 0.028125 0.031250
0 0.417187 0.695312 0.028125 0.028125
0 0.301563 0.595313 0.028125 0.028125
0 0.300000 0.426563 0.031250 0.028125
0 0.804688 0.306250 0.028125 0.025000
0 0.801562 0.470313 0.028125 0.028125
0 0.503125 0.407813 0.031250 0.028125
0 0.382812 0.073438 0.028125 0.028125
0 0.535937 0.895312 0.028125 0.028125
0 0.770312 0.420312 0.028125 0.028125
0 0.357812 0.425000 0.028125 0.031250
0 0.739062 0.404687 0.028125 0.028125
0 0.654687 0.657813 0.028125 0.028125
0 0.887500 0.487500 0.025000 0.025000
0 0.501563 0.139063 0.028125 0.028125
0 0.354687 0.056250 0.028125 0.025000
0 0.862500 0.307812 0.025000 0.028125
0 0.829688 0.454688 0.028125 0.028125
0 0.501563 0.170313 0.028125 0.028125
0 0.889062 0.420312 0.028125 0.028125
0 0.535937 0.457813 0.028125 0.028125
0 0.353125 0.089063 0.025000 0.028125
0 0.360938 0.831250 0.028125 0.031250
0 0.415625 0.223438 0.031250 0.028125
0 0.910937 0.165625 0.028125 0.025000
0 0.507812 0.879687 0.028125 0.028125
0 0.507812 0.776563 0.028125 0.028125
0 0.473438 0.357812 0.028125 0.028125
0 0.589063 0.189062 0.028125 0.028125
0 0.835938 0.070312 0.028125 0.028125
0 0.712500 0.857812 0.025000 0.028125
0 0.676562 0.207813 0.028125 0.028125
0 0.770312 0.793750 0.028125 0.031250
0 0.473438 0.257812 0.028125 0.028125
0 0.645312 0.223438 0.028125 0.028125
0 0.479687 0.931250 0.028125 0.025000
0 0.887500 0.962500 0.025000 0.025000
0 0.801562 0.704688 0.028125 0.028125
0 0.360938 0.864062 0.028125 0.028125
0 0.445312 0.040625 0.028125 0.031250
0 0.946875 0.454688 0.025000 0.028125
0 0.389062 0.442188 0.028125 0.028125
0 0.889062 0.110937 0.028125 0.028125
0 0.773438 0.620313 0.028125 0.028125
0 0.539062 0.660937 0.028125 0.028125
0 0.329688 0.509375 0.028125 0.031250
0 0.442188 0.107813 0.028125 0.028125
0 0.651563 0.456250 0.028125 0.025000
0 0.717187 0.023438 0.028125 0.028125
0 0.445312 0.342187 0.028125 0.028125
0 0.560937 0.376563 0.028125 0.028125
0 0.857812 0.407813 0.028125 0.028125
0 0.682813 0.573438 0.028125 0.028125
0 0.529687 0.154688 0.028125 0.028125
0 0.507812 0.542188 0.028125 0.028125
0 0.968750 0.396875 0.031250 0.031250
0 0.560937 0.135937 0.028125 0.028125
0 0.417187 0.357812 0.028125 0.028125
0 0.703125 0.225000 0.031250 0.031250
0 0.653125 0.589063 0.025000 0.028125
0 0.384375 0.139063 0.025000 0.028125
0 0.507812 0.810937 0.028125 0.028125
0 0.682813 0.842187 0.028125 0.028125
0 0.535937 0.864062 0.028125 0.028125
0 0.442188 0.073438 0.028125 0.028125
0 0.420312 0.862500 0.028125 0.025000
0 0.478125 0.898438 0.031250 0.028125
0 0.589063 0.220312 0.028125 0.028125
0 0.301563 0.695312 0.028125 0.028125
0 0.270313 0.578125 0.028125 0.031250
0 0.648438 0.154688 0.028125 0.028125
0 0.618750 0.204687 0.025000 0.028125
0 0.384375 0.206250 0.031250 0.031250
0 0.414062 0.123438 0.028125 0.028125
0 0.768750 0.129688 0.025000 0.028125
0 0.567187 0.845313 0.028125 0.028125
0 0.648438 0.123438 0.028125 0.028125
0 0.565625 0.707812 0.025000 0.028125
0 0.301563 0.392188 0.028125 0.028125
0 0.918750 0.503125 0.025000 0.025000
0 0.792188 0.181250 0.028125 0.025000
0 0.567187 0.642188 0.028125 0.028125
0 0.832812 0.104688 0.028125 0.028125
0 0.507812 0.742188 0.028125 0.028125
0 0.298438 0.357812 0.028125 0.028125
0 0.742188 0.707812 0.028125 0.028125
0 0.504687 0.304688 0.028125 0.028125
0 0.326562 0.307812 0.028125 0.028125
0 0.739062 0.145313 0.028125 0.028125
0 0.507812 0.845313 0.028125 0.028125
0 0.476562 0.290625 0.028125 0.031250
0 0.535937 0.726562 0.028125 0.028125
0 0.710938 0.960938 0.028125 0.028125
0 0.842187 0.223438 0.028125 0.028125
0 0.895312 0.795312 0.028125 0.028125
0 0.331250 0.814063 0.031250 0.028125
0 0.684375 0.739062 0.025000 0.028125
0 0.593750 0.054688 0.025000 0.028125
0 0.868750 0.653125 0.031250 0.031250
0 0.478125 0.592187 0.025000 0.028125
0 0.420312 0.660937 0.028125 0.028125
0 0.473438 0.323437 0.028125 0.028125
0 0.329688 0.545312 0.028125 0.028125
0 0.268750 0.310937 0.031250 0.028125
0 0.270313 0.610938 0.028125 0.028125
0 0.812500 0.237500 0.031250 0.031250
0 0.592187 0.457813 0.028125 0.028125
0 0.598437 0.692187 0.028125 0.028125
0 0.681250 0.439063 0.025000 0.028125
0 0.829688 0.389062 0.028125 0.028125
0 0.567187 0.879687 0.028125 0.028125
0 0.682813 0.945312 0.028125 0.028125
0 0.271875 0.781250 0.031250 0.031250
0 0.354687 0.154688 0.028125 0.028125
0 0.529687 0.189062 0.028125 0.028125
0 0.504687 0.239063 0.028125 0.028125
0 0.764062 0.195312 0.028125 0.028125
0 0.859375 0.978125 0.025000 0.025000
0 0.385937 0.307812 0.028125 0.028125
0 0.773438 0.654687 0.028125 0.028125
0 0.679688 0.304688 0.028125 0.028125
0 0.507812 0.607812 0.028125 0.028125
0 0.779687 0.029687 0.028125 0.028125
0 0.446875 0.442188 0.031250 0.028125
0 0.264062 0.173437 0.028125 0.028125
0 0.831250 0.857812 0.031250 0.028125
0 0.476562 0.864062 0.028125 0.028125
0 0.264062 0.139063 0.028125 0.028125
0 0.684375 0.807813 0.025000 0.028125
0 0.329688 0.407813 0.028125 0.028125
0 0.654687 0.893750 0.028125 0.025000
0 0.364063 0.898438 0.028125 0.028125
0 0.298438 0.292187 0.028125 0.028125
0 0.270313 0.679688 0.028125 0.028125
0 0.565625 0.946875 0.025000 0.025000
0 0.295312 0.257812 0.028125 0.028125
0 0.535937 0.829688 0.028125 0.028125
0 0.739062 0.373437 0.028125 0.028125
0 0.654687 0.690625 0.028125 0.025000
0 0.478125 0.760938 0.025000 0.028125
0 0.592187 0.426563 0.028125 0.028125
0 0.273438 0.917188 0.028125 0.028125
0 0.770312 0.860938 0.028125 0.028125
0 0.710938 0.929688 0.028125 0.028125
0 0.917188 0.470313 0.028125 0.028125
0 0.301563 0.729688 0.028125 0.028125
0 0.332813 0.712500 0.028125 0.031250
0 0.414062 0.089063 0.028125 0.028125
0 0.889062 0.860938 0.028125 0.028125
0 0.589063 0.357812 0.028125 0.028125
0 0.682813 0.606250 0.028125 0.025000
0 0.835938 0.039062 0.028125 0.028125
0 0.595313 0.623437 0.028125 0.028125
0 0.295312 0.189062 0.028125 0.028125
0 0.389062 0.476562 0.028125 0.028125
0 0.420312 0.829688 0.028125 0.028125
0 0.448437 0.845313 0.028125 0.028125
0 0.679688 0.473438 0.028125 0.028125
0 0.501563 0.107813 0.028125 0.028125
0 0.935937 0.789062 0.028125 0.028125
0 0.950000 0.959375 0.031250 0.031250
0 0.535937 0.492188 0.028125 0.028125
0 0.679688 0.070312 0.028125 0.028125
0 0.445312 0.273438 0.028125 0.028125
0 0.864062 0.092188 0.028125 0.028125
0 0.270313 0.712500 0.028125 0.031250
0 0.301563 0.526563 0.028125 0.028125
0 0.682813 0.540625 0.028125 0.025000
0 0.267188 0.276562 0.028125 0.028125
0 0.301563 0.460938 0.028125 0.028125
0 0.742188 0.604688 0.028125 0.028125
0 0.621875 0.473438 0.025000 0.028125
0 0.951562 0.306250 0.028125 0.025000
0 0.529687 0.290625 0.028125 0.031250
0 0.907813 0.642188 0.028125 0.028125
0 0.332813 0.917188 0.028125 0.028125
0 0.503125 0.040625 0.025000 0.025000
0 0.653125 0.054688 0.025000 0.028125
0 0.532813 0.392188 0.028125 0.028125
0 0.623437 0.810937 0.028125 0.028125
0 0.529687 0.254688 0.028125 0.028125
0 0.535937 0.759375 0.028125 0.025000
0 0.801562 0.670312 0.028125 0.028125
0 0.448437 0.476562 0.028125 0.028125
0 0.587500 0.254688 0.025000 0.028125
0 0.860938 0.842187 0.028125 0.028125
0 0.271875 0.884375 0.031250 0.031250
0 0.448437 0.948438 0.028125 0.028125
0 0.742188 0.471875 0.028125 0.031250
0 0.707812 0.389062 0.028125 0.028125
0 0.473438 0.223438 0.028125 0.028125
0 0.976562 0.107813 0.028125 0.028125
0 0.446875 0.304688 0.025000 0.028125
0 0.917188 0.435937 0.028125 0.028125
0 0.651563 0.423438 0.028125 0.028125
0 0.565625 0.743750 0.025000 0.025000
0 0.592187 0.392188 0.028125 0.028125
0 0.623437 0.576562 0.028125 0.028125
0 0.857812 0.539062 0.028125 0.028125
0 0.770312 0.892188 0.028125 0.028125
0 0.857812 0.342187 0.028125 0.028125
0 0.857812 0.473438 0.028125 0.028125
0 0.860938 0.910937 0.028125 0.028125
0 0.473438 0.056250 0.028125 0.025000
0 0.478125 0.829688 0.025000 0.028125
0 0.503125 0.273438 0.025000 0.028125
0 0.798438 0.117188 0.028125 0.028125
0 0.329688 0.643750 0.028125 0.031250
0 0.920312 0.098437 0.028125 0.028125
0 0.564063 0.410938 0.028125 0.028125
0 0.534375 0.056250 0.025000 0.025000
0 0.507812 0.643750 0.028125 0.031250
0 0.960938 0.239063 0.028125 0.028125
0 0.389062 0.848437 0.028125 0.028125
0 0.831250 0.889062 0.031250 0.028125
0 0.448437 0.643750 0.028125 0.025000
0 0.839063 0.257812 0.028125 0.028125
0 0.389062 0.610938 0.028125 0.028125
0 0.684375 0.673438 0.025000 0.028125
0 0.625000 0.507812 0.025000 0.028125
0 0.826562 0.420312 0.028125 0.028125
0 0.357812 0.326562 0.028125 0.028125
0 0.710938 0.489063 0.028125 0.028125
0 0.507812 0.576562 0.028125 0.028125
0 0.798438 0.535937 0.028125 0.028125
0 0.945312 0.337500 0.028125 0.031250
0 0.420312 0.626563 0.028125 0.028125
0 0.770312 0.353125 0.028125 0.025000
0 0.384375 0.173437 0.025000 0.028125
0 0.714063 0.689063 0.028125 0.028125
0 0.389062 0.814063 0.028125 0.028125
0 0.270313 0.476562 0.028125 0.028125
0 0.623437 0.946875 0.028125 0.025000
0 0.295312 0.023438 0.028125 0.028125
0 0.535937 0.692187 0.028125 0.028125
0 0.595313 0.895312 0.028125 0.028125
0 0.478125 0.626563 0.025000 0.028125
0 0.357812 0.492188 0.028125 0.028125
0 0.798438 0.435937 0.028125 0.028125
0 0.598437 0.657813 0.028125 0.028125
0 0.829688 0.323437 0.028125 0.028125
0 0.389062 0.576562 0.028125 0.028125
0 0.854688 0.581250 0.028125 0.031250
0 0.420312 0.760938 0.028125 0.028125
0 0.535937 0.560937 0.028125 0.028125
0 0.273438 0.850000 0.028125 0.031250
0 0.478125 0.525000 0.025000 0.025000
0 0.446875 0.373437 0.025000 0.028125
0 0.448437 0.743750 0.028125 0.025000
0 0.681250 0.878125 0.025000 0.025000
0 0.360938 0.660937 0.028125 0.028125
0 0.770312 0.556250 0.028125 0.025000
0 0.654687 0.723437 0.028125 0.028125
0 0.389062 0.545312 0.028125 0.028125
0 0.478125 0.967187 0.025000 0.028125
0 0.623437 0.607812 0.028125 0.028125
0 0.879687 0.179688 0.028125 0.028125
0 0.621875 0.035937 0.025000 0.028125
0 0.948438 0.520312 0.028125 0.028125
0 0.712500 0.789062 0.025000 0.028125
0 0.968750 0.775000 0.031250 0.031250
0 0.329688 0.576562 0.028125 0.028125
0 0.776563 0.254688 0.028125 0.028125
0 0.679688 0.373437 0.028125 0.028125
0 0.831250 0.826562 0.031250 0.028125
0 0.889062 0.326562 0.028125 0.028125
0 0.331250 0.781250 0.031250 0.031250
0 0.265625 0.039062 0.031250 0.028125
0 0.357812 0.526563 0.028125 0.028125
0 0.770312 0.962500 0.028125 0.031250
0 0.417187 0.392188 0.028125 0.028125
0 0.884375 0.750000 0.031250 0.031250
0 0.565625 0.507812 0.025000 0.028125
0 0.532813 0.357812 0.028125 0.028125
0 0.473438 0.154688 0.028125 0.028125
0 0.801562 0.737500 0.028125 0.031250
0 0.389062 0.882812 0.028125 0.028125
0 0.532813 0.089063 0.028125 0.028125
0 0.770312 0.520312 0.028125 0.028125
0 0.595313 0.557813 0.028125 0.028125
0 0.270313 0.814063 0.028125 0.028125
0 0.773438 0.587500 0.028125 0.025000
0 0.945312 0.485938 0.028125 0.028125
0 0.832812 0.523438 0.028125 0.028125
0 0.331250 0.610938 0.031250 0.028125
0 0.539062 0.525000 0.028125 0.025000
0 0.732812 0.175000 0.028125 0.031250
0 0.889062 0.929688 0.028125 0.028125
0 0.445312 0.407813 0.028125 0.028125
0 0.389062 0.645312 0.028125 0.028125
0 0.473438 0.023438 0.028125 0.028125
0 0.564063 0.442188 0.028125 0.028125
0 0.357812 0.392188 0.028125 0.028125
0 0.504687 0.442188 0.028125 0.028125
0 0.917188 0.945312 0.028125 0.028125
0 0.532813 0.326562 0.028125 0.028125
0 0.917188 0.912500 0.028125 0.031250
0 0.882812 0.145313 0.028125 0.028125
0 0.968750 0.362500 0.031250 0.031250
0 0.410938 0.057813 0.028125 0.028125
0 0.389062 0.914062 0.028125 0.028125
0 0.445312 0.239063 0.028125 0.028125
0 0.326562 0.342187 0.028125 0.028125
0 0.623437 0.642188 0.028125 0.028125
0 0.270313 0.445312 0.028125 0.028125
0 0.264062 0.207813 0.028125 0.028125
0 0.712500 0.556250 0.025000 0.025000
0 0.917188 0.406250 0.028125 0.031250
0 0.679688 0.339062 0.028125 0.028125
0 0.420312 0.967187 0.028125 0.028125
0 0.264062 0.104688 0.028125 0.028125
0 0.650000 0.389062 0.025000 0.028125
0 0.710938 0.289062 0.028125 0.028125
0 0.857812 0.373437 0.028125 0.028125
0 0.742188 0.539062 0.028125 0.028125
0 0.626563 0.676562 0.028125 0.028125
0 0.507812 0.710938 0.028125 0.028125
0 0.800000 0.812500 0.031250 0.031250
0 0.681250 0.404687 0.025000 0.028125
0 0.656250 0.757812 0.025000 0.028125
0 0.946875 0.420312 0.031250 0.028125
0 0.682813 0.507812 0.028125 0.028125
0 0.476562 0.695312 0.028125 0.028125
0 0.743750 0.670312 0.025000 0.028125
0 0.801562 0.404687 0.028125 0.028125
0 0.270313 0.545312 0.028125 0.028125
0 0.360938 0.628125 0.028125 0.031250
0 0.564063 0.070312 0.028125 0.028125
0 0.507812 0.676562 0.028125 0.028125
0 0.617188 0.270313 0.028125 0.028125
0 0.832812 0.653125 0.028125 0.031250
0 0.801562 0.635938 0.028125 0.028125
0 0.329688 0.476562 0.028125 0.028125
0 0.357812 0.357812 0.028125 0.028125
0 0.923438 0.067187 0.028125 0.028125
0 0.770312 0.723437 0.028125 0.028125
0 0.712500 0.254688 0.031250 0.028125
0 0.773438 0.320312 0.028125 0.028125
0 0.295312 0.223438 0.028125 0.028125
0 0.743750 0.776563 0.031250 0.028125
0 0.414062 0.257812 0.028125 0.028125
0 0.857812 0.945312 0.028125 0.028125
0 0.800000 0.601562 0.025000 0.028125
0 0.801562 0.845313 0.028125 0.028125
0 0.560937 0.270313 0.028125 0.028125
0 0.478125 0.660937 0.031250 0.028125
0 0.926562 0.035937 0.028125 0.028125
0 0.800000 0.339062 0.025000 0.028125
0 0.704688 0.190625 0.028125 0.031250
0 0.595313 0.860938 0.028125 0.028125
0 0.507812 0.507812 0.028125 0.028125
0 0.273438 0.953125 0.028125 0.031250
0 0.626563 0.710938 0.028125 0.028125
0 0.801562 0.082812 0.028125 0.028125
0 0.623437 0.879687 0.028125 0.028125
0 0.829688 0.489063 0.028125 0.028125
0 0.448437 0.610938 0.028125 0.028125
0 0.478125 0.728125 0.025000 0.025000
0 0.595313 0.726562 0.028125 0.028125
0 0.964063 0.206250 0.028125 0.031250
0 0.737500 0.342187 0.025000 0.028125
0 0.414062 0.025000 0.028125 0.031250
0 0.743750 0.240625 0.031250 0.031250
0 0.564063 0.810937 0.028125 0.028125
0 0.357812 0.460938 0.028125 0.028125
0 0.893750 0.829688 0.025000 0.028125
0 0.770312 0.925000 0.028125 0.031250
0 0.332813 0.748437 0.028125 0.028125
0 0.360938 0.560937 0.028125 0.028125
0 0.420312 0.932813 0.028125 0.028125
0 0.742188 0.571875 0.028125 0.025000
0 0.920312 0.851562 0.028125 0.028125
0 0.329688 0.679688 0.028125 0.028125
0 0.860938 0.878125 0.028125 0.031250
0 0.587500 0.289062 0.025000 0.028125
0 0.732812 0.210938 0.028125 0.028125
0 0.615625 0.340625 0.031250 0.031250
0 0.978125 0.328125 0.031250 0.031250
0 0.764062 0.164062 0.028125 0.028125
0 0.389062 0.712500 0.028125 0.025000
0 0.920312 0.315625 0.028125 0.025000
0 0.595313 0.826562 0.028125 0.028125
0 0.507812 0.914062 0.028125 0.028125
0 0.564063 0.035937 0.028125 0.028125
0 0.415625 0.290625 0.025000 0.025000
0 0.564063 0.476562 0.028125 0.028125
0 0.710938 0.523438 0.028125 0.028125
0 0.917188 0.978125 0.028125 0.025000
0 0.329688 0.376563 0.028125 0.028125
0 0.865625 0.687500 0.031250 0.031250
0 0.389062 0.679688 0.028125 0.028125
0 0.867188 0.776563 0.028125 0.028125
0 0.829688 0.687500 0.028125 0.031250
0 0.743750 0.742188 0.031250 0.028125
0 0.592187 0.492188 0.028125 0.028125
0 0.529687 0.123438 0.028125 0.028125
0 0.564063 0.779687 0.028125 0.028125
0 0.887500 0.385937 0.031250 0.028125
0 0.962500 0.809375 0.031250 0.031250
0 0.626563 0.775000 0.028125 0.025000
0 0.478125 0.492188 0.025000 0.028125
0 0.270313 0.645312 0.028125 0.028125
0 0.617188 0.304688 0.028125 0.028125
0 0.857812 0.504687 0.028125 0.028125
0 0.529687 0.023438 0.028125 0.028125
0 0.360938 0.695312 0.028125 0.028125
0 0.507812 0.476562 0.028125 0.028125
0 0.643750 0.320312 0.025000 0.028125
0 0.360938 0.595313 0.028125 0.028125
0 0.507812 0.948438 0.028125 0.028125
0 0.737500 0.307812 0.025000 0.028125
0 0.270313 0.510938 0.028125 0.028125
0 0.623437 0.742188 0.028125 0.028125
0 0.364063 0.932813 0.028125 0.028125
0 0.595313 0.929688 0.028125 0.028125
0 0.742188 0.978125 0.028125 0.025000
0 0.954688 0.270313 0.028125 0.028125
0 0.648438 0.289062 0.028125 0.028125
0 0.273438 0.748437 0.028125 0.028125
0 0.920312 0.539062 0.028125 0.028125
0 0.929688 0.820312 0.028125 0.028125
0 0.595313 0.792188 0.028125 0.028125
0 0.595313 0.525000 0.028125 0.025000
0 0.650000 0.357812 0.031250 0.028125
0 0.645312 0.254688 0.028125 0.028125
0 0.739062 0.507812 0.028125 0.028125
0 0.682813 0.978125 0.028125 0.025000
0 0.862500 0.721875 0.031250 0.031250
0 0.957812 0.023438 0.028125 0.028125
0 0.953125 0.846875 0.031250 0.031250
0 0.270313 0.410938 0.028125 0.028125
0 0.267188 0.242188 0.028125 0.028125
0 0.673438 0.242188 0.028125 0.028125
0 0.539062 0.964063 0.028125 0.028125
0 0.360938 0.798438 0.028125 0.028125
0 0.595313 0.962500 0.028125 0.025000
0 0.748437 0.014063 0.028125 0.028125
0 0.476562 0.457813 0.028125 0.028125
0 0.800000 0.978125 0.025000 0.025000
0 0.745313 0.276562 0.028125 0.028125
0 0.743750 0.945312 0.031250 0.028125
0 0.810937 0.018750 0.028125 0.031250
0 0.682813 0.273438 0.028125 0.028125
0 0.775000 0.289062 0.025000 0.028125
0 0.770312 0.757812 0.028125 0.028125
0 0.654687 0.020313 0.028125 0.028125
0 0.837500 0.793750 0.031250 0.031250
0 0.596875 0.759375 0.025000 0.025000
0 0.937500 0.603125 0.031250 0.031250
0 0.592187 0.023438 0.028125 0.028125
0 0.837500 0.756250 0.031250 0.031250
0 0.900000 0.015625 0.031250 0.031250
0 0.976562 0.978125 0.028125 0.031250
0 0.887500 0.523438 0.025000 0.028125
0 0.951562 0.712500 0.028125 0.031250
0 0.801562 0.878125 0.028125 0.031250
0 0.501563 0.073438 0.028125 0.028125
0 0.864062 0.612500 0.028125 0.031250
0 0.392188 0.948438 0.028125 0.028125
0 0.800000 0.945312 0.031250 0.028125
0 0.895312 0.710938 0.028125 0.028125
0 0.829688 0.962500 0.028125 0.031250
0 0.565625 0.542188 0.025000 0.028125
0 0.829688 0.721875 0.028125 0.031250
0 0.798438 0.570312 0.028125 0.028125
0 0.889062 0.893750 0.028125 0.031250
0 0.971875 0.671875 0.031250 0.031250
0 0.389062 0.779687 0.028125 0.028125
0 0.301563 0.970313 0.028125 0.028125
0 0.937500 0.881250 0.031250 0.031250
0 0.920312 0.726562 0.028125 0.028125
0 0.912500 0.350000 0.031250 0.031250
0 0.625000 0.981250 0.025000 0.025000
0 0.982812 0.076563 0.028125 0.028125
0 0.896875 0.609375 0.031250 0.031250
0 0.973437 0.739062 0.028125 0.028125
0 0.832812 0.554688 0.028125 0.028125
0 0.939063 0.668750 0.028125 0.025000
0 0.954688 0.551562 0.028125 0.028125
0 0.829688 0.617188 0.028125 0.028125
0 0.965625 0.584375 0.031250 0.031250
0 0.950000 0.923438 0.031250 0.034375
0 0.940625 0.635938 0.025000 0.028125
0 0.981250 0.292187 0.031250 0.028125
0 0.937500 0.375000 0.031250 0.031250
0 0.978125 0.428125 0.031250 0.031250
0 0.970313 0.881250 0.034375 0.031250
0 0.979688 0.943750 0.028125 0.031250
0 0.971875 0.640625 0.031250 0.031250
0 0.978125 0.475000 0.031250 0.031250
0 0.568750 0.979688 0.025000 0.028125
