0 0.128125 0.842187 0.031250 0.028125
0 0.684375 0.471875 0.031250 0.031250
0 0.564063 0.464062 0.028125 0.028125
0 0.664062 0.534375 0.028125 0.031250
0 0.059375 0.148438 0.031250 0.028125
0 0.651563 0.565625 0.028125 0.031250
0 0.173437 0.804688 0.028125 0.028125
0 0.342187 0.087500 0.028125 0.031250
0 0.565625 0.551562 0.031250 0.028125
0 0.106250 0.343750 0.031250 0.031250
0 0.567187 0.639062 0.028125 0.028125
0 0.598437 0.282813 0.028125 0.028125
0 0.118750 0.171875 0.031250 0.031250
0 0.100000 0.056250 0.031250 0.031250
0 0.356250 0.203125 0.031250 0.031250
0 0.642188 0.243750 0.028125 0.031250
0 0.501563 0.298438 0.028125 0.028125
0 0.610938 0.251563 0.028125 0.028125
0 0.717187 0.376563 0.028125 0.028125
0 0.693750 0.440625 0.031250 0.031250
0 0.489063 0.329688 0.028125 0.028125
0 0.257812 0.446875 0.028125 0.031250
0 0.706250 0.495312 0.031250 0.028125
0 0.620313 0.660937 0.028125 0.028125
0 0.323437 0.060937 0.028125 0.028125
0 0.770312 0.045312 0.028125 0.028125
0 0.192188 0.364063 0.028125 0.028125
0 0.625000 0.720313 0.031250 0.028125
0 0.139063 0.195312 0.028125 0.028125
0 0.737500 0.048438 0.031250 0.028125
0 0.656250 0.212500 0.031250 0.031250
0 0.160938 0.835938 0.028125 0.028125
0 0.675000 0.590625 0.031250 0.031250
0 0.132812 0.142187 0.028125 0.028125
0 0.707812 0.407813 0.028125 0.028125
0 0.535937 0.204687 0.028125 0.028125
0 0.035937 0.290625 0.028125 0.031250
0 0.265625 0.126562 0.031250 0.028125
0 0.673438 0.503125 0.028125 0.031250
0 0.520312 0.501563 0.028125 0.028125
0 0.720313 0.195312 0.028125 0.028125
0 0.596875 0.545312 0.031250 0.028125
0 0.706250 0.106250 0.031250 0.031250
0 0.642188 0.509375 0.028125 0.031250
0 0.468750 0.157812 0.031250 0.028125
0 0.112500 0.546875 0.031250 0.031250
0 0.675000 0.237500 0.031250 0.031250
0 0.075000 0.176563 0.031250 0.028125
0 0.139063 0.810937 0.028125 0.028125
0 0.246875 0.387500 0.031250 0.031250
0 0.754687 0.078125 0.028125 0.031250
0 0.421875 0.192188 0.031250 0.028125
0 0.309375 0.090625 0.031250 0.031250
0 0.059375 0.090625 0.031250 0.031250
0 0.139063 0.054688 0.028125 0.028125
0 0.726562 0.256250 0.028125 0.031250
0 0.145313 0.110937 0.028125 0.028125
0 0.607812 0.604688 0.028125 0.028125
0 0.604688 0.054688 0.028125 0.028125
0 0.785937 0.134375 0.028125 0.031250
0 0.629687 0.451562 0.028125 0.028125
0 0.081250 0.225000 0.031250 0.031250
0 0.101562 0.198437 0.028125 0.028125
0 0.460938 0.098437 0.028125 0.028125
0 0.720313 0.135937 0.028125 0.028125
0 0.609375 0.428125 0.031250 0.031250
0 0.242188 0.790625 0.028125 0.031250
0 0.064062 0.753125 0.028125 0.031250
0 0.156250 0.309375 0.031250 0.031250
0 0.651563 0.476562 0.028125 0.028125
0 0.064062 0.865625 0.028125 0.031250
0 0.673438 0.414062 0.028125 0.028125
0 0.714063 0.831250 0.028125 0.031250
0 0.520312 0.414062 0.028125 0.028125
0 0.689063 0.079687 0.028125 0.028125
0 0.357812 0.056250 0.028125 0.031250
0 0.228125 0.648438 0.031250 0.028125
0 0.407813 0.076563 0.028125 0.028125
0 0.151562 0.690625 0.028125 0.031250
0 0.139063 0.721875 0.028125 0.031250
0 0.750000 0.459375 0.031250 0.031250
0 0.403125 0.314063 0.031250 0.028125
0 0.298438 0.123438 0.028125 0.028125
0 0.184375 0.684375 0.031250 0.031250
0 0.070312 0.289062 0.028125 0.028125
0 0.420312 0.046875 0.028125 0.031250
0 0.179688 0.106250 0.028125 0.031250
0 0.326562 0.351562 0.028125 0.028125
0 0.575000 0.520312 0.031250 0.028125
0 0.392188 0.526563 0.028125 0.028125
0 0.576562 0.257812 0.028125 0.028125
0 0.079687 0.118750 0.028125 0.031250
0 0.218750 0.159375 0.031250 0.031250
0 0.278125 0.095312 0.031250 0.028125
0 0.773438 0.221875 0.028125 0.031250
0 0.217188 0.767188 0.028125 0.028125
0 0.207813 0.798438 0.028125 0.028125
0 0.376563 0.229687 0.028125 0.028125
0 0.409375 0.223438 0.031250 0.028125
0 0.585938 0.664062 0.028125 0.028125
0 0.220312 0.592187 0.028125 0.028125
0 0.576562 0.114062 0.028125 0.028125
0 0.239063 0.184375 0.028125 0.031250
0 0.075000 0.828125 0.031250 0.031250
0 0.670312 0.051562 0.028125 0.028125
0 0.607812 0.335938 0.028125 0.028125
0 0.728125 0.432812 0.031250 0.028125
0 0.554688 0.584375 0.028125 0.031250
0 0.673438 0.107813 0.028125 0.028125
0 0.526563 0.092188 0.028125 0.028125
0 0.248438 0.242188 0.028125 0.028125
0 0.467187 0.304688 0.028125 0.028125
0 0.585938 0.489063 0.028125 0.028125
0 0.192188 0.076563 0.028125 0.028125
0 0.514062 0.267188 0.028125 0.028125
0 0.326562 0.629687 0.028125 0.028125
0 0.168750 0.281250 0.031250 0.031250
0 0.642188 0.332813 0.028125 0.028125
0 0.173437 0.192188 0.028125 0.028125
0 0.173437 0.717187 0.028125 0.028125
0 0.389062 0.439063 0.028125 0.028125
0 0.257812 0.498437 0.028125 0.028125
0 0.629687 0.629687 0.028125 0.028125
0 0.704688 0.050000 0.028125 0.031250
0 0.570312 0.057813 0.028125 0.028125
0 0.185938 0.164062 0.028125 0.028125
0 0.739062 0.223438 0.028125 0.028125
0 0.770312 0.164062 0.028125 0.028125
0 0.229687 0.820312 0.028125 0.028125
0 0.264062 0.817187 0.028125 0.028125
0 0.029687 0.879687 0.028125 0.028125
0 0.192188 0.220312 0.028125 0.028125
0 0.754687 0.132812 0.028125 0.028125
0 0.445312 0.367188 0.028125 0.028125
0 0.087500 0.792188 0.031250 0.028125
0 0.410938 0.462500 0.028125 0.031250
0 0.151562 0.868750 0.028125 0.025000
0 0.629687 0.540625 0.028125 0.031250
0 0.351562 0.143750 0.028125 0.031250
0 0.117188 0.785937 0.028125 0.028125
0 0.348438 0.565625 0.028125 0.031250
0 0.656250 0.081250 0.031250 0.031250
0 0.304688 0.179688 0.028125 0.028125
0 0.632812 0.275000 0.028125 0.031250
0 0.239063 0.617188 0.028125 0.028125
0 0.126562 0.370312 0.028125 0.028125
0 0.498437 0.476562 0.028125 0.028125
0 0.195312 0.742188 0.028125 0.028125
0 0.770312 0.104688 0.028125 0.028125
0 0.317188 0.571875 0.028125 0.031250
0 0.587500 0.576562 0.031250 0.028125
0 0.251563 0.673438 0.028125 0.028125
0 0.437500 0.309375 0.031250 0.031250
0 0.201563 0.276562 0.028125 0.028125
0 0.498437 0.564063 0.028125 0.028125
0 0.232813 0.420312 0.028125 0.028125
0 0.184375 0.773438 0.031250 0.028125
0 0.739062 0.492188 0.028125 0.028125
0 0.106250 0.728125 0.031250 0.031250
0 0.318750 0.292187 0.031250 0.028125
0 0.032813 0.585938 0.028125 0.028125
0 0.781250 0.362500 0.031250 0.031250
0 0.179688 0.395313 0.028125 0.028125
0 0.456250 0.692187 0.031250 0.028125
0 0.653125 0.656250 0.031250 0.031250
0 0.489063 0.182812 0.028125 0.028125
0 0.492188 0.242188 0.028125 0.028125
0 0.523438 0.235937 0.028125 0.028125
0 0.129688 0.426563 0.028125 0.028125
0 0.379688 0.470313 0.028125 0.028125
0 0.435937 0.576562 0.028125 0.028125
0 0.609375 0.187500 0.031250 0.031250
0 0.157812 0.079687 0.028125 0.028125
0 0.039062 0.173437 0.028125 0.028125
0 0.237500 0.471875 0.031250 0.031250
0 0.360938 0.623437 0.028125 0.028125
0 0.226562 0.215625 0.028125 0.031250
0 0.425000 0.342187 0.031250 0.028125
0 0.532813 0.557813 0.028125 0.028125
0 0.445312 0.456250 0.028125 0.031250
0 0.476562 0.450000 0.028125 0.031250
0 0.695312 0.351562 0.028125 0.028125
0 0.085938 0.692187 0.028125 0.028125
0 0.395313 0.107813 0.028125 0.028125
0 0.487500 0.420312 0.031250 0.028125
0 0.093750 0.371875 0.031250 0.031250
0 0.335938 0.509375 0.028125 0.031250
0 0.576562 0.432812 0.028125 0.028125
0 0.092188 0.148438 0.028125 0.028125
0 0.023438 0.320312 0.028125 0.028125
0 0.303125 0.501563 0.031250 0.028125
0 0.385937 0.851562 0.028125 0.028125
0 0.592187 0.085938 0.028125 0.028125
0 0.039062 0.496875 0.028125 0.031250
0 0.042188 0.118750 0.028125 0.031250
0 0.445312 0.129688 0.028125 0.028125
0 0.279687 0.384375 0.028125 0.025000
0 0.621875 0.218750 0.031250 0.031250
0 0.129688 0.665625 0.028125 0.031250
0 0.792188 0.329688 0.028125 0.028125
0 0.706250 0.226562 0.031250 0.028125
0 0.259375 0.212500 0.025000 0.025000
0 0.454688 0.185938 0.028125 0.028125
0 0.620313 0.395313 0.028125 0.028125
0 0.532813 0.648438 0.028125 0.028125
0 0.529687 0.148438 0.028125 0.028125
0 0.721875 0.076563 0.031250 0.028125
0 0.609375 0.112500 0.031250 0.031250
0 0.198437 0.132812 0.028125 0.028125
0 0.478125 0.360938 0.031250 0.028125
0 0.656250 0.142187 0.031250 0.034375
0 0.617188 0.570312 0.028125 0.028125
0 0.396875 0.256250 0.031250 0.031250
0 0.701562 0.929688 0.028125 0.028125
0 0.112500 0.114062 0.031250 0.028125
0 0.760938 0.425000 0.028125 0.031250
0 0.726562 0.345313 0.028125 0.028125
0 0.273438 0.179688 0.028125 0.028125
0 0.685937 0.382812 0.028125 0.028125
0 0.642188 0.420312 0.028125 0.028125
0 0.023438 0.529687 0.028125 0.028125
0 0.479687 0.126562 0.028125 0.028125
0 0.164062 0.659375 0.028125 0.031250
0 0.639062 0.054688 0.028125 0.028125
0 0.379688 0.648438 0.028125 0.028125
0 0.315625 0.748437 0.031250 0.028125
0 0.317188 0.148438 0.028125 0.028125
0 0.760938 0.337500 0.028125 0.031250
0 0.457813 0.514062 0.028125 0.028125
0 0.401562 0.164062 0.028125 0.028125
0 0.045312 0.060937 0.028125 0.028125
0 0.153125 0.601562 0.031250 0.028125
0 0.046875 0.412500 0.031250 0.031250
0 0.245312 0.098437 0.028125 0.028125
0 0.651563 0.389062 0.028125 0.028125
0 0.073438 0.345313 0.028125 0.028125
0 0.664062 0.356250 0.028125 0.031250
0 0.054688 0.898438 0.028125 0.028125
0 0.642188 0.596875 0.028125 0.031250
0 0.717187 0.285938 0.028125 0.028125
0 0.239063 0.704688 0.028125 0.028125
0 0.664062 0.446875 0.028125 0.031250
0 0.226562 0.071875 0.028125 0.031250
0 0.498437 0.151562 0.028125 0.028125
0 0.554688 0.407813 0.028125 0.028125
0 0.096875 0.760938 0.031250 0.028125
0 0.185938 0.451562 0.028125 0.028125
0 0.689063 0.137500 0.028125 0.031250
0 0.737500 0.164062 0.025000 0.028125
0 0.329688 0.117188 0.028125 0.028125
0 0.596875 0.370312 0.031250 0.028125
0 0.554688 0.673438 0.028125 0.028125
0 0.457813 0.335938 0.028125 0.028125
0 0.687500 0.200000 0.031250 0.031250
0 0.754687 0.832812 0.028125 0.028125
0 0.139063 0.342187 0.028125 0.028125
0 0.364063 0.112500 0.028125 0.031250
0 0.557813 0.085938 0.028125 0.028125
0 0.642188 0.110937 0.028125 0.028125
0 0.540625 0.060937 0.031250 0.028125
0 0.173437 0.335938 0.028125 0.028125
0 0.542188 0.439063 0.028125 0.028125
0 0.676562 0.326562 0.028125 0.028125
0 0.071875 0.493750 0.031250 0.031250
0 0.045312 0.554688 0.028125 0.028125
0 0.751563 0.018750 0.028125 0.031250
0 0.345313 0.476562 0.028125 0.028125
0 0.785937 0.192188 0.028125 0.028125
0 0.664062 0.270313 0.028125 0.028125
0 0.204687 0.045312 0.028125 0.028125
0 0.407813 0.826562 0.028125 0.028125
0 0.335938 0.176563 0.028125 0.028125
0 0.214062 0.392188 0.028125 0.028125
0 0.367188 0.170313 0.028125 0.028125
0 0.382812 0.139063 0.028125 0.028125
0 0.206250 0.189062 0.031250 0.028125
0 0.435937 0.160938 0.028125 0.028125
0 0.142187 0.632812 0.028125 0.028125
0 0.440625 0.073438 0.031250 0.028125
0 0.079687 0.550000 0.028125 0.031250
0 0.210938 0.101562 0.028125 0.028125
0 0.754687 0.192188 0.028125 0.028125
0 0.323437 0.206250 0.028125 0.031250
0 0.253125 0.585938 0.031250 0.028125
0 0.401562 0.882812 0.028125 0.028125
0 0.787500 0.073438 0.031250 0.028125
0 0.625000 0.156250 0.031250 0.031250
0 0.118750 0.696875 0.031250 0.031250
0 0.231250 0.128125 0.031250 0.031250
0 0.510938 0.357812 0.028125 0.028125
0 0.748437 0.368750 0.028125 0.031250
0 0.507812 0.064062 0.028125 0.028125
0 0.257812 0.070312 0.028125 0.028125
0 0.717187 0.464062 0.028125 0.028125
0 0.050000 0.260937 0.031250 0.028125
0 0.160938 0.746875 0.028125 0.031250
0 0.454688 0.042188 0.028125 0.028125
0 0.492188 0.095312 0.028125 0.028125
0 0.465625 0.393750 0.031250 0.031250
0 0.479687 0.717187 0.028125 0.028125
0 0.306250 0.603125 0.025000 0.025000
0 0.206250 0.710938 0.031250 0.028125
0 0.426563 0.103125 0.028125 0.031250
0 0.718750 0.900000 0.031250 0.031250
0 0.762500 0.917188 0.031250 0.028125
0 0.607812 0.690625 0.028125 0.031250
0 0.598437 0.634375 0.028125 0.031250
0 0.510938 0.532813 0.028125 0.028125
0 0.564063 0.143750 0.028125 0.031250
0 0.170313 0.050000 0.028125 0.031250
0 0.151562 0.779687 0.028125 0.028125
0 0.489063 0.507812 0.028125 0.028125
0 0.532813 0.470313 0.028125 0.028125
0 0.437500 0.665625 0.031250 0.031250
0 0.029687 0.673438 0.028125 0.028125
0 0.550000 0.175000 0.031250 0.031250
0 0.057813 0.525000 0.028125 0.031250
0 0.415625 0.134375 0.025000 0.025000
0 0.767188 0.864062 0.028125 0.028125
0 0.260937 0.357812 0.028125 0.028125
0 0.717187 0.020313 0.028125 0.028125
0 0.031250 0.440625 0.031250 0.031250
0 0.206250 0.332813 0.031250 0.028125
0 0.285938 0.151562 0.028125 0.028125
0 0.467187 0.481250 0.028125 0.031250
0 0.576562 0.343750 0.028125 0.031250
0 0.545312 0.260937 0.028125 0.028125
0 0.620313 0.304688 0.028125 0.028125
0 0.420312 0.429688 0.028125 0.028125
0 0.395313 0.614062 0.028125 0.028125
0 0.079687 0.403125 0.028125 0.031250
0 0.739062 0.310937 0.028125 0.028125
0 0.160938 0.367188 0.028125 0.028125
0 0.089063 0.890625 0.028125 0.031250
0 0.264062 0.642188 0.028125 0.028125
0 0.498437 0.389062 0.028125 0.028125
0 0.117188 0.029687 0.028125 0.028125
0 0.226562 0.360938 0.028125 0.028125
0 0.189062 0.304688 0.028125 0.028125
0 0.368750 0.501563 0.025000 0.028125
0 0.623437 0.082812 0.028125 0.028125
0 0.273438 0.695312 0.028125 0.028125
0 0.445312 0.723437 0.028125 0.028125
0 0.020313 0.203125 0.028125 0.031250
0 0.457813 0.246875 0.028125 0.031250
0 0.585938 0.028125 0.028125 0.031250
0 0.217188 0.679688 0.028125 0.028125
0 0.025000 0.145313 0.031250 0.028125
0 0.357812 0.534375 0.028125 0.031250
0 0.273438 0.326562 0.028125 0.028125
0 0.218750 0.017188 0.031250 0.028125
0 0.251563 0.154688 0.028125 0.028125
0 0.489063 0.039062 0.028125 0.028125
0 0.662500 0.625000 0.031250 0.031250
0 0.185938 0.596875 0.028125 0.031250
0 0.770312 0.304688 0.028125 0.028125
0 0.121875 0.225000 0.031250 0.031250
0 0.382812 0.559375 0.028125 0.031250
0 0.564063 0.376563 0.028125 0.028125
0 0.389062 0.198437 0.028125 0.028125
0 0.404687 0.585938 0.028125 0.028125
0 0.473438 0.067187 0.028125 0.028125
0 0.346875 0.742188 0.031250 0.028125
0 0.582812 0.170313 0.028125 0.028125
0 0.223438 0.304688 0.028125 0.028125
0 0.251563 0.759375 0.028125 0.025000
0 0.289062 0.064062 0.028125 0.028125
0 0.654687 0.714063 0.028125 0.028125
0 0.239063 0.331250 0.028125 0.031250
0 0.037500 0.231250 0.031250 0.031250
0 0.489063 0.685937 0.028125 0.028125
0 0.570312 0.200000 0.028125 0.031250
0 0.535937 0.295312 0.028125 0.028125
0 0.135937 0.282813 0.028125 0.028125
0 0.029687 0.757812 0.028125 0.028125
0 0.328125 0.540625 0.031250 0.031250
0 0.304688 0.779687 0.028125 0.028125
0 0.735938 0.806250 0.028125 0.031250
0 0.285938 0.296875 0.028125 0.031250
0 0.389062 0.050000 0.028125 0.031250
0 0.129688 0.753125 0.028125 0.031250
0 0.232813 0.560937 0.028125 0.028125
0 0.685937 0.557813 0.028125 0.028125
0 0.707812 0.164062 0.028125 0.028125
0 0.065625 0.437500 0.031250 0.031250
0 0.803125 0.103125 0.031250 0.031250
0 0.198437 0.421875 0.028125 0.031250
0 0.520312 0.179688 0.028125 0.028125
0 0.164062 0.570312 0.028125 0.028125
0 0.270313 0.039062 0.028125 0.028125
0 0.443750 0.218750 0.031250 0.031250
0 0.092188 0.087500 0.028125 0.031250
0 0.117188 0.876563 0.028125 0.028125
0 0.557813 0.232813 0.028125 0.028125
0 0.195312 0.829688 0.028125 0.028125
0 0.401562 0.404687 0.028125 0.028125
0 0.739062 0.400000 0.028125 0.031250
0 0.717187 0.554688 0.028125 0.028125
0 0.046875 0.815625 0.031250 0.031250
0 0.425000 0.607812 0.025000 0.028125
0 0.264062 0.554688 0.028125 0.028125
0 0.214062 0.248438 0.028125 0.028125
0 0.185938 0.018750 0.028125 0.031250
0 0.378125 0.379688 0.031250 0.028125
0 0.289062 0.442188 0.028125 0.028125
0 0.042188 0.729688 0.028125 0.028125
0 0.689063 0.773438 0.028125 0.028125
0 0.629687 0.362500 0.028125 0.031250
0 0.085938 0.460938 0.028125 0.028125
0 0.520312 0.679688 0.028125 0.028125
0 0.267188 0.268750 0.028125 0.031250
0 0.304688 0.034375 0.028125 0.031250
0 0.682813 0.295312 0.028125 0.028125
0 0.279687 0.476562 0.028125 0.028125
0 0.410938 0.376563 0.028125 0.028125
0 0.701562 0.870313 0.028125 0.028125
0 0.159375 0.221875 0.031250 0.031250
0 0.739062 0.107813 0.028125 0.028125
0 0.270313 0.414062 0.028125 0.028125
0 0.342187 0.596875 0.028125 0.031250
0 0.748437 0.279687 0.028125 0.028125
0 0.295312 0.635938 0.028125 0.028125
0 0.454688 0.425000 0.028125 0.031250
0 0.643750 0.182812 0.031250 0.028125
0 0.059375 0.375000 0.031250 0.031250
0 0.448437 0.279687 0.028125 0.028125
0 0.237500 0.042188 0.031250 0.028125
0 0.285938 0.579688 0.028125 0.028125
0 0.098437 0.431250 0.028125 0.031250
0 0.545312 0.117188 0.028125 0.028125
0 0.359375 0.346875 0.031250 0.031250
0 0.734375 0.860938 0.031250 0.028125
0 0.390625 0.350000 0.031250 0.031250
0 0.596875 0.457813 0.031250 0.028125
0 0.576562 0.610938 0.028125 0.028125
0 0.164062 0.135937 0.028125 0.028125
0 0.671875 0.684375 0.031250 0.031250
0 0.685937 0.023438 0.028125 0.028125
0 0.175000 0.628125 0.031250 0.031250
0 0.120313 0.314063 0.028125 0.028125
0 0.082812 0.259375 0.028125 0.031250
0 0.107813 0.817187 0.028125 0.028125
0 0.607812 0.514062 0.028125 0.028125
0 0.245312 0.529687 0.028125 0.028125
0 0.101562 0.285938 0.028125 0.028125
0 0.295312 0.723437 0.028125 0.028125
0 0.356250 0.443750 0.031250 0.031250
0 0.532813 0.382812 0.028125 0.028125
0 0.565625 0.289062 0.025000 0.028125
0 0.585938 0.398438 0.028125 0.028125
0 0.085938 0.317188 0.028125 0.028125
0 0.285938 0.664062 0.028125 0.028125
0 0.404687 0.673438 0.028125 0.028125
0 0.054688 0.612500 0.028125 0.031250
0 0.415625 0.639062 0.031250 0.028125
0 0.734375 0.684375 0.031250 0.031250
0 0.703125 0.800000 0.031250 0.031250
0 0.282813 0.754687 0.028125 0.028125
0 0.079687 0.920312 0.028125 0.028125
0 0.423438 0.520312 0.028125 0.028125
0 0.651563 0.023438 0.028125 0.028125
0 0.301563 0.410938 0.028125 0.028125
0 0.198437 0.564063 0.028125 0.028125
0 0.479687 0.273438 0.028125 0.028125
0 0.617188 0.026562 0.028125 0.028125
0 0.112500 0.400000 0.031250 0.031250
0 0.445312 0.545312 0.028125 0.028125
0 0.375000 0.082812 0.031250 0.028125
0 0.117188 0.457813 0.028125 0.028125
0 0.478125 0.539062 0.025000 0.028125
0 0.542188 0.526563 0.028125 0.028125
0 0.434375 0.487500 0.031250 0.031250
0 0.176563 0.539062 0.028125 0.028125
0 0.232813 0.273438 0.028125 0.028125
0 0.400000 0.760938 0.025000 0.028125
0 0.126562 0.085938 0.028125 0.028125
0 0.064062 0.667188 0.028125 0.028125
0 0.785937 0.018750 0.028125 0.031250
0 0.304688 0.323437 0.028125 0.028125
0 0.260937 0.728125 0.028125 0.025000
0 0.154688 0.167187 0.028125 0.028125
0 0.704688 0.317188 0.028125 0.028125
0 0.368750 0.025000 0.025000 0.025000
0 0.364063 0.876563 0.028125 0.028125
0 0.510938 0.445312 0.028125 0.028125
0 0.682813 0.842187 0.028125 0.028125
0 0.554688 0.495312 0.028125 0.028125
0 0.026562 0.089063 0.028125 0.028125
0 0.073438 0.723437 0.028125 0.028125
0 0.098437 0.853125 0.028125 0.031250
0 0.432812 0.398438 0.028125 0.028125
0 0.314063 0.382812 0.028125 0.028125
0 0.645312 0.748437 0.028125 0.028125
0 0.595313 0.142187 0.028125 0.028125
0 0.054688 0.317188 0.028125 0.028125
0 0.295312 0.548438 0.028125 0.028125
0 0.431250 0.757812 0.031250 0.028125
0 0.196875 0.654687 0.031250 0.028125
0 0.279687 0.239063 0.028125 0.028125
0 0.253125 0.300000 0.031250 0.031250
0 0.051562 0.468750 0.028125 0.031250
0 0.654687 0.301563 0.028125 0.028125
0 0.154688 0.023438 0.028125 0.028125
0 0.223438 0.503125 0.028125 0.031250
0 0.510938 0.123438 0.028125 0.028125
0 0.414062 0.282813 0.028125 0.028125
0 0.032813 0.032813 0.028125 0.028125
0 0.775000 0.484375 0.031250 0.031250
0 0.023438 0.792188 0.028125 0.028125
0 0.096875 0.662500 0.031250 0.031250
0 0.335938 0.407813 0.028125 0.028125
0 0.748437 0.889062 0.028125 0.028125
0 0.145313 0.398438 0.028125 0.028125
0 0.323437 0.439063 0.028125 0.028125
0 0.207813 0.621875 0.028125 0.031250
0 0.051562 0.698438 0.028125 0.028125
0 0.298438 0.810937 0.028125 0.028125
0 0.054688 0.784375 0.028125 0.031250
0 0.164062 0.423438 0.028125 0.028125
0 0.370312 0.679688 0.028125 0.028125
0 0.104688 0.489063 0.028125 0.028125
0 0.414062 0.728125 0.028125 0.031250
0 0.592187 0.726562 0.028125 0.028125
0 0.392188 0.704688 0.028125 0.028125
0 0.576562 0.698438 0.028125 0.028125
0 0.692187 0.710938 0.028125 0.028125
0 0.273438 0.610938 0.028125 0.028125
0 0.314063 0.470313 0.028125 0.028125
0 0.468750 0.659375 0.031250 0.031250
0 0.362500 0.790625 0.031250 0.031250
0 0.295312 0.354687 0.028125 0.028125
0 0.721875 0.712500 0.025000 0.025000
0 0.476562 0.212500 0.028125 0.031250
0 0.179688 0.248438 0.028125 0.028125
0 0.585938 0.314063 0.028125 0.028125
0 0.148438 0.253125 0.028125 0.031250
0 0.726562 0.520312 0.028125 0.028125
0 0.315625 0.659375 0.031250 0.031250
0 0.770312 0.393750 0.028125 0.031250
0 0.042188 0.642188 0.028125 0.028125
0 0.228125 0.735938 0.025000 0.028125
0 0.464062 0.748437 0.028125 0.028125
0 0.434375 0.017188 0.031250 0.028125
0 0.542188 0.348438 0.028125 0.028125
0 0.492188 0.595313 0.028125 0.028125
0 0.426563 0.698438 0.028125 0.028125
0 0.020313 0.704688 0.028125 0.028125
0 0.518750 0.034375 0.031250 0.031250
0 0.414062 0.551562 0.028125 0.028125
0 0.273438 0.784375 0.028125 0.031250
0 0.695312 0.529687 0.028125 0.028125
0 0.401562 0.495312 0.028125 0.028125
0 0.337500 0.320312 0.025000 0.028125
0 0.554688 0.032813 0.028125 0.028125
0 0.212500 0.534375 0.031250 0.031250
0 0.365625 0.412500 0.031250 0.031250
0 0.501563 0.654687 0.028125 0.028125
0 0.123438 0.515625 0.028125 0.031250
0 0.090625 0.520312 0.031250 0.028125
0 0.217188 0.445312 0.028125 0.028125
0 0.589063 0.226562 0.028125 0.028125
0 0.276562 0.523438 0.028125 0.028125
0 0.695312 0.264062 0.028125 0.028125
0 0.151562 0.454688 0.028125 0.028125
0 0.704688 0.582812 0.028125 0.028125
0 0.467187 0.570312 0.028125 0.028125
0 0.673438 0.168750 0.028125 0.031250
0 0.075000 0.635938 0.031250 0.028125
0 0.346875 0.376563 0.031250 0.028125
0 0.300000 0.265625 0.031250 0.031250
0 0.573438 0.792188 0.028125 0.028125
0 0.523438 0.323437 0.028125 0.028125
0 0.693750 0.615625 0.031250 0.031250
0 0.371875 0.315625 0.031250 0.031250
0 0.185938 0.860938 0.028125 0.028125
0 0.684375 0.651563 0.031250 0.028125
0 0.732812 0.931250 0.028125 0.031250
0 0.420312 0.854688 0.028125 0.028125
0 0.292187 0.207813 0.028125 0.028125
0 0.379688 0.734375 0.028125 0.031250
0 0.040625 0.348438 0.031250 0.028125
0 0.401562 0.020313 0.028125 0.028125
0 0.323437 0.239063 0.028125 0.028125
0 0.618750 0.482812 0.031250 0.028125
0 0.117188 0.257812 0.028125 0.028125
0 0.254688 0.845313 0.028125 0.028125
0 0.373437 0.820312 0.028125 0.028125
0 0.757812 0.248438 0.028125 0.028125
0 0.667188 0.925000 0.028125 0.031250
0 0.582812 0.757812 0.028125 0.028125
0 0.790625 0.251563 0.031250 0.028125
0 0.070312 0.039062 0.028125 0.028125
0 0.685937 0.900000 0.028125 0.031250
0 0.018750 0.473438 0.031250 0.028125
0 0.817187 0.035937 0.034375 0.034375
0 0.028125 0.385937 0.031250 0.028125
0 0.335938 0.770312 0.028125 0.028125
0 0.446875 0.918750 0.031250 0.031250
0 0.804688 0.300000 0.028125 0.031250
0 0.817187 0.268750 0.034375 0.031250
0 0.498437 0.745313 0.028125 0.028125
0 0.764062 0.514062 0.028125 0.028125
0 0.348438 0.654687 0.028125 0.028125
0 0.514062 0.623437 0.028125 0.028125
0 0.107813 0.632812 0.028125 0.028125
0 0.353125 0.289062 0.031250 0.028125
0 0.018750 0.617188 0.031250 0.028125
0 0.373437 0.592187 0.028125 0.028125
0 0.703125 0.684375 0.031250 0.031250
0 0.353125 0.254688 0.031250 0.028125
0 0.056250 0.204687 0.031250 0.028125
0 0.335938 0.029687 0.028125 0.028125
0 0.785937 0.892188 0.028125 0.028125
0 0.395313 0.795312 0.028125 0.028125
0 0.706250 0.743750 0.025000 0.025000
0 0.204687 0.478125 0.028125 0.025000
0 0.745313 0.571875 0.028125 0.031250
0 0.821875 0.073438 0.031250 0.034375
0 0.145313 0.542188 0.028125 0.028125
0 0.676562 0.742188 0.028125 0.028125
0 0.304688 0.690625 0.028125 0.025000
0 0.332813 0.804688 0.028125 0.028125
0 0.550000 0.767188 0.031250 0.028125
0 0.023438 0.909375 0.028125 0.025000
0 0.554688 0.317188 0.028125 0.028125
0 0.414062 0.914062 0.028125 0.028125
0 0.800000 0.412500 0.031250 0.031250
0 0.018750 0.259375 0.031250 0.031250
0 0.518750 0.773438 0.031250 0.028125
0 0.545312 0.617188 0.028125 0.028125
0 0.784375 0.446875 0.031250 0.031250
0 0.132812 0.573438 0.028125 0.028125
0 0.489063 0.776563 0.028125 0.028125
0 0.432812 0.885938 0.028125 0.028125
0 0.768750 0.684375 0.031250 0.031250
0 0.035937 0.845313 0.028125 0.028125
0 0.384375 0.284375 0.031250 0.031250
0 0.639062 0.685937 0.028125 0.028125
0 0.651563 0.898438 0.028125 0.028125
0 0.804688 0.162500 0.028125 0.031250
0 0.800000 0.687500 0.031250 0.031250
0 0.818750 0.439063 0.031250 0.034375
0 0.217188 0.853125 0.028125 0.025000
0 0.800000 0.868750 0.031250 0.031250
0 0.065625 0.581250 0.031250 0.031250
0 0.820312 0.132812 0.034375 0.034375
0 0.354687 0.843750 0.028125 0.031250
0 0.787500 0.934375 0.031250 0.031250
0 0.428125 0.978125 0.031250 0.031250
0 0.796875 0.509375 0.031250 0.031250
0 0.714063 0.957812 0.028125 0.028125
0 0.750000 0.773438 0.031250 0.028125
0 0.189062 0.970313 0.028125 0.028125
0 0.251563 0.014063 0.028125 0.028125
0 0.806250 0.221875 0.031250 0.031250
0 0.598437 0.812500 0.028125 0.031250
0 0.820312 0.346875 0.034375 0.031250
0 0.510938 0.710938 0.028125 0.028125
0 0.757812 0.715625 0.028125 0.031250
0 0.453125 0.954688 0.031250 0.034375
0 0.014063 0.059375 0.028125 0.031250
0 0.670312 0.870313 0.028125 0.028125
0 0.612500 0.751563 0.025000 0.028125
0 0.771875 0.587500 0.031250 0.031250
0 0.748437 0.970313 0.034375 0.034375
0 0.017188 0.942187 0.028125 0.028125
0 0.112500 0.917188 0.031250 0.034375
0 0.682813 0.954688 0.028125 0.028125
0 0.564063 0.823438 0.028125 0.028125
0 0.792188 0.615625 0.034375 0.031250
0 0.450000 0.860938 0.031250 0.028125
0 0.787500 0.837500 0.031250 0.031250
0 0.628125 0.776563 0.031250 0.028125
0 0.806250 0.470313 0.031250 0.034375
0 0.520312 0.587500 0.028125 0.025000
0 0.768750 0.745313 0.025000 0.028125
0 0.739062 0.742188 0.028125 0.028125
0 0.731250 0.601562 0.031250 0.028125
0 0.750000 0.540625 0.031250 0.031250
0 0.787500 0.718750 0.031250 0.031250
0 0.429688 0.253125 0.028125 0.031250
0 0.378125 0.907813 0.025000 0.028125
0 0.173437 0.893750 0.028125 0.025000
0 0.787500 0.771875 0.031250 0.031250
0 0.135937 0.485938 0.028125 0.028125
0 0.768750 0.798438 0.031250 0.028125
0 0.776563 0.543750 0.028125 0.031250
0 0.223438 0.978125 0.034375 0.031250
0 0.017188 0.823438 0.028125 0.028125
0 0.812500 0.378125 0.037500 0.037500
0 0.812500 0.909375 0.031250 0.031250
