0 0.848437 0.126562 0.028125 0.028125
0 0.832812 0.095312 0.028125 0.028125
0 0.857812 0.157812 0.028125 0.028125
0 0.037500 0.637500 0.031250 0.031250
0 0.639062 0.092188 0.028125 0.028125
0 0.053125 0.434375 0.031250 0.031250
0 0.870313 0.101562 0.028125 0.028125
0 0.898438 0.079687 0.028125 0.028125
0 0.810937 0.118750 0.028125 0.025000
0 0.051562 0.085938 0.028125 0.028125
0 0.456250 0.154688 0.031250 0.028125
0 0.917188 0.476562 0.028125 0.028125
0 0.704688 0.076563 0.028125 0.028125
0 0.670312 0.085938 0.028125 0.028125
0 0.901563 0.509375 0.028125 0.025000
0 0.085938 0.087500 0.028125 0.031250
0 0.907813 0.229687 0.028125 0.028125
0 0.685937 0.020313 0.028125 0.028125
0 0.801562 0.085938 0.028125 0.028125
0 0.679688 0.054688 0.028125 0.028125
0 0.687500 0.139063 0.025000 0.028125
0 0.232813 0.048438 0.028125 0.028125
0 0.051562 0.726562 0.028125 0.028125
0 0.312500 0.173437 0.031250 0.034375
0 0.151562 0.087500 0.028125 0.031250
0 0.404687 0.198437 0.028125 0.028125
0 0.051562 0.260937 0.028125 0.028125
0 0.070312 0.523438 0.028125 0.028125
0 0.823438 0.150000 0.028125 0.025000
0 0.723437 0.660937 0.028125 0.028125
0 0.873437 0.743750 0.028125 0.031250
0 0.854688 0.540625 0.028125 0.025000
0 0.857812 0.773438 0.028125 0.028125
0 0.168750 0.059375 0.031250 0.031250
0 0.325000 0.078125 0.031250 0.031250
0 0.892188 0.714063 0.028125 0.028125
0 0.117188 0.085938 0.028125 0.028125
0 0.034375 0.754687 0.031250 0.028125
0 0.085938 0.726562 0.028125 0.028125
0 0.170313 0.290625 0.028125 0.031250
0 0.035937 0.231250 0.028125 0.031250
0 0.842187 0.743750 0.028125 0.031250
0 0.884375 0.481250 0.031250 0.031250
0 0.070312 0.117188 0.028125 0.028125
0 0.268750 0.234375 0.031250 0.031250
0 0.421875 0.109375 0.031250 0.031250
0 0.085938 0.320312 0.028125 0.028125
0 0.276562 0.123438 0.028125 0.028125
0 0.757812 0.659375 0.028125 0.031250
0 0.035937 0.814063 0.028125 0.028125
0 0.773438 0.573438 0.028125 0.028125
0 0.085938 0.492188 0.028125 0.028125
0 0.889062 0.596875 0.028125 0.031250
0 0.742188 0.746875 0.028125 0.031250
0 0.790625 0.601562 0.025000 0.028125
0 0.839063 0.570312 0.028125 0.028125
0 0.320312 0.726562 0.028125 0.028125
0 0.035937 0.114062 0.028125 0.028125
0 0.184375 0.204687 0.031250 0.028125
0 0.723437 0.718750 0.028125 0.031250
0 0.920312 0.535937 0.028125 0.028125
0 0.857812 0.598437 0.028125 0.028125
0 0.607812 0.101562 0.028125 0.028125
0 0.339062 0.145313 0.028125 0.028125
0 0.904687 0.567187 0.028125 0.028125
0 0.404687 0.753125 0.028125 0.031250
0 0.523438 0.664062 0.028125 0.028125
0 0.654687 0.150000 0.028125 0.025000
0 0.351562 0.320312 0.028125 0.028125
0 0.403125 0.809375 0.031250 0.031250
0 0.118750 0.260937 0.031250 0.028125
0 0.717187 0.132812 0.028125 0.028125
0 0.576562 0.110937 0.028125 0.028125
0 0.085938 0.260937 0.028125 0.028125
0 0.132812 0.117188 0.028125 0.028125
0 0.742188 0.806250 0.028125 0.031250
0 0.370312 0.154688 0.028125 0.028125
0 0.862500 0.279687 0.031250 0.028125
0 0.332813 0.110937 0.028125 0.028125
0 0.407813 0.045312 0.028125 0.028125
0 0.335938 0.292187 0.028125 0.028125
0 0.823438 0.601562 0.028125 0.028125
0 0.070312 0.290625 0.028125 0.031250
0 0.357812 0.089063 0.028125 0.028125
0 0.264062 0.060937 0.028125 0.028125
0 0.420312 0.667188 0.028125 0.028125
0 0.551562 0.492188 0.028125 0.028125
0 0.051562 0.493750 0.028125 0.031250
0 0.284375 0.154688 0.031250 0.028125
0 0.051562 0.667188 0.028125 0.028125
0 0.135937 0.057813 0.028125 0.028125
0 0.168750 0.173437 0.031250 0.028125
0 0.856250 0.714063 0.031250 0.028125
0 0.317188 0.320312 0.028125 0.028125
0 0.503125 0.159375 0.031250 0.031250
0 0.184375 0.726562 0.031250 0.028125
0 0.868750 0.510938 0.031250 0.028125
0 0.850000 0.037500 0.031250 0.031250
0 0.773438 0.629687 0.028125 0.028125
0 0.151562 0.492188 0.028125 0.028125
0 0.251563 0.264062 0.028125 0.028125
0 0.821875 0.542188 0.031250 0.028125
0 0.067187 0.464062 0.028125 0.028125
0 0.632812 0.126562 0.028125 0.028125
0 0.489063 0.723437 0.028125 0.028125
0 0.792188 0.715625 0.028125 0.031250
0 0.051562 0.320312 0.028125 0.028125
0 0.320312 0.045312 0.028125 0.028125
0 0.775000 0.745313 0.031250 0.028125
0 0.890625 0.656250 0.031250 0.031250
0 0.151562 0.784375 0.028125 0.031250
0 0.503125 0.042188 0.025000 0.028125
0 0.203125 0.175000 0.031250 0.031250
0 0.370312 0.754687 0.028125 0.028125
0 0.706250 0.632812 0.025000 0.028125
0 0.789062 0.543750 0.028125 0.031250
0 0.792188 0.773438 0.028125 0.028125
0 0.756250 0.718750 0.031250 0.031250
0 0.268750 0.092188 0.025000 0.028125
0 0.473438 0.218750 0.028125 0.031250
0 0.873437 0.626563 0.028125 0.028125
0 0.851562 0.484375 0.028125 0.031250
0 0.070312 0.056250 0.028125 0.031250
0 0.301563 0.754687 0.028125 0.028125
0 0.035937 0.523438 0.028125 0.028125
0 0.168750 0.581250 0.031250 0.031250
0 0.846875 0.425000 0.031250 0.031250
0 0.648438 0.060937 0.028125 0.028125
0 0.284375 0.264062 0.031250 0.028125
0 0.551562 0.379688 0.028125 0.028125
0 0.832812 0.182812 0.028125 0.028125
0 0.806250 0.571875 0.025000 0.025000
0 0.454688 0.723437 0.028125 0.028125
0 0.301563 0.695312 0.028125 0.028125
0 0.853125 0.071875 0.031250 0.031250
0 0.807813 0.629687 0.028125 0.028125
0 0.135937 0.290625 0.028125 0.031250
0 0.151562 0.726562 0.028125 0.028125
0 0.218750 0.262500 0.031250 0.031250
0 0.035937 0.696875 0.028125 0.031250
0 0.437500 0.637500 0.031250 0.031250
0 0.185938 0.784375 0.028125 0.031250
0 0.446875 0.087500 0.031250 0.031250
0 0.301563 0.640625 0.028125 0.031250
0 0.117188 0.726562 0.028125 0.028125
0 0.151562 0.667188 0.028125 0.028125
0 0.712500 0.045312 0.031250 0.028125
0 0.470313 0.639062 0.028125 0.028125
0 0.385937 0.667188 0.028125 0.028125
0 0.904687 0.110937 0.028125 0.028125
0 0.070312 0.696875 0.028125 0.031250
0 0.118750 0.492188 0.025000 0.028125
0 0.885938 0.539062 0.028125 0.028125
0 0.170313 0.696875 0.028125 0.031250
0 0.270313 0.810937 0.028125 0.028125
0 0.779687 0.112500 0.028125 0.031250
0 0.035937 0.173437 0.028125 0.028125
0 0.053125 0.203125 0.031250 0.031250
0 0.351562 0.056250 0.028125 0.031250
0 0.879687 0.132812 0.028125 0.028125
0 0.907813 0.684375 0.028125 0.031250
0 0.364063 0.123438 0.028125 0.028125
0 0.317188 0.262500 0.028125 0.031250
0 0.676562 0.173437 0.028125 0.028125
0 0.210938 0.114062 0.034375 0.034375
0 0.426563 0.142187 0.028125 0.028125
0 0.837500 0.512500 0.031250 0.031250
0 0.640625 0.750000 0.031250 0.031250
0 0.085938 0.201563 0.028125 0.028125
0 0.787500 0.056250 0.031250 0.031250
0 0.167187 0.118750 0.028125 0.031250
0 0.270313 0.292187 0.028125 0.028125
0 0.951562 0.534375 0.028125 0.031250
0 0.035937 0.464062 0.028125 0.028125
0 0.821875 0.059375 0.031250 0.031250
0 0.200000 0.234375 0.031250 0.031250
0 0.135937 0.581250 0.028125 0.031250
0 0.892188 0.773438 0.028125 0.028125
0 0.707812 0.746875 0.028125 0.031250
0 0.118750 0.667188 0.031250 0.028125
0 0.101562 0.117188 0.028125 0.028125
0 0.896875 0.450000 0.031250 0.031250
0 0.520312 0.098437 0.028125 0.028125
0 0.320312 0.782813 0.028125 0.028125
0 0.523438 0.781250 0.028125 0.031250
0 0.535937 0.523438 0.028125 0.028125
0 0.209375 0.068750 0.031250 0.031250
0 0.735938 0.067187 0.028125 0.028125
0 0.467187 0.351562 0.028125 0.028125
0 0.334375 0.640625 0.031250 0.031250
0 0.085938 0.667188 0.028125 0.028125
0 0.432812 0.295312 0.028125 0.028125
0 0.504687 0.807813 0.028125 0.028125
0 0.184375 0.090625 0.031250 0.031250
0 0.534375 0.467187 0.031250 0.028125
0 0.504687 0.695312 0.028125 0.028125
0 0.254688 0.148438 0.028125 0.028125
0 0.439063 0.809375 0.028125 0.031250
0 0.268750 0.696875 0.025000 0.025000
0 0.151562 0.203125 0.028125 0.031250
0 0.739062 0.689063 0.028125 0.028125
0 0.201563 0.695312 0.028125 0.028125
0 0.268750 0.640625 0.031250 0.031250
0 0.151562 0.260937 0.028125 0.028125
0 0.135937 0.696875 0.028125 0.031250
0 0.196875 0.040625 0.031250 0.031250
0 0.690625 0.717187 0.031250 0.028125
0 0.301563 0.101562 0.028125 0.028125
0 0.520312 0.609375 0.028125 0.031250
0 0.826562 0.773438 0.028125 0.028125
0 0.842187 0.629687 0.028125 0.028125
0 0.873437 0.221875 0.028125 0.031250
0 0.432812 0.351562 0.028125 0.028125
0 0.926562 0.714063 0.028125 0.028125
0 0.695312 0.107813 0.028125 0.028125
0 0.754687 0.545312 0.028125 0.028125
0 0.068750 0.231250 0.031250 0.031250
0 0.625000 0.778125 0.031250 0.031250
0 0.545312 0.118750 0.028125 0.025000
0 0.117188 0.376563 0.028125 0.028125
0 0.723437 0.776563 0.028125 0.028125
0 0.101562 0.057813 0.028125 0.028125
0 0.067187 0.406250 0.028125 0.031250
0 0.118750 0.785937 0.025000 0.028125
0 0.951562 0.476562 0.028125 0.028125
0 0.675000 0.748437 0.031250 0.028125
0 0.151562 0.145313 0.028125 0.028125
0 0.451562 0.120313 0.028125 0.028125
0 0.487500 0.665625 0.025000 0.025000
0 0.384375 0.321875 0.025000 0.025000
0 0.504687 0.751563 0.028125 0.028125
0 0.135937 0.173437 0.028125 0.028125
0 0.935937 0.507812 0.028125 0.028125
0 0.807813 0.745313 0.028125 0.028125
0 0.270313 0.754687 0.028125 0.028125
0 0.489063 0.781250 0.028125 0.031250
0 0.773438 0.804688 0.028125 0.028125
0 0.184375 0.260937 0.031250 0.028125
0 0.034375 0.406250 0.031250 0.031250
0 0.284375 0.320312 0.025000 0.028125
0 0.187500 0.146875 0.031250 0.031250
0 0.435937 0.695312 0.028125 0.028125
0 0.101562 0.289062 0.028125 0.028125
0 0.217188 0.610938 0.028125 0.028125
0 0.971875 0.682813 0.031250 0.028125
0 0.101562 0.173437 0.028125 0.028125
0 0.401562 0.165625 0.028125 0.025000
0 0.320312 0.667188 0.028125 0.028125
0 0.551562 0.437500 0.028125 0.031250
0 0.218750 0.668750 0.031250 0.031250
0 0.235937 0.810937 0.028125 0.028125
0 0.790625 0.143750 0.031250 0.031250
0 0.825000 0.715625 0.031250 0.031250
0 0.332813 0.351562 0.028125 0.028125
0 0.664062 0.117188 0.028125 0.028125
0 0.915625 0.264062 0.031250 0.028125
0 0.118750 0.320312 0.025000 0.028125
0 0.217188 0.204687 0.028125 0.028125
0 0.203125 0.754687 0.031250 0.028125
0 0.203125 0.814063 0.031250 0.028125
0 0.301563 0.292187 0.028125 0.028125
0 0.534375 0.267188 0.025000 0.028125
0 0.739062 0.632812 0.028125 0.028125
0 0.417187 0.323437 0.028125 0.028125
0 0.335938 0.695312 0.028125 0.028125
0 0.535937 0.409375 0.028125 0.031250
0 0.217188 0.378125 0.028125 0.031250
0 0.606250 0.750000 0.031250 0.031250
0 0.621875 0.606250 0.031250 0.031250
0 0.201563 0.290625 0.028125 0.031250
0 0.345313 0.176563 0.028125 0.028125
0 0.184375 0.437500 0.031250 0.031250
0 0.570312 0.635938 0.028125 0.028125
0 0.085938 0.610938 0.028125 0.028125
0 0.431250 0.176563 0.025000 0.028125
0 0.101562 0.695312 0.028125 0.028125
0 0.606250 0.692187 0.031250 0.028125
0 0.656250 0.606250 0.031250 0.031250
0 0.775000 0.689063 0.031250 0.028125
0 0.421875 0.782813 0.031250 0.028125
0 0.085938 0.551562 0.028125 0.028125
0 0.617188 0.070312 0.028125 0.028125
0 0.184375 0.668750 0.031250 0.031250
0 0.864062 0.454688 0.028125 0.028125
0 0.750000 0.126562 0.031250 0.028125
0 0.251563 0.726562 0.028125 0.028125
0 0.035937 0.289062 0.028125 0.028125
0 0.640625 0.692187 0.031250 0.028125
0 0.070312 0.173437 0.028125 0.028125
0 0.203125 0.640625 0.031250 0.031250
0 0.939063 0.239063 0.028125 0.028125
0 0.168750 0.640625 0.031250 0.031250
0 0.382812 0.065625 0.028125 0.031250
0 0.495312 0.073438 0.028125 0.028125
0 0.117188 0.201563 0.028125 0.028125
0 0.639062 0.635938 0.028125 0.028125
0 0.168750 0.814063 0.031250 0.028125
0 0.232813 0.234375 0.028125 0.031250
0 0.067187 0.754687 0.028125 0.028125
0 0.135937 0.754687 0.028125 0.028125
0 0.085938 0.434375 0.028125 0.031250
0 0.942187 0.682813 0.028125 0.028125
0 0.251563 0.320312 0.028125 0.028125
0 0.567187 0.142187 0.028125 0.028125
0 0.051562 0.143750 0.028125 0.031250
0 0.468750 0.296875 0.031250 0.031250
0 0.398438 0.351562 0.028125 0.028125
0 0.403125 0.640625 0.031250 0.031250
0 0.589063 0.721875 0.028125 0.025000
0 0.539062 0.637500 0.028125 0.031250
0 0.201563 0.407813 0.028125 0.028125
0 0.317188 0.554688 0.028125 0.028125
0 0.421875 0.723437 0.031250 0.028125
0 0.498437 0.354687 0.028125 0.028125
0 0.589063 0.664062 0.028125 0.028125
0 0.690625 0.664062 0.025000 0.028125
0 0.018750 0.726562 0.031250 0.028125
0 0.957812 0.714063 0.028125 0.028125
0 0.035937 0.056250 0.028125 0.031250
0 0.807813 0.685937 0.028125 0.028125
0 0.779687 0.201563 0.028125 0.028125
0 0.645312 0.179688 0.028125 0.028125
0 0.487500 0.607812 0.031250 0.028125
0 0.101562 0.404687 0.028125 0.028125
0 0.832812 0.454688 0.028125 0.028125
0 0.817187 0.485938 0.028125 0.028125
0 0.235937 0.754687 0.028125 0.028125
0 0.853125 0.248438 0.031250 0.028125
0 0.135937 0.231250 0.028125 0.031250
0 0.451562 0.323437 0.028125 0.028125
0 0.367188 0.351562 0.028125 0.028125
0 0.284375 0.435937 0.031250 0.028125
0 0.053125 0.609375 0.031250 0.031250
0 0.151562 0.610938 0.028125 0.028125
0 0.284375 0.379688 0.025000 0.028125
0 0.584375 0.437500 0.031250 0.031250
0 0.623437 0.664062 0.028125 0.028125
0 0.067187 0.348438 0.028125 0.028125
0 0.707812 0.692187 0.028125 0.028125
0 0.504687 0.639062 0.028125 0.028125
0 0.168750 0.756250 0.031250 0.031250
0 0.167187 0.231250 0.028125 0.031250
0 0.101562 0.754687 0.028125 0.028125
0 0.404687 0.695312 0.028125 0.028125
0 0.398438 0.292187 0.028125 0.028125
0 0.351562 0.726562 0.028125 0.028125
0 0.351562 0.667188 0.028125 0.028125
0 0.335938 0.753125 0.028125 0.025000
0 0.743750 0.035937 0.031250 0.028125
0 0.151562 0.437500 0.028125 0.031250
0 0.726562 0.098437 0.028125 0.028125
0 0.267188 0.407813 0.028125 0.028125
0 0.284375 0.610938 0.031250 0.028125
0 0.301563 0.234375 0.028125 0.031250
0 0.320312 0.206250 0.028125 0.031250
0 0.623437 0.720313 0.028125 0.028125
0 0.757812 0.775000 0.028125 0.031250
0 0.235937 0.696875 0.028125 0.025000
0 0.235937 0.640625 0.028125 0.031250
0 0.370312 0.695312 0.028125 0.028125
0 0.389062 0.782813 0.028125 0.028125
0 0.673438 0.634375 0.028125 0.025000
0 0.132812 0.464062 0.028125 0.028125
0 0.473438 0.810937 0.028125 0.028125
0 0.285938 0.204687 0.028125 0.028125
0 0.573438 0.748437 0.028125 0.028125
0 0.535937 0.032813 0.028125 0.028125
0 0.242188 0.114062 0.028125 0.028125
0 0.103125 0.231250 0.031250 0.031250
0 0.570312 0.523438 0.028125 0.028125
0 0.518750 0.495312 0.025000 0.028125
0 0.235937 0.292187 0.028125 0.028125
0 0.085938 0.785937 0.028125 0.028125
0 0.317188 0.610938 0.028125 0.028125
0 0.018750 0.609375 0.031250 0.031250
0 0.332813 0.581250 0.028125 0.031250
0 0.132812 0.404687 0.028125 0.028125
0 0.529687 0.064062 0.028125 0.028125
0 0.970313 0.248438 0.028125 0.028125
0 0.732812 0.460938 0.028125 0.028125
0 0.570312 0.467187 0.028125 0.028125
0 0.654687 0.664062 0.028125 0.028125
0 0.135937 0.640625 0.028125 0.031250
0 0.223438 0.017188 0.028125 0.028125
0 0.351562 0.610938 0.028125 0.028125
0 0.285938 0.726562 0.028125 0.028125
0 0.151562 0.551562 0.028125 0.028125
0 0.167187 0.407813 0.028125 0.028125
0 0.034375 0.346875 0.031250 0.031250
0 0.118750 0.551562 0.025000 0.028125
0 0.395313 0.132812 0.028125 0.028125
0 0.895312 0.285938 0.028125 0.028125
0 0.654687 0.029687 0.028125 0.028125
0 0.051562 0.551562 0.028125 0.028125
0 0.482812 0.439063 0.028125 0.028125
0 0.370312 0.810937 0.028125 0.028125
0 0.707812 0.806250 0.028125 0.025000
0 0.814063 0.426563 0.028125 0.028125
0 0.523438 0.295312 0.028125 0.028125
0 0.418750 0.610938 0.031250 0.028125
0 0.035937 0.579688 0.028125 0.028125
0 0.607812 0.635938 0.028125 0.028125
0 0.151562 0.378125 0.028125 0.031250
0 0.300000 0.351562 0.025000 0.028125
0 0.285938 0.667188 0.028125 0.028125
0 0.454688 0.779687 0.028125 0.028125
0 0.432812 0.020313 0.028125 0.028125
0 0.471875 0.695312 0.025000 0.028125
0 0.692187 0.776563 0.028125 0.028125
0 0.301563 0.407813 0.028125 0.028125
0 0.867188 0.192188 0.028125 0.028125
0 0.051562 0.784375 0.028125 0.031250
0 0.385937 0.610938 0.028125 0.028125
0 0.412500 0.231250 0.031250 0.031250
0 0.185938 0.495312 0.028125 0.028125
0 0.657813 0.779687 0.028125 0.028125
0 0.085938 0.376563 0.028125 0.028125
0 0.101562 0.582812 0.028125 0.028125
0 0.367188 0.292187 0.028125 0.028125
0 0.135937 0.523438 0.028125 0.028125
0 0.767188 0.457813 0.028125 0.028125
0 0.476562 0.101562 0.028125 0.028125
0 0.473438 0.751563 0.028125 0.028125
0 0.118750 0.434375 0.031250 0.031250
0 0.267188 0.581250 0.028125 0.025000
0 0.554688 0.609375 0.028125 0.031250
0 0.068750 0.640625 0.031250 0.031250
0 0.289062 0.035937 0.028125 0.028125
0 0.385937 0.723437 0.028125 0.028125
0 0.376563 0.185938 0.028125 0.028125
0 0.482812 0.382812 0.028125 0.028125
0 0.301563 0.810937 0.028125 0.028125
0 0.251563 0.206250 0.028125 0.031250
0 0.101562 0.464062 0.028125 0.028125
0 0.117188 0.607812 0.028125 0.028125
0 0.532813 0.353125 0.028125 0.025000
0 0.556250 0.779687 0.031250 0.028125
0 0.232813 0.175000 0.028125 0.031250
0 0.789062 0.660937 0.028125 0.028125
0 0.414062 0.076563 0.028125 0.028125
0 0.376563 0.034375 0.028125 0.031250
0 0.932813 0.448437 0.028125 0.028125
0 0.018750 0.434375 0.031250 0.031250
0 0.535937 0.151562 0.028125 0.028125
0 0.771875 0.515625 0.031250 0.031250
0 0.973437 0.560937 0.028125 0.028125
0 0.462500 0.185938 0.031250 0.028125
0 0.495312 0.276562 0.028125 0.028125
0 0.307812 0.132812 0.028125 0.028125
0 0.053125 0.028125 0.031250 0.031250
0 0.842187 0.214062 0.028125 0.028125
0 0.067187 0.579688 0.028125 0.028125
0 0.657813 0.720313 0.028125 0.028125
0 0.251563 0.610938 0.028125 0.028125
0 0.217188 0.321875 0.028125 0.025000
0 0.117188 0.145313 0.028125 0.028125
0 0.251563 0.551562 0.028125 0.028125
0 0.517188 0.435937 0.028125 0.028125
0 0.184375 0.378125 0.031250 0.031250
0 0.589063 0.607812 0.028125 0.028125
0 0.551562 0.551562 0.028125 0.028125
0 0.435937 0.207813 0.028125 0.028125
0 0.401562 0.582812 0.028125 0.028125
0 0.956250 0.656250 0.031250 0.031250
0 0.018750 0.087500 0.031250 0.031250
0 0.103125 0.523438 0.025000 0.028125
0 0.351562 0.782813 0.028125 0.028125
0 0.051562 0.376563 0.028125 0.028125
0 0.445312 0.239063 0.028125 0.028125
0 0.251563 0.670312 0.028125 0.028125
0 0.285938 0.495312 0.028125 0.028125
0 0.498437 0.410938 0.028125 0.028125
0 0.545312 0.323437 0.028125 0.028125
0 0.601562 0.464062 0.028125 0.028125
0 0.923438 0.656250 0.028125 0.031250
0 0.795312 0.398438 0.028125 0.028125
0 0.623437 0.039062 0.028125 0.028125
0 0.135937 0.348438 0.028125 0.028125
0 0.368750 0.639062 0.031250 0.028125
0 0.454688 0.667188 0.028125 0.028125
0 0.501563 0.467187 0.028125 0.028125
0 0.560937 0.176563 0.028125 0.028125
0 0.565625 0.260937 0.025000 0.028125
0 0.807813 0.804688 0.028125 0.028125
0 0.132812 0.814063 0.028125 0.028125
0 0.367188 0.582812 0.028125 0.028125
0 0.592187 0.779687 0.028125 0.028125
0 0.167187 0.467187 0.028125 0.028125
0 0.570312 0.579688 0.028125 0.028125
0 0.237500 0.082812 0.031250 0.028125
0 0.517188 0.382812 0.028125 0.028125
0 0.253125 0.782813 0.031250 0.028125
0 0.085938 0.145313 0.028125 0.028125
0 0.573438 0.229687 0.028125 0.028125
0 0.217188 0.435937 0.028125 0.028125
0 0.267188 0.351562 0.028125 0.028125
0 0.670312 0.206250 0.028125 0.031250
0 0.167187 0.523438 0.028125 0.028125
0 0.217188 0.782813 0.028125 0.028125
0 0.335938 0.525000 0.028125 0.031250
0 0.739062 0.517188 0.028125 0.028125
0 0.468750 0.468750 0.031250 0.031250
0 0.185938 0.551562 0.028125 0.028125
0 0.285938 0.782813 0.028125 0.028125
0 0.417187 0.265625 0.028125 0.031250
0 0.535937 0.579688 0.028125 0.028125
0 0.018750 0.260937 0.031250 0.028125
0 0.251563 0.379688 0.028125 0.028125
0 0.103125 0.640625 0.031250 0.031250
0 0.381250 0.229687 0.031250 0.034375
0 0.467187 0.409375 0.028125 0.031250
0 0.554688 0.292187 0.028125 0.028125
0 0.018750 0.320312 0.031250 0.028125
0 0.284375 0.554688 0.025000 0.028125
0 0.551562 0.087500 0.028125 0.031250
0 0.873437 0.685937 0.028125 0.028125
0 0.217188 0.726562 0.028125 0.028125
0 0.801562 0.456250 0.028125 0.031250
0 0.567187 0.407813 0.028125 0.028125
0 0.812500 0.368750 0.031250 0.031250
0 0.482812 0.134375 0.028125 0.031250
0 0.451562 0.610938 0.028125 0.028125
0 0.873437 0.570312 0.028125 0.028125
0 0.907813 0.743750 0.028125 0.031250
0 0.101562 0.348438 0.028125 0.028125
0 0.939063 0.564063 0.028125 0.028125
0 0.301563 0.582812 0.028125 0.028125
0 0.604688 0.579688 0.028125 0.028125
0 0.351562 0.554688 0.028125 0.028125
0 0.879687 0.054688 0.028125 0.028125
0 0.232813 0.407813 0.028125 0.028125
0 0.200000 0.581250 0.031250 0.031250
0 0.870313 0.310937 0.028125 0.028125
0 0.779687 0.429688 0.028125 0.028125
0 0.757812 0.601562 0.028125 0.028125
0 0.765625 0.081250 0.031250 0.031250
0 0.315625 0.435937 0.031250 0.028125
0 0.335938 0.235937 0.028125 0.028125
0 0.907813 0.626563 0.028125 0.028125
0 0.879687 0.423438 0.028125 0.028125
0 0.884375 0.254688 0.031250 0.028125
0 0.295312 0.070312 0.028125 0.028125
0 0.489063 0.837500 0.028125 0.031250
0 0.748437 0.429688 0.028125 0.028125
0 0.439063 0.054688 0.028125 0.028125
0 0.801562 0.176563 0.028125 0.028125
0 0.020313 0.667188 0.028125 0.028125
0 0.184375 0.840625 0.031250 0.031250
0 0.353125 0.207813 0.031250 0.028125
0 0.351562 0.262500 0.028125 0.031250
0 0.389062 0.098437 0.028125 0.028125
0 0.607812 0.223438 0.028125 0.028125
0 0.520312 0.721875 0.028125 0.031250
0 0.301563 0.523438 0.028125 0.028125
0 0.018750 0.203125 0.031250 0.031250
0 0.267188 0.176563 0.028125 0.028125
0 0.268750 0.525000 0.025000 0.025000
0 0.084375 0.028125 0.031250 0.031250
0 0.435937 0.753125 0.028125 0.025000
0 0.837500 0.306250 0.031250 0.031250
0 0.385937 0.262500 0.028125 0.031250
0 0.843750 0.801562 0.031250 0.028125
0 0.520312 0.551562 0.028125 0.028125
0 0.673438 0.690625 0.028125 0.025000
0 0.585938 0.550000 0.028125 0.031250
0 0.301563 0.467187 0.028125 0.028125
0 0.201563 0.525000 0.028125 0.031250
0 0.018750 0.492188 0.031250 0.028125
0 0.717187 0.429688 0.028125 0.028125
0 0.967187 0.503125 0.028125 0.031250
0 0.257812 0.026562 0.028125 0.028125
0 0.317188 0.379688 0.028125 0.028125
0 0.232813 0.348438 0.028125 0.028125
0 0.909375 0.801562 0.031250 0.028125
0 0.639062 0.214062 0.028125 0.028125
0 0.254688 0.842187 0.028125 0.028125
0 0.931250 0.206250 0.031250 0.031250
0 0.451562 0.439063 0.028125 0.028125
0 0.504687 0.582812 0.028125 0.028125
0 0.689063 0.604688 0.028125 0.028125
0 0.220312 0.146875 0.028125 0.031250
0 0.018750 0.143750 0.031250 0.031250
0 0.478125 0.251563 0.031250 0.028125
0 0.753125 0.487500 0.025000 0.025000
0 0.485938 0.495312 0.028125 0.028125
0 0.493750 0.192188 0.031250 0.028125
0 0.526563 0.182812 0.028125 0.028125
0 0.554688 0.664062 0.028125 0.028125
0 0.539062 0.751563 0.028125 0.028125
0 0.682813 0.432812 0.028125 0.028125
0 0.770312 0.171875 0.028125 0.031250
0 0.457813 0.835938 0.028125 0.028125
0 0.451562 0.268750 0.028125 0.031250
0 0.337500 0.810937 0.025000 0.028125
0 0.315625 0.495312 0.031250 0.028125
0 0.421875 0.839063 0.031250 0.028125
0 0.582812 0.198437 0.028125 0.028125
0 0.618750 0.434375 0.031250 0.031250
0 0.478125 0.018750 0.031250 0.031250
0 0.018750 0.551562 0.031250 0.028125
0 0.067187 0.814063 0.028125 0.028125
0 0.567187 0.348438 0.028125 0.028125
0 0.598437 0.134375 0.028125 0.025000
0 0.601562 0.406250 0.028125 0.031250
0 0.810937 0.207813 0.028125 0.028125
0 0.503125 0.525000 0.025000 0.025000
0 0.675000 0.806250 0.025000 0.025000
0 0.018750 0.028125 0.031250 0.031250
0 0.020313 0.785937 0.028125 0.028125
0 0.432812 0.410938 0.028125 0.028125
0 0.876563 0.801562 0.028125 0.028125
0 0.451562 0.382812 0.028125 0.028125
0 0.607812 0.804688 0.028125 0.028125
0 0.481250 0.325000 0.031250 0.031250
0 0.910937 0.142187 0.028125 0.028125
0 0.415625 0.382812 0.025000 0.028125
0 0.218750 0.840625 0.031250 0.031250
0 0.829688 0.398438 0.028125 0.028125
0 0.573438 0.807813 0.028125 0.028125
0 0.803125 0.515625 0.031250 0.031250
0 0.051562 0.842187 0.028125 0.028125
0 0.251563 0.435937 0.028125 0.028125
0 0.151562 0.320312 0.028125 0.028125
0 0.185938 0.610938 0.028125 0.028125
0 0.700000 0.462500 0.025000 0.025000
0 0.232813 0.523438 0.028125 0.028125
0 0.020313 0.376563 0.028125 0.028125
0 0.387500 0.839063 0.031250 0.028125
0 0.598437 0.254688 0.028125 0.028125
0 0.345313 0.023438 0.028125 0.028125
0 0.514062 0.128125 0.028125 0.031250
0 0.540625 0.807813 0.025000 0.028125
0 0.650000 0.434375 0.031250 0.031250
0 0.723437 0.217188 0.028125 0.028125
0 0.153125 0.031250 0.031250 0.031250
0 0.912500 0.421875 0.031250 0.031250
0 0.962500 0.214062 0.031250 0.028125
0 0.723437 0.545312 0.028125 0.028125
0 0.582812 0.378125 0.028125 0.031250
0 0.515625 0.328125 0.031250 0.031250
0 0.917188 0.053125 0.028125 0.031250
0 0.235937 0.581250 0.028125 0.031250
0 0.118750 0.031250 0.031250 0.031250
0 0.825000 0.337500 0.031250 0.031250
0 0.775000 0.028125 0.031250 0.031250
0 0.635938 0.464062 0.028125 0.028125
0 0.348438 0.439063 0.028125 0.028125
0 0.151562 0.843750 0.028125 0.031250
0 0.332813 0.409375 0.028125 0.031250
0 0.829688 0.271875 0.028125 0.031250
0 0.471875 0.054688 0.031250 0.028125
0 0.017188 0.845313 0.028125 0.028125
0 0.310937 0.014063 0.028125 0.028125
0 0.975000 0.803125 0.031250 0.031250
0 0.692187 0.229687 0.028125 0.028125
0 0.946875 0.270313 0.031250 0.028125
0 0.890625 0.025000 0.031250 0.031250
0 0.973437 0.745313 0.028125 0.028125
0 0.889062 0.335938 0.028125 0.028125
0 0.856250 0.339062 0.025000 0.028125
0 0.509375 0.245312 0.031250 0.028125
0 0.101562 0.814063 0.028125 0.028125
0 0.671875 0.578125 0.031250 0.031250
0 0.978125 0.278125 0.031250 0.031250
0 0.942187 0.801562 0.028125 0.028125
0 0.807813 0.031250 0.028125 0.031250
0 0.820312 0.242188 0.028125 0.028125
0 0.435937 0.581250 0.028125 0.031250
0 0.754687 0.228125 0.028125 0.025000
0 0.639062 0.806250 0.028125 0.025000
0 0.934375 0.118750 0.031250 0.031250
0 0.971875 0.620313 0.025000 0.028125
0 0.718750 0.012500 0.025000 0.025000
0 0.739062 0.157812 0.028125 0.028125
0 0.742188 0.192188 0.028125 0.028125
0 0.600000 0.017188 0.031250 0.028125
