0 0.870313 0.087500 0.028125 0.031250
0 0.804688 0.085938 0.028125 0.028125
0 0.885938 0.173437 0.028125 0.028125
0 0.820312 0.057813 0.028125 0.028125
0 0.701562 0.085938 0.028125 0.028125
0 0.835938 0.085938 0.028125 0.028125
0 0.820312 0.173437 0.028125 0.028125
0 0.853125 0.057813 0.031250 0.028125
0 0.935937 0.087500 0.028125 0.031250
0 0.835938 0.784375 0.028125 0.031250
0 0.753125 0.173437 0.031250 0.028125
0 0.885938 0.057813 0.028125 0.028125
0 0.920312 0.057813 0.028125 0.028125
0 0.701562 0.257812 0.028125 0.028125
0 0.904687 0.087500 0.028125 0.031250
0 0.870313 0.143750 0.028125 0.031250
0 0.901563 0.784375 0.028125 0.031250
0 0.885938 0.754687 0.028125 0.028125
0 0.785937 0.057813 0.028125 0.028125
0 0.885938 0.289062 0.028125 0.028125
0 0.820312 0.460938 0.028125 0.028125
0 0.904687 0.260937 0.028125 0.028125
0 0.885938 0.346875 0.028125 0.031250
0 0.935937 0.784375 0.028125 0.031250
0 0.885938 0.464062 0.028125 0.028125
0 0.770312 0.085938 0.028125 0.028125
0 0.885938 0.696875 0.028125 0.031250
0 0.539062 0.196875 0.028125 0.031250
0 0.354687 0.104688 0.028125 0.028125
0 0.770312 0.203125 0.028125 0.031250
0 0.620313 0.228125 0.028125 0.031250
0 0.304688 0.134375 0.028125 0.031250
0 0.920312 0.464062 0.028125 0.028125
0 0.853125 0.173437 0.031250 0.028125
0 0.901563 0.726562 0.028125 0.028125
0 0.489063 0.167187 0.028125 0.028125
0 0.687500 0.173437 0.031250 0.028125
0 0.406250 0.134375 0.031250 0.031250
0 0.953125 0.057813 0.031250 0.028125
0 0.335938 0.134375 0.028125 0.031250
0 0.720313 0.060937 0.028125 0.028125
0 0.387500 0.043750 0.031250 0.031250
0 0.685937 0.229687 0.028125 0.028125
0 0.853125 0.754687 0.031250 0.028125
0 0.885938 0.231250 0.028125 0.031250
0 0.835938 0.726562 0.028125 0.028125
0 0.785937 0.635938 0.028125 0.028125
0 0.920312 0.696875 0.028125 0.031250
0 0.785937 0.232813 0.028125 0.028125
0 0.285938 0.104688 0.028125 0.028125
0 0.421875 0.339062 0.031250 0.028125
0 0.785937 0.812500 0.028125 0.031250
0 0.304688 0.075000 0.028125 0.031250
0 0.920312 0.346875 0.028125 0.031250
0 0.804688 0.664062 0.028125 0.028125
0 0.820312 0.231250 0.028125 0.031250
0 0.970313 0.087500 0.028125 0.031250
0 0.820312 0.754687 0.028125 0.028125
0 0.885938 0.520312 0.028125 0.028125
0 0.737500 0.259375 0.025000 0.025000
0 0.754687 0.060937 0.028125 0.028125
0 0.918750 0.173437 0.031250 0.028125
0 0.951562 0.289062 0.028125 0.028125
0 0.820312 0.520312 0.028125 0.028125
0 0.853125 0.346875 0.031250 0.031250
0 0.904687 0.143750 0.028125 0.031250
0 0.901563 0.434375 0.028125 0.031250
0 0.820312 0.579688 0.028125 0.028125
0 0.753125 0.578125 0.031250 0.031250
0 0.918750 0.406250 0.031250 0.031250
0 0.920312 0.289062 0.028125 0.028125
0 0.885938 0.114062 0.028125 0.028125
0 0.620313 0.632812 0.028125 0.028125
0 0.620313 0.401562 0.028125 0.028125
0 0.885938 0.579688 0.028125 0.028125
0 0.785937 0.462500 0.028125 0.025000
0 0.685937 0.632812 0.028125 0.028125
0 0.554688 0.573438 0.028125 0.028125
0 0.920312 0.579688 0.028125 0.028125
0 0.685937 0.690625 0.028125 0.031250
0 0.868750 0.784375 0.031250 0.031250
0 0.554688 0.226562 0.028125 0.028125
0 0.785937 0.289062 0.028125 0.028125
0 0.668750 0.200000 0.031250 0.031250
0 0.918750 0.231250 0.031250 0.031250
0 0.935937 0.726562 0.028125 0.028125
0 0.870313 0.667188 0.028125 0.028125
0 0.934375 0.667188 0.031250 0.028125
0 0.421875 0.103125 0.031250 0.031250
0 0.851562 0.695312 0.028125 0.028125
0 0.487500 0.110937 0.031250 0.028125
0 0.670312 0.257812 0.028125 0.028125
0 0.720313 0.229687 0.028125 0.028125
0 0.868750 0.726562 0.031250 0.028125
0 0.620313 0.110937 0.028125 0.028125
0 0.903125 0.203125 0.031250 0.031250
0 0.853125 0.289062 0.025000 0.028125
0 0.585938 0.226562 0.028125 0.028125
0 0.804688 0.257812 0.028125 0.028125
0 0.851562 0.814063 0.028125 0.028125
0 0.785937 0.173437 0.028125 0.028125
0 0.754687 0.232813 0.028125 0.028125
0 0.820312 0.289062 0.028125 0.028125
0 0.670312 0.087500 0.028125 0.031250
0 0.371875 0.134375 0.031250 0.031250
0 0.820312 0.635938 0.028125 0.028125
0 0.387500 0.104688 0.031250 0.028125
0 0.885938 0.406250 0.028125 0.031250
0 0.953125 0.173437 0.031250 0.028125
0 0.820312 0.695312 0.028125 0.028125
0 0.670312 0.604688 0.028125 0.028125
0 0.720313 0.173437 0.028125 0.028125
0 0.935937 0.492188 0.028125 0.028125
0 0.951562 0.696875 0.028125 0.031250
0 0.935937 0.260937 0.028125 0.028125
0 0.754687 0.810937 0.028125 0.028125
0 0.387500 0.339062 0.031250 0.028125
0 0.754687 0.692187 0.028125 0.028125
0 0.885938 0.814063 0.028125 0.028125
0 0.820312 0.114062 0.028125 0.028125
0 0.701562 0.776563 0.028125 0.028125
0 0.321875 0.104688 0.031250 0.028125
0 0.520312 0.226562 0.028125 0.028125
0 0.354687 0.337500 0.028125 0.031250
0 0.687500 0.750000 0.031250 0.031250
0 0.653125 0.575000 0.031250 0.031250
0 0.951562 0.464062 0.028125 0.028125
0 0.554688 0.110937 0.028125 0.028125
0 0.853125 0.406250 0.031250 0.031250
0 0.901563 0.376563 0.028125 0.028125
0 0.753125 0.289062 0.025000 0.028125
0 0.654687 0.229687 0.028125 0.028125
0 0.435937 0.367188 0.028125 0.028125
0 0.837500 0.201563 0.031250 0.028125
0 0.837500 0.143750 0.031250 0.031250
0 0.554688 0.632812 0.028125 0.028125
0 0.967187 0.493750 0.028125 0.031250
0 0.570312 0.429688 0.028125 0.028125
0 0.785937 0.695312 0.028125 0.028125
0 0.687500 0.403125 0.031250 0.031250
0 0.870313 0.550000 0.028125 0.031250
0 0.785937 0.117188 0.028125 0.028125
0 0.403125 0.309375 0.031250 0.031250
0 0.835938 0.492188 0.028125 0.028125
0 0.420312 0.165625 0.028125 0.031250
0 0.753125 0.635938 0.025000 0.028125
0 0.770312 0.259375 0.028125 0.025000
0 0.387500 0.281250 0.031250 0.031250
0 0.785937 0.578125 0.028125 0.031250
0 0.503125 0.139063 0.031250 0.028125
0 0.387500 0.221875 0.031250 0.031250
0 0.554688 0.398438 0.028125 0.028125
0 0.837500 0.550000 0.031250 0.031250
0 0.904687 0.492188 0.028125 0.028125
0 0.837500 0.259375 0.031250 0.031250
0 0.737500 0.087500 0.025000 0.025000
0 0.720313 0.750000 0.028125 0.031250
0 0.853125 0.114062 0.031250 0.028125
0 0.785937 0.406250 0.028125 0.031250
0 0.454688 0.109375 0.028125 0.031250
0 0.520312 0.167187 0.028125 0.028125
0 0.737500 0.781250 0.031250 0.031250
0 0.503125 0.310937 0.031250 0.028125
0 0.404687 0.368750 0.028125 0.031250
0 0.520312 0.398438 0.028125 0.028125
0 0.953125 0.231250 0.031250 0.031250
0 0.337500 0.075000 0.031250 0.031250
0 0.670312 0.431250 0.028125 0.031250
0 0.885938 0.637500 0.028125 0.031250
0 0.635938 0.487500 0.028125 0.031250
0 0.635938 0.257812 0.028125 0.028125
0 0.406250 0.073438 0.031250 0.028125
0 0.587500 0.110937 0.031250 0.028125
0 0.935937 0.376563 0.028125 0.028125
0 0.737500 0.607812 0.031250 0.028125
0 0.635938 0.431250 0.028125 0.025000
0 0.918750 0.637500 0.031250 0.031250
0 0.535937 0.429688 0.028125 0.028125
0 0.904687 0.609375 0.028125 0.031250
0 0.953125 0.637500 0.031250 0.031250
0 0.601562 0.660937 0.028125 0.028125
0 0.835938 0.667188 0.028125 0.028125
0 0.403125 0.251563 0.031250 0.028125
0 0.668750 0.315625 0.031250 0.031250
0 0.739062 0.432812 0.028125 0.028125
0 0.735938 0.143750 0.028125 0.031250
0 0.904687 0.667188 0.028125 0.028125
0 0.535937 0.370312 0.028125 0.028125
0 0.920312 0.523438 0.028125 0.028125
0 0.685937 0.460938 0.028125 0.028125
0 0.968750 0.260937 0.031250 0.028125
0 0.820312 0.406250 0.028125 0.031250
0 0.853125 0.520312 0.031250 0.028125
0 0.967187 0.726562 0.028125 0.028125
0 0.951562 0.117188 0.028125 0.028125
0 0.754687 0.520312 0.028125 0.028125
0 0.785937 0.753125 0.028125 0.031250
0 0.504687 0.195312 0.028125 0.028125
0 0.753125 0.117188 0.025000 0.028125
0 0.851562 0.579688 0.028125 0.028125
0 0.635938 0.142187 0.028125 0.028125
0 0.471875 0.139063 0.031250 0.028125
0 0.968750 0.667188 0.031250 0.028125
0 0.920312 0.117188 0.028125 0.028125
0 0.870313 0.260937 0.028125 0.028125
0 0.653125 0.171875 0.031250 0.031250
0 0.870313 0.492188 0.028125 0.028125
0 0.820312 0.346875 0.028125 0.031250
0 0.804688 0.203125 0.028125 0.031250
0 0.320312 0.335938 0.028125 0.028125
0 0.420312 0.221875 0.028125 0.031250
0 0.934375 0.203125 0.031250 0.031250
0 0.570312 0.314063 0.028125 0.028125
0 0.685937 0.345313 0.028125 0.028125
0 0.603125 0.198437 0.031250 0.028125
0 0.835938 0.376563 0.028125 0.028125
0 0.535937 0.543750 0.028125 0.031250
0 0.289062 0.164062 0.028125 0.028125
0 0.737500 0.201563 0.031250 0.028125
0 0.654687 0.690625 0.028125 0.031250
0 0.920312 0.754687 0.028125 0.028125
0 0.753125 0.462500 0.025000 0.025000
0 0.853125 0.637500 0.031250 0.031250
0 0.520312 0.515625 0.028125 0.031250
0 0.387500 0.164062 0.031250 0.028125
0 0.520312 0.570312 0.028125 0.028125
0 0.800000 0.843750 0.031250 0.031250
0 0.801562 0.432812 0.028125 0.028125
0 0.554688 0.170313 0.028125 0.028125
0 0.901563 0.317188 0.028125 0.028125
0 0.770312 0.145313 0.028125 0.028125
0 0.804688 0.143750 0.028125 0.031250
0 0.904687 0.550000 0.028125 0.031250
0 0.867188 0.376563 0.028125 0.028125
0 0.421875 0.281250 0.031250 0.031250
0 0.487500 0.342187 0.031250 0.028125
0 0.967187 0.320312 0.028125 0.028125
0 0.934375 0.553125 0.031250 0.031250
0 0.620313 0.576562 0.028125 0.028125
0 0.403125 0.425000 0.031250 0.031250
0 0.870313 0.434375 0.028125 0.031250
0 0.835938 0.317188 0.028125 0.028125
0 0.785937 0.520312 0.028125 0.028125
0 0.654687 0.517188 0.028125 0.028125
0 0.635938 0.371875 0.028125 0.031250
0 0.520312 0.110937 0.028125 0.028125
0 0.285938 0.048438 0.028125 0.028125
0 0.704688 0.432812 0.028125 0.028125
0 0.870313 0.201563 0.028125 0.028125
0 0.770312 0.607812 0.028125 0.028125
0 0.870313 0.609375 0.028125 0.031250
0 0.868750 0.317188 0.031250 0.028125
0 0.753125 0.751563 0.031250 0.028125
0 0.503125 0.545312 0.031250 0.028125
0 0.520312 0.629687 0.028125 0.028125
0 0.520312 0.340625 0.028125 0.031250
0 0.635938 0.315625 0.028125 0.031250
0 0.570312 0.254688 0.028125 0.028125
0 0.770312 0.665625 0.028125 0.025000
0 0.354687 0.164062 0.028125 0.028125
0 0.418750 0.512500 0.031250 0.031250
0 0.703125 0.375000 0.031250 0.031250
0 0.320312 0.045312 0.028125 0.028125
0 0.720313 0.634375 0.028125 0.025000
0 0.354687 0.220312 0.028125 0.028125
0 0.601562 0.489063 0.028125 0.028125
0 0.804688 0.492188 0.028125 0.028125
0 0.668750 0.375000 0.031250 0.031250
0 0.620313 0.692187 0.028125 0.028125
0 0.535937 0.659375 0.028125 0.031250
0 0.635938 0.546875 0.028125 0.031250
0 0.654687 0.401562 0.028125 0.028125
0 0.687500 0.575000 0.031250 0.031250
0 0.720313 0.289062 0.028125 0.028125
0 0.837500 0.435937 0.031250 0.028125
0 0.620313 0.168750 0.028125 0.031250
0 0.720313 0.403125 0.028125 0.031250
0 0.851562 0.460938 0.028125 0.028125
0 0.535937 0.254688 0.028125 0.028125
0 0.601562 0.257812 0.028125 0.028125
0 0.271875 0.078125 0.031250 0.031250
0 0.487500 0.515625 0.031250 0.031250
0 0.701562 0.604688 0.028125 0.028125
0 0.470313 0.542188 0.028125 0.028125
0 0.670312 0.776563 0.028125 0.028125
0 0.770312 0.432812 0.028125 0.028125
0 0.950000 0.754687 0.031250 0.028125
0 0.370312 0.367188 0.028125 0.028125
0 0.603125 0.429688 0.025000 0.028125
0 0.720313 0.520312 0.028125 0.028125
0 0.371875 0.075000 0.031250 0.031250
0 0.935937 0.320312 0.028125 0.028125
0 0.604688 0.139063 0.028125 0.028125
0 0.835938 0.028125 0.028125 0.031250
0 0.770312 0.492188 0.028125 0.028125
0 0.668750 0.142187 0.031250 0.028125
0 0.934375 0.143750 0.031250 0.031250
0 0.853125 0.231250 0.031250 0.031250
0 0.654687 0.460938 0.028125 0.028125
0 0.720313 0.576562 0.028125 0.028125
0 0.354687 0.046875 0.028125 0.031250
0 0.635938 0.660937 0.028125 0.028125
0 0.535937 0.314063 0.028125 0.028125
0 0.487500 0.282813 0.031250 0.028125
0 0.435937 0.542188 0.028125 0.028125
0 0.289062 0.278125 0.028125 0.031250
0 0.370312 0.309375 0.028125 0.031250
0 0.770312 0.781250 0.028125 0.031250
0 0.504687 0.370312 0.028125 0.028125
0 0.354687 0.281250 0.028125 0.031250
0 0.804688 0.723437 0.028125 0.028125
0 0.454688 0.223438 0.028125 0.028125
0 0.701562 0.720313 0.028125 0.028125
0 0.454688 0.165625 0.028125 0.025000
0 0.635938 0.720313 0.028125 0.028125
0 0.820312 0.814063 0.028125 0.028125
0 0.535937 0.140625 0.028125 0.031250
0 0.654687 0.345313 0.028125 0.028125
0 0.837500 0.609375 0.031250 0.031250
0 0.489063 0.457813 0.028125 0.028125
0 0.435937 0.485938 0.028125 0.028125
0 0.454688 0.282813 0.028125 0.028125
0 0.801562 0.550000 0.028125 0.031250
0 0.421875 0.042188 0.031250 0.028125
0 0.421875 0.398438 0.031250 0.028125
0 0.337500 0.367188 0.025000 0.028125
0 0.739062 0.548438 0.028125 0.028125
0 0.801562 0.028125 0.028125 0.031250
0 0.387500 0.454688 0.031250 0.028125
0 0.770312 0.723437 0.028125 0.028125
0 0.620313 0.517188 0.028125 0.028125
0 0.437500 0.309375 0.031250 0.031250
0 0.585938 0.632812 0.028125 0.028125
0 0.570312 0.371875 0.028125 0.031250
0 0.301563 0.020313 0.028125 0.028125
0 0.454688 0.342187 0.028125 0.028125
0 0.439063 0.137500 0.028125 0.031250
0 0.453125 0.515625 0.031250 0.031250
0 0.604688 0.603125 0.028125 0.025000
0 0.670312 0.720313 0.028125 0.028125
0 0.685937 0.518750 0.028125 0.031250
0 0.554688 0.515625 0.028125 0.031250
0 0.487500 0.398438 0.025000 0.028125
0 0.370312 0.251563 0.028125 0.028125
0 0.934375 0.609375 0.031250 0.031250
0 0.801562 0.376563 0.028125 0.028125
0 0.951562 0.581250 0.028125 0.031250
0 0.603125 0.314063 0.025000 0.028125
0 0.703125 0.200000 0.031250 0.031250
0 0.654687 0.632812 0.028125 0.028125
0 0.554688 0.284375 0.028125 0.031250
0 0.720313 0.117188 0.028125 0.028125
0 0.570312 0.487500 0.028125 0.031250
0 0.654687 0.285938 0.028125 0.028125
0 0.701562 0.315625 0.028125 0.031250
0 0.571875 0.139063 0.031250 0.028125
0 0.570312 0.198437 0.028125 0.028125
0 0.668750 0.489063 0.031250 0.028125
0 0.934375 0.434375 0.031250 0.031250
0 0.535937 0.485938 0.028125 0.028125
0 0.753125 0.404687 0.031250 0.028125
0 0.801562 0.317188 0.028125 0.028125
0 0.703125 0.143750 0.031250 0.031250
0 0.953125 0.406250 0.031250 0.031250
0 0.801562 0.782813 0.028125 0.028125
0 0.504687 0.254688 0.028125 0.028125
0 0.668750 0.546875 0.031250 0.031250
0 0.768750 0.317188 0.025000 0.028125
0 0.635938 0.201563 0.028125 0.028125
0 0.535937 0.601562 0.028125 0.028125
0 0.470313 0.254688 0.028125 0.028125
0 0.270313 0.134375 0.028125 0.031250
0 0.320312 0.164062 0.028125 0.028125
0 0.435937 0.195312 0.028125 0.028125
0 0.517188 0.020313 0.028125 0.028125
0 0.901563 0.028125 0.028125 0.031250
0 0.451562 0.571875 0.028125 0.025000
0 0.503125 0.485938 0.031250 0.028125
0 0.470313 0.485938 0.028125 0.028125
0 0.620313 0.285938 0.028125 0.028125
0 0.470313 0.310937 0.028125 0.028125
0 0.535937 0.081250 0.028125 0.031250
0 0.804688 0.609375 0.028125 0.031250
0 0.587500 0.168750 0.031250 0.031250
0 0.720313 0.692187 0.028125 0.028125
0 0.337500 0.310937 0.031250 0.028125
0 0.585938 0.401562 0.028125 0.028125
0 0.585938 0.342187 0.028125 0.028125
0 0.968750 0.434375 0.031250 0.031250
0 0.370312 0.484375 0.028125 0.031250
0 0.620313 0.460938 0.028125 0.028125
0 0.470313 0.368750 0.028125 0.025000
0 0.335938 0.017188 0.028125 0.028125
0 0.487500 0.054688 0.031250 0.028125
0 0.868750 0.028125 0.031250 0.031250
0 0.768750 0.031250 0.031250 0.031250
0 0.370312 0.425000 0.028125 0.031250
0 0.585938 0.573438 0.028125 0.028125
0 0.571875 0.081250 0.031250 0.031250
0 0.767188 0.839063 0.028125 0.028125
0 0.454688 0.456250 0.028125 0.031250
0 0.701562 0.548438 0.028125 0.028125
0 0.585938 0.517188 0.028125 0.028125
0 0.368750 0.017188 0.031250 0.028125
0 0.471875 0.196875 0.025000 0.025000
0 0.487500 0.226562 0.025000 0.028125
0 0.635938 0.604688 0.028125 0.028125
0 0.421875 0.456250 0.031250 0.031250
0 0.620313 0.342187 0.028125 0.028125
0 0.554688 0.457813 0.028125 0.028125
0 0.487500 0.571875 0.025000 0.025000
0 0.603125 0.371875 0.031250 0.031250
0 0.735938 0.664062 0.028125 0.028125
0 0.920312 0.814063 0.028125 0.028125
0 0.554688 0.343750 0.028125 0.031250
0 0.470313 0.426563 0.028125 0.028125
0 0.456250 0.040625 0.031250 0.031250
0 0.635938 0.081250 0.028125 0.031250
0 0.585938 0.457813 0.028125 0.028125
0 0.570312 0.660937 0.028125 0.028125
0 0.437500 0.253125 0.031250 0.031250
0 0.321875 0.220312 0.031250 0.028125
0 0.720313 0.460938 0.028125 0.028125
0 0.735938 0.031250 0.028125 0.031250
0 0.367188 0.542188 0.028125 0.028125
0 0.504687 0.429688 0.028125 0.028125
0 0.737500 0.492188 0.025000 0.028125
0 0.670312 0.664062 0.028125 0.028125
0 0.503125 0.601562 0.025000 0.028125
0 0.420312 0.570312 0.028125 0.028125
0 0.403125 0.192188 0.031250 0.028125
0 0.454688 0.398438 0.028125 0.028125
0 0.487500 0.628125 0.025000 0.025000
0 0.685937 0.289062 0.028125 0.028125
0 0.603125 0.079687 0.031250 0.028125
0 0.401562 0.542188 0.028125 0.028125
0 0.403125 0.484375 0.031250 0.031250
0 0.618750 0.748437 0.031250 0.028125
0 0.951562 0.523438 0.028125 0.028125
0 0.701562 0.489063 0.028125 0.028125
0 0.953125 0.348438 0.031250 0.028125
0 0.737500 0.721875 0.025000 0.025000
0 0.504687 0.081250 0.028125 0.031250
0 0.687500 0.059375 0.031250 0.031250
0 0.304688 0.307812 0.028125 0.028125
0 0.968750 0.145313 0.031250 0.028125
0 0.585938 0.692187 0.028125 0.028125
0 0.570312 0.601562 0.028125 0.028125
0 0.570312 0.543750 0.028125 0.031250
0 0.353125 0.514062 0.031250 0.028125
0 0.385937 0.512500 0.028125 0.031250
0 0.735938 0.317188 0.028125 0.028125
0 0.520312 0.282813 0.028125 0.028125
0 0.685937 0.114062 0.028125 0.028125
0 0.332813 0.540625 0.028125 0.031250
0 0.520312 0.457813 0.028125 0.028125
0 0.389062 0.395313 0.028125 0.028125
0 0.470313 0.601562 0.028125 0.028125
0 0.770312 0.548438 0.028125 0.028125
0 0.968750 0.609375 0.031250 0.031250
0 0.354687 0.454688 0.028125 0.028125
0 0.968750 0.376563 0.031250 0.028125
0 0.337500 0.425000 0.031250 0.031250
0 0.651563 0.748437 0.028125 0.028125
0 0.585938 0.285938 0.028125 0.028125
0 0.520312 0.054688 0.028125 0.028125
0 0.968750 0.551562 0.031250 0.028125
0 0.703125 0.031250 0.031250 0.031250
0 0.435937 0.598437 0.028125 0.028125
0 0.635938 0.776563 0.028125 0.028125
0 0.482812 0.020313 0.028125 0.028125
0 0.437500 0.426563 0.031250 0.028125
0 0.354687 0.395313 0.028125 0.028125
0 0.520312 0.689063 0.028125 0.028125
0 0.337500 0.251563 0.031250 0.028125
0 0.603125 0.720313 0.025000 0.028125
0 0.653125 0.053125 0.031250 0.031250
0 0.439063 0.071875 0.028125 0.031250
0 0.320312 0.395313 0.028125 0.028125
0 0.289062 0.337500 0.028125 0.025000
0 0.967187 0.201563 0.028125 0.028125
0 0.321875 0.278125 0.031250 0.031250
0 0.454688 0.628125 0.028125 0.025000
0 0.373437 0.192188 0.028125 0.028125
0 0.968750 0.784375 0.031250 0.031250
0 0.335938 0.192188 0.028125 0.028125
0 0.701562 0.664062 0.028125 0.028125
0 0.868750 0.843750 0.031250 0.031250
0 0.604688 0.545312 0.028125 0.028125
0 0.551562 0.689063 0.028125 0.028125
0 0.570312 0.720313 0.028125 0.028125
0 0.504687 0.660937 0.028125 0.028125
0 0.901563 0.843750 0.028125 0.031250
0 0.832812 0.845313 0.028125 0.028125
0 0.304688 0.248438 0.028125 0.028125
0 0.320312 0.510938 0.028125 0.028125
0 0.551562 0.020313 0.028125 0.028125
0 0.335938 0.482812 0.028125 0.028125
0 0.535937 0.717187 0.028125 0.028125
0 0.382812 0.570312 0.028125 0.028125
0 0.720313 0.345313 0.028125 0.028125
0 0.720313 0.804688 0.028125 0.028125
0 0.473438 0.657813 0.028125 0.028125
0 0.268750 0.020313 0.025000 0.028125
0 0.304688 0.367188 0.028125 0.028125
0 0.654687 0.114062 0.028125 0.028125
0 0.653125 0.018750 0.031250 0.031250
0 0.785937 0.348438 0.028125 0.028125
0 0.553125 0.053125 0.031250 0.031250
0 0.470313 0.081250 0.028125 0.031250
0 0.934375 0.028125 0.031250 0.031250
0 0.968750 0.031250 0.031250 0.031250
0 0.732812 0.837500 0.028125 0.031250
0 0.487500 0.689063 0.031250 0.028125
0 0.401562 0.598437 0.028125 0.028125
0 0.275000 0.309375 0.031250 0.031250
0 0.403125 0.015625 0.031250 0.031250
0 0.584375 0.750000 0.031250 0.031250
0 0.685937 0.804688 0.028125 0.028125
0 0.306250 0.190625 0.025000 0.025000
0 0.420312 0.628125 0.028125 0.031250
0 0.306250 0.479687 0.031250 0.028125
0 0.435937 0.014063 0.028125 0.028125
0 0.273438 0.367188 0.028125 0.028125
0 0.701562 0.831250 0.028125 0.031250
0 0.321875 0.451562 0.025000 0.028125
0 0.273438 0.250000 0.028125 0.031250
0 0.953125 0.814063 0.025000 0.028125
