0 0.768750 0.850000 0.031250 0.031250
0 0.659375 0.200000 0.037500 0.037500
0 0.910937 0.290625 0.028125 0.031250
0 0.146875 0.765625 0.031250 0.031250
0 0.493750 0.760938 0.037500 0.034375
0 0.215625 0.765625 0.031250 0.031250
0 0.810937 0.118750 0.028125 0.031250
0 0.879687 0.290625 0.028125 0.031250
0 0.084375 0.271875 0.031250 0.031250
0 0.132812 0.853125 0.028125 0.031250
0 0.696875 0.112500 0.037500 0.037500
0 0.518750 0.068750 0.037500 0.037500
0 0.131250 0.793750 0.031250 0.031250
0 0.132812 0.618750 0.028125 0.031250
0 0.115625 0.825000 0.031250 0.031250
0 0.512500 0.240625 0.031250 0.031250
0 0.106250 0.240625 0.031250 0.031250
0 0.853125 0.818750 0.031250 0.031250
0 0.079687 0.329688 0.028125 0.028125
0 0.106250 0.056250 0.031250 0.031250
0 0.926562 0.320312 0.028125 0.028125
0 0.243750 0.407813 0.037500 0.034375
0 0.165625 0.854688 0.031250 0.028125
0 0.693750 0.850000 0.031250 0.031250
0 0.303125 0.792188 0.031250 0.028125
0 0.100000 0.559375 0.031250 0.031250
0 0.268750 0.850000 0.031250 0.031250
0 0.096875 0.856250 0.031250 0.031250
0 0.301563 0.851562 0.028125 0.028125
0 0.184375 0.282813 0.031250 0.028125
0 0.168750 0.251563 0.031250 0.028125
0 0.721875 0.165625 0.031250 0.031250
0 0.401562 0.103125 0.028125 0.031250
0 0.165625 0.087500 0.031250 0.031250
0 0.487500 0.087500 0.031250 0.031250
0 0.921875 0.818750 0.031250 0.031250
0 0.234375 0.850000 0.031250 0.031250
0 0.829688 0.260937 0.028125 0.028125
0 0.918750 0.054688 0.031250 0.028125
0 0.870313 0.850000 0.028125 0.031250
0 0.151562 0.279687 0.028125 0.028125
0 0.937500 0.789062 0.031250 0.028125
0 0.046875 0.765625 0.031250 0.031250
0 0.915625 0.175000 0.031250 0.031250
0 0.887500 0.820312 0.031250 0.028125
0 0.146875 0.706250 0.031250 0.031250
0 0.114062 0.648438 0.028125 0.028125
0 0.925000 0.376563 0.031250 0.028125
0 0.812500 0.650000 0.031250 0.031250
0 0.167187 0.153125 0.028125 0.031250
0 0.837500 0.850000 0.031250 0.031250
0 0.801562 0.851562 0.028125 0.028125
0 0.837500 0.134375 0.031250 0.031250
0 0.246875 0.528125 0.031250 0.031250
0 0.364063 0.215625 0.028125 0.031250
0 0.796875 0.678125 0.031250 0.031250
0 0.253125 0.134375 0.031250 0.031250
0 0.968750 0.728125 0.031250 0.031250
0 0.765625 0.737500 0.031250 0.031250
0 0.581250 0.854688 0.031250 0.028125
0 0.032813 0.296875 0.028125 0.031250
0 0.828125 0.620313 0.031250 0.028125
0 0.231250 0.678125 0.031250 0.031250
0 0.148438 0.823438 0.028125 0.028125
0 0.132812 0.306250 0.028125 0.031250
0 0.776563 0.285938 0.028125 0.028125
0 0.135937 0.250000 0.028125 0.031250
0 0.121875 0.475000 0.031250 0.031250
0 0.750000 0.823438 0.031250 0.028125
0 0.890625 0.434375 0.031250 0.031250
0 0.781250 0.765625 0.031250 0.031250
0 0.779687 0.134375 0.028125 0.031250
0 0.831250 0.204687 0.031250 0.028125
0 0.059375 0.356250 0.031250 0.031250
0 0.068750 0.240625 0.031250 0.031250
0 0.250000 0.706250 0.031250 0.031250
0 0.134375 0.039062 0.031250 0.028125
0 0.148438 0.648438 0.028125 0.028125
0 0.406250 0.793750 0.031250 0.031250
0 0.834375 0.792188 0.031250 0.028125
0 0.876563 0.346875 0.028125 0.031250
0 0.370312 0.150000 0.028125 0.031250
0 0.028125 0.793750 0.031250 0.031250
0 0.098437 0.618750 0.028125 0.031250
0 0.862500 0.203125 0.031250 0.031250
0 0.928125 0.203125 0.031250 0.031250
0 0.221875 0.048438 0.031250 0.028125
0 0.401562 0.070312 0.028125 0.028125
0 0.135937 0.071875 0.028125 0.031250
0 0.546875 0.854688 0.031250 0.034375
0 0.657813 0.853125 0.034375 0.031250
0 0.300000 0.734375 0.031250 0.031250
0 0.912500 0.646875 0.031250 0.031250
0 0.048438 0.057813 0.028125 0.028125
0 0.182812 0.823438 0.028125 0.028125
0 0.960938 0.320312 0.028125 0.028125
0 0.837500 0.173437 0.031250 0.028125
0 0.334375 0.850000 0.031250 0.031250
0 0.546875 0.796875 0.031250 0.031250
0 0.500000 0.557813 0.031250 0.028125
0 0.842187 0.345313 0.028125 0.028125
0 0.892188 0.376563 0.028125 0.028125
0 0.862500 0.260937 0.031250 0.028125
0 0.893750 0.320312 0.031250 0.028125
0 0.198437 0.853125 0.028125 0.031250
0 0.942187 0.348438 0.028125 0.028125
0 0.225000 0.118750 0.031250 0.031250
0 0.062500 0.856250 0.031250 0.031250
0 0.318750 0.821875 0.031250 0.031250
0 0.237500 0.309375 0.031250 0.031250
0 0.960938 0.262500 0.028125 0.031250
0 0.065625 0.559375 0.031250 0.031250
0 0.934375 0.729688 0.031250 0.028125
0 0.937500 0.846875 0.031250 0.031250
0 0.853125 0.034375 0.037500 0.037500
0 0.079687 0.765625 0.028125 0.031250
0 0.562500 0.282813 0.031250 0.028125
0 0.167187 0.118750 0.028125 0.031250
0 0.112500 0.334375 0.031250 0.031250
0 0.037500 0.237500 0.031250 0.031250
0 0.096875 0.793750 0.031250 0.031250
0 0.873437 0.406250 0.028125 0.031250
0 0.181250 0.706250 0.031250 0.031250
0 0.042188 0.384375 0.028125 0.031250
0 0.206250 0.401562 0.031250 0.034375
0 0.857812 0.376563 0.028125 0.028125
0 0.907813 0.406250 0.028125 0.031250
0 0.334375 0.734375 0.031250 0.031250
0 0.071875 0.443750 0.031250 0.031250
0 0.251563 0.204687 0.028125 0.028125
0 0.781250 0.709375 0.031250 0.031250
0 0.106250 0.446875 0.031250 0.031250
0 0.046875 0.823438 0.031250 0.034375
0 0.337500 0.793750 0.031250 0.031250
0 0.087500 0.475000 0.031250 0.031250
0 0.253125 0.101562 0.031250 0.028125
0 0.165625 0.054688 0.031250 0.028125
0 0.843750 0.590625 0.031250 0.031250
0 0.114062 0.589063 0.028125 0.028125
0 0.934375 0.671875 0.031250 0.031250
0 0.753125 0.117188 0.031250 0.028125
0 0.214062 0.528125 0.028125 0.031250
0 0.793750 0.621875 0.031250 0.031250
0 0.251563 0.821875 0.028125 0.031250
0 0.757812 0.079687 0.028125 0.028125
0 0.165625 0.620313 0.031250 0.028125
0 0.068750 0.501563 0.031250 0.028125
0 0.528125 0.823438 0.031250 0.028125
0 0.895312 0.264062 0.028125 0.028125
0 0.096875 0.678125 0.031250 0.031250
0 0.193750 0.370312 0.031250 0.028125
0 0.734375 0.853125 0.031250 0.031250
0 0.131250 0.215625 0.031250 0.031250
0 0.075000 0.387500 0.031250 0.031250
0 0.129688 0.678125 0.028125 0.031250
0 0.540625 0.220312 0.031250 0.028125
0 0.195312 0.067187 0.028125 0.028125
0 0.779687 0.198437 0.028125 0.028125
0 0.814063 0.231250 0.028125 0.031250
0 0.281250 0.528125 0.031250 0.031250
0 0.906250 0.520312 0.031250 0.028125
0 0.807813 0.150000 0.028125 0.031250
0 0.953125 0.815625 0.031250 0.031250
0 0.281250 0.587500 0.031250 0.031250
0 0.906250 0.846875 0.031250 0.031250
0 0.562500 0.370312 0.031250 0.028125
0 0.728125 0.060937 0.031250 0.028125
0 0.284375 0.762500 0.031250 0.031250
0 0.779687 0.164062 0.028125 0.028125
0 0.109375 0.089063 0.031250 0.028125
0 0.340625 0.165625 0.031250 0.031250
0 0.112500 0.765625 0.031250 0.031250
0 0.246875 0.470313 0.031250 0.028125
0 0.914062 0.085938 0.028125 0.028125
0 0.440625 0.853125 0.031250 0.031250
0 0.165625 0.310937 0.031250 0.028125
0 0.665625 0.568750 0.031250 0.031250
0 0.181250 0.648438 0.031250 0.028125
0 0.587500 0.740625 0.031250 0.031250
0 0.234375 0.793750 0.031250 0.031250
0 0.268750 0.792188 0.031250 0.028125
0 0.765625 0.793750 0.031250 0.031250
0 0.223438 0.184375 0.028125 0.031250
0 0.600000 0.828125 0.031250 0.031250
0 0.090625 0.418750 0.031250 0.031250
0 0.846875 0.231250 0.031250 0.031250
0 0.464062 0.557813 0.028125 0.028125
0 0.842187 0.101562 0.028125 0.028125
0 0.081250 0.178125 0.031250 0.031250
0 0.842187 0.404687 0.028125 0.028125
0 0.393750 0.201563 0.031250 0.028125
0 0.895312 0.148438 0.028125 0.028125
0 0.196875 0.439063 0.031250 0.034375
0 0.532813 0.765625 0.028125 0.031250
0 0.287500 0.350000 0.031250 0.031250
0 0.898438 0.675000 0.028125 0.031250
0 0.056250 0.157812 0.031250 0.028125
0 0.343750 0.132812 0.031250 0.028125
0 0.734375 0.796875 0.031250 0.031250
0 0.050000 0.528125 0.031250 0.031250
0 0.657813 0.740625 0.034375 0.037500
0 0.373437 0.118750 0.028125 0.031250
0 0.200000 0.793750 0.031250 0.031250
0 0.146875 0.459375 0.031250 0.031250
0 0.475000 0.853125 0.031250 0.031250
0 0.198437 0.314063 0.028125 0.028125
0 0.692187 0.181250 0.028125 0.031250
0 0.065625 0.618750 0.031250 0.031250
0 0.781250 0.229687 0.031250 0.028125
0 0.303125 0.276562 0.031250 0.028125
0 0.393750 0.234375 0.031250 0.031250
0 0.084375 0.531250 0.031250 0.031250
0 0.782813 0.421875 0.028125 0.031250
0 0.354687 0.762500 0.034375 0.031250
0 0.489063 0.120313 0.028125 0.028125
0 0.542188 0.395313 0.028125 0.028125
0 0.081250 0.589063 0.031250 0.028125
0 0.053125 0.471875 0.031250 0.031250
0 0.765625 0.356250 0.031250 0.031250
0 0.923438 0.434375 0.028125 0.031250
0 0.745313 0.292187 0.028125 0.028125
0 0.551562 0.531250 0.028125 0.031250
0 0.054688 0.198437 0.034375 0.034375
0 0.359375 0.282813 0.031250 0.028125
0 0.829688 0.315625 0.028125 0.031250
0 0.565625 0.562500 0.031250 0.031250
0 0.945312 0.290625 0.028125 0.031250
0 0.942187 0.406250 0.028125 0.031250
0 0.953125 0.759375 0.031250 0.031250
0 0.779687 0.651563 0.028125 0.028125
0 0.657813 0.793750 0.034375 0.031250
0 0.215625 0.823438 0.031250 0.028125
0 0.093750 0.359375 0.031250 0.031250
0 0.939063 0.521875 0.028125 0.031250
0 0.198437 0.678125 0.028125 0.031250
0 0.062500 0.793750 0.031250 0.031250
0 0.046875 0.325000 0.031250 0.031250
0 0.406250 0.853125 0.031250 0.031250
0 0.843750 0.650000 0.031250 0.031250
0 0.946875 0.078125 0.031250 0.031250
0 0.165625 0.559375 0.031250 0.031250
0 0.909375 0.350000 0.031250 0.031250
0 0.484375 0.218750 0.031250 0.031250
0 0.451562 0.415625 0.028125 0.031250
0 0.220312 0.253125 0.028125 0.031250
0 0.251563 0.067187 0.028125 0.028125
0 0.509375 0.853125 0.031250 0.031250
0 0.131250 0.734375 0.031250 0.031250
0 0.050000 0.090625 0.031250 0.031250
0 0.521875 0.423438 0.031250 0.028125
0 0.907813 0.464062 0.028125 0.028125
0 0.834375 0.734375 0.031250 0.031250
0 0.426563 0.151562 0.028125 0.028125
0 0.181250 0.589063 0.031250 0.028125
0 0.287500 0.821875 0.031250 0.031250
0 0.971875 0.520312 0.031250 0.028125
0 0.514062 0.587500 0.028125 0.031250
0 0.368750 0.731250 0.031250 0.031250
0 0.860938 0.559375 0.028125 0.031250
0 0.231250 0.734375 0.031250 0.031250
0 0.882812 0.092188 0.028125 0.028125
0 0.971875 0.464062 0.031250 0.028125
0 0.881250 0.178125 0.031250 0.031250
0 0.762500 0.256250 0.031250 0.031250
0 0.626563 0.296875 0.028125 0.031250
0 0.132812 0.562500 0.028125 0.031250
0 0.023438 0.410938 0.028125 0.028125
0 0.423438 0.823438 0.028125 0.028125
0 0.079687 0.071875 0.028125 0.031250
0 0.635938 0.509375 0.028125 0.031250
0 0.273438 0.290625 0.028125 0.031250
0 0.371875 0.853125 0.031250 0.031250
0 0.431250 0.087500 0.031250 0.031250
0 0.075000 0.040625 0.031250 0.031250
0 0.421875 0.765625 0.031250 0.031250
0 0.196875 0.201563 0.031250 0.028125
0 0.762500 0.681250 0.031250 0.031250
0 0.751563 0.150000 0.028125 0.031250
0 0.331250 0.264062 0.031250 0.028125
0 0.198437 0.735938 0.028125 0.028125
0 0.109375 0.390625 0.031250 0.031250
0 0.231250 0.557813 0.031250 0.028125
0 0.573438 0.314063 0.028125 0.028125
0 0.785937 0.065625 0.028125 0.031250
0 0.860938 0.317188 0.028125 0.028125
0 0.584375 0.534375 0.031250 0.031250
0 0.956250 0.434375 0.031250 0.031250
0 0.065625 0.298438 0.031250 0.028125
0 0.635938 0.142187 0.028125 0.028125
0 0.450000 0.267188 0.031250 0.028125
0 0.548438 0.589063 0.028125 0.028125
0 0.198437 0.618750 0.028125 0.031250
0 0.103125 0.023438 0.031250 0.028125
0 0.807813 0.400000 0.028125 0.031250
0 0.126562 0.362500 0.028125 0.031250
0 0.460938 0.103125 0.028125 0.031250
0 0.167187 0.187500 0.028125 0.031250
0 0.214062 0.706250 0.028125 0.031250
0 0.550000 0.339062 0.031250 0.028125
0 0.679688 0.653125 0.028125 0.031250
0 0.635938 0.326562 0.028125 0.028125
0 0.079687 0.825000 0.028125 0.031250
0 0.262500 0.440625 0.031250 0.031250
0 0.331250 0.675000 0.031250 0.031250
0 0.581250 0.590625 0.031250 0.031250
0 0.056250 0.412500 0.031250 0.031250
0 0.278125 0.225000 0.031250 0.031250
0 0.250000 0.765625 0.031250 0.031250
0 0.745313 0.595313 0.028125 0.028125
0 0.820312 0.821875 0.028125 0.031250
0 0.312500 0.179688 0.031250 0.028125
0 0.343750 0.068750 0.031250 0.031250
0 0.381250 0.703125 0.031250 0.031250
0 0.081250 0.104688 0.031250 0.028125
0 0.145313 0.335938 0.028125 0.028125
0 0.457813 0.070312 0.028125 0.028125
0 0.117188 0.532813 0.028125 0.028125
0 0.620313 0.740625 0.028125 0.031250
0 0.692187 0.310937 0.028125 0.028125
0 0.096875 0.735938 0.031250 0.028125
0 0.225000 0.153125 0.031250 0.031250
0 0.604688 0.151562 0.028125 0.028125
0 0.085938 0.212500 0.028125 0.031250
0 0.262500 0.500000 0.031250 0.031250
0 0.037500 0.443750 0.031250 0.031250
0 0.281250 0.412500 0.031250 0.031250
0 0.956250 0.493750 0.031250 0.031250
0 0.865625 0.678125 0.031250 0.031250
0 0.868750 0.790625 0.031250 0.031250
0 0.640625 0.823438 0.031250 0.034375
0 0.053125 0.268750 0.031250 0.031250
0 0.812500 0.084375 0.031250 0.031250
0 0.621875 0.853125 0.031250 0.031250
0 0.650000 0.537500 0.031250 0.031250
0 0.370312 0.793750 0.028125 0.031250
0 0.582812 0.345313 0.028125 0.028125
0 0.165625 0.793750 0.031250 0.031250
0 0.801562 0.792188 0.028125 0.028125
0 0.181250 0.528125 0.031250 0.031250
0 0.343750 0.100000 0.031250 0.031250
0 0.795312 0.259375 0.028125 0.031250
0 0.814063 0.706250 0.028125 0.031250
0 0.415625 0.325000 0.031250 0.031250
0 0.454688 0.168750 0.028125 0.031250
0 0.312500 0.115625 0.031250 0.031250
0 0.668750 0.240625 0.031250 0.031250
0 0.553125 0.737500 0.031250 0.031250
0 0.034375 0.500000 0.031250 0.031250
0 0.714063 0.767188 0.028125 0.028125
0 0.631250 0.565625 0.031250 0.031250
0 0.223438 0.085938 0.028125 0.028125
0 0.787500 0.318750 0.031250 0.031250
0 0.323437 0.329688 0.028125 0.028125
0 0.509375 0.393750 0.031250 0.031250
0 0.365625 0.671875 0.031250 0.031250
0 0.245312 0.345313 0.028125 0.028125
0 0.481250 0.531250 0.031250 0.031250
0 0.485938 0.329688 0.028125 0.028125
0 0.314063 0.646875 0.028125 0.031250
0 0.946875 0.168750 0.031250 0.031250
0 0.318750 0.762500 0.031250 0.031250
0 0.950000 0.700000 0.031250 0.031250
0 0.818750 0.762500 0.031250 0.031250
0 0.853125 0.071875 0.031250 0.031250
0 0.387500 0.765625 0.031250 0.031250
0 0.181250 0.765625 0.031250 0.031250
0 0.196875 0.167187 0.031250 0.028125
0 0.484375 0.417187 0.031250 0.028125
0 0.759375 0.048438 0.031250 0.028125
0 0.281250 0.153125 0.031250 0.031250
0 0.615625 0.796875 0.031250 0.031250
0 0.850000 0.704688 0.031250 0.028125
0 0.453125 0.328125 0.031250 0.031250
0 0.281250 0.470313 0.031250 0.028125
0 0.400000 0.135937 0.031250 0.028125
0 0.262500 0.557813 0.031250 0.028125
0 0.681250 0.596875 0.031250 0.031250
0 0.493750 0.821875 0.031250 0.031250
0 0.468750 0.387500 0.031250 0.031250
0 0.568750 0.765625 0.031250 0.031250
0 0.976562 0.290625 0.028125 0.031250
0 0.825000 0.056250 0.031250 0.031250
0 0.253125 0.034375 0.031250 0.031250
0 0.754687 0.325000 0.028125 0.031250
0 0.725000 0.231250 0.031250 0.031250
0 0.464062 0.614062 0.028125 0.028125
0 0.904687 0.117188 0.028125 0.028125
0 0.782813 0.100000 0.028125 0.031250
0 0.760938 0.625000 0.028125 0.031250
0 0.267188 0.734375 0.028125 0.031250
0 0.534375 0.501563 0.031250 0.028125
0 0.131250 0.425000 0.031250 0.031250
0 0.032813 0.557813 0.028125 0.028125
0 0.118750 0.276562 0.031250 0.028125
0 0.215625 0.587500 0.031250 0.031250
0 0.459375 0.823438 0.031250 0.028125
0 0.179688 0.339062 0.028125 0.028125
0 0.571875 0.503125 0.031250 0.031250
0 0.429688 0.118750 0.028125 0.031250
0 0.498437 0.446875 0.028125 0.031250
0 0.923438 0.493750 0.028125 0.031250
0 0.028125 0.353125 0.031250 0.031250
0 0.850000 0.762500 0.031250 0.031250
0 0.425000 0.185938 0.031250 0.028125
0 0.698438 0.568750 0.028125 0.031250
0 0.896875 0.206250 0.031250 0.031250
0 0.115625 0.706250 0.031250 0.031250
0 0.878125 0.234375 0.031250 0.031250
0 0.623437 0.390625 0.028125 0.031250
0 0.926562 0.264062 0.028125 0.028125
0 0.023438 0.075000 0.028125 0.031250
0 0.512500 0.793750 0.031250 0.031250
0 0.548438 0.118750 0.028125 0.031250
0 0.695312 0.215625 0.028125 0.031250
0 0.550000 0.251563 0.031250 0.028125
0 0.712500 0.287500 0.031250 0.031250
0 0.021875 0.209375 0.031250 0.031250
0 0.282813 0.190625 0.028125 0.031250
0 0.457813 0.135937 0.028125 0.028125
0 0.810937 0.593750 0.028125 0.031250
0 0.314063 0.145313 0.028125 0.028125
0 0.081250 0.648438 0.031250 0.028125
0 0.162500 0.735938 0.031250 0.028125
0 0.315625 0.704688 0.031250 0.028125
0 0.750000 0.182812 0.031250 0.028125
0 0.229687 0.500000 0.028125 0.031250
0 0.828125 0.678125 0.031250 0.031250
0 0.728125 0.095312 0.031250 0.028125
0 0.421875 0.218750 0.031250 0.031250
0 0.971875 0.846875 0.031250 0.031250
0 0.532813 0.557813 0.028125 0.028125
0 0.928125 0.143750 0.031250 0.031250
0 0.678125 0.825000 0.031250 0.031250
0 0.448437 0.528125 0.028125 0.031250
0 0.373437 0.085938 0.028125 0.028125
0 0.214062 0.470313 0.028125 0.028125
0 0.282813 0.706250 0.028125 0.031250
0 0.856250 0.432812 0.031250 0.028125
0 0.265625 0.675000 0.031250 0.031250
0 0.500000 0.362500 0.031250 0.031250
0 0.715625 0.823438 0.031250 0.028125
0 0.181250 0.465625 0.031250 0.031250
0 0.353125 0.821875 0.031250 0.031250
0 0.604688 0.507812 0.028125 0.028125
0 0.904687 0.789062 0.028125 0.028125
0 0.195312 0.103125 0.028125 0.031250
0 0.934375 0.110937 0.031250 0.028125
0 0.939063 0.464062 0.028125 0.028125
0 0.787500 0.034375 0.031250 0.031250
0 0.760938 0.565625 0.028125 0.031250
0 0.582812 0.796875 0.028125 0.031250
0 0.496875 0.275000 0.031250 0.031250
0 0.798438 0.735938 0.028125 0.028125
0 0.845313 0.289062 0.028125 0.028125
0 0.164062 0.676562 0.028125 0.028125
0 0.712500 0.653125 0.031250 0.031250
0 0.296875 0.500000 0.031250 0.031250
0 0.917188 0.703125 0.028125 0.031250
0 0.810937 0.289062 0.028125 0.028125
0 0.139063 0.104688 0.028125 0.028125
0 0.604688 0.320312 0.028125 0.028125
0 0.196875 0.135937 0.031250 0.028125
0 0.518750 0.531250 0.031250 0.031250
0 0.537500 0.453125 0.031250 0.031250
0 0.159375 0.367188 0.031250 0.028125
0 0.959375 0.378125 0.031250 0.031250
0 0.973437 0.579688 0.028125 0.028125
0 0.350000 0.704688 0.031250 0.028125
0 0.650000 0.271875 0.031250 0.031250
0 0.028125 0.178125 0.031250 0.031250
0 0.596875 0.620313 0.031250 0.028125
0 0.256250 0.171875 0.031250 0.031250
0 0.417187 0.414062 0.028125 0.028125
0 0.335938 0.229687 0.028125 0.028125
0 0.296875 0.557813 0.031250 0.028125
0 0.507812 0.303125 0.028125 0.031250
0 0.396875 0.673438 0.031250 0.028125
0 0.628125 0.478125 0.031250 0.031250
0 0.456250 0.762500 0.031250 0.031250
0 0.671875 0.056250 0.031250 0.031250
0 0.645312 0.357812 0.028125 0.028125
0 0.595313 0.290625 0.028125 0.031250
0 0.051562 0.125000 0.028125 0.031250
0 0.510938 0.170313 0.028125 0.028125
0 0.100000 0.303125 0.031250 0.031250
0 0.032813 0.617188 0.028125 0.028125
0 0.787500 0.821875 0.031250 0.031250
0 0.578125 0.709375 0.031250 0.031250
0 0.643750 0.709375 0.031250 0.031250
0 0.165625 0.495312 0.031250 0.034375
0 0.564063 0.825000 0.028125 0.031250
0 0.862500 0.153125 0.031250 0.031250
0 0.348438 0.348438 0.028125 0.028125
0 0.360938 0.248438 0.028125 0.028125
0 0.529687 0.367188 0.028125 0.028125
0 0.175000 0.396875 0.031250 0.031250
0 0.296875 0.675000 0.031250 0.031250
0 0.221875 0.217188 0.031250 0.028125
0 0.698438 0.076563 0.028125 0.028125
0 0.140625 0.393750 0.031250 0.031250
0 0.398438 0.167187 0.028125 0.028125
0 0.595313 0.476562 0.028125 0.028125
0 0.148438 0.589063 0.028125 0.028125
0 0.296875 0.443750 0.031250 0.031250
0 0.250000 0.240625 0.031250 0.031250
0 0.614062 0.593750 0.028125 0.031250
0 0.520312 0.734375 0.028125 0.031250
0 0.481250 0.587500 0.031250 0.031250
0 0.721875 0.198437 0.031250 0.028125
0 0.940625 0.581250 0.031250 0.031250
0 0.245312 0.270313 0.028125 0.028125
0 0.339062 0.196875 0.028125 0.031250
0 0.700000 0.253125 0.031250 0.031250
0 0.262500 0.375000 0.031250 0.031250
0 0.512500 0.203125 0.031250 0.031250
0 0.746875 0.710938 0.031250 0.028125
0 0.828125 0.375000 0.031250 0.031250
0 0.103125 0.503125 0.031250 0.031250
0 0.412500 0.287500 0.031250 0.031250
0 0.485938 0.053125 0.028125 0.031250
0 0.962500 0.203125 0.031250 0.031250
0 0.729688 0.679688 0.028125 0.028125
0 0.750000 0.215625 0.031250 0.031250
0 0.581250 0.067187 0.031250 0.028125
0 0.328125 0.296875 0.031250 0.031250
0 0.879687 0.648438 0.028125 0.028125
0 0.281250 0.084375 0.031250 0.031250
0 0.021875 0.470313 0.031250 0.028125
0 0.732812 0.029687 0.028125 0.028125
0 0.050000 0.589063 0.031250 0.028125
0 0.387500 0.267188 0.031250 0.028125
0 0.698438 0.798438 0.028125 0.028125
0 0.712500 0.596875 0.031250 0.031250
0 0.910937 0.234375 0.028125 0.031250
0 0.165625 0.220312 0.031250 0.028125
0 0.545312 0.154688 0.028125 0.028125
0 0.228125 0.375000 0.031250 0.031250
0 0.884375 0.059375 0.031250 0.031250
0 0.598437 0.564063 0.028125 0.028125
0 0.476562 0.793750 0.034375 0.031250
0 0.778125 0.595313 0.031250 0.028125
0 0.553125 0.084375 0.031250 0.031250
0 0.403125 0.356250 0.031250 0.031250
0 0.353125 0.315625 0.031250 0.031250
0 0.745313 0.651563 0.028125 0.028125
0 0.540625 0.307812 0.031250 0.028125
0 0.968750 0.787500 0.031250 0.031250
0 0.496875 0.615625 0.031250 0.031250
0 0.443750 0.298438 0.031250 0.028125
0 0.312500 0.081250 0.031250 0.031250
0 0.617188 0.265625 0.028125 0.031250
0 0.434375 0.734375 0.031250 0.031250
0 0.601562 0.768750 0.028125 0.031250
0 0.582812 0.259375 0.028125 0.031250
0 0.298438 0.310937 0.028125 0.028125
0 0.062500 0.734375 0.031250 0.031250
0 0.729688 0.565625 0.028125 0.031250
0 0.660937 0.681250 0.028125 0.031250
0 0.368750 0.182812 0.031250 0.028125
0 0.110937 0.190625 0.028125 0.031250
0 0.973437 0.348438 0.028125 0.028125
0 0.945312 0.234375 0.028125 0.031250
0 0.581250 0.101562 0.031250 0.028125
0 0.723437 0.132812 0.028125 0.028125
0 0.729688 0.739062 0.028125 0.028125
0 0.956250 0.550000 0.031250 0.031250
0 0.387500 0.821875 0.031250 0.031250
0 0.281250 0.646875 0.031250 0.031250
0 0.517188 0.335938 0.028125 0.028125
0 0.484375 0.184375 0.031250 0.031250
0 0.193750 0.034375 0.031250 0.031250
0 0.664062 0.164062 0.028125 0.028125
0 0.746875 0.767188 0.031250 0.028125
0 0.773438 0.390625 0.028125 0.031250
0 0.592187 0.375000 0.028125 0.031250
0 0.562500 0.475000 0.031250 0.031250
0 0.403125 0.734375 0.031250 0.031250
0 0.081250 0.140625 0.031250 0.031250
0 0.485938 0.153125 0.028125 0.031250
0 0.882812 0.703125 0.028125 0.031250
0 0.942187 0.640625 0.028125 0.031250
0 0.806250 0.182812 0.031250 0.028125
0 0.459375 0.037500 0.031250 0.031250
0 0.306250 0.243750 0.031250 0.031250
0 0.134375 0.506250 0.031250 0.031250
0 0.723437 0.317188 0.028125 0.028125
0 0.893750 0.553125 0.031250 0.031250
0 0.609375 0.709375 0.031250 0.031250
0 0.429688 0.557813 0.028125 0.028125
0 0.614062 0.351562 0.028125 0.028125
0 0.818750 0.431250 0.031250 0.031250
0 0.701562 0.042188 0.028125 0.028125
0 0.196875 0.500000 0.031250 0.031250
0 0.796875 0.368750 0.031250 0.031250
0 0.440625 0.793750 0.031250 0.031250
0 0.268750 0.323437 0.031250 0.028125
0 0.212500 0.343750 0.031250 0.031250
0 0.682813 0.540625 0.028125 0.031250
0 0.573438 0.400000 0.028125 0.031250
0 0.314063 0.587500 0.028125 0.031250
0 0.467187 0.445312 0.028125 0.028125
0 0.431250 0.054688 0.031250 0.028125
0 0.654687 0.389062 0.028125 0.028125
0 0.420312 0.254688 0.028125 0.028125
0 0.614062 0.448437 0.028125 0.028125
0 0.556250 0.428125 0.031250 0.031250
0 0.675000 0.025000 0.031250 0.031250
0 0.275000 0.257812 0.031250 0.028125
0 0.434375 0.356250 0.031250 0.031250
0 0.692187 0.150000 0.028125 0.031250
0 0.515625 0.475000 0.031250 0.031250
0 0.648438 0.595313 0.028125 0.028125
0 0.198437 0.557813 0.028125 0.028125
0 0.025000 0.109375 0.031250 0.031250
0 0.215625 0.287500 0.031250 0.031250
0 0.957812 0.609375 0.028125 0.031250
0 0.018750 0.265625 0.031250 0.031250
0 0.500000 0.503125 0.031250 0.031250
0 0.465625 0.501563 0.031250 0.028125
0 0.445312 0.587500 0.028125 0.031250
0 0.214062 0.648438 0.028125 0.028125
0 0.475000 0.298438 0.031250 0.028125
0 0.398438 0.557813 0.028125 0.028125
0 0.431250 0.673438 0.031250 0.028125
0 0.635938 0.240625 0.028125 0.031250
0 0.307812 0.210938 0.028125 0.028125
0 0.028125 0.856250 0.031250 0.031250
0 0.434375 0.387500 0.031250 0.031250
0 0.162500 0.428125 0.031250 0.031250
0 0.732812 0.260937 0.028125 0.028125
0 0.634375 0.771875 0.031250 0.031250
0 0.026562 0.143750 0.028125 0.031250
0 0.314063 0.528125 0.028125 0.031250
0 0.231250 0.440625 0.031250 0.031250
0 0.657813 0.301563 0.028125 0.028125
0 0.978125 0.175000 0.031250 0.031250
0 0.281250 0.118750 0.031250 0.031250
0 0.281250 0.053125 0.031250 0.031250
0 0.046875 0.025000 0.031250 0.031250
0 0.576562 0.165625 0.028125 0.031250
0 0.528125 0.276562 0.031250 0.028125
0 0.593750 0.678125 0.031250 0.031250
0 0.478125 0.250000 0.031250 0.031250
0 0.448437 0.232813 0.028125 0.028125
0 0.717187 0.404687 0.028125 0.028125
0 0.578125 0.132812 0.031250 0.028125
0 0.518750 0.104688 0.031250 0.028125
0 0.415625 0.704688 0.031250 0.028125
0 0.968750 0.106250 0.031250 0.031250
0 0.871875 0.521875 0.031250 0.031250
0 0.314063 0.048438 0.028125 0.028125
0 0.600000 0.418750 0.031250 0.031250
0 0.384375 0.303125 0.031250 0.031250
0 0.515625 0.137500 0.031250 0.031250
0 0.296875 0.615625 0.031250 0.031250
0 0.875000 0.464062 0.031250 0.028125
0 0.415625 0.529687 0.031250 0.028125
0 0.465625 0.356250 0.031250 0.031250
0 0.292187 0.381250 0.028125 0.031250
0 0.670312 0.332813 0.028125 0.028125
0 0.975000 0.637500 0.031250 0.031250
0 0.454688 0.203125 0.028125 0.031250
0 0.553125 0.053125 0.031250 0.031250
0 0.378125 0.335938 0.031250 0.028125
0 0.150000 0.532813 0.031250 0.028125
0 0.081250 0.706250 0.031250 0.031250
0 0.642188 0.040625 0.028125 0.031250
0 0.540625 0.185938 0.031250 0.028125
0 0.628125 0.681250 0.031250 0.031250
0 0.729688 0.623437 0.028125 0.028125
0 0.346875 0.643750 0.031250 0.031250
0 0.860938 0.618750 0.028125 0.031250
0 0.975000 0.062500 0.031250 0.031250
0 0.890625 0.492188 0.031250 0.028125
0 0.195312 0.232813 0.028125 0.028125
0 0.164062 0.021875 0.028125 0.031250
0 0.137500 0.168750 0.031250 0.031250
0 0.959375 0.137500 0.031250 0.031250
0 0.631250 0.175000 0.031250 0.031250
0 0.018750 0.043750 0.031250 0.031250
0 0.965625 0.671875 0.031250 0.031250
0 0.809375 0.340625 0.031250 0.031250
0 0.315625 0.406250 0.031250 0.031250
0 0.531250 0.617188 0.031250 0.028125
0 0.543750 0.706250 0.031250 0.031250
0 0.668750 0.510938 0.031250 0.028125
0 0.665625 0.131250 0.031250 0.031250
0 0.748437 0.414062 0.028125 0.028125
0 0.284375 0.021875 0.031250 0.031250
0 0.678125 0.278125 0.031250 0.031250
0 0.795312 0.564063 0.028125 0.028125
0 0.696875 0.626563 0.031250 0.028125
0 0.681250 0.771875 0.031250 0.031250
0 0.581250 0.446875 0.031250 0.031250
0 0.667188 0.089063 0.028125 0.028125
0 0.976562 0.234375 0.028125 0.031250
0 0.221875 0.015625 0.031250 0.031250
0 0.921875 0.021875 0.031250 0.031250
0 0.612500 0.054688 0.025000 0.028125
0 0.521875 0.032813 0.031250 0.034375
0 0.617188 0.537500 0.028125 0.031250
0 0.695312 0.682813 0.028125 0.028125
0 0.317188 0.360938 0.028125 0.028125
0 0.445312 0.643750 0.028125 0.031250
0 0.371875 0.054688 0.031250 0.028125
0 0.564063 0.620313 0.028125 0.028125
0 0.826562 0.564063 0.028125 0.028125
0 0.676562 0.367188 0.028125 0.028125
0 0.479687 0.643750 0.028125 0.031250
0 0.329688 0.443750 0.028125 0.031250
0 0.614062 0.651563 0.028125 0.028125
0 0.414062 0.585938 0.028125 0.028125
0 0.364063 0.442188 0.028125 0.028125
0 0.739062 0.379688 0.028125 0.028125
0 0.510938 0.701562 0.028125 0.028125
0 0.818750 0.025000 0.031250 0.031250
0 0.609375 0.120313 0.031250 0.028125
0 0.920312 0.759375 0.028125 0.031250
0 0.329688 0.500000 0.028125 0.031250
0 0.314063 0.470313 0.028125 0.028125
0 0.926562 0.610938 0.028125 0.028125
0 0.248438 0.589063 0.028125 0.028125
0 0.018750 0.526563 0.031250 0.028125
0 0.468750 0.734375 0.031250 0.031250
0 0.632812 0.421875 0.028125 0.031250
0 0.584375 0.034375 0.031250 0.031250
0 0.343750 0.034375 0.031250 0.031250
0 0.614062 0.020313 0.028125 0.028125
0 0.685937 0.398438 0.028125 0.028125
0 0.329688 0.617188 0.028125 0.028125
0 0.759375 0.445312 0.031250 0.028125
0 0.381250 0.646875 0.031250 0.031250
0 0.485938 0.018750 0.028125 0.031250
0 0.760938 0.017188 0.028125 0.028125
0 0.953125 0.021875 0.031250 0.031250
0 0.017188 0.587500 0.028125 0.031250
0 0.843750 0.534375 0.031250 0.031250
0 0.868750 0.120313 0.031250 0.028125
0 0.028125 0.734375 0.031250 0.031250
0 0.329688 0.557813 0.028125 0.028125
0 0.890625 0.026562 0.031250 0.034375
0 0.015625 0.323437 0.031250 0.028125
0 0.448437 0.704688 0.028125 0.028125
0 0.396875 0.500000 0.031250 0.031250
0 0.626563 0.207813 0.028125 0.028125
0 0.382812 0.414062 0.028125 0.028125
0 0.315625 0.017188 0.031250 0.028125
0 0.976562 0.406250 0.028125 0.031250
0 0.401562 0.389062 0.028125 0.028125
0 0.484375 0.473438 0.031250 0.028125
0 0.640625 0.109375 0.031250 0.031250
0 0.109375 0.156250 0.031250 0.031250
0 0.375000 0.371875 0.031250 0.031250
0 0.429688 0.445312 0.028125 0.028125
0 0.709375 0.712500 0.031250 0.031250
0 0.678125 0.709375 0.031250 0.031250
0 0.135937 0.137500 0.028125 0.031250
0 0.760938 0.507812 0.028125 0.028125
0 0.603125 0.232813 0.031250 0.028125
0 0.867188 0.734375 0.034375 0.031250
0 0.553125 0.018750 0.031250 0.031250
0 0.982812 0.698438 0.028125 0.028125
