0 0.089063 0.920312 0.028125 0.028125
0 0.190625 0.554688 0.031250 0.028125
0 0.642188 0.687500 0.028125 0.031250
0 0.606250 0.828125 0.031250 0.031250
0 0.089063 0.954688 0.028125 0.028125
0 0.151562 0.764062 0.028125 0.028125
0 0.721875 0.893750 0.031250 0.031250
0 0.148438 0.795312 0.028125 0.028125
0 0.095312 0.698438 0.028125 0.028125
0 0.435937 0.826562 0.028125 0.028125
0 0.235937 0.779687 0.028125 0.028125
0 0.575000 0.975000 0.031250 0.031250
0 0.464062 0.810937 0.028125 0.028125
0 0.639062 0.846875 0.028125 0.031250
0 0.781250 0.921875 0.031250 0.031250
0 0.784375 0.856250 0.031250 0.031250
0 0.437500 0.893750 0.031250 0.031250
0 0.518750 0.845313 0.031250 0.028125
0 0.718750 0.800000 0.031250 0.031250
0 0.639062 0.814063 0.028125 0.028125
0 0.148438 0.889062 0.028125 0.028125
0 0.576562 0.592187 0.028125 0.028125
0 0.073438 0.520312 0.028125 0.028125
0 0.118750 0.907813 0.031250 0.028125
0 0.154688 0.701562 0.028125 0.028125
0 0.179688 0.812500 0.028125 0.031250
0 0.610938 0.734375 0.028125 0.031250
0 0.060937 0.935937 0.028125 0.028125
0 0.690625 0.815625 0.031250 0.031250
0 0.518750 0.559375 0.031250 0.031250
0 0.207813 0.764062 0.028125 0.028125
0 0.123438 0.810937 0.028125 0.028125
0 0.784375 0.890625 0.031250 0.031250
0 0.721875 0.926562 0.031250 0.028125
0 0.207813 0.795312 0.028125 0.028125
0 0.721875 0.862500 0.031250 0.031250
0 0.148438 0.857812 0.028125 0.028125
0 0.182812 0.685937 0.028125 0.028125
0 0.104688 0.573438 0.028125 0.028125
0 0.092188 0.545312 0.028125 0.028125
0 0.237500 0.685937 0.031250 0.028125
0 0.154688 0.732812 0.028125 0.028125
0 0.578125 0.715625 0.031250 0.031250
0 0.639062 0.942187 0.028125 0.028125
0 0.693750 0.975000 0.031250 0.031250
0 0.315625 0.428125 0.031250 0.031250
0 0.609375 0.796875 0.031250 0.031250
0 0.123438 0.779687 0.028125 0.028125
0 0.379688 0.795312 0.028125 0.028125
0 0.179688 0.779687 0.028125 0.028125
0 0.575000 0.809375 0.031250 0.031250
0 0.639062 0.910937 0.028125 0.028125
0 0.123438 0.717187 0.028125 0.028125
0 0.545312 0.576562 0.028125 0.028125
0 0.489063 0.578125 0.028125 0.031250
0 0.607812 0.701562 0.028125 0.028125
0 0.692187 0.909375 0.028125 0.031250
0 0.464062 0.845313 0.028125 0.028125
0 0.639062 0.878125 0.028125 0.031250
0 0.176563 0.845313 0.028125 0.028125
0 0.575000 0.525000 0.031250 0.031250
0 0.435937 0.860938 0.028125 0.028125
0 0.578125 0.943750 0.031250 0.031250
0 0.551562 0.465625 0.028125 0.031250
0 0.120313 0.873437 0.028125 0.028125
0 0.182812 0.623437 0.028125 0.028125
0 0.639062 0.782813 0.028125 0.028125
0 0.264062 0.760938 0.028125 0.028125
0 0.382812 0.859375 0.028125 0.031250
0 0.407813 0.593750 0.028125 0.031250
0 0.089063 0.493750 0.028125 0.031250
0 0.323437 0.576562 0.028125 0.028125
0 0.435937 0.764062 0.028125 0.028125
0 0.750000 0.818750 0.031250 0.031250
0 0.573438 0.557813 0.028125 0.028125
0 0.520312 0.750000 0.028125 0.031250
0 0.142187 0.523438 0.028125 0.028125
0 0.184375 0.495312 0.031250 0.028125
0 0.071875 0.621875 0.031250 0.031250
0 0.639062 0.717187 0.028125 0.028125
0 0.784375 0.953125 0.031250 0.031250
0 0.695312 0.846875 0.028125 0.031250
0 0.518750 0.881250 0.031250 0.031250
0 0.576562 0.653125 0.028125 0.031250
0 0.692187 0.878125 0.028125 0.031250
0 0.468750 0.459375 0.031250 0.031250
0 0.753125 0.875000 0.031250 0.031250
0 0.751563 0.907813 0.028125 0.028125
0 0.143750 0.414062 0.031250 0.028125
0 0.432812 0.956250 0.028125 0.031250
0 0.581250 0.878125 0.031250 0.031250
0 0.435937 0.548438 0.028125 0.028125
0 0.040625 0.518750 0.031250 0.031250
0 0.206250 0.829688 0.031250 0.028125
0 0.239063 0.592187 0.028125 0.028125
0 0.435937 0.795312 0.028125 0.028125
0 0.751563 0.939063 0.028125 0.028125
0 0.353125 0.810937 0.025000 0.028125
0 0.464062 0.425000 0.028125 0.031250
0 0.721875 0.767188 0.031250 0.028125
0 0.460938 0.779687 0.028125 0.028125
0 0.631250 0.656250 0.031250 0.031250
0 0.175000 0.876563 0.031250 0.028125
0 0.110937 0.520312 0.028125 0.028125
0 0.121875 0.492188 0.031250 0.028125
0 0.464062 0.878125 0.028125 0.031250
0 0.492188 0.765625 0.028125 0.031250
0 0.435937 0.925000 0.028125 0.031250
0 0.226562 0.384375 0.028125 0.031250
0 0.584375 0.778125 0.031250 0.031250
0 0.090625 0.439063 0.031250 0.028125
0 0.117188 0.939063 0.028125 0.028125
0 0.098437 0.729688 0.028125 0.028125
0 0.379688 0.826562 0.028125 0.028125
0 0.179688 0.717187 0.028125 0.028125
0 0.126562 0.623437 0.028125 0.028125
0 0.756250 0.970313 0.031250 0.034375
0 0.234375 0.814063 0.031250 0.028125
0 0.460938 0.910937 0.028125 0.028125
0 0.548438 0.728125 0.028125 0.031250
0 0.410938 0.876563 0.028125 0.028125
0 0.667188 0.864062 0.028125 0.028125
0 0.462500 0.626563 0.031250 0.028125
0 0.607812 0.929688 0.028125 0.028125
0 0.579688 0.912500 0.028125 0.031250
0 0.407813 0.910937 0.028125 0.028125
0 0.603125 0.671875 0.031250 0.031250
0 0.604688 0.960938 0.028125 0.028125
0 0.123438 0.439063 0.028125 0.028125
0 0.781250 0.825000 0.031250 0.031250
0 0.323437 0.639062 0.028125 0.028125
0 0.182812 0.654687 0.028125 0.028125
0 0.107813 0.410938 0.028125 0.028125
0 0.579688 0.745313 0.028125 0.028125
0 0.293750 0.501563 0.031250 0.028125
0 0.662500 0.956250 0.031250 0.031250
0 0.203125 0.925000 0.031250 0.031250
0 0.295312 0.837500 0.028125 0.031250
0 0.639062 0.751563 0.028125 0.028125
0 0.664062 0.893750 0.028125 0.031250
0 0.573438 0.685937 0.028125 0.028125
0 0.210938 0.639062 0.028125 0.028125
0 0.117188 0.970313 0.028125 0.028125
0 0.207813 0.410938 0.028125 0.028125
0 0.067187 0.779687 0.028125 0.028125
0 0.292187 0.389062 0.028125 0.028125
0 0.265625 0.851562 0.031250 0.028125
0 0.610938 0.862500 0.028125 0.031250
0 0.264062 0.790625 0.028125 0.031250
0 0.032813 0.954688 0.028125 0.028125
0 0.145313 0.923438 0.028125 0.028125
0 0.264062 0.729688 0.028125 0.028125
0 0.517188 0.717187 0.028125 0.028125
0 0.584375 0.845313 0.031250 0.028125
0 0.407813 0.501563 0.028125 0.028125
0 0.204687 0.467187 0.028125 0.028125
0 0.292187 0.807813 0.028125 0.028125
0 0.237500 0.414062 0.031250 0.028125
0 0.546875 0.540625 0.031250 0.031250
0 0.410938 0.842187 0.028125 0.028125
0 0.090625 0.887500 0.031250 0.031250
0 0.518750 0.654687 0.031250 0.028125
0 0.489063 0.732812 0.028125 0.028125
0 0.407813 0.814063 0.028125 0.028125
0 0.492188 0.895312 0.028125 0.028125
0 0.143750 0.954688 0.031250 0.028125
0 0.267188 0.670312 0.028125 0.028125
0 0.492188 0.795312 0.028125 0.028125
0 0.601562 0.635938 0.028125 0.028125
0 0.378125 0.517188 0.031250 0.028125
0 0.154688 0.551562 0.028125 0.028125
0 0.459375 0.496875 0.031250 0.031250
0 0.067187 0.745313 0.028125 0.028125
0 0.675000 0.675000 0.031250 0.031250
0 0.239063 0.626563 0.028125 0.028125
0 0.034375 0.887500 0.031250 0.031250
0 0.434375 0.578125 0.031250 0.031250
0 0.634375 0.971875 0.031250 0.031250
0 0.270313 0.576562 0.028125 0.028125
0 0.067187 0.714063 0.028125 0.028125
0 0.378125 0.639062 0.031250 0.028125
0 0.351562 0.779687 0.028125 0.028125
0 0.101562 0.604688 0.028125 0.028125
0 0.098437 0.667188 0.028125 0.028125
0 0.406250 0.656250 0.031250 0.031250
0 0.076563 0.467187 0.028125 0.028125
0 0.120313 0.842187 0.028125 0.028125
0 0.292187 0.471875 0.028125 0.031250
0 0.351562 0.654687 0.028125 0.028125
0 0.321875 0.795312 0.025000 0.028125
0 0.492188 0.860938 0.028125 0.028125
0 0.434375 0.517188 0.031250 0.028125
0 0.462500 0.595313 0.031250 0.028125
0 0.628125 0.589063 0.031250 0.028125
0 0.665625 0.925000 0.031250 0.031250
0 0.460938 0.657813 0.028125 0.028125
0 0.460938 0.748437 0.028125 0.028125
0 0.320312 0.457813 0.028125 0.028125
0 0.040625 0.629687 0.031250 0.028125
0 0.378125 0.485938 0.031250 0.028125
0 0.632812 0.620313 0.028125 0.028125
0 0.237500 0.562500 0.031250 0.031250
0 0.067187 0.654687 0.028125 0.028125
0 0.135937 0.576562 0.028125 0.028125
0 0.489063 0.610938 0.028125 0.028125
0 0.543750 0.964063 0.031250 0.028125
0 0.175000 0.525000 0.031250 0.031250
0 0.323437 0.607812 0.028125 0.028125
0 0.139063 0.467187 0.028125 0.028125
0 0.057813 0.493750 0.028125 0.031250
0 0.659375 0.646875 0.031250 0.031250
0 0.692187 0.940625 0.028125 0.031250
0 0.545312 0.696875 0.028125 0.031250
0 0.107813 0.464062 0.028125 0.028125
0 0.267188 0.607812 0.028125 0.028125
0 0.153125 0.495312 0.031250 0.028125
0 0.601562 0.570312 0.028125 0.028125
0 0.059375 0.550000 0.031250 0.031250
0 0.060937 0.904687 0.028125 0.028125
0 0.489063 0.929688 0.028125 0.028125
0 0.173437 0.939063 0.028125 0.028125
0 0.403125 0.971875 0.031250 0.031250
0 0.712500 0.621875 0.031250 0.031250
0 0.609375 0.895312 0.031250 0.028125
0 0.351562 0.592187 0.028125 0.028125
0 0.173437 0.467187 0.028125 0.028125
0 0.040625 0.698438 0.031250 0.028125
0 0.550000 0.875000 0.031250 0.031250
0 0.543750 0.815625 0.031250 0.031250
0 0.292187 0.867188 0.028125 0.028125
0 0.095312 0.795312 0.028125 0.028125
0 0.267188 0.701562 0.028125 0.028125
0 0.603125 0.503125 0.031250 0.031250
0 0.548438 0.903125 0.028125 0.031250
0 0.753125 0.737500 0.031250 0.031250
0 0.379688 0.607812 0.028125 0.028125
0 0.210938 0.607812 0.028125 0.028125
0 0.154688 0.639062 0.028125 0.028125
0 0.546875 0.934375 0.031250 0.031250
0 0.493750 0.540625 0.031250 0.031250
0 0.467187 0.525000 0.028125 0.031250
0 0.432812 0.673438 0.028125 0.028125
0 0.071875 0.579688 0.031250 0.028125
0 0.025000 0.548438 0.031250 0.028125
0 0.175000 0.907813 0.031250 0.028125
0 0.578125 0.484375 0.031250 0.031250
0 0.207813 0.732812 0.028125 0.028125
0 0.059375 0.971875 0.031250 0.031250
0 0.525000 0.448437 0.031250 0.028125
0 0.167187 0.975000 0.028125 0.031250
0 0.126562 0.685937 0.028125 0.028125
0 0.351562 0.842187 0.028125 0.028125
0 0.295312 0.776563 0.028125 0.028125
0 0.179688 0.748437 0.028125 0.028125
0 0.239063 0.654687 0.028125 0.028125
0 0.489063 0.829688 0.028125 0.028125
0 0.462500 0.975000 0.031250 0.031250
0 0.696875 0.650000 0.031250 0.031250
0 0.321875 0.764062 0.025000 0.028125
0 0.095312 0.764062 0.028125 0.028125
0 0.746875 0.787500 0.031250 0.031250
0 0.057813 0.439063 0.028125 0.028125
0 0.720313 0.737500 0.028125 0.031250
0 0.151562 0.670312 0.028125 0.028125
0 0.815625 0.921875 0.031250 0.031250
0 0.493750 0.503125 0.031250 0.031250
0 0.235937 0.717187 0.028125 0.028125
0 0.406250 0.471875 0.031250 0.031250
0 0.025000 0.489063 0.031250 0.028125
0 0.326562 0.545312 0.028125 0.028125
0 0.153125 0.606250 0.031250 0.031250
0 0.628125 0.525000 0.031250 0.031250
0 0.351562 0.501563 0.028125 0.028125
0 0.518750 0.915625 0.031250 0.031250
0 0.378125 0.548438 0.031250 0.028125
0 0.264062 0.821875 0.028125 0.031250
0 0.295312 0.748437 0.028125 0.028125
0 0.232813 0.846875 0.028125 0.031250
0 0.034375 0.920312 0.031250 0.028125
0 0.295312 0.685937 0.028125 0.028125
0 0.378125 0.576562 0.031250 0.028125
0 0.223438 0.442188 0.028125 0.028125
0 0.210938 0.579688 0.028125 0.028125
0 0.664062 0.831250 0.028125 0.031250
0 0.603125 0.542188 0.031250 0.028125
0 0.204687 0.860938 0.028125 0.028125
0 0.432812 0.639062 0.028125 0.028125
0 0.407813 0.532813 0.028125 0.028125
0 0.367188 0.387500 0.028125 0.031250
0 0.345313 0.410938 0.028125 0.028125
0 0.206250 0.520312 0.031250 0.028125
0 0.407813 0.779687 0.028125 0.028125
0 0.210938 0.670312 0.028125 0.028125
0 0.264062 0.545312 0.028125 0.028125
0 0.517188 0.945312 0.028125 0.028125
0 0.432812 0.414062 0.028125 0.028125
0 0.323437 0.485938 0.028125 0.028125
0 0.067187 0.682813 0.028125 0.028125
0 0.045312 0.467187 0.028125 0.028125
0 0.123438 0.385937 0.028125 0.028125
0 0.517188 0.685937 0.028125 0.028125
0 0.125000 0.548438 0.025000 0.028125
0 0.771875 0.762500 0.031250 0.031250
0 0.435937 0.732812 0.028125 0.028125
0 0.207813 0.701562 0.028125 0.028125
0 0.123438 0.748437 0.028125 0.028125
0 0.664062 0.798438 0.028125 0.028125
0 0.148438 0.826562 0.028125 0.028125
0 0.123438 0.654687 0.028125 0.028125
0 0.351562 0.560937 0.028125 0.028125
0 0.026562 0.435937 0.028125 0.028125
0 0.487500 0.673438 0.031250 0.028125
0 0.323437 0.514062 0.028125 0.028125
0 0.295312 0.592187 0.028125 0.028125
0 0.495312 0.435937 0.028125 0.028125
0 0.323437 0.670312 0.028125 0.028125
0 0.323437 0.823438 0.028125 0.028125
0 0.495312 0.471875 0.028125 0.031250
0 0.460938 0.717187 0.028125 0.028125
0 0.432812 0.704688 0.028125 0.028125
0 0.025000 0.385937 0.031250 0.028125
0 0.667188 0.735938 0.028125 0.028125
0 0.323437 0.701562 0.028125 0.028125
0 0.201563 0.892188 0.028125 0.028125
0 0.667188 0.706250 0.028125 0.031250
0 0.270313 0.414062 0.028125 0.028125
0 0.378125 0.454688 0.031250 0.028125
0 0.326562 0.389062 0.028125 0.028125
0 0.695312 0.720313 0.028125 0.028125
0 0.259375 0.385937 0.025000 0.028125
0 0.295312 0.623437 0.028125 0.028125
0 0.295312 0.717187 0.028125 0.028125
0 0.487500 0.704688 0.031250 0.028125
0 0.460938 0.685937 0.028125 0.028125
0 0.267188 0.639062 0.028125 0.028125
0 0.040625 0.576562 0.031250 0.028125
0 0.090625 0.384375 0.031250 0.031250
0 0.020313 0.604688 0.028125 0.028125
0 0.351562 0.685937 0.028125 0.028125
0 0.231250 0.876563 0.031250 0.028125
0 0.351562 0.532813 0.028125 0.028125
0 0.437500 0.442188 0.031250 0.028125
0 0.518750 0.781250 0.031250 0.031250
0 0.064062 0.871875 0.028125 0.031250
0 0.818750 0.953125 0.031250 0.031250
0 0.039062 0.792188 0.028125 0.028125
0 0.550000 0.785937 0.031250 0.028125
0 0.721875 0.831250 0.031250 0.031250
0 0.189062 0.439063 0.028125 0.028125
0 0.042188 0.356250 0.034375 0.031250
0 0.323437 0.732812 0.028125 0.028125
0 0.295312 0.654687 0.028125 0.028125
0 0.042188 0.410938 0.028125 0.028125
0 0.289062 0.442188 0.028125 0.028125
0 0.690625 0.753125 0.031250 0.031250
0 0.098437 0.635938 0.028125 0.028125
0 0.075000 0.356250 0.031250 0.031250
0 0.551562 0.757812 0.028125 0.028125
0 0.254688 0.442188 0.028125 0.028125
0 0.170313 0.579688 0.028125 0.028125
0 0.517188 0.978125 0.028125 0.031250
0 0.076563 0.409375 0.028125 0.031250
0 0.467187 0.557813 0.028125 0.028125
0 0.439063 0.475000 0.028125 0.031250
0 0.351562 0.623437 0.028125 0.028125
0 0.173437 0.409375 0.028125 0.031250
0 0.262500 0.884375 0.031250 0.031250
0 0.193750 0.959375 0.031250 0.031250
0 0.548438 0.635938 0.028125 0.028125
0 0.692187 0.782813 0.028125 0.028125
0 0.553125 0.843750 0.031250 0.031250
0 0.321875 0.854688 0.025000 0.028125
0 0.551562 0.504687 0.028125 0.028125
0 0.754687 0.706250 0.028125 0.031250
0 0.601562 0.607812 0.028125 0.028125
0 0.245312 0.359375 0.028125 0.031250
0 0.378125 0.670312 0.025000 0.028125
0 0.040625 0.760938 0.025000 0.028125
0 0.235937 0.748437 0.028125 0.028125
0 0.818750 0.890625 0.031250 0.031250
0 0.037500 0.825000 0.031250 0.031250
0 0.351562 0.471875 0.028125 0.031250
0 0.548438 0.667188 0.028125 0.028125
0 0.521875 0.521875 0.031250 0.031250
0 0.632812 0.557813 0.028125 0.028125
0 0.489063 0.642188 0.028125 0.028125
0 0.057813 0.384375 0.028125 0.031250
0 0.814063 0.831250 0.034375 0.031250
0 0.404687 0.942187 0.028125 0.028125
0 0.039062 0.732812 0.028125 0.028125
0 0.206250 0.359375 0.031250 0.031250
0 0.237500 0.467187 0.025000 0.028125
0 0.404687 0.560937 0.028125 0.028125
0 0.040625 0.667188 0.031250 0.028125
0 0.525000 0.490625 0.031250 0.031250
0 0.778125 0.792188 0.031250 0.028125
0 0.157812 0.439063 0.028125 0.028125
0 0.771875 0.681250 0.031250 0.031250
0 0.237500 0.532813 0.031250 0.028125
0 0.525000 0.417187 0.031250 0.028125
0 0.610938 0.764062 0.028125 0.028125
0 0.189062 0.382812 0.028125 0.028125
0 0.226562 0.495312 0.028125 0.028125
0 0.576562 0.620313 0.028125 0.028125
0 0.154688 0.384375 0.028125 0.025000
0 0.578125 0.450000 0.031250 0.031250
0 0.348438 0.442188 0.028125 0.028125
0 0.679688 0.625000 0.028125 0.031250
0 0.278125 0.359375 0.031250 0.031250
0 0.067187 0.807813 0.028125 0.028125
0 0.296875 0.562500 0.031250 0.031250
0 0.709375 0.571875 0.031250 0.031250
0 0.515625 0.812500 0.031250 0.031250
0 0.665625 0.767188 0.031250 0.028125
0 0.815625 0.862500 0.031250 0.031250
0 0.229687 0.907813 0.028125 0.028125
0 0.142187 0.359375 0.028125 0.031250
0 0.631250 0.487500 0.031250 0.031250
0 0.382812 0.892188 0.028125 0.028125
0 0.742188 0.676562 0.028125 0.028125
0 0.606250 0.468750 0.031250 0.031250
0 0.312500 0.360938 0.031250 0.028125
0 0.692187 0.595313 0.028125 0.028125
0 0.554688 0.431250 0.028125 0.031250
0 0.462500 0.942187 0.025000 0.028125
0 0.754687 0.846875 0.028125 0.031250
0 0.404687 0.628125 0.028125 0.031250
0 0.460938 0.392188 0.034375 0.034375
0 0.729688 0.648438 0.028125 0.028125
0 0.659375 0.542188 0.025000 0.028125
0 0.106250 0.356250 0.031250 0.031250
0 0.690625 0.546875 0.031250 0.031250
0 0.721875 0.956250 0.025000 0.025000
0 0.267188 0.517188 0.028125 0.028125
0 0.220312 0.978125 0.028125 0.031250
0 0.175000 0.356250 0.031250 0.031250
0 0.035937 0.859375 0.028125 0.031250
0 0.493750 0.403125 0.031250 0.031250
0 0.743750 0.625000 0.031250 0.031250
0 0.759375 0.651563 0.031250 0.028125
0 0.729688 0.596875 0.028125 0.031250
0 0.429688 0.382812 0.028125 0.028125
0 0.709375 0.681250 0.031250 0.031250
0 0.348438 0.746875 0.028125 0.031250
0 0.654687 0.510938 0.028125 0.028125
