0 0.100000 0.181250 0.037500 0.037500
0 0.282813 0.239063 0.034375 0.034375
0 0.835938 0.454688 0.028125 0.028125
0 0.659375 0.904687 0.025000 0.028125
0 0.807813 0.070312 0.028125 0.028125
0 0.387500 0.103125 0.031250 0.031250
0 0.237500 0.204687 0.031250 0.028125
0 0.223438 0.078125 0.028125 0.031250
0 0.904687 0.142187 0.028125 0.028125
0 0.860938 0.214062 0.028125 0.028125
0 0.835938 0.267188 0.028125 0.028125
0 0.051562 0.890625 0.028125 0.031250
0 0.031250 0.278125 0.037500 0.037500
0 0.873437 0.126562 0.028125 0.028125
0 0.832812 0.420312 0.028125 0.028125
0 0.529687 0.935937 0.028125 0.028125
0 0.910937 0.173437 0.028125 0.028125
0 0.870313 0.092188 0.028125 0.028125
0 0.935937 0.675000 0.028125 0.025000
0 0.904687 0.815625 0.028125 0.025000
0 0.887500 0.565625 0.025000 0.025000
0 0.292187 0.176563 0.028125 0.028125
0 0.550000 0.873437 0.025000 0.028125
0 0.082812 0.907813 0.028125 0.028125
0 0.676562 0.173437 0.028125 0.028125
0 0.595313 0.920312 0.028125 0.028125
0 0.309375 0.059375 0.031250 0.031250
0 0.940625 0.707812 0.031250 0.028125
0 0.848437 0.148438 0.028125 0.028125
0 0.276562 0.056250 0.028125 0.031250
0 0.303125 0.115625 0.031250 0.031250
0 0.765625 0.584375 0.043750 0.043750
0 0.246875 0.235937 0.031250 0.028125
0 0.804688 0.035937 0.028125 0.028125
0 0.910937 0.357812 0.028125 0.028125
0 0.054688 0.821875 0.028125 0.025000
0 0.795312 0.373437 0.028125 0.028125
0 0.810937 0.103125 0.028125 0.031250
0 0.628125 0.914062 0.025000 0.028125
0 0.692187 0.523438 0.028125 0.028125
0 0.085938 0.806250 0.028125 0.031250
0 0.935937 0.826562 0.028125 0.028125
0 0.951562 0.589063 0.028125 0.028125
0 0.878125 0.346875 0.031250 0.031250
0 0.731250 0.165625 0.031250 0.031250
0 0.600000 0.109375 0.031250 0.031250
0 0.245312 0.323437 0.028125 0.028125
0 0.867188 0.060937 0.028125 0.028125
0 0.851562 0.857812 0.028125 0.028125
0 0.245312 0.139063 0.028125 0.028125
0 0.832812 0.232813 0.028125 0.028125
0 0.842187 0.081250 0.028125 0.025000
0 0.125000 0.062500 0.031250 0.031250
0 0.745313 0.764062 0.028125 0.028125
0 0.567187 0.064062 0.028125 0.028125
0 0.235937 0.107813 0.028125 0.028125
0 0.835938 0.048438 0.028125 0.028125
0 0.467187 0.150000 0.028125 0.031250
0 0.757812 0.329688 0.028125 0.028125
0 0.707812 0.185938 0.028125 0.028125
0 0.804688 0.257812 0.028125 0.028125
0 0.723437 0.504687 0.028125 0.028125
0 0.282813 0.764062 0.028125 0.028125
0 0.576562 0.564063 0.028125 0.028125
0 0.582812 0.867188 0.028125 0.028125
0 0.785937 0.121875 0.028125 0.031250
0 0.950000 0.032813 0.031250 0.028125
0 0.714063 0.251563 0.028125 0.028125
0 0.082812 0.939063 0.028125 0.028125
0 0.873437 0.310937 0.028125 0.028125
0 0.842187 0.642188 0.028125 0.028125
0 0.260937 0.353125 0.028125 0.025000
0 0.785937 0.532813 0.028125 0.028125
0 0.879687 0.532813 0.028125 0.028125
0 0.401562 0.048438 0.028125 0.028125
0 0.923438 0.239063 0.028125 0.028125
0 0.704688 0.954688 0.028125 0.028125
0 0.846875 0.826562 0.025000 0.028125
0 0.925000 0.456250 0.031250 0.031250
0 0.926562 0.610938 0.028125 0.028125
0 0.264062 0.826562 0.028125 0.028125
0 0.110937 0.889062 0.028125 0.028125
0 0.745313 0.829688 0.028125 0.028125
0 0.907813 0.510938 0.028125 0.028125
0 0.157812 0.245312 0.028125 0.028125
0 0.770312 0.739062 0.028125 0.028125
0 0.617188 0.737500 0.028125 0.031250
0 0.168750 0.189062 0.031250 0.028125
0 0.379688 0.070312 0.028125 0.028125
0 0.929688 0.642188 0.028125 0.028125
0 0.595313 0.235937 0.028125 0.028125
0 0.157812 0.154688 0.028125 0.028125
0 0.701562 0.689063 0.028125 0.028125
0 0.176563 0.795312 0.028125 0.028125
0 0.842187 0.301563 0.028125 0.028125
0 0.481250 0.093750 0.031250 0.031250
0 0.148438 0.126562 0.028125 0.028125
0 0.826562 0.201563 0.028125 0.028125
0 0.096875 0.707812 0.031250 0.028125
0 0.554688 0.960938 0.028125 0.028125
0 0.289062 0.935937 0.028125 0.028125
0 0.785937 0.498437 0.028125 0.028125
0 0.695312 0.118750 0.028125 0.031250
0 0.904687 0.665625 0.028125 0.025000
0 0.628125 0.248438 0.031250 0.028125
0 0.754687 0.110937 0.028125 0.028125
0 0.545312 0.307812 0.028125 0.028125
0 0.645312 0.379688 0.028125 0.028125
0 0.437500 0.053125 0.031250 0.031250
0 0.779687 0.467187 0.028125 0.028125
0 0.201563 0.845313 0.028125 0.028125
0 0.114062 0.823438 0.028125 0.028125
0 0.800000 0.221875 0.031250 0.031250
0 0.557813 0.189062 0.028125 0.028125
0 0.207813 0.810937 0.028125 0.028125
0 0.929688 0.795312 0.028125 0.028125
0 0.904687 0.967187 0.028125 0.028125
0 0.737500 0.732812 0.025000 0.028125
0 0.310937 0.148438 0.028125 0.028125
0 0.639062 0.967187 0.028125 0.028125
0 0.951562 0.251563 0.028125 0.028125
0 0.564063 0.221875 0.028125 0.031250
0 0.929688 0.304688 0.028125 0.028125
0 0.648438 0.445312 0.028125 0.028125
0 0.057813 0.051562 0.028125 0.028125
0 0.571875 0.898438 0.025000 0.028125
0 0.942187 0.857812 0.028125 0.028125
0 0.459375 0.118750 0.031250 0.031250
0 0.467187 0.951562 0.028125 0.028125
0 0.795312 0.189062 0.028125 0.028125
0 0.576562 0.779687 0.028125 0.028125
0 0.189062 0.073438 0.028125 0.028125
0 0.776563 0.057813 0.028125 0.028125
0 0.706250 0.721875 0.025000 0.025000
0 0.956250 0.623437 0.031250 0.028125
0 0.820312 0.848437 0.028125 0.028125
0 0.854688 0.554688 0.028125 0.028125
0 0.631250 0.703125 0.031250 0.031250
0 0.301563 0.298438 0.028125 0.028125
0 0.050000 0.956250 0.025000 0.025000
0 0.926562 0.270313 0.028125 0.028125
0 0.201563 0.282813 0.028125 0.028125
0 0.167187 0.957812 0.028125 0.028125
0 0.623437 0.212500 0.028125 0.025000
0 0.920312 0.576562 0.028125 0.028125
0 0.879687 0.685937 0.028125 0.028125
0 0.720313 0.064062 0.028125 0.028125
0 0.092188 0.054688 0.028125 0.028125
0 0.231250 0.835938 0.031250 0.028125
0 0.860938 0.587500 0.028125 0.025000
0 0.801562 0.751563 0.028125 0.028125
0 0.717187 0.470313 0.028125 0.028125
0 0.357812 0.717187 0.028125 0.028125
0 0.898438 0.632812 0.028125 0.028125
0 0.223438 0.168750 0.028125 0.031250
0 0.150000 0.745313 0.025000 0.028125
0 0.107813 0.957812 0.028125 0.028125
0 0.051562 0.923438 0.028125 0.028125
0 0.121875 0.150000 0.031250 0.031250
0 0.860938 0.889062 0.028125 0.028125
0 0.473438 0.185938 0.028125 0.028125
0 0.209375 0.046875 0.031250 0.031250
0 0.851562 0.179688 0.028125 0.028125
0 0.762500 0.856250 0.031250 0.031250
0 0.932813 0.120313 0.028125 0.028125
0 0.714063 0.032813 0.028125 0.028125
0 0.957812 0.467187 0.028125 0.028125
0 0.884375 0.379688 0.031250 0.028125
0 0.712500 0.837500 0.031250 0.031250
0 0.957812 0.100000 0.028125 0.031250
0 0.110937 0.923438 0.028125 0.028125
0 0.276562 0.148438 0.028125 0.028125
0 0.629687 0.670312 0.028125 0.028125
0 0.898438 0.073438 0.028125 0.028125
0 0.825000 0.879687 0.025000 0.028125
0 0.257812 0.081250 0.028125 0.031250
0 0.817187 0.135937 0.028125 0.028125
0 0.364063 0.889062 0.028125 0.028125
0 0.167187 0.098437 0.028125 0.028125
0 0.748437 0.076563 0.028125 0.028125
0 0.498437 0.164062 0.028125 0.028125
0 0.209375 0.875000 0.031250 0.031250
0 0.757812 0.142187 0.028125 0.028125
0 0.489063 0.976562 0.028125 0.028125
0 0.420312 0.904687 0.028125 0.028125
0 0.890625 0.040625 0.031250 0.031250
0 0.729688 0.351562 0.028125 0.028125
0 0.642188 0.345313 0.028125 0.028125
0 0.667188 0.873437 0.028125 0.028125
0 0.568750 0.096875 0.031250 0.031250
0 0.242188 0.051562 0.028125 0.028125
0 0.748437 0.482812 0.028125 0.028125
0 0.895312 0.257812 0.028125 0.028125
0 0.435937 0.140625 0.028125 0.031250
0 0.614062 0.859375 0.028125 0.031250
0 0.926562 0.087500 0.028125 0.031250
0 0.873437 0.954688 0.028125 0.028125
0 0.673438 0.962500 0.028125 0.025000
0 0.043750 0.406250 0.031250 0.031250
0 0.351562 0.251563 0.028125 0.028125
0 0.909375 0.846875 0.025000 0.025000
0 0.135937 0.971875 0.028125 0.025000
0 0.139063 0.907813 0.028125 0.028125
0 0.110937 0.398438 0.028125 0.028125
0 0.604688 0.889062 0.028125 0.028125
0 0.776563 0.275000 0.028125 0.025000
0 0.685937 0.054688 0.028125 0.028125
0 0.892188 0.598437 0.028125 0.028125
0 0.226562 0.926562 0.028125 0.028125
0 0.764062 0.176563 0.028125 0.028125
0 0.915625 0.879687 0.025000 0.028125
0 0.853125 0.367188 0.025000 0.028125
0 0.025000 0.940625 0.025000 0.025000
0 0.435937 0.754687 0.028125 0.028125
0 0.192188 0.251563 0.028125 0.028125
0 0.598437 0.076563 0.028125 0.028125
0 0.679688 0.626563 0.028125 0.028125
0 0.618750 0.398438 0.025000 0.028125
0 0.765625 0.923438 0.031250 0.028125
0 0.279687 0.326562 0.028125 0.028125
0 0.651563 0.223438 0.028125 0.028125
0 0.601562 0.804688 0.028125 0.028125
0 0.135937 0.273438 0.028125 0.028125
0 0.270313 0.384375 0.028125 0.031250
0 0.782813 0.951562 0.028125 0.028125
0 0.239063 0.801562 0.028125 0.028125
0 0.864062 0.248438 0.028125 0.028125
0 0.214062 0.228125 0.028125 0.031250
0 0.445312 0.420312 0.028125 0.028125
0 0.118750 0.246875 0.031250 0.031250
0 0.773438 0.429688 0.028125 0.028125
0 0.270313 0.203125 0.028125 0.031250
0 0.442188 0.926562 0.028125 0.028125
0 0.473438 0.832812 0.028125 0.028125
0 0.857812 0.400000 0.028125 0.031250
0 0.156250 0.368750 0.025000 0.025000
0 0.832812 0.910937 0.028125 0.028125
0 0.617188 0.945312 0.028125 0.028125
0 0.217188 0.779687 0.028125 0.028125
0 0.878125 0.837500 0.025000 0.025000
0 0.290625 0.085938 0.025000 0.028125
0 0.570312 0.254688 0.028125 0.028125
0 0.679688 0.204687 0.028125 0.028125
0 0.885938 0.192188 0.028125 0.028125
0 0.732812 0.862500 0.028125 0.031250
0 0.846875 0.675000 0.025000 0.025000
0 0.851562 0.707812 0.028125 0.028125
0 0.279687 0.970313 0.028125 0.028125
0 0.245312 0.862500 0.028125 0.031250
0 0.090625 0.370312 0.031250 0.028125
0 0.395313 0.879687 0.028125 0.028125
0 0.201563 0.104688 0.028125 0.028125
0 0.935937 0.337500 0.028125 0.025000
0 0.751563 0.295312 0.028125 0.028125
0 0.642188 0.159375 0.028125 0.031250
0 0.456250 0.300000 0.025000 0.025000
0 0.557813 0.501563 0.028125 0.028125
0 0.332813 0.898438 0.028125 0.028125
0 0.585938 0.748437 0.028125 0.028125
0 0.920312 0.207813 0.028125 0.028125
0 0.682813 0.929688 0.028125 0.028125
0 0.889062 0.410938 0.028125 0.028125
0 0.939063 0.154688 0.028125 0.028125
0 0.748437 0.045312 0.028125 0.028125
0 0.956250 0.282813 0.031250 0.028125
0 0.145313 0.810937 0.028125 0.028125
0 0.659375 0.259375 0.025000 0.025000
0 0.592187 0.714063 0.028125 0.028125
0 0.737500 0.382812 0.025000 0.028125
0 0.314063 0.326562 0.028125 0.028125
0 0.609375 0.976562 0.025000 0.028125
0 0.770312 0.210938 0.028125 0.028125
0 0.028125 0.184375 0.031250 0.031250
0 0.879687 0.160938 0.028125 0.028125
0 0.929688 0.946875 0.028125 0.031250
0 0.617188 0.179688 0.028125 0.028125
0 0.748437 0.264062 0.028125 0.028125
0 0.025000 0.907813 0.031250 0.028125
0 0.576562 0.320312 0.028125 0.028125
0 0.842187 0.114062 0.028125 0.028125
0 0.023438 0.973437 0.028125 0.028125
0 0.914062 0.389062 0.028125 0.028125
0 0.639062 0.126562 0.028125 0.028125
0 0.648438 0.192188 0.028125 0.028125
0 0.201563 0.195312 0.028125 0.028125
0 0.521875 0.143750 0.031250 0.031250
0 0.504687 0.692187 0.028125 0.028125
0 0.795312 0.720313 0.028125 0.028125
0 0.757812 0.514062 0.028125 0.028125
0 0.701562 0.370312 0.028125 0.028125
0 0.726562 0.978125 0.028125 0.031250
0 0.239063 0.290625 0.028125 0.031250
0 0.726562 0.129688 0.028125 0.028125
0 0.106250 0.121875 0.031250 0.031250
0 0.539062 0.904687 0.028125 0.028125
0 0.782813 0.656250 0.028125 0.031250
0 0.948438 0.892188 0.028125 0.028125
0 0.479687 0.057813 0.028125 0.028125
0 0.801562 0.407813 0.028125 0.028125
0 0.078125 0.339062 0.031250 0.028125
0 0.517188 0.104688 0.028125 0.028125
0 0.914062 0.729688 0.028125 0.028125
0 0.842187 0.795312 0.028125 0.028125
0 0.273438 0.795312 0.028125 0.028125
0 0.871875 0.654687 0.025000 0.028125
0 0.675000 0.710938 0.025000 0.028125
0 0.970313 0.534375 0.028125 0.031250
0 0.898438 0.782813 0.028125 0.028125
0 0.546875 0.121875 0.031250 0.031250
0 0.654687 0.040625 0.028125 0.031250
0 0.268750 0.112500 0.031250 0.031250
0 0.139063 0.939063 0.028125 0.028125
0 0.415625 0.076563 0.031250 0.028125
0 0.743750 0.232813 0.031250 0.028125
0 0.585938 0.951562 0.028125 0.028125
0 0.190625 0.164062 0.031250 0.028125
0 0.234375 0.018750 0.031250 0.031250
0 0.914062 0.545312 0.028125 0.028125
0 0.764062 0.364063 0.028125 0.028125
0 0.614062 0.367188 0.028125 0.028125
0 0.873437 0.498437 0.028125 0.028125
0 0.406250 0.760938 0.025000 0.028125
0 0.842187 0.489063 0.028125 0.028125
0 0.592187 0.201563 0.028125 0.028125
0 0.765625 0.890625 0.031250 0.031250
0 0.345313 0.154688 0.028125 0.028125
0 0.846875 0.973437 0.025000 0.028125
0 0.498437 0.945312 0.028125 0.028125
0 0.187500 0.765625 0.031250 0.031250
0 0.570312 0.289062 0.028125 0.028125
0 0.435937 0.273438 0.028125 0.028125
0 0.134375 0.095312 0.031250 0.028125
0 0.948438 0.739062 0.028125 0.028125
0 0.334375 0.034375 0.031250 0.031250
0 0.685937 0.237500 0.028125 0.025000
0 0.495312 0.857812 0.028125 0.028125
0 0.909375 0.696875 0.025000 0.025000
0 0.635938 0.882812 0.028125 0.028125
0 0.026562 0.804688 0.028125 0.028125
0 0.056250 0.721875 0.025000 0.025000
0 0.348438 0.067187 0.028125 0.028125
0 0.817187 0.510938 0.028125 0.028125
0 0.973437 0.720313 0.028125 0.028125
0 0.701562 0.601562 0.028125 0.028125
0 0.160938 0.495312 0.028125 0.028125
0 0.921875 0.053125 0.031250 0.031250
0 0.748437 0.795312 0.028125 0.028125
0 0.889062 0.751563 0.028125 0.028125
0 0.737500 0.945312 0.031250 0.028125
0 0.392188 0.706250 0.028125 0.025000
0 0.220312 0.596875 0.028125 0.031250
0 0.564063 0.031250 0.028125 0.031250
0 0.223438 0.257812 0.028125 0.028125
0 0.889062 0.226562 0.028125 0.028125
0 0.557813 0.842187 0.028125 0.028125
0 0.470313 0.748437 0.028125 0.028125
0 0.339062 0.439063 0.028125 0.028125
0 0.810937 0.289062 0.028125 0.028125
0 0.873437 0.804688 0.028125 0.028125
0 0.660937 0.681250 0.028125 0.031250
0 0.904687 0.326562 0.028125 0.028125
0 0.770312 0.395313 0.028125 0.028125
0 0.410938 0.935937 0.028125 0.028125
0 0.507812 0.071875 0.028125 0.031250
0 0.520312 0.329688 0.028125 0.028125
0 0.582812 0.353125 0.028125 0.025000
0 0.596875 0.045312 0.031250 0.028125
0 0.257812 0.739062 0.028125 0.028125
0 0.626563 0.060937 0.028125 0.028125
0 0.526563 0.848437 0.028125 0.028125
0 0.154688 0.067187 0.028125 0.028125
0 0.504687 0.520312 0.028125 0.028125
0 0.298438 0.904687 0.028125 0.028125
0 0.031250 0.125000 0.031250 0.031250
0 0.920312 0.423438 0.028125 0.028125
0 0.901563 0.478125 0.028125 0.025000
0 0.720313 0.098437 0.028125 0.028125
0 0.101562 0.087500 0.028125 0.031250
0 0.920312 0.764062 0.028125 0.028125
0 0.698438 0.560937 0.028125 0.028125
0 0.028125 0.437500 0.031250 0.031250
0 0.670312 0.139063 0.028125 0.028125
0 0.089063 0.675000 0.028125 0.025000
0 0.342187 0.867188 0.028125 0.028125
0 0.951562 0.065625 0.028125 0.031250
0 0.940625 0.368750 0.025000 0.025000
0 0.689063 0.085938 0.028125 0.028125
0 0.670312 0.357812 0.028125 0.028125
0 0.426563 0.109375 0.028125 0.031250
0 0.610938 0.332813 0.028125 0.028125
0 0.867188 0.923438 0.028125 0.028125
0 0.601562 0.682813 0.028125 0.028125
0 0.264062 0.914062 0.028125 0.028125
0 0.739062 0.195312 0.028125 0.028125
0 0.598437 0.268750 0.028125 0.031250
0 0.945312 0.184375 0.028125 0.031250
0 0.960938 0.806250 0.028125 0.031250
0 0.951562 0.925000 0.028125 0.031250
0 0.473438 0.701562 0.028125 0.028125
0 0.510938 0.264062 0.028125 0.028125
0 0.045312 0.017188 0.028125 0.028125
0 0.079687 0.971875 0.028125 0.025000
0 0.025000 0.837500 0.025000 0.025000
0 0.389062 0.914062 0.028125 0.028125
0 0.229687 0.557813 0.028125 0.028125
0 0.114062 0.460938 0.028125 0.028125
0 0.779687 0.089063 0.028125 0.028125
0 0.482812 0.670312 0.028125 0.028125
0 0.435937 0.957812 0.028125 0.028125
0 0.650000 0.935937 0.025000 0.028125
0 0.657813 0.073438 0.028125 0.028125
0 0.745313 0.415625 0.028125 0.025000
0 0.026562 0.379688 0.028125 0.028125
0 0.823438 0.354687 0.028125 0.028125
0 0.304688 0.701562 0.028125 0.028125
0 0.607812 0.770312 0.028125 0.028125
0 0.948438 0.217188 0.028125 0.028125
0 0.701562 0.151562 0.028125 0.028125
0 0.326562 0.357812 0.028125 0.028125
0 0.785937 0.310937 0.028125 0.028125
0 0.685937 0.456250 0.028125 0.025000
0 0.835938 0.610938 0.028125 0.028125
0 0.075000 0.400000 0.031250 0.031250
0 0.792188 0.154688 0.028125 0.028125
0 0.304688 0.210938 0.028125 0.028125
0 0.721875 0.284375 0.025000 0.025000
0 0.248438 0.768750 0.028125 0.031250
0 0.567187 0.810937 0.028125 0.028125
0 0.503125 0.198437 0.025000 0.028125
0 0.679688 0.842187 0.028125 0.028125
0 0.134375 0.181250 0.031250 0.031250
0 0.676562 0.392188 0.028125 0.028125
0 0.979688 0.751563 0.028125 0.028125
0 0.179688 0.220312 0.028125 0.028125
0 0.723437 0.665625 0.028125 0.031250
0 0.795312 0.898438 0.028125 0.028125
0 0.901563 0.107813 0.028125 0.028125
0 0.734375 0.610938 0.031250 0.028125
0 0.110937 0.031250 0.028125 0.031250
0 0.629687 0.473438 0.028125 0.028125
0 0.964063 0.132812 0.028125 0.028125
0 0.567187 0.532813 0.028125 0.028125
0 0.629687 0.095312 0.028125 0.028125
0 0.298438 0.028125 0.028125 0.031250
0 0.945312 0.556250 0.028125 0.031250
0 0.323437 0.089063 0.028125 0.028125
0 0.725000 0.578125 0.031250 0.031250
0 0.696875 0.306250 0.025000 0.025000
0 0.592187 0.835938 0.028125 0.028125
0 0.357812 0.098437 0.028125 0.028125
0 0.864062 0.435937 0.028125 0.028125
0 0.848437 0.332813 0.028125 0.028125
0 0.335938 0.123438 0.028125 0.028125
0 0.357812 0.182812 0.028125 0.028125
0 0.481250 0.801562 0.031250 0.028125
0 0.417187 0.245312 0.028125 0.028125
0 0.770312 0.023438 0.028125 0.028125
0 0.898438 0.935937 0.028125 0.028125
0 0.690625 0.492188 0.025000 0.028125
0 0.820312 0.696875 0.028125 0.031250
0 0.826562 0.545312 0.028125 0.028125
0 0.973437 0.382812 0.028125 0.028125
0 0.520312 0.967187 0.028125 0.028125
0 0.592187 0.420312 0.028125 0.028125
0 0.823438 0.170313 0.028125 0.028125
0 0.195312 0.978125 0.028125 0.025000
0 0.535937 0.675000 0.028125 0.025000
0 0.806250 0.440625 0.031250 0.031250
0 0.964063 0.315625 0.028125 0.031250
0 0.079687 0.026562 0.028125 0.028125
0 0.514062 0.298438 0.028125 0.028125
0 0.535937 0.048438 0.028125 0.028125
0 0.373437 0.857812 0.028125 0.028125
0 0.587500 0.385937 0.025000 0.028125
0 0.451562 0.895312 0.028125 0.028125
0 0.635938 0.314063 0.028125 0.028125
0 0.292187 0.732812 0.028125 0.028125
0 0.171875 0.828125 0.025000 0.025000
0 0.776563 0.773438 0.028125 0.028125
0 0.632812 0.279687 0.028125 0.028125
0 0.973437 0.870313 0.028125 0.028125
0 0.539062 0.081250 0.028125 0.031250
0 0.042188 0.340625 0.028125 0.031250
0 0.868750 0.467187 0.031250 0.028125
0 0.895312 0.445312 0.028125 0.028125
0 0.551562 0.156250 0.028125 0.031250
0 0.392188 0.329688 0.028125 0.028125
0 0.476562 0.360938 0.028125 0.028125
0 0.964063 0.500000 0.028125 0.031250
0 0.564063 0.929688 0.028125 0.028125
0 0.829688 0.576562 0.028125 0.028125
0 0.746875 0.643750 0.031250 0.031250
0 0.607812 0.300000 0.028125 0.025000
0 0.701562 0.339062 0.028125 0.028125
0 0.756250 0.971875 0.031250 0.031250
0 0.951562 0.773438 0.028125 0.028125
0 0.707812 0.404687 0.028125 0.028125
0 0.379688 0.160938 0.028125 0.028125
0 0.143750 0.712500 0.025000 0.025000
0 0.560937 0.726562 0.028125 0.028125
0 0.814063 0.960938 0.028125 0.028125
0 0.690625 0.898438 0.025000 0.028125
0 0.190625 0.579688 0.031250 0.028125
0 0.679688 0.425000 0.028125 0.031250
0 0.298438 0.643750 0.028125 0.025000
0 0.864062 0.620313 0.028125 0.028125
0 0.839063 0.942187 0.028125 0.028125
0 0.503125 0.592187 0.025000 0.028125
0 0.185938 0.690625 0.028125 0.031250
0 0.732812 0.701562 0.028125 0.028125
0 0.689063 0.657813 0.028125 0.028125
0 0.745313 0.451562 0.028125 0.028125
0 0.539062 0.242188 0.028125 0.028125
0 0.726562 0.317188 0.028125 0.028125
0 0.712500 0.754687 0.025000 0.028125
0 0.270313 0.884375 0.028125 0.031250
0 0.929688 0.489063 0.028125 0.028125
0 0.142187 0.337500 0.028125 0.025000
0 0.170313 0.892188 0.028125 0.028125
0 0.195312 0.942187 0.028125 0.028125
0 0.717187 0.789062 0.028125 0.028125
0 0.934375 0.978125 0.025000 0.025000
0 0.764062 0.707812 0.028125 0.028125
0 0.200000 0.631250 0.031250 0.031250
0 0.642188 0.571875 0.028125 0.025000
0 0.664062 0.104688 0.028125 0.028125
0 0.259375 0.264062 0.025000 0.028125
0 0.795312 0.868750 0.028125 0.025000
0 0.103125 0.276562 0.025000 0.028125
0 0.054688 0.854688 0.028125 0.028125
0 0.310937 0.960938 0.028125 0.028125
0 0.578125 0.135937 0.031250 0.028125
0 0.264062 0.023438 0.028125 0.028125
0 0.650000 0.767188 0.031250 0.028125
0 0.757812 0.676562 0.028125 0.028125
0 0.860938 0.028125 0.028125 0.031250
0 0.257812 0.173437 0.028125 0.028125
0 0.817187 0.321875 0.028125 0.025000
0 0.304688 0.785937 0.028125 0.028125
0 0.082812 0.145313 0.034375 0.034375
0 0.681250 0.743750 0.025000 0.025000
0 0.032813 0.089063 0.034375 0.034375
0 0.440625 0.173437 0.031250 0.028125
0 0.692187 0.810937 0.028125 0.028125
0 0.889062 0.901563 0.028125 0.028125
0 0.826562 0.389062 0.028125 0.028125
0 0.848437 0.520312 0.028125 0.028125
0 0.285938 0.673438 0.028125 0.028125
0 0.590625 0.501563 0.031250 0.028125
0 0.481250 0.542188 0.025000 0.028125
0 0.160938 0.426563 0.028125 0.028125
0 0.117188 0.789062 0.028125 0.028125
0 0.685937 0.779687 0.028125 0.028125
0 0.026562 0.042188 0.028125 0.028125
0 0.826562 0.729688 0.028125 0.028125
0 0.404687 0.848437 0.028125 0.028125
0 0.087500 0.306250 0.025000 0.025000
0 0.476562 0.220312 0.028125 0.028125
0 0.870313 0.279687 0.028125 0.028125
0 0.609375 0.565625 0.031250 0.031250
0 0.554688 0.757812 0.028125 0.028125
0 0.867188 0.773438 0.028125 0.028125
0 0.673438 0.581250 0.028125 0.025000
0 0.357812 0.467187 0.028125 0.028125
0 0.701562 0.867188 0.028125 0.028125
0 0.665625 0.295312 0.031250 0.028125
0 0.210938 0.139063 0.028125 0.028125
0 0.967187 0.837500 0.028125 0.031250
0 0.210938 0.670312 0.028125 0.028125
0 0.045312 0.154688 0.028125 0.028125
0 0.509375 0.360938 0.025000 0.028125
0 0.689063 0.273438 0.028125 0.028125
0 0.660937 0.482812 0.028125 0.028125
0 0.462500 0.864062 0.025000 0.028125
0 0.532813 0.210938 0.028125 0.028125
0 0.490625 0.126562 0.031250 0.028125
0 0.775000 0.243750 0.025000 0.025000
0 0.493750 0.446875 0.025000 0.025000
0 0.170313 0.279687 0.028125 0.028125
0 0.556250 0.373437 0.025000 0.028125
0 0.576562 0.629687 0.028125 0.028125
0 0.510938 0.417187 0.028125 0.028125
0 0.179688 0.128125 0.028125 0.025000
0 0.429688 0.873437 0.028125 0.028125
0 0.367188 0.128125 0.028125 0.031250
0 0.789062 0.685937 0.028125 0.028125
0 0.450000 0.081250 0.031250 0.031250
0 0.585938 0.170313 0.028125 0.028125
0 0.439063 0.364063 0.028125 0.028125
0 0.960938 0.960938 0.028125 0.028125
0 0.542188 0.276562 0.028125 0.028125
0 0.792188 0.342187 0.028125 0.028125
0 0.526563 0.176563 0.028125 0.028125
0 0.576562 0.473438 0.028125 0.028125
0 0.326562 0.810937 0.028125 0.028125
0 0.476562 0.417187 0.028125 0.028125
0 0.810937 0.478125 0.028125 0.025000
0 0.654687 0.648438 0.028125 0.028125
0 0.112500 0.215625 0.031250 0.031250
0 0.143750 0.034375 0.031250 0.031250
0 0.373437 0.435937 0.028125 0.028125
0 0.570312 0.660937 0.028125 0.028125
0 0.901563 0.292187 0.028125 0.028125
0 0.323437 0.270313 0.028125 0.028125
0 0.948438 0.401562 0.028125 0.028125
0 0.301563 0.379688 0.028125 0.028125
0 0.071875 0.556250 0.031250 0.031250
0 0.057813 0.370312 0.028125 0.028125
0 0.534375 0.707812 0.025000 0.028125
0 0.884375 0.868750 0.025000 0.025000
0 0.507812 0.232813 0.028125 0.028125
0 0.585938 0.596875 0.028125 0.031250
0 0.975000 0.568750 0.031250 0.031250
0 0.039062 0.664062 0.028125 0.028125
0 0.560937 0.409375 0.028125 0.031250
0 0.554688 0.342187 0.028125 0.028125
0 0.426563 0.785937 0.028125 0.028125
0 0.335938 0.301563 0.028125 0.028125
0 0.546875 0.789062 0.025000 0.028125
0 0.254688 0.946875 0.028125 0.025000
0 0.448437 0.723437 0.028125 0.028125
0 0.246875 0.471875 0.025000 0.025000
0 0.457813 0.332813 0.028125 0.028125
0 0.382812 0.737500 0.028125 0.025000
0 0.660937 0.514062 0.028125 0.028125
0 0.268750 0.295312 0.031250 0.028125
0 0.976562 0.196875 0.028125 0.031250
0 0.632812 0.540625 0.028125 0.031250
0 0.214062 0.314063 0.028125 0.028125
0 0.056250 0.309375 0.031250 0.031250
0 0.401562 0.965625 0.028125 0.025000
0 0.337500 0.692187 0.025000 0.028125
0 0.237500 0.895312 0.031250 0.028125
0 0.195312 0.510938 0.028125 0.028125
0 0.510938 0.554688 0.028125 0.028125
0 0.567187 0.440625 0.028125 0.031250
0 0.506250 0.037500 0.031250 0.031250
0 0.401562 0.275000 0.028125 0.025000
0 0.085938 0.739062 0.028125 0.028125
0 0.020313 0.600000 0.028125 0.031250
0 0.404687 0.132812 0.028125 0.028125
0 0.807813 0.632812 0.028125 0.028125
0 0.970313 0.164062 0.028125 0.028125
0 0.814063 0.664062 0.028125 0.028125
0 0.667188 0.550000 0.028125 0.025000
0 0.554688 0.585938 0.028125 0.028125
0 0.710938 0.217188 0.028125 0.028125
0 0.803125 0.600000 0.031250 0.031250
0 0.610938 0.145313 0.028125 0.028125
0 0.857812 0.742188 0.028125 0.028125
0 0.423438 0.335938 0.028125 0.028125
0 0.195312 0.420312 0.028125 0.028125
0 0.954688 0.435937 0.028125 0.028125
0 0.920312 0.914062 0.028125 0.028125
0 0.315625 0.754687 0.025000 0.028125
0 0.148438 0.776563 0.028125 0.028125
0 0.226562 0.410938 0.028125 0.028125
0 0.381250 0.225000 0.031250 0.031250
0 0.176563 0.393750 0.028125 0.031250
0 0.967187 0.685937 0.028125 0.028125
0 0.348438 0.835938 0.028125 0.028125
0 0.175000 0.042188 0.031250 0.028125
0 0.295312 0.820312 0.028125 0.028125
0 0.829688 0.017188 0.028125 0.028125
0 0.110937 0.493750 0.028125 0.025000
0 0.039062 0.215625 0.028125 0.031250
0 0.368750 0.682813 0.025000 0.028125
0 0.326562 0.176563 0.028125 0.028125
0 0.390625 0.462500 0.025000 0.025000
0 0.107813 0.335938 0.028125 0.028125
0 0.200000 0.017188 0.031250 0.028125
0 0.425000 0.698438 0.025000 0.028125
0 0.056250 0.789062 0.025000 0.028125
0 0.476562 0.920312 0.028125 0.028125
0 0.117188 0.732812 0.028125 0.028125
0 0.053125 0.246875 0.031250 0.031250
0 0.134375 0.612500 0.031250 0.031250
0 0.654687 0.607812 0.028125 0.028125
0 0.239063 0.382812 0.028125 0.028125
0 0.201563 0.907813 0.028125 0.028125
0 0.835938 0.760938 0.028125 0.028125
0 0.273438 0.706250 0.028125 0.031250
0 0.540625 0.473438 0.031250 0.028125
0 0.082812 0.460938 0.028125 0.028125
0 0.545312 0.556250 0.028125 0.025000
0 0.146875 0.214062 0.031250 0.028125
0 0.346875 0.332813 0.025000 0.028125
0 0.062500 0.184375 0.031250 0.031250
0 0.217188 0.748437 0.028125 0.028125
0 0.632812 0.795312 0.028125 0.028125
0 0.220312 0.492188 0.028125 0.028125
0 0.035937 0.534375 0.028125 0.031250
0 0.071875 0.278125 0.031250 0.031250
0 0.114062 0.654687 0.028125 0.028125
0 0.320312 0.237500 0.028125 0.025000
0 0.445312 0.206250 0.028125 0.031250
0 0.242188 0.440625 0.028125 0.025000
0 0.714063 0.923438 0.028125 0.028125
0 0.368750 0.039062 0.025000 0.028125
0 0.478125 0.253125 0.025000 0.025000
0 0.417187 0.595313 0.028125 0.028125
0 0.373437 0.357812 0.028125 0.028125
0 0.440625 0.618750 0.025000 0.025000
0 0.357812 0.409375 0.028125 0.025000
0 0.064062 0.434375 0.028125 0.031250
0 0.485938 0.285938 0.028125 0.028125
0 0.451562 0.679688 0.028125 0.028125
0 0.045312 0.632812 0.028125 0.028125
0 0.148438 0.304688 0.028125 0.028125
0 0.620313 0.596875 0.028125 0.025000
0 0.250000 0.978125 0.025000 0.025000
0 0.935937 0.520312 0.028125 0.028125
0 0.331250 0.393750 0.025000 0.025000
0 0.178125 0.656250 0.031250 0.031250
0 0.810937 0.929688 0.028125 0.028125
0 0.123438 0.581250 0.028125 0.031250
0 0.685937 0.020313 0.028125 0.028125
0 0.629687 0.629687 0.028125 0.028125
0 0.415625 0.728125 0.025000 0.025000
0 0.726562 0.539062 0.028125 0.028125
0 0.123438 0.685937 0.028125 0.028125
0 0.651563 0.732812 0.028125 0.028125
0 0.084375 0.246875 0.031250 0.031250
0 0.734375 0.896875 0.031250 0.031250
0 0.429688 0.653125 0.028125 0.031250
0 0.057813 0.757812 0.028125 0.028125
0 0.223438 0.960938 0.028125 0.028125
0 0.498437 0.757812 0.028125 0.028125
0 0.181250 0.307812 0.025000 0.028125
0 0.979688 0.046875 0.028125 0.031250
0 0.648438 0.410938 0.028125 0.028125
0 0.029687 0.773438 0.028125 0.028125
0 0.884375 0.720313 0.025000 0.028125
0 0.206250 0.348438 0.031250 0.028125
0 0.495312 0.389062 0.028125 0.028125
0 0.967187 0.348438 0.028125 0.028125
0 0.050000 0.464062 0.031250 0.028125
0 0.564063 0.695312 0.028125 0.028125
0 0.200000 0.542188 0.025000 0.028125
0 0.368750 0.279687 0.025000 0.028125
0 0.414062 0.212500 0.028125 0.031250
0 0.020313 0.315625 0.028125 0.031250
0 0.798438 0.564063 0.028125 0.028125
0 0.068750 0.084375 0.031250 0.031250
0 0.787500 0.837500 0.031250 0.031250
0 0.710938 0.632812 0.028125 0.028125
0 0.065625 0.117188 0.031250 0.034375
0 0.460938 0.645312 0.028125 0.028125
0 0.404687 0.626563 0.028125 0.028125
0 0.460938 0.451562 0.028125 0.028125
0 0.410938 0.162500 0.028125 0.031250
0 0.075000 0.214062 0.031250 0.034375
0 0.964063 0.656250 0.028125 0.031250
0 0.135937 0.554688 0.028125 0.028125
0 0.351562 0.920312 0.028125 0.028125
0 0.153125 0.681250 0.025000 0.025000
0 0.207813 0.382812 0.028125 0.028125
0 0.775000 0.625000 0.031250 0.031250
0 0.351562 0.217188 0.028125 0.028125
0 0.382812 0.828125 0.028125 0.031250
0 0.167187 0.925000 0.028125 0.025000
0 0.979688 0.415625 0.028125 0.031250
0 0.389062 0.189062 0.028125 0.028125
0 0.207813 0.714063 0.028125 0.028125
0 0.295312 0.560937 0.028125 0.028125
0 0.600000 0.531250 0.031250 0.031250
0 0.104688 0.554688 0.028125 0.028125
0 0.420312 0.304688 0.028125 0.028125
0 0.128125 0.429688 0.025000 0.028125
0 0.601562 0.451562 0.028125 0.028125
0 0.460938 0.776563 0.028125 0.028125
0 0.389062 0.792188 0.028125 0.028125
0 0.526563 0.389062 0.028125 0.028125
0 0.531250 0.017188 0.031250 0.028125
0 0.489063 0.317188 0.028125 0.028125
0 0.096875 0.429688 0.025000 0.028125
0 0.462500 0.029687 0.031250 0.028125
0 0.175000 0.721875 0.031250 0.031250
0 0.376563 0.493750 0.028125 0.025000
0 0.392188 0.015625 0.028125 0.031250
0 0.257812 0.539062 0.028125 0.028125
0 0.192188 0.476562 0.028125 0.028125
0 0.273438 0.451562 0.028125 0.028125
0 0.103125 0.623437 0.025000 0.028125
0 0.315625 0.614062 0.025000 0.028125
0 0.378125 0.651563 0.025000 0.028125
0 0.457813 0.565625 0.028125 0.025000
0 0.423438 0.445312 0.028125 0.028125
0 0.060937 0.689063 0.028125 0.028125
0 0.040625 0.498437 0.031250 0.028125
0 0.123438 0.364063 0.028125 0.028125
0 0.603125 0.650000 0.025000 0.025000
0 0.259375 0.414062 0.025000 0.028125
0 0.035937 0.567187 0.028125 0.028125
0 0.756250 0.546875 0.031250 0.031250
0 0.628125 0.504687 0.025000 0.028125
0 0.460938 0.389062 0.028125 0.028125
0 0.148438 0.457813 0.028125 0.028125
0 0.281250 0.618750 0.025000 0.025000
0 0.242188 0.679688 0.028125 0.028125
0 0.978125 0.229687 0.031250 0.028125
0 0.517188 0.882812 0.028125 0.028125
0 0.092188 0.773438 0.028125 0.028125
0 0.448437 0.239063 0.028125 0.028125
0 0.510938 0.789062 0.028125 0.028125
0 0.498437 0.723437 0.028125 0.028125
0 0.393750 0.534375 0.025000 0.025000
0 0.382812 0.385937 0.028125 0.028125
0 0.534375 0.817187 0.031250 0.028125
0 0.507812 0.482812 0.028125 0.028125
0 0.525000 0.739062 0.025000 0.028125
0 0.170313 0.617188 0.028125 0.028125
0 0.167187 0.529687 0.028125 0.028125
0 0.235937 0.634375 0.028125 0.025000
0 0.073438 0.492188 0.028125 0.028125
0 0.157812 0.585938 0.028125 0.028125
0 0.076563 0.645312 0.028125 0.028125
0 0.456250 0.504687 0.025000 0.028125
0 0.326562 0.467187 0.028125 0.028125
0 0.085938 0.592187 0.028125 0.028125
0 0.426563 0.018750 0.028125 0.031250
0 0.028125 0.696875 0.031250 0.031250
0 0.343750 0.493750 0.025000 0.025000
0 0.351562 0.604688 0.028125 0.028125
0 0.979688 0.903125 0.028125 0.031250
0 0.176563 0.342187 0.028125 0.028125
0 0.228125 0.523438 0.025000 0.028125
0 0.134375 0.517188 0.025000 0.028125
0 0.143750 0.400000 0.025000 0.025000
0 0.401562 0.675000 0.028125 0.025000
0 0.407813 0.414062 0.028125 0.028125
0 0.437500 0.475000 0.025000 0.025000
0 0.253125 0.601562 0.025000 0.028125
0 0.364063 0.523438 0.028125 0.028125
0 0.267188 0.646875 0.028125 0.025000
0 0.014063 0.154688 0.028125 0.028125
0 0.148438 0.645312 0.028125 0.028125
0 0.917188 0.018750 0.028125 0.031250
0 0.029687 0.739062 0.028125 0.028125
0 0.284375 0.520312 0.025000 0.028125
0 0.293750 0.409375 0.025000 0.025000
0 0.217188 0.457813 0.028125 0.028125
0 0.468750 0.593750 0.025000 0.025000
0 0.534375 0.442188 0.025000 0.028125
0 0.448437 0.535937 0.028125 0.028125
0 0.326562 0.520312 0.028125 0.028125
0 0.239063 0.710938 0.028125 0.028125
0 0.625000 0.429688 0.025000 0.028125
0 0.315625 0.842187 0.031250 0.028125
0 0.409375 0.564063 0.025000 0.028125
0 0.082812 0.839063 0.028125 0.028125
0 0.018750 0.243750 0.031250 0.031250
0 0.448437 0.812500 0.028125 0.031250
0 0.325000 0.662500 0.025000 0.025000
0 0.625000 0.026562 0.031250 0.028125
0 0.376563 0.945312 0.028125 0.028125
0 0.114062 0.857812 0.028125 0.028125
0 0.539062 0.523438 0.028125 0.028125
0 0.485938 0.889062 0.028125 0.028125
0 0.326562 0.726562 0.028125 0.028125
0 0.406250 0.362500 0.025000 0.025000
0 0.667188 0.323437 0.028125 0.028125
0 0.368750 0.554688 0.025000 0.028125
0 0.254688 0.507812 0.028125 0.028125
0 0.340625 0.573438 0.025000 0.028125
0 0.979688 0.600000 0.028125 0.031250
0 0.542188 0.642188 0.028125 0.028125
0 0.807813 0.784375 0.028125 0.031250
0 0.409375 0.490625 0.025000 0.025000
0 0.067187 0.523438 0.028125 0.028125
0 0.740625 0.012500 0.025000 0.025000
0 0.182812 0.451562 0.028125 0.028125
0 0.814063 0.814063 0.028125 0.028125
0 0.057813 0.596875 0.028125 0.025000
0 0.025000 0.870313 0.031250 0.028125
0 0.384375 0.601562 0.025000 0.028125
0 0.170313 0.860938 0.028125 0.028125
0 0.326562 0.545312 0.028125 0.028125
0 0.118750 0.304688 0.025000 0.028125
0 0.098437 0.523438 0.028125 0.028125
0 0.981250 0.446875 0.031250 0.031250
0 0.623437 0.826562 0.028125 0.028125
0 0.362500 0.775000 0.031250 0.031250
0 0.528125 0.610938 0.025000 0.028125
0 0.368750 0.309375 0.025000 0.025000
0 0.781250 0.806250 0.025000 0.025000
0 0.657813 0.814063 0.028125 0.028125
