0 0.901563 0.137500 0.028125 0.031250
0 0.931250 0.078125 0.031250 0.031250
0 0.878125 0.051562 0.031250 0.028125
0 0.382812 0.150000 0.028125 0.031250
0 0.835938 0.848437 0.028125 0.028125
0 0.732812 0.150000 0.028125 0.031250
0 0.867188 0.345313 0.028125 0.028125
0 0.795312 0.087500 0.028125 0.031250
0 0.885938 0.818750 0.028125 0.031250
0 0.882812 0.110937 0.028125 0.028125
0 0.870313 0.848437 0.028125 0.028125
0 0.820312 0.173437 0.028125 0.028125
0 0.778125 0.059375 0.031250 0.031250
0 0.973437 0.190625 0.028125 0.031250
0 0.839063 0.200000 0.028125 0.031250
0 0.967187 0.134375 0.028125 0.031250
0 0.868750 0.140625 0.031250 0.031250
0 0.832812 0.346875 0.028125 0.031250
0 0.910937 0.051562 0.028125 0.028125
0 0.967187 0.337500 0.028125 0.031250
0 0.131250 0.137500 0.031250 0.031250
0 0.935937 0.848437 0.028125 0.028125
0 0.075000 0.056250 0.031250 0.031250
0 0.742188 0.267188 0.028125 0.028125
0 0.817187 0.820312 0.028125 0.028125
0 0.826562 0.026562 0.028125 0.028125
0 0.848437 0.112500 0.028125 0.031250
0 0.951562 0.104688 0.028125 0.028125
0 0.845313 0.470313 0.040625 0.040625
0 0.857812 0.025000 0.028125 0.031250
0 0.853125 0.820312 0.031250 0.028125
0 0.904687 0.848437 0.028125 0.028125
0 0.835938 0.790625 0.028125 0.031250
0 0.531250 0.109375 0.031250 0.031250
0 0.445312 0.085938 0.028125 0.028125
0 0.710938 0.064062 0.028125 0.028125
0 0.934375 0.135937 0.031250 0.028125
0 0.954688 0.164062 0.028125 0.028125
0 0.675000 0.270313 0.031250 0.028125
0 0.809375 0.260937 0.031250 0.028125
0 0.146875 0.109375 0.031250 0.031250
0 0.746875 0.760938 0.031250 0.028125
0 0.954688 0.820312 0.028125 0.028125
0 0.764062 0.089063 0.028125 0.028125
0 0.917188 0.106250 0.028125 0.031250
0 0.925000 0.018750 0.031250 0.031250
0 0.757812 0.235937 0.028125 0.028125
0 0.209375 0.046875 0.031250 0.031250
0 0.728125 0.298438 0.031250 0.028125
0 0.915625 0.312500 0.031250 0.031250
0 0.873437 0.198437 0.028125 0.028125
0 0.648438 0.128125 0.028125 0.031250
0 0.468750 0.171875 0.031250 0.031250
0 0.904687 0.195312 0.028125 0.028125
0 0.940625 0.192188 0.031250 0.028125
0 0.729688 0.093750 0.028125 0.031250
0 0.785937 0.175000 0.028125 0.031250
0 0.709375 0.876563 0.031250 0.028125
0 0.476562 0.554688 0.028125 0.028125
0 0.934375 0.339062 0.031250 0.028125
0 0.717187 0.121875 0.028125 0.031250
0 0.193750 0.075000 0.031250 0.031250
0 0.776563 0.262500 0.028125 0.031250
0 0.892188 0.020313 0.028125 0.028125
0 0.240625 0.246875 0.031250 0.031250
0 0.957812 0.220312 0.028125 0.028125
0 0.817187 0.760938 0.028125 0.028125
0 0.125000 0.546875 0.031250 0.031250
0 0.334375 0.182812 0.031250 0.028125
0 0.039062 0.842187 0.028125 0.028125
0 0.925000 0.223438 0.031250 0.028125
0 0.696875 0.095312 0.031250 0.028125
0 0.429688 0.323437 0.028125 0.028125
0 0.448437 0.673438 0.028125 0.028125
0 0.250000 0.421875 0.031250 0.031250
0 0.817187 0.114062 0.028125 0.028125
0 0.887500 0.168750 0.031250 0.031250
0 0.398438 0.118750 0.028125 0.031250
0 0.567187 0.431250 0.028125 0.031250
0 0.764062 0.351562 0.028125 0.028125
0 0.765625 0.790625 0.031250 0.031250
0 0.242188 0.567187 0.028125 0.028125
0 0.779687 0.321875 0.028125 0.031250
0 0.117188 0.429688 0.028125 0.028125
0 0.720313 0.179688 0.028125 0.028125
0 0.273438 0.245312 0.028125 0.028125
0 0.410938 0.089063 0.028125 0.028125
0 0.457813 0.056250 0.028125 0.031250
0 0.692187 0.729688 0.028125 0.028125
0 0.087500 0.228125 0.031250 0.031250
0 0.539062 0.223438 0.028125 0.028125
0 0.829688 0.289062 0.028125 0.028125
0 0.676562 0.815625 0.028125 0.031250
0 0.920312 0.370312 0.028125 0.028125
0 0.335938 0.445312 0.028125 0.028125
0 0.609375 0.756250 0.031250 0.031250
0 0.723437 0.237500 0.028125 0.031250
0 0.837500 0.406250 0.031250 0.031250
0 0.782813 0.821875 0.028125 0.031250
0 0.481250 0.140625 0.031250 0.031250
0 0.782813 0.117188 0.028125 0.028125
0 0.392188 0.060937 0.028125 0.028125
0 0.676562 0.067187 0.028125 0.028125
0 0.625000 0.246875 0.031250 0.031250
0 0.364063 0.121875 0.028125 0.031250
0 0.687500 0.182812 0.031250 0.028125
0 0.187500 0.484375 0.031250 0.031250
0 0.090625 0.021875 0.031250 0.031250
0 0.642188 0.273438 0.028125 0.028125
0 0.637500 0.215625 0.031250 0.031250
0 0.810937 0.057813 0.028125 0.028125
0 0.042188 0.056250 0.028125 0.031250
0 0.067187 0.462500 0.028125 0.031250
0 0.676562 0.876563 0.028125 0.028125
0 0.842187 0.257812 0.028125 0.028125
0 0.951562 0.368750 0.028125 0.031250
0 0.160938 0.339062 0.028125 0.028125
0 0.057813 0.026562 0.028125 0.028125
0 0.643750 0.070312 0.025000 0.028125
0 0.920312 0.165625 0.028125 0.031250
0 0.851562 0.376563 0.028125 0.028125
0 0.492188 0.525000 0.028125 0.031250
0 0.250000 0.159375 0.031250 0.031250
0 0.593750 0.043750 0.031250 0.031250
0 0.175000 0.048438 0.031250 0.028125
0 0.312500 0.620313 0.031250 0.028125
0 0.964063 0.075000 0.028125 0.031250
0 0.453125 0.731250 0.031250 0.031250
0 0.679688 0.329688 0.028125 0.028125
0 0.692187 0.846875 0.028125 0.031250
0 0.935937 0.790625 0.028125 0.031250
0 0.660937 0.789062 0.028125 0.028125
0 0.817187 0.378125 0.028125 0.031250
0 0.414062 0.351562 0.028125 0.028125
0 0.846875 0.317188 0.031250 0.028125
0 0.487500 0.467187 0.031250 0.028125
0 0.625000 0.517188 0.031250 0.028125
0 0.575000 0.815625 0.031250 0.031250
0 0.117188 0.168750 0.028125 0.031250
0 0.895312 0.079687 0.028125 0.028125
0 0.520312 0.728125 0.028125 0.031250
0 0.709375 0.818750 0.031250 0.031250
0 0.825000 0.231250 0.031250 0.031250
0 0.157812 0.282813 0.028125 0.028125
0 0.814063 0.320312 0.028125 0.028125
0 0.645312 0.876563 0.028125 0.028125
0 0.760938 0.293750 0.028125 0.031250
0 0.745313 0.060937 0.028125 0.028125
0 0.806250 0.203125 0.031250 0.031250
0 0.543750 0.079687 0.031250 0.028125
0 0.767188 0.148438 0.028125 0.028125
0 0.750000 0.120313 0.031250 0.028125
0 0.607812 0.276562 0.028125 0.028125
0 0.309375 0.845313 0.031250 0.028125
0 0.829688 0.085938 0.028125 0.028125
0 0.885938 0.371875 0.028125 0.031250
0 0.728125 0.846875 0.031250 0.031250
0 0.557813 0.785937 0.028125 0.028125
0 0.195312 0.335938 0.028125 0.028125
0 0.068750 0.200000 0.031250 0.031250
0 0.746875 0.325000 0.031250 0.031250
0 0.468750 0.703125 0.031250 0.031250
0 0.084375 0.168750 0.031250 0.031250
0 0.576562 0.876563 0.028125 0.028125
0 0.701562 0.151562 0.028125 0.028125
0 0.759375 0.032813 0.031250 0.028125
0 0.710938 0.759375 0.028125 0.031250
0 0.420312 0.790625 0.028125 0.031250
0 0.590625 0.787500 0.031250 0.031250
0 0.604688 0.217188 0.028125 0.028125
0 0.153125 0.225000 0.031250 0.031250
0 0.692187 0.300000 0.028125 0.031250
0 0.215625 0.162500 0.031250 0.031250
0 0.051562 0.229687 0.028125 0.028125
0 0.315625 0.156250 0.031250 0.031250
0 0.426563 0.057813 0.028125 0.028125
0 0.082812 0.431250 0.028125 0.031250
0 0.792188 0.028125 0.028125 0.031250
0 0.856250 0.432812 0.031250 0.028125
0 0.054688 0.492188 0.028125 0.028125
0 0.223438 0.276562 0.028125 0.028125
0 0.845313 0.054688 0.028125 0.028125
0 0.034375 0.726562 0.031250 0.028125
0 0.578125 0.075000 0.031250 0.031250
0 0.614062 0.129688 0.028125 0.028125
0 0.257812 0.275000 0.028125 0.031250
0 0.948438 0.309375 0.028125 0.031250
0 0.390625 0.267188 0.031250 0.028125
0 0.868750 0.790625 0.031250 0.031250
0 0.539062 0.817187 0.028125 0.028125
0 0.500000 0.378125 0.031250 0.031250
0 0.864062 0.082812 0.028125 0.028125
0 0.145313 0.368750 0.028125 0.031250
0 0.132812 0.398438 0.028125 0.028125
0 0.442188 0.554688 0.028125 0.028125
0 0.142187 0.050000 0.028125 0.031250
0 0.450000 0.409375 0.031250 0.031250
0 0.440625 0.876563 0.031250 0.028125
0 0.760938 0.846875 0.028125 0.031250
0 0.542188 0.876563 0.028125 0.028125
0 0.548438 0.135937 0.028125 0.028125
0 0.575000 0.278125 0.031250 0.031250
0 0.507812 0.815625 0.028125 0.031250
0 0.693750 0.787500 0.031250 0.031250
0 0.421875 0.470313 0.031250 0.028125
0 0.095312 0.606250 0.028125 0.031250
0 0.653125 0.184375 0.031250 0.031250
0 0.343750 0.300000 0.031250 0.031250
0 0.973437 0.848437 0.028125 0.028125
0 0.523438 0.845313 0.028125 0.028125
0 0.707812 0.268750 0.028125 0.031250
0 0.862500 0.285938 0.031250 0.028125
0 0.075000 0.578125 0.031250 0.031250
0 0.714063 0.326562 0.028125 0.028125
0 0.348438 0.153125 0.028125 0.031250
0 0.573438 0.754687 0.028125 0.028125
0 0.098437 0.401562 0.028125 0.028125
0 0.287500 0.215625 0.031250 0.031250
0 0.345313 0.845313 0.028125 0.028125
0 0.557813 0.845313 0.028125 0.028125
0 0.590625 0.518750 0.031250 0.031250
0 0.304688 0.242188 0.028125 0.028125
0 0.564063 0.106250 0.028125 0.031250
0 0.871875 0.401562 0.031250 0.028125
0 0.062500 0.609375 0.031250 0.031250
0 0.378125 0.092188 0.031250 0.028125
0 0.073438 0.843750 0.028125 0.031250
0 0.089063 0.814063 0.028125 0.028125
0 0.346875 0.357812 0.031250 0.028125
0 0.550000 0.403125 0.031250 0.031250
0 0.401562 0.760938 0.028125 0.028125
0 0.031250 0.143750 0.031250 0.031250
0 0.685937 0.446875 0.028125 0.031250
0 0.245312 0.103125 0.028125 0.031250
0 0.101562 0.198437 0.028125 0.028125
0 0.215625 0.423438 0.031250 0.028125
0 0.484375 0.671875 0.031250 0.031250
0 0.629687 0.362500 0.028125 0.031250
0 0.367188 0.179688 0.028125 0.028125
0 0.593750 0.845313 0.031250 0.028125
0 0.514062 0.137500 0.028125 0.031250
0 0.682813 0.123438 0.028125 0.028125
0 0.434375 0.760938 0.031250 0.028125
0 0.793750 0.292187 0.031250 0.028125
0 0.634375 0.157812 0.031250 0.028125
0 0.557813 0.048438 0.028125 0.028125
0 0.296875 0.651563 0.031250 0.028125
0 0.784375 0.379688 0.031250 0.028125
0 0.109375 0.575000 0.031250 0.031250
0 0.801562 0.145313 0.028125 0.028125
0 0.026562 0.085938 0.028125 0.028125
0 0.804688 0.409375 0.028125 0.031250
0 0.475000 0.293750 0.031250 0.031250
0 0.350000 0.735938 0.031250 0.028125
0 0.210938 0.307812 0.028125 0.028125
0 0.554688 0.462500 0.028125 0.031250
0 0.945312 0.045312 0.028125 0.028125
0 0.629687 0.634375 0.028125 0.031250
0 0.546875 0.609375 0.031250 0.031250
0 0.667188 0.154688 0.028125 0.028125
0 0.179688 0.367188 0.028125 0.028125
0 0.879687 0.314063 0.028125 0.028125
0 0.264062 0.392188 0.028125 0.028125
0 0.954688 0.760938 0.028125 0.028125
0 0.739062 0.207813 0.028125 0.028125
0 0.460938 0.320312 0.028125 0.028125
0 0.037500 0.784375 0.031250 0.031250
0 0.345313 0.095312 0.028125 0.028125
0 0.351562 0.414062 0.028125 0.028125
0 0.034375 0.200000 0.031250 0.031250
0 0.918750 0.820312 0.031250 0.028125
0 0.075000 0.315625 0.031250 0.031250
0 0.459375 0.262500 0.031250 0.031250
0 0.823438 0.437500 0.028125 0.031250
0 0.659375 0.040625 0.025000 0.025000
0 0.439063 0.498437 0.028125 0.028125
0 0.592187 0.728125 0.028125 0.031250
0 0.520312 0.464062 0.028125 0.028125
0 0.770312 0.206250 0.028125 0.031250
0 0.356250 0.268750 0.031250 0.031250
0 0.782813 0.760938 0.028125 0.028125
0 0.312500 0.096875 0.031250 0.031250
0 0.128125 0.340625 0.031250 0.031250
0 0.601562 0.160938 0.028125 0.028125
0 0.542188 0.550000 0.028125 0.031250
0 0.376563 0.298438 0.028125 0.028125
0 0.559375 0.309375 0.031250 0.031250
0 0.489063 0.845313 0.028125 0.028125
0 0.179688 0.106250 0.028125 0.031250
0 0.659375 0.728125 0.025000 0.025000
0 0.309375 0.303125 0.031250 0.031250
0 0.190625 0.875000 0.031250 0.031250
0 0.592187 0.306250 0.028125 0.031250
0 0.853125 0.878125 0.031250 0.031250
0 0.179688 0.632812 0.028125 0.028125
0 0.328125 0.590625 0.031250 0.031250
0 0.268750 0.187500 0.031250 0.031250
0 0.492188 0.054688 0.028125 0.028125
0 0.960938 0.017188 0.028125 0.028125
0 0.070312 0.257812 0.028125 0.028125
0 0.531250 0.640625 0.031250 0.031250
0 0.770312 0.410938 0.028125 0.028125
0 0.854688 0.171875 0.028125 0.031250
0 0.510938 0.081250 0.028125 0.031250
0 0.557813 0.520312 0.028125 0.028125
0 0.550000 0.667188 0.031250 0.028125
0 0.278125 0.621875 0.031250 0.031250
0 0.670312 0.210938 0.028125 0.028125
0 0.303125 0.184375 0.031250 0.031250
0 0.732812 0.354687 0.028125 0.028125
0 0.398438 0.382812 0.028125 0.028125
0 0.728125 0.787500 0.031250 0.031250
0 0.426563 0.585938 0.028125 0.028125
0 0.406250 0.500000 0.031250 0.031250
0 0.198437 0.134375 0.028125 0.031250
0 0.482812 0.407813 0.028125 0.028125
0 0.620313 0.189062 0.028125 0.028125
0 0.325000 0.814063 0.031250 0.028125
0 0.801562 0.351562 0.028125 0.028125
0 0.501563 0.170313 0.028125 0.028125
0 0.359375 0.064062 0.031250 0.028125
0 0.046875 0.376563 0.031250 0.028125
0 0.617188 0.665625 0.028125 0.031250
0 0.046875 0.637500 0.031250 0.031250
0 0.351562 0.473438 0.028125 0.028125
0 0.121875 0.814063 0.031250 0.028125
0 0.582812 0.667188 0.028125 0.028125
0 0.414062 0.617188 0.028125 0.028125
0 0.657813 0.242188 0.028125 0.028125
0 0.650000 0.665625 0.031250 0.031250
0 0.512500 0.346875 0.031250 0.031250
0 0.212500 0.629687 0.031250 0.028125
0 0.731250 0.731250 0.031250 0.031250
0 0.307812 0.040625 0.028125 0.031250
0 0.606250 0.487500 0.031250 0.031250
0 0.857812 0.228125 0.028125 0.031250
0 0.507812 0.023438 0.028125 0.028125
0 0.504687 0.757812 0.028125 0.028125
0 0.473438 0.876563 0.028125 0.028125
0 0.434375 0.439063 0.031250 0.028125
0 0.965625 0.278125 0.031250 0.031250
0 0.320312 0.212500 0.028125 0.031250
0 0.187500 0.221875 0.031250 0.031250
0 0.901563 0.343750 0.028125 0.031250
0 0.504687 0.493750 0.028125 0.031250
0 0.526563 0.312500 0.028125 0.031250
0 0.800000 0.790625 0.031250 0.031250
0 0.743750 0.818750 0.031250 0.031250
0 0.885938 0.878125 0.028125 0.031250
0 0.512500 0.610938 0.031250 0.028125
0 0.292187 0.814063 0.028125 0.028125
0 0.539062 0.492188 0.028125 0.028125
0 0.443750 0.293750 0.031250 0.031250
0 0.275000 0.042188 0.031250 0.028125
0 0.282813 0.157812 0.028125 0.028125
0 0.523438 0.785937 0.028125 0.028125
0 0.240625 0.043750 0.031250 0.031250
0 0.539062 0.757812 0.028125 0.028125
0 0.489063 0.789062 0.028125 0.028125
0 0.095312 0.084375 0.028125 0.031250
0 0.326562 0.873437 0.028125 0.028125
0 0.704688 0.210938 0.028125 0.028125
0 0.421875 0.846875 0.031250 0.031250
0 0.573438 0.489063 0.028125 0.028125
0 0.190625 0.278125 0.031250 0.031250
0 0.278125 0.098437 0.031250 0.028125
0 0.395313 0.325000 0.028125 0.031250
0 0.754687 0.176563 0.028125 0.028125
0 0.279687 0.360938 0.028125 0.028125
0 0.439063 0.235937 0.028125 0.028125
0 0.260937 0.071875 0.028125 0.031250
0 0.564063 0.368750 0.028125 0.031250
0 0.496875 0.110937 0.031250 0.028125
0 0.153125 0.485938 0.031250 0.028125
0 0.832812 0.143750 0.028125 0.031250
0 0.326562 0.329688 0.028125 0.028125
0 0.220312 0.220312 0.028125 0.028125
0 0.546875 0.340625 0.031250 0.031250
0 0.557813 0.251563 0.028125 0.028125
0 0.112500 0.110937 0.031250 0.028125
0 0.409375 0.293750 0.031250 0.031250
0 0.039062 0.259375 0.028125 0.031250
0 0.418750 0.206250 0.031250 0.031250
0 0.942187 0.251563 0.028125 0.028125
0 0.050000 0.171875 0.031250 0.031250
0 0.610938 0.073438 0.028125 0.028125
0 0.637500 0.478125 0.031250 0.031250
0 0.579688 0.337500 0.028125 0.025000
0 0.098437 0.664062 0.028125 0.028125
0 0.162500 0.079687 0.031250 0.028125
0 0.254688 0.479687 0.028125 0.028125
0 0.328125 0.068750 0.031250 0.031250
0 0.504687 0.226562 0.028125 0.028125
0 0.453125 0.203125 0.031250 0.031250
0 0.596875 0.635938 0.025000 0.028125
0 0.282813 0.420312 0.028125 0.028125
0 0.676562 0.757812 0.028125 0.028125
0 0.373437 0.501563 0.028125 0.028125
0 0.125000 0.284375 0.031250 0.031250
0 0.137500 0.253125 0.031250 0.031250
0 0.062500 0.084375 0.031250 0.031250
0 0.203125 0.454688 0.031250 0.028125
0 0.446875 0.353125 0.025000 0.025000
0 0.626563 0.728125 0.028125 0.025000
0 0.596875 0.103125 0.025000 0.025000
0 0.571875 0.221875 0.031250 0.031250
0 0.690625 0.504687 0.031250 0.028125
0 0.379688 0.354687 0.028125 0.028125
0 0.520312 0.195312 0.028125 0.028125
0 0.590625 0.250000 0.031250 0.031250
0 0.293750 0.331250 0.031250 0.031250
0 0.198437 0.395313 0.028125 0.028125
0 0.287500 0.753125 0.031250 0.031250
0 0.656250 0.506250 0.031250 0.031250
0 0.676562 0.698438 0.028125 0.028125
0 0.317188 0.417187 0.028125 0.028125
0 0.851562 0.760938 0.028125 0.028125
0 0.207813 0.845313 0.028125 0.028125
0 0.714063 0.703125 0.028125 0.031250
0 0.585938 0.190625 0.028125 0.031250
0 0.089063 0.871875 0.028125 0.031250
0 0.790625 0.234375 0.031250 0.031250
0 0.690625 0.242188 0.025000 0.028125
0 0.050000 0.432812 0.031250 0.028125
0 0.660937 0.096875 0.028125 0.031250
0 0.215625 0.689063 0.031250 0.028125
0 0.276562 0.843750 0.028125 0.031250
0 0.417187 0.410938 0.028125 0.028125
0 0.121875 0.875000 0.031250 0.031250
0 0.425000 0.265625 0.031250 0.031250
0 0.079687 0.373437 0.028125 0.028125
0 0.270313 0.507812 0.028125 0.028125
0 0.303125 0.725000 0.031250 0.031250
0 0.954688 0.878125 0.028125 0.031250
0 0.439063 0.817187 0.028125 0.028125
0 0.496875 0.642188 0.031250 0.028125
0 0.642188 0.815625 0.028125 0.031250
0 0.534375 0.165625 0.025000 0.025000
0 0.231250 0.657813 0.031250 0.028125
0 0.665625 0.360938 0.031250 0.028125
0 0.320312 0.476562 0.028125 0.028125
0 0.282813 0.690625 0.028125 0.031250
0 0.904687 0.790625 0.028125 0.031250
0 0.725000 0.034375 0.031250 0.031250
0 0.532813 0.376563 0.028125 0.028125
0 0.231250 0.392188 0.031250 0.028125
0 0.140625 0.845313 0.031250 0.028125
0 0.468750 0.437500 0.031250 0.031250
0 0.107813 0.314063 0.028125 0.028125
0 0.157812 0.020313 0.028125 0.028125
0 0.607812 0.876563 0.028125 0.028125
0 0.268750 0.721875 0.031250 0.031250
0 0.290625 0.275000 0.025000 0.025000
0 0.090625 0.548438 0.031250 0.028125
0 0.109375 0.051562 0.031250 0.028125
0 0.929688 0.282813 0.028125 0.028125
0 0.051562 0.695312 0.028125 0.028125
0 0.473438 0.025000 0.028125 0.031250
0 0.398438 0.648438 0.028125 0.028125
0 0.654687 0.448437 0.028125 0.028125
0 0.787500 0.868750 0.031250 0.031250
0 0.265625 0.664062 0.031250 0.034375
0 0.173437 0.251563 0.028125 0.028125
0 0.032813 0.406250 0.028125 0.031250
0 0.554688 0.192188 0.028125 0.028125
0 0.245312 0.362500 0.028125 0.031250
0 0.432812 0.703125 0.028125 0.031250
0 0.079687 0.112500 0.028125 0.031250
0 0.242188 0.306250 0.028125 0.025000
0 0.228125 0.073438 0.031250 0.028125
0 0.507812 0.876563 0.028125 0.028125
0 0.517188 0.404687 0.028125 0.028125
0 0.448437 0.143750 0.028125 0.031250
0 0.473438 0.815625 0.028125 0.031250
0 0.554688 0.726562 0.028125 0.028125
0 0.301563 0.445312 0.028125 0.028125
0 0.295312 0.070312 0.028125 0.028125
0 0.360938 0.814063 0.028125 0.028125
0 0.526563 0.050000 0.028125 0.031250
0 0.368750 0.762500 0.031250 0.031250
0 0.542188 0.282813 0.028125 0.028125
0 0.182812 0.164062 0.028125 0.028125
0 0.167187 0.720313 0.028125 0.028125
0 0.212500 0.101562 0.025000 0.028125
0 0.360938 0.589063 0.028125 0.028125
0 0.389062 0.531250 0.028125 0.031250
0 0.973437 0.789062 0.028125 0.028125
0 0.581250 0.134375 0.025000 0.025000
0 0.478125 0.082812 0.031250 0.028125
0 0.607812 0.815625 0.028125 0.031250
0 0.721875 0.445312 0.025000 0.028125
0 0.196875 0.660937 0.025000 0.028125
0 0.203125 0.193750 0.031250 0.031250
0 0.035937 0.464062 0.028125 0.028125
0 0.360938 0.873437 0.028125 0.028125
0 0.068750 0.725000 0.031250 0.031250
0 0.132812 0.195312 0.028125 0.028125
0 0.371875 0.240625 0.031250 0.031250
0 0.331250 0.126562 0.031250 0.028125
0 0.314063 0.357812 0.028125 0.028125
0 0.751563 0.382812 0.028125 0.028125
0 0.023438 0.290625 0.028125 0.025000
0 0.060937 0.345313 0.028125 0.028125
0 0.364063 0.385937 0.028125 0.028125
0 0.517188 0.668750 0.028125 0.031250
0 0.120313 0.753125 0.028125 0.031250
0 0.501563 0.698438 0.028125 0.028125
0 0.920312 0.878125 0.028125 0.031250
0 0.206250 0.250000 0.031250 0.031250
0 0.406250 0.237500 0.031250 0.031250
0 0.643750 0.546875 0.031250 0.031250
0 0.378125 0.845313 0.031250 0.028125
0 0.157812 0.545312 0.028125 0.028125
0 0.645312 0.332813 0.028125 0.028125
0 0.137500 0.781250 0.031250 0.031250
0 0.117188 0.695312 0.028125 0.028125
0 0.560937 0.579688 0.028125 0.028125
0 0.176563 0.309375 0.028125 0.031250
0 0.265625 0.131250 0.031250 0.031250
0 0.090625 0.287500 0.031250 0.031250
0 0.293750 0.593750 0.031250 0.031250
0 0.464062 0.642188 0.028125 0.028125
0 0.128125 0.079687 0.031250 0.028125
0 0.528125 0.581250 0.031250 0.031250
0 0.457813 0.526563 0.028125 0.028125
0 0.401562 0.821875 0.028125 0.031250
0 0.650000 0.389062 0.031250 0.028125
0 0.367188 0.706250 0.028125 0.031250
0 0.507812 0.551562 0.028125 0.028125
0 0.360938 0.326562 0.028125 0.028125
0 0.660937 0.846875 0.028125 0.031250
0 0.642188 0.757812 0.028125 0.028125
0 0.375000 0.031250 0.031250 0.031250
0 0.493750 0.582812 0.031250 0.028125
0 0.165625 0.135937 0.031250 0.028125
0 0.051562 0.754687 0.028125 0.028125
0 0.525000 0.254688 0.031250 0.028125
0 0.020313 0.492188 0.028125 0.028125
0 0.142187 0.310937 0.028125 0.028125
0 0.626563 0.042188 0.028125 0.028125
0 0.442188 0.026562 0.028125 0.028125
0 0.112500 0.373437 0.031250 0.028125
0 0.503125 0.435937 0.031250 0.028125
0 0.479687 0.612500 0.028125 0.031250
0 0.382812 0.675000 0.028125 0.031250
0 0.345313 0.618750 0.028125 0.025000
0 0.668750 0.418750 0.031250 0.031250
0 0.460938 0.585938 0.028125 0.028125
0 0.293750 0.875000 0.031250 0.031250
0 0.104688 0.782813 0.028125 0.028125
0 0.457813 0.848437 0.028125 0.028125
0 0.139063 0.517188 0.028125 0.028125
0 0.170313 0.195312 0.028125 0.028125
0 0.332813 0.389062 0.028125 0.028125
0 0.148438 0.692187 0.028125 0.028125
0 0.429688 0.117188 0.028125 0.028125
0 0.298438 0.389062 0.028125 0.028125
0 0.617188 0.393750 0.028125 0.031250
0 0.385937 0.790625 0.028125 0.031250
0 0.353125 0.210938 0.025000 0.028125
0 0.153125 0.751563 0.031250 0.028125
0 0.346875 0.676562 0.031250 0.028125
0 0.226562 0.598437 0.028125 0.028125
0 0.523438 0.523438 0.028125 0.028125
0 0.145313 0.632812 0.028125 0.028125
0 0.409375 0.557813 0.025000 0.028125
0 0.578125 0.550000 0.031250 0.031250
0 0.628125 0.575000 0.031250 0.031250
0 0.509375 0.284375 0.031250 0.031250
0 0.612500 0.606250 0.031250 0.031250
0 0.339062 0.242188 0.028125 0.028125
0 0.100000 0.140625 0.031250 0.031250
0 0.417187 0.731250 0.028125 0.031250
0 0.025000 0.025000 0.031250 0.031250
0 0.400000 0.875000 0.031250 0.031250
0 0.414062 0.676562 0.028125 0.028125
0 0.242188 0.842187 0.028125 0.028125
0 0.106250 0.843750 0.031250 0.031250
0 0.564063 0.639062 0.028125 0.028125
0 0.454688 0.467187 0.028125 0.028125
0 0.120313 0.487500 0.028125 0.031250
0 0.415625 0.148438 0.031250 0.028125
0 0.765625 0.731250 0.031250 0.031250
0 0.285938 0.478125 0.028125 0.025000
0 0.479687 0.348438 0.028125 0.028125
0 0.401562 0.440625 0.028125 0.031250
0 0.240625 0.784375 0.031250 0.031250
0 0.579688 0.607812 0.028125 0.028125
0 0.535937 0.698438 0.028125 0.028125
0 0.182812 0.689063 0.028125 0.028125
0 0.807813 0.470313 0.028125 0.028125
0 0.168750 0.456250 0.031250 0.031250
0 0.623437 0.785937 0.028125 0.028125
0 0.104688 0.518750 0.028125 0.031250
0 0.445312 0.614062 0.028125 0.028125
0 0.296875 0.128125 0.031250 0.031250
0 0.120313 0.226562 0.028125 0.028125
0 0.660937 0.301563 0.028125 0.028125
0 0.429688 0.645312 0.028125 0.028125
0 0.095312 0.343750 0.028125 0.031250
0 0.487500 0.198437 0.025000 0.028125
0 0.393750 0.587500 0.025000 0.025000
0 0.234375 0.190625 0.031250 0.031250
0 0.150000 0.165625 0.025000 0.025000
0 0.567187 0.164062 0.028125 0.028125
0 0.329688 0.650000 0.028125 0.025000
0 0.612500 0.335938 0.025000 0.028125
0 0.129688 0.664062 0.028125 0.028125
0 0.071875 0.784375 0.031250 0.031250
0 0.692187 0.035937 0.028125 0.028125
0 0.464062 0.114062 0.028125 0.028125
0 0.423438 0.529687 0.028125 0.028125
0 0.079687 0.635938 0.028125 0.028125
0 0.434375 0.175000 0.031250 0.031250
0 0.607812 0.698438 0.028125 0.028125
0 0.662500 0.575000 0.031250 0.031250
0 0.378125 0.617188 0.025000 0.028125
0 0.706250 0.476562 0.025000 0.028125
0 0.745313 0.876563 0.028125 0.028125
0 0.904687 0.401562 0.028125 0.028125
0 0.182812 0.425000 0.028125 0.031250
0 0.056250 0.875000 0.031250 0.031250
0 0.398438 0.704688 0.028125 0.028125
0 0.253125 0.215625 0.031250 0.031250
0 0.670312 0.476562 0.028125 0.028125
0 0.085938 0.754687 0.028125 0.028125
0 0.343750 0.784375 0.031250 0.031250
0 0.890625 0.434375 0.031250 0.031250
0 0.142187 0.576562 0.028125 0.028125
0 0.257812 0.595313 0.028125 0.028125
0 0.275000 0.784375 0.031250 0.031250
0 0.260937 0.332813 0.028125 0.028125
0 0.220312 0.482812 0.028125 0.028125
0 0.535937 0.432812 0.028125 0.028125
0 0.132812 0.457813 0.028125 0.028125
0 0.682813 0.665625 0.028125 0.031250
0 0.489063 0.729688 0.028125 0.028125
0 0.364063 0.648438 0.028125 0.028125
0 0.160938 0.601562 0.028125 0.028125
0 0.065625 0.142187 0.031250 0.028125
0 0.598437 0.367188 0.028125 0.028125
0 0.082812 0.695312 0.028125 0.028125
0 0.610938 0.548438 0.028125 0.028125
0 0.465625 0.379688 0.031250 0.028125
0 0.978125 0.246875 0.031250 0.031250
0 0.665625 0.635938 0.031250 0.028125
0 0.321875 0.753125 0.031250 0.031250
0 0.134375 0.721875 0.025000 0.025000
0 0.407813 0.029687 0.028125 0.028125
0 0.340625 0.037500 0.031250 0.031250
0 0.473438 0.757812 0.028125 0.028125
0 0.223438 0.814063 0.028125 0.028125
0 0.401562 0.179688 0.028125 0.028125
0 0.323437 0.270313 0.028125 0.028125
0 0.971875 0.731250 0.031250 0.031250
0 0.042188 0.579688 0.028125 0.028125
0 0.820312 0.878125 0.028125 0.031250
0 0.454688 0.789062 0.028125 0.028125
0 0.643750 0.698438 0.031250 0.028125
0 0.489063 0.257812 0.028125 0.028125
0 0.065625 0.403125 0.031250 0.031250
0 0.210938 0.364063 0.028125 0.028125
0 0.376563 0.560937 0.028125 0.028125
0 0.382812 0.732812 0.028125 0.028125
0 0.387500 0.471875 0.031250 0.031250
0 0.085938 0.489063 0.028125 0.028125
0 0.626563 0.845313 0.028125 0.028125
0 0.892188 0.226562 0.028125 0.028125
0 0.235937 0.453125 0.028125 0.031250
0 0.057813 0.550000 0.028125 0.031250
0 0.018750 0.231250 0.031250 0.031250
0 0.157812 0.873437 0.028125 0.028125
0 0.164062 0.398438 0.028125 0.028125
0 0.573438 0.698438 0.028125 0.028125
0 0.257812 0.814063 0.028125 0.028125
0 0.032813 0.667188 0.028125 0.028125
0 0.339062 0.504687 0.028125 0.028125
0 0.495312 0.320312 0.028125 0.028125
0 0.203125 0.718750 0.031250 0.031250
0 0.473438 0.495312 0.028125 0.028125
0 0.026562 0.607812 0.028125 0.028125
0 0.204687 0.514062 0.028125 0.028125
0 0.018750 0.757812 0.031250 0.028125
0 0.629687 0.101562 0.028125 0.028125
0 0.170313 0.514062 0.028125 0.028125
0 0.123438 0.020313 0.028125 0.028125
0 0.275000 0.564063 0.025000 0.028125
0 0.023438 0.875000 0.028125 0.031250
0 0.042188 0.317188 0.028125 0.028125
0 0.232813 0.132812 0.028125 0.028125
0 0.148438 0.426563 0.028125 0.028125
0 0.070312 0.520312 0.028125 0.028125
0 0.239063 0.507812 0.028125 0.028125
0 0.245312 0.628125 0.028125 0.031250
0 0.046875 0.114062 0.031250 0.028125
0 0.104688 0.254688 0.028125 0.028125
0 0.307812 0.784375 0.028125 0.031250
0 0.473438 0.229687 0.028125 0.028125
0 0.128125 0.604688 0.025000 0.028125
0 0.064062 0.664062 0.028125 0.028125
0 0.582812 0.395313 0.028125 0.028125
0 0.331250 0.707812 0.031250 0.028125
0 0.101562 0.723437 0.028125 0.028125
0 0.698438 0.357812 0.028125 0.028125
0 0.056250 0.814063 0.031250 0.028125
0 0.628125 0.306250 0.025000 0.025000
0 0.675000 0.535937 0.031250 0.028125
0 0.307812 0.564063 0.028125 0.028125
0 0.573438 0.017188 0.028125 0.028125
0 0.587500 0.460938 0.031250 0.028125
0 0.735938 0.414062 0.028125 0.028125
0 0.789062 0.440625 0.028125 0.031250
0 0.257812 0.539062 0.028125 0.028125
0 0.678125 0.606250 0.031250 0.031250
0 0.253125 0.751563 0.031250 0.028125
0 0.028125 0.346875 0.031250 0.031250
0 0.646875 0.606250 0.031250 0.031250
0 0.101562 0.460938 0.028125 0.028125
0 0.939063 0.400000 0.028125 0.031250
0 0.800000 0.732812 0.031250 0.028125
0 0.368750 0.442188 0.025000 0.028125
0 0.112500 0.634375 0.025000 0.025000
0 0.978125 0.043750 0.031250 0.031250
0 0.228125 0.335938 0.025000 0.028125
0 0.190625 0.017188 0.031250 0.028125
0 0.020313 0.814063 0.028125 0.028125
0 0.023438 0.551562 0.028125 0.028125
0 0.314063 0.679688 0.028125 0.028125
0 0.056250 0.289062 0.025000 0.028125
0 0.384375 0.414062 0.025000 0.028125
0 0.270313 0.451562 0.028125 0.028125
0 0.696875 0.637500 0.031250 0.031250
0 0.431250 0.382812 0.025000 0.028125
0 0.017188 0.435937 0.028125 0.028125
0 0.164062 0.664062 0.028125 0.028125
0 0.715625 0.668750 0.031250 0.031250
0 0.289062 0.534375 0.028125 0.025000
0 0.304688 0.504687 0.028125 0.028125
0 0.389062 0.207813 0.028125 0.028125
0 0.540625 0.018750 0.031250 0.031250
0 0.276562 0.304688 0.028125 0.028125
0 0.039062 0.523438 0.028125 0.028125
0 0.235937 0.723437 0.028125 0.028125
0 0.250000 0.695312 0.031250 0.028125
0 0.707812 0.534375 0.028125 0.031250
0 0.937500 0.734375 0.031250 0.031250
0 0.017188 0.696875 0.028125 0.025000
0 0.017188 0.173437 0.028125 0.028125
0 0.971875 0.398438 0.031250 0.028125
0 0.595313 0.576562 0.028125 0.028125
0 0.606250 0.015625 0.031250 0.031250
0 0.750000 0.703125 0.031250 0.031250
0 0.885938 0.646875 0.028125 0.031250
0 0.782813 0.645312 0.028125 0.028125
0 0.882812 0.467187 0.034375 0.034375
0 0.178125 0.575000 0.031250 0.031250
0 0.190625 0.542188 0.031250 0.028125
0 0.221875 0.540625 0.031250 0.031250
0 0.981250 0.307812 0.031250 0.028125
0 0.868750 0.734375 0.031250 0.031250
0 0.793750 0.501563 0.031250 0.028125
0 0.743750 0.650000 0.031250 0.031250
0 0.981250 0.103125 0.031250 0.031250
0 0.953125 0.703125 0.031250 0.031250
