0 0.190625 0.126562 0.031250 0.034375
0 0.209375 0.212500 0.031250 0.031250
0 0.767188 0.484375 0.040625 0.037500
0 0.059375 0.050000 0.031250 0.031250
0 0.131250 0.103125 0.031250 0.031250
0 0.070312 0.165625 0.028125 0.031250
0 0.539062 0.679688 0.034375 0.034375
0 0.068750 0.818750 0.031250 0.031250
0 0.135937 0.760938 0.028125 0.028125
0 0.050000 0.137500 0.031250 0.031250
0 0.146875 0.276562 0.031250 0.028125
0 0.121875 0.190625 0.031250 0.031250
0 0.051562 0.846875 0.028125 0.031250
0 0.459375 0.126562 0.031250 0.028125
0 0.068750 0.878125 0.031250 0.031250
0 0.195312 0.243750 0.028125 0.031250
0 0.721875 0.595313 0.031250 0.028125
0 0.692187 0.607812 0.028125 0.028125
0 0.487500 0.109375 0.031250 0.031250
0 0.187500 0.789062 0.031250 0.034375
0 0.565625 0.731250 0.031250 0.031250
0 0.153125 0.131250 0.031250 0.031250
0 0.240625 0.820312 0.031250 0.034375
0 0.153125 0.731250 0.031250 0.031250
0 0.312500 0.109375 0.031250 0.031250
0 0.360938 0.843750 0.028125 0.031250
0 0.464062 0.806250 0.034375 0.031250
0 0.068750 0.371875 0.031250 0.031250
0 0.100000 0.104688 0.031250 0.028125
0 0.428125 0.075000 0.031250 0.031250
0 0.146875 0.071875 0.031250 0.031250
0 0.175000 0.215625 0.031250 0.031250
0 0.171875 0.878125 0.031250 0.031250
0 0.103125 0.878125 0.031250 0.031250
0 0.287500 0.729688 0.031250 0.028125
0 0.221875 0.142187 0.031250 0.028125
0 0.103125 0.820312 0.031250 0.028125
0 0.273438 0.760938 0.028125 0.028125
0 0.253125 0.081250 0.031250 0.031250
0 0.193750 0.182812 0.031250 0.034375
0 0.489063 0.142187 0.028125 0.028125
0 0.084375 0.134375 0.031250 0.031250
0 0.339062 0.059375 0.028125 0.031250
0 0.373437 0.176563 0.028125 0.028125
0 0.117188 0.337500 0.028125 0.031250
0 0.106250 0.218750 0.031250 0.031250
0 0.510938 0.306250 0.028125 0.031250
0 0.281250 0.062500 0.031250 0.031250
0 0.132812 0.306250 0.028125 0.031250
0 0.384375 0.714063 0.031250 0.028125
0 0.520312 0.559375 0.028125 0.031250
0 0.046875 0.081250 0.031250 0.031250
0 0.629687 0.637500 0.028125 0.031250
0 0.271875 0.703125 0.031250 0.031250
0 0.282813 0.128125 0.028125 0.031250
0 0.153125 0.850000 0.031250 0.031250
0 0.595313 0.718750 0.028125 0.031250
0 0.370312 0.076563 0.028125 0.028125
0 0.414062 0.732812 0.028125 0.028125
0 0.779687 0.243750 0.028125 0.031250
0 0.598437 0.685937 0.028125 0.028125
0 0.089063 0.193750 0.028125 0.031250
0 0.187500 0.615625 0.031250 0.031250
0 0.484375 0.640625 0.031250 0.031250
0 0.450000 0.271875 0.031250 0.031250
0 0.204687 0.878125 0.028125 0.031250
0 0.695312 0.575000 0.028125 0.031250
0 0.254688 0.789062 0.028125 0.028125
0 0.179688 0.275000 0.028125 0.031250
0 0.103125 0.760938 0.031250 0.028125
0 0.546875 0.075000 0.031250 0.031250
0 0.037500 0.168750 0.031250 0.031250
0 0.240625 0.209375 0.031250 0.031250
0 0.660937 0.623437 0.028125 0.028125
0 0.135937 0.364063 0.028125 0.028125
0 0.254688 0.146875 0.028125 0.031250
0 0.112500 0.278125 0.031250 0.031250
0 0.175000 0.156250 0.031250 0.031250
0 0.093750 0.250000 0.031250 0.031250
0 0.135937 0.818750 0.028125 0.031250
0 0.723437 0.560937 0.028125 0.028125
0 0.159375 0.184375 0.031250 0.031250
0 0.282813 0.095312 0.028125 0.028125
0 0.737500 0.392188 0.031250 0.028125
0 0.490625 0.573438 0.031250 0.028125
0 0.729688 0.493750 0.028125 0.031250
0 0.662500 0.589063 0.031250 0.028125
0 0.707812 0.407813 0.028125 0.028125
0 0.479687 0.256250 0.028125 0.031250
0 0.162500 0.246875 0.031250 0.031250
0 0.034375 0.818750 0.031250 0.031250
0 0.515625 0.090625 0.031250 0.031250
0 0.290625 0.846875 0.031250 0.031250
0 0.120313 0.850000 0.028125 0.031250
0 0.529687 0.745313 0.028125 0.028125
0 0.401562 0.126562 0.028125 0.028125
0 0.340625 0.093750 0.031250 0.031250
0 0.340625 0.646875 0.031250 0.031250
0 0.457813 0.620313 0.028125 0.028125
0 0.034375 0.876563 0.031250 0.028125
0 0.807813 0.228125 0.028125 0.031250
0 0.479687 0.321875 0.028125 0.031250
0 0.675000 0.456250 0.031250 0.031250
0 0.064062 0.312500 0.034375 0.031250
0 0.100000 0.309375 0.031250 0.031250
0 0.304688 0.643750 0.028125 0.031250
0 0.504687 0.407813 0.028125 0.028125
0 0.135937 0.876563 0.028125 0.028125
0 0.192188 0.051562 0.034375 0.034375
0 0.085938 0.850000 0.028125 0.031250
0 0.629687 0.670312 0.028125 0.028125
0 0.078125 0.078125 0.031250 0.031250
0 0.325000 0.843750 0.031250 0.031250
0 0.289062 0.789062 0.028125 0.028125
0 0.601562 0.650000 0.028125 0.031250
0 0.401562 0.159375 0.028125 0.031250
0 0.128125 0.246875 0.031250 0.031250
0 0.620313 0.417187 0.028125 0.028125
0 0.306250 0.759375 0.031250 0.031250
0 0.507812 0.375000 0.028125 0.031250
0 0.117188 0.132812 0.028125 0.028125
0 0.142187 0.220312 0.034375 0.034375
0 0.031250 0.110937 0.031250 0.028125
0 0.084375 0.340625 0.031250 0.031250
0 0.226562 0.175000 0.034375 0.031250
0 0.771875 0.378125 0.031250 0.031250
0 0.448437 0.685937 0.028125 0.028125
0 0.220312 0.617188 0.028125 0.028125
0 0.065625 0.106250 0.031250 0.031250
0 0.026562 0.053125 0.028125 0.031250
0 0.459375 0.059375 0.031250 0.031250
0 0.400000 0.059375 0.031250 0.031250
0 0.459375 0.093750 0.031250 0.031250
0 0.429688 0.109375 0.028125 0.031250
0 0.251563 0.046875 0.028125 0.031250
0 0.253125 0.115625 0.031250 0.031250
0 0.253125 0.673438 0.031250 0.028125
0 0.101562 0.367188 0.028125 0.028125
0 0.779687 0.210938 0.028125 0.028125
0 0.492188 0.540625 0.028125 0.031250
0 0.534375 0.392188 0.031250 0.028125
0 0.103125 0.160938 0.031250 0.028125
0 0.456250 0.025000 0.031250 0.031250
0 0.548438 0.579688 0.028125 0.028125
0 0.462500 0.225000 0.031250 0.031250
0 0.807813 0.329688 0.028125 0.028125
0 0.575000 0.600000 0.031250 0.031250
0 0.525000 0.526563 0.031250 0.028125
0 0.532813 0.428125 0.028125 0.031250
0 0.648438 0.435937 0.028125 0.028125
0 0.021875 0.200000 0.031250 0.031250
0 0.523438 0.812500 0.028125 0.031250
0 0.526563 0.492188 0.028125 0.028125
0 0.312500 0.078125 0.031250 0.031250
0 0.523438 0.779687 0.028125 0.028125
0 0.345313 0.871875 0.028125 0.031250
0 0.137500 0.159375 0.031250 0.031250
0 0.323437 0.787500 0.028125 0.031250
0 0.359375 0.675000 0.031250 0.031250
0 0.367188 0.626563 0.028125 0.028125
0 0.135937 0.703125 0.028125 0.031250
0 0.309375 0.875000 0.031250 0.031250
0 0.153125 0.790625 0.031250 0.031250
0 0.370312 0.107813 0.028125 0.028125
0 0.490625 0.209375 0.031250 0.031250
0 0.321875 0.729688 0.031250 0.028125
0 0.343750 0.159375 0.031250 0.031250
0 0.404687 0.226562 0.028125 0.028125
0 0.221875 0.106250 0.031250 0.031250
0 0.323437 0.618750 0.028125 0.031250
0 0.256250 0.731250 0.031250 0.031250
0 0.345313 0.760938 0.028125 0.028125
0 0.432812 0.243750 0.028125 0.031250
0 0.509375 0.237500 0.031250 0.031250
0 0.401562 0.192188 0.028125 0.028125
0 0.556250 0.765625 0.031250 0.031250
0 0.689063 0.642188 0.028125 0.028125
0 0.034375 0.371875 0.031250 0.031250
0 0.473438 0.706250 0.028125 0.031250
0 0.479687 0.354687 0.028125 0.028125
0 0.343750 0.815625 0.031250 0.031250
0 0.426563 0.634375 0.028125 0.031250
0 0.285938 0.617188 0.028125 0.028125
0 0.050000 0.340625 0.031250 0.031250
0 0.417187 0.701562 0.028125 0.028125
0 0.459375 0.162500 0.031250 0.031250
0 0.479687 0.673438 0.028125 0.028125
0 0.120313 0.790625 0.028125 0.031250
0 0.085938 0.790625 0.028125 0.031250
0 0.398438 0.614062 0.028125 0.028125
0 0.073438 0.225000 0.028125 0.031250
0 0.306250 0.817187 0.031250 0.028125
0 0.314063 0.143750 0.028125 0.031250
0 0.237500 0.760938 0.031250 0.028125
0 0.054688 0.196875 0.028125 0.031250
0 0.431250 0.142187 0.031250 0.028125
0 0.431250 0.175000 0.031250 0.031250
0 0.309375 0.043750 0.031250 0.031250
0 0.168750 0.100000 0.031250 0.031250
0 0.479687 0.289062 0.028125 0.028125
0 0.396875 0.025000 0.031250 0.031250
0 0.221875 0.731250 0.031250 0.031250
0 0.517188 0.126562 0.028125 0.028125
0 0.189062 0.850000 0.028125 0.031250
0 0.807813 0.293750 0.028125 0.031250
0 0.112500 0.075000 0.031250 0.031250
0 0.401562 0.832812 0.028125 0.028125
0 0.284375 0.162500 0.031250 0.031250
0 0.400000 0.090625 0.031250 0.031250
0 0.428125 0.853125 0.031250 0.031250
0 0.289062 0.673438 0.028125 0.028125
0 0.271875 0.646875 0.031250 0.031250
0 0.445312 0.720313 0.028125 0.028125
0 0.121875 0.731250 0.031250 0.031250
0 0.650000 0.403125 0.031250 0.031250
0 0.565625 0.698438 0.031250 0.028125
0 0.560937 0.446875 0.028125 0.031250
0 0.623437 0.384375 0.028125 0.031250
0 0.515625 0.626563 0.031250 0.028125
0 0.340625 0.589063 0.031250 0.028125
0 0.603125 0.618750 0.031250 0.031250
0 0.168750 0.362500 0.031250 0.031250
0 0.676562 0.423438 0.028125 0.028125
0 0.164062 0.304688 0.028125 0.028125
0 0.453125 0.653125 0.031250 0.031250
0 0.120313 0.395313 0.028125 0.028125
0 0.756250 0.546875 0.031250 0.031250
0 0.501563 0.440625 0.028125 0.031250
0 0.371875 0.143750 0.031250 0.031250
0 0.237500 0.646875 0.031250 0.031250
0 0.314063 0.179688 0.028125 0.028125
0 0.382812 0.748437 0.028125 0.028125
0 0.626563 0.704688 0.028125 0.028125
0 0.478125 0.389062 0.031250 0.028125
0 0.571875 0.632812 0.031250 0.028125
0 0.634375 0.604688 0.031250 0.028125
0 0.256250 0.181250 0.031250 0.031250
0 0.031250 0.314063 0.031250 0.028125
0 0.473438 0.457813 0.028125 0.028125
0 0.557813 0.479687 0.028125 0.028125
0 0.703125 0.440625 0.031250 0.031250
0 0.589063 0.432812 0.028125 0.028125
0 0.387500 0.862500 0.031250 0.031250
0 0.535937 0.359375 0.028125 0.031250
0 0.743750 0.360938 0.031250 0.028125
0 0.489063 0.178125 0.028125 0.031250
0 0.395313 0.648438 0.028125 0.028125
0 0.390625 0.678125 0.031250 0.031250
0 0.551562 0.545312 0.028125 0.028125
0 0.260937 0.239063 0.028125 0.028125
0 0.517188 0.592187 0.028125 0.028125
0 0.273438 0.820312 0.028125 0.028125
0 0.509375 0.339062 0.031250 0.028125
0 0.420312 0.667188 0.028125 0.028125
0 0.228125 0.242188 0.031250 0.028125
0 0.278125 0.206250 0.031250 0.031250
0 0.368750 0.042188 0.031250 0.028125
0 0.617188 0.451562 0.028125 0.028125
0 0.562500 0.412500 0.031250 0.031250
0 0.778125 0.276562 0.031250 0.028125
0 0.376563 0.812500 0.028125 0.031250
0 0.343750 0.126562 0.031250 0.028125
0 0.371875 0.778125 0.031250 0.031250
0 0.710938 0.375000 0.028125 0.031250
0 0.278125 0.875000 0.031250 0.031250
0 0.078125 0.281250 0.031250 0.031250
0 0.406250 0.800000 0.031250 0.031250
0 0.256250 0.615625 0.031250 0.031250
0 0.543750 0.612500 0.031250 0.031250
0 0.240625 0.878125 0.031250 0.031250
0 0.128125 0.043750 0.031250 0.031250
0 0.498437 0.507812 0.028125 0.028125
0 0.460938 0.192188 0.028125 0.028125
0 0.150000 0.335938 0.031250 0.028125
0 0.660937 0.657813 0.028125 0.028125
0 0.500000 0.475000 0.031250 0.031250
0 0.515625 0.059375 0.031250 0.031250
0 0.245312 0.268750 0.028125 0.031250
0 0.750000 0.226562 0.031250 0.028125
0 0.489063 0.607812 0.028125 0.028125
0 0.718750 0.628125 0.031250 0.031250
0 0.760938 0.445312 0.028125 0.028125
0 0.354687 0.729688 0.028125 0.028125
0 0.073438 0.018750 0.028125 0.031250
0 0.321875 0.673438 0.031250 0.028125
0 0.776563 0.345313 0.028125 0.028125
0 0.495312 0.792188 0.028125 0.028125
0 0.806250 0.362500 0.031250 0.031250
0 0.204687 0.585938 0.028125 0.028125
0 0.432812 0.820312 0.028125 0.028125
0 0.304688 0.703125 0.028125 0.031250
0 0.734375 0.428125 0.031250 0.031250
0 0.464062 0.554688 0.028125 0.028125
0 0.040625 0.021875 0.031250 0.031250
0 0.307812 0.589063 0.028125 0.028125
0 0.681250 0.390625 0.031250 0.031250
0 0.687500 0.675000 0.031250 0.031250
0 0.551562 0.798438 0.028125 0.028125
0 0.403125 0.259375 0.031250 0.031250
0 0.470313 0.489063 0.028125 0.028125
0 0.595313 0.753125 0.028125 0.031250
0 0.518750 0.193750 0.031250 0.031250
0 0.807813 0.193750 0.028125 0.031250
0 0.281250 0.028125 0.031250 0.031250
0 0.171875 0.820312 0.031250 0.028125
0 0.807813 0.260937 0.028125 0.028125
0 0.732812 0.460938 0.028125 0.028125
0 0.409375 0.767188 0.031250 0.028125
0 0.440625 0.753125 0.031250 0.031250
0 0.496875 0.759375 0.031250 0.031250
0 0.510938 0.660937 0.028125 0.028125
0 0.696875 0.540625 0.031250 0.031250
0 0.585938 0.467187 0.028125 0.028125
0 0.542188 0.645312 0.028125 0.028125
0 0.448437 0.404687 0.028125 0.028125
0 0.109375 0.018750 0.031250 0.031250
0 0.473438 0.423438 0.028125 0.028125
0 0.237500 0.703125 0.031250 0.031250
0 0.467187 0.523438 0.028125 0.028125
0 0.657813 0.690625 0.028125 0.031250
0 0.221875 0.848437 0.031250 0.028125
0 0.432812 0.210938 0.028125 0.028125
0 0.451562 0.304688 0.028125 0.028125
0 0.471875 0.739062 0.031250 0.028125
0 0.667188 0.556250 0.028125 0.031250
0 0.750000 0.578125 0.031250 0.031250
0 0.570312 0.665625 0.028125 0.031250
0 0.543750 0.043750 0.031250 0.031250
0 0.460938 0.587500 0.028125 0.031250
0 0.371875 0.593750 0.031250 0.031250
0 0.429688 0.601562 0.028125 0.028125
0 0.021875 0.401562 0.031250 0.028125
0 0.254688 0.850000 0.028125 0.031250
0 0.750000 0.260937 0.031250 0.028125
0 0.592187 0.398438 0.028125 0.028125
0 0.725000 0.528125 0.031250 0.031250
0 0.345313 0.195312 0.028125 0.028125
0 0.517188 0.159375 0.028125 0.031250
0 0.337500 0.700000 0.031250 0.031250
0 0.242188 0.473438 0.028125 0.028125
0 0.214062 0.270313 0.028125 0.028125
0 0.626563 0.737500 0.028125 0.031250
0 0.095312 0.048438 0.028125 0.028125
0 0.565625 0.378125 0.031250 0.031250
0 0.275000 0.471875 0.031250 0.031250
0 0.373437 0.210938 0.028125 0.028125
0 0.259375 0.501563 0.031250 0.028125
0 0.529687 0.460938 0.028125 0.028125
0 0.428125 0.043750 0.031250 0.031250
0 0.507812 0.695312 0.028125 0.028125
0 0.153125 0.393750 0.031250 0.031250
0 0.256250 0.443750 0.031250 0.031250
0 0.204687 0.643750 0.028125 0.031250
0 0.168750 0.643750 0.031250 0.031250
0 0.606250 0.585938 0.031250 0.028125
0 0.509375 0.273438 0.031250 0.028125
0 0.182812 0.334375 0.028125 0.031250
0 0.767188 0.412500 0.028125 0.031250
0 0.054688 0.401562 0.028125 0.028125
0 0.579688 0.564063 0.028125 0.028125
0 0.367188 0.562500 0.034375 0.031250
0 0.204687 0.820312 0.028125 0.028125
0 0.187500 0.731250 0.031250 0.031250
0 0.537500 0.221875 0.031250 0.031250
0 0.170313 0.759375 0.028125 0.031250
0 0.635938 0.570312 0.028125 0.028125
0 0.468750 0.771875 0.031250 0.031250
0 0.339062 0.026562 0.028125 0.028125
0 0.793750 0.454688 0.031250 0.034375
0 0.168750 0.703125 0.031250 0.031250
0 0.485938 0.042188 0.028125 0.028125
0 0.645312 0.470313 0.028125 0.028125
0 0.017188 0.142187 0.028125 0.028125
0 0.153125 0.671875 0.031250 0.031250
0 0.225000 0.064062 0.031250 0.028125
0 0.540625 0.325000 0.031250 0.031250
0 0.373437 0.242188 0.028125 0.028125
0 0.501563 0.726562 0.028125 0.028125
0 0.701562 0.476562 0.028125 0.028125
0 0.451562 0.337500 0.028125 0.031250
0 0.651563 0.370312 0.028125 0.028125
0 0.278125 0.267188 0.031250 0.028125
0 0.193750 0.084375 0.031250 0.031250
0 0.437500 0.787500 0.031250 0.031250
0 0.493750 0.828125 0.031250 0.031250
0 0.018750 0.846875 0.031250 0.031250
0 0.698438 0.507812 0.028125 0.028125
0 0.554688 0.512500 0.028125 0.031250
0 0.087500 0.400000 0.031250 0.031250
0 0.537500 0.256250 0.031250 0.031250
0 0.050000 0.790625 0.031250 0.031250
0 0.614062 0.482812 0.028125 0.028125
0 0.159375 0.042188 0.031250 0.028125
0 0.084375 0.731250 0.031250 0.031250
0 0.221875 0.031250 0.031250 0.031250
0 0.448437 0.370312 0.028125 0.028125
0 0.534375 0.714063 0.031250 0.028125
0 0.573438 0.025000 0.028125 0.031250
0 0.515625 0.025000 0.031250 0.031250
0 0.237500 0.529687 0.031250 0.028125
0 0.779687 0.310937 0.028125 0.028125
0 0.206250 0.759375 0.031250 0.031250
0 0.423438 0.287500 0.028125 0.031250
0 0.237500 0.585938 0.031250 0.028125
0 0.264062 0.298438 0.028125 0.028125
0 0.439063 0.503125 0.028125 0.031250
0 0.584375 0.782813 0.031250 0.028125
0 0.546875 0.109375 0.031250 0.031250
0 0.271875 0.412500 0.031250 0.031250
0 0.198437 0.301563 0.028125 0.028125
0 0.293750 0.443750 0.031250 0.031250
0 0.653125 0.721875 0.031250 0.031250
0 0.221875 0.789062 0.031250 0.028125
0 0.040625 0.226562 0.031250 0.028125
0 0.459375 0.840625 0.031250 0.031250
0 0.718750 0.240625 0.031250 0.031250
0 0.540625 0.292187 0.031250 0.028125
0 0.689063 0.256250 0.034375 0.031250
0 0.573438 0.057813 0.028125 0.028125
0 0.103125 0.703125 0.031250 0.031250
0 0.406250 0.512500 0.031250 0.031250
0 0.307812 0.475000 0.028125 0.031250
0 0.221875 0.557813 0.031250 0.028125
0 0.575000 0.090625 0.031250 0.031250
0 0.017188 0.345313 0.028125 0.028125
0 0.378125 0.531250 0.031250 0.031250
0 0.746875 0.193750 0.031250 0.031250
0 0.595313 0.364063 0.028125 0.028125
0 0.171875 0.587500 0.031250 0.031250
0 0.340625 0.475000 0.031250 0.031250
0 0.323437 0.559375 0.028125 0.031250
0 0.200000 0.360938 0.031250 0.028125
0 0.040625 0.432812 0.031250 0.034375
0 0.776563 0.178125 0.028125 0.031250
0 0.403125 0.581250 0.031250 0.031250
0 0.220312 0.500000 0.028125 0.031250
0 0.298438 0.295312 0.028125 0.028125
0 0.715625 0.275000 0.031250 0.031250
0 0.289062 0.501563 0.028125 0.028125
0 0.182812 0.015625 0.034375 0.031250
0 0.445312 0.435937 0.028125 0.028125
0 0.775000 0.518750 0.031250 0.031250
0 0.714063 0.206250 0.028125 0.031250
0 0.248438 0.014063 0.028125 0.028125
0 0.018750 0.790625 0.031250 0.031250
0 0.659375 0.237500 0.031250 0.031250
0 0.807813 0.162500 0.034375 0.031250
0 0.360938 0.501563 0.028125 0.028125
0 0.625000 0.353125 0.031250 0.031250
0 0.798438 0.421875 0.034375 0.031250
0 0.256250 0.385937 0.031250 0.028125
0 0.345313 0.260937 0.028125 0.028125
0 0.142187 0.017188 0.028125 0.028125
0 0.378125 0.475000 0.031250 0.031250
0 0.565625 0.237500 0.031250 0.031250
0 0.051562 0.496875 0.034375 0.031250
0 0.282813 0.325000 0.028125 0.031250
0 0.317188 0.326562 0.034375 0.034375
0 0.440625 0.470313 0.025000 0.028125
0 0.031250 0.465625 0.031250 0.031250
0 0.275000 0.529687 0.025000 0.028125
0 0.140625 0.423438 0.031250 0.028125
0 0.185938 0.389062 0.028125 0.028125
0 0.809375 0.393750 0.031250 0.031250
0 0.718750 0.340625 0.031250 0.031250
0 0.287500 0.384375 0.031250 0.031250
0 0.682813 0.354687 0.028125 0.028125
