0 0.087500 0.126562 0.031250 0.028125
0 0.531250 0.059375 0.031250 0.031250
0 0.075000 0.187500 0.031250 0.031250
0 0.615625 0.671875 0.031250 0.031250
0 0.028125 0.750000 0.031250 0.031250
0 0.312500 0.064062 0.031250 0.028125
0 0.698438 0.185938 0.028125 0.028125
0 0.557813 0.076563 0.028125 0.028125
0 0.537500 0.325000 0.031250 0.031250
0 0.328125 0.796875 0.031250 0.031250
0 0.698438 0.217188 0.028125 0.028125
0 0.060937 0.748437 0.028125 0.028125
0 0.143750 0.064062 0.031250 0.028125
0 0.028125 0.692187 0.031250 0.028125
0 0.620313 0.407813 0.028125 0.028125
0 0.414062 0.776563 0.028125 0.028125
0 0.075000 0.834375 0.031250 0.031250
0 0.245312 0.742188 0.028125 0.028125
0 0.075000 0.778125 0.031250 0.031250
0 0.615625 0.637500 0.031250 0.031250
0 0.656250 0.392188 0.031250 0.028125
0 0.646875 0.621875 0.031250 0.031250
0 0.503125 0.114062 0.031250 0.028125
0 0.809375 0.251563 0.031250 0.028125
0 0.478125 0.165625 0.031250 0.031250
0 0.146875 0.225000 0.031250 0.031250
0 0.048438 0.551562 0.028125 0.028125
0 0.671875 0.135937 0.031250 0.028125
0 0.618750 0.706250 0.031250 0.031250
0 0.075000 0.892188 0.031250 0.028125
0 0.256250 0.865625 0.031250 0.031250
0 0.273438 0.760938 0.028125 0.028125
0 0.042188 0.243750 0.028125 0.031250
0 0.117188 0.110937 0.028125 0.028125
0 0.187500 0.740625 0.031250 0.031250
0 0.706250 0.556250 0.031250 0.031250
0 0.090625 0.807813 0.031250 0.028125
0 0.510938 0.248438 0.028125 0.028125
0 0.054688 0.467187 0.034375 0.034375
0 0.146875 0.126562 0.031250 0.028125
0 0.625000 0.439063 0.031250 0.028125
0 0.698438 0.151562 0.028125 0.028125
0 0.200000 0.062500 0.031250 0.031250
0 0.089063 0.095312 0.028125 0.028125
0 0.106250 0.892188 0.031250 0.028125
0 0.367188 0.064062 0.028125 0.028125
0 0.593750 0.359375 0.031250 0.031250
0 0.709375 0.425000 0.031250 0.031250
0 0.175000 0.207813 0.031250 0.028125
0 0.057813 0.329688 0.028125 0.028125
0 0.453125 0.375000 0.031250 0.031250
0 0.125000 0.865625 0.031250 0.031250
0 0.100000 0.526563 0.031250 0.028125
0 0.651563 0.423438 0.028125 0.028125
0 0.059375 0.048438 0.031250 0.034375
0 0.240625 0.834375 0.031250 0.031250
0 0.667188 0.059375 0.028125 0.031250
0 0.175000 0.834375 0.031250 0.031250
0 0.110937 0.720313 0.028125 0.028125
0 0.685937 0.376563 0.028125 0.028125
0 0.643750 0.084375 0.031250 0.031250
0 0.089063 0.157812 0.028125 0.028125
0 0.314063 0.292187 0.028125 0.028125
0 0.062500 0.695312 0.031250 0.028125
0 0.671875 0.103125 0.031250 0.031250
0 0.507812 0.215625 0.028125 0.031250
0 0.284375 0.046875 0.031250 0.031250
0 0.023438 0.217188 0.028125 0.028125
0 0.626563 0.312500 0.028125 0.031250
0 0.225000 0.809375 0.031250 0.031250
0 0.059375 0.865625 0.031250 0.031250
0 0.329688 0.762500 0.028125 0.031250
0 0.060937 0.637500 0.028125 0.031250
0 0.112500 0.665625 0.031250 0.031250
0 0.109375 0.778125 0.031250 0.031250
0 0.706250 0.589063 0.031250 0.028125
0 0.587500 0.121875 0.031250 0.031250
0 0.142187 0.612500 0.028125 0.031250
0 0.109375 0.834375 0.031250 0.031250
0 0.423438 0.064062 0.028125 0.028125
0 0.504687 0.079687 0.028125 0.028125
0 0.089063 0.062500 0.028125 0.031250
0 0.507812 0.182812 0.028125 0.028125
0 0.564063 0.470313 0.028125 0.028125
0 0.632812 0.278125 0.028125 0.031250
0 0.614062 0.567187 0.028125 0.028125
0 0.173437 0.079687 0.028125 0.028125
0 0.396875 0.439063 0.031250 0.028125
0 0.342187 0.375000 0.028125 0.031250
0 0.045312 0.607812 0.028125 0.028125
0 0.737500 0.571875 0.031250 0.031250
0 0.201563 0.453125 0.028125 0.031250
0 0.284375 0.079687 0.031250 0.028125
0 0.651563 0.359375 0.028125 0.031250
0 0.615625 0.604688 0.031250 0.028125
0 0.445312 0.795312 0.028125 0.028125
0 0.342187 0.406250 0.028125 0.031250
0 0.198437 0.614062 0.028125 0.028125
0 0.675000 0.539062 0.031250 0.028125
0 0.393750 0.048438 0.031250 0.028125
0 0.740625 0.381250 0.031250 0.031250
0 0.143750 0.718750 0.031250 0.031250
0 0.262500 0.800000 0.031250 0.031250
0 0.132812 0.581250 0.028125 0.031250
0 0.771875 0.396875 0.031250 0.031250
0 0.298438 0.776563 0.028125 0.028125
0 0.356250 0.778125 0.031250 0.031250
0 0.659375 0.262500 0.031250 0.031250
0 0.614062 0.203125 0.028125 0.031250
0 0.678125 0.684375 0.031250 0.031250
0 0.339062 0.310937 0.028125 0.028125
0 0.043750 0.778125 0.031250 0.031250
0 0.095312 0.695312 0.028125 0.028125
0 0.304688 0.712500 0.028125 0.031250
0 0.781250 0.268750 0.031250 0.031250
0 0.398438 0.309375 0.028125 0.031250
0 0.368750 0.326562 0.031250 0.028125
0 0.623437 0.375000 0.028125 0.031250
0 0.739062 0.410938 0.028125 0.028125
0 0.045312 0.721875 0.028125 0.031250
0 0.507812 0.404687 0.028125 0.028125
0 0.115625 0.303125 0.031250 0.031250
0 0.228125 0.501563 0.031250 0.028125
0 0.301563 0.743750 0.028125 0.031250
0 0.173437 0.776563 0.028125 0.028125
0 0.423438 0.096875 0.028125 0.031250
0 0.090625 0.862500 0.031250 0.031250
0 0.570312 0.307812 0.028125 0.028125
0 0.598437 0.293750 0.028125 0.031250
0 0.556250 0.732812 0.031250 0.028125
0 0.535937 0.356250 0.028125 0.031250
0 0.439063 0.831250 0.028125 0.031250
0 0.753125 0.218750 0.031250 0.031250
0 0.617188 0.139063 0.028125 0.028125
0 0.282813 0.375000 0.028125 0.031250
0 0.535937 0.389062 0.028125 0.028125
0 0.087500 0.485938 0.031250 0.028125
0 0.585938 0.057813 0.028125 0.028125
0 0.057813 0.215625 0.028125 0.031250
0 0.425000 0.293750 0.031250 0.031250
0 0.073438 0.301563 0.028125 0.028125
0 0.203125 0.095312 0.031250 0.028125
0 0.646875 0.487500 0.031250 0.031250
0 0.781250 0.235937 0.031250 0.028125
0 0.504687 0.667188 0.028125 0.028125
0 0.396875 0.081250 0.031250 0.031250
0 0.142187 0.834375 0.028125 0.031250
0 0.557813 0.110937 0.028125 0.028125
0 0.646875 0.656250 0.031250 0.031250
0 0.612500 0.073438 0.031250 0.028125
0 0.450000 0.148438 0.031250 0.028125
0 0.453125 0.340625 0.031250 0.031250
0 0.257812 0.062500 0.028125 0.031250
0 0.593750 0.390625 0.031250 0.031250
0 0.532813 0.096875 0.028125 0.031250
0 0.229687 0.306250 0.028125 0.031250
0 0.643750 0.153125 0.031250 0.031250
0 0.284375 0.112500 0.031250 0.031250
0 0.600000 0.031250 0.031250 0.031250
0 0.026562 0.806250 0.028125 0.031250
0 0.532813 0.128125 0.028125 0.031250
0 0.678125 0.646875 0.031250 0.031250
0 0.453125 0.503125 0.031250 0.031250
0 0.670312 0.201563 0.028125 0.028125
0 0.057813 0.273438 0.028125 0.028125
0 0.201563 0.579688 0.028125 0.028125
0 0.584375 0.718750 0.031250 0.031250
0 0.623437 0.342187 0.028125 0.028125
0 0.681250 0.345313 0.031250 0.028125
0 0.229687 0.043750 0.028125 0.031250
0 0.585938 0.090625 0.028125 0.031250
0 0.450000 0.535937 0.031250 0.028125
0 0.368750 0.295312 0.031250 0.028125
0 0.670312 0.170313 0.028125 0.028125
0 0.393750 0.115625 0.031250 0.031250
0 0.042188 0.834375 0.028125 0.031250
0 0.059375 0.106250 0.031250 0.031250
0 0.642188 0.215625 0.028125 0.031250
0 0.450000 0.112500 0.031250 0.031250
0 0.096875 0.581250 0.031250 0.031250
0 0.557813 0.043750 0.028125 0.031250
0 0.726562 0.201563 0.028125 0.028125
0 0.115625 0.240625 0.031250 0.031250
0 0.668750 0.234375 0.031250 0.031250
0 0.395313 0.406250 0.028125 0.031250
0 0.629687 0.246875 0.028125 0.031250
0 0.585938 0.651563 0.028125 0.028125
0 0.331250 0.729688 0.031250 0.028125
0 0.718750 0.329688 0.031250 0.034375
0 0.453125 0.309375 0.031250 0.031250
0 0.682813 0.407813 0.028125 0.028125
0 0.143750 0.482812 0.031250 0.028125
0 0.712500 0.360938 0.031250 0.028125
0 0.676562 0.506250 0.028125 0.031250
0 0.284375 0.437500 0.031250 0.031250
0 0.545312 0.260937 0.028125 0.028125
0 0.807813 0.318750 0.028125 0.031250
0 0.540625 0.293750 0.031250 0.031250
0 0.043750 0.132812 0.031250 0.028125
0 0.332813 0.696875 0.028125 0.031250
0 0.425000 0.392188 0.031250 0.028125
0 0.535937 0.421875 0.028125 0.031250
0 0.312500 0.360938 0.031250 0.028125
0 0.603125 0.262500 0.031250 0.031250
0 0.284375 0.470313 0.031250 0.028125
0 0.118750 0.175000 0.031250 0.031250
0 0.198437 0.421875 0.028125 0.031250
0 0.342187 0.342187 0.028125 0.028125
0 0.360938 0.745313 0.028125 0.028125
0 0.737500 0.443750 0.031250 0.031250
0 0.585938 0.617188 0.028125 0.028125
0 0.425000 0.325000 0.031250 0.031250
0 0.026562 0.160938 0.028125 0.028125
0 0.043750 0.078125 0.031250 0.031250
0 0.592187 0.518750 0.028125 0.031250
0 0.751563 0.251563 0.028125 0.028125
0 0.507812 0.535937 0.028125 0.028125
0 0.534375 0.518750 0.031250 0.031250
0 0.473438 0.682813 0.028125 0.028125
0 0.256250 0.096875 0.031250 0.031250
0 0.451562 0.181250 0.028125 0.031250
0 0.642188 0.184375 0.028125 0.031250
0 0.535937 0.198437 0.028125 0.028125
0 0.565625 0.342187 0.031250 0.028125
0 0.337500 0.598437 0.025000 0.028125
0 0.564063 0.371875 0.028125 0.031250
0 0.118750 0.270313 0.031250 0.028125
0 0.335938 0.567187 0.028125 0.028125
0 0.445312 0.729688 0.028125 0.028125
0 0.504687 0.698438 0.028125 0.028125
0 0.643750 0.584375 0.031250 0.031250
0 0.423438 0.165625 0.028125 0.031250
0 0.367188 0.228125 0.028125 0.031250
0 0.676562 0.571875 0.028125 0.031250
0 0.229687 0.339062 0.028125 0.028125
0 0.285938 0.307812 0.028125 0.028125
0 0.064062 0.581250 0.028125 0.031250
0 0.756250 0.178125 0.031250 0.031250
0 0.117188 0.468750 0.028125 0.031250
0 0.332813 0.665625 0.028125 0.031250
0 0.040625 0.410938 0.031250 0.028125
0 0.728125 0.037500 0.031250 0.031250
0 0.254688 0.454688 0.028125 0.028125
0 0.648438 0.518750 0.028125 0.031250
0 0.042188 0.189062 0.028125 0.028125
0 0.229687 0.210938 0.028125 0.028125
0 0.698438 0.250000 0.028125 0.031250
0 0.081250 0.554688 0.031250 0.028125
0 0.385937 0.729688 0.028125 0.028125
0 0.562500 0.570312 0.031250 0.028125
0 0.504687 0.503125 0.028125 0.031250
0 0.750000 0.315625 0.031250 0.031250
0 0.564063 0.210938 0.028125 0.028125
0 0.642188 0.120313 0.028125 0.028125
0 0.143750 0.418750 0.031250 0.031250
0 0.206250 0.771875 0.031250 0.031250
0 0.040625 0.300000 0.031250 0.031250
0 0.809375 0.220312 0.031250 0.028125
0 0.092188 0.748437 0.028125 0.028125
0 0.157812 0.864062 0.028125 0.028125
0 0.557813 0.145313 0.028125 0.028125
0 0.681250 0.440625 0.031250 0.031250
0 0.737500 0.475000 0.031250 0.031250
0 0.781250 0.200000 0.031250 0.031250
0 0.173437 0.892188 0.028125 0.028125
0 0.364063 0.679688 0.028125 0.028125
0 0.076563 0.723437 0.028125 0.028125
0 0.423438 0.129688 0.028125 0.028125
0 0.193750 0.678125 0.031250 0.031250
0 0.707812 0.457813 0.028125 0.028125
0 0.453125 0.276562 0.031250 0.028125
0 0.696875 0.621875 0.031250 0.031250
0 0.282813 0.565625 0.028125 0.031250
0 0.451562 0.245312 0.028125 0.028125
0 0.089063 0.275000 0.028125 0.031250
0 0.306250 0.679688 0.025000 0.028125
0 0.618750 0.535937 0.031250 0.028125
0 0.451562 0.210938 0.028125 0.028125
0 0.573438 0.276562 0.028125 0.028125
0 0.750000 0.346875 0.031250 0.031250
0 0.140625 0.892188 0.031250 0.028125
0 0.026562 0.106250 0.028125 0.031250
0 0.117188 0.401562 0.028125 0.028125
0 0.725000 0.135937 0.031250 0.028125
0 0.504687 0.145313 0.028125 0.028125
0 0.725000 0.100000 0.031250 0.031250
0 0.698438 0.118750 0.028125 0.031250
0 0.112500 0.554688 0.031250 0.028125
0 0.162500 0.662500 0.031250 0.031250
0 0.339062 0.112500 0.028125 0.031250
0 0.687500 0.312500 0.031250 0.031250
0 0.312500 0.485938 0.031250 0.028125
0 0.381250 0.803125 0.031250 0.031250
0 0.143750 0.450000 0.031250 0.031250
0 0.557813 0.667188 0.028125 0.028125
0 0.654687 0.456250 0.028125 0.031250
0 0.220312 0.692187 0.028125 0.028125
0 0.175000 0.242188 0.031250 0.028125
0 0.589063 0.587500 0.028125 0.031250
0 0.340625 0.439063 0.031250 0.028125
0 0.614062 0.104688 0.028125 0.028125
0 0.473438 0.714063 0.028125 0.028125
0 0.587500 0.684375 0.031250 0.031250
0 0.117188 0.435937 0.028125 0.028125
0 0.593750 0.454688 0.031250 0.028125
0 0.618750 0.503125 0.031250 0.031250
0 0.367188 0.260937 0.028125 0.028125
0 0.284375 0.276562 0.031250 0.028125
0 0.209375 0.834375 0.031250 0.031250
0 0.476562 0.195312 0.028125 0.028125
0 0.117188 0.142187 0.028125 0.028125
0 0.312500 0.834375 0.031250 0.031250
0 0.425000 0.423438 0.031250 0.028125
0 0.648438 0.551562 0.028125 0.028125
0 0.590625 0.485938 0.031250 0.028125
0 0.089063 0.418750 0.028125 0.031250
0 0.201563 0.321875 0.028125 0.031250
0 0.779687 0.332813 0.028125 0.028125
0 0.659375 0.296875 0.031250 0.031250
0 0.507812 0.340625 0.028125 0.031250
0 0.023438 0.270313 0.028125 0.028125
0 0.479687 0.257812 0.028125 0.028125
0 0.414062 0.742188 0.028125 0.028125
0 0.142187 0.778125 0.028125 0.031250
0 0.767188 0.462500 0.034375 0.031250
0 0.479687 0.485938 0.028125 0.028125
0 0.754687 0.085938 0.028125 0.028125
0 0.229687 0.076563 0.028125 0.028125
0 0.509375 0.373437 0.031250 0.028125
0 0.614062 0.170313 0.028125 0.028125
0 0.620313 0.470313 0.028125 0.028125
0 0.339062 0.501563 0.028125 0.028125
0 0.706250 0.490625 0.031250 0.031250
0 0.634375 0.050000 0.031250 0.031250
0 0.173437 0.532813 0.028125 0.028125
0 0.057813 0.160938 0.028125 0.028125
0 0.393750 0.179688 0.031250 0.028125
0 0.173437 0.112500 0.028125 0.031250
0 0.310937 0.454688 0.028125 0.028125
0 0.339062 0.046875 0.028125 0.031250
0 0.446875 0.698438 0.025000 0.028125
0 0.309375 0.584375 0.031250 0.031250
0 0.389062 0.760938 0.028125 0.028125
0 0.534375 0.554688 0.031250 0.028125
0 0.075000 0.243750 0.031250 0.031250
0 0.585938 0.154688 0.028125 0.028125
0 0.065625 0.525000 0.031250 0.031250
0 0.092188 0.639062 0.028125 0.028125
0 0.040625 0.890625 0.031250 0.031250
0 0.535937 0.454688 0.028125 0.028125
0 0.478125 0.129688 0.031250 0.028125
0 0.470313 0.812500 0.028125 0.031250
0 0.271875 0.834375 0.031250 0.031250
0 0.195312 0.645312 0.028125 0.028125
0 0.045312 0.665625 0.028125 0.031250
0 0.209375 0.890625 0.031250 0.031250
0 0.170313 0.435937 0.028125 0.028125
0 0.420312 0.679688 0.028125 0.028125
0 0.198437 0.389062 0.028125 0.028125
0 0.229687 0.467187 0.028125 0.028125
0 0.482812 0.357812 0.028125 0.028125
0 0.198437 0.485938 0.028125 0.028125
0 0.223438 0.629687 0.028125 0.028125
0 0.423438 0.359375 0.028125 0.031250
0 0.534375 0.487500 0.031250 0.031250
0 0.364063 0.648438 0.028125 0.028125
0 0.309375 0.329688 0.031250 0.028125
0 0.570312 0.242188 0.028125 0.028125
0 0.117188 0.368750 0.028125 0.031250
0 0.253125 0.614062 0.031250 0.028125
0 0.767188 0.428125 0.028125 0.031250
0 0.223438 0.660937 0.028125 0.028125
0 0.726562 0.232813 0.028125 0.028125
0 0.256250 0.421875 0.031250 0.031250
0 0.129688 0.690625 0.028125 0.031250
0 0.226562 0.596875 0.028125 0.031250
0 0.509375 0.307812 0.031250 0.028125
0 0.173437 0.339062 0.028125 0.028125
0 0.504687 0.570312 0.028125 0.028125
0 0.445312 0.760938 0.028125 0.028125
0 0.740625 0.506250 0.031250 0.031250
0 0.254688 0.550000 0.028125 0.031250
0 0.170313 0.468750 0.028125 0.031250
0 0.389062 0.696875 0.028125 0.031250
0 0.689063 0.021875 0.034375 0.031250
0 0.060937 0.435937 0.028125 0.028125
0 0.809375 0.187500 0.031250 0.031250
0 0.393750 0.537500 0.031250 0.031250
0 0.646875 0.689063 0.031250 0.028125
0 0.681250 0.471875 0.031250 0.031250
0 0.229687 0.242188 0.028125 0.028125
0 0.201563 0.223438 0.028125 0.028125
0 0.368750 0.456250 0.031250 0.031250
0 0.142187 0.517188 0.028125 0.028125
0 0.248438 0.679688 0.028125 0.028125
0 0.114062 0.500000 0.028125 0.031250
0 0.228125 0.373437 0.031250 0.028125
0 0.367188 0.357812 0.028125 0.028125
0 0.285938 0.242188 0.028125 0.028125
0 0.251563 0.645312 0.028125 0.028125
0 0.145313 0.289062 0.028125 0.028125
0 0.145313 0.157812 0.028125 0.028125
0 0.465625 0.851562 0.031250 0.034375
0 0.423438 0.195312 0.028125 0.028125
0 0.276562 0.696875 0.028125 0.025000
0 0.229687 0.275000 0.028125 0.031250
0 0.476562 0.518750 0.028125 0.031250
0 0.709375 0.393750 0.031250 0.031250
0 0.476562 0.582812 0.028125 0.028125
0 0.171875 0.564063 0.031250 0.028125
0 0.564063 0.406250 0.028125 0.031250
0 0.229687 0.143750 0.028125 0.031250
0 0.479687 0.295312 0.028125 0.028125
0 0.290625 0.862500 0.031250 0.031250
0 0.226562 0.532813 0.028125 0.028125
0 0.031250 0.635938 0.031250 0.028125
0 0.451562 0.470313 0.028125 0.028125
0 0.201563 0.190625 0.028125 0.031250
0 0.698438 0.054688 0.028125 0.028125
0 0.590625 0.423438 0.031250 0.028125
0 0.564063 0.503125 0.028125 0.031250
0 0.148438 0.190625 0.028125 0.031250
0 0.450000 0.046875 0.031250 0.031250
0 0.423438 0.229687 0.028125 0.028125
0 0.395313 0.276562 0.028125 0.028125
0 0.476562 0.648438 0.028125 0.028125
0 0.529687 0.717187 0.028125 0.028125
0 0.726562 0.167187 0.028125 0.028125
0 0.175000 0.175000 0.031250 0.031250
0 0.118750 0.206250 0.031250 0.031250
0 0.171875 0.501563 0.031250 0.028125
0 0.417187 0.712500 0.028125 0.025000
0 0.226562 0.862500 0.028125 0.031250
0 0.314063 0.128125 0.028125 0.031250
0 0.273438 0.728125 0.028125 0.031250
0 0.143750 0.548438 0.031250 0.028125
0 0.596875 0.326562 0.031250 0.028125
0 0.531250 0.160938 0.031250 0.028125
0 0.501563 0.046875 0.028125 0.031250
0 0.309375 0.031250 0.031250 0.031250
0 0.784375 0.492188 0.031250 0.034375
0 0.476562 0.064062 0.028125 0.028125
0 0.076563 0.610938 0.028125 0.028125
0 0.706250 0.525000 0.031250 0.031250
0 0.279687 0.664062 0.028125 0.028125
0 0.539062 0.231250 0.028125 0.031250
0 0.032813 0.581250 0.028125 0.031250
0 0.146875 0.031250 0.031250 0.031250
0 0.285938 0.209375 0.028125 0.031250
0 0.173437 0.143750 0.028125 0.031250
0 0.589063 0.550000 0.028125 0.031250
0 0.307812 0.614062 0.028125 0.028125
0 0.109375 0.610938 0.031250 0.028125
0 0.532813 0.684375 0.028125 0.031250
0 0.654687 0.326562 0.028125 0.028125
0 0.190625 0.862500 0.031250 0.031250
0 0.025000 0.050000 0.031250 0.031250
0 0.229687 0.176563 0.028125 0.028125
0 0.282813 0.532813 0.028125 0.028125
0 0.031250 0.526563 0.031250 0.028125
0 0.778125 0.137500 0.031250 0.031250
0 0.476562 0.551562 0.028125 0.028125
0 0.800000 0.417187 0.031250 0.034375
0 0.168750 0.595313 0.031250 0.028125
0 0.450000 0.081250 0.031250 0.031250
0 0.228125 0.435937 0.031250 0.028125
0 0.200000 0.126562 0.031250 0.028125
0 0.395313 0.245312 0.028125 0.028125
0 0.396875 0.503125 0.031250 0.031250
0 0.367188 0.582812 0.028125 0.028125
0 0.423438 0.260937 0.028125 0.028125
0 0.507812 0.470313 0.028125 0.028125
0 0.350000 0.818750 0.031250 0.031250
0 0.364063 0.614062 0.028125 0.028125
0 0.089063 0.385937 0.028125 0.028125
0 0.479687 0.454688 0.028125 0.028125
0 0.189062 0.804688 0.028125 0.028125
0 0.145313 0.095312 0.028125 0.028125
0 0.779687 0.300000 0.028125 0.031250
0 0.078125 0.665625 0.031250 0.031250
0 0.689063 0.281250 0.028125 0.031250
0 0.395313 0.343750 0.028125 0.031250
0 0.117188 0.337500 0.028125 0.031250
0 0.476562 0.226562 0.028125 0.028125
0 0.585938 0.750000 0.028125 0.031250
0 0.257812 0.192188 0.028125 0.028125
0 0.312500 0.518750 0.031250 0.031250
0 0.312500 0.095312 0.031250 0.028125
0 0.284375 0.406250 0.031250 0.031250
0 0.367188 0.423438 0.028125 0.028125
0 0.279687 0.629687 0.028125 0.028125
0 0.507812 0.439063 0.028125 0.028125
0 0.782813 0.071875 0.028125 0.031250
0 0.560937 0.601562 0.028125 0.028125
0 0.339062 0.535937 0.028125 0.028125
0 0.504687 0.601562 0.028125 0.028125
0 0.393750 0.632812 0.025000 0.028125
0 0.025000 0.443750 0.031250 0.031250
0 0.367188 0.389062 0.028125 0.028125
0 0.482812 0.326562 0.028125 0.028125
0 0.284375 0.145313 0.031250 0.028125
0 0.367188 0.195312 0.028125 0.028125
0 0.482812 0.389062 0.028125 0.028125
0 0.393750 0.567187 0.031250 0.028125
0 0.585938 0.185938 0.028125 0.028125
0 0.532813 0.618750 0.028125 0.031250
0 0.115625 0.046875 0.031250 0.031250
0 0.342187 0.212500 0.028125 0.031250
0 0.217188 0.726562 0.028125 0.028125
0 0.423438 0.029687 0.028125 0.028125
0 0.448437 0.664062 0.028125 0.028125
0 0.367188 0.487500 0.028125 0.031250
0 0.240625 0.775000 0.031250 0.031250
0 0.726562 0.070312 0.028125 0.028125
0 0.134375 0.642188 0.031250 0.028125
0 0.662500 0.715625 0.031250 0.031250
0 0.228125 0.564063 0.031250 0.028125
0 0.306250 0.648438 0.025000 0.028125
0 0.715625 0.296875 0.031250 0.031250
0 0.423438 0.487500 0.028125 0.031250
0 0.751563 0.284375 0.028125 0.031250
0 0.157812 0.807813 0.028125 0.028125
0 0.257812 0.257812 0.028125 0.028125
0 0.743750 0.606250 0.037500 0.037500
0 0.698438 0.085938 0.028125 0.028125
0 0.734375 0.537500 0.031250 0.031250
0 0.421875 0.614062 0.031250 0.028125
0 0.600000 0.231250 0.031250 0.031250
0 0.807813 0.284375 0.028125 0.031250
0 0.340625 0.079687 0.031250 0.028125
0 0.023438 0.326562 0.028125 0.028125
0 0.395313 0.148438 0.028125 0.028125
0 0.557813 0.176563 0.028125 0.028125
0 0.367188 0.520312 0.028125 0.028125
0 0.335938 0.632812 0.028125 0.028125
0 0.245312 0.710938 0.028125 0.028125
0 0.339062 0.470313 0.028125 0.028125
0 0.254688 0.387500 0.028125 0.031250
0 0.782813 0.104688 0.028125 0.028125
0 0.059375 0.806250 0.031250 0.031250
0 0.226562 0.404687 0.028125 0.028125
0 0.807813 0.353125 0.034375 0.031250
0 0.314063 0.228125 0.028125 0.031250
0 0.478125 0.096875 0.031250 0.031250
0 0.257812 0.292187 0.028125 0.028125
0 0.557813 0.701562 0.028125 0.028125
0 0.254688 0.517188 0.028125 0.028125
0 0.039062 0.354687 0.028125 0.028125
0 0.368750 0.096875 0.031250 0.031250
0 0.160938 0.692187 0.028125 0.028125
0 0.562500 0.534375 0.031250 0.031250
0 0.173437 0.045312 0.028125 0.028125
0 0.564063 0.437500 0.028125 0.031250
0 0.415625 0.807813 0.031250 0.028125
0 0.395313 0.375000 0.028125 0.031250
0 0.154688 0.748437 0.028125 0.028125
0 0.342187 0.145313 0.028125 0.028125
0 0.173437 0.373437 0.028125 0.028125
0 0.642188 0.737500 0.034375 0.031250
0 0.809375 0.156250 0.031250 0.031250
0 0.754687 0.120313 0.028125 0.028125
0 0.145313 0.356250 0.028125 0.031250
0 0.448437 0.632812 0.028125 0.028125
0 0.615625 0.759375 0.031250 0.031250
0 0.423438 0.456250 0.028125 0.031250
0 0.025000 0.384375 0.031250 0.031250
0 0.089063 0.329688 0.028125 0.028125
0 0.170313 0.404687 0.028125 0.028125
0 0.528125 0.028125 0.031250 0.031250
0 0.176563 0.304688 0.028125 0.028125
0 0.282813 0.501563 0.028125 0.028125
0 0.148438 0.254688 0.028125 0.028125
0 0.279687 0.598437 0.028125 0.028125
0 0.256250 0.031250 0.031250 0.031250
0 0.256250 0.584375 0.031250 0.031250
0 0.173437 0.273438 0.028125 0.028125
0 0.087500 0.451562 0.025000 0.028125
0 0.056250 0.384375 0.031250 0.031250
0 0.257812 0.128125 0.028125 0.031250
0 0.312500 0.421875 0.031250 0.031250
0 0.342187 0.276562 0.028125 0.028125
0 0.189062 0.707812 0.028125 0.028125
0 0.532813 0.753125 0.028125 0.031250
0 0.046875 0.501563 0.031250 0.028125
0 0.395313 0.210938 0.028125 0.028125
0 0.475000 0.028125 0.031250 0.031250
0 0.451562 0.439063 0.028125 0.028125
0 0.339062 0.245312 0.028125 0.028125
0 0.201563 0.354687 0.028125 0.028125
0 0.367188 0.129688 0.028125 0.028125
0 0.089063 0.218750 0.028125 0.031250
0 0.367188 0.029687 0.028125 0.028125
0 0.423438 0.520312 0.028125 0.028125
0 0.200000 0.028125 0.031250 0.031250
0 0.754687 0.054688 0.028125 0.028125
0 0.473438 0.779687 0.028125 0.028125
0 0.240625 0.893750 0.031250 0.031250
0 0.203125 0.157812 0.031250 0.028125
0 0.201563 0.290625 0.028125 0.031250
0 0.421875 0.582812 0.031250 0.028125
0 0.126562 0.806250 0.028125 0.031250
0 0.557813 0.770312 0.028125 0.028125
0 0.626563 0.018750 0.028125 0.031250
0 0.257812 0.160938 0.028125 0.028125
0 0.668750 0.600000 0.031250 0.031250
0 0.042188 0.021875 0.028125 0.031250
0 0.309375 0.548438 0.031250 0.028125
0 0.254688 0.485938 0.028125 0.028125
0 0.721875 0.640625 0.031250 0.031250
0 0.257812 0.226562 0.028125 0.028125
0 0.023438 0.862500 0.028125 0.031250
0 0.503125 0.735938 0.031250 0.028125
0 0.803125 0.384375 0.031250 0.031250
0 0.784375 0.040625 0.031250 0.031250
0 0.476562 0.617188 0.028125 0.028125
0 0.123438 0.748437 0.028125 0.028125
0 0.809375 0.120313 0.031250 0.028125
0 0.228125 0.112500 0.031250 0.031250
0 0.284375 0.178125 0.031250 0.031250
0 0.776563 0.523438 0.034375 0.034375
0 0.796875 0.451562 0.031250 0.034375
0 0.723437 0.268750 0.028125 0.031250
0 0.560937 0.634375 0.028125 0.025000
0 0.367188 0.551562 0.028125 0.028125
0 0.420312 0.551562 0.028125 0.028125
0 0.479687 0.423438 0.028125 0.028125
0 0.392188 0.664062 0.028125 0.028125
0 0.257812 0.323437 0.028125 0.028125
0 0.589063 0.782813 0.028125 0.028125
0 0.448437 0.570312 0.028125 0.028125
0 0.510938 0.276562 0.028125 0.028125
0 0.360938 0.714063 0.028125 0.028125
0 0.279687 0.340625 0.028125 0.031250
0 0.395313 0.471875 0.028125 0.031250
0 0.117188 0.076563 0.028125 0.028125
0 0.170313 0.628125 0.028125 0.031250
0 0.073438 0.357812 0.028125 0.028125
0 0.657813 0.028125 0.028125 0.031250
0 0.532813 0.648438 0.028125 0.028125
0 0.201563 0.548438 0.028125 0.028125
0 0.534375 0.585938 0.025000 0.028125
0 0.340625 0.853125 0.031250 0.031250
0 0.454688 0.404687 0.028125 0.028125
0 0.293750 0.809375 0.031250 0.031250
0 0.145313 0.320312 0.028125 0.028125
0 0.367188 0.160938 0.028125 0.028125
0 0.310937 0.390625 0.028125 0.031250
0 0.143750 0.389062 0.031250 0.028125
0 0.254688 0.356250 0.028125 0.031250
0 0.201563 0.517188 0.028125 0.028125
0 0.765625 0.554688 0.031250 0.034375
0 0.271875 0.892188 0.031250 0.028125
0 0.406250 0.840625 0.031250 0.031250
0 0.084375 0.028125 0.031250 0.031250
0 0.392188 0.601562 0.028125 0.028125
0 0.809375 0.089063 0.031250 0.028125
0 0.420312 0.648438 0.028125 0.028125
0 0.448437 0.598437 0.028125 0.028125
0 0.432812 0.860938 0.028125 0.028125
0 0.704688 0.667188 0.034375 0.034375
0 0.504687 0.632812 0.028125 0.028125
0 0.475000 0.746875 0.031250 0.031250
0 0.201563 0.257812 0.028125 0.028125
0 0.759375 0.025000 0.031250 0.031250
0 0.776563 0.364063 0.028125 0.028125
0 0.812500 0.057813 0.031250 0.034375
0 0.339062 0.015625 0.028125 0.031250
0 0.809375 0.021875 0.031250 0.031250
0 0.375000 0.846875 0.031250 0.031250
0 0.314063 0.259375 0.028125 0.025000
0 0.565625 0.015625 0.031250 0.031250
0 0.115625 0.017188 0.031250 0.028125
0 0.503125 0.771875 0.031250 0.031250
0 0.282813 0.017188 0.028125 0.028125
0 0.012500 0.607812 0.025000 0.028125
0 0.393750 0.017188 0.031250 0.028125
0 0.368750 0.878125 0.031250 0.031250
0 0.306250 0.890625 0.031250 0.031250
