0 0.740625 0.840625 0.031250 0.031250
0 0.439063 0.481250 0.034375 0.037500
0 0.560937 0.593750 0.034375 0.037500
0 0.110937 0.792188 0.028125 0.028125
0 0.721875 0.904687 0.031250 0.028125
0 0.707812 0.851562 0.028125 0.028125
0 0.523438 0.532813 0.028125 0.028125
0 0.301563 0.829688 0.028125 0.028125
0 0.157812 0.923438 0.028125 0.028125
0 0.198437 0.576562 0.028125 0.028125
0 0.198437 0.545312 0.028125 0.028125
0 0.054688 0.893750 0.028125 0.031250
0 0.765625 0.959375 0.031250 0.031250
0 0.775000 0.834375 0.031250 0.031250
0 0.753125 0.898438 0.031250 0.028125
0 0.476562 0.648438 0.028125 0.028125
0 0.126562 0.931250 0.028125 0.025000
0 0.407813 0.659375 0.028125 0.031250
0 0.039062 0.812500 0.028125 0.031250
0 0.690625 0.710938 0.031250 0.028125
0 0.781250 0.778125 0.031250 0.031250
0 0.175000 0.465625 0.031250 0.031250
0 0.237500 0.557813 0.031250 0.028125
0 0.460938 0.676562 0.028125 0.028125
0 0.642188 0.940625 0.028125 0.031250
0 0.523438 0.698438 0.028125 0.028125
0 0.314063 0.598437 0.028125 0.028125
0 0.254688 0.610938 0.028125 0.028125
0 0.735938 0.757812 0.028125 0.028125
0 0.065625 0.831250 0.031250 0.031250
0 0.267188 0.754687 0.028125 0.028125
0 0.126562 0.848437 0.028125 0.028125
0 0.348438 0.760938 0.028125 0.028125
0 0.704688 0.762500 0.028125 0.031250
0 0.670312 0.685937 0.028125 0.028125
0 0.089063 0.448437 0.028125 0.028125
0 0.701562 0.679688 0.028125 0.028125
0 0.212500 0.650000 0.031250 0.031250
0 0.190625 0.917188 0.031250 0.028125
0 0.142187 0.784375 0.028125 0.031250
0 0.357812 0.726562 0.028125 0.028125
0 0.785937 0.892188 0.028125 0.028125
0 0.326562 0.650000 0.028125 0.031250
0 0.298438 0.745313 0.028125 0.028125
0 0.720313 0.815625 0.028125 0.031250
0 0.104688 0.823438 0.028125 0.028125
0 0.146875 0.417187 0.031250 0.028125
0 0.657813 0.832812 0.028125 0.028125
0 0.326562 0.739062 0.028125 0.028125
0 0.095312 0.940625 0.028125 0.031250
0 0.226562 0.589063 0.028125 0.028125
0 0.743750 0.932813 0.031250 0.028125
0 0.376563 0.667188 0.028125 0.028125
0 0.264062 0.579688 0.028125 0.028125
0 0.170313 0.625000 0.028125 0.031250
0 0.270313 0.545312 0.028125 0.028125
0 0.640625 0.893750 0.031250 0.031250
0 0.200000 0.971875 0.031250 0.031250
0 0.348438 0.676562 0.028125 0.028125
0 0.175000 0.403125 0.031250 0.031250
0 0.118750 0.404687 0.031250 0.028125
0 0.631250 0.721875 0.031250 0.031250
0 0.440625 0.737500 0.031250 0.031250
0 0.060937 0.529687 0.028125 0.028125
0 0.610938 0.948438 0.028125 0.028125
0 0.423438 0.798438 0.028125 0.028125
0 0.576562 0.710938 0.028125 0.028125
0 0.639062 0.690625 0.028125 0.031250
0 0.721875 0.701562 0.031250 0.028125
0 0.648438 0.864062 0.028125 0.028125
0 0.643750 0.779687 0.031250 0.028125
0 0.060937 0.498437 0.028125 0.028125
0 0.439063 0.654687 0.028125 0.028125
0 0.317188 0.681250 0.028125 0.031250
0 0.768750 0.750000 0.031250 0.031250
0 0.292187 0.487500 0.028125 0.031250
0 0.057813 0.784375 0.028125 0.031250
0 0.737500 0.642188 0.031250 0.028125
0 0.668750 0.537500 0.031250 0.031250
0 0.026562 0.909375 0.028125 0.031250
0 0.673438 0.770312 0.028125 0.028125
0 0.253125 0.520312 0.031250 0.028125
0 0.085938 0.482812 0.028125 0.028125
0 0.659375 0.917188 0.031250 0.028125
0 0.220312 0.910937 0.028125 0.028125
0 0.117188 0.435937 0.028125 0.028125
0 0.143750 0.481250 0.031250 0.031250
0 0.034375 0.843750 0.031250 0.031250
0 0.164062 0.807813 0.028125 0.028125
0 0.114062 0.498437 0.028125 0.028125
0 0.462500 0.385937 0.031250 0.028125
0 0.204687 0.482812 0.028125 0.028125
0 0.376563 0.582812 0.028125 0.028125
0 0.060937 0.751563 0.028125 0.028125
0 0.345313 0.504687 0.028125 0.028125
0 0.717187 0.617188 0.028125 0.028125
0 0.117188 0.962500 0.028125 0.031250
0 0.279687 0.804688 0.028125 0.028125
0 0.170313 0.892188 0.028125 0.028125
0 0.153125 0.353125 0.031250 0.031250
0 0.320312 0.768750 0.028125 0.031250
0 0.701562 0.879687 0.028125 0.028125
0 0.665625 0.801562 0.031250 0.028125
0 0.432812 0.770312 0.028125 0.028125
0 0.462500 0.510938 0.031250 0.028125
0 0.310937 0.798438 0.028125 0.028125
0 0.773438 0.921875 0.028125 0.031250
0 0.223438 0.531250 0.028125 0.031250
0 0.375000 0.496875 0.031250 0.031250
0 0.607812 0.701562 0.028125 0.028125
0 0.285938 0.690625 0.028125 0.031250
0 0.112500 0.560937 0.031250 0.028125
0 0.670312 0.889062 0.028125 0.028125
0 0.482812 0.535937 0.028125 0.028125
0 0.690625 0.910937 0.031250 0.028125
0 0.320312 0.854688 0.028125 0.028125
0 0.335938 0.707812 0.028125 0.028125
0 0.639062 0.545312 0.028125 0.028125
0 0.257812 0.785937 0.028125 0.028125
0 0.714063 0.732812 0.028125 0.028125
0 0.690625 0.560937 0.031250 0.028125
0 0.107813 0.904687 0.028125 0.028125
0 0.139063 0.545312 0.028125 0.028125
0 0.145313 0.450000 0.028125 0.031250
0 0.406250 0.490625 0.031250 0.031250
0 0.696875 0.793750 0.031250 0.031250
0 0.229687 0.878125 0.028125 0.031250
0 0.243750 0.645312 0.025000 0.028125
0 0.082812 0.882812 0.028125 0.028125
0 0.451562 0.707812 0.028125 0.028125
0 0.729688 0.873437 0.028125 0.028125
0 0.756250 0.693750 0.031250 0.031250
0 0.085938 0.576562 0.028125 0.028125
0 0.501563 0.720313 0.028125 0.028125
0 0.460938 0.417187 0.028125 0.028125
0 0.176563 0.860938 0.028125 0.028125
0 0.548438 0.720313 0.028125 0.028125
0 0.795312 0.946875 0.028125 0.031250
0 0.170313 0.496875 0.028125 0.031250
0 0.270313 0.925000 0.028125 0.031250
0 0.326562 0.567187 0.028125 0.028125
0 0.360938 0.817187 0.028125 0.028125
0 0.620313 0.639062 0.028125 0.028125
0 0.629687 0.576562 0.028125 0.028125
0 0.501563 0.675000 0.028125 0.031250
0 0.653125 0.631250 0.031250 0.031250
0 0.635938 0.810937 0.028125 0.028125
0 0.620313 0.917188 0.028125 0.028125
0 0.542188 0.560937 0.028125 0.028125
0 0.651563 0.748437 0.028125 0.028125
0 0.420312 0.714063 0.028125 0.028125
0 0.451562 0.623437 0.028125 0.028125
0 0.232813 0.760938 0.028125 0.028125
0 0.764062 0.867188 0.028125 0.028125
0 0.185938 0.831250 0.028125 0.025000
0 0.195312 0.607812 0.028125 0.028125
0 0.664062 0.965625 0.028125 0.031250
0 0.232813 0.676562 0.028125 0.028125
0 0.504687 0.560937 0.028125 0.028125
0 0.614062 0.670312 0.028125 0.028125
0 0.198437 0.514062 0.028125 0.028125
0 0.685937 0.623437 0.028125 0.028125
0 0.493750 0.509375 0.031250 0.031250
0 0.398438 0.690625 0.028125 0.031250
0 0.537500 0.635938 0.031250 0.028125
0 0.114062 0.873437 0.028125 0.028125
0 0.167187 0.560937 0.028125 0.028125
0 0.618750 0.757812 0.031250 0.028125
0 0.148438 0.867188 0.028125 0.028125
0 0.204687 0.448437 0.028125 0.028125
0 0.026562 0.876563 0.028125 0.028125
0 0.595313 0.615625 0.028125 0.031250
0 0.207813 0.853125 0.028125 0.031250
0 0.332813 0.823438 0.028125 0.028125
0 0.081250 0.804688 0.031250 0.028125
0 0.473438 0.729688 0.028125 0.028125
0 0.118750 0.370312 0.031250 0.028125
0 0.060937 0.432812 0.028125 0.028125
0 0.085938 0.514062 0.028125 0.028125
0 0.706250 0.648438 0.031250 0.028125
0 0.643750 0.660937 0.031250 0.028125
0 0.304688 0.542188 0.028125 0.028125
0 0.167187 0.592187 0.028125 0.028125
0 0.279687 0.893750 0.028125 0.031250
0 0.389062 0.550000 0.028125 0.031250
0 0.423438 0.420312 0.028125 0.028125
0 0.596875 0.895312 0.031250 0.028125
0 0.407813 0.576562 0.028125 0.028125
0 0.367188 0.529687 0.028125 0.028125
0 0.357812 0.642188 0.028125 0.028125
0 0.712500 0.934375 0.031250 0.031250
0 0.401562 0.773438 0.028125 0.028125
0 0.132812 0.817187 0.028125 0.028125
0 0.679688 0.940625 0.028125 0.031250
0 0.389062 0.723437 0.028125 0.028125
0 0.731250 0.965625 0.031250 0.031250
0 0.478125 0.453125 0.031250 0.031250
0 0.523438 0.742188 0.028125 0.028125
0 0.087500 0.770312 0.031250 0.028125
0 0.114062 0.529687 0.028125 0.028125
0 0.335938 0.535937 0.028125 0.028125
0 0.254688 0.698438 0.028125 0.028125
0 0.818750 0.828125 0.031250 0.031250
0 0.217188 0.820312 0.028125 0.028125
0 0.112500 0.592187 0.031250 0.028125
0 0.626563 0.842187 0.028125 0.028125
0 0.170313 0.529687 0.028125 0.028125
0 0.362500 0.440625 0.031250 0.031250
0 0.060937 0.467187 0.028125 0.028125
0 0.307812 0.714063 0.028125 0.028125
0 0.429688 0.598437 0.028125 0.028125
0 0.148438 0.384375 0.028125 0.031250
0 0.560937 0.657813 0.028125 0.028125
0 0.581250 0.796875 0.025000 0.025000
0 0.506250 0.475000 0.031250 0.031250
0 0.675000 0.654687 0.031250 0.028125
0 0.482812 0.617188 0.028125 0.028125
0 0.264062 0.667188 0.028125 0.028125
0 0.506250 0.646875 0.031250 0.031250
0 0.204687 0.767188 0.028125 0.028125
0 0.248438 0.814063 0.028125 0.028125
0 0.276562 0.720313 0.028125 0.028125
0 0.429688 0.517188 0.028125 0.028125
0 0.057813 0.689063 0.028125 0.028125
0 0.207813 0.942187 0.028125 0.028125
0 0.050000 0.931250 0.031250 0.031250
0 0.092188 0.853125 0.028125 0.031250
0 0.379688 0.751563 0.028125 0.028125
0 0.176563 0.946875 0.028125 0.031250
0 0.195312 0.801562 0.028125 0.028125
0 0.248438 0.901563 0.028125 0.028125
0 0.687500 0.590625 0.031250 0.031250
0 0.117188 0.467187 0.028125 0.028125
0 0.420312 0.629687 0.028125 0.028125
0 0.167187 0.978125 0.028125 0.031250
0 0.148438 0.954688 0.028125 0.028125
0 0.385937 0.464062 0.028125 0.028125
0 0.292187 0.864062 0.028125 0.028125
0 0.492188 0.751563 0.028125 0.028125
0 0.676562 0.857812 0.028125 0.028125
0 0.440625 0.570312 0.031250 0.028125
0 0.198437 0.884375 0.028125 0.031250
0 0.292187 0.570312 0.028125 0.028125
0 0.229687 0.498437 0.028125 0.028125
0 0.395313 0.429688 0.028125 0.028125
0 0.476562 0.481250 0.028125 0.031250
0 0.625000 0.609375 0.031250 0.031250
0 0.429688 0.682813 0.028125 0.028125
0 0.282813 0.601562 0.028125 0.028125
0 0.689063 0.826562 0.028125 0.028125
0 0.596875 0.582812 0.031250 0.028125
0 0.112500 0.623437 0.031250 0.028125
0 0.392188 0.807813 0.028125 0.028125
0 0.057813 0.720313 0.028125 0.028125
0 0.518750 0.445312 0.031250 0.028125
0 0.245312 0.728125 0.028125 0.031250
0 0.373437 0.782813 0.028125 0.028125
0 0.464062 0.760938 0.028125 0.028125
0 0.700000 0.965625 0.031250 0.031250
0 0.262500 0.956250 0.031250 0.031250
0 0.451562 0.542188 0.028125 0.028125
0 0.029687 0.607812 0.028125 0.028125
0 0.745313 0.726562 0.028125 0.028125
0 0.275000 0.634375 0.031250 0.031250
0 0.592187 0.648438 0.028125 0.028125
0 0.601562 0.731250 0.028125 0.031250
0 0.242188 0.932813 0.028125 0.028125
0 0.060937 0.862500 0.028125 0.031250
0 0.473438 0.565625 0.028125 0.031250
0 0.612500 0.789062 0.025000 0.028125
0 0.284375 0.518750 0.031250 0.031250
0 0.582812 0.679688 0.028125 0.028125
0 0.431250 0.392188 0.031250 0.028125
0 0.075000 0.915625 0.031250 0.031250
0 0.257812 0.489063 0.028125 0.028125
0 0.367188 0.409375 0.028125 0.031250
0 0.554688 0.689063 0.028125 0.028125
0 0.375000 0.378125 0.031250 0.031250
0 0.142187 0.514062 0.028125 0.028125
0 0.139063 0.639062 0.028125 0.028125
0 0.487500 0.782813 0.025000 0.028125
0 0.446875 0.445312 0.031250 0.028125
0 0.295312 0.657813 0.028125 0.028125
0 0.398438 0.607812 0.028125 0.028125
0 0.618750 0.518750 0.031250 0.031250
0 0.135937 0.898438 0.028125 0.028125
0 0.032813 0.415625 0.028125 0.031250
0 0.184375 0.350000 0.031250 0.031250
0 0.564063 0.903125 0.028125 0.031250
0 0.410938 0.745313 0.028125 0.028125
0 0.343750 0.392188 0.031250 0.028125
0 0.415625 0.454688 0.031250 0.028125
0 0.367188 0.614062 0.028125 0.028125
0 0.540625 0.470313 0.031250 0.028125
0 0.029687 0.545312 0.028125 0.028125
0 0.142187 0.607812 0.028125 0.028125
0 0.175000 0.432812 0.031250 0.028125
0 0.593750 0.495312 0.031250 0.028125
0 0.682813 0.739062 0.028125 0.028125
0 0.345313 0.589063 0.028125 0.028125
0 0.331250 0.446875 0.031250 0.031250
0 0.398438 0.520312 0.028125 0.028125
0 0.173437 0.776563 0.028125 0.028125
0 0.226562 0.789062 0.028125 0.028125
0 0.032813 0.479687 0.028125 0.028125
0 0.560937 0.775000 0.028125 0.031250
0 0.064062 0.401562 0.028125 0.028125
0 0.731250 0.671875 0.031250 0.031250
0 0.223438 0.623437 0.028125 0.028125
0 0.029687 0.576562 0.028125 0.028125
0 0.087500 0.545312 0.025000 0.028125
0 0.762500 0.621875 0.031250 0.031250
0 0.525000 0.501563 0.031250 0.028125
0 0.573438 0.739062 0.028125 0.028125
0 0.335938 0.617188 0.028125 0.028125
0 0.806250 0.915625 0.031250 0.031250
0 0.400000 0.400000 0.031250 0.031250
0 0.607812 0.554688 0.028125 0.028125
0 0.357812 0.557813 0.028125 0.028125
0 0.479687 0.701562 0.028125 0.028125
0 0.314063 0.510938 0.028125 0.028125
0 0.420312 0.545312 0.028125 0.028125
0 0.323437 0.479687 0.028125 0.028125
0 0.220312 0.353125 0.028125 0.031250
0 0.057813 0.592187 0.028125 0.028125
0 0.118750 0.339062 0.031250 0.028125
0 0.310937 0.885938 0.028125 0.028125
0 0.646875 0.512500 0.031250 0.031250
0 0.234375 0.468750 0.031250 0.031250
0 0.810937 0.764062 0.034375 0.034375
0 0.092188 0.417187 0.028125 0.028125
0 0.601562 0.817187 0.028125 0.028125
0 0.553125 0.531250 0.031250 0.031250
0 0.342187 0.792188 0.028125 0.028125
0 0.139063 0.576562 0.028125 0.028125
0 0.304688 0.626563 0.028125 0.028125
0 0.746875 0.593750 0.031250 0.031250
0 0.064062 0.337500 0.028125 0.031250
0 0.571875 0.475000 0.031250 0.031250
0 0.303125 0.456250 0.031250 0.031250
0 0.725000 0.556250 0.031250 0.031250
0 0.790625 0.809375 0.031250 0.031250
0 0.346875 0.359375 0.031250 0.031250
0 0.520312 0.775000 0.028125 0.031250
0 0.556250 0.500000 0.031250 0.031250
0 0.589063 0.925000 0.028125 0.031250
0 0.089063 0.385937 0.028125 0.028125
0 0.285938 0.776563 0.028125 0.028125
0 0.198437 0.379688 0.028125 0.028125
0 0.793750 0.860938 0.031250 0.028125
0 0.565625 0.626563 0.031250 0.028125
0 0.525000 0.585938 0.031250 0.028125
0 0.492188 0.589063 0.028125 0.028125
0 0.715625 0.584375 0.031250 0.031250
0 0.617188 0.870313 0.028125 0.028125
0 0.515625 0.615625 0.031250 0.031250
0 0.092188 0.354687 0.028125 0.028125
0 0.242188 0.429688 0.040625 0.040625
0 0.529687 0.667188 0.028125 0.028125
0 0.389062 0.635938 0.028125 0.028125
0 0.057813 0.656250 0.028125 0.031250
0 0.656250 0.596875 0.031250 0.031250
0 0.032813 0.510938 0.028125 0.028125
0 0.632812 0.971875 0.028125 0.031250
0 0.223438 0.704688 0.028125 0.028125
0 0.659375 0.567187 0.031250 0.028125
0 0.664062 0.715625 0.028125 0.031250
0 0.057813 0.560937 0.028125 0.028125
0 0.460938 0.592187 0.028125 0.028125
0 0.367188 0.695312 0.028125 0.028125
0 0.351562 0.471875 0.028125 0.031250
0 0.081250 0.968750 0.031250 0.031250
0 0.203125 0.417187 0.031250 0.028125
0 0.031250 0.640625 0.031250 0.031250
0 0.171875 0.657813 0.031250 0.028125
0 0.523438 0.412500 0.028125 0.031250
0 0.112500 0.656250 0.031250 0.031250
0 0.231250 0.964063 0.031250 0.028125
0 0.704688 0.529687 0.034375 0.034375
0 0.064062 0.368750 0.028125 0.031250
0 0.315625 0.354687 0.031250 0.028125
0 0.751563 0.807813 0.028125 0.028125
0 0.776563 0.651563 0.034375 0.034375
0 0.523438 0.379688 0.034375 0.034375
0 0.029687 0.670312 0.028125 0.028125
0 0.818750 0.796875 0.031250 0.031250
0 0.032813 0.767188 0.028125 0.028125
0 0.445312 0.821875 0.028125 0.031250
0 0.492188 0.423438 0.028125 0.028125
0 0.589063 0.767188 0.028125 0.028125
0 0.454688 0.792188 0.028125 0.028125
0 0.226562 0.392188 0.028125 0.028125
0 0.501563 0.920312 0.028125 0.028125
0 0.142187 0.318750 0.034375 0.031250
0 0.034375 0.384375 0.031250 0.031250
0 0.268750 0.321875 0.031250 0.031250
0 0.085938 0.673438 0.028125 0.028125
0 0.089063 0.740625 0.034375 0.031250
0 0.117188 0.760938 0.028125 0.028125
0 0.823438 0.943750 0.028125 0.031250
0 0.487500 0.362500 0.031250 0.031250
0 0.803125 0.978125 0.031250 0.031250
0 0.456250 0.353125 0.031250 0.031250
0 0.825000 0.892188 0.031250 0.034375
0 0.575000 0.443750 0.031250 0.031250
0 0.548438 0.803125 0.028125 0.031250
0 0.679688 0.498437 0.034375 0.034375
0 0.546875 0.434375 0.031250 0.031250
0 0.542188 0.881250 0.028125 0.031250
0 0.281250 0.356250 0.031250 0.031250
0 0.157812 0.837500 0.028125 0.025000
0 0.532813 0.910937 0.028125 0.028125
0 0.292187 0.948438 0.028125 0.028125
0 0.625000 0.490625 0.031250 0.031250
0 0.090625 0.318750 0.031250 0.031250
0 0.726562 0.785937 0.028125 0.028125
0 0.198437 0.681250 0.028125 0.031250
0 0.821875 0.860938 0.031250 0.034375
0 0.251563 0.351562 0.028125 0.028125
0 0.235937 0.321875 0.028125 0.031250
0 0.331250 0.328125 0.031250 0.031250
0 0.034375 0.448437 0.025000 0.028125
0 0.587500 0.526563 0.031250 0.028125
0 0.582812 0.954688 0.028125 0.028125
0 0.175000 0.321875 0.031250 0.031250
0 0.270313 0.457813 0.028125 0.028125
0 0.214062 0.735938 0.028125 0.028125
0 0.406250 0.368750 0.031250 0.031250
0 0.020313 0.942187 0.028125 0.028125
0 0.203125 0.321875 0.031250 0.031250
0 0.776563 0.720313 0.028125 0.028125
0 0.493750 0.393750 0.031250 0.031250
0 0.428125 0.343750 0.031250 0.031250
0 0.029687 0.704688 0.028125 0.028125
0 0.048438 0.962500 0.034375 0.031250
0 0.300000 0.325000 0.031250 0.031250
0 0.029687 0.735938 0.028125 0.028125
