0 0.126562 0.079687 0.028125 0.028125
0 0.642188 0.090625 0.028125 0.031250
0 0.664062 0.114062 0.028125 0.028125
0 0.731250 0.871875 0.031250 0.031250
0 0.740625 0.712500 0.031250 0.031250
0 0.664062 0.806250 0.028125 0.031250
0 0.721875 0.360938 0.031250 0.028125
0 0.782813 0.196875 0.034375 0.031250
0 0.692187 0.823438 0.028125 0.028125
0 0.707812 0.531250 0.028125 0.031250
0 0.606250 0.940625 0.031250 0.031250
0 0.771875 0.287500 0.031250 0.031250
0 0.684375 0.645312 0.031250 0.028125
0 0.734375 0.907813 0.031250 0.028125
0 0.753125 0.048438 0.031250 0.028125
0 0.731250 0.112500 0.031250 0.031250
0 0.735938 0.750000 0.028125 0.031250
0 0.579688 0.325000 0.028125 0.031250
0 0.665625 0.740625 0.031250 0.031250
0 0.771875 0.071875 0.031250 0.031250
0 0.740625 0.834375 0.031250 0.031250
0 0.529687 0.862500 0.028125 0.031250
0 0.623437 0.595313 0.028125 0.028125
0 0.253125 0.925000 0.031250 0.031250
0 0.625000 0.626563 0.031250 0.028125
0 0.557813 0.814063 0.028125 0.028125
0 0.440625 0.589063 0.031250 0.028125
0 0.678125 0.481250 0.031250 0.031250
0 0.582812 0.860938 0.028125 0.028125
0 0.667188 0.848437 0.028125 0.028125
0 0.189062 0.065625 0.028125 0.031250
0 0.721875 0.054688 0.031250 0.028125
0 0.190625 0.237500 0.031250 0.031250
0 0.709375 0.731250 0.031250 0.031250
0 0.154688 0.071875 0.028125 0.031250
0 0.678125 0.546875 0.031250 0.031250
0 0.635938 0.790625 0.028125 0.031250
0 0.423438 0.445312 0.028125 0.028125
0 0.117188 0.110937 0.028125 0.028125
0 0.623437 0.460938 0.028125 0.028125
0 0.167187 0.128125 0.028125 0.031250
0 0.764062 0.857812 0.028125 0.028125
0 0.434375 0.628125 0.031250 0.031250
0 0.707812 0.564063 0.028125 0.028125
0 0.210938 0.176563 0.028125 0.028125
0 0.792188 0.259375 0.028125 0.031250
0 0.667188 0.421875 0.034375 0.031250
0 0.595313 0.610938 0.028125 0.028125
0 0.203125 0.121875 0.031250 0.031250
0 0.739062 0.484375 0.028125 0.031250
0 0.714063 0.692187 0.028125 0.028125
0 0.579688 0.956250 0.028125 0.031250
0 0.714063 0.660937 0.028125 0.028125
0 0.692187 0.792188 0.028125 0.028125
0 0.720313 0.778125 0.028125 0.031250
0 0.743750 0.081250 0.031250 0.031250
0 0.656250 0.675000 0.031250 0.031250
0 0.690625 0.925000 0.031250 0.031250
0 0.610938 0.845313 0.028125 0.028125
0 0.504687 0.814063 0.028125 0.028125
0 0.535937 0.364063 0.028125 0.028125
0 0.476562 0.826562 0.028125 0.028125
0 0.659375 0.065625 0.031250 0.031250
0 0.765625 0.562500 0.031250 0.031250
0 0.792188 0.675000 0.028125 0.031250
0 0.635938 0.757812 0.028125 0.028125
0 0.765625 0.734375 0.031250 0.031250
0 0.764062 0.528125 0.028125 0.031250
0 0.175000 0.753125 0.031250 0.031250
0 0.615625 0.521875 0.031250 0.031250
0 0.487500 0.517188 0.031250 0.028125
0 0.735938 0.548438 0.028125 0.028125
0 0.712500 0.085938 0.031250 0.028125
0 0.148438 0.190625 0.028125 0.031250
0 0.253125 0.223438 0.031250 0.028125
0 0.707812 0.596875 0.028125 0.031250
0 0.793750 0.095312 0.031250 0.028125
0 0.771875 0.140625 0.031250 0.031250
0 0.682813 0.612500 0.028125 0.031250
0 0.232813 0.201563 0.028125 0.028125
0 0.170313 0.214062 0.028125 0.028125
0 0.228125 0.878125 0.031250 0.031250
0 0.200000 0.206250 0.031250 0.031250
0 0.790625 0.904687 0.031250 0.028125
0 0.614062 0.489063 0.028125 0.028125
0 0.735938 0.235937 0.028125 0.028125
0 0.792188 0.545312 0.028125 0.028125
0 0.723437 0.264062 0.028125 0.028125
0 0.223438 0.940625 0.028125 0.031250
0 0.512500 0.339062 0.031250 0.028125
0 0.471875 0.579688 0.031250 0.028125
0 0.551562 0.909375 0.028125 0.031250
0 0.618750 0.067187 0.031250 0.028125
0 0.331250 0.556250 0.031250 0.031250
0 0.093750 0.089063 0.031250 0.028125
0 0.307812 0.926562 0.028125 0.028125
0 0.457813 0.325000 0.028125 0.031250
0 0.767188 0.465625 0.028125 0.031250
0 0.501563 0.846875 0.028125 0.031250
0 0.429688 0.660937 0.028125 0.028125
0 0.690625 0.060937 0.031250 0.028125
0 0.701562 0.114062 0.028125 0.028125
0 0.665625 0.775000 0.031250 0.031250
0 0.767188 0.626563 0.028125 0.028125
0 0.626563 0.659375 0.028125 0.031250
0 0.632812 0.429688 0.028125 0.028125
0 0.704688 0.500000 0.028125 0.031250
0 0.712500 0.628125 0.031250 0.031250
0 0.610938 0.098437 0.028125 0.028125
0 0.081250 0.115625 0.031250 0.031250
0 0.251563 0.139063 0.028125 0.028125
0 0.765625 0.109375 0.031250 0.031250
0 0.654687 0.453125 0.028125 0.031250
0 0.790625 0.875000 0.031250 0.031250
0 0.750000 0.345313 0.031250 0.028125
0 0.226562 0.909375 0.028125 0.031250
0 0.426563 0.529687 0.028125 0.028125
0 0.681250 0.581250 0.031250 0.031250
0 0.464062 0.612500 0.028125 0.031250
0 0.598437 0.645312 0.028125 0.028125
0 0.670312 0.035937 0.028125 0.028125
0 0.703125 0.896875 0.031250 0.031250
0 0.639062 0.857812 0.028125 0.028125
0 0.693750 0.759375 0.031250 0.031250
0 0.792188 0.842187 0.028125 0.028125
0 0.660937 0.975000 0.028125 0.031250
0 0.603125 0.348438 0.031250 0.028125
0 0.135937 0.135937 0.028125 0.028125
0 0.687500 0.448437 0.031250 0.028125
0 0.606250 0.909375 0.031250 0.031250
0 0.610938 0.878125 0.028125 0.031250
0 0.487500 0.635938 0.031250 0.028125
0 0.748437 0.795312 0.028125 0.028125
0 0.482812 0.346875 0.028125 0.031250
0 0.742188 0.675000 0.028125 0.031250
0 0.417187 0.560937 0.028125 0.028125
0 0.784375 0.040625 0.031250 0.031250
0 0.092188 0.259375 0.028125 0.031250
0 0.292187 0.645312 0.028125 0.028125
0 0.750000 0.204687 0.031250 0.028125
0 0.387500 0.251563 0.031250 0.028125
0 0.492188 0.315625 0.028125 0.031250
0 0.701562 0.335938 0.028125 0.028125
0 0.284375 0.217188 0.031250 0.028125
0 0.089063 0.801562 0.028125 0.028125
0 0.282813 0.129688 0.028125 0.028125
0 0.084375 0.032813 0.031250 0.028125
0 0.159375 0.159375 0.031250 0.031250
0 0.793750 0.450000 0.031250 0.031250
0 0.232813 0.114062 0.028125 0.028125
0 0.457813 0.679688 0.028125 0.028125
0 0.104688 0.142187 0.028125 0.028125
0 0.426563 0.331250 0.028125 0.031250
0 0.375000 0.314063 0.031250 0.028125
0 0.526563 0.893750 0.028125 0.031250
0 0.765625 0.403125 0.031250 0.031250
0 0.607812 0.742188 0.028125 0.028125
0 0.781250 0.353125 0.031250 0.031250
0 0.646875 0.546875 0.031250 0.031250
0 0.315625 0.210938 0.031250 0.028125
0 0.723437 0.392188 0.028125 0.028125
0 0.737500 0.579688 0.031250 0.028125
0 0.767188 0.231250 0.028125 0.031250
0 0.765625 0.593750 0.031250 0.031250
0 0.628125 0.692187 0.031250 0.028125
0 0.709375 0.846875 0.031250 0.031250
0 0.610938 0.404687 0.028125 0.028125
0 0.795312 0.482812 0.028125 0.028125
0 0.532813 0.562500 0.028125 0.031250
0 0.637500 0.042188 0.031250 0.028125
0 0.754687 0.257812 0.028125 0.028125
0 0.760938 0.889062 0.028125 0.028125
0 0.242188 0.081250 0.028125 0.031250
0 0.126562 0.164062 0.028125 0.028125
0 0.135937 0.221875 0.028125 0.031250
0 0.517188 0.623437 0.028125 0.028125
0 0.064062 0.268750 0.028125 0.031250
0 0.550000 0.973437 0.031250 0.028125
0 0.254688 0.893750 0.028125 0.031250
0 0.767188 0.657813 0.028125 0.028125
0 0.679688 0.089063 0.028125 0.028125
0 0.501563 0.571875 0.028125 0.031250
0 0.476562 0.764062 0.028125 0.028125
0 0.739062 0.642188 0.028125 0.028125
0 0.326562 0.264062 0.028125 0.028125
0 0.068750 0.235937 0.031250 0.028125
0 0.482812 0.701562 0.028125 0.028125
0 0.660937 0.942187 0.028125 0.028125
0 0.709375 0.425000 0.031250 0.031250
0 0.793750 0.384375 0.031250 0.031250
0 0.048438 0.331250 0.028125 0.031250
0 0.176563 0.096875 0.028125 0.031250
0 0.510938 0.717187 0.028125 0.028125
0 0.640625 0.829688 0.031250 0.028125
0 0.242188 0.254688 0.028125 0.028125
0 0.739062 0.418750 0.028125 0.031250
0 0.125000 0.659375 0.031250 0.031250
0 0.154688 0.673438 0.028125 0.028125
0 0.078125 0.064062 0.031250 0.028125
0 0.806250 0.065625 0.031250 0.031250
0 0.557813 0.845313 0.028125 0.028125
0 0.596875 0.043750 0.031250 0.031250
0 0.378125 0.193750 0.031250 0.031250
0 0.589063 0.379688 0.028125 0.028125
0 0.710938 0.468750 0.028125 0.031250
0 0.764062 0.767188 0.028125 0.028125
0 0.790625 0.748437 0.031250 0.028125
0 0.264062 0.192188 0.028125 0.028125
0 0.501563 0.878125 0.028125 0.031250
0 0.556250 0.301563 0.031250 0.028125
0 0.529687 0.829688 0.028125 0.028125
0 0.482812 0.732812 0.028125 0.028125
0 0.657813 0.706250 0.028125 0.031250
0 0.473438 0.378125 0.028125 0.031250
0 0.273438 0.160938 0.028125 0.028125
0 0.592187 0.464062 0.028125 0.028125
0 0.498437 0.485938 0.028125 0.028125
0 0.504687 0.779687 0.028125 0.028125
0 0.790625 0.715625 0.031250 0.031250
0 0.543750 0.646875 0.031250 0.031250
0 0.289062 0.679688 0.028125 0.028125
0 0.457813 0.525000 0.028125 0.031250
0 0.612500 0.810937 0.031250 0.028125
0 0.054688 0.042188 0.028125 0.028125
0 0.298438 0.557813 0.028125 0.028125
0 0.028125 0.278125 0.031250 0.031250
0 0.551562 0.942187 0.028125 0.028125
0 0.448437 0.845313 0.028125 0.028125
0 0.260937 0.104688 0.028125 0.028125
0 0.567187 0.357812 0.028125 0.028125
0 0.026562 0.057813 0.028125 0.028125
0 0.050000 0.078125 0.031250 0.031250
0 0.035937 0.250000 0.028125 0.031250
0 0.210938 0.670312 0.028125 0.028125
0 0.523438 0.956250 0.028125 0.031250
0 0.693750 0.396875 0.031250 0.031250
0 0.720313 0.812500 0.028125 0.031250
0 0.687500 0.676562 0.031250 0.028125
0 0.760938 0.315625 0.028125 0.031250
0 0.795312 0.579688 0.028125 0.028125
0 0.248438 0.050000 0.028125 0.031250
0 0.435937 0.301563 0.028125 0.028125
0 0.259375 0.634375 0.031250 0.031250
0 0.118750 0.690625 0.031250 0.031250
0 0.279687 0.907813 0.028125 0.028125
0 0.548438 0.615625 0.028125 0.031250
0 0.089063 0.832812 0.028125 0.028125
0 0.107813 0.056250 0.028125 0.031250
0 0.454688 0.439063 0.028125 0.028125
0 0.270313 0.075000 0.028125 0.031250
0 0.495312 0.940625 0.028125 0.031250
0 0.689063 0.959375 0.028125 0.031250
0 0.559375 0.584375 0.031250 0.031250
0 0.734375 0.515625 0.031250 0.031250
0 0.389062 0.453125 0.028125 0.031250
0 0.653125 0.642188 0.031250 0.028125
0 0.703125 0.240625 0.031250 0.031250
0 0.818750 0.628125 0.031250 0.031250
0 0.593750 0.578125 0.031250 0.031250
0 0.607812 0.775000 0.028125 0.031250
0 0.220312 0.145313 0.028125 0.028125
0 0.242188 0.170313 0.028125 0.028125
0 0.765625 0.821875 0.031250 0.031250
0 0.357812 0.259375 0.028125 0.031250
0 0.467187 0.492188 0.028125 0.028125
0 0.529687 0.798438 0.028125 0.028125
0 0.353125 0.581250 0.025000 0.025000
0 0.060937 0.385937 0.028125 0.028125
0 0.479687 0.548438 0.028125 0.028125
0 0.560937 0.473438 0.028125 0.028125
0 0.179688 0.685937 0.028125 0.028125
0 0.407813 0.590625 0.028125 0.031250
0 0.207813 0.089063 0.028125 0.028125
0 0.578125 0.278125 0.031250 0.031250
0 0.442188 0.384375 0.028125 0.031250
0 0.070312 0.354687 0.028125 0.028125
0 0.401562 0.650000 0.028125 0.031250
0 0.795312 0.610938 0.028125 0.028125
0 0.645312 0.482812 0.028125 0.028125
0 0.251563 0.957812 0.028125 0.028125
0 0.495312 0.601562 0.028125 0.028125
0 0.117188 0.848437 0.028125 0.028125
0 0.450000 0.556250 0.031250 0.031250
0 0.223438 0.232813 0.028125 0.028125
0 0.523438 0.926562 0.028125 0.028125
0 0.662500 0.909375 0.031250 0.031250
0 0.660937 0.879687 0.028125 0.028125
0 0.364063 0.548438 0.028125 0.028125
0 0.467187 0.292187 0.028125 0.028125
0 0.346875 0.615625 0.031250 0.031250
0 0.653125 0.610938 0.031250 0.028125
0 0.457813 0.710938 0.028125 0.028125
0 0.148438 0.104688 0.028125 0.028125
0 0.442188 0.270313 0.028125 0.028125
0 0.632812 0.726562 0.028125 0.028125
0 0.278125 0.940625 0.031250 0.031250
0 0.570312 0.664062 0.028125 0.028125
0 0.346875 0.201563 0.031250 0.028125
0 0.104688 0.229687 0.028125 0.028125
0 0.504687 0.370312 0.028125 0.028125
0 0.557813 0.385937 0.028125 0.028125
0 0.034375 0.835938 0.031250 0.028125
0 0.579688 0.925000 0.028125 0.031250
0 0.760938 0.173437 0.028125 0.028125
0 0.317188 0.587500 0.028125 0.031250
0 0.659375 0.371875 0.031250 0.031250
0 0.751563 0.375000 0.028125 0.031250
0 0.473438 0.892188 0.028125 0.028125
0 0.650000 0.578125 0.031250 0.031250
0 0.451562 0.810937 0.028125 0.028125
0 0.223438 0.975000 0.028125 0.031250
0 0.526563 0.395313 0.028125 0.028125
0 0.196875 0.956250 0.031250 0.031250
0 0.034375 0.803125 0.031250 0.031250
0 0.514062 0.684375 0.028125 0.031250
0 0.060937 0.817187 0.028125 0.028125
0 0.451562 0.354687 0.028125 0.028125
0 0.515625 0.656250 0.031250 0.031250
0 0.585938 0.829688 0.028125 0.028125
0 0.090625 0.706250 0.031250 0.031250
0 0.642188 0.398438 0.028125 0.028125
0 0.737500 0.610938 0.031250 0.028125
0 0.510938 0.539062 0.028125 0.028125
0 0.403125 0.620313 0.031250 0.028125
0 0.264062 0.667188 0.028125 0.028125
0 0.060937 0.785937 0.028125 0.028125
0 0.206250 0.639062 0.031250 0.028125
0 0.579688 0.893750 0.028125 0.031250
0 0.325000 0.179688 0.031250 0.028125
0 0.232813 0.567187 0.028125 0.028125
0 0.818750 0.765625 0.031250 0.031250
0 0.189062 0.151562 0.028125 0.028125
0 0.207813 0.704688 0.028125 0.028125
0 0.114062 0.198437 0.028125 0.028125
0 0.689063 0.710938 0.028125 0.028125
0 0.089063 0.640625 0.028125 0.031250
0 0.595313 0.548438 0.028125 0.028125
0 0.539062 0.448437 0.028125 0.028125
0 0.742188 0.290625 0.028125 0.031250
0 0.789062 0.937500 0.028125 0.031250
0 0.235937 0.285938 0.028125 0.028125
0 0.364063 0.228125 0.028125 0.031250
0 0.546875 0.332813 0.031250 0.028125
0 0.198437 0.925000 0.028125 0.031250
0 0.264062 0.560937 0.028125 0.028125
0 0.473438 0.860938 0.028125 0.028125
0 0.767188 0.434375 0.028125 0.031250
0 0.304688 0.242188 0.028125 0.028125
0 0.601562 0.432812 0.028125 0.028125
0 0.795312 0.642188 0.028125 0.028125
0 0.198437 0.034375 0.028125 0.031250
0 0.373437 0.665625 0.028125 0.031250
0 0.445312 0.470313 0.028125 0.028125
0 0.034375 0.867188 0.031250 0.028125
0 0.382812 0.282813 0.028125 0.028125
0 0.529687 0.476562 0.028125 0.028125
0 0.204687 0.732812 0.028125 0.028125
0 0.579688 0.409375 0.028125 0.031250
0 0.160938 0.245312 0.028125 0.028125
0 0.796875 0.228125 0.031250 0.031250
0 0.378125 0.601562 0.031250 0.028125
0 0.740625 0.143750 0.031250 0.031250
0 0.295312 0.185938 0.028125 0.028125
0 0.473438 0.260937 0.028125 0.028125
0 0.598437 0.679688 0.028125 0.028125
0 0.692187 0.367188 0.028125 0.028125
0 0.690625 0.868750 0.031250 0.031250
0 0.607812 0.973437 0.028125 0.028125
0 0.257812 0.698438 0.028125 0.028125
0 0.548438 0.417187 0.028125 0.028125
0 0.476562 0.795312 0.028125 0.028125
0 0.573438 0.632812 0.028125 0.028125
0 0.460938 0.407813 0.028125 0.028125
0 0.395313 0.220312 0.028125 0.028125
0 0.821875 0.796875 0.031250 0.031250
0 0.064062 0.692187 0.028125 0.028125
0 0.410938 0.279687 0.028125 0.028125
0 0.603125 0.710938 0.031250 0.028125
0 0.064062 0.723437 0.028125 0.028125
0 0.395313 0.337500 0.028125 0.031250
0 0.148438 0.704688 0.028125 0.028125
0 0.348438 0.648438 0.028125 0.028125
0 0.565625 0.053125 0.031250 0.031250
0 0.060937 0.754687 0.028125 0.028125
0 0.570312 0.440625 0.028125 0.031250
0 0.498437 0.909375 0.028125 0.031250
0 0.485938 0.667188 0.028125 0.028125
0 0.635938 0.893750 0.028125 0.031250
0 0.792188 0.812500 0.028125 0.031250
0 0.117188 0.815625 0.028125 0.025000
0 0.425000 0.760938 0.025000 0.028125
0 0.821875 0.468750 0.031250 0.031250
0 0.148438 0.770312 0.028125 0.028125
0 0.392188 0.539062 0.028125 0.028125
0 0.034375 0.737500 0.031250 0.031250
0 0.793750 0.160938 0.031250 0.028125
0 0.620313 0.323437 0.028125 0.028125
0 0.060937 0.851562 0.028125 0.028125
0 0.037500 0.642188 0.031250 0.028125
0 0.639062 0.348438 0.028125 0.028125
0 0.309375 0.893750 0.031250 0.031250
0 0.090625 0.768750 0.031250 0.031250
0 0.632812 0.926562 0.028125 0.028125
0 0.298438 0.614062 0.028125 0.028125
0 0.520312 0.507812 0.028125 0.028125
0 0.673438 0.251563 0.028125 0.028125
0 0.500000 0.284375 0.031250 0.031250
0 0.401562 0.507812 0.028125 0.028125
0 0.670312 0.342187 0.028125 0.028125
0 0.645312 0.515625 0.028125 0.031250
0 0.507812 0.748437 0.028125 0.028125
0 0.210938 0.260937 0.028125 0.028125
0 0.284375 0.587500 0.031250 0.031250
0 0.151562 0.643750 0.028125 0.031250
0 0.620313 0.373437 0.028125 0.028125
0 0.435937 0.498437 0.028125 0.028125
0 0.817187 0.921875 0.028125 0.031250
0 0.542188 0.529687 0.028125 0.028125
0 0.417187 0.364063 0.028125 0.028125
0 0.457813 0.648438 0.028125 0.028125
0 0.054688 0.300000 0.028125 0.031250
0 0.021875 0.437500 0.031250 0.031250
0 0.470313 0.925000 0.028125 0.031250
0 0.351562 0.290625 0.028125 0.031250
0 0.821875 0.659375 0.031250 0.031250
0 0.135937 0.048438 0.028125 0.028125
0 0.414062 0.476562 0.028125 0.028125
0 0.021875 0.309375 0.031250 0.031250
0 0.712500 0.153125 0.031250 0.031250
0 0.748437 0.951562 0.028125 0.028125
0 0.525000 0.310937 0.031250 0.028125
0 0.145313 0.801562 0.028125 0.028125
0 0.373437 0.634375 0.028125 0.031250
0 0.420312 0.248438 0.028125 0.028125
0 0.600000 0.300000 0.031250 0.031250
0 0.198437 0.893750 0.028125 0.031250
0 0.278125 0.973437 0.031250 0.028125
0 0.410938 0.392188 0.028125 0.028125
0 0.557813 0.876563 0.028125 0.028125
0 0.818750 0.890625 0.031250 0.031250
0 0.168750 0.040625 0.031250 0.031250
0 0.820312 0.564063 0.034375 0.034375
0 0.118750 0.784375 0.031250 0.031250
0 0.179688 0.182812 0.028125 0.028125
0 0.476562 0.462500 0.028125 0.031250
0 0.632812 0.120313 0.028125 0.028125
0 0.128125 0.251563 0.031250 0.028125
0 0.182812 0.268750 0.028125 0.031250
0 0.585938 0.796875 0.028125 0.031250
0 0.034375 0.770312 0.031250 0.028125
0 0.718750 0.939063 0.031250 0.028125
0 0.623437 0.564063 0.028125 0.028125
0 0.062500 0.659375 0.031250 0.031250
0 0.429688 0.695312 0.028125 0.028125
0 0.317188 0.664062 0.028125 0.028125
0 0.076563 0.323437 0.028125 0.028125
0 0.235937 0.654687 0.028125 0.028125
0 0.764062 0.923438 0.028125 0.028125
0 0.818750 0.828125 0.031250 0.031250
0 0.357812 0.460938 0.028125 0.028125
0 0.379688 0.400000 0.028125 0.031250
0 0.279687 0.042188 0.028125 0.028125
0 0.040625 0.364063 0.031250 0.028125
0 0.323437 0.632812 0.028125 0.028125
0 0.678125 0.517188 0.031250 0.028125
0 0.792188 0.779687 0.028125 0.028125
0 0.515625 0.425000 0.031250 0.031250
0 0.404687 0.307812 0.028125 0.028125
0 0.306250 0.957812 0.025000 0.028125
0 0.587500 0.076563 0.031250 0.028125
0 0.037500 0.673438 0.031250 0.028125
0 0.767188 0.696875 0.028125 0.031250
0 0.264062 0.279687 0.028125 0.028125
0 0.242188 0.540625 0.028125 0.031250
0 0.796875 0.415625 0.031250 0.031250
0 0.800000 0.126562 0.031250 0.028125
0 0.382812 0.570312 0.028125 0.028125
0 0.551562 0.501563 0.028125 0.028125
0 0.275000 0.248438 0.025000 0.028125
0 0.048438 0.415625 0.028125 0.031250
0 0.273438 0.535937 0.028125 0.028125
0 0.400000 0.682813 0.025000 0.028125
0 0.525000 0.592187 0.031250 0.028125
0 0.340625 0.878125 0.031250 0.031250
0 0.092188 0.378125 0.028125 0.031250
0 0.251563 0.592187 0.028125 0.028125
0 0.692187 0.276562 0.028125 0.028125
0 0.729688 0.320312 0.028125 0.028125
0 0.632812 0.957812 0.028125 0.028125
0 0.806250 0.293750 0.031250 0.031250
0 0.818750 0.859375 0.031250 0.031250
0 0.367188 0.429688 0.028125 0.028125
0 0.032813 0.900000 0.028125 0.031250
0 0.256250 0.860938 0.031250 0.028125
0 0.092188 0.607812 0.028125 0.028125
0 0.495312 0.398438 0.028125 0.028125
0 0.379688 0.482812 0.028125 0.028125
0 0.557813 0.782813 0.028125 0.028125
0 0.821875 0.596875 0.031250 0.031250
0 0.335938 0.235937 0.028125 0.028125
0 0.114062 0.025000 0.028125 0.031250
0 0.401562 0.420312 0.028125 0.028125
0 0.293750 0.100000 0.031250 0.031250
0 0.295312 0.273438 0.028125 0.028125
0 0.582812 0.495312 0.028125 0.028125
0 0.356250 0.168750 0.031250 0.031250
0 0.034375 0.931250 0.031250 0.031250
0 0.048438 0.112500 0.028125 0.031250
0 0.495312 0.971875 0.028125 0.031250
0 0.615625 0.018750 0.031250 0.031250
0 0.060937 0.626563 0.028125 0.028125
0 0.085938 0.292187 0.028125 0.028125
0 0.146875 0.018750 0.031250 0.031250
0 0.729688 0.023438 0.028125 0.028125
0 0.178125 0.626563 0.031250 0.028125
0 0.035937 0.706250 0.028125 0.031250
0 0.762500 0.015625 0.031250 0.031250
0 0.792188 0.323437 0.028125 0.028125
0 0.085938 0.867188 0.028125 0.028125
0 0.451562 0.745313 0.028125 0.028125
0 0.718750 0.971875 0.031250 0.031250
0 0.034375 0.609375 0.031250 0.031250
0 0.176563 0.717187 0.028125 0.028125
0 0.468750 0.956250 0.031250 0.031250
0 0.220312 0.057813 0.028125 0.028125
0 0.731250 0.176563 0.031250 0.028125
0 0.737500 0.450000 0.031250 0.031250
0 0.143750 0.834375 0.031250 0.031250
0 0.431250 0.415625 0.025000 0.025000
0 0.304688 0.154688 0.028125 0.028125
0 0.682813 0.142187 0.028125 0.028125
0 0.426563 0.726562 0.028125 0.028125
0 0.720313 0.207813 0.028125 0.028125
0 0.201563 0.764062 0.028125 0.028125
0 0.564063 0.556250 0.028125 0.031250
0 0.701562 0.029687 0.028125 0.028125
0 0.389062 0.368750 0.028125 0.031250
0 0.579688 0.759375 0.028125 0.031250
0 0.231250 0.620313 0.031250 0.028125
0 0.118750 0.282813 0.025000 0.028125
0 0.795312 0.514062 0.028125 0.028125
0 0.507812 0.457813 0.028125 0.028125
0 0.231250 0.843750 0.031250 0.031250
0 0.542188 0.029687 0.028125 0.028125
0 0.542188 0.676562 0.028125 0.028125
0 0.451562 0.779687 0.028125 0.028125
0 0.232813 0.717187 0.028125 0.028125
0 0.232813 0.748437 0.028125 0.028125
0 0.629687 0.293750 0.028125 0.031250
0 0.085938 0.206250 0.028125 0.031250
0 0.289062 0.712500 0.028125 0.025000
0 0.229687 0.026562 0.028125 0.028125
0 0.221875 0.517188 0.031250 0.028125
0 0.651563 0.145313 0.028125 0.028125
0 0.373437 0.514062 0.028125 0.028125
0 0.260937 0.732812 0.028125 0.028125
0 0.317188 0.698438 0.028125 0.028125
0 0.210938 0.545312 0.028125 0.028125
0 0.282813 0.876563 0.028125 0.028125
0 0.087500 0.407813 0.031250 0.028125
0 0.026562 0.025000 0.028125 0.031250
0 0.337500 0.435937 0.025000 0.028125
0 0.089063 0.739062 0.028125 0.028125
0 0.412500 0.190625 0.031250 0.031250
0 0.095312 0.173437 0.028125 0.028125
0 0.448437 0.242188 0.028125 0.028125
0 0.042188 0.218750 0.028125 0.031250
0 0.148438 0.273438 0.028125 0.028125
0 0.818750 0.950000 0.031250 0.031250
0 0.775000 0.965625 0.031250 0.031250
0 0.342187 0.845313 0.028125 0.028125
0 0.821875 0.354687 0.031250 0.034375
0 0.585938 0.248438 0.028125 0.028125
0 0.509375 0.215625 0.031250 0.031250
0 0.345313 0.407813 0.028125 0.028125
0 0.634375 0.176563 0.031250 0.028125
0 0.654687 0.315625 0.028125 0.031250
0 0.326562 0.467187 0.028125 0.028125
0 0.312500 0.860938 0.031250 0.028125
0 0.390625 0.162500 0.031250 0.031250
0 0.440625 0.939063 0.031250 0.028125
0 0.501563 0.070312 0.028125 0.028125
0 0.015625 0.403125 0.031250 0.031250
0 0.076563 0.150000 0.028125 0.031250
0 0.823438 0.321875 0.028125 0.031250
0 0.579688 0.104688 0.028125 0.028125
0 0.060937 0.882812 0.028125 0.028125
0 0.171875 0.881250 0.031250 0.031250
0 0.825000 0.090625 0.031250 0.031250
0 0.226562 0.317188 0.028125 0.028125
0 0.335938 0.910937 0.028125 0.028125
0 0.315625 0.123438 0.031250 0.028125
0 0.532813 0.060937 0.028125 0.028125
0 0.487500 0.432812 0.031250 0.028125
0 0.248438 0.340625 0.028125 0.031250
0 0.307812 0.528125 0.028125 0.031250
0 0.201563 0.292187 0.028125 0.028125
0 0.345313 0.681250 0.028125 0.025000
0 0.092188 0.673438 0.028125 0.028125
0 0.573438 0.523438 0.028125 0.028125
0 0.767188 0.498437 0.028125 0.028125
0 0.020313 0.092188 0.028125 0.028125
0 0.285938 0.504687 0.028125 0.028125
0 0.179688 0.467187 0.028125 0.028125
0 0.201563 0.576562 0.028125 0.028125
0 0.660937 0.285938 0.028125 0.028125
0 0.343750 0.714063 0.025000 0.028125
0 0.468750 0.078125 0.031250 0.031250
0 0.823438 0.239063 0.028125 0.028125
0 0.189062 0.437500 0.028125 0.025000
0 0.823438 0.268750 0.028125 0.031250
0 0.303125 0.065625 0.031250 0.031250
0 0.821875 0.209375 0.031250 0.031250
0 0.179688 0.659375 0.028125 0.031250
0 0.425000 0.217188 0.031250 0.028125
0 0.564063 0.226562 0.028125 0.028125
0 0.478125 0.229687 0.031250 0.028125
0 0.168750 0.975000 0.031250 0.031250
0 0.409375 0.096875 0.031250 0.031250
0 0.200000 0.606250 0.031250 0.031250
0 0.285938 0.748437 0.028125 0.028125
0 0.201563 0.492188 0.028125 0.028125
0 0.818750 0.734375 0.031250 0.031250
0 0.539062 0.206250 0.028125 0.031250
0 0.532813 0.767188 0.028125 0.028125
0 0.650000 0.231250 0.031250 0.031250
0 0.535937 0.175000 0.028125 0.031250
0 0.192188 0.523438 0.028125 0.028125
0 0.460938 0.112500 0.028125 0.031250
0 0.310937 0.035937 0.028125 0.028125
0 0.257812 0.310937 0.028125 0.028125
0 0.232813 0.685937 0.028125 0.028125
0 0.034375 0.965625 0.031250 0.031250
0 0.212500 0.462500 0.031250 0.031250
0 0.145313 0.867188 0.028125 0.028125
0 0.571875 0.134375 0.025000 0.025000
0 0.385937 0.073438 0.028125 0.028125
