0 0.626563 0.828125 0.028125 0.031250
0 0.368750 0.657813 0.031250 0.028125
0 0.085938 0.860938 0.034375 0.034375
0 0.401562 0.832812 0.028125 0.028125
0 0.515625 0.862500 0.031250 0.031250
0 0.081250 0.596875 0.031250 0.031250
0 0.109375 0.578125 0.031250 0.031250
0 0.562500 0.606250 0.031250 0.031250
0 0.528125 0.487500 0.031250 0.031250
0 0.565625 0.703125 0.031250 0.031250
0 0.614062 0.542188 0.028125 0.028125
0 0.251563 0.562500 0.028125 0.031250
0 0.745313 0.750000 0.028125 0.031250
0 0.543750 0.878125 0.031250 0.031250
0 0.448437 0.507812 0.028125 0.028125
0 0.706250 0.650000 0.031250 0.031250
0 0.546875 0.909375 0.031250 0.031250
0 0.448437 0.575000 0.028125 0.031250
0 0.517188 0.893750 0.028125 0.031250
0 0.443750 0.412500 0.031250 0.031250
0 0.198437 0.660937 0.028125 0.028125
0 0.112500 0.434375 0.031250 0.031250
0 0.668750 0.537500 0.031250 0.031250
0 0.370312 0.754687 0.028125 0.028125
0 0.215625 0.450000 0.031250 0.031250
0 0.131250 0.521875 0.031250 0.031250
0 0.659375 0.878125 0.031250 0.031250
0 0.657813 0.846875 0.028125 0.031250
0 0.656250 0.814063 0.031250 0.028125
0 0.178125 0.437500 0.031250 0.031250
0 0.584375 0.490625 0.031250 0.031250
0 0.176563 0.837500 0.028125 0.031250
0 0.531250 0.450000 0.031250 0.031250
0 0.196875 0.564063 0.031250 0.028125
0 0.056250 0.846875 0.031250 0.031250
0 0.646875 0.620313 0.031250 0.028125
0 0.559375 0.573438 0.031250 0.028125
0 0.651563 0.779687 0.028125 0.028125
0 0.087500 0.793750 0.031250 0.031250
0 0.514062 0.829688 0.028125 0.028125
0 0.628125 0.487500 0.031250 0.031250
0 0.689063 0.896875 0.034375 0.031250
0 0.190625 0.501563 0.031250 0.028125
0 0.201563 0.792188 0.028125 0.028125
0 0.309375 0.693750 0.031250 0.031250
0 0.629687 0.892188 0.028125 0.028125
0 0.745313 0.657813 0.028125 0.028125
0 0.253125 0.595313 0.031250 0.028125
0 0.170313 0.679688 0.028125 0.028125
0 0.790625 0.943750 0.031250 0.031250
0 0.512500 0.798438 0.031250 0.028125
0 0.520312 0.926562 0.028125 0.028125
0 0.651563 0.717187 0.028125 0.028125
0 0.631250 0.925000 0.031250 0.031250
0 0.173437 0.743750 0.028125 0.031250
0 0.239063 0.935937 0.028125 0.028125
0 0.178125 0.871875 0.031250 0.031250
0 0.117188 0.773438 0.028125 0.028125
0 0.307812 0.595313 0.028125 0.028125
0 0.600000 0.876563 0.031250 0.028125
0 0.746875 0.865625 0.031250 0.031250
0 0.628125 0.860938 0.031250 0.028125
0 0.195312 0.532813 0.028125 0.028125
0 0.596875 0.814063 0.031250 0.028125
0 0.221875 0.517188 0.031250 0.028125
0 0.218750 0.484375 0.031250 0.031250
0 0.207813 0.854688 0.028125 0.028125
0 0.317188 0.789062 0.028125 0.028125
0 0.456250 0.800000 0.031250 0.031250
0 0.168750 0.609375 0.031250 0.031250
0 0.595313 0.779687 0.028125 0.028125
0 0.137500 0.595313 0.031250 0.028125
0 0.534375 0.687500 0.031250 0.031250
0 0.595313 0.687500 0.028125 0.031250
0 0.676562 0.667188 0.028125 0.028125
0 0.373437 0.820312 0.028125 0.028125
0 0.198437 0.628125 0.028125 0.031250
0 0.093750 0.521875 0.031250 0.031250
0 0.706250 0.682813 0.031250 0.028125
0 0.057813 0.751563 0.028125 0.028125
0 0.245312 0.435937 0.028125 0.028125
0 0.556250 0.471875 0.031250 0.031250
0 0.415625 0.493750 0.031250 0.031250
0 0.370312 0.789062 0.028125 0.028125
0 0.550000 0.976562 0.031250 0.028125
0 0.789062 0.820312 0.028125 0.028125
0 0.489063 0.879687 0.028125 0.028125
0 0.304688 0.495312 0.028125 0.028125
0 0.485938 0.815625 0.028125 0.031250
0 0.057813 0.782813 0.028125 0.028125
0 0.050000 0.429688 0.031250 0.028125
0 0.232813 0.806250 0.028125 0.031250
0 0.623437 0.795312 0.028125 0.028125
0 0.662500 0.912500 0.031250 0.031250
0 0.423438 0.557813 0.028125 0.028125
0 0.478125 0.525000 0.031250 0.031250
0 0.425000 0.690625 0.031250 0.031250
0 0.575000 0.893750 0.031250 0.031250
0 0.385937 0.446875 0.028125 0.031250
0 0.085938 0.826562 0.028125 0.028125
0 0.370312 0.692187 0.028125 0.028125
0 0.703125 0.928125 0.031250 0.031250
0 0.720313 0.885938 0.028125 0.028125
0 0.707812 0.712500 0.028125 0.031250
0 0.395313 0.578125 0.028125 0.031250
0 0.131250 0.403125 0.031250 0.031250
0 0.200000 0.759375 0.031250 0.031250
0 0.148438 0.851562 0.028125 0.028125
0 0.428125 0.818750 0.031250 0.031250
0 0.531250 0.590625 0.031250 0.031250
0 0.450000 0.642188 0.031250 0.028125
0 0.093750 0.662500 0.031250 0.031250
0 0.398438 0.768750 0.028125 0.031250
0 0.367188 0.590625 0.028125 0.031250
0 0.131250 0.343750 0.031250 0.031250
0 0.564063 0.671875 0.028125 0.031250
0 0.143750 0.820312 0.031250 0.028125
0 0.553125 0.537500 0.031250 0.031250
0 0.565625 0.767188 0.031250 0.028125
0 0.354687 0.368750 0.028125 0.031250
0 0.500000 0.501563 0.031250 0.028125
0 0.570312 0.829688 0.028125 0.028125
0 0.056250 0.815625 0.031250 0.031250
0 0.118750 0.642188 0.031250 0.028125
0 0.504687 0.604688 0.028125 0.028125
0 0.510938 0.764062 0.028125 0.028125
0 0.604688 0.465625 0.028125 0.031250
0 0.712500 0.743750 0.031250 0.031250
0 0.246875 0.496875 0.031250 0.031250
0 0.603125 0.940625 0.031250 0.031250
0 0.198437 0.596875 0.028125 0.031250
0 0.457813 0.832812 0.028125 0.028125
0 0.479687 0.685937 0.028125 0.028125
0 0.193750 0.400000 0.031250 0.031250
0 0.645312 0.587500 0.028125 0.031250
0 0.167187 0.578125 0.028125 0.031250
0 0.043750 0.603125 0.031250 0.031250
0 0.456250 0.768750 0.031250 0.031250
0 0.734375 0.825000 0.031250 0.031250
0 0.598437 0.845313 0.028125 0.028125
0 0.529687 0.560937 0.028125 0.028125
0 0.731250 0.915625 0.031250 0.031250
0 0.575000 0.925000 0.031250 0.031250
0 0.384375 0.415625 0.031250 0.031250
0 0.078125 0.548438 0.031250 0.028125
0 0.168750 0.643750 0.031250 0.031250
0 0.648438 0.653125 0.028125 0.031250
0 0.482812 0.720313 0.028125 0.028125
0 0.567187 0.798438 0.028125 0.028125
0 0.537500 0.718750 0.031250 0.031250
0 0.414062 0.462500 0.028125 0.031250
0 0.432812 0.882812 0.028125 0.028125
0 0.107813 0.492188 0.028125 0.028125
0 0.507812 0.671875 0.028125 0.031250
0 0.417187 0.526563 0.028125 0.028125
0 0.143750 0.431250 0.031250 0.031250
0 0.740625 0.781250 0.031250 0.031250
0 0.623437 0.701562 0.028125 0.028125
0 0.581250 0.528125 0.031250 0.031250
0 0.239063 0.968750 0.028125 0.031250
0 0.571875 0.862500 0.031250 0.031250
0 0.342187 0.806250 0.028125 0.031250
0 0.173437 0.807813 0.028125 0.028125
0 0.307812 0.560937 0.028125 0.028125
0 0.676562 0.635938 0.028125 0.028125
0 0.043750 0.490625 0.031250 0.031250
0 0.595313 0.750000 0.028125 0.031250
0 0.075000 0.493750 0.031250 0.031250
0 0.206250 0.823438 0.031250 0.028125
0 0.395313 0.642188 0.028125 0.028125
0 0.578125 0.450000 0.031250 0.031250
0 0.326562 0.384375 0.028125 0.031250
0 0.662500 0.943750 0.031250 0.031250
0 0.481250 0.751563 0.031250 0.028125
0 0.423438 0.657813 0.028125 0.028125
0 0.501563 0.470313 0.028125 0.028125
0 0.123438 0.462500 0.028125 0.031250
0 0.473438 0.556250 0.028125 0.031250
0 0.539062 0.750000 0.028125 0.031250
0 0.548438 0.942187 0.028125 0.028125
0 0.473438 0.482812 0.028125 0.028125
0 0.642188 0.556250 0.028125 0.031250
0 0.137500 0.562500 0.031250 0.031250
0 0.709375 0.776563 0.031250 0.028125
0 0.534375 0.621875 0.031250 0.031250
0 0.715625 0.854688 0.031250 0.028125
0 0.678125 0.700000 0.031250 0.031250
0 0.329688 0.448437 0.028125 0.028125
0 0.259375 0.790625 0.025000 0.025000
0 0.673438 0.568750 0.028125 0.031250
0 0.087500 0.695312 0.031250 0.028125
0 0.357812 0.432812 0.028125 0.028125
0 0.489063 0.910937 0.028125 0.028125
0 0.226562 0.645312 0.028125 0.028125
0 0.282813 0.710938 0.028125 0.028125
0 0.507812 0.640625 0.028125 0.031250
0 0.501563 0.437500 0.028125 0.031250
0 0.415625 0.429688 0.031250 0.028125
0 0.329688 0.417187 0.028125 0.028125
0 0.229687 0.775000 0.028125 0.031250
0 0.340625 0.712500 0.031250 0.031250
0 0.448437 0.607812 0.028125 0.028125
0 0.460938 0.898438 0.028125 0.028125
0 0.198437 0.695312 0.028125 0.028125
0 0.142187 0.664062 0.028125 0.028125
0 0.703125 0.615625 0.031250 0.031250
0 0.259375 0.821875 0.025000 0.025000
0 0.398438 0.737500 0.028125 0.031250
0 0.457813 0.867188 0.028125 0.028125
0 0.079687 0.434375 0.028125 0.031250
0 0.370312 0.723437 0.028125 0.028125
0 0.650000 0.750000 0.031250 0.031250
0 0.065625 0.401562 0.031250 0.028125
0 0.110937 0.610938 0.028125 0.028125
0 0.640625 0.521875 0.031250 0.031250
0 0.448437 0.539062 0.028125 0.028125
0 0.057813 0.575000 0.028125 0.031250
0 0.307812 0.659375 0.028125 0.031250
0 0.609375 0.510938 0.031250 0.028125
0 0.604688 0.973437 0.028125 0.028125
0 0.276562 0.514062 0.028125 0.028125
0 0.285938 0.806250 0.028125 0.031250
0 0.395313 0.607812 0.028125 0.028125
0 0.540625 0.814063 0.031250 0.028125
0 0.364063 0.498437 0.028125 0.028125
0 0.650000 0.685937 0.031250 0.028125
0 0.062500 0.659375 0.031250 0.031250
0 0.029687 0.898438 0.028125 0.028125
0 0.431250 0.851562 0.031250 0.028125
0 0.425000 0.721875 0.031250 0.031250
0 0.165625 0.548438 0.031250 0.028125
0 0.143750 0.757812 0.031250 0.028125
0 0.401562 0.867188 0.028125 0.028125
0 0.475000 0.453125 0.031250 0.031250
0 0.346875 0.868750 0.025000 0.025000
0 0.143750 0.726562 0.025000 0.028125
0 0.079687 0.931250 0.028125 0.031250
0 0.623437 0.764062 0.028125 0.028125
0 0.370312 0.623437 0.028125 0.028125
0 0.107813 0.546875 0.028125 0.031250
0 0.332813 0.479687 0.028125 0.028125
0 0.623437 0.732812 0.028125 0.028125
0 0.475000 0.418750 0.031250 0.031250
0 0.398438 0.706250 0.028125 0.031250
0 0.485938 0.848437 0.028125 0.028125
0 0.342187 0.773438 0.028125 0.028125
0 0.089063 0.760938 0.028125 0.028125
0 0.567187 0.735938 0.028125 0.028125
0 0.765625 0.690625 0.031250 0.031250
0 0.357812 0.464062 0.028125 0.028125
0 0.620313 0.670312 0.028125 0.028125
0 0.501563 0.575000 0.028125 0.031250
0 0.525000 0.520312 0.031250 0.028125
0 0.362500 0.526563 0.031250 0.028125
0 0.781250 0.787500 0.031250 0.031250
0 0.053125 0.631250 0.031250 0.031250
0 0.490625 0.975000 0.031250 0.031250
0 0.451562 0.673438 0.028125 0.028125
0 0.389062 0.479687 0.028125 0.028125
0 0.790625 0.853125 0.031250 0.031250
0 0.662500 0.975000 0.031250 0.031250
0 0.679688 0.760938 0.028125 0.028125
0 0.687500 0.860938 0.031250 0.028125
0 0.756250 0.807813 0.031250 0.028125
0 0.085938 0.726562 0.028125 0.028125
0 0.454688 0.735938 0.028125 0.028125
0 0.157812 0.462500 0.028125 0.031250
0 0.100000 0.343750 0.031250 0.031250
0 0.345313 0.837500 0.028125 0.025000
0 0.520312 0.957812 0.028125 0.028125
0 0.256250 0.693750 0.031250 0.031250
0 0.443750 0.443750 0.031250 0.031250
0 0.339062 0.631250 0.028125 0.031250
0 0.592187 0.623437 0.028125 0.028125
0 0.284375 0.742188 0.031250 0.028125
0 0.703125 0.584375 0.031250 0.031250
0 0.210938 0.885938 0.028125 0.028125
0 0.398438 0.675000 0.028125 0.031250
0 0.562500 0.637500 0.031250 0.031250
0 0.682813 0.729688 0.028125 0.028125
0 0.631250 0.956250 0.031250 0.031250
0 0.453125 0.706250 0.031250 0.031250
0 0.054688 0.914062 0.028125 0.028125
0 0.117188 0.681250 0.028125 0.031250
0 0.759375 0.896875 0.031250 0.031250
0 0.404687 0.898438 0.028125 0.028125
0 0.221875 0.546875 0.031250 0.031250
0 0.270313 0.385937 0.028125 0.028125
0 0.731250 0.628125 0.031250 0.031250
0 0.243750 0.404687 0.031250 0.028125
0 0.346875 0.900000 0.025000 0.025000
0 0.162500 0.403125 0.031250 0.031250
0 0.412500 0.396875 0.031250 0.031250
0 0.332813 0.509375 0.028125 0.031250
0 0.278125 0.546875 0.031250 0.031250
0 0.479687 0.654687 0.028125 0.028125
0 0.257812 0.759375 0.028125 0.031250
0 0.170313 0.710938 0.028125 0.028125
0 0.114062 0.885938 0.028125 0.028125
0 0.056250 0.720313 0.031250 0.028125
0 0.114062 0.807813 0.028125 0.028125
0 0.306250 0.626563 0.031250 0.028125
0 0.587500 0.559375 0.031250 0.031250
0 0.267188 0.951562 0.028125 0.028125
0 0.031250 0.459375 0.031250 0.031250
0 0.468750 0.384375 0.031250 0.031250
0 0.212500 0.917188 0.025000 0.028125
0 0.426563 0.753125 0.028125 0.031250
0 0.476562 0.590625 0.028125 0.031250
0 0.142187 0.492188 0.028125 0.028125
0 0.373437 0.853125 0.028125 0.031250
0 0.026562 0.518750 0.028125 0.031250
0 0.764062 0.839063 0.028125 0.028125
0 0.301563 0.434375 0.028125 0.031250
0 0.592187 0.654687 0.028125 0.028125
0 0.542188 0.846875 0.028125 0.031250
0 0.087500 0.629687 0.031250 0.028125
0 0.420312 0.623437 0.028125 0.028125
0 0.760938 0.929688 0.028125 0.028125
0 0.164062 0.343750 0.028125 0.031250
0 0.235937 0.870313 0.028125 0.028125
0 0.082812 0.898438 0.028125 0.028125
0 0.815625 0.803125 0.031250 0.031250
0 0.276562 0.482812 0.028125 0.028125
0 0.025000 0.573438 0.031250 0.028125
0 0.189062 0.467187 0.028125 0.028125
0 0.539062 0.782813 0.028125 0.028125
0 0.429688 0.784375 0.028125 0.031250
0 0.809375 0.771875 0.031250 0.031250
0 0.245312 0.467187 0.028125 0.028125
0 0.525000 0.412500 0.031250 0.031250
0 0.301563 0.401562 0.028125 0.028125
0 0.310937 0.757812 0.028125 0.028125
0 0.678125 0.796875 0.031250 0.031250
0 0.675000 0.601562 0.031250 0.028125
0 0.253125 0.626563 0.031250 0.028125
0 0.226562 0.676562 0.028125 0.028125
0 0.462500 0.929688 0.031250 0.028125
0 0.400000 0.800000 0.031250 0.031250
0 0.437500 0.375000 0.031250 0.031250
0 0.028125 0.865625 0.031250 0.031250
0 0.021875 0.634375 0.031250 0.031250
0 0.223438 0.578125 0.028125 0.031250
0 0.145313 0.376563 0.028125 0.028125
0 0.420312 0.593750 0.028125 0.031250
0 0.684375 0.829688 0.031250 0.028125
0 0.553125 0.506250 0.031250 0.031250
0 0.484375 0.784375 0.031250 0.031250
0 0.617188 0.573438 0.028125 0.028125
0 0.357812 0.400000 0.028125 0.031250
0 0.090625 0.465625 0.031250 0.031250
0 0.056250 0.882812 0.031250 0.028125
0 0.534375 0.654687 0.031250 0.028125
0 0.776563 0.757812 0.028125 0.028125
0 0.143750 0.626563 0.031250 0.028125
0 0.028125 0.831250 0.031250 0.031250
0 0.068750 0.343750 0.031250 0.031250
0 0.503125 0.545312 0.031250 0.028125
0 0.603125 0.909375 0.031250 0.031250
0 0.368750 0.560937 0.031250 0.028125
0 0.281250 0.676562 0.031250 0.028125
0 0.707812 0.807813 0.028125 0.028125
0 0.226562 0.612500 0.028125 0.031250
0 0.298438 0.370312 0.028125 0.028125
0 0.148438 0.789062 0.028125 0.028125
0 0.595313 0.717187 0.028125 0.028125
0 0.050000 0.373437 0.031250 0.028125
0 0.034375 0.400000 0.031250 0.031250
0 0.339062 0.743750 0.028125 0.031250
0 0.239063 0.901563 0.028125 0.028125
0 0.273438 0.451562 0.028125 0.028125
0 0.262500 0.853125 0.031250 0.031250
0 0.325000 0.353125 0.031250 0.031250
0 0.592187 0.592187 0.028125 0.028125
0 0.285938 0.773438 0.028125 0.028125
0 0.114062 0.710938 0.028125 0.028125
0 0.335938 0.542188 0.028125 0.028125
0 0.348438 0.932813 0.028125 0.028125
0 0.146875 0.881250 0.031250 0.031250
0 0.620313 0.639062 0.028125 0.028125
0 0.145313 0.695312 0.028125 0.028125
0 0.215625 0.421875 0.031250 0.031250
0 0.179688 0.370312 0.028125 0.028125
0 0.320312 0.951562 0.028125 0.028125
0 0.117188 0.839063 0.028125 0.028125
0 0.768750 0.726562 0.031250 0.028125
0 0.279687 0.607812 0.028125 0.028125
0 0.164062 0.517188 0.028125 0.028125
0 0.254688 0.662500 0.028125 0.031250
0 0.492188 0.945312 0.028125 0.028125
0 0.690625 0.959375 0.031250 0.031250
0 0.135937 0.935937 0.028125 0.028125
0 0.735938 0.689063 0.028125 0.028125
0 0.818750 0.834375 0.031250 0.031250
0 0.392188 0.542188 0.028125 0.028125
0 0.304688 0.529687 0.028125 0.028125
0 0.210938 0.951562 0.028125 0.028125
0 0.196875 0.342187 0.025000 0.028125
0 0.037500 0.343750 0.031250 0.031250
0 0.376563 0.882812 0.028125 0.028125
0 0.295312 0.337500 0.028125 0.031250
0 0.185938 0.935937 0.028125 0.028125
0 0.578125 0.957812 0.031250 0.028125
0 0.228125 0.342187 0.031250 0.028125
0 0.057813 0.520312 0.028125 0.028125
0 0.478125 0.625000 0.031250 0.031250
0 0.028125 0.798438 0.031250 0.028125
0 0.507812 0.701562 0.028125 0.028125
0 0.279687 0.576562 0.028125 0.028125
0 0.376563 0.915625 0.028125 0.025000
0 0.384375 0.382812 0.031250 0.028125
0 0.301563 0.464062 0.028125 0.028125
0 0.212500 0.373437 0.031250 0.028125
0 0.264062 0.885938 0.028125 0.028125
0 0.248438 0.529687 0.028125 0.028125
0 0.407813 0.365625 0.028125 0.031250
0 0.762500 0.960938 0.031250 0.028125
0 0.821875 0.962500 0.031250 0.031250
0 0.732812 0.946875 0.028125 0.031250
0 0.790625 0.975000 0.031250 0.031250
0 0.042188 0.545312 0.028125 0.028125
0 0.226562 0.707812 0.028125 0.028125
0 0.242188 0.370312 0.028125 0.028125
0 0.803125 0.740625 0.031250 0.031250
0 0.431250 0.914062 0.025000 0.028125
0 0.496875 0.396875 0.031250 0.031250
0 0.281250 0.643750 0.031250 0.031250
0 0.267188 0.348438 0.028125 0.028125
0 0.264062 0.917188 0.028125 0.028125
0 0.051562 0.948438 0.028125 0.028125
0 0.160938 0.951562 0.028125 0.028125
0 0.337500 0.601562 0.031250 0.028125
0 0.340625 0.681250 0.031250 0.031250
0 0.114062 0.375000 0.028125 0.031250
0 0.553125 0.428125 0.031250 0.031250
0 0.156250 0.914062 0.031250 0.028125
0 0.114062 0.743750 0.028125 0.031250
0 0.184375 0.903125 0.031250 0.031250
0 0.778125 0.659375 0.031250 0.031250
0 0.339062 0.571875 0.028125 0.031250
0 0.229687 0.742188 0.028125 0.028125
0 0.107813 0.917188 0.028125 0.028125
0 0.317188 0.821875 0.028125 0.025000
0 0.273438 0.417187 0.028125 0.028125
0 0.254688 0.726562 0.028125 0.028125
0 0.293750 0.968750 0.031250 0.031250
0 0.018750 0.431250 0.031250 0.031250
0 0.818750 0.865625 0.031250 0.031250
0 0.321875 0.917188 0.025000 0.028125
0 0.787500 0.887500 0.031250 0.031250
0 0.084375 0.314063 0.031250 0.034375
0 0.018750 0.371875 0.031250 0.031250
0 0.310937 0.726562 0.028125 0.028125
0 0.184375 0.970313 0.031250 0.028125
0 0.198437 0.726562 0.028125 0.028125
0 0.462500 0.962500 0.031250 0.031250
0 0.818750 0.928125 0.031250 0.031250
0 0.739062 0.720313 0.028125 0.028125
0 0.765625 0.631250 0.031250 0.031250
0 0.698438 0.521875 0.028125 0.031250
0 0.295312 0.932813 0.028125 0.028125
0 0.445312 0.476562 0.028125 0.028125
0 0.375000 0.346875 0.031250 0.031250
0 0.718750 0.546875 0.031250 0.031250
0 0.389062 0.514062 0.028125 0.028125
0 0.084375 0.375000 0.031250 0.031250
0 0.098437 0.403125 0.028125 0.031250
0 0.528125 0.378125 0.031250 0.031250
0 0.818750 0.896875 0.031250 0.031250
0 0.026562 0.932813 0.028125 0.028125
0 0.348438 0.964063 0.028125 0.028125
0 0.734375 0.573438 0.031250 0.028125
0 0.034375 0.671875 0.031250 0.031250
0 0.718750 0.975000 0.031250 0.031250
0 0.232813 0.842187 0.028125 0.028125
0 0.378125 0.948438 0.031250 0.028125
0 0.606250 0.431250 0.031250 0.031250
0 0.150000 0.314063 0.031250 0.034375
0 0.060937 0.462500 0.028125 0.031250
0 0.793750 0.709375 0.031250 0.031250
0 0.323437 0.320312 0.034375 0.034375
0 0.029687 0.735938 0.028125 0.028125
0 0.437500 0.340625 0.031250 0.031250
0 0.631250 0.450000 0.031250 0.031250
0 0.057813 0.689063 0.028125 0.028125
0 0.028125 0.767188 0.031250 0.028125
0 0.676562 0.498437 0.034375 0.034375
0 0.115625 0.312500 0.031250 0.031250
0 0.175000 0.776563 0.025000 0.028125
0 0.053125 0.314063 0.031250 0.034375
0 0.510938 0.732812 0.028125 0.028125
0 0.020313 0.314063 0.034375 0.034375
0 0.553125 0.393750 0.031250 0.031250
0 0.435937 0.976562 0.028125 0.028125
0 0.029687 0.701562 0.028125 0.028125
0 0.014063 0.492188 0.028125 0.028125
