0 0.646875 0.940625 0.031250 0.031250
0 0.418750 0.412500 0.031250 0.031250
0 0.406250 0.718750 0.031250 0.031250
0 0.671875 0.706250 0.031250 0.031250
0 0.707812 0.648438 0.028125 0.028125
0 0.609375 0.937500 0.031250 0.031250
0 0.535937 0.601562 0.028125 0.028125
0 0.532813 0.865625 0.028125 0.031250
0 0.468750 0.759375 0.031250 0.031250
0 0.657813 0.678125 0.028125 0.031250
0 0.700000 0.762500 0.031250 0.031250
0 0.450000 0.407813 0.031250 0.028125
0 0.484375 0.407813 0.031250 0.028125
0 0.151562 0.948438 0.028125 0.028125
0 0.600000 0.600000 0.031250 0.031250
0 0.504687 0.882812 0.028125 0.028125
0 0.642188 0.648438 0.028125 0.028125
0 0.564063 0.921875 0.028125 0.031250
0 0.609375 0.653125 0.031250 0.031250
0 0.568750 0.604688 0.031250 0.028125
0 0.709375 0.704688 0.031250 0.028125
0 0.382812 0.410938 0.028125 0.028125
0 0.687500 0.793750 0.031250 0.031250
0 0.690625 0.562500 0.031250 0.031250
0 0.023438 0.900000 0.028125 0.031250
0 0.134375 0.920312 0.031250 0.028125
0 0.604688 0.710938 0.028125 0.028125
0 0.656250 0.737500 0.031250 0.031250
0 0.326562 0.859375 0.028125 0.031250
0 0.132812 0.976562 0.028125 0.028125
0 0.454688 0.800000 0.028125 0.031250
0 0.246875 0.890625 0.031250 0.031250
0 0.578125 0.881250 0.031250 0.031250
0 0.689063 0.734375 0.028125 0.031250
0 0.484375 0.787500 0.031250 0.031250
0 0.439063 0.773438 0.028125 0.028125
0 0.073438 0.609375 0.028125 0.031250
0 0.487500 0.854688 0.031250 0.028125
0 0.259375 0.692187 0.031250 0.028125
0 0.657813 0.565625 0.028125 0.031250
0 0.517188 0.840625 0.028125 0.031250
0 0.671875 0.823438 0.031250 0.028125
0 0.792188 0.834375 0.028125 0.031250
0 0.525000 0.739062 0.031250 0.028125
0 0.543750 0.825000 0.031250 0.031250
0 0.225000 0.696875 0.031250 0.031250
0 0.359375 0.803125 0.031250 0.031250
0 0.123438 0.579688 0.028125 0.028125
0 0.440625 0.603125 0.031250 0.031250
0 0.276562 0.776563 0.028125 0.028125
0 0.404687 0.550000 0.028125 0.031250
0 0.357812 0.690625 0.028125 0.031250
0 0.292187 0.750000 0.028125 0.031250
0 0.556250 0.739062 0.031250 0.028125
0 0.657813 0.853125 0.028125 0.031250
0 0.709375 0.912500 0.031250 0.031250
0 0.675000 0.648438 0.031250 0.028125
0 0.357812 0.578125 0.028125 0.031250
0 0.689063 0.676562 0.028125 0.028125
0 0.718750 0.792188 0.031250 0.028125
0 0.121875 0.634375 0.031250 0.031250
0 0.389062 0.745313 0.028125 0.028125
0 0.709375 0.878125 0.031250 0.031250
0 0.310937 0.831250 0.028125 0.031250
0 0.221875 0.632812 0.031250 0.028125
0 0.653125 0.975000 0.031250 0.031250
0 0.292187 0.804688 0.028125 0.028125
0 0.593750 0.853125 0.031250 0.031250
0 0.637500 0.712500 0.031250 0.031250
0 0.239063 0.604688 0.028125 0.028125
0 0.425000 0.743750 0.031250 0.031250
0 0.640625 0.823438 0.031250 0.028125
0 0.470313 0.493750 0.028125 0.031250
0 0.618750 0.568750 0.031250 0.031250
0 0.404687 0.775000 0.028125 0.031250
0 0.189062 0.632812 0.028125 0.028125
0 0.556250 0.682813 0.031250 0.028125
0 0.609375 0.879687 0.031250 0.028125
0 0.425000 0.857812 0.031250 0.028125
0 0.343750 0.831250 0.031250 0.031250
0 0.548438 0.456250 0.028125 0.031250
0 0.173437 0.439063 0.028125 0.028125
0 0.623437 0.793750 0.028125 0.031250
0 0.295312 0.860938 0.028125 0.028125
0 0.326562 0.915625 0.028125 0.031250
0 0.573438 0.767188 0.028125 0.028125
0 0.025000 0.635938 0.031250 0.028125
0 0.471875 0.884375 0.031250 0.031250
0 0.654687 0.795312 0.028125 0.028125
0 0.673438 0.882812 0.028125 0.028125
0 0.535937 0.546875 0.028125 0.031250
0 0.548438 0.893750 0.028125 0.031250
0 0.164062 0.807813 0.028125 0.028125
0 0.626563 0.909375 0.028125 0.031250
0 0.340625 0.775000 0.031250 0.031250
0 0.489063 0.629687 0.028125 0.028125
0 0.157812 0.409375 0.028125 0.031250
0 0.557813 0.795312 0.028125 0.028125
0 0.303125 0.443750 0.031250 0.031250
0 0.157812 0.576562 0.028125 0.028125
0 0.662500 0.618750 0.031250 0.031250
0 0.229687 0.806250 0.028125 0.031250
0 0.257812 0.748437 0.028125 0.028125
0 0.589063 0.739062 0.028125 0.028125
0 0.190625 0.410938 0.031250 0.028125
0 0.179688 0.779687 0.028125 0.028125
0 0.385937 0.523438 0.028125 0.028125
0 0.754687 0.789062 0.028125 0.028125
0 0.500000 0.814063 0.031250 0.028125
0 0.709375 0.589063 0.031250 0.028125
0 0.315625 0.662500 0.031250 0.031250
0 0.276562 0.832812 0.028125 0.028125
0 0.389062 0.576562 0.028125 0.028125
0 0.456250 0.910937 0.031250 0.028125
0 0.637500 0.596875 0.031250 0.031250
0 0.656250 0.907813 0.031250 0.028125
0 0.507812 0.712500 0.028125 0.031250
0 0.095312 0.523438 0.028125 0.028125
0 0.195312 0.751563 0.028125 0.028125
0 0.229687 0.917188 0.028125 0.028125
0 0.042188 0.609375 0.028125 0.031250
0 0.409375 0.657813 0.031250 0.028125
0 0.357812 0.914062 0.028125 0.028125
0 0.157812 0.635938 0.028125 0.028125
0 0.603125 0.540625 0.031250 0.031250
0 0.492188 0.740625 0.028125 0.031250
0 0.293750 0.912500 0.031250 0.031250
0 0.206250 0.384375 0.031250 0.031250
0 0.421875 0.523438 0.031250 0.028125
0 0.092188 0.409375 0.028125 0.031250
0 0.118750 0.948438 0.031250 0.028125
0 0.056250 0.898438 0.031250 0.028125
0 0.454688 0.520312 0.028125 0.028125
0 0.423438 0.629687 0.028125 0.028125
0 0.570312 0.710938 0.028125 0.028125
0 0.248438 0.942187 0.028125 0.028125
0 0.371875 0.718750 0.031250 0.031250
0 0.420312 0.801562 0.028125 0.028125
0 0.167187 0.920312 0.028125 0.028125
0 0.739062 0.898438 0.028125 0.028125
0 0.439063 0.714063 0.028125 0.028125
0 0.690625 0.851562 0.031250 0.028125
0 0.101562 0.810937 0.028125 0.028125
0 0.139063 0.606250 0.028125 0.031250
0 0.671875 0.537500 0.031250 0.031250
0 0.509375 0.768750 0.031250 0.031250
0 0.060937 0.407813 0.028125 0.028125
0 0.029687 0.407813 0.028125 0.028125
0 0.071875 0.925000 0.031250 0.031250
0 0.473438 0.712500 0.028125 0.031250
0 0.359375 0.746875 0.031250 0.031250
0 0.170313 0.606250 0.028125 0.031250
0 0.278125 0.943750 0.031250 0.031250
0 0.620313 0.739062 0.028125 0.028125
0 0.737500 0.865625 0.031250 0.031250
0 0.579688 0.453125 0.028125 0.031250
0 0.087500 0.951562 0.031250 0.028125
0 0.721875 0.676562 0.031250 0.028125
0 0.065625 0.696875 0.031250 0.031250
0 0.540625 0.710938 0.031250 0.028125
0 0.342187 0.885938 0.028125 0.028125
0 0.345313 0.660937 0.028125 0.028125
0 0.260937 0.804688 0.028125 0.028125
0 0.634375 0.540625 0.031250 0.031250
0 0.795312 0.901563 0.028125 0.028125
0 0.626563 0.681250 0.028125 0.031250
0 0.565625 0.485938 0.031250 0.028125
0 0.676562 0.592187 0.028125 0.028125
0 0.423438 0.685937 0.028125 0.028125
0 0.439063 0.548438 0.028125 0.028125
0 0.310937 0.775000 0.028125 0.031250
0 0.432812 0.440625 0.028125 0.031250
0 0.740625 0.646875 0.031250 0.031250
0 0.582812 0.510938 0.028125 0.028125
0 0.345313 0.942187 0.028125 0.028125
0 0.485938 0.520312 0.028125 0.028125
0 0.576562 0.823438 0.028125 0.028125
0 0.406250 0.601562 0.031250 0.028125
0 0.504687 0.601562 0.028125 0.028125
0 0.148438 0.781250 0.028125 0.031250
0 0.521875 0.909375 0.031250 0.031250
0 0.085938 0.893750 0.028125 0.031250
0 0.275000 0.606250 0.031250 0.031250
0 0.439063 0.826562 0.028125 0.028125
0 0.039062 0.870313 0.028125 0.028125
0 0.095312 0.351562 0.028125 0.028125
0 0.257812 0.578125 0.028125 0.031250
0 0.523438 0.682813 0.028125 0.028125
0 0.073438 0.664062 0.028125 0.028125
0 0.609375 0.823438 0.031250 0.028125
0 0.473438 0.826562 0.028125 0.028125
0 0.439063 0.882812 0.028125 0.028125
0 0.389062 0.801562 0.028125 0.028125
0 0.142187 0.550000 0.028125 0.031250
0 0.778125 0.765625 0.031250 0.031250
0 0.181250 0.835938 0.025000 0.028125
0 0.454688 0.854688 0.028125 0.028125
0 0.489063 0.685937 0.028125 0.028125
0 0.254688 0.634375 0.028125 0.031250
0 0.326562 0.748437 0.028125 0.028125
0 0.682813 0.925000 0.028125 0.031250
0 0.467187 0.437500 0.028125 0.031250
0 0.389062 0.685937 0.028125 0.028125
0 0.328125 0.634375 0.031250 0.031250
0 0.432812 0.381250 0.028125 0.031250
0 0.568750 0.653125 0.031250 0.031250
0 0.506250 0.432812 0.031250 0.028125
0 0.276562 0.720313 0.028125 0.028125
0 0.164062 0.864062 0.028125 0.028125
0 0.704688 0.821875 0.028125 0.031250
0 0.756250 0.675000 0.031250 0.031250
0 0.132812 0.867188 0.028125 0.028125
0 0.468750 0.378125 0.031250 0.031250
0 0.795312 0.867188 0.028125 0.028125
0 0.721875 0.618750 0.031250 0.031250
0 0.076563 0.495312 0.028125 0.028125
0 0.473438 0.601562 0.028125 0.028125
0 0.823438 0.948438 0.028125 0.028125
0 0.167187 0.975000 0.028125 0.031250
0 0.342187 0.720313 0.028125 0.028125
0 0.725000 0.556250 0.031250 0.031250
0 0.340625 0.604688 0.031250 0.028125
0 0.092188 0.467187 0.028125 0.028125
0 0.123438 0.467187 0.028125 0.028125
0 0.710938 0.945312 0.028125 0.028125
0 0.376563 0.659375 0.028125 0.031250
0 0.175000 0.550000 0.031250 0.031250
0 0.109375 0.439063 0.031250 0.028125
0 0.304688 0.551562 0.028125 0.028125
0 0.151562 0.892188 0.028125 0.028125
0 0.348438 0.414062 0.028125 0.028125
0 0.642188 0.879687 0.028125 0.028125
0 0.401562 0.385937 0.028125 0.028125
0 0.484375 0.464062 0.031250 0.028125
0 0.304688 0.495312 0.028125 0.028125
0 0.457813 0.685937 0.028125 0.028125
0 0.200000 0.975000 0.031250 0.031250
0 0.254688 0.525000 0.028125 0.031250
0 0.107813 0.550000 0.028125 0.031250
0 0.526563 0.796875 0.028125 0.031250
0 0.373437 0.604688 0.028125 0.028125
0 0.767188 0.915625 0.028125 0.031250
0 0.587500 0.681250 0.031250 0.031250
0 0.537500 0.428125 0.031250 0.031250
0 0.289062 0.526563 0.028125 0.028125
0 0.173437 0.384375 0.028125 0.031250
0 0.589063 0.628125 0.028125 0.031250
0 0.734375 0.762500 0.031250 0.031250
0 0.046875 0.495312 0.031250 0.028125
0 0.593750 0.907813 0.031250 0.028125
0 0.520312 0.573438 0.028125 0.028125
0 0.301563 0.382812 0.028125 0.028125
0 0.270313 0.496875 0.028125 0.031250
0 0.532813 0.490625 0.028125 0.031250
0 0.085938 0.839063 0.028125 0.028125
0 0.501563 0.492188 0.028125 0.028125
0 0.504687 0.545312 0.028125 0.028125
0 0.078125 0.439063 0.031250 0.028125
0 0.206250 0.439063 0.031250 0.028125
0 0.206250 0.551562 0.031250 0.028125
0 0.231250 0.859375 0.031250 0.031250
0 0.423438 0.968750 0.028125 0.031250
0 0.065625 0.756250 0.031250 0.031250
0 0.210938 0.832812 0.028125 0.028125
0 0.204687 0.604688 0.028125 0.028125
0 0.375000 0.773438 0.031250 0.028125
0 0.639062 0.767188 0.028125 0.028125
0 0.515625 0.462500 0.031250 0.031250
0 0.221875 0.525000 0.031250 0.031250
0 0.556250 0.573438 0.031250 0.028125
0 0.520312 0.628125 0.028125 0.031250
0 0.043750 0.437500 0.031250 0.031250
0 0.650000 0.512500 0.031250 0.031250
0 0.095312 0.696875 0.028125 0.031250
0 0.360938 0.971875 0.028125 0.031250
0 0.239063 0.551562 0.028125 0.028125
0 0.054688 0.840625 0.028125 0.031250
0 0.518750 0.517188 0.031250 0.028125
0 0.040625 0.665625 0.031250 0.031250
0 0.357812 0.857812 0.028125 0.028125
0 0.092188 0.579688 0.028125 0.028125
0 0.060937 0.576562 0.028125 0.028125
0 0.592187 0.795312 0.028125 0.028125
0 0.670312 0.767188 0.028125 0.028125
0 0.734375 0.834375 0.031250 0.031250
0 0.268750 0.443750 0.031250 0.031250
0 0.021875 0.843750 0.031250 0.031250
0 0.125000 0.410938 0.031250 0.028125
0 0.821875 0.851562 0.031250 0.034375
0 0.562500 0.853125 0.031250 0.031250
0 0.568750 0.543750 0.031250 0.031250
0 0.504687 0.657813 0.028125 0.028125
0 0.196875 0.665625 0.031250 0.031250
0 0.101562 0.867188 0.028125 0.028125
0 0.384375 0.468750 0.031250 0.031250
0 0.104688 0.665625 0.028125 0.031250
0 0.423438 0.576562 0.028125 0.028125
0 0.587500 0.567187 0.031250 0.028125
0 0.323437 0.801562 0.028125 0.028125
0 0.551562 0.517188 0.028125 0.028125
0 0.720313 0.734375 0.028125 0.031250
0 0.212500 0.779687 0.031250 0.028125
0 0.823438 0.917188 0.028125 0.028125
0 0.284375 0.662500 0.031250 0.031250
0 0.310937 0.940625 0.028125 0.031250
0 0.029687 0.351562 0.028125 0.028125
0 0.234375 0.975000 0.031250 0.031250
0 0.765625 0.704688 0.031250 0.034375
0 0.223438 0.353125 0.028125 0.031250
0 0.335938 0.440625 0.028125 0.031250
0 0.626563 0.853125 0.028125 0.031250
0 0.239063 0.498437 0.028125 0.028125
0 0.351562 0.468750 0.028125 0.031250
0 0.456250 0.629687 0.031250 0.028125
0 0.101562 0.920312 0.028125 0.028125
0 0.678125 0.959375 0.031250 0.031250
0 0.407813 0.882812 0.028125 0.028125
0 0.081250 0.725000 0.031250 0.031250
0 0.367188 0.440625 0.028125 0.031250
0 0.489063 0.910937 0.028125 0.028125
0 0.142187 0.495312 0.028125 0.028125
0 0.242188 0.776563 0.028125 0.028125
0 0.190625 0.523438 0.031250 0.028125
0 0.228125 0.664062 0.031250 0.028125
0 0.228125 0.750000 0.031250 0.031250
0 0.110937 0.379688 0.028125 0.028125
0 0.206250 0.495312 0.031250 0.028125
0 0.117188 0.835938 0.028125 0.028125
0 0.237500 0.439063 0.031250 0.028125
0 0.600000 0.481250 0.031250 0.031250
0 0.139063 0.439063 0.028125 0.028125
0 0.328125 0.968750 0.031250 0.031250
0 0.407813 0.939063 0.028125 0.028125
0 0.070312 0.867188 0.028125 0.028125
0 0.360938 0.634375 0.028125 0.031250
0 0.623437 0.625000 0.028125 0.031250
0 0.765625 0.850000 0.031250 0.031250
0 0.370312 0.550000 0.028125 0.031250
0 0.028125 0.525000 0.031250 0.031250
0 0.110937 0.493750 0.028125 0.031250
0 0.045312 0.379688 0.028125 0.028125
0 0.323437 0.695312 0.028125 0.028125
0 0.239063 0.382812 0.028125 0.028125
0 0.442188 0.939063 0.028125 0.028125
0 0.223438 0.410938 0.028125 0.028125
0 0.289062 0.576562 0.028125 0.028125
0 0.182812 0.946875 0.028125 0.031250
0 0.404687 0.829688 0.028125 0.028125
0 0.076563 0.382812 0.028125 0.028125
0 0.059375 0.468750 0.031250 0.031250
0 0.189062 0.576562 0.028125 0.028125
0 0.367188 0.495312 0.028125 0.028125
0 0.309375 0.887500 0.031250 0.031250
0 0.489063 0.573438 0.028125 0.028125
0 0.457813 0.573438 0.028125 0.028125
0 0.823438 0.884375 0.028125 0.031250
0 0.392188 0.914062 0.028125 0.028125
0 0.173437 0.495312 0.028125 0.028125
0 0.195312 0.804688 0.028125 0.028125
0 0.117188 0.782813 0.028125 0.028125
0 0.293750 0.634375 0.031250 0.031250
0 0.471875 0.935937 0.025000 0.028125
0 0.182812 0.892188 0.028125 0.028125
0 0.568750 0.421875 0.031250 0.031250
0 0.515625 0.401562 0.031250 0.028125
0 0.450000 0.465625 0.031250 0.031250
0 0.704688 0.531250 0.034375 0.031250
0 0.148438 0.835938 0.028125 0.028125
0 0.335938 0.495312 0.028125 0.028125
0 0.214062 0.889062 0.028125 0.028125
0 0.442188 0.660937 0.028125 0.028125
0 0.435937 0.493750 0.028125 0.031250
0 0.320312 0.468750 0.028125 0.031250
0 0.221875 0.468750 0.031250 0.031250
0 0.351562 0.523438 0.028125 0.028125
0 0.190625 0.353125 0.031250 0.031250
0 0.264062 0.915625 0.028125 0.031250
0 0.257812 0.354687 0.028125 0.028125
0 0.028125 0.462500 0.031250 0.031250
0 0.392188 0.632812 0.028125 0.028125
0 0.707812 0.978125 0.028125 0.031250
0 0.292187 0.695312 0.028125 0.028125
0 0.617188 0.510938 0.028125 0.028125
0 0.535937 0.656250 0.028125 0.031250
0 0.320312 0.523438 0.028125 0.028125
0 0.621875 0.965625 0.031250 0.031250
0 0.126562 0.523438 0.028125 0.028125
0 0.323437 0.576562 0.028125 0.028125
0 0.092188 0.635938 0.028125 0.028125
0 0.317188 0.414062 0.028125 0.028125
0 0.753125 0.737500 0.031250 0.031250
0 0.739062 0.931250 0.028125 0.025000
0 0.064062 0.351562 0.028125 0.028125
0 0.270313 0.550000 0.028125 0.031250
0 0.389062 0.857812 0.028125 0.028125
0 0.098437 0.753125 0.028125 0.031250
0 0.057813 0.639062 0.028125 0.028125
0 0.040625 0.926562 0.031250 0.028125
0 0.578125 0.950000 0.031250 0.031250
0 0.737500 0.964063 0.031250 0.028125
0 0.128125 0.353125 0.031250 0.031250
0 0.285938 0.414062 0.028125 0.028125
0 0.135937 0.665625 0.028125 0.031250
0 0.553125 0.965625 0.031250 0.031250
0 0.192188 0.467187 0.028125 0.028125
0 0.384375 0.359375 0.031250 0.031250
0 0.270313 0.384375 0.028125 0.031250
0 0.785937 0.798438 0.028125 0.028125
0 0.221875 0.579688 0.031250 0.028125
0 0.487500 0.965625 0.031250 0.031250
0 0.107813 0.607812 0.028125 0.028125
0 0.456250 0.965625 0.031250 0.031250
0 0.214062 0.946875 0.028125 0.031250
0 0.540625 0.767188 0.025000 0.028125
0 0.154688 0.467187 0.028125 0.028125
0 0.398438 0.439063 0.028125 0.028125
0 0.082812 0.784375 0.028125 0.031250
0 0.132812 0.807813 0.028125 0.028125
0 0.285938 0.470313 0.028125 0.028125
0 0.773438 0.645312 0.034375 0.034375
0 0.471875 0.548438 0.031250 0.028125
0 0.159375 0.353125 0.031250 0.031250
0 0.782813 0.731250 0.028125 0.031250
0 0.279687 0.889062 0.028125 0.028125
0 0.309375 0.604688 0.031250 0.028125
0 0.762500 0.820312 0.031250 0.028125
0 0.501563 0.370312 0.034375 0.034375
0 0.535937 0.939063 0.028125 0.028125
0 0.426563 0.914062 0.028125 0.028125
0 0.112500 0.723437 0.031250 0.028125
0 0.373437 0.829688 0.028125 0.028125
0 0.262500 0.971875 0.031250 0.031250
0 0.450000 0.353125 0.031250 0.031250
0 0.390625 0.965625 0.031250 0.031250
0 0.631250 0.484375 0.031250 0.031250
0 0.029687 0.576562 0.028125 0.028125
0 0.376563 0.882812 0.028125 0.028125
0 0.129688 0.751563 0.028125 0.028125
0 0.037500 0.812500 0.031250 0.031250
0 0.034375 0.703125 0.031250 0.031250
0 0.245312 0.721875 0.028125 0.031250
0 0.471875 0.657813 0.031250 0.028125
0 0.504687 0.939063 0.028125 0.028125
0 0.373437 0.942187 0.028125 0.028125
0 0.159375 0.523438 0.031250 0.028125
0 0.401562 0.495312 0.028125 0.028125
0 0.160938 0.753125 0.028125 0.031250
0 0.320312 0.357812 0.028125 0.028125
0 0.112500 0.325000 0.031250 0.031250
0 0.807813 0.753125 0.034375 0.031250
0 0.120313 0.892188 0.028125 0.028125
0 0.293750 0.970313 0.031250 0.028125
0 0.126562 0.693750 0.028125 0.031250
0 0.253125 0.470313 0.031250 0.028125
0 0.604688 0.767188 0.028125 0.028125
0 0.600000 0.428125 0.031250 0.031250
0 0.767188 0.884375 0.028125 0.031250
0 0.289062 0.354687 0.028125 0.028125
0 0.253125 0.410938 0.031250 0.028125
0 0.690625 0.620313 0.031250 0.028125
0 0.201563 0.917188 0.028125 0.028125
0 0.593750 0.978125 0.031250 0.031250
0 0.142187 0.379688 0.028125 0.028125
0 0.207813 0.723437 0.028125 0.028125
0 0.045312 0.550000 0.028125 0.031250
0 0.190625 0.696875 0.031250 0.031250
0 0.337500 0.550000 0.025000 0.025000
0 0.198437 0.864062 0.028125 0.028125
0 0.070312 0.810937 0.028125 0.028125
0 0.742188 0.585938 0.034375 0.034375
0 0.310937 0.723437 0.028125 0.028125
0 0.079687 0.321875 0.034375 0.031250
0 0.145313 0.321875 0.034375 0.031250
0 0.075000 0.550000 0.031250 0.031250
0 0.164062 0.667188 0.028125 0.028125
0 0.264062 0.860938 0.028125 0.028125
0 0.240625 0.323437 0.031250 0.034375
0 0.795312 0.929688 0.028125 0.028125
0 0.684375 0.506250 0.031250 0.031250
0 0.364063 0.385937 0.028125 0.028125
0 0.050000 0.787500 0.031250 0.031250
0 0.332813 0.384375 0.028125 0.031250
0 0.521875 0.968750 0.031250 0.031250
0 0.662500 0.481250 0.031250 0.031250
0 0.050000 0.731250 0.031250 0.031250
0 0.207813 0.321875 0.034375 0.031250
0 0.351562 0.357812 0.028125 0.028125
0 0.815625 0.785937 0.031250 0.034375
0 0.059375 0.525000 0.031250 0.031250
0 0.821875 0.818750 0.031250 0.031250
0 0.334375 0.328125 0.031250 0.031250
0 0.017188 0.490625 0.028125 0.031250
0 0.068750 0.978125 0.031250 0.031250
0 0.371875 0.331250 0.031250 0.031250
0 0.628125 0.450000 0.031250 0.031250
0 0.414062 0.342187 0.034375 0.034375
0 0.756250 0.615625 0.031250 0.031250
0 0.245312 0.832812 0.028125 0.028125
