0 0.135937 0.796875 0.028125 0.031250
0 0.646875 0.906250 0.031250 0.031250
0 0.276562 0.815625 0.028125 0.031250
0 0.490625 0.610938 0.031250 0.028125
0 0.246875 0.834375 0.031250 0.031250
0 0.168750 0.746875 0.031250 0.031250
0 0.112500 0.745313 0.031250 0.028125
0 0.467187 0.935937 0.028125 0.028125
0 0.142187 0.729688 0.028125 0.028125
0 0.125000 0.381250 0.031250 0.031250
0 0.103125 0.878125 0.031250 0.031250
0 0.471875 0.745313 0.031250 0.028125
0 0.164062 0.779687 0.028125 0.028125
0 0.189062 0.862500 0.028125 0.031250
0 0.523438 0.876563 0.028125 0.028125
0 0.468750 0.875000 0.031250 0.031250
0 0.381250 0.512500 0.031250 0.031250
0 0.312500 0.671875 0.031250 0.031250
0 0.159375 0.881250 0.031250 0.031250
0 0.609375 0.893750 0.031250 0.031250
0 0.334375 0.787500 0.031250 0.031250
0 0.176563 0.617188 0.028125 0.028125
0 0.776563 0.785937 0.028125 0.028125
0 0.160938 0.845313 0.028125 0.028125
0 0.435937 0.578125 0.028125 0.031250
0 0.157812 0.914062 0.028125 0.028125
0 0.076563 0.826562 0.028125 0.028125
0 0.331250 0.820312 0.031250 0.028125
0 0.050000 0.843750 0.031250 0.031250
0 0.220312 0.815625 0.028125 0.031250
0 0.254688 0.701562 0.028125 0.028125
0 0.581250 0.940625 0.031250 0.031250
0 0.581250 0.907813 0.031250 0.028125
0 0.054688 0.384375 0.028125 0.031250
0 0.385937 0.882812 0.028125 0.028125
0 0.164062 0.814063 0.028125 0.028125
0 0.373437 0.639062 0.028125 0.028125
0 0.759375 0.834375 0.031250 0.031250
0 0.581250 0.589063 0.031250 0.028125
0 0.495312 0.443750 0.028125 0.031250
0 0.607812 0.729688 0.028125 0.028125
0 0.498437 0.857812 0.028125 0.028125
0 0.406250 0.593750 0.031250 0.031250
0 0.326562 0.509375 0.028125 0.031250
0 0.221875 0.782813 0.031250 0.028125
0 0.579688 0.812500 0.028125 0.031250
0 0.250000 0.767188 0.031250 0.028125
0 0.129688 0.893750 0.028125 0.031250
0 0.335938 0.753125 0.028125 0.031250
0 0.414062 0.870313 0.028125 0.028125
0 0.690625 0.745313 0.031250 0.028125
0 0.467187 0.906250 0.028125 0.031250
0 0.192188 0.798438 0.028125 0.028125
0 0.073438 0.892188 0.028125 0.028125
0 0.639062 0.873437 0.028125 0.028125
0 0.642188 0.620313 0.028125 0.028125
0 0.700000 0.650000 0.031250 0.031250
0 0.498437 0.889062 0.028125 0.028125
0 0.732812 0.882812 0.028125 0.028125
0 0.634375 0.748437 0.031250 0.028125
0 0.660937 0.728125 0.028125 0.031250
0 0.612500 0.604688 0.031250 0.028125
0 0.043750 0.909375 0.031250 0.031250
0 0.526563 0.810937 0.028125 0.028125
0 0.021875 0.479687 0.031250 0.028125
0 0.690625 0.776563 0.025000 0.028125
0 0.525000 0.556250 0.031250 0.031250
0 0.748437 0.804688 0.028125 0.028125
0 0.304688 0.832812 0.028125 0.028125
0 0.139063 0.764062 0.028125 0.028125
0 0.073438 0.350000 0.028125 0.031250
0 0.329688 0.882812 0.028125 0.028125
0 0.523438 0.589063 0.028125 0.028125
0 0.190625 0.829688 0.031250 0.028125
0 0.484375 0.671875 0.031250 0.031250
0 0.195312 0.764062 0.028125 0.028125
0 0.417187 0.773438 0.028125 0.028125
0 0.498437 0.826562 0.028125 0.028125
0 0.526563 0.748437 0.028125 0.028125
0 0.282813 0.685937 0.028125 0.028125
0 0.195312 0.732812 0.028125 0.028125
0 0.132812 0.864062 0.028125 0.028125
0 0.134375 0.423438 0.031250 0.028125
0 0.106250 0.351562 0.031250 0.028125
0 0.082812 0.759375 0.028125 0.031250
0 0.103125 0.468750 0.031250 0.031250
0 0.554688 0.923438 0.028125 0.028125
0 0.250000 0.800000 0.031250 0.031250
0 0.414062 0.839063 0.028125 0.028125
0 0.664062 0.826562 0.028125 0.028125
0 0.675000 0.885938 0.031250 0.028125
0 0.790625 0.945312 0.031250 0.028125
0 0.464062 0.498437 0.028125 0.028125
0 0.607812 0.826562 0.028125 0.028125
0 0.635938 0.842187 0.028125 0.028125
0 0.087500 0.378125 0.031250 0.031250
0 0.525000 0.909375 0.031250 0.031250
0 0.775000 0.753125 0.031250 0.031250
0 0.107813 0.845313 0.028125 0.028125
0 0.743750 0.740625 0.031250 0.031250
0 0.279687 0.751563 0.028125 0.028125
0 0.703125 0.612500 0.031250 0.031250
0 0.362500 0.773438 0.031250 0.028125
0 0.520312 0.971875 0.028125 0.031250
0 0.187500 0.459375 0.031250 0.031250
0 0.325000 0.478125 0.031250 0.031250
0 0.460938 0.600000 0.028125 0.031250
0 0.104688 0.437500 0.028125 0.031250
0 0.789062 0.881250 0.028125 0.031250
0 0.465625 0.465625 0.031250 0.031250
0 0.320312 0.576562 0.028125 0.028125
0 0.368750 0.673438 0.025000 0.028125
0 0.609375 0.859375 0.031250 0.031250
0 0.653125 0.937500 0.031250 0.031250
0 0.635938 0.810937 0.028125 0.028125
0 0.753125 0.690625 0.031250 0.031250
0 0.442188 0.889062 0.028125 0.028125
0 0.526563 0.779687 0.028125 0.028125
0 0.206250 0.603125 0.025000 0.025000
0 0.310937 0.704688 0.028125 0.028125
0 0.076563 0.860938 0.028125 0.028125
0 0.218750 0.375000 0.031250 0.031250
0 0.035937 0.625000 0.028125 0.031250
0 0.442188 0.823438 0.028125 0.028125
0 0.145313 0.696875 0.028125 0.031250
0 0.498437 0.795312 0.028125 0.028125
0 0.128125 0.929688 0.031250 0.028125
0 0.581250 0.492188 0.031250 0.028125
0 0.215625 0.443750 0.031250 0.031250
0 0.809375 0.796875 0.031250 0.031250
0 0.085938 0.726562 0.028125 0.028125
0 0.218750 0.846875 0.031250 0.031250
0 0.020313 0.859375 0.028125 0.031250
0 0.551562 0.829688 0.028125 0.028125
0 0.732812 0.851562 0.028125 0.028125
0 0.760938 0.898438 0.028125 0.028125
0 0.493750 0.954688 0.031250 0.028125
0 0.551562 0.892188 0.028125 0.028125
0 0.223438 0.748437 0.028125 0.028125
0 0.354687 0.464062 0.028125 0.028125
0 0.393750 0.690625 0.031250 0.031250
0 0.106250 0.406250 0.031250 0.031250
0 0.335938 0.720313 0.028125 0.028125
0 0.523438 0.651563 0.028125 0.028125
0 0.437500 0.512500 0.031250 0.031250
0 0.328125 0.412500 0.031250 0.031250
0 0.382812 0.446875 0.028125 0.031250
0 0.175000 0.651563 0.031250 0.028125
0 0.179688 0.585938 0.028125 0.028125
0 0.526563 0.845313 0.028125 0.028125
0 0.721875 0.693750 0.031250 0.031250
0 0.410938 0.431250 0.028125 0.031250
0 0.301563 0.929688 0.028125 0.028125
0 0.042188 0.560937 0.028125 0.028125
0 0.385937 0.851562 0.028125 0.028125
0 0.148438 0.632812 0.028125 0.028125
0 0.059375 0.707812 0.031250 0.028125
0 0.660937 0.792188 0.028125 0.028125
0 0.409375 0.362500 0.031250 0.031250
0 0.551562 0.698438 0.028125 0.028125
0 0.470313 0.810937 0.028125 0.028125
0 0.051562 0.807813 0.028125 0.028125
0 0.162500 0.371875 0.031250 0.031250
0 0.226562 0.685937 0.028125 0.028125
0 0.790625 0.910937 0.031250 0.028125
0 0.612500 0.478125 0.031250 0.031250
0 0.467187 0.967187 0.028125 0.028125
0 0.610938 0.925000 0.028125 0.031250
0 0.279687 0.720313 0.028125 0.028125
0 0.632812 0.714063 0.028125 0.028125
0 0.442188 0.854688 0.028125 0.028125
0 0.273438 0.848437 0.028125 0.028125
0 0.581250 0.779687 0.031250 0.028125
0 0.789062 0.846875 0.028125 0.031250
0 0.101562 0.532813 0.028125 0.028125
0 0.445312 0.760938 0.028125 0.028125
0 0.101562 0.909375 0.028125 0.031250
0 0.242188 0.900000 0.028125 0.031250
0 0.814063 0.829688 0.034375 0.034375
0 0.373437 0.607812 0.028125 0.028125
0 0.023438 0.823438 0.028125 0.028125
0 0.357812 0.898438 0.028125 0.028125
0 0.232813 0.651563 0.028125 0.028125
0 0.106250 0.812500 0.031250 0.031250
0 0.473438 0.779687 0.028125 0.028125
0 0.289062 0.592187 0.028125 0.028125
0 0.409375 0.462500 0.031250 0.031250
0 0.687500 0.712500 0.031250 0.031250
0 0.490625 0.642188 0.031250 0.028125
0 0.021875 0.381250 0.031250 0.031250
0 0.662500 0.537500 0.031250 0.031250
0 0.240625 0.934375 0.031250 0.031250
0 0.401562 0.623437 0.028125 0.028125
0 0.717187 0.726562 0.028125 0.028125
0 0.607812 0.795312 0.028125 0.028125
0 0.437500 0.481250 0.031250 0.031250
0 0.412500 0.396875 0.031250 0.031250
0 0.075000 0.481250 0.031250 0.031250
0 0.495312 0.920312 0.028125 0.028125
0 0.703125 0.868750 0.031250 0.031250
0 0.435937 0.546875 0.028125 0.031250
0 0.390625 0.754687 0.031250 0.028125
0 0.157812 0.471875 0.028125 0.031250
0 0.187500 0.898438 0.031250 0.028125
0 0.276562 0.782813 0.028125 0.028125
0 0.409375 0.496875 0.031250 0.031250
0 0.326562 0.445312 0.028125 0.028125
0 0.459375 0.631250 0.031250 0.031250
0 0.067187 0.579688 0.028125 0.028125
0 0.079687 0.795312 0.028125 0.028125
0 0.114062 0.712500 0.028125 0.031250
0 0.275000 0.879687 0.031250 0.028125
0 0.426563 0.643750 0.028125 0.031250
0 0.417187 0.807813 0.028125 0.028125
0 0.409375 0.529687 0.031250 0.028125
0 0.665625 0.856250 0.031250 0.031250
0 0.198437 0.698438 0.028125 0.028125
0 0.268750 0.510938 0.031250 0.028125
0 0.732812 0.914062 0.028125 0.028125
0 0.351562 0.560937 0.028125 0.028125
0 0.493750 0.517188 0.031250 0.028125
0 0.525000 0.493750 0.031250 0.031250
0 0.445312 0.792188 0.028125 0.028125
0 0.096875 0.565625 0.031250 0.031250
0 0.073438 0.443750 0.034375 0.031250
0 0.382812 0.917188 0.028125 0.028125
0 0.042188 0.350000 0.028125 0.031250
0 0.332813 0.851562 0.028125 0.028125
0 0.253125 0.732812 0.025000 0.028125
0 0.376563 0.576562 0.028125 0.028125
0 0.273438 0.910937 0.028125 0.028125
0 0.382812 0.478125 0.028125 0.031250
0 0.607812 0.698438 0.028125 0.028125
0 0.784375 0.818750 0.031250 0.031250
0 0.101562 0.501563 0.028125 0.028125
0 0.632812 0.682813 0.028125 0.028125
0 0.179688 0.554688 0.028125 0.028125
0 0.439063 0.415625 0.028125 0.031250
0 0.439063 0.951562 0.028125 0.028125
0 0.551562 0.732812 0.028125 0.028125
0 0.554688 0.764062 0.028125 0.028125
0 0.704688 0.901563 0.028125 0.028125
0 0.673438 0.631250 0.028125 0.031250
0 0.551562 0.476562 0.028125 0.028125
0 0.326562 0.915625 0.028125 0.031250
0 0.759375 0.867188 0.031250 0.028125
0 0.467187 0.532813 0.028125 0.028125
0 0.095312 0.596875 0.028125 0.031250
0 0.210938 0.917188 0.028125 0.028125
0 0.296875 0.359375 0.031250 0.031250
0 0.525000 0.525000 0.031250 0.031250
0 0.295312 0.529687 0.028125 0.028125
0 0.120313 0.614062 0.028125 0.028125
0 0.357812 0.835938 0.028125 0.028125
0 0.307812 0.735938 0.028125 0.028125
0 0.418750 0.739062 0.031250 0.028125
0 0.354687 0.495312 0.028125 0.028125
0 0.073438 0.515625 0.028125 0.031250
0 0.056250 0.739062 0.031250 0.028125
0 0.243750 0.868750 0.031250 0.031250
0 0.523438 0.620313 0.028125 0.028125
0 0.354687 0.962500 0.028125 0.031250
0 0.740625 0.659375 0.031250 0.031250
0 0.207813 0.570312 0.028125 0.028125
0 0.342187 0.657813 0.028125 0.028125
0 0.162500 0.406250 0.031250 0.031250
0 0.498437 0.764062 0.028125 0.028125
0 0.554688 0.860938 0.028125 0.028125
0 0.464062 0.564063 0.028125 0.028125
0 0.298438 0.396875 0.028125 0.031250
0 0.239063 0.556250 0.028125 0.031250
0 0.379688 0.545312 0.028125 0.028125
0 0.760938 0.931250 0.028125 0.025000
0 0.040625 0.412500 0.031250 0.031250
0 0.367188 0.706250 0.028125 0.031250
0 0.129688 0.487500 0.028125 0.031250
0 0.245312 0.359375 0.028125 0.031250
0 0.085938 0.692187 0.028125 0.028125
0 0.528125 0.428125 0.031250 0.031250
0 0.354687 0.362500 0.028125 0.031250
0 0.351562 0.526563 0.028125 0.028125
0 0.664062 0.692187 0.028125 0.028125
0 0.414062 0.904687 0.028125 0.028125
0 0.571875 0.975000 0.031250 0.031250
0 0.271875 0.376563 0.031250 0.028125
0 0.039062 0.592187 0.028125 0.028125
0 0.818750 0.862500 0.031250 0.031250
0 0.692187 0.839063 0.028125 0.028125
0 0.043750 0.528125 0.031250 0.031250
0 0.304688 0.770312 0.028125 0.028125
0 0.470313 0.842187 0.028125 0.028125
0 0.301563 0.864062 0.028125 0.028125
0 0.690625 0.807813 0.025000 0.028125
0 0.328125 0.381250 0.031250 0.031250
0 0.185938 0.423438 0.028125 0.028125
0 0.626563 0.953125 0.028125 0.031250
0 0.354687 0.429688 0.028125 0.028125
0 0.720313 0.821875 0.028125 0.031250
0 0.189062 0.392188 0.028125 0.028125
0 0.339062 0.689063 0.028125 0.028125
0 0.429688 0.614062 0.028125 0.028125
0 0.289062 0.623437 0.028125 0.028125
0 0.128125 0.518750 0.031250 0.031250
0 0.132812 0.454688 0.028125 0.028125
0 0.806250 0.762500 0.031250 0.031250
0 0.226562 0.718750 0.028125 0.031250
0 0.465625 0.428125 0.031250 0.031250
0 0.237500 0.968750 0.031250 0.031250
0 0.259375 0.639062 0.025000 0.028125
0 0.585938 0.460938 0.028125 0.028125
0 0.215625 0.409375 0.031250 0.031250
0 0.551562 0.795312 0.028125 0.028125
0 0.551562 0.604688 0.028125 0.028125
0 0.579688 0.525000 0.028125 0.031250
0 0.260937 0.604688 0.028125 0.028125
0 0.745313 0.773438 0.028125 0.028125
0 0.639062 0.587500 0.028125 0.031250
0 0.065625 0.612500 0.031250 0.031250
0 0.582812 0.876563 0.028125 0.028125
0 0.382812 0.414062 0.028125 0.028125
0 0.204687 0.635938 0.028125 0.028125
0 0.243750 0.393750 0.031250 0.031250
0 0.242188 0.489063 0.028125 0.028125
0 0.268750 0.975000 0.031250 0.031250
0 0.551562 0.667188 0.028125 0.028125
0 0.579688 0.845313 0.028125 0.028125
0 0.640625 0.514062 0.031250 0.034375
0 0.423438 0.678125 0.028125 0.031250
0 0.600000 0.970313 0.031250 0.034375
0 0.664062 0.760938 0.028125 0.028125
0 0.579688 0.748437 0.028125 0.028125
0 0.110937 0.776563 0.028125 0.028125
0 0.607812 0.635938 0.028125 0.028125
0 0.184375 0.489063 0.031250 0.028125
0 0.404687 0.560937 0.028125 0.028125
0 0.557813 0.442188 0.028125 0.028125
0 0.665625 0.660937 0.031250 0.028125
0 0.410938 0.935937 0.028125 0.028125
0 0.132812 0.829688 0.028125 0.028125
0 0.493750 0.578125 0.031250 0.031250
0 0.717187 0.790625 0.028125 0.031250
0 0.348438 0.592187 0.028125 0.028125
0 0.048438 0.876563 0.028125 0.028125
0 0.060937 0.643750 0.028125 0.031250
0 0.045312 0.498437 0.028125 0.028125
0 0.453125 0.662500 0.031250 0.031250
0 0.034375 0.657813 0.031250 0.028125
0 0.717187 0.759375 0.028125 0.031250
0 0.142187 0.348438 0.028125 0.028125
0 0.170313 0.717187 0.028125 0.028125
0 0.054688 0.775000 0.028125 0.031250
0 0.326562 0.976562 0.028125 0.028125
0 0.354687 0.931250 0.028125 0.025000
0 0.210938 0.951562 0.028125 0.028125
0 0.270313 0.476562 0.028125 0.028125
0 0.479687 0.706250 0.028125 0.031250
0 0.018750 0.890625 0.031250 0.031250
0 0.315625 0.639062 0.025000 0.028125
0 0.546875 0.954688 0.031250 0.028125
0 0.671875 0.565625 0.031250 0.031250
0 0.328125 0.346875 0.031250 0.031250
0 0.635938 0.651563 0.028125 0.028125
0 0.126562 0.550000 0.028125 0.031250
0 0.448437 0.695312 0.028125 0.028125
0 0.048438 0.464062 0.028125 0.028125
0 0.495312 0.481250 0.028125 0.031250
0 0.264062 0.573438 0.028125 0.028125
0 0.214062 0.476562 0.028125 0.028125
0 0.551562 0.571875 0.028125 0.031250
0 0.125000 0.582812 0.031250 0.028125
0 0.089063 0.662500 0.028125 0.031250
0 0.382812 0.951562 0.028125 0.028125
0 0.398438 0.657813 0.028125 0.028125
0 0.239063 0.523438 0.028125 0.028125
0 0.354687 0.395313 0.028125 0.028125
0 0.298438 0.492188 0.028125 0.028125
0 0.637500 0.556250 0.031250 0.031250
0 0.692187 0.679688 0.028125 0.028125
0 0.500000 0.731250 0.031250 0.031250
0 0.323437 0.542188 0.028125 0.028125
0 0.320312 0.607812 0.028125 0.028125
0 0.670312 0.598437 0.028125 0.028125
0 0.521875 0.684375 0.031250 0.031250
0 0.729688 0.631250 0.028125 0.031250
0 0.298438 0.960938 0.028125 0.028125
0 0.607812 0.667188 0.028125 0.028125
0 0.610938 0.542188 0.028125 0.028125
0 0.817187 0.926562 0.028125 0.028125
0 0.765625 0.718750 0.031250 0.031250
0 0.304688 0.801562 0.028125 0.028125
0 0.232813 0.623437 0.028125 0.028125
0 0.150000 0.598437 0.025000 0.028125
0 0.271875 0.943750 0.031250 0.031250
0 0.389062 0.790625 0.028125 0.031250
0 0.025000 0.789062 0.031250 0.028125
0 0.520312 0.939063 0.028125 0.028125
0 0.232813 0.589063 0.028125 0.028125
0 0.210938 0.539062 0.028125 0.028125
0 0.185938 0.932813 0.028125 0.028125
0 0.117188 0.645312 0.028125 0.028125
0 0.632812 0.779687 0.028125 0.028125
0 0.421875 0.707812 0.031250 0.028125
0 0.579688 0.620313 0.028125 0.028125
0 0.264062 0.542188 0.028125 0.028125
0 0.525000 0.460938 0.031250 0.028125
0 0.298438 0.426563 0.028125 0.028125
0 0.698438 0.581250 0.028125 0.031250
0 0.503125 0.406250 0.031250 0.031250
0 0.656250 0.970313 0.031250 0.028125
0 0.285938 0.654687 0.028125 0.028125
0 0.607812 0.764062 0.028125 0.028125
0 0.214062 0.882812 0.028125 0.028125
0 0.189062 0.359375 0.028125 0.031250
0 0.410938 0.967187 0.028125 0.028125
0 0.292187 0.560937 0.028125 0.028125
0 0.270313 0.409375 0.028125 0.031250
0 0.060937 0.675000 0.028125 0.031250
0 0.609375 0.510938 0.031250 0.028125
0 0.446875 0.726562 0.031250 0.028125
0 0.362500 0.739062 0.031250 0.028125
0 0.579688 0.651563 0.028125 0.028125
0 0.301563 0.898438 0.028125 0.028125
0 0.031250 0.721875 0.031250 0.031250
0 0.257812 0.670312 0.028125 0.028125
0 0.360938 0.801562 0.028125 0.028125
0 0.215625 0.340625 0.031250 0.031250
0 0.210938 0.504687 0.028125 0.028125
0 0.581250 0.556250 0.031250 0.031250
0 0.021875 0.443750 0.031250 0.031250
0 0.492188 0.545312 0.028125 0.028125
0 0.525000 0.714063 0.031250 0.028125
0 0.579688 0.682813 0.028125 0.028125
0 0.551562 0.635938 0.028125 0.028125
0 0.551562 0.540625 0.028125 0.031250
0 0.075000 0.412500 0.031250 0.031250
0 0.181250 0.964063 0.031250 0.028125
0 0.242188 0.457813 0.028125 0.028125
0 0.170313 0.682813 0.028125 0.028125
0 0.818750 0.896875 0.031250 0.031250
0 0.579688 0.717187 0.028125 0.028125
0 0.393750 0.723437 0.031250 0.028125
0 0.384375 0.381250 0.031250 0.031250
0 0.090625 0.321875 0.031250 0.031250
0 0.679688 0.917188 0.028125 0.028125
0 0.389062 0.820312 0.028125 0.028125
0 0.125000 0.318750 0.031250 0.031250
0 0.817187 0.959375 0.028125 0.031250
0 0.443750 0.381250 0.031250 0.031250
0 0.153125 0.946875 0.031250 0.031250
0 0.787500 0.693750 0.031250 0.031250
0 0.607812 0.573438 0.028125 0.028125
0 0.551562 0.507812 0.028125 0.028125
0 0.159375 0.439063 0.031250 0.028125
0 0.117188 0.679688 0.028125 0.028125
0 0.439063 0.920312 0.028125 0.028125
0 0.156250 0.535937 0.031250 0.028125
0 0.242188 0.425000 0.028125 0.031250
0 0.070312 0.545312 0.028125 0.028125
0 0.357812 0.868750 0.028125 0.031250
0 0.184375 0.523438 0.031250 0.028125
0 0.345313 0.626563 0.028125 0.028125
0 0.439063 0.450000 0.028125 0.031250
0 0.157812 0.504687 0.028125 0.028125
0 0.154688 0.567187 0.028125 0.028125
0 0.645312 0.471875 0.034375 0.031250
0 0.032813 0.690625 0.028125 0.031250
0 0.760938 0.962500 0.028125 0.031250
0 0.326562 0.945312 0.028125 0.028125
0 0.692187 0.523438 0.034375 0.034375
0 0.764062 0.634375 0.028125 0.031250
0 0.201563 0.667188 0.028125 0.028125
0 0.298438 0.457813 0.028125 0.028125
0 0.145313 0.664062 0.028125 0.028125
0 0.475000 0.393750 0.031250 0.031250
0 0.775000 0.662500 0.031250 0.031250
0 0.789062 0.978125 0.028125 0.031250
0 0.125000 0.959375 0.031250 0.031250
0 0.668750 0.495312 0.031250 0.034375
0 0.273438 0.332813 0.028125 0.028125
0 0.534375 0.389062 0.031250 0.034375
0 0.028125 0.757812 0.031250 0.028125
0 0.354687 0.329688 0.034375 0.034375
0 0.796875 0.729688 0.031250 0.034375
0 0.562500 0.410938 0.031250 0.034375
0 0.501563 0.371875 0.034375 0.031250
0 0.015625 0.923438 0.031250 0.028125
0 0.268750 0.445312 0.031250 0.028125
0 0.092188 0.629687 0.028125 0.028125
0 0.240625 0.321875 0.031250 0.031250
0 0.156250 0.318750 0.031250 0.031250
0 0.710938 0.550000 0.034375 0.031250
0 0.470313 0.360938 0.034375 0.034375
0 0.590625 0.425000 0.031250 0.031250
0 0.617188 0.446875 0.034375 0.031250
0 0.731250 0.578125 0.031250 0.031250
0 0.390625 0.335938 0.031250 0.034375
0 0.439063 0.348438 0.034375 0.034375
0 0.057813 0.320312 0.034375 0.034375
0 0.017188 0.510938 0.028125 0.028125
0 0.026562 0.320312 0.034375 0.034375
0 0.303125 0.325000 0.031250 0.031250
0 0.042188 0.942187 0.028125 0.028125
