0 0.739062 0.110937 0.028125 0.028125
0 0.100000 0.834375 0.031250 0.031250
0 0.228125 0.842187 0.031250 0.028125
0 0.432812 0.920312 0.028125 0.028125
0 0.067187 0.703125 0.028125 0.031250
0 0.240625 0.756250 0.031250 0.031250
0 0.795312 0.109375 0.028125 0.031250
0 0.600000 0.062500 0.031250 0.031250
0 0.656250 0.093750 0.031250 0.031250
0 0.065625 0.887500 0.031250 0.031250
0 0.073438 0.112500 0.028125 0.031250
0 0.489063 0.360938 0.028125 0.028125
0 0.823438 0.123438 0.028125 0.028125
0 0.710938 0.953125 0.028125 0.031250
0 0.179688 0.870313 0.028125 0.028125
0 0.857812 0.893750 0.028125 0.031250
0 0.296875 0.117188 0.031250 0.028125
0 0.460938 0.907813 0.028125 0.028125
0 0.507812 0.792188 0.028125 0.028125
0 0.937500 0.921875 0.031250 0.031250
0 0.098437 0.587500 0.028125 0.031250
0 0.165625 0.839063 0.031250 0.028125
0 0.573438 0.345313 0.028125 0.028125
0 0.073438 0.148438 0.028125 0.028125
0 0.129688 0.893750 0.028125 0.031250
0 0.718750 0.887500 0.031250 0.031250
0 0.795312 0.142187 0.028125 0.028125
0 0.860938 0.862500 0.028125 0.031250
0 0.746875 0.875000 0.031250 0.031250
0 0.437500 0.262500 0.031250 0.031250
0 0.114062 0.864062 0.028125 0.028125
0 0.710938 0.329688 0.028125 0.028125
0 0.885938 0.882812 0.028125 0.028125
0 0.723437 0.820312 0.028125 0.028125
0 0.826562 0.935937 0.028125 0.028125
0 0.184375 0.212500 0.031250 0.031250
0 0.043750 0.325000 0.031250 0.031250
0 0.325000 0.262500 0.031250 0.031250
0 0.692187 0.867188 0.028125 0.028125
0 0.040625 0.651563 0.031250 0.028125
0 0.260937 0.839063 0.028125 0.028125
0 0.143750 0.923438 0.031250 0.028125
0 0.268750 0.293750 0.031250 0.031250
0 0.096875 0.684375 0.031250 0.031250
0 0.792188 0.207813 0.028125 0.028125
0 0.792188 0.417187 0.028125 0.028125
0 0.935937 0.242188 0.028125 0.028125
0 0.671875 0.782813 0.031250 0.028125
0 0.073438 0.179688 0.028125 0.028125
0 0.440625 0.659375 0.031250 0.031250
0 0.034375 0.782813 0.031250 0.028125
0 0.464062 0.279687 0.028125 0.028125
0 0.064062 0.800000 0.028125 0.031250
0 0.098437 0.554688 0.028125 0.028125
0 0.212500 0.196875 0.031250 0.031250
0 0.682813 0.075000 0.028125 0.031250
0 0.546875 0.360938 0.031250 0.028125
0 0.146875 0.809375 0.031250 0.031250
0 0.573438 0.112500 0.028125 0.031250
0 0.429688 0.951562 0.028125 0.028125
0 0.210938 0.870313 0.028125 0.028125
0 0.379688 0.165625 0.028125 0.031250
0 0.390625 0.787500 0.031250 0.031250
0 0.790625 0.350000 0.031250 0.031250
0 0.407813 0.084375 0.028125 0.031250
0 0.518750 0.148438 0.031250 0.028125
0 0.292187 0.920312 0.028125 0.028125
0 0.043750 0.164062 0.031250 0.028125
0 0.890625 0.850000 0.031250 0.031250
0 0.801562 0.885938 0.028125 0.028125
0 0.492188 0.893750 0.028125 0.031250
0 0.937500 0.056250 0.031250 0.031250
0 0.148438 0.867188 0.028125 0.028125
0 0.518750 0.246875 0.031250 0.031250
0 0.765625 0.331250 0.031250 0.031250
0 0.831250 0.873437 0.031250 0.028125
0 0.545312 0.196875 0.028125 0.031250
0 0.795312 0.173437 0.028125 0.028125
0 0.656250 0.059375 0.031250 0.031250
0 0.518750 0.312500 0.031250 0.031250
0 0.115625 0.806250 0.031250 0.031250
0 0.798438 0.917188 0.028125 0.028125
0 0.073438 0.439063 0.028125 0.028125
0 0.212500 0.164062 0.031250 0.028125
0 0.492188 0.293750 0.028125 0.031250
0 0.073438 0.309375 0.028125 0.031250
0 0.520312 0.181250 0.028125 0.031250
0 0.760938 0.292187 0.028125 0.028125
0 0.582812 0.823438 0.028125 0.028125
0 0.457813 0.942187 0.028125 0.028125
0 0.698438 0.801562 0.028125 0.028125
0 0.656250 0.128125 0.031250 0.031250
0 0.095312 0.717187 0.028125 0.028125
0 0.226562 0.784375 0.028125 0.031250
0 0.573438 0.279687 0.028125 0.028125
0 0.851562 0.264062 0.028125 0.028125
0 0.404687 0.932813 0.028125 0.028125
0 0.268750 0.132812 0.031250 0.028125
0 0.101562 0.064062 0.028125 0.028125
0 0.823438 0.245312 0.028125 0.028125
0 0.904687 0.260937 0.028125 0.028125
0 0.184375 0.245312 0.031250 0.028125
0 0.875000 0.307812 0.031250 0.028125
0 0.240625 0.881250 0.031250 0.031250
0 0.878125 0.248438 0.031250 0.028125
0 0.212500 0.814063 0.031250 0.028125
0 0.101562 0.520312 0.028125 0.028125
0 0.823438 0.182812 0.028125 0.028125
0 0.768750 0.929688 0.031250 0.028125
0 0.042188 0.554688 0.028125 0.028125
0 0.073438 0.212500 0.028125 0.031250
0 0.767188 0.157812 0.028125 0.028125
0 0.101562 0.196875 0.028125 0.031250
0 0.093750 0.948438 0.031250 0.028125
0 0.464062 0.248438 0.028125 0.028125
0 0.682813 0.932813 0.028125 0.028125
0 0.039062 0.717187 0.028125 0.028125
0 0.184375 0.343750 0.031250 0.031250
0 0.082812 0.862500 0.028125 0.031250
0 0.867188 0.826562 0.028125 0.028125
0 0.379688 0.229687 0.028125 0.028125
0 0.018750 0.079687 0.031250 0.028125
0 0.275000 0.754687 0.031250 0.028125
0 0.132812 0.839063 0.028125 0.028125
0 0.070312 0.635938 0.028125 0.028125
0 0.185938 0.278125 0.028125 0.031250
0 0.073438 0.975000 0.028125 0.031250
0 0.573438 0.145313 0.028125 0.028125
0 0.753125 0.801562 0.031250 0.028125
0 0.214062 0.359375 0.028125 0.031250
0 0.464062 0.179688 0.028125 0.028125
0 0.823438 0.092188 0.028125 0.028125
0 0.878125 0.217188 0.031250 0.028125
0 0.876563 0.435937 0.028125 0.028125
0 0.184375 0.376563 0.031250 0.028125
0 0.326562 0.359375 0.028125 0.031250
0 0.714063 0.920312 0.028125 0.028125
0 0.853125 0.198437 0.031250 0.028125
0 0.326562 0.196875 0.028125 0.031250
0 0.296875 0.084375 0.031250 0.031250
0 0.489063 0.925000 0.028125 0.031250
0 0.110937 0.921875 0.028125 0.031250
0 0.381250 0.628125 0.031250 0.031250
0 0.359375 0.831250 0.031250 0.031250
0 0.518750 0.378125 0.031250 0.031250
0 0.068750 0.831250 0.031250 0.031250
0 0.073438 0.276562 0.028125 0.028125
0 0.267188 0.901563 0.028125 0.028125
0 0.576562 0.245312 0.028125 0.028125
0 0.065625 0.735938 0.031250 0.028125
0 0.904687 0.451562 0.028125 0.028125
0 0.935937 0.089063 0.028125 0.028125
0 0.743750 0.907813 0.031250 0.028125
0 0.043750 0.359375 0.031250 0.031250
0 0.073438 0.079687 0.028125 0.028125
0 0.848437 0.389062 0.028125 0.028125
0 0.268750 0.229687 0.031250 0.028125
0 0.584375 0.790625 0.031250 0.031250
0 0.573438 0.312500 0.028125 0.031250
0 0.823438 0.151562 0.028125 0.028125
0 0.193750 0.781250 0.031250 0.031250
0 0.454688 0.973437 0.028125 0.028125
0 0.240625 0.048438 0.031250 0.028125
0 0.795312 0.076563 0.028125 0.028125
0 0.628125 0.079687 0.031250 0.028125
0 0.723437 0.853125 0.028125 0.031250
0 0.776563 0.862500 0.028125 0.031250
0 0.443750 0.825000 0.031250 0.031250
0 0.782813 0.753125 0.028125 0.031250
0 0.270313 0.195312 0.028125 0.028125
0 0.042188 0.520312 0.028125 0.028125
0 0.787500 0.309375 0.031250 0.031250
0 0.434375 0.165625 0.031250 0.031250
0 0.685937 0.110937 0.028125 0.028125
0 0.575000 0.214062 0.031250 0.028125
0 0.323437 0.068750 0.028125 0.031250
0 0.079687 0.918750 0.028125 0.031250
0 0.128125 0.539062 0.031250 0.028125
0 0.629687 0.926562 0.028125 0.028125
0 0.632812 0.892188 0.028125 0.028125
0 0.303125 0.823438 0.031250 0.034375
0 0.523438 0.879687 0.028125 0.028125
0 0.737500 0.314063 0.031250 0.028125
0 0.379688 0.262500 0.028125 0.031250
0 0.931250 0.307812 0.031250 0.028125
0 0.157812 0.195312 0.028125 0.028125
0 0.435937 0.229687 0.028125 0.028125
0 0.823438 0.057813 0.028125 0.028125
0 0.543750 0.032813 0.031250 0.028125
0 0.407813 0.345313 0.028125 0.028125
0 0.573438 0.376563 0.028125 0.028125
0 0.904687 0.354687 0.028125 0.028125
0 0.960938 0.290625 0.028125 0.031250
0 0.103125 0.028125 0.031250 0.031250
0 0.537500 0.775000 0.031250 0.031250
0 0.040625 0.685937 0.031250 0.028125
0 0.242188 0.473438 0.028125 0.028125
0 0.614062 0.810937 0.028125 0.028125
0 0.571875 0.079687 0.031250 0.028125
0 0.904687 0.292187 0.028125 0.028125
0 0.737500 0.346875 0.031250 0.031250
0 0.410938 0.148438 0.028125 0.028125
0 0.067187 0.670312 0.028125 0.028125
0 0.470313 0.845313 0.028125 0.028125
0 0.071875 0.471875 0.031250 0.031250
0 0.854688 0.926562 0.028125 0.028125
0 0.851562 0.073438 0.028125 0.028125
0 0.271875 0.868750 0.031250 0.031250
0 0.904687 0.420312 0.028125 0.028125
0 0.129688 0.376563 0.028125 0.028125
0 0.670312 0.815625 0.028125 0.031250
0 0.043750 0.423438 0.031250 0.028125
0 0.070312 0.603125 0.028125 0.031250
0 0.464062 0.214062 0.028125 0.028125
0 0.268750 0.360938 0.031250 0.028125
0 0.264062 0.935937 0.028125 0.028125
0 0.767188 0.093750 0.028125 0.031250
0 0.128125 0.309375 0.031250 0.031250
0 0.581250 0.854688 0.031250 0.028125
0 0.179688 0.812500 0.028125 0.031250
0 0.823438 0.214062 0.028125 0.028125
0 0.185938 0.145313 0.028125 0.028125
0 0.268750 0.065625 0.031250 0.031250
0 0.517188 0.050000 0.028125 0.031250
0 0.882812 0.181250 0.028125 0.031250
0 0.659375 0.914062 0.031250 0.028125
0 0.043750 0.293750 0.031250 0.031250
0 0.209375 0.721875 0.031250 0.031250
0 0.848437 0.326562 0.028125 0.028125
0 0.853125 0.104688 0.031250 0.028125
0 0.931250 0.370312 0.031250 0.028125
0 0.656250 0.395313 0.031250 0.028125
0 0.545312 0.931250 0.028125 0.031250
0 0.379688 0.360938 0.028125 0.028125
0 0.073438 0.046875 0.028125 0.031250
0 0.937500 0.954688 0.031250 0.028125
0 0.382812 0.296875 0.028125 0.031250
0 0.573438 0.920312 0.028125 0.028125
0 0.904687 0.228125 0.028125 0.031250
0 0.601562 0.195312 0.028125 0.028125
0 0.639062 0.860938 0.028125 0.028125
0 0.128125 0.245312 0.031250 0.028125
0 0.157812 0.360938 0.028125 0.028125
0 0.806250 0.853125 0.031250 0.031250
0 0.628125 0.346875 0.031250 0.031250
0 0.323437 0.098437 0.028125 0.028125
0 0.437500 0.887500 0.031250 0.031250
0 0.382812 0.589063 0.028125 0.028125
0 0.573438 0.179688 0.028125 0.028125
0 0.184375 0.048438 0.031250 0.028125
0 0.629687 0.576562 0.028125 0.028125
0 0.321875 0.907813 0.025000 0.028125
0 0.967187 0.070312 0.028125 0.028125
0 0.242188 0.343750 0.028125 0.031250
0 0.184375 0.112500 0.031250 0.031250
0 0.710938 0.126562 0.028125 0.028125
0 0.129688 0.145313 0.028125 0.028125
0 0.128125 0.079687 0.031250 0.028125
0 0.101562 0.096875 0.028125 0.031250
0 0.607812 0.873437 0.028125 0.028125
0 0.682813 0.145313 0.028125 0.028125
0 0.735938 0.971875 0.028125 0.031250
0 0.545312 0.229687 0.028125 0.028125
0 0.075000 0.406250 0.031250 0.031250
0 0.387500 0.818750 0.031250 0.031250
0 0.792188 0.242188 0.028125 0.028125
0 0.323437 0.781250 0.028125 0.031250
0 0.184375 0.309375 0.031250 0.031250
0 0.792188 0.448437 0.028125 0.028125
0 0.628125 0.143750 0.031250 0.031250
0 0.378125 0.098437 0.031250 0.028125
0 0.214062 0.295312 0.028125 0.028125
0 0.551562 0.867188 0.028125 0.028125
0 0.518750 0.214062 0.031250 0.028125
0 0.467187 0.876563 0.028125 0.028125
0 0.548438 0.626563 0.028125 0.028125
0 0.895312 0.815625 0.028125 0.031250
0 0.098437 0.620313 0.028125 0.028125
0 0.157812 0.129688 0.028125 0.028125
0 0.492188 0.198437 0.028125 0.028125
0 0.967187 0.101562 0.028125 0.028125
0 0.464062 0.310937 0.028125 0.028125
0 0.773438 0.898438 0.028125 0.028125
0 0.314063 0.973437 0.028125 0.028125
0 0.710938 0.431250 0.028125 0.031250
0 0.040625 0.971875 0.031250 0.031250
0 0.125000 0.771875 0.031250 0.031250
0 0.492188 0.229687 0.028125 0.028125
0 0.820312 0.971875 0.028125 0.031250
0 0.435937 0.295312 0.028125 0.028125
0 0.460938 0.473438 0.028125 0.028125
0 0.382812 0.884375 0.028125 0.031250
0 0.554688 0.835938 0.028125 0.028125
0 0.570312 0.951562 0.028125 0.028125
0 0.095312 0.751563 0.028125 0.028125
0 0.151562 0.753125 0.028125 0.031250
0 0.518750 0.914062 0.031250 0.028125
0 0.212500 0.260937 0.031250 0.028125
0 0.915625 0.870313 0.031250 0.028125
0 0.039062 0.748437 0.028125 0.028125
0 0.354687 0.864062 0.028125 0.028125
0 0.632812 0.642188 0.028125 0.028125
0 0.942187 0.889062 0.028125 0.028125
0 0.764062 0.367188 0.028125 0.028125
0 0.181250 0.737500 0.031250 0.031250
0 0.296875 0.312500 0.031250 0.031250
0 0.875000 0.595313 0.031250 0.028125
0 0.268750 0.165625 0.031250 0.031250
0 0.295312 0.181250 0.028125 0.031250
0 0.754687 0.768750 0.028125 0.031250
0 0.126562 0.635938 0.028125 0.028125
0 0.437500 0.328125 0.031250 0.031250
0 0.070312 0.571875 0.028125 0.031250
0 0.601562 0.493750 0.028125 0.031250
0 0.214062 0.392188 0.028125 0.028125
0 0.034375 0.818750 0.031250 0.031250
0 0.407813 0.248438 0.028125 0.028125
0 0.739062 0.078125 0.028125 0.031250
0 0.573438 0.045312 0.028125 0.028125
0 0.407813 0.182812 0.028125 0.028125
0 0.376563 0.693750 0.028125 0.031250
0 0.237500 0.914062 0.031250 0.028125
0 0.101562 0.260937 0.028125 0.028125
0 0.907813 0.103125 0.028125 0.031250
0 0.909375 0.071875 0.031250 0.031250
0 0.753125 0.737500 0.031250 0.031250
0 0.518750 0.410938 0.031250 0.028125
0 0.489063 0.132812 0.028125 0.028125
0 0.351562 0.895312 0.028125 0.028125
0 0.709375 0.059375 0.031250 0.031250
0 0.548438 0.260937 0.028125 0.028125
0 0.156250 0.065625 0.031250 0.031250
0 0.210938 0.523438 0.028125 0.028125
0 0.475000 0.809375 0.031250 0.031250
0 0.518750 0.278125 0.031250 0.031250
0 0.268750 0.328125 0.031250 0.031250
0 0.185938 0.179688 0.028125 0.028125
0 0.710938 0.190625 0.028125 0.031250
0 0.157812 0.260937 0.028125 0.028125
0 0.654687 0.495312 0.028125 0.028125
0 0.151562 0.720313 0.028125 0.028125
0 0.098437 0.654687 0.028125 0.028125
0 0.323437 0.132812 0.028125 0.028125
0 0.039062 0.617188 0.028125 0.028125
0 0.195312 0.842187 0.028125 0.028125
0 0.378125 0.068750 0.031250 0.031250
0 0.910937 0.901563 0.028125 0.028125
0 0.046875 0.915625 0.031250 0.031250
0 0.656250 0.328125 0.031250 0.031250
0 0.518750 0.342187 0.031250 0.028125
0 0.682813 0.310937 0.028125 0.028125
0 0.643750 0.796875 0.031250 0.031250
0 0.629687 0.510938 0.028125 0.028125
0 0.629687 0.176563 0.028125 0.028125
0 0.851562 0.229687 0.028125 0.028125
0 0.129688 0.046875 0.028125 0.031250
0 0.545312 0.393750 0.028125 0.031250
0 0.323437 0.590625 0.028125 0.031250
0 0.292187 0.784375 0.028125 0.031250
0 0.475000 0.776563 0.031250 0.028125
0 0.726562 0.784375 0.028125 0.031250
0 0.601562 0.393750 0.028125 0.031250
0 0.214062 0.065625 0.028125 0.031250
0 0.492188 0.326562 0.028125 0.028125
0 0.932813 0.275000 0.028125 0.025000
0 0.192188 0.898438 0.028125 0.028125
0 0.960938 0.353125 0.028125 0.031250
0 0.073438 0.243750 0.028125 0.031250
0 0.018750 0.179688 0.031250 0.028125
0 0.643750 0.762500 0.031250 0.031250
0 0.160938 0.895312 0.028125 0.028125
0 0.667188 0.846875 0.028125 0.031250
0 0.685937 0.576562 0.028125 0.028125
0 0.604688 0.904687 0.028125 0.028125
0 0.879687 0.025000 0.028125 0.031250
0 0.876563 0.370312 0.028125 0.028125
0 0.764062 0.432812 0.028125 0.028125
0 0.101562 0.293750 0.028125 0.031250
0 0.767188 0.062500 0.028125 0.031250
0 0.485938 0.957812 0.028125 0.028125
0 0.489063 0.065625 0.028125 0.031250
0 0.792188 0.482812 0.028125 0.028125
0 0.737500 0.940625 0.031250 0.031250
0 0.379688 0.393750 0.028125 0.031250
0 0.710938 0.495312 0.028125 0.028125
0 0.343750 0.960938 0.031250 0.028125
0 0.739062 0.142187 0.028125 0.028125
0 0.545312 0.426563 0.028125 0.028125
0 0.710938 0.526563 0.028125 0.028125
0 0.628125 0.410938 0.031250 0.028125
0 0.764062 0.495312 0.028125 0.028125
0 0.820312 0.401562 0.028125 0.028125
0 0.212500 0.129688 0.031250 0.028125
0 0.289062 0.954688 0.028125 0.028125
0 0.351562 0.117188 0.028125 0.028125
0 0.185938 0.507812 0.028125 0.028125
0 0.332813 0.812500 0.028125 0.031250
0 0.656250 0.362500 0.031250 0.031250
0 0.696875 0.835938 0.031250 0.028125
0 0.070312 0.539062 0.028125 0.028125
0 0.737500 0.175000 0.031250 0.031250
0 0.829688 0.906250 0.028125 0.031250
0 0.407813 0.901563 0.028125 0.028125
0 0.737500 0.207813 0.031250 0.028125
0 0.184375 0.440625 0.031250 0.031250
0 0.739062 0.445312 0.028125 0.028125
0 0.307812 0.751563 0.028125 0.028125
0 0.126562 0.570312 0.028125 0.028125
0 0.576562 0.607812 0.028125 0.028125
0 0.935937 0.623437 0.028125 0.028125
0 0.043750 0.392188 0.031250 0.028125
0 0.682813 0.545312 0.028125 0.028125
0 0.545312 0.128125 0.028125 0.031250
0 0.351562 0.082812 0.028125 0.028125
0 0.935937 0.023438 0.028125 0.028125
0 0.682813 0.476562 0.028125 0.028125
0 0.904687 0.385937 0.028125 0.028125
0 0.820312 0.370312 0.028125 0.028125
0 0.182812 0.604688 0.028125 0.028125
0 0.242188 0.179688 0.028125 0.028125
0 0.353125 0.181250 0.031250 0.031250
0 0.129688 0.179688 0.028125 0.028125
0 0.407813 0.117188 0.028125 0.028125
0 0.876563 0.339062 0.028125 0.028125
0 0.128125 0.212500 0.031250 0.031250
0 0.546875 0.329688 0.031250 0.028125
0 0.181250 0.673438 0.031250 0.028125
0 0.462500 0.148438 0.031250 0.028125
0 0.325000 0.392188 0.031250 0.028125
0 0.682813 0.445312 0.028125 0.028125
0 0.629687 0.476562 0.028125 0.028125
0 0.628125 0.610938 0.031250 0.028125
0 0.884375 0.914062 0.031250 0.028125
0 0.379688 0.132812 0.028125 0.028125
0 0.295312 0.345313 0.028125 0.028125
0 0.045312 0.064062 0.028125 0.028125
0 0.214062 0.423438 0.028125 0.028125
0 0.071875 0.504687 0.031250 0.028125
0 0.153125 0.620313 0.031250 0.028125
0 0.795312 0.951562 0.028125 0.028125
0 0.326562 0.326562 0.028125 0.028125
0 0.103125 0.423438 0.031250 0.028125
0 0.381250 0.425000 0.031250 0.031250
0 0.545312 0.064062 0.028125 0.028125
0 0.879687 0.054688 0.028125 0.028125
0 0.753125 0.704688 0.031250 0.028125
0 0.351562 0.473438 0.028125 0.028125
0 0.154688 0.587500 0.028125 0.031250
0 0.848437 0.292187 0.028125 0.028125
0 0.598437 0.939063 0.028125 0.028125
0 0.518750 0.573438 0.031250 0.028125
0 0.939063 0.118750 0.028125 0.031250
0 0.351562 0.214062 0.028125 0.028125
0 0.790625 0.276562 0.031250 0.028125
0 0.967187 0.039062 0.028125 0.028125
0 0.904687 0.576562 0.028125 0.028125
0 0.379688 0.457813 0.028125 0.028125
0 0.765625 0.190625 0.031250 0.031250
0 0.739062 0.414062 0.028125 0.028125
0 0.157812 0.229687 0.028125 0.028125
0 0.492188 0.165625 0.028125 0.031250
0 0.654687 0.429688 0.028125 0.028125
0 0.043750 0.259375 0.031250 0.031250
0 0.129688 0.278125 0.028125 0.031250
0 0.850000 0.959375 0.031250 0.031250
0 0.853125 0.167187 0.031250 0.028125
0 0.601562 0.131250 0.028125 0.031250
0 0.492188 0.557813 0.028125 0.028125
0 0.837500 0.842187 0.031250 0.028125
0 0.128125 0.112500 0.031250 0.031250
0 0.326562 0.229687 0.028125 0.028125
0 0.601562 0.096875 0.028125 0.031250
0 0.064062 0.767188 0.028125 0.028125
0 0.489063 0.032813 0.028125 0.028125
0 0.154688 0.523438 0.028125 0.028125
0 0.601562 0.226562 0.028125 0.028125
0 0.820312 0.435937 0.028125 0.028125
0 0.468750 0.675000 0.031250 0.031250
0 0.434375 0.034375 0.031250 0.031250
0 0.243750 0.810937 0.025000 0.028125
0 0.764062 0.223438 0.028125 0.028125
0 0.157812 0.031250 0.028125 0.031250
0 0.046875 0.096875 0.031250 0.031250
0 0.268750 0.392188 0.031250 0.028125
0 0.628125 0.378125 0.031250 0.031250
0 0.123438 0.951562 0.028125 0.028125
0 0.126562 0.604688 0.028125 0.028125
0 0.242188 0.507812 0.028125 0.028125
0 0.298438 0.245312 0.028125 0.028125
0 0.728125 0.753125 0.031250 0.031250
0 0.842187 0.810937 0.028125 0.028125
0 0.343750 0.756250 0.031250 0.031250
0 0.123438 0.670312 0.028125 0.028125
0 0.434375 0.101562 0.031250 0.028125
0 0.931250 0.401562 0.031250 0.028125
0 0.601562 0.529687 0.028125 0.028125
0 0.654687 0.560937 0.028125 0.028125
0 0.184375 0.081250 0.031250 0.031250
0 0.737500 0.043750 0.031250 0.031250
0 0.442188 0.857812 0.028125 0.028125
0 0.101562 0.160938 0.028125 0.028125
0 0.664062 0.879687 0.028125 0.028125
0 0.656250 0.528125 0.031250 0.031250
0 0.434375 0.065625 0.031250 0.031250
0 0.503125 0.759375 0.031250 0.031250
0 0.960938 0.385937 0.028125 0.028125
0 0.526563 0.739062 0.028125 0.028125
0 0.710938 0.464062 0.028125 0.028125
0 0.026562 0.942187 0.028125 0.028125
0 0.518750 0.476562 0.031250 0.028125
0 0.214062 0.326562 0.028125 0.028125
0 0.156250 0.328125 0.031250 0.031250
0 0.151562 0.687500 0.028125 0.031250
0 0.090625 0.784375 0.031250 0.031250
0 0.710938 0.159375 0.028125 0.031250
0 0.603125 0.657813 0.031250 0.028125
0 0.526563 0.815625 0.028125 0.031250
0 0.545312 0.160938 0.028125 0.028125
0 0.154688 0.554688 0.028125 0.028125
0 0.601562 0.160938 0.028125 0.028125
0 0.434375 0.428125 0.031250 0.031250
0 0.851562 0.040625 0.028125 0.031250
0 0.410938 0.870313 0.028125 0.028125
0 0.629687 0.309375 0.028125 0.031250
0 0.214062 0.228125 0.028125 0.031250
0 0.296875 0.540625 0.031250 0.031250
0 0.326562 0.295312 0.028125 0.028125
0 0.818750 0.307812 0.031250 0.034375
0 0.018750 0.145313 0.031250 0.028125
0 0.628125 0.110937 0.031250 0.028125
0 0.873437 0.467187 0.028125 0.028125
0 0.460938 0.573438 0.028125 0.028125
0 0.414062 0.835938 0.028125 0.028125
0 0.707812 0.398438 0.028125 0.028125
0 0.154688 0.295312 0.028125 0.028125
0 0.701562 0.767188 0.028125 0.028125
0 0.298438 0.440625 0.028125 0.031250
0 0.268750 0.098437 0.031250 0.028125
0 0.573438 0.476562 0.028125 0.028125
0 0.242188 0.212500 0.028125 0.031250
0 0.931250 0.339062 0.031250 0.028125
0 0.654687 0.192188 0.028125 0.028125
0 0.179688 0.704688 0.028125 0.028125
0 0.295312 0.150000 0.028125 0.031250
0 0.910937 0.935937 0.028125 0.028125
0 0.976562 0.231250 0.028125 0.031250
0 0.434375 0.393750 0.031250 0.031250
0 0.629687 0.545312 0.028125 0.028125
0 0.407813 0.507812 0.028125 0.028125
0 0.682813 0.415625 0.028125 0.031250
0 0.873437 0.404687 0.028125 0.028125
0 0.518750 0.081250 0.031250 0.031250
0 0.520312 0.639062 0.028125 0.028125
0 0.790625 0.384375 0.031250 0.031250
0 0.273438 0.810937 0.028125 0.028125
0 0.603125 0.329688 0.031250 0.028125
0 0.350000 0.048438 0.031250 0.028125
0 0.678125 0.965625 0.031250 0.031250
0 0.595313 0.970313 0.028125 0.028125
0 0.496875 0.692187 0.031250 0.028125
0 0.018750 0.046875 0.031250 0.031250
0 0.043750 0.031250 0.031250 0.031250
0 0.101562 0.128125 0.028125 0.031250
0 0.242188 0.148438 0.028125 0.028125
0 0.017188 0.212500 0.028125 0.031250
0 0.293750 0.571875 0.031250 0.031250
0 0.712500 0.092188 0.031250 0.028125
0 0.293750 0.606250 0.031250 0.031250
0 0.465625 0.637500 0.031250 0.031250
0 0.739062 0.575000 0.028125 0.031250
0 0.598437 0.429688 0.028125 0.028125
0 0.940625 0.787500 0.031250 0.031250
0 0.289062 0.723437 0.028125 0.028125
0 0.329688 0.842187 0.028125 0.028125
0 0.492188 0.393750 0.028125 0.031250
0 0.514062 0.945312 0.028125 0.028125
0 0.128125 0.343750 0.031250 0.031250
0 0.212500 0.457813 0.031250 0.028125
0 0.096875 0.892188 0.031250 0.028125
0 0.207813 0.753125 0.028125 0.031250
0 0.268750 0.264062 0.031250 0.028125
0 0.679688 0.035937 0.034375 0.034375
0 0.326562 0.489063 0.028125 0.028125
0 0.700000 0.734375 0.031250 0.031250
0 0.290625 0.642188 0.031250 0.028125
0 0.489063 0.525000 0.028125 0.031250
0 0.032813 0.885938 0.028125 0.028125
0 0.296875 0.507812 0.031250 0.028125
0 0.489063 0.100000 0.028125 0.031250
0 0.576562 0.675000 0.028125 0.031250
0 0.846875 0.354687 0.031250 0.028125
0 0.682813 0.510938 0.028125 0.028125
0 0.351562 0.148438 0.028125 0.028125
0 0.545312 0.460938 0.028125 0.028125
0 0.157812 0.392188 0.028125 0.028125
0 0.242188 0.245312 0.028125 0.028125
0 0.546875 0.096875 0.031250 0.031250
0 0.435937 0.492188 0.028125 0.028125
0 0.629687 0.445312 0.028125 0.028125
0 0.128125 0.409375 0.031250 0.031250
0 0.295312 0.279687 0.028125 0.028125
0 0.904687 0.607812 0.028125 0.028125
0 0.818750 0.340625 0.031250 0.031250
0 0.182812 0.539062 0.028125 0.028125
0 0.492188 0.262500 0.028125 0.031250
0 0.598437 0.462500 0.028125 0.031250
0 0.045312 0.196875 0.028125 0.031250
0 0.973437 0.839063 0.028125 0.028125
0 0.489063 0.426563 0.028125 0.028125
0 0.123438 0.701562 0.028125 0.028125
0 0.909375 0.165625 0.031250 0.031250
0 0.498437 0.860938 0.028125 0.028125
0 0.904687 0.323437 0.028125 0.028125
0 0.950000 0.215625 0.031250 0.031250
0 0.385937 0.851562 0.028125 0.028125
0 0.462500 0.082812 0.031250 0.028125
0 0.043750 0.456250 0.031250 0.031250
0 0.682813 0.379688 0.028125 0.028125
0 0.879687 0.945312 0.028125 0.028125
0 0.654687 0.460938 0.028125 0.028125
0 0.379688 0.556250 0.028125 0.031250
0 0.128125 0.504687 0.031250 0.028125
0 0.764062 0.400000 0.028125 0.031250
0 0.818750 0.278125 0.031250 0.031250
0 0.182812 0.473438 0.028125 0.028125
0 0.523438 0.848437 0.028125 0.028125
0 0.682813 0.346875 0.028125 0.031250
0 0.157812 0.096875 0.028125 0.031250
0 0.351562 0.279687 0.028125 0.028125
0 0.460938 0.379688 0.028125 0.028125
0 0.435937 0.198437 0.028125 0.028125
0 0.654687 0.592187 0.028125 0.028125
0 0.517188 0.112500 0.028125 0.031250
0 0.407813 0.409375 0.028125 0.031250
0 0.546875 0.296875 0.031250 0.031250
0 0.239063 0.570312 0.028125 0.028125
0 0.767188 0.123438 0.028125 0.028125
0 0.601562 0.559375 0.028125 0.031250
0 0.846875 0.451562 0.025000 0.028125
0 0.907813 0.965625 0.034375 0.031250
0 0.340625 0.698438 0.031250 0.034375
0 0.601562 0.296875 0.028125 0.031250
0 0.295312 0.376563 0.028125 0.028125
0 0.257812 0.782813 0.028125 0.028125
0 0.685937 0.607812 0.028125 0.028125
0 0.179688 0.639062 0.028125 0.028125
0 0.237500 0.703125 0.031250 0.031250
0 0.556250 0.803125 0.031250 0.031250
0 0.240625 0.115625 0.031250 0.031250
0 0.518750 0.445312 0.031250 0.028125
0 0.865625 0.665625 0.031250 0.031250
0 0.545312 0.493750 0.028125 0.031250
0 0.781250 0.720313 0.031250 0.028125
0 0.409375 0.609375 0.031250 0.031250
0 0.739062 0.514062 0.028125 0.028125
0 0.268750 0.523438 0.031250 0.028125
0 0.407813 0.310937 0.028125 0.028125
0 0.182812 0.570312 0.028125 0.028125
0 0.735938 0.384375 0.028125 0.031250
0 0.326562 0.873437 0.028125 0.028125
0 0.298438 0.889062 0.028125 0.028125
0 0.496875 0.831250 0.031250 0.031250
0 0.510938 0.976562 0.028125 0.028125
0 0.654687 0.159375 0.028125 0.031250
0 0.046875 0.128125 0.031250 0.031250
0 0.101562 0.226562 0.028125 0.028125
0 0.296875 0.473438 0.031250 0.028125
0 0.296875 0.050000 0.031250 0.031250
0 0.879687 0.148438 0.028125 0.028125
0 0.042188 0.585938 0.028125 0.028125
0 0.710938 0.362500 0.028125 0.031250
0 0.520312 0.607812 0.028125 0.028125
0 0.673438 0.750000 0.034375 0.031250
0 0.854688 0.135937 0.028125 0.028125
0 0.409375 0.681250 0.031250 0.031250
0 0.407813 0.214062 0.028125 0.028125
0 0.184375 0.409375 0.031250 0.031250
0 0.325000 0.425000 0.031250 0.031250
0 0.268750 0.034375 0.031250 0.031250
0 0.384375 0.660937 0.031250 0.028125
0 0.407813 0.279687 0.028125 0.028125
0 0.782813 0.784375 0.028125 0.031250
0 0.639062 0.826562 0.028125 0.028125
0 0.323437 0.457813 0.028125 0.028125
0 0.351562 0.376563 0.028125 0.028125
0 0.101562 0.328125 0.028125 0.031250
0 0.657813 0.621875 0.028125 0.031250
0 0.793750 0.043750 0.031250 0.031250
0 0.257812 0.728125 0.028125 0.031250
0 0.473438 0.745313 0.028125 0.028125
0 0.946875 0.857812 0.031250 0.028125
0 0.239063 0.082812 0.028125 0.028125
0 0.953125 0.759375 0.031250 0.031250
0 0.628125 0.279687 0.031250 0.028125
0 0.882812 0.085938 0.028125 0.028125
0 0.210938 0.585938 0.028125 0.028125
0 0.314063 0.667188 0.034375 0.034375
0 0.407813 0.442188 0.028125 0.028125
0 0.059375 0.946875 0.031250 0.031250
0 0.900000 0.782813 0.031250 0.034375
0 0.242188 0.540625 0.028125 0.031250
0 0.909375 0.040625 0.031250 0.031250
0 0.464062 0.410938 0.028125 0.028125
0 0.212500 0.492188 0.031250 0.028125
0 0.017188 0.112500 0.028125 0.031250
0 0.464062 0.117188 0.028125 0.028125
0 0.351562 0.310937 0.028125 0.028125
0 0.073438 0.343750 0.028125 0.031250
0 0.325000 0.556250 0.031250 0.031250
0 0.710938 0.223438 0.028125 0.028125
0 0.931250 0.435937 0.031250 0.028125
0 0.935937 0.470313 0.028125 0.028125
0 0.440625 0.721875 0.031250 0.031250
0 0.631250 0.678125 0.031250 0.031250
0 0.764062 0.467187 0.028125 0.028125
0 0.576562 0.639062 0.028125 0.028125
0 0.920312 0.839063 0.028125 0.028125
0 0.601562 0.362500 0.028125 0.031250
0 0.323437 0.034375 0.028125 0.031250
0 0.496875 0.726562 0.031250 0.028125
0 0.435937 0.457813 0.028125 0.028125
0 0.354687 0.789062 0.028125 0.028125
0 0.820312 0.467187 0.028125 0.028125
0 0.379688 0.489063 0.028125 0.028125
0 0.435937 0.359375 0.028125 0.031250
0 0.417187 0.804688 0.028125 0.028125
0 0.600000 0.032813 0.031250 0.034375
0 0.632812 0.035937 0.034375 0.034375
0 0.210938 0.554688 0.028125 0.028125
0 0.379688 0.198437 0.028125 0.028125
0 0.362500 0.728125 0.031250 0.031250
0 0.435937 0.523438 0.028125 0.028125
0 0.910937 0.198437 0.028125 0.028125
0 0.242188 0.376563 0.028125 0.028125
0 0.348438 0.926562 0.028125 0.028125
0 0.462500 0.539062 0.025000 0.028125
0 0.043750 0.229687 0.031250 0.028125
0 0.351562 0.604688 0.028125 0.028125
0 0.932813 0.589063 0.028125 0.028125
0 0.306250 0.700000 0.031250 0.031250
0 0.960938 0.323437 0.028125 0.028125
0 0.603125 0.592187 0.031250 0.028125
0 0.407813 0.050000 0.028125 0.031250
0 0.601562 0.262500 0.028125 0.031250
0 0.464062 0.342187 0.028125 0.028125
0 0.407813 0.473438 0.028125 0.028125
0 0.846875 0.420312 0.031250 0.028125
0 0.242188 0.312500 0.028125 0.031250
0 0.657813 0.657813 0.028125 0.028125
0 0.489063 0.457813 0.028125 0.028125
0 0.379688 0.328125 0.028125 0.031250
0 0.259375 0.967187 0.031250 0.028125
0 0.296875 0.409375 0.031250 0.031250
0 0.317188 0.939063 0.028125 0.028125
0 0.764062 0.259375 0.028125 0.031250
0 0.901563 0.545312 0.028125 0.028125
0 0.470313 0.707812 0.028125 0.028125
0 0.242188 0.276562 0.028125 0.028125
0 0.753125 0.835938 0.031250 0.028125
0 0.548438 0.659375 0.034375 0.031250
0 0.164062 0.782813 0.028125 0.028125
0 0.714063 0.592187 0.028125 0.028125
0 0.268750 0.667188 0.031250 0.034375
0 0.687500 0.900000 0.031250 0.031250
0 0.967187 0.135937 0.028125 0.028125
0 0.410938 0.639062 0.028125 0.028125
0 0.610938 0.842187 0.028125 0.028125
0 0.904687 0.482812 0.028125 0.028125
0 0.792188 0.514062 0.028125 0.028125
0 0.576562 0.889062 0.028125 0.028125
0 0.492188 0.589063 0.028125 0.028125
0 0.565625 0.765625 0.031250 0.031250
0 0.242188 0.409375 0.028125 0.031250
0 0.460938 0.507812 0.028125 0.028125
0 0.764062 0.529687 0.028125 0.028125
0 0.965625 0.909375 0.031250 0.031250
0 0.104688 0.978125 0.028125 0.031250
0 0.378125 0.034375 0.031250 0.031250
0 0.823438 0.026562 0.028125 0.028125
0 0.154688 0.164062 0.028125 0.028125
0 0.971875 0.875000 0.031250 0.031250
0 0.712500 0.626563 0.031250 0.028125
0 0.462500 0.050000 0.031250 0.031250
0 0.765625 0.962500 0.031250 0.031250
0 0.548438 0.898438 0.028125 0.028125
0 0.573438 0.410938 0.028125 0.028125
0 0.351562 0.248438 0.028125 0.028125
0 0.629687 0.210938 0.028125 0.028125
0 0.325000 0.725000 0.031250 0.031250
0 0.975000 0.198437 0.031250 0.034375
0 0.231250 0.946875 0.031250 0.031250
0 0.379688 0.523438 0.028125 0.028125
0 0.737500 0.479687 0.025000 0.028125
0 0.129688 0.440625 0.028125 0.031250
0 0.740625 0.675000 0.031250 0.031250
0 0.373437 0.946875 0.028125 0.031250
0 0.957812 0.420312 0.028125 0.028125
0 0.351562 0.507812 0.028125 0.028125
0 0.682813 0.175000 0.028125 0.025000
0 0.400000 0.967187 0.025000 0.028125
0 0.539062 0.964063 0.028125 0.028125
0 0.101562 0.456250 0.028125 0.031250
0 0.960938 0.257812 0.028125 0.028125
0 0.268750 0.489063 0.031250 0.028125
0 0.043750 0.487500 0.031250 0.031250
0 0.157812 0.457813 0.028125 0.028125
0 0.881250 0.628125 0.031250 0.031250
0 0.017188 0.243750 0.028125 0.031250
0 0.489063 0.492188 0.028125 0.028125
0 0.625000 0.957812 0.031250 0.028125
0 0.271875 0.700000 0.031250 0.031250
0 0.812500 0.790625 0.031250 0.031250
0 0.960938 0.450000 0.028125 0.031250
0 0.515625 0.017188 0.031250 0.028125
0 0.781250 0.815625 0.031250 0.031250
0 0.968750 0.806250 0.031250 0.031250
0 0.123438 0.735938 0.028125 0.028125
0 0.098437 0.489063 0.028125 0.028125
0 0.351562 0.410938 0.028125 0.028125
0 0.154688 0.492188 0.028125 0.028125
0 0.771875 0.571875 0.031250 0.031250
0 0.157812 0.951562 0.028125 0.028125
0 0.175000 0.925000 0.031250 0.031250
0 0.418750 0.771875 0.031250 0.031250
0 0.464062 0.442188 0.028125 0.028125
0 0.375000 0.759375 0.031250 0.031250
0 0.207813 0.926562 0.028125 0.028125
0 0.351562 0.342187 0.028125 0.028125
0 0.493750 0.656250 0.031250 0.031250
0 0.053125 0.859375 0.031250 0.031250
0 0.184375 0.017188 0.031250 0.028125
0 0.517188 0.509375 0.028125 0.025000
0 0.709375 0.684375 0.031250 0.031250
0 0.200000 0.959375 0.031250 0.031250
0 0.964063 0.975000 0.028125 0.031250
0 0.295312 0.214062 0.028125 0.028125
0 0.267188 0.554688 0.028125 0.028125
0 0.235937 0.604688 0.028125 0.028125
0 0.593750 0.750000 0.031250 0.031250
0 0.353125 0.668750 0.031250 0.031250
0 0.937500 0.734375 0.031250 0.031250
0 0.323437 0.525000 0.028125 0.031250
0 0.654687 0.945312 0.028125 0.028125
0 0.525000 0.707812 0.031250 0.028125
0 0.323437 0.164062 0.028125 0.028125
0 0.492188 0.623437 0.028125 0.028125
0 0.207813 0.656250 0.028125 0.031250
0 0.615625 0.778125 0.031250 0.031250
0 0.882812 0.120313 0.028125 0.028125
0 0.820312 0.560937 0.028125 0.028125
0 0.965625 0.942187 0.031250 0.028125
0 0.525000 0.675000 0.031250 0.031250
0 0.445312 0.785937 0.028125 0.028125
0 0.214062 0.032813 0.028125 0.028125
0 0.378125 0.915625 0.025000 0.025000
0 0.814063 0.725000 0.028125 0.031250
0 0.464062 0.604688 0.028125 0.028125
0 0.017188 0.375000 0.028125 0.031250
0 0.571875 0.017188 0.031250 0.028125
0 0.407813 0.376563 0.028125 0.028125
0 0.679688 0.207813 0.028125 0.028125
0 0.442188 0.753125 0.028125 0.031250
0 0.351562 0.442188 0.028125 0.028125
0 0.268750 0.456250 0.031250 0.031250
0 0.435937 0.623437 0.028125 0.028125
0 0.103125 0.357812 0.031250 0.028125
0 0.437500 0.590625 0.031250 0.031250
0 0.210938 0.098437 0.028125 0.028125
0 0.410938 0.571875 0.028125 0.031250
0 0.573438 0.576562 0.028125 0.028125
0 0.017188 0.342187 0.028125 0.028125
0 0.321875 0.625000 0.031250 0.031250
0 0.570312 0.442188 0.028125 0.028125
0 0.831250 0.696875 0.031250 0.031250
0 0.151562 0.653125 0.028125 0.031250
0 0.710938 0.560937 0.028125 0.028125
0 0.939063 0.151562 0.028125 0.028125
0 0.242188 0.442188 0.028125 0.028125
0 0.517188 0.542188 0.028125 0.028125
0 0.370312 0.978125 0.028125 0.025000
0 0.796875 0.693750 0.031250 0.031250
0 0.601562 0.626563 0.028125 0.028125
0 0.439063 0.690625 0.028125 0.031250
0 0.207813 0.620313 0.028125 0.028125
0 0.767188 0.031250 0.034375 0.031250
0 0.017188 0.275000 0.028125 0.031250
0 0.656250 0.293750 0.031250 0.031250
0 0.350000 0.637500 0.031250 0.031250
0 0.870313 0.795312 0.028125 0.028125
0 0.740625 0.642188 0.031250 0.034375
0 0.820312 0.529687 0.028125 0.028125
0 0.676562 0.684375 0.028125 0.031250
0 0.737500 0.242188 0.031250 0.028125
0 0.792188 0.545312 0.028125 0.028125
0 0.237500 0.637500 0.031250 0.031250
0 0.690625 0.656250 0.031250 0.031250
0 0.267188 0.589063 0.028125 0.028125
0 0.896875 0.657813 0.031250 0.028125
0 0.462500 0.017188 0.031250 0.028125
0 0.909375 0.132812 0.025000 0.028125
0 0.021875 0.854688 0.031250 0.034375
0 0.268750 0.426563 0.031250 0.028125
0 0.959375 0.506250 0.031250 0.031250
0 0.403125 0.743750 0.031250 0.031250
0 0.017188 0.912500 0.028125 0.031250
0 0.128125 0.475000 0.031250 0.031250
0 0.207813 0.689063 0.028125 0.028125
0 0.810937 0.820312 0.028125 0.028125
0 0.862500 0.698438 0.031250 0.028125
0 0.875000 0.564063 0.031250 0.028125
0 0.546875 0.590625 0.031250 0.031250
0 0.556250 0.700000 0.031250 0.031250
0 0.435937 0.554688 0.028125 0.028125
0 0.818750 0.667188 0.031250 0.034375
0 0.435937 0.132812 0.028125 0.028125
0 0.100000 0.390625 0.031250 0.031250
0 0.604688 0.689063 0.028125 0.028125
0 0.962500 0.603125 0.031250 0.031250
0 0.814063 0.756250 0.028125 0.031250
0 0.970313 0.687500 0.034375 0.031250
0 0.409375 0.712500 0.031250 0.031250
0 0.970313 0.170313 0.028125 0.028125
0 0.878125 0.978125 0.031250 0.031250
0 0.940625 0.182812 0.031250 0.028125
0 0.650000 0.978125 0.031250 0.031250
0 0.159375 0.425000 0.031250 0.031250
0 0.017188 0.570312 0.028125 0.028125
0 0.846875 0.546875 0.031250 0.031250
0 0.820312 0.498437 0.028125 0.028125
0 0.931250 0.653125 0.031250 0.031250
0 0.017188 0.471875 0.028125 0.031250
0 0.240625 0.017188 0.031250 0.028125
0 0.351562 0.573438 0.028125 0.028125
0 0.235937 0.673438 0.028125 0.028125
0 0.892188 0.687500 0.028125 0.031250
0 0.575000 0.510938 0.025000 0.028125
0 0.807813 0.590625 0.028125 0.031250
0 0.014063 0.539062 0.028125 0.028125
0 0.709375 0.028125 0.031250 0.031250
0 0.017188 0.503125 0.028125 0.031250
0 0.017188 0.406250 0.028125 0.031250
0 0.017188 0.439063 0.028125 0.028125
0 0.300000 0.856250 0.031250 0.031250
0 0.921875 0.762500 0.031250 0.031250
0 0.850000 0.637500 0.031250 0.031250
0 0.931250 0.557813 0.031250 0.028125
0 0.229687 0.978125 0.028125 0.031250
0 0.351562 0.539062 0.028125 0.028125
0 0.264062 0.620313 0.028125 0.028125
0 0.737500 0.543750 0.025000 0.025000
0 0.014063 0.310937 0.028125 0.028125
0 0.557813 0.734375 0.028125 0.031250
0 0.901563 0.514062 0.028125 0.028125
0 0.964063 0.634375 0.028125 0.031250
0 0.587500 0.717187 0.031250 0.028125
0 0.131250 0.015625 0.031250 0.031250
0 0.904687 0.732812 0.028125 0.028125
0 0.728125 0.720313 0.031250 0.028125
0 0.959375 0.571875 0.031250 0.031250
0 0.790625 0.979688 0.025000 0.028125
0 0.409375 0.540625 0.025000 0.025000
0 0.937500 0.682813 0.031250 0.028125
0 0.771875 0.678125 0.031250 0.031250
0 0.071875 0.014063 0.031250 0.028125
0 0.931250 0.525000 0.031250 0.031250
0 0.662500 0.712500 0.031250 0.031250
0 0.964063 0.718750 0.034375 0.031250
0 0.135937 0.976562 0.028125 0.028125
0 0.871875 0.731250 0.031250 0.031250
0 0.832812 0.610938 0.028125 0.028125
0 0.565625 0.979688 0.025000 0.021875
0 0.014063 0.603125 0.028125 0.025000
