0 0.765625 0.142187 0.031250 0.028125
0 0.765625 0.106250 0.031250 0.031250
0 0.087500 0.920312 0.025000 0.028125
0 0.734375 0.090625 0.031250 0.031250
0 0.201563 0.056250 0.034375 0.037500
0 0.793750 0.090625 0.031250 0.031250
0 0.734375 0.481250 0.031250 0.031250
0 0.450000 0.220312 0.031250 0.028125
0 0.278125 0.215625 0.031250 0.031250
0 0.734375 0.675000 0.031250 0.031250
0 0.707812 0.173437 0.028125 0.028125
0 0.728125 0.878125 0.031250 0.031250
0 0.654687 0.820312 0.028125 0.028125
0 0.625000 0.735938 0.031250 0.028125
0 0.668750 0.850000 0.031250 0.031250
0 0.323437 0.121875 0.028125 0.031250
0 0.676562 0.090625 0.028125 0.031250
0 0.650000 0.140625 0.031250 0.031250
0 0.815625 0.768750 0.031250 0.031250
0 0.593750 0.075000 0.031250 0.031250
0 0.184375 0.234375 0.031250 0.031250
0 0.142187 0.087500 0.028125 0.031250
0 0.234375 0.106250 0.031250 0.031250
0 0.764062 0.595313 0.028125 0.028125
0 0.035937 0.882812 0.028125 0.028125
0 0.600000 0.856250 0.031250 0.031250
0 0.709375 0.787500 0.031250 0.031250
0 0.182812 0.200000 0.028125 0.031250
0 0.482812 0.076563 0.028125 0.028125
0 0.623437 0.701562 0.028125 0.028125
0 0.693750 0.831250 0.031250 0.031250
0 0.795312 0.123438 0.028125 0.028125
0 0.454688 0.157812 0.028125 0.028125
0 0.428125 0.878125 0.031250 0.031250
0 0.323437 0.670312 0.028125 0.028125
0 0.484375 0.846875 0.031250 0.031250
0 0.706250 0.690625 0.031250 0.031250
0 0.821875 0.109375 0.031250 0.031250
0 0.639062 0.867188 0.028125 0.028125
0 0.734375 0.640625 0.031250 0.031250
0 0.539062 0.204687 0.028125 0.028125
0 0.792188 0.157812 0.028125 0.028125
0 0.335938 0.282813 0.028125 0.028125
0 0.284375 0.065625 0.031250 0.031250
0 0.250000 0.231250 0.031250 0.031250
0 0.484375 0.814063 0.031250 0.028125
0 0.425000 0.109375 0.031250 0.031250
0 0.704688 0.075000 0.028125 0.031250
0 0.173437 0.103125 0.028125 0.031250
0 0.621875 0.771875 0.031250 0.031250
0 0.539062 0.140625 0.028125 0.031250
0 0.203125 0.121875 0.031250 0.031250
0 0.256250 0.050000 0.031250 0.031250
0 0.114062 0.070312 0.028125 0.028125
0 0.787500 0.843750 0.031250 0.031250
0 0.821875 0.140625 0.031250 0.031250
0 0.126562 0.231250 0.028125 0.031250
0 0.792188 0.807813 0.034375 0.034375
0 0.564063 0.059375 0.028125 0.031250
0 0.278125 0.251563 0.031250 0.028125
0 0.535937 0.075000 0.028125 0.031250
0 0.126562 0.200000 0.028125 0.031250
0 0.314063 0.079687 0.028125 0.028125
0 0.623437 0.154688 0.028125 0.028125
0 0.565625 0.220312 0.031250 0.028125
0 0.706250 0.109375 0.031250 0.031250
0 0.654687 0.170313 0.028125 0.028125
0 0.370312 0.873437 0.028125 0.028125
0 0.734375 0.543750 0.031250 0.031250
0 0.485938 0.878125 0.028125 0.031250
0 0.735938 0.126562 0.028125 0.028125
0 0.453125 0.189062 0.031250 0.028125
0 0.356250 0.559375 0.031250 0.031250
0 0.676562 0.481250 0.028125 0.031250
0 0.260937 0.089063 0.028125 0.028125
0 0.698438 0.898438 0.028125 0.028125
0 0.334375 0.250000 0.031250 0.031250
0 0.610938 0.917188 0.028125 0.028125
0 0.765625 0.173437 0.031250 0.028125
0 0.784375 0.910937 0.031250 0.028125
0 0.537500 0.109375 0.031250 0.031250
0 0.646875 0.075000 0.031250 0.031250
0 0.448437 0.285938 0.028125 0.028125
0 0.735938 0.157812 0.028125 0.028125
0 0.395313 0.062500 0.028125 0.031250
0 0.704688 0.496875 0.028125 0.031250
0 0.753125 0.790625 0.031250 0.031250
0 0.623437 0.670312 0.028125 0.028125
0 0.267188 0.670312 0.028125 0.028125
0 0.365625 0.168750 0.031250 0.031250
0 0.537500 0.173437 0.031250 0.028125
0 0.215625 0.218750 0.031250 0.031250
0 0.268750 0.184375 0.031250 0.031250
0 0.515625 0.896875 0.031250 0.031250
0 0.792188 0.579688 0.028125 0.028125
0 0.378125 0.673438 0.031250 0.028125
0 0.651563 0.204687 0.028125 0.028125
0 0.325000 0.153125 0.031250 0.031250
0 0.157812 0.250000 0.028125 0.031250
0 0.229687 0.812500 0.028125 0.031250
0 0.676562 0.576562 0.028125 0.028125
0 0.512500 0.862500 0.031250 0.031250
0 0.565625 0.670312 0.031250 0.028125
0 0.540625 0.815625 0.031250 0.031250
0 0.595313 0.720313 0.028125 0.028125
0 0.509375 0.220312 0.031250 0.028125
0 0.679688 0.609375 0.028125 0.031250
0 0.595313 0.235937 0.028125 0.028125
0 0.764062 0.467187 0.028125 0.028125
0 0.593750 0.043750 0.031250 0.031250
0 0.234375 0.590625 0.031250 0.031250
0 0.621875 0.189062 0.031250 0.028125
0 0.706250 0.562500 0.031250 0.031250
0 0.104688 0.759375 0.028125 0.031250
0 0.531250 0.557813 0.031250 0.028125
0 0.764062 0.076563 0.028125 0.028125
0 0.367188 0.076563 0.028125 0.028125
0 0.340625 0.064062 0.031250 0.028125
0 0.706250 0.206250 0.031250 0.031250
0 0.642188 0.932813 0.028125 0.028125
0 0.600000 0.821875 0.031250 0.031250
0 0.589063 0.557813 0.028125 0.028125
0 0.629687 0.837500 0.028125 0.031250
0 0.734375 0.059375 0.031250 0.031250
0 0.510938 0.092188 0.028125 0.028125
0 0.565625 0.125000 0.031250 0.031250
0 0.301563 0.560937 0.028125 0.028125
0 0.164062 0.379688 0.028125 0.028125
0 0.676562 0.706250 0.028125 0.031250
0 0.518750 0.960938 0.031250 0.028125
0 0.706250 0.595313 0.031250 0.028125
0 0.679688 0.125000 0.028125 0.031250
0 0.481250 0.140625 0.031250 0.031250
0 0.734375 0.221875 0.031250 0.031250
0 0.706250 0.721875 0.031250 0.031250
0 0.503125 0.317188 0.031250 0.028125
0 0.706250 0.654687 0.031250 0.028125
0 0.421875 0.237500 0.031250 0.031250
0 0.292187 0.103125 0.028125 0.031250
0 0.651563 0.557813 0.028125 0.028125
0 0.564063 0.251563 0.028125 0.028125
0 0.510938 0.185938 0.028125 0.028125
0 0.456250 0.860938 0.031250 0.028125
0 0.565625 0.093750 0.031250 0.031250
0 0.293750 0.687500 0.031250 0.031250
0 0.306250 0.234375 0.031250 0.031250
0 0.651563 0.785937 0.028125 0.028125
0 0.481250 0.109375 0.031250 0.031250
0 0.676562 0.737500 0.028125 0.031250
0 0.528125 0.589063 0.031250 0.028125
0 0.764062 0.401562 0.028125 0.028125
0 0.081250 0.306250 0.031250 0.031250
0 0.676562 0.059375 0.028125 0.031250
0 0.518750 0.926562 0.031250 0.028125
0 0.084375 0.240625 0.031250 0.031250
0 0.675000 0.515625 0.031250 0.031250
0 0.565625 0.189062 0.031250 0.028125
0 0.231250 0.075000 0.031250 0.031250
0 0.595313 0.654687 0.028125 0.028125
0 0.790625 0.612500 0.031250 0.031250
0 0.760938 0.723437 0.028125 0.028125
0 0.759375 0.757812 0.031250 0.028125
0 0.540625 0.715625 0.031250 0.031250
0 0.189062 0.556250 0.028125 0.031250
0 0.651563 0.654687 0.028125 0.028125
0 0.192188 0.265625 0.028125 0.031250
0 0.568750 0.606250 0.031250 0.031250
0 0.789062 0.743750 0.028125 0.031250
0 0.296875 0.171875 0.031250 0.031250
0 0.293750 0.135937 0.031250 0.028125
0 0.514062 0.732812 0.028125 0.028125
0 0.706250 0.237500 0.031250 0.031250
0 0.721875 0.845313 0.031250 0.028125
0 0.365625 0.203125 0.031250 0.031250
0 0.481250 0.204687 0.031250 0.028125
0 0.085938 0.089063 0.028125 0.028125
0 0.426563 0.845313 0.028125 0.028125
0 0.665625 0.884375 0.031250 0.031250
0 0.050000 0.784375 0.031250 0.031250
0 0.676562 0.771875 0.028125 0.031250
0 0.821875 0.175000 0.031250 0.031250
0 0.618750 0.509375 0.031250 0.031250
0 0.334375 0.215625 0.031250 0.031250
0 0.550000 0.910937 0.031250 0.028125
0 0.182812 0.168750 0.028125 0.031250
0 0.557813 0.476562 0.028125 0.028125
0 0.595313 0.753125 0.028125 0.031250
0 0.623437 0.639062 0.028125 0.028125
0 0.568750 0.703125 0.031250 0.031250
0 0.353125 0.137500 0.031250 0.031250
0 0.454688 0.125000 0.028125 0.031250
0 0.456250 0.795312 0.031250 0.028125
0 0.792188 0.190625 0.028125 0.031250
0 0.453125 0.059375 0.031250 0.031250
0 0.239063 0.687500 0.028125 0.031250
0 0.146875 0.118750 0.031250 0.031250
0 0.765625 0.206250 0.031250 0.031250
0 0.679688 0.157812 0.028125 0.028125
0 0.471875 0.531250 0.031250 0.031250
0 0.510938 0.798438 0.028125 0.028125
0 0.764062 0.659375 0.028125 0.031250
0 0.760938 0.045312 0.028125 0.028125
0 0.478125 0.267188 0.031250 0.028125
0 0.390625 0.251563 0.031250 0.028125
0 0.620313 0.092188 0.028125 0.028125
0 0.362500 0.298438 0.031250 0.028125
0 0.764062 0.626563 0.028125 0.028125
0 0.764062 0.332813 0.028125 0.028125
0 0.735938 0.189062 0.028125 0.028125
0 0.092188 0.789062 0.028125 0.028125
0 0.501563 0.543750 0.028125 0.031250
0 0.732812 0.417187 0.028125 0.028125
0 0.753125 0.837500 0.031250 0.031250
0 0.173437 0.135937 0.028125 0.028125
0 0.484375 0.781250 0.031250 0.031250
0 0.501563 0.510938 0.028125 0.028125
0 0.734375 0.706250 0.031250 0.031250
0 0.117188 0.103125 0.028125 0.031250
0 0.562500 0.282813 0.031250 0.028125
0 0.567187 0.635938 0.028125 0.028125
0 0.489063 0.945312 0.028125 0.028125
0 0.418750 0.331250 0.031250 0.031250
0 0.595313 0.685937 0.028125 0.028125
0 0.240625 0.200000 0.031250 0.031250
0 0.790625 0.351562 0.031250 0.028125
0 0.456250 0.829688 0.031250 0.028125
0 0.620313 0.060937 0.028125 0.028125
0 0.529687 0.493750 0.028125 0.031250
0 0.618750 0.379688 0.031250 0.028125
0 0.818750 0.831250 0.031250 0.031250
0 0.790625 0.059375 0.031250 0.031250
0 0.448437 0.253125 0.028125 0.031250
0 0.085938 0.954688 0.028125 0.028125
0 0.760938 0.432812 0.028125 0.028125
0 0.398438 0.126562 0.028125 0.028125
0 0.371875 0.840625 0.031250 0.031250
0 0.362500 0.331250 0.031250 0.031250
0 0.726562 0.940625 0.028125 0.031250
0 0.707812 0.140625 0.028125 0.031250
0 0.057813 0.040625 0.028125 0.031250
0 0.325000 0.606250 0.031250 0.031250
0 0.764062 0.560937 0.028125 0.028125
0 0.595313 0.203125 0.028125 0.031250
0 0.320312 0.740625 0.028125 0.031250
0 0.365625 0.267188 0.031250 0.028125
0 0.821875 0.206250 0.031250 0.031250
0 0.425000 0.043750 0.031250 0.031250
0 0.400000 0.889062 0.031250 0.028125
0 0.085938 0.623437 0.028125 0.028125
0 0.206250 0.765625 0.031250 0.031250
0 0.617188 0.478125 0.028125 0.031250
0 0.532813 0.362500 0.028125 0.031250
0 0.578125 0.956250 0.031250 0.031250
0 0.651563 0.623437 0.028125 0.028125
0 0.567187 0.735938 0.028125 0.028125
0 0.135937 0.271875 0.028125 0.031250
0 0.623437 0.607812 0.028125 0.028125
0 0.625000 0.573438 0.031250 0.028125
0 0.537500 0.043750 0.031250 0.031250
0 0.560937 0.442188 0.028125 0.028125
0 0.764062 0.270313 0.028125 0.028125
0 0.482812 0.170313 0.028125 0.028125
0 0.565625 0.156250 0.031250 0.031250
0 0.564063 0.315625 0.028125 0.031250
0 0.610938 0.885938 0.028125 0.028125
0 0.364063 0.398438 0.028125 0.028125
0 0.757812 0.925000 0.028125 0.031250
0 0.645312 0.431250 0.028125 0.031250
0 0.792188 0.417187 0.028125 0.028125
0 0.203125 0.090625 0.031250 0.031250
0 0.267188 0.151562 0.028125 0.028125
0 0.510938 0.123438 0.028125 0.028125
0 0.818750 0.465625 0.031250 0.031250
0 0.335938 0.346875 0.028125 0.031250
0 0.321875 0.706250 0.031250 0.031250
0 0.609375 0.948438 0.031250 0.028125
0 0.679688 0.640625 0.028125 0.031250
0 0.265625 0.120313 0.031250 0.028125
0 0.706250 0.270313 0.031250 0.028125
0 0.790625 0.450000 0.031250 0.031250
0 0.248438 0.525000 0.028125 0.031250
0 0.332813 0.315625 0.028125 0.031250
0 0.332813 0.379688 0.028125 0.028125
0 0.540625 0.748437 0.031250 0.028125
0 0.587500 0.492188 0.031250 0.028125
0 0.298438 0.592187 0.028125 0.028125
0 0.329688 0.542188 0.028125 0.028125
0 0.282813 0.032813 0.028125 0.028125
0 0.639062 0.964063 0.028125 0.028125
0 0.595313 0.590625 0.028125 0.031250
0 0.418750 0.300000 0.031250 0.031250
0 0.182812 0.685937 0.028125 0.028125
0 0.645312 0.462500 0.028125 0.031250
0 0.510938 0.764062 0.028125 0.028125
0 0.306250 0.200000 0.031250 0.031250
0 0.343750 0.096875 0.031250 0.031250
0 0.453125 0.090625 0.031250 0.031250
0 0.790625 0.285938 0.031250 0.028125
0 0.734375 0.578125 0.031250 0.031250
0 0.681250 0.801562 0.031250 0.028125
0 0.237500 0.137500 0.031250 0.031250
0 0.790625 0.643750 0.031250 0.031250
0 0.623437 0.123438 0.028125 0.028125
0 0.120313 0.687500 0.028125 0.031250
0 0.421875 0.204687 0.031250 0.028125
0 0.203125 0.585938 0.031250 0.028125
0 0.567187 0.767188 0.028125 0.028125
0 0.593750 0.106250 0.031250 0.031250
0 0.368750 0.045312 0.031250 0.028125
0 0.167187 0.282813 0.028125 0.028125
0 0.790625 0.515625 0.031250 0.031250
0 0.756250 0.893750 0.031250 0.031250
0 0.790625 0.546875 0.031250 0.031250
0 0.481250 0.043750 0.031250 0.031250
0 0.398438 0.092188 0.028125 0.028125
0 0.651563 0.720313 0.028125 0.028125
0 0.617188 0.445312 0.028125 0.028125
0 0.401562 0.923438 0.028125 0.028125
0 0.704688 0.528125 0.028125 0.031250
0 0.276562 0.314063 0.028125 0.028125
0 0.039062 0.848437 0.028125 0.028125
0 0.539062 0.782813 0.028125 0.028125
0 0.535937 0.235937 0.028125 0.028125
0 0.165625 0.478125 0.025000 0.025000
0 0.540625 0.651563 0.031250 0.028125
0 0.510938 0.829688 0.028125 0.028125
0 0.156250 0.182812 0.031250 0.028125
0 0.531250 0.525000 0.031250 0.031250
0 0.057813 0.103125 0.028125 0.031250
0 0.264062 0.765625 0.028125 0.031250
0 0.645312 0.526563 0.028125 0.028125
0 0.487500 0.975000 0.031250 0.031250
0 0.237500 0.168750 0.031250 0.031250
0 0.679688 0.671875 0.028125 0.031250
0 0.590625 0.332813 0.031250 0.028125
0 0.134375 0.776563 0.031250 0.028125
0 0.568750 0.831250 0.031250 0.031250
0 0.667188 0.917188 0.028125 0.028125
0 0.354687 0.592187 0.028125 0.028125
0 0.417187 0.398438 0.028125 0.028125
0 0.728125 0.910937 0.031250 0.028125
0 0.306250 0.362500 0.031250 0.031250
0 0.142187 0.054688 0.028125 0.028125
0 0.106250 0.506250 0.031250 0.031250
0 0.790625 0.482812 0.031250 0.028125
0 0.792188 0.384375 0.028125 0.031250
0 0.650000 0.107813 0.031250 0.028125
0 0.457813 0.764062 0.028125 0.028125
0 0.100000 0.215625 0.031250 0.031250
0 0.117188 0.134375 0.028125 0.031250
0 0.457813 0.893750 0.028125 0.031250
0 0.568750 0.800000 0.031250 0.031250
0 0.304688 0.395313 0.028125 0.028125
0 0.351562 0.654687 0.028125 0.028125
0 0.406250 0.657813 0.031250 0.028125
0 0.159375 0.542188 0.031250 0.028125
0 0.485938 0.748437 0.028125 0.028125
0 0.760938 0.500000 0.028125 0.031250
0 0.268750 0.639062 0.031250 0.028125
0 0.593750 0.268750 0.031250 0.031250
0 0.818750 0.531250 0.031250 0.031250
0 0.792188 0.254688 0.028125 0.028125
0 0.651563 0.685937 0.028125 0.028125
0 0.260937 0.798438 0.028125 0.028125
0 0.529687 0.460938 0.028125 0.028125
0 0.337500 0.184375 0.031250 0.031250
0 0.304688 0.298438 0.028125 0.028125
0 0.200000 0.896875 0.031250 0.031250
0 0.475000 0.334375 0.031250 0.031250
0 0.487500 0.910937 0.031250 0.028125
0 0.648438 0.398438 0.028125 0.028125
0 0.531250 0.426563 0.031250 0.028125
0 0.560937 0.573438 0.028125 0.028125
0 0.156250 0.215625 0.031250 0.031250
0 0.362500 0.364063 0.031250 0.028125
0 0.421875 0.268750 0.031250 0.031250
0 0.390625 0.348438 0.031250 0.028125
0 0.821875 0.368750 0.031250 0.031250
0 0.650000 0.753125 0.031250 0.031250
0 0.051562 0.578125 0.028125 0.031250
0 0.107813 0.290625 0.028125 0.031250
0 0.115625 0.718750 0.031250 0.031250
0 0.192188 0.523438 0.028125 0.028125
0 0.764062 0.237500 0.028125 0.031250
0 0.348438 0.690625 0.028125 0.031250
0 0.618750 0.348438 0.031250 0.028125
0 0.054688 0.420312 0.028125 0.028125
0 0.639062 0.901563 0.028125 0.028125
0 0.114062 0.909375 0.028125 0.031250
0 0.540625 0.846875 0.031250 0.031250
0 0.351562 0.623437 0.028125 0.028125
0 0.587500 0.457813 0.031250 0.028125
0 0.362500 0.234375 0.031250 0.031250
0 0.192188 0.300000 0.028125 0.031250
0 0.085938 0.054688 0.028125 0.028125
0 0.596875 0.789062 0.031250 0.028125
0 0.107813 0.420312 0.028125 0.028125
0 0.245312 0.557813 0.028125 0.028125
0 0.706250 0.754687 0.031250 0.028125
0 0.425000 0.173437 0.031250 0.028125
0 0.679688 0.221875 0.028125 0.031250
0 0.732812 0.384375 0.028125 0.031250
0 0.500000 0.578125 0.031250 0.031250
0 0.696875 0.864062 0.031250 0.028125
0 0.110937 0.353125 0.028125 0.031250
0 0.589063 0.425000 0.028125 0.031250
0 0.392188 0.218750 0.028125 0.031250
0 0.057813 0.071875 0.028125 0.031250
0 0.562500 0.346875 0.031250 0.031250
0 0.650000 0.042188 0.031250 0.028125
0 0.615625 0.542188 0.031250 0.028125
0 0.292187 0.753125 0.028125 0.031250
0 0.057813 0.935937 0.028125 0.028125
0 0.390625 0.315625 0.031250 0.031250
0 0.734375 0.739062 0.031250 0.028125
0 0.784375 0.776563 0.031250 0.028125
0 0.703125 0.043750 0.031250 0.031250
0 0.267188 0.607812 0.028125 0.028125
0 0.368750 0.110937 0.031250 0.028125
0 0.431250 0.971875 0.031250 0.031250
0 0.704688 0.432812 0.028125 0.028125
0 0.590625 0.300000 0.031250 0.031250
0 0.310937 0.048438 0.028125 0.028125
0 0.818750 0.865625 0.031250 0.031250
0 0.623437 0.251563 0.028125 0.028125
0 0.348438 0.723437 0.028125 0.028125
0 0.731250 0.028125 0.031250 0.031250
0 0.650000 0.237500 0.031250 0.031250
0 0.306250 0.495312 0.031250 0.028125
0 0.167187 0.315625 0.028125 0.031250
0 0.787500 0.878125 0.031250 0.031250
0 0.379688 0.610938 0.028125 0.028125
0 0.410938 0.592187 0.028125 0.028125
0 0.818750 0.240625 0.031250 0.031250
0 0.425000 0.075000 0.031250 0.031250
0 0.651563 0.592187 0.028125 0.028125
0 0.479687 0.235937 0.028125 0.028125
0 0.560937 0.542188 0.028125 0.028125
0 0.417187 0.364063 0.028125 0.028125
0 0.543750 0.878125 0.031250 0.031250
0 0.764062 0.367188 0.028125 0.028125
0 0.429688 0.812500 0.028125 0.031250
0 0.676562 0.451562 0.028125 0.028125
0 0.176563 0.846875 0.028125 0.031250
0 0.146875 0.153125 0.031250 0.031250
0 0.790625 0.676562 0.031250 0.028125
0 0.393750 0.159375 0.031250 0.031250
0 0.764062 0.301563 0.028125 0.028125
0 0.679688 0.190625 0.028125 0.031250
0 0.548438 0.943750 0.028125 0.031250
0 0.579688 0.892188 0.028125 0.028125
0 0.734375 0.285938 0.031250 0.028125
0 0.425000 0.139063 0.031250 0.028125
0 0.818750 0.631250 0.031250 0.031250
0 0.025000 0.595313 0.031250 0.028125
0 0.378125 0.642188 0.031250 0.028125
0 0.468750 0.564063 0.031250 0.028125
0 0.595313 0.171875 0.028125 0.031250
0 0.295312 0.656250 0.028125 0.031250
0 0.645312 0.493750 0.028125 0.031250
0 0.392188 0.282813 0.028125 0.028125
0 0.560937 0.379688 0.028125 0.028125
0 0.618750 0.412500 0.031250 0.031250
0 0.504687 0.284375 0.028125 0.031250
0 0.239063 0.654687 0.028125 0.028125
0 0.410938 0.562500 0.028125 0.031250
0 0.587500 0.523438 0.031250 0.028125
0 0.165625 0.348438 0.031250 0.028125
0 0.503125 0.348438 0.031250 0.028125
0 0.071875 0.760938 0.031250 0.028125
0 0.787500 0.712500 0.031250 0.031250
0 0.234375 0.750000 0.031250 0.031250
0 0.457813 0.665625 0.028125 0.031250
0 0.031250 0.628125 0.031250 0.031250
0 0.143750 0.926562 0.031250 0.028125
0 0.735938 0.256250 0.028125 0.031250
0 0.110937 0.257812 0.028125 0.028125
0 0.784375 0.975000 0.031250 0.031250
0 0.085938 0.732812 0.028125 0.028125
0 0.818750 0.303125 0.031250 0.031250
0 0.698438 0.962500 0.028125 0.031250
0 0.085938 0.118750 0.028125 0.031250
0 0.279687 0.282813 0.028125 0.028125
0 0.595313 0.623437 0.028125 0.028125
0 0.270313 0.576562 0.028125 0.028125
0 0.118750 0.167187 0.031250 0.028125
0 0.821875 0.075000 0.031250 0.031250
0 0.815625 0.896875 0.031250 0.031250
0 0.704688 0.465625 0.028125 0.031250
0 0.818750 0.496875 0.031250 0.031250
0 0.132812 0.523438 0.028125 0.028125
0 0.160938 0.507812 0.028125 0.028125
0 0.578125 0.921875 0.031250 0.031250
0 0.646875 0.334375 0.031250 0.031250
0 0.178125 0.750000 0.031250 0.031250
0 0.818750 0.662500 0.031250 0.031250
0 0.081250 0.370312 0.031250 0.028125
0 0.139063 0.400000 0.028125 0.031250
0 0.431250 0.745313 0.025000 0.028125
0 0.107813 0.385937 0.028125 0.028125
0 0.326562 0.576562 0.028125 0.028125
0 0.207813 0.704688 0.028125 0.028125
0 0.095312 0.857812 0.028125 0.028125
0 0.734375 0.450000 0.031250 0.031250
0 0.212500 0.153125 0.031250 0.031250
0 0.676562 0.417187 0.028125 0.028125
0 0.595313 0.142187 0.028125 0.028125
0 0.568750 0.862500 0.031250 0.031250
0 0.295312 0.623437 0.028125 0.028125
0 0.760938 0.529687 0.028125 0.028125
0 0.146875 0.718750 0.031250 0.031250
0 0.085938 0.023438 0.028125 0.028125
0 0.276562 0.381250 0.028125 0.031250
0 0.706250 0.401562 0.031250 0.028125
0 0.082812 0.435937 0.028125 0.028125
0 0.114062 0.942187 0.028125 0.028125
0 0.792188 0.320312 0.028125 0.028125
0 0.401562 0.696875 0.028125 0.031250
0 0.473438 0.495312 0.028125 0.028125
0 0.146875 0.750000 0.031250 0.031250
0 0.175000 0.604688 0.031250 0.028125
0 0.067187 0.870313 0.028125 0.028125
0 0.248438 0.429688 0.028125 0.028125
0 0.025000 0.465625 0.031250 0.031250
0 0.217188 0.542188 0.028125 0.028125
0 0.453125 0.028125 0.031250 0.031250
0 0.501563 0.478125 0.028125 0.031250
0 0.087500 0.151562 0.031250 0.028125
0 0.081250 0.275000 0.031250 0.031250
0 0.731250 0.814063 0.031250 0.028125
0 0.070312 0.837500 0.028125 0.031250
0 0.171875 0.071875 0.031250 0.031250
0 0.081250 0.589063 0.031250 0.028125
0 0.275000 0.542188 0.025000 0.028125
0 0.400000 0.828125 0.031250 0.031250
0 0.818750 0.564063 0.031250 0.034375
0 0.589063 0.364063 0.028125 0.028125
0 0.248438 0.362500 0.028125 0.031250
0 0.054688 0.451562 0.028125 0.028125
0 0.220312 0.509375 0.028125 0.025000
0 0.267188 0.704688 0.028125 0.028125
0 0.092188 0.887500 0.028125 0.031250
0 0.540625 0.618750 0.031250 0.031250
0 0.060937 0.901563 0.028125 0.028125
0 0.210938 0.185938 0.028125 0.028125
0 0.698438 0.929688 0.028125 0.028125
0 0.504687 0.253125 0.028125 0.031250
0 0.198437 0.929688 0.028125 0.028125
0 0.787500 0.943750 0.031250 0.031250
0 0.168750 0.815625 0.031250 0.031250
0 0.250000 0.396875 0.031250 0.031250
0 0.043750 0.815625 0.031250 0.031250
0 0.304688 0.331250 0.028125 0.031250
0 0.509375 0.060937 0.031250 0.028125
0 0.531250 0.396875 0.031250 0.031250
0 0.818750 0.334375 0.031250 0.031250
0 0.114062 0.039062 0.028125 0.028125
0 0.818750 0.434375 0.031250 0.031250
0 0.032813 0.915625 0.028125 0.031250
0 0.756250 0.959375 0.031250 0.031250
0 0.142187 0.023438 0.028125 0.028125
0 0.240625 0.621875 0.031250 0.031250
0 0.792188 0.223438 0.028125 0.028125
0 0.646875 0.365625 0.031250 0.031250
0 0.620313 0.026562 0.028125 0.028125
0 0.151562 0.685937 0.028125 0.028125
0 0.512500 0.700000 0.031250 0.031250
0 0.548438 0.976562 0.028125 0.028125
0 0.790625 0.028125 0.031250 0.031250
0 0.732812 0.609375 0.028125 0.031250
0 0.056250 0.967187 0.031250 0.028125
0 0.676562 0.384375 0.028125 0.031250
0 0.118750 0.806250 0.031250 0.031250
0 0.320312 0.773438 0.028125 0.028125
0 0.446875 0.348438 0.031250 0.028125
0 0.079687 0.339062 0.028125 0.028125
0 0.264062 0.734375 0.028125 0.031250
0 0.459375 0.959375 0.031250 0.031250
0 0.082812 0.401562 0.028125 0.028125
0 0.401562 0.728125 0.028125 0.031250
0 0.815625 0.693750 0.031250 0.031250
0 0.407813 0.626563 0.028125 0.028125
0 0.275000 0.510938 0.031250 0.028125
0 0.029687 0.054688 0.028125 0.028125
0 0.667188 0.948438 0.028125 0.028125
0 0.460938 0.926562 0.028125 0.028125
0 0.054688 0.226562 0.028125 0.028125
0 0.532813 0.268750 0.028125 0.031250
0 0.304688 0.267188 0.028125 0.028125
0 0.200000 0.825000 0.031250 0.031250
0 0.195312 0.364063 0.028125 0.028125
0 0.054688 0.354687 0.028125 0.028125
0 0.620313 0.284375 0.028125 0.031250
0 0.192188 0.492188 0.028125 0.028125
0 0.732812 0.320312 0.028125 0.028125
0 0.446875 0.317188 0.031250 0.028125
0 0.618750 0.315625 0.031250 0.031250
0 0.050000 0.546875 0.031250 0.031250
0 0.054688 0.260937 0.028125 0.028125
0 0.200000 0.021875 0.031250 0.031250
0 0.139063 0.337500 0.028125 0.031250
0 0.457813 0.729688 0.028125 0.028125
0 0.135937 0.467187 0.028125 0.028125
0 0.056250 0.607812 0.025000 0.028125
0 0.818750 0.596875 0.031250 0.031250
0 0.301563 0.526563 0.028125 0.028125
0 0.107813 0.323437 0.028125 0.028125
0 0.195312 0.429688 0.028125 0.028125
0 0.676562 0.253125 0.028125 0.031250
0 0.431250 0.912500 0.031250 0.031250
0 0.382812 0.576562 0.028125 0.028125
0 0.084375 0.468750 0.031250 0.031250
0 0.818750 0.271875 0.031250 0.031250
0 0.348438 0.754687 0.028125 0.028125
0 0.089063 0.182812 0.028125 0.028125
0 0.815625 0.931250 0.031250 0.031250
0 0.818750 0.731250 0.031250 0.031250
0 0.025000 0.434375 0.031250 0.031250
0 0.279687 0.346875 0.028125 0.031250
0 0.818750 0.403125 0.031250 0.031250
0 0.676562 0.028125 0.028125 0.031250
0 0.248438 0.331250 0.028125 0.031250
0 0.431250 0.681250 0.031250 0.031250
0 0.276562 0.410938 0.028125 0.028125
0 0.192188 0.460938 0.028125 0.028125
0 0.512500 0.632812 0.031250 0.028125
0 0.209375 0.671875 0.031250 0.031250
0 0.473438 0.367188 0.028125 0.028125
0 0.112500 0.975000 0.031250 0.031250
0 0.514062 0.667188 0.028125 0.028125
0 0.732812 0.351562 0.028125 0.028125
0 0.559375 0.410938 0.031250 0.028125
0 0.482812 0.717187 0.028125 0.028125
0 0.248438 0.493750 0.028125 0.031250
0 0.534375 0.329688 0.031250 0.028125
0 0.220312 0.248438 0.028125 0.028125
0 0.356250 0.525000 0.031250 0.031250
0 0.395313 0.028125 0.028125 0.031250
0 0.028125 0.025000 0.031250 0.031250
0 0.403125 0.954688 0.031250 0.028125
0 0.203125 0.864062 0.031250 0.028125
0 0.373437 0.940625 0.028125 0.031250
0 0.760938 0.692187 0.028125 0.028125
0 0.107813 0.451562 0.028125 0.028125
0 0.054688 0.735938 0.028125 0.028125
0 0.114062 0.634375 0.028125 0.031250
0 0.051562 0.385937 0.028125 0.028125
0 0.290625 0.785937 0.031250 0.028125
0 0.221875 0.410938 0.031250 0.028125
0 0.237500 0.717187 0.031250 0.028125
0 0.473438 0.398438 0.028125 0.028125
0 0.276562 0.476562 0.028125 0.028125
0 0.339062 0.032813 0.028125 0.028125
0 0.485938 0.682813 0.028125 0.028125
0 0.195312 0.332813 0.028125 0.028125
0 0.478125 0.300000 0.031250 0.031250
0 0.221875 0.446875 0.025000 0.025000
0 0.173437 0.879687 0.028125 0.028125
0 0.059375 0.196875 0.031250 0.031250
0 0.228125 0.915625 0.031250 0.031250
0 0.389062 0.379688 0.028125 0.028125
0 0.728125 0.973437 0.031250 0.028125
0 0.389062 0.414062 0.028125 0.028125
0 0.164062 0.414062 0.028125 0.028125
0 0.026562 0.246875 0.028125 0.031250
0 0.051562 0.290625 0.028125 0.031250
0 0.457813 0.698438 0.028125 0.028125
0 0.445312 0.379688 0.028125 0.028125
0 0.623437 0.804688 0.028125 0.028125
0 0.121875 0.839063 0.031250 0.028125
0 0.206250 0.618750 0.031250 0.031250
0 0.621875 0.220312 0.031250 0.028125
0 0.256250 0.018750 0.031250 0.031250
0 0.304688 0.429688 0.028125 0.028125
0 0.029687 0.085938 0.028125 0.028125
0 0.501563 0.382812 0.028125 0.028125
0 0.221875 0.315625 0.031250 0.031250
0 0.473438 0.431250 0.028125 0.031250
0 0.532813 0.300000 0.028125 0.031250
0 0.814063 0.964063 0.034375 0.034375
0 0.171875 0.037500 0.031250 0.031250
0 0.398438 0.857812 0.028125 0.028125
0 0.232813 0.779687 0.028125 0.028125
0 0.501563 0.414062 0.028125 0.028125
0 0.151562 0.631250 0.028125 0.031250
0 0.168750 0.657813 0.031250 0.028125
0 0.173437 0.914062 0.028125 0.028125
0 0.226562 0.845313 0.028125 0.028125
0 0.371875 0.807813 0.031250 0.028125
0 0.120313 0.876563 0.028125 0.028125
0 0.179688 0.717187 0.028125 0.028125
0 0.229687 0.034375 0.028125 0.031250
0 0.051562 0.482812 0.028125 0.028125
0 0.221875 0.379688 0.031250 0.028125
0 0.345313 0.789062 0.028125 0.028125
0 0.323437 0.639062 0.028125 0.028125
0 0.167187 0.576562 0.028125 0.028125
0 0.134375 0.657813 0.025000 0.028125
0 0.706250 0.304688 0.031250 0.028125
0 0.026562 0.370312 0.028125 0.028125
0 0.560937 0.507812 0.028125 0.028125
0 0.442188 0.545312 0.028125 0.028125
0 0.021875 0.309375 0.031250 0.031250
0 0.135937 0.367188 0.028125 0.028125
0 0.168750 0.978125 0.031250 0.031250
0 0.373437 0.775000 0.028125 0.031250
0 0.331250 0.478125 0.031250 0.031250
0 0.051562 0.323437 0.028125 0.028125
0 0.509375 0.028125 0.031250 0.031250
0 0.087500 0.682813 0.031250 0.028125
0 0.135937 0.432812 0.028125 0.028125
0 0.139063 0.306250 0.028125 0.031250
0 0.429688 0.714063 0.028125 0.028125
0 0.025000 0.403125 0.031250 0.031250
0 0.332813 0.414062 0.028125 0.028125
0 0.192188 0.395313 0.028125 0.028125
0 0.182812 0.787500 0.028125 0.031250
0 0.309375 0.015625 0.031250 0.031250
0 0.059375 0.165625 0.031250 0.031250
0 0.028125 0.946875 0.031250 0.031250
0 0.204687 0.732812 0.028125 0.028125
0 0.081250 0.653125 0.031250 0.031250
0 0.050000 0.512500 0.031250 0.031250
0 0.025000 0.339062 0.031250 0.028125
0 0.304688 0.460938 0.028125 0.028125
0 0.168750 0.945312 0.031250 0.028125
0 0.821875 0.042188 0.031250 0.034375
0 0.082812 0.556250 0.028125 0.031250
0 0.031250 0.181250 0.031250 0.031250
0 0.025000 0.564063 0.031250 0.028125
0 0.564063 0.026562 0.028125 0.028125
0 0.225000 0.946875 0.031250 0.031250
0 0.067187 0.706250 0.028125 0.031250
0 0.384375 0.545312 0.031250 0.028125
0 0.473438 0.464062 0.028125 0.028125
0 0.039062 0.685937 0.028125 0.028125
0 0.257812 0.829688 0.028125 0.028125
0 0.110937 0.601562 0.028125 0.028125
0 0.195312 0.960938 0.028125 0.028125
0 0.507812 0.154688 0.028125 0.028125
0 0.437500 0.642188 0.031250 0.028125
0 0.501563 0.445312 0.028125 0.028125
0 0.145313 0.893750 0.028125 0.031250
0 0.376563 0.710938 0.028125 0.028125
0 0.229687 0.882812 0.028125 0.028125
0 0.370312 0.907813 0.028125 0.028125
0 0.292187 0.717187 0.028125 0.028125
0 0.146875 0.862500 0.031250 0.031250
0 0.026562 0.214062 0.028125 0.028125
0 0.015625 0.828125 0.031250 0.031250
0 0.107813 0.540625 0.028125 0.031250
0 0.371875 0.975000 0.031250 0.031250
0 0.021875 0.728125 0.031250 0.031250
0 0.679688 0.545312 0.028125 0.028125
0 0.360938 0.431250 0.028125 0.025000
0 0.332813 0.445312 0.028125 0.028125
0 0.017188 0.665625 0.028125 0.031250
0 0.018750 0.796875 0.031250 0.031250
0 0.107813 0.570312 0.028125 0.028125
0 0.221875 0.346875 0.031250 0.031250
0 0.446875 0.414062 0.025000 0.028125
0 0.135937 0.493750 0.028125 0.031250
0 0.345313 0.959375 0.028125 0.031250
0 0.385937 0.512500 0.028125 0.031250
0 0.142187 0.957812 0.028125 0.028125
0 0.290625 0.956250 0.031250 0.031250
0 0.445312 0.479687 0.028125 0.028125
0 0.439063 0.576562 0.028125 0.028125
0 0.607812 0.976562 0.028125 0.028125
0 0.485938 0.650000 0.028125 0.031250
0 0.026562 0.978125 0.028125 0.031250
0 0.676562 0.317188 0.028125 0.028125
0 0.376563 0.743750 0.028125 0.025000
0 0.490625 0.609375 0.031250 0.031250
0 0.276562 0.446875 0.028125 0.025000
0 0.348438 0.920312 0.028125 0.028125
0 0.342187 0.857812 0.028125 0.028125
0 0.021875 0.528125 0.031250 0.031250
0 0.081250 0.525000 0.031250 0.031250
0 0.060937 0.134375 0.028125 0.025000
0 0.667188 0.978125 0.028125 0.025000
0 0.165625 0.445312 0.025000 0.028125
0 0.048438 0.657813 0.028125 0.028125
0 0.031250 0.120313 0.025000 0.028125
0 0.357812 0.493750 0.028125 0.025000
0 0.731250 0.515625 0.025000 0.025000
0 0.259375 0.953125 0.031250 0.031250
0 0.135937 0.581250 0.028125 0.031250
0 0.359375 0.462500 0.025000 0.025000
0 0.031250 0.151562 0.025000 0.021875
0 0.392188 0.189062 0.028125 0.028125
