0 0.112500 0.823438 0.031250 0.028125
0 0.231250 0.906250 0.031250 0.031250
0 0.265625 0.903125 0.031250 0.031250
0 0.965625 0.478125 0.031250 0.031250
0 0.143750 0.881250 0.031250 0.031250
0 0.087500 0.478125 0.031250 0.031250
0 0.567187 0.932813 0.034375 0.034375
0 0.656250 0.562500 0.031250 0.031250
0 0.867188 0.648438 0.028125 0.028125
0 0.671875 0.706250 0.031250 0.031250
0 0.700000 0.820312 0.031250 0.028125
0 0.056250 0.706250 0.031250 0.031250
0 0.651563 0.906250 0.028125 0.031250
0 0.537500 0.818750 0.031250 0.031250
0 0.931250 0.476562 0.031250 0.028125
0 0.917188 0.504687 0.028125 0.028125
0 0.671875 0.593750 0.031250 0.031250
0 0.753125 0.620313 0.031250 0.028125
0 0.232813 0.846875 0.028125 0.031250
0 0.200000 0.678125 0.031250 0.031250
0 0.184375 0.590625 0.031250 0.031250
0 0.106250 0.887500 0.031250 0.031250
0 0.473438 0.820312 0.028125 0.028125
0 0.128125 0.793750 0.031250 0.031250
0 0.931250 0.759375 0.031250 0.031250
0 0.604688 0.820312 0.028125 0.028125
0 0.764062 0.932813 0.028125 0.028125
0 0.867188 0.757812 0.028125 0.028125
0 0.360938 0.903125 0.028125 0.031250
0 0.281250 0.932813 0.031250 0.028125
0 0.700000 0.932813 0.031250 0.028125
0 0.654687 0.734375 0.028125 0.031250
0 0.050000 0.846875 0.031250 0.031250
0 0.181250 0.410938 0.031250 0.028125
0 0.167187 0.559375 0.028125 0.031250
0 0.295312 0.846875 0.028125 0.031250
0 0.106250 0.507812 0.031250 0.028125
0 0.296875 0.734375 0.031250 0.031250
0 0.120313 0.593750 0.028125 0.031250
0 0.868750 0.481250 0.031250 0.031250
0 0.096875 0.918750 0.031250 0.031250
0 0.900000 0.648438 0.031250 0.028125
0 0.542188 0.648438 0.028125 0.028125
0 0.918750 0.446875 0.031250 0.031250
0 0.137500 0.503125 0.031250 0.031250
0 0.073438 0.509375 0.028125 0.031250
0 0.215625 0.704688 0.031250 0.028125
0 0.328125 0.846875 0.031250 0.031250
0 0.867188 0.590625 0.028125 0.031250
0 0.748437 0.904687 0.028125 0.028125
0 0.104688 0.565625 0.028125 0.031250
0 0.706250 0.590625 0.031250 0.031250
0 0.525000 0.675000 0.031250 0.031250
0 0.903125 0.417187 0.031250 0.028125
0 0.425000 0.846875 0.031250 0.031250
0 0.589063 0.790625 0.028125 0.031250
0 0.395313 0.620313 0.028125 0.028125
0 0.556250 0.790625 0.031250 0.031250
0 0.685937 0.846875 0.028125 0.031250
0 0.345313 0.762500 0.028125 0.031250
0 0.104688 0.676562 0.028125 0.028125
0 0.589063 0.620313 0.028125 0.028125
0 0.210938 0.503125 0.034375 0.031250
0 0.262500 0.439063 0.031250 0.028125
0 0.804688 0.535937 0.028125 0.028125
0 0.890625 0.387500 0.031250 0.031250
0 0.653125 0.676562 0.031250 0.028125
0 0.835938 0.537500 0.028125 0.031250
0 0.039062 0.676562 0.028125 0.028125
0 0.703125 0.760938 0.031250 0.028125
0 0.687500 0.734375 0.031250 0.031250
0 0.442188 0.820312 0.028125 0.028125
0 0.428125 0.678125 0.031250 0.031250
0 0.793750 0.392188 0.031250 0.028125
0 0.215625 0.410938 0.031250 0.028125
0 0.915625 0.789062 0.031250 0.028125
0 0.151562 0.532813 0.028125 0.028125
0 0.457813 0.904687 0.028125 0.028125
0 0.937500 0.418750 0.031250 0.031250
0 0.215625 0.820312 0.031250 0.028125
0 0.856250 0.387500 0.031250 0.031250
0 0.731250 0.932813 0.031250 0.028125
0 0.312500 0.817187 0.031250 0.028125
0 0.618750 0.903125 0.031250 0.031250
0 0.835938 0.648438 0.028125 0.028125
0 0.056250 0.481250 0.031250 0.031250
0 0.637500 0.760938 0.031250 0.028125
0 0.571875 0.817187 0.031250 0.028125
0 0.023438 0.592187 0.028125 0.028125
0 0.785937 0.509375 0.028125 0.031250
0 0.604688 0.704688 0.028125 0.028125
0 0.604688 0.648438 0.028125 0.028125
0 0.801562 0.648438 0.028125 0.028125
0 0.757812 0.448437 0.028125 0.028125
0 0.246875 0.704688 0.031250 0.028125
0 0.621875 0.676562 0.031250 0.028125
0 0.921875 0.387500 0.031250 0.031250
0 0.637500 0.648438 0.031250 0.028125
0 0.023438 0.650000 0.028125 0.031250
0 0.526563 0.562500 0.028125 0.031250
0 0.642188 0.534375 0.028125 0.031250
0 0.134375 0.846875 0.031250 0.031250
0 0.967187 0.817187 0.028125 0.028125
0 0.104688 0.620313 0.028125 0.028125
0 0.281250 0.820312 0.031250 0.028125
0 0.739062 0.479687 0.028125 0.028125
0 0.767188 0.760938 0.028125 0.028125
0 0.621875 0.564063 0.031250 0.028125
0 0.915625 0.675000 0.031250 0.031250
0 0.723437 0.509375 0.028125 0.031250
0 0.040625 0.510938 0.031250 0.028125
0 0.801562 0.592187 0.028125 0.028125
0 0.151562 0.590625 0.028125 0.031250
0 0.629687 0.445312 0.028125 0.028125
0 0.604688 0.760938 0.028125 0.028125
0 0.265625 0.790625 0.031250 0.031250
0 0.840625 0.415625 0.031250 0.031250
0 0.296875 0.678125 0.031250 0.031250
0 0.735938 0.704688 0.028125 0.028125
0 0.025000 0.826562 0.031250 0.028125
0 0.751563 0.734375 0.028125 0.031250
0 0.056250 0.539062 0.031250 0.028125
0 0.656250 0.620313 0.031250 0.028125
0 0.667188 0.817187 0.028125 0.028125
0 0.084375 0.803125 0.031250 0.031250
0 0.442188 0.648438 0.028125 0.028125
0 0.623437 0.620313 0.028125 0.028125
0 0.948438 0.785937 0.028125 0.028125
0 0.134375 0.384375 0.031250 0.031250
0 0.070312 0.393750 0.034375 0.031250
0 0.623437 0.790625 0.028125 0.031250
0 0.246875 0.468750 0.031250 0.031250
0 0.932813 0.646875 0.028125 0.031250
0 0.871875 0.418750 0.031250 0.031250
0 0.115625 0.415625 0.031250 0.031250
0 0.165625 0.440625 0.031250 0.031250
0 0.117188 0.707812 0.028125 0.028125
0 0.362500 0.620313 0.031250 0.028125
0 0.800000 0.760938 0.031250 0.028125
0 0.885938 0.450000 0.028125 0.031250
0 0.265625 0.734375 0.031250 0.031250
0 0.057813 0.782813 0.028125 0.028125
0 0.668750 0.760938 0.031250 0.028125
0 0.234375 0.676562 0.031250 0.028125
0 0.948438 0.618750 0.028125 0.031250
0 0.182812 0.528125 0.028125 0.031250
0 0.168750 0.678125 0.031250 0.031250
0 0.760938 0.392188 0.028125 0.028125
0 0.087500 0.535937 0.031250 0.028125
0 0.081250 0.835938 0.031250 0.028125
0 0.167187 0.732812 0.028125 0.028125
0 0.153125 0.762500 0.031250 0.031250
0 0.104688 0.856250 0.028125 0.031250
0 0.131250 0.912500 0.031250 0.031250
0 0.639062 0.704688 0.028125 0.028125
0 0.134375 0.442188 0.031250 0.028125
0 0.490625 0.731250 0.031250 0.031250
0 0.457813 0.846875 0.028125 0.031250
0 0.278125 0.475000 0.031250 0.031250
0 0.246875 0.876563 0.031250 0.028125
0 0.329688 0.620313 0.028125 0.028125
0 0.378125 0.704688 0.031250 0.028125
0 0.037500 0.943750 0.031250 0.031250
0 0.056250 0.815625 0.031250 0.031250
0 0.564063 0.387500 0.028125 0.031250
0 0.701562 0.876563 0.028125 0.028125
0 0.201563 0.904687 0.028125 0.028125
0 0.868750 0.534375 0.031250 0.031250
0 0.531250 0.503125 0.031250 0.031250
0 0.604688 0.932813 0.028125 0.028125
0 0.068750 0.740625 0.031250 0.031250
0 0.735938 0.760938 0.028125 0.028125
0 0.120313 0.353125 0.028125 0.031250
0 0.151562 0.704688 0.028125 0.028125
0 0.198437 0.440625 0.028125 0.031250
0 0.425000 0.790625 0.031250 0.031250
0 0.854688 0.446875 0.028125 0.031250
0 0.037500 0.453125 0.031250 0.031250
0 0.607812 0.592187 0.028125 0.028125
0 0.314063 0.704688 0.028125 0.028125
0 0.120313 0.537500 0.028125 0.031250
0 0.264062 0.846875 0.028125 0.031250
0 0.832812 0.701562 0.028125 0.028125
0 0.573438 0.760938 0.028125 0.028125
0 0.150000 0.410938 0.031250 0.028125
0 0.626563 0.506250 0.028125 0.031250
0 0.553125 0.900000 0.031250 0.031250
0 0.684375 0.790625 0.031250 0.031250
0 0.103125 0.448437 0.031250 0.028125
0 0.345313 0.932813 0.028125 0.028125
0 0.848437 0.729688 0.028125 0.028125
0 0.770312 0.478125 0.028125 0.031250
0 0.182812 0.820312 0.028125 0.028125
0 0.954688 0.387500 0.034375 0.031250
0 0.573438 0.648438 0.028125 0.028125
0 0.770312 0.535937 0.028125 0.028125
0 0.765625 0.876563 0.031250 0.028125
0 0.851562 0.620313 0.028125 0.028125
0 0.071875 0.676562 0.031250 0.028125
0 0.540625 0.760938 0.031250 0.028125
0 0.151562 0.817187 0.028125 0.028125
0 0.948438 0.507812 0.028125 0.028125
0 0.731250 0.876563 0.031250 0.028125
0 0.246875 0.760938 0.031250 0.028125
0 0.151562 0.648438 0.028125 0.028125
0 0.720313 0.676562 0.028125 0.028125
0 0.296875 0.562500 0.031250 0.031250
0 0.168750 0.620313 0.031250 0.028125
0 0.087500 0.706250 0.031250 0.031250
0 0.682813 0.904687 0.028125 0.028125
0 0.659375 0.507812 0.031250 0.028125
0 0.232813 0.382812 0.028125 0.028125
0 0.509375 0.648438 0.031250 0.028125
0 0.565625 0.448437 0.031250 0.028125
0 0.362500 0.792188 0.031250 0.028125
0 0.410938 0.932813 0.028125 0.028125
0 0.379688 0.932813 0.028125 0.028125
0 0.671875 0.648438 0.031250 0.028125
0 0.312500 0.932813 0.031250 0.028125
0 0.393750 0.790625 0.031250 0.031250
0 0.329688 0.676562 0.028125 0.028125
0 0.784375 0.620313 0.031250 0.028125
0 0.542188 0.590625 0.028125 0.031250
0 0.459375 0.734375 0.031250 0.031250
0 0.023438 0.539062 0.028125 0.028125
0 0.084375 0.421875 0.031250 0.031250
0 0.720313 0.620313 0.028125 0.028125
0 0.087500 0.767188 0.031250 0.028125
0 0.687500 0.675000 0.031250 0.031250
0 0.573438 0.590625 0.028125 0.031250
0 0.612500 0.417187 0.031250 0.028125
0 0.545312 0.532813 0.028125 0.028125
0 0.737500 0.650000 0.031250 0.031250
0 0.967187 0.759375 0.028125 0.031250
0 0.429688 0.618750 0.028125 0.031250
0 0.595313 0.504687 0.028125 0.028125
0 0.410938 0.820312 0.028125 0.028125
0 0.660937 0.448437 0.028125 0.028125
0 0.118750 0.476562 0.031250 0.028125
0 0.443750 0.762500 0.031250 0.031250
0 0.743750 0.418750 0.031250 0.031250
0 0.460938 0.620313 0.028125 0.028125
0 0.231250 0.792188 0.031250 0.028125
0 0.581250 0.417187 0.031250 0.028125
0 0.690625 0.507812 0.031250 0.028125
0 0.360938 0.732812 0.028125 0.028125
0 0.132812 0.732812 0.028125 0.028125
0 0.832812 0.759375 0.028125 0.031250
0 0.312500 0.415625 0.031250 0.031250
0 0.948438 0.901563 0.028125 0.028125
0 0.360938 0.846875 0.028125 0.031250
0 0.326562 0.904687 0.028125 0.028125
0 0.964063 0.534375 0.028125 0.031250
0 0.345313 0.820312 0.028125 0.028125
0 0.704688 0.646875 0.028125 0.031250
0 0.592187 0.560937 0.028125 0.028125
0 0.410938 0.590625 0.028125 0.031250
0 0.457813 0.790625 0.028125 0.031250
0 0.917188 0.839063 0.028125 0.028125
0 0.053125 0.421875 0.031250 0.031250
0 0.706250 0.478125 0.031250 0.031250
0 0.884375 0.564063 0.031250 0.028125
0 0.521875 0.906250 0.031250 0.031250
0 0.560937 0.560937 0.028125 0.028125
0 0.450000 0.470313 0.031250 0.028125
0 0.492188 0.790625 0.028125 0.031250
0 0.604688 0.873437 0.028125 0.028125
0 0.120313 0.648438 0.028125 0.028125
0 0.715625 0.846875 0.031250 0.031250
0 0.915625 0.620313 0.031250 0.028125
0 0.198437 0.848437 0.028125 0.028125
0 0.662500 0.387500 0.031250 0.031250
0 0.118750 0.760938 0.031250 0.028125
0 0.785937 0.675000 0.028125 0.031250
0 0.548438 0.476562 0.028125 0.028125
0 0.246875 0.409375 0.031250 0.031250
0 0.200000 0.790625 0.031250 0.031250
0 0.292187 0.504687 0.028125 0.028125
0 0.754687 0.509375 0.028125 0.031250
0 0.493750 0.618750 0.031250 0.031250
0 0.393750 0.734375 0.031250 0.031250
0 0.250000 0.820312 0.031250 0.028125
0 0.215625 0.646875 0.031250 0.031250
0 0.345313 0.706250 0.028125 0.031250
0 0.498437 0.503125 0.028125 0.031250
0 0.645312 0.476562 0.028125 0.028125
0 0.948438 0.675000 0.028125 0.031250
0 0.620313 0.732812 0.028125 0.028125
0 0.620313 0.846875 0.028125 0.031250
0 0.296875 0.962500 0.031250 0.031250
0 0.489063 0.906250 0.028125 0.031250
0 0.835938 0.590625 0.028125 0.031250
0 0.523438 0.790625 0.028125 0.031250
0 0.948438 0.731250 0.028125 0.031250
0 0.232813 0.734375 0.028125 0.031250
0 0.065625 0.931250 0.031250 0.031250
0 0.562500 0.506250 0.031250 0.031250
0 0.314063 0.590625 0.028125 0.031250
0 0.184375 0.648438 0.031250 0.028125
0 0.687500 0.620313 0.031250 0.028125
0 0.200000 0.562500 0.031250 0.031250
0 0.532813 0.387500 0.028125 0.031250
0 0.631250 0.390625 0.031250 0.031250
0 0.610938 0.534375 0.028125 0.031250
0 0.798438 0.818750 0.028125 0.031250
0 0.901563 0.590625 0.028125 0.031250
0 0.525000 0.731250 0.031250 0.031250
0 0.900000 0.865625 0.031250 0.031250
0 0.100000 0.384375 0.031250 0.031250
0 0.884375 0.620313 0.031250 0.028125
0 0.071875 0.620313 0.031250 0.028125
0 0.476562 0.762500 0.028125 0.031250
0 0.589063 0.675000 0.028125 0.031250
0 0.875000 0.356250 0.031250 0.031250
0 0.667188 0.935937 0.028125 0.028125
0 0.635938 0.876563 0.028125 0.028125
0 0.087500 0.592187 0.031250 0.028125
0 0.393750 0.904687 0.031250 0.028125
0 0.135937 0.676562 0.028125 0.028125
0 0.328125 0.387500 0.031250 0.031250
0 0.507812 0.760938 0.028125 0.028125
0 0.165625 0.846875 0.031250 0.031250
0 0.840625 0.359375 0.031250 0.031250
0 0.040625 0.565625 0.031250 0.031250
0 0.484375 0.475000 0.031250 0.031250
0 0.375000 0.353125 0.031250 0.031250
0 0.712500 0.359375 0.031250 0.031250
0 0.817187 0.732812 0.028125 0.028125
0 0.717187 0.789062 0.028125 0.028125
0 0.473438 0.876563 0.028125 0.028125
0 0.589063 0.732812 0.028125 0.028125
0 0.539062 0.875000 0.028125 0.031250
0 0.460938 0.675000 0.028125 0.031250
0 0.717187 0.904687 0.028125 0.028125
0 0.587500 0.846875 0.031250 0.031250
0 0.018750 0.859375 0.031250 0.031250
0 0.967187 0.873437 0.028125 0.028125
0 0.507812 0.820312 0.028125 0.028125
0 0.932813 0.871875 0.028125 0.031250
0 0.720313 0.731250 0.028125 0.031250
0 0.040625 0.910937 0.031250 0.028125
0 0.598437 0.445312 0.028125 0.028125
0 0.481250 0.531250 0.031250 0.031250
0 0.596875 0.387500 0.031250 0.031250
0 0.089063 0.950000 0.028125 0.031250
0 0.362500 0.564063 0.031250 0.028125
0 0.509375 0.590625 0.031250 0.031250
0 0.246875 0.932813 0.031250 0.028125
0 0.281250 0.876563 0.031250 0.028125
0 0.182812 0.470313 0.028125 0.028125
0 0.390625 0.450000 0.031250 0.031250
0 0.232813 0.564063 0.028125 0.028125
0 0.948438 0.845313 0.028125 0.028125
0 0.693750 0.387500 0.031250 0.031250
0 0.037500 0.731250 0.031250 0.031250
0 0.215625 0.762500 0.031250 0.031250
0 0.821875 0.564063 0.031250 0.028125
0 0.345313 0.592187 0.028125 0.028125
0 0.739062 0.535937 0.028125 0.028125
0 0.692187 0.446875 0.028125 0.031250
0 0.393750 0.387500 0.031250 0.031250
0 0.362500 0.676562 0.031250 0.028125
0 0.071875 0.900000 0.031250 0.031250
0 0.901563 0.534375 0.028125 0.031250
0 0.379688 0.590625 0.028125 0.031250
0 0.151562 0.471875 0.028125 0.031250
0 0.571875 0.873437 0.031250 0.028125
0 0.915625 0.731250 0.031250 0.031250
0 0.746875 0.962500 0.031250 0.031250
0 0.523438 0.846875 0.028125 0.031250
0 0.525000 0.618750 0.031250 0.031250
0 0.939063 0.359375 0.028125 0.031250
0 0.550000 0.417187 0.031250 0.028125
0 0.293750 0.443750 0.031250 0.031250
0 0.817187 0.675000 0.028125 0.031250
0 0.023438 0.482812 0.028125 0.028125
0 0.768750 0.706250 0.031250 0.031250
0 0.396875 0.678125 0.031250 0.031250
0 0.906250 0.356250 0.031250 0.031250
0 0.493750 0.562500 0.031250 0.031250
0 0.309375 0.471875 0.031250 0.031250
0 0.518750 0.417187 0.031250 0.028125
0 0.821875 0.450000 0.031250 0.031250
0 0.500000 0.385937 0.031250 0.034375
0 0.376563 0.760938 0.028125 0.028125
0 0.679688 0.417187 0.028125 0.028125
0 0.648438 0.418750 0.028125 0.031250
0 0.614062 0.476562 0.028125 0.028125
0 0.182812 0.876563 0.028125 0.028125
0 0.146875 0.968750 0.031250 0.031250
0 0.340625 0.475000 0.031250 0.031250
0 0.807813 0.359375 0.028125 0.031250
0 0.898438 0.759375 0.028125 0.031250
0 0.442188 0.932813 0.028125 0.028125
0 0.426563 0.734375 0.028125 0.031250
0 0.281250 0.409375 0.031250 0.031250
0 0.703125 0.703125 0.031250 0.031250
0 0.295312 0.906250 0.028125 0.031250
0 0.198437 0.384375 0.028125 0.031250
0 0.409375 0.760938 0.031250 0.028125
0 0.935937 0.814063 0.028125 0.028125
0 0.784375 0.732812 0.031250 0.028125
0 0.310937 0.876563 0.028125 0.028125
0 0.201563 0.620313 0.028125 0.028125
0 0.509375 0.704688 0.031250 0.028125
0 0.379688 0.650000 0.028125 0.031250
0 0.360938 0.385937 0.028125 0.028125
0 0.587500 0.904687 0.031250 0.028125
0 0.475000 0.590625 0.031250 0.031250
0 0.171875 0.500000 0.031250 0.031250
0 0.579688 0.478125 0.028125 0.031250
0 0.817187 0.620313 0.028125 0.028125
0 0.039062 0.623437 0.028125 0.028125
0 0.264062 0.562500 0.028125 0.031250
0 0.296875 0.381250 0.031250 0.031250
0 0.800000 0.704688 0.031250 0.028125
0 0.514062 0.529687 0.028125 0.028125
0 0.489063 0.846875 0.028125 0.031250
0 0.343750 0.417187 0.031250 0.028125
0 0.070312 0.565625 0.028125 0.031250
0 0.507812 0.876563 0.028125 0.028125
0 0.493750 0.675000 0.031250 0.031250
0 0.715625 0.962500 0.031250 0.031250
0 0.329688 0.962500 0.028125 0.031250
0 0.476562 0.932813 0.028125 0.028125
0 0.345313 0.876563 0.028125 0.028125
0 0.515625 0.473438 0.031250 0.028125
0 0.101562 0.735938 0.028125 0.028125
0 0.726562 0.450000 0.028125 0.031250
0 0.651563 0.848437 0.028125 0.028125
0 0.615625 0.359375 0.031250 0.031250
0 0.753125 0.564063 0.031250 0.028125
0 0.490625 0.962500 0.031250 0.031250
0 0.410938 0.650000 0.028125 0.031250
0 0.198437 0.734375 0.028125 0.031250
0 0.967187 0.704688 0.028125 0.028125
0 0.682813 0.964063 0.028125 0.028125
0 0.265625 0.382812 0.031250 0.028125
0 0.542188 0.704688 0.028125 0.028125
0 0.229687 0.439063 0.028125 0.028125
0 0.468750 0.443750 0.031250 0.031250
0 0.068750 0.453125 0.031250 0.031250
0 0.807813 0.423438 0.028125 0.028125
0 0.721875 0.564063 0.031250 0.028125
0 0.790625 0.450000 0.031250 0.031250
0 0.087500 0.648438 0.031250 0.028125
0 0.728125 0.387500 0.031250 0.031250
0 0.410938 0.704688 0.028125 0.028125
0 0.667188 0.873437 0.028125 0.028125
0 0.953125 0.446875 0.031250 0.031250
0 0.932813 0.704688 0.028125 0.028125
0 0.898438 0.703125 0.028125 0.031250
0 0.346875 0.648438 0.031250 0.028125
0 0.964063 0.648438 0.028125 0.028125
0 0.450000 0.531250 0.031250 0.031250
0 0.770312 0.648438 0.028125 0.028125
0 0.557813 0.618750 0.028125 0.031250
0 0.745313 0.359375 0.028125 0.031250
0 0.256250 0.503125 0.031250 0.031250
0 0.651563 0.962500 0.028125 0.031250
0 0.778125 0.962500 0.031250 0.031250
0 0.706250 0.535937 0.031250 0.028125
0 0.309375 0.531250 0.031250 0.031250
0 0.900000 0.478125 0.031250 0.031250
0 0.046875 0.881250 0.031250 0.031250
0 0.710938 0.417187 0.028125 0.028125
0 0.465625 0.501563 0.031250 0.028125
0 0.632812 0.932813 0.028125 0.028125
0 0.835938 0.479687 0.028125 0.028125
0 0.578125 0.534375 0.031250 0.031250
0 0.556250 0.732812 0.031250 0.028125
0 0.376563 0.876563 0.028125 0.028125
0 0.476562 0.648438 0.028125 0.028125
0 0.689063 0.562500 0.028125 0.031250
0 0.775000 0.421875 0.031250 0.031250
0 0.135937 0.564063 0.028125 0.028125
0 0.785937 0.789062 0.028125 0.028125
0 0.329688 0.732812 0.028125 0.028125
0 0.851562 0.507812 0.028125 0.028125
0 0.650000 0.356250 0.031250 0.031250
0 0.884375 0.675000 0.031250 0.031250
0 0.217188 0.876563 0.028125 0.028125
0 0.359375 0.445312 0.031250 0.028125
0 0.021875 0.706250 0.031250 0.031250
0 0.635938 0.820312 0.028125 0.028125
0 0.640625 0.590625 0.031250 0.031250
0 0.164062 0.904687 0.028125 0.028125
0 0.789062 0.564063 0.028125 0.028125
0 0.406250 0.423438 0.031250 0.028125
0 0.182812 0.706250 0.028125 0.031250
0 0.770312 0.592187 0.028125 0.028125
0 0.329688 0.564063 0.028125 0.028125
0 0.168750 0.790625 0.031250 0.031250
0 0.026562 0.403125 0.028125 0.031250
0 0.262500 0.962500 0.031250 0.031250
0 0.820312 0.509375 0.028125 0.031250
0 0.037500 0.321875 0.031250 0.031250
0 0.848437 0.675000 0.028125 0.031250
0 0.021875 0.350000 0.031250 0.031250
0 0.673438 0.534375 0.028125 0.031250
0 0.675000 0.479687 0.031250 0.028125
0 0.778125 0.362500 0.031250 0.031250
0 0.151562 0.353125 0.028125 0.031250
0 0.532813 0.446875 0.028125 0.031250
0 0.445312 0.706250 0.028125 0.031250
0 0.882812 0.785937 0.028125 0.028125
0 0.476562 0.703125 0.028125 0.031250
0 0.075000 0.868750 0.031250 0.031250
0 0.376563 0.415625 0.028125 0.031250
0 0.737500 0.592187 0.031250 0.028125
0 0.932813 0.535937 0.028125 0.028125
0 0.379688 0.820312 0.028125 0.028125
0 0.215625 0.934375 0.031250 0.031250
0 0.584375 0.359375 0.031250 0.031250
0 0.968750 0.417187 0.031250 0.028125
0 0.356250 0.506250 0.031250 0.031250
0 0.803125 0.481250 0.031250 0.031250
0 0.296875 0.790625 0.031250 0.031250
0 0.412500 0.528125 0.043750 0.043750
0 0.279687 0.704688 0.028125 0.028125
0 0.279687 0.592187 0.028125 0.028125
0 0.507812 0.932813 0.028125 0.028125
0 0.440625 0.876563 0.031250 0.028125
0 0.962500 0.931250 0.031250 0.031250
0 0.885938 0.507812 0.028125 0.028125
0 0.393750 0.846875 0.031250 0.031250
0 0.343750 0.359375 0.031250 0.031250
0 0.375000 0.481250 0.031250 0.031250
0 0.245312 0.534375 0.028125 0.031250
0 0.853125 0.564063 0.031250 0.028125
0 0.264062 0.676562 0.028125 0.028125
0 0.250000 0.353125 0.031250 0.031250
0 0.793750 0.932813 0.031250 0.028125
0 0.393750 0.962500 0.031250 0.031250
0 0.487500 0.417187 0.031250 0.028125
0 0.678125 0.359375 0.031250 0.031250
0 0.184375 0.931250 0.031250 0.031250
0 0.360938 0.960938 0.028125 0.028125
0 0.782813 0.846875 0.028125 0.031250
0 0.059375 0.965625 0.031250 0.031250
0 0.184375 0.760938 0.031250 0.028125
0 0.328125 0.443750 0.031250 0.031250
0 0.028125 0.793750 0.031250 0.031250
0 0.135937 0.323437 0.034375 0.034375
0 0.087500 0.353125 0.031250 0.031250
0 0.751563 0.676562 0.028125 0.028125
0 0.312500 0.762500 0.031250 0.031250
0 0.178125 0.964063 0.031250 0.034375
0 0.653125 0.790625 0.031250 0.031250
0 0.979688 0.787500 0.028125 0.031250
0 0.553125 0.359375 0.031250 0.031250
0 0.620313 0.964063 0.028125 0.028125
0 0.884375 0.731250 0.031250 0.031250
0 0.781250 0.906250 0.031250 0.031250
0 0.554688 0.845313 0.028125 0.028125
0 0.278125 0.534375 0.031250 0.031250
0 0.279687 0.762500 0.028125 0.031250
0 0.595313 0.325000 0.034375 0.031250
0 0.106250 0.325000 0.031250 0.031250
0 0.312500 0.648438 0.031250 0.028125
0 0.573438 0.704688 0.028125 0.028125
0 0.825000 0.387500 0.031250 0.031250
0 0.396875 0.562500 0.031250 0.031250
0 0.056250 0.650000 0.031250 0.031250
0 0.215625 0.470313 0.031250 0.028125
0 0.215625 0.534375 0.031250 0.031250
0 0.971875 0.359375 0.031250 0.031250
0 0.518750 0.356250 0.031250 0.031250
0 0.135937 0.620313 0.028125 0.028125
0 0.323437 0.501563 0.028125 0.028125
0 0.915625 0.901563 0.031250 0.034375
0 0.340625 0.534375 0.031250 0.031250
0 0.328125 0.792188 0.031250 0.028125
0 0.445312 0.589063 0.028125 0.028125
0 0.812500 0.962500 0.031250 0.031250
0 0.521875 0.959375 0.031250 0.031250
0 0.628125 0.325000 0.031250 0.031250
0 0.865625 0.703125 0.031250 0.031250
0 0.879687 0.842187 0.028125 0.028125
0 0.434375 0.496875 0.031250 0.031250
0 0.557813 0.676562 0.028125 0.028125
0 0.437500 0.431250 0.031250 0.031250
0 0.151562 0.934375 0.028125 0.031250
0 0.120313 0.945312 0.028125 0.028125
0 0.584375 0.962500 0.031250 0.031250
0 0.460938 0.562500 0.028125 0.031250
0 0.428125 0.564063 0.031250 0.028125
0 0.500000 0.446875 0.031250 0.031250
0 0.459375 0.962500 0.031250 0.031250
0 0.750000 0.846875 0.031250 0.031250
0 0.281250 0.648438 0.031250 0.028125
0 0.054688 0.592187 0.028125 0.028125
0 0.898438 0.814063 0.028125 0.028125
0 0.428125 0.962500 0.031250 0.031250
0 0.040625 0.376563 0.031250 0.028125
0 0.167187 0.382812 0.028125 0.028125
0 0.418750 0.459375 0.031250 0.031250
0 0.278125 0.353125 0.031250 0.031250
0 0.312500 0.353125 0.031250 0.031250
0 0.856250 0.328125 0.031250 0.031250
0 0.978125 0.901563 0.031250 0.028125
0 0.015625 0.892188 0.031250 0.028125
0 0.217188 0.592187 0.028125 0.028125
0 0.112500 0.976562 0.031250 0.034375
0 0.564063 0.325000 0.034375 0.031250
0 0.073438 0.320312 0.034375 0.034375
0 0.056250 0.350000 0.031250 0.031250
0 0.695312 0.328125 0.034375 0.031250
0 0.917188 0.564063 0.028125 0.028125
0 0.817187 0.785937 0.028125 0.028125
0 0.371875 0.534375 0.031250 0.031250
0 0.231250 0.323437 0.031250 0.034375
0 0.215625 0.354687 0.031250 0.028125
0 0.890625 0.328125 0.031250 0.031250
0 0.403125 0.487500 0.031250 0.031250
0 0.031250 0.978125 0.031250 0.031250
0 0.265625 0.321875 0.031250 0.031250
0 0.246875 0.646875 0.031250 0.031250
0 0.759375 0.326562 0.037500 0.034375
0 0.725000 0.329688 0.031250 0.034375
0 0.231250 0.962500 0.031250 0.031250
0 0.979688 0.507812 0.028125 0.028125
0 0.328125 0.321875 0.031250 0.031250
0 0.410938 0.876563 0.028125 0.028125
0 0.031250 0.762500 0.031250 0.031250
0 0.184375 0.353125 0.031250 0.031250
0 0.362500 0.321875 0.031250 0.031250
0 0.967187 0.592187 0.028125 0.028125
0 0.448437 0.364063 0.046875 0.046875
0 0.295312 0.620313 0.028125 0.028125
0 0.168750 0.323437 0.031250 0.034375
0 0.662500 0.325000 0.031250 0.031250
0 0.814063 0.848437 0.028125 0.028125
0 0.923438 0.329688 0.034375 0.034375
0 0.459375 0.406250 0.031250 0.031250
0 0.979688 0.845313 0.028125 0.028125
0 0.406250 0.354687 0.031250 0.034375
0 0.398438 0.323437 0.034375 0.034375
0 0.553125 0.964063 0.031250 0.034375
0 0.425000 0.396875 0.031250 0.031250
0 0.828125 0.934375 0.031250 0.031250
0 0.979688 0.618750 0.028125 0.031250
0 0.296875 0.323437 0.031250 0.028125
0 0.014063 0.923438 0.028125 0.028125
0 0.948438 0.564063 0.028125 0.028125
0 0.979688 0.564063 0.028125 0.028125
0 0.531250 0.325000 0.031250 0.031250
0 0.200000 0.325000 0.031250 0.031250
0 0.979688 0.731250 0.028125 0.031250
0 0.978125 0.675000 0.031250 0.031250
0 0.825000 0.328125 0.031250 0.031250
0 0.426563 0.904687 0.028125 0.028125
0 0.487500 0.356250 0.031250 0.031250
0 0.206250 0.978125 0.031250 0.031250
0 0.956250 0.329688 0.031250 0.034375
0 0.793750 0.328125 0.031250 0.031250
0 0.843750 0.970313 0.031250 0.034375
0 0.432812 0.323437 0.034375 0.034375
0 0.498437 0.323437 0.034375 0.034375
