0 0.734375 0.890625 0.031250 0.031250
0 0.698438 0.170313 0.028125 0.028125
0 0.612500 0.184375 0.031250 0.031250
0 0.495312 0.181250 0.028125 0.031250
0 0.704688 0.871875 0.028125 0.031250
0 0.059375 0.512500 0.031250 0.031250
0 0.725000 0.246875 0.031250 0.031250
0 0.584375 0.103125 0.031250 0.031250
0 0.640625 0.068750 0.031250 0.031250
0 0.081250 0.734375 0.031250 0.031250
0 0.692187 0.267188 0.028125 0.028125
0 0.695312 0.067187 0.028125 0.028125
0 0.581250 0.231250 0.031250 0.031250
0 0.785937 0.376563 0.028125 0.028125
0 0.389062 0.150000 0.028125 0.031250
0 0.568750 0.329688 0.031250 0.028125
0 0.612500 0.087500 0.031250 0.031250
0 0.781250 0.578125 0.031250 0.031250
0 0.645312 0.548438 0.028125 0.028125
0 0.579688 0.267188 0.028125 0.028125
0 0.464062 0.198437 0.028125 0.028125
0 0.521875 0.100000 0.031250 0.031250
0 0.168750 0.300000 0.031250 0.031250
0 0.378125 0.118750 0.031250 0.031250
0 0.226562 0.196875 0.028125 0.031250
0 0.751563 0.296875 0.034375 0.031250
0 0.620313 0.889062 0.028125 0.028125
0 0.553125 0.215625 0.031250 0.031250
0 0.670312 0.185938 0.028125 0.028125
0 0.512500 0.296875 0.031250 0.031250
0 0.784375 0.543750 0.031250 0.031250
0 0.556250 0.150000 0.031250 0.031250
0 0.725000 0.053125 0.031250 0.031250
0 0.639062 0.234375 0.028125 0.031250
0 0.448437 0.851562 0.028125 0.028125
0 0.310937 0.704688 0.028125 0.028125
0 0.757812 0.360938 0.028125 0.028125
0 0.592187 0.840625 0.028125 0.031250
0 0.114062 0.585938 0.028125 0.028125
0 0.362500 0.056250 0.031250 0.031250
0 0.392188 0.064062 0.028125 0.028125
0 0.642188 0.135937 0.028125 0.028125
0 0.531250 0.131250 0.031250 0.031250
0 0.173437 0.525000 0.028125 0.031250
0 0.707812 0.667188 0.028125 0.028125
0 0.726562 0.571875 0.028125 0.031250
0 0.512500 0.329688 0.031250 0.028125
0 0.721875 0.312500 0.031250 0.031250
0 0.704688 0.700000 0.028125 0.031250
0 0.420312 0.835938 0.028125 0.028125
0 0.785937 0.817187 0.028125 0.028125
0 0.781250 0.715625 0.031250 0.031250
0 0.667188 0.054688 0.028125 0.028125
0 0.717187 0.635938 0.028125 0.028125
0 0.042188 0.065625 0.028125 0.031250
0 0.043750 0.270313 0.031250 0.028125
0 0.754687 0.803125 0.028125 0.031250
0 0.756250 0.262500 0.031250 0.031250
0 0.748437 0.625000 0.028125 0.031250
0 0.385937 0.234375 0.028125 0.031250
0 0.782813 0.150000 0.028125 0.031250
0 0.698438 0.737500 0.028125 0.031250
0 0.784375 0.278125 0.031250 0.031250
0 0.217188 0.165625 0.028125 0.031250
0 0.814063 0.328125 0.034375 0.031250
0 0.639062 0.264062 0.028125 0.028125
0 0.610938 0.250000 0.028125 0.031250
0 0.609375 0.282813 0.031250 0.028125
0 0.614062 0.118750 0.028125 0.031250
0 0.476562 0.867188 0.028125 0.028125
0 0.675000 0.715625 0.031250 0.031250
0 0.393750 0.654687 0.031250 0.028125
0 0.812500 0.734375 0.031250 0.031250
0 0.242188 0.054688 0.028125 0.028125
0 0.020313 0.295312 0.028125 0.028125
0 0.754687 0.165625 0.028125 0.031250
0 0.329688 0.048438 0.028125 0.028125
0 0.284375 0.362500 0.031250 0.031250
0 0.285938 0.557813 0.028125 0.028125
0 0.757812 0.835938 0.028125 0.028125
0 0.726562 0.214062 0.028125 0.028125
0 0.485938 0.087500 0.028125 0.031250
0 0.498437 0.118750 0.028125 0.031250
0 0.023438 0.471875 0.028125 0.031250
0 0.778125 0.610938 0.031250 0.028125
0 0.592187 0.545312 0.028125 0.028125
0 0.534375 0.609375 0.031250 0.031250
0 0.590625 0.643750 0.031250 0.031250
0 0.275000 0.064062 0.031250 0.028125
0 0.701562 0.551562 0.028125 0.028125
0 0.517188 0.262500 0.028125 0.031250
0 0.253125 0.087500 0.031250 0.031250
0 0.696875 0.234375 0.031250 0.031250
0 0.635938 0.298438 0.028125 0.028125
0 0.726562 0.150000 0.028125 0.031250
0 0.646875 0.381250 0.031250 0.031250
0 0.543750 0.278125 0.031250 0.031250
0 0.754687 0.768750 0.028125 0.031250
0 0.703125 0.518750 0.031250 0.031250
0 0.778125 0.646875 0.031250 0.031250
0 0.328125 0.250000 0.031250 0.031250
0 0.282813 0.654687 0.028125 0.028125
0 0.757812 0.526563 0.028125 0.028125
0 0.585938 0.200000 0.028125 0.031250
0 0.623437 0.626563 0.028125 0.028125
0 0.695312 0.200000 0.028125 0.031250
0 0.479687 0.542188 0.028125 0.028125
0 0.104688 0.081250 0.028125 0.031250
0 0.621875 0.400000 0.031250 0.031250
0 0.315625 0.103125 0.031250 0.031250
0 0.553125 0.106250 0.031250 0.031250
0 0.567187 0.365625 0.028125 0.031250
0 0.529687 0.867188 0.028125 0.028125
0 0.726562 0.182812 0.028125 0.028125
0 0.562500 0.912500 0.031250 0.031250
0 0.307812 0.071875 0.028125 0.025000
0 0.701562 0.804688 0.028125 0.028125
0 0.167187 0.784375 0.028125 0.031250
0 0.596875 0.379688 0.031250 0.028125
0 0.670312 0.151562 0.028125 0.028125
0 0.534375 0.576562 0.031250 0.028125
0 0.170313 0.654687 0.028125 0.028125
0 0.592187 0.809375 0.028125 0.031250
0 0.759375 0.328125 0.031250 0.031250
0 0.645312 0.807813 0.028125 0.028125
0 0.675000 0.887500 0.031250 0.031250
0 0.690625 0.334375 0.031250 0.031250
0 0.670312 0.087500 0.028125 0.031250
0 0.785937 0.510938 0.028125 0.028125
0 0.050000 0.787500 0.031250 0.031250
0 0.418750 0.768750 0.031250 0.031250
0 0.729688 0.471875 0.028125 0.031250
0 0.785937 0.345313 0.028125 0.028125
0 0.596875 0.314063 0.031250 0.028125
0 0.226562 0.720313 0.028125 0.028125
0 0.025000 0.207813 0.031250 0.028125
0 0.673438 0.501563 0.028125 0.028125
0 0.165625 0.387500 0.031250 0.031250
0 0.729688 0.820312 0.028125 0.028125
0 0.703125 0.485938 0.031250 0.028125
0 0.560937 0.848437 0.028125 0.028125
0 0.701562 0.773438 0.028125 0.028125
0 0.592187 0.610938 0.028125 0.028125
0 0.645312 0.840625 0.028125 0.031250
0 0.559375 0.817187 0.031250 0.028125
0 0.284375 0.589063 0.031250 0.028125
0 0.814063 0.293750 0.034375 0.031250
0 0.254688 0.639062 0.028125 0.028125
0 0.309375 0.640625 0.031250 0.031250
0 0.159375 0.268750 0.031250 0.031250
0 0.623437 0.923438 0.028125 0.028125
0 0.173437 0.425000 0.028125 0.031250
0 0.756250 0.493750 0.031250 0.031250
0 0.704688 0.906250 0.028125 0.031250
0 0.556250 0.182812 0.031250 0.028125
0 0.784375 0.309375 0.031250 0.031250
0 0.693750 0.300000 0.031250 0.031250
0 0.450000 0.656250 0.031250 0.031250
0 0.567187 0.460938 0.028125 0.028125
0 0.210938 0.335938 0.028125 0.028125
0 0.365625 0.173437 0.031250 0.028125
0 0.729688 0.343750 0.028125 0.031250
0 0.437500 0.215625 0.031250 0.031250
0 0.670312 0.217188 0.028125 0.028125
0 0.589063 0.776563 0.028125 0.028125
0 0.457813 0.296875 0.028125 0.031250
0 0.079687 0.831250 0.028125 0.031250
0 0.723437 0.604688 0.028125 0.028125
0 0.781250 0.887500 0.031250 0.031250
0 0.173437 0.557813 0.028125 0.028125
0 0.332813 0.914062 0.028125 0.028125
0 0.200000 0.443750 0.031250 0.031250
0 0.448437 0.817187 0.028125 0.028125
0 0.610938 0.215625 0.028125 0.031250
0 0.081250 0.395313 0.031250 0.028125
0 0.665625 0.314063 0.031250 0.028125
0 0.665625 0.282813 0.031250 0.028125
0 0.678125 0.646875 0.031250 0.031250
0 0.184375 0.159375 0.031250 0.031250
0 0.310937 0.670312 0.028125 0.028125
0 0.221875 0.079687 0.031250 0.028125
0 0.423438 0.607812 0.028125 0.028125
0 0.676562 0.468750 0.028125 0.031250
0 0.275000 0.914062 0.025000 0.028125
0 0.304688 0.931250 0.028125 0.031250
0 0.445312 0.048438 0.028125 0.028125
0 0.532813 0.898438 0.028125 0.028125
0 0.459375 0.262500 0.031250 0.031250
0 0.395313 0.623437 0.028125 0.028125
0 0.401562 0.095312 0.028125 0.028125
0 0.281250 0.787500 0.031250 0.031250
0 0.039062 0.354687 0.028125 0.028125
0 0.784375 0.117188 0.031250 0.028125
0 0.253125 0.670312 0.031250 0.028125
0 0.728125 0.720313 0.031250 0.028125
0 0.507812 0.625000 0.028125 0.031250
0 0.551562 0.248438 0.028125 0.028125
0 0.464062 0.110937 0.028125 0.028125
0 0.371875 0.282813 0.031250 0.028125
0 0.671875 0.756250 0.031250 0.031250
0 0.592187 0.873437 0.028125 0.028125
0 0.125000 0.143750 0.031250 0.031250
0 0.540625 0.310937 0.031250 0.028125
0 0.428125 0.250000 0.031250 0.031250
0 0.332813 0.884375 0.028125 0.031250
0 0.267188 0.032813 0.028125 0.028125
0 0.785937 0.851562 0.028125 0.028125
0 0.132812 0.175000 0.028125 0.031250
0 0.332813 0.164062 0.028125 0.028125
0 0.314063 0.542188 0.028125 0.028125
0 0.339062 0.654687 0.028125 0.028125
0 0.521875 0.200000 0.031250 0.031250
0 0.651563 0.939063 0.028125 0.028125
0 0.090625 0.137500 0.031250 0.031250
0 0.504687 0.150000 0.028125 0.031250
0 0.646875 0.584375 0.031250 0.031250
0 0.251563 0.768750 0.028125 0.031250
0 0.393750 0.689063 0.031250 0.028125
0 0.696875 0.584375 0.031250 0.031250
0 0.079687 0.800000 0.028125 0.031250
0 0.534375 0.545312 0.031250 0.028125
0 0.143750 0.604688 0.031250 0.028125
0 0.456250 0.329688 0.031250 0.028125
0 0.423438 0.639062 0.028125 0.028125
0 0.276562 0.882812 0.028125 0.028125
0 0.623437 0.954688 0.028125 0.028125
0 0.223438 0.753125 0.028125 0.031250
0 0.307812 0.735938 0.028125 0.028125
0 0.226562 0.685937 0.028125 0.028125
0 0.620313 0.498437 0.028125 0.028125
0 0.346875 0.109375 0.031250 0.031250
0 0.620313 0.857812 0.028125 0.028125
0 0.592187 0.479687 0.028125 0.028125
0 0.531250 0.832812 0.031250 0.028125
0 0.670312 0.118750 0.028125 0.031250
0 0.103125 0.370312 0.031250 0.028125
0 0.401562 0.295312 0.028125 0.028125
0 0.229687 0.526563 0.028125 0.028125
0 0.428125 0.187500 0.031250 0.031250
0 0.728125 0.753125 0.031250 0.031250
0 0.673438 0.532813 0.028125 0.028125
0 0.073438 0.362500 0.028125 0.031250
0 0.704688 0.450000 0.034375 0.031250
0 0.510938 0.492188 0.028125 0.028125
0 0.484375 0.314063 0.031250 0.028125
0 0.693750 0.034375 0.031250 0.031250
0 0.318750 0.346875 0.031250 0.031250
0 0.706250 0.365625 0.031250 0.031250
0 0.401562 0.329688 0.028125 0.028125
0 0.785937 0.410938 0.028125 0.028125
0 0.701562 0.837500 0.028125 0.031250
0 0.420312 0.801562 0.028125 0.028125
0 0.476562 0.835938 0.028125 0.028125
0 0.112500 0.403125 0.031250 0.031250
0 0.248438 0.867188 0.028125 0.028125
0 0.562500 0.657813 0.031250 0.028125
0 0.365625 0.737500 0.031250 0.031250
0 0.106250 0.287500 0.031250 0.031250
0 0.246875 0.350000 0.031250 0.031250
0 0.618750 0.826562 0.031250 0.028125
0 0.665625 0.248438 0.031250 0.028125
0 0.360938 0.929688 0.028125 0.028125
0 0.504687 0.851562 0.028125 0.028125
0 0.476562 0.607812 0.028125 0.028125
0 0.262500 0.321875 0.031250 0.031250
0 0.593750 0.062500 0.031250 0.031250
0 0.229687 0.110937 0.028125 0.028125
0 0.642188 0.168750 0.028125 0.031250
0 0.076563 0.190625 0.028125 0.031250
0 0.318750 0.309375 0.031250 0.031250
0 0.157812 0.354687 0.028125 0.028125
0 0.371875 0.315625 0.031250 0.031250
0 0.429688 0.314063 0.028125 0.028125
0 0.500000 0.034375 0.031250 0.031250
0 0.196875 0.768750 0.031250 0.031250
0 0.756250 0.735938 0.031250 0.028125
0 0.254688 0.606250 0.028125 0.031250
0 0.114062 0.112500 0.028125 0.031250
0 0.248438 0.931250 0.028125 0.031250
0 0.484375 0.410938 0.031250 0.028125
0 0.056250 0.612500 0.031250 0.031250
0 0.742188 0.654687 0.028125 0.028125
0 0.696875 0.101562 0.031250 0.028125
0 0.504687 0.592187 0.028125 0.028125
0 0.478125 0.640625 0.031250 0.031250
0 0.753125 0.557813 0.031250 0.028125
0 0.729688 0.504687 0.028125 0.028125
0 0.228125 0.592187 0.031250 0.028125
0 0.643750 0.710938 0.031250 0.028125
0 0.639062 0.201563 0.028125 0.028125
0 0.567187 0.398438 0.028125 0.028125
0 0.367188 0.576562 0.028125 0.028125
0 0.254688 0.575000 0.028125 0.031250
0 0.735938 0.928125 0.034375 0.031250
0 0.529687 0.170313 0.028125 0.028125
0 0.345313 0.329688 0.028125 0.028125
0 0.642188 0.103125 0.028125 0.031250
0 0.507812 0.560937 0.028125 0.028125
0 0.195312 0.189062 0.028125 0.028125
0 0.643750 0.775000 0.031250 0.031250
0 0.362500 0.867188 0.031250 0.028125
0 0.585938 0.167187 0.028125 0.028125
0 0.414062 0.039062 0.028125 0.028125
0 0.342187 0.525000 0.028125 0.031250
0 0.392188 0.820312 0.028125 0.028125
0 0.759375 0.395313 0.031250 0.028125
0 0.279687 0.685937 0.028125 0.028125
0 0.281250 0.753125 0.031250 0.031250
0 0.060937 0.331250 0.028125 0.031250
0 0.476562 0.768750 0.028125 0.031250
0 0.285938 0.460938 0.028125 0.028125
0 0.454688 0.079687 0.028125 0.028125
0 0.173437 0.214062 0.028125 0.028125
0 0.751563 0.590625 0.028125 0.031250
0 0.676562 0.921875 0.028125 0.031250
0 0.050000 0.096875 0.031250 0.031250
0 0.392188 0.753125 0.028125 0.031250
0 0.109375 0.815625 0.031250 0.031250
0 0.048438 0.820312 0.028125 0.028125
0 0.253125 0.735938 0.031250 0.028125
0 0.248438 0.173437 0.028125 0.028125
0 0.429688 0.346875 0.028125 0.031250
0 0.201563 0.607812 0.028125 0.028125
0 0.400000 0.265625 0.031250 0.031250
0 0.584375 0.135937 0.031250 0.028125
0 0.360938 0.254688 0.028125 0.028125
0 0.760938 0.909375 0.028125 0.031250
0 0.189062 0.365625 0.028125 0.031250
0 0.201563 0.509375 0.028125 0.031250
0 0.445312 0.785937 0.028125 0.028125
0 0.618750 0.529687 0.031250 0.028125
0 0.103125 0.551562 0.031250 0.028125
0 0.593750 0.448437 0.031250 0.028125
0 0.732812 0.378125 0.028125 0.031250
0 0.621875 0.360938 0.031250 0.028125
0 0.335938 0.753125 0.028125 0.031250
0 0.562500 0.593750 0.031250 0.031250
0 0.510938 0.429688 0.028125 0.028125
0 0.395313 0.592187 0.028125 0.028125
0 0.070312 0.159375 0.028125 0.031250
0 0.351562 0.223438 0.028125 0.028125
0 0.073438 0.073438 0.028125 0.028125
0 0.256250 0.378125 0.031250 0.031250
0 0.562500 0.050000 0.031250 0.031250
0 0.370312 0.085938 0.028125 0.028125
0 0.270313 0.148438 0.028125 0.028125
0 0.201563 0.306250 0.028125 0.031250
0 0.432812 0.101562 0.028125 0.028125
0 0.340625 0.284375 0.031250 0.031250
0 0.248438 0.898438 0.028125 0.028125
0 0.531250 0.801562 0.031250 0.028125
0 0.675000 0.396875 0.031250 0.031250
0 0.651563 0.417187 0.028125 0.028125
0 0.687500 0.615625 0.031250 0.031250
0 0.142187 0.206250 0.028125 0.031250
0 0.226562 0.557813 0.028125 0.028125
0 0.595313 0.345313 0.028125 0.028125
0 0.220312 0.368750 0.028125 0.031250
0 0.503125 0.884375 0.025000 0.025000
0 0.570312 0.296875 0.028125 0.031250
0 0.307812 0.768750 0.028125 0.031250
0 0.426563 0.542188 0.028125 0.028125
0 0.273438 0.948438 0.028125 0.028125
0 0.231250 0.312500 0.031250 0.031250
0 0.279687 0.851562 0.028125 0.028125
0 0.167187 0.096875 0.028125 0.031250
0 0.279687 0.820312 0.028125 0.028125
0 0.126562 0.346875 0.028125 0.031250
0 0.028125 0.506250 0.031250 0.031250
0 0.809375 0.590625 0.031250 0.031250
0 0.809375 0.903125 0.031250 0.031250
0 0.050000 0.756250 0.031250 0.031250
0 0.109375 0.468750 0.031250 0.031250
0 0.648438 0.679688 0.028125 0.028125
0 0.493750 0.245312 0.031250 0.028125
0 0.451562 0.689063 0.028125 0.028125
0 0.145313 0.542188 0.028125 0.028125
0 0.367188 0.639062 0.028125 0.028125
0 0.504687 0.657813 0.028125 0.028125
0 0.173437 0.460938 0.028125 0.028125
0 0.367188 0.670312 0.028125 0.028125
0 0.279687 0.720313 0.028125 0.028125
0 0.201563 0.573438 0.028125 0.028125
0 0.562500 0.625000 0.031250 0.031250
0 0.675000 0.857812 0.031250 0.028125
0 0.540625 0.378125 0.031250 0.031250
0 0.226562 0.623437 0.028125 0.028125
0 0.195312 0.801562 0.028125 0.028125
0 0.054688 0.479687 0.028125 0.028125
0 0.698438 0.135937 0.028125 0.028125
0 0.298438 0.042188 0.028125 0.028125
0 0.453125 0.590625 0.031250 0.031250
0 0.732812 0.410938 0.028125 0.028125
0 0.785937 0.442188 0.028125 0.028125
0 0.035937 0.151562 0.028125 0.028125
0 0.239063 0.139063 0.028125 0.028125
0 0.198437 0.101562 0.028125 0.028125
0 0.784375 0.784375 0.031250 0.031250
0 0.812500 0.703125 0.031250 0.031250
0 0.726562 0.085938 0.028125 0.028125
0 0.503125 0.817187 0.031250 0.028125
0 0.095312 0.339062 0.028125 0.028125
0 0.312500 0.189062 0.031250 0.028125
0 0.276562 0.264062 0.028125 0.028125
0 0.429688 0.281250 0.028125 0.031250
0 0.815625 0.360938 0.031250 0.034375
0 0.675000 0.365625 0.031250 0.031250
0 0.535937 0.642188 0.028125 0.028125
0 0.809375 0.768750 0.031250 0.031250
0 0.304688 0.898438 0.028125 0.028125
0 0.614062 0.151562 0.028125 0.028125
0 0.107813 0.198437 0.028125 0.028125
0 0.562500 0.690625 0.031250 0.031250
0 0.339062 0.557813 0.028125 0.028125
0 0.540625 0.346875 0.031250 0.031250
0 0.534375 0.673438 0.031250 0.028125
0 0.351562 0.025000 0.028125 0.031250
0 0.173437 0.492188 0.028125 0.028125
0 0.182812 0.245312 0.028125 0.028125
0 0.485938 0.278125 0.028125 0.031250
0 0.078125 0.459375 0.031250 0.031250
0 0.293750 0.328125 0.031250 0.031250
0 0.643750 0.742188 0.031250 0.028125
0 0.370312 0.409375 0.028125 0.031250
0 0.337500 0.689063 0.031250 0.028125
0 0.323437 0.134375 0.028125 0.031250
0 0.339062 0.623437 0.028125 0.028125
0 0.085938 0.307812 0.028125 0.028125
0 0.090625 0.523438 0.031250 0.028125
0 0.532813 0.042188 0.028125 0.028125
0 0.079687 0.767188 0.028125 0.028125
0 0.420312 0.154688 0.028125 0.028125
0 0.618750 0.792188 0.031250 0.028125
0 0.676562 0.681250 0.028125 0.031250
0 0.473438 0.142187 0.028125 0.028125
0 0.034375 0.240625 0.031250 0.031250
0 0.223438 0.785937 0.028125 0.028125
0 0.440625 0.134375 0.031250 0.031250
0 0.785937 0.179688 0.028125 0.028125
0 0.673438 0.790625 0.028125 0.031250
0 0.253125 0.704688 0.031250 0.028125
0 0.645312 0.514062 0.028125 0.028125
0 0.228125 0.654687 0.025000 0.028125
0 0.423438 0.071875 0.028125 0.031250
0 0.787500 0.084375 0.031250 0.031250
0 0.084375 0.490625 0.031250 0.031250
0 0.648438 0.482812 0.028125 0.028125
0 0.145313 0.507812 0.028125 0.028125
0 0.623437 0.467187 0.028125 0.028125
0 0.370312 0.476562 0.028125 0.028125
0 0.398438 0.526563 0.028125 0.028125
0 0.260937 0.118750 0.028125 0.031250
0 0.476562 0.898438 0.028125 0.028125
0 0.201563 0.542188 0.028125 0.028125
0 0.257812 0.542188 0.028125 0.028125
0 0.534375 0.706250 0.031250 0.031250
0 0.367188 0.607812 0.028125 0.028125
0 0.784375 0.751563 0.031250 0.028125
0 0.284375 0.092188 0.031250 0.028125
0 0.335938 0.076563 0.028125 0.028125
0 0.320312 0.217188 0.028125 0.028125
0 0.425000 0.509375 0.031250 0.031250
0 0.754687 0.073438 0.028125 0.028125
0 0.375000 0.203125 0.031250 0.031250
0 0.117188 0.434375 0.028125 0.031250
0 0.706250 0.937500 0.031250 0.031250
0 0.540625 0.073438 0.031250 0.028125
0 0.592187 0.514062 0.028125 0.028125
0 0.370312 0.545312 0.028125 0.028125
0 0.257812 0.204687 0.028125 0.028125
0 0.173437 0.592187 0.028125 0.028125
0 0.198437 0.639062 0.028125 0.028125
0 0.176563 0.128125 0.028125 0.031250
0 0.754687 0.198437 0.028125 0.028125
0 0.398438 0.492188 0.028125 0.028125
0 0.671875 0.565625 0.031250 0.031250
0 0.756250 0.868750 0.031250 0.031250
0 0.045312 0.182812 0.028125 0.028125
0 0.592187 0.907813 0.028125 0.028125
0 0.201563 0.478125 0.028125 0.031250
0 0.623437 0.432812 0.028125 0.028125
0 0.507812 0.526563 0.028125 0.028125
0 0.784375 0.245312 0.031250 0.028125
0 0.753125 0.040625 0.031250 0.031250
0 0.339062 0.592187 0.028125 0.028125
0 0.729688 0.851562 0.028125 0.028125
0 0.650000 0.448437 0.031250 0.028125
0 0.723437 0.117188 0.028125 0.028125
0 0.401562 0.362500 0.028125 0.031250
0 0.190625 0.073438 0.031250 0.028125
0 0.118750 0.315625 0.031250 0.031250
0 0.029687 0.326562 0.028125 0.028125
0 0.259375 0.410938 0.031250 0.028125
0 0.026562 0.120313 0.028125 0.028125
0 0.650000 0.345313 0.031250 0.028125
0 0.479687 0.576562 0.028125 0.028125
0 0.179688 0.332813 0.028125 0.028125
0 0.765625 0.678125 0.031250 0.031250
0 0.075000 0.278125 0.031250 0.031250
0 0.514062 0.362500 0.028125 0.031250
0 0.709375 0.968750 0.031250 0.031250
0 0.320312 0.017188 0.028125 0.028125
0 0.134375 0.379688 0.031250 0.028125
0 0.223438 0.817187 0.028125 0.028125
0 0.196875 0.401562 0.031250 0.028125
0 0.728125 0.785937 0.031250 0.028125
0 0.198437 0.670312 0.028125 0.028125
0 0.509375 0.064062 0.031250 0.028125
0 0.784375 0.053125 0.031250 0.031250
0 0.228125 0.398438 0.031250 0.028125
0 0.592187 0.675000 0.028125 0.031250
0 0.456250 0.395313 0.031250 0.028125
0 0.307812 0.275000 0.028125 0.031250
0 0.403125 0.210938 0.031250 0.028125
0 0.025000 0.654687 0.031250 0.028125
0 0.595313 0.415625 0.028125 0.031250
0 0.467187 0.229687 0.028125 0.028125
0 0.410938 0.126562 0.028125 0.028125
0 0.207813 0.134375 0.028125 0.031250
0 0.048438 0.448437 0.028125 0.028125
0 0.593750 0.939063 0.031250 0.028125
0 0.495312 0.212500 0.028125 0.031250
0 0.593750 0.971875 0.031250 0.031250
0 0.618750 0.659375 0.031250 0.031250
0 0.673438 0.821875 0.028125 0.031250
0 0.259375 0.507812 0.025000 0.028125
0 0.254688 0.290625 0.028125 0.031250
0 0.032813 0.034375 0.028125 0.031250
0 0.528125 0.771875 0.031250 0.031250
0 0.456250 0.362500 0.031250 0.031250
0 0.285938 0.493750 0.028125 0.031250
0 0.454688 0.167187 0.028125 0.028125
0 0.031250 0.590625 0.031250 0.031250
0 0.304688 0.867188 0.028125 0.028125
0 0.192188 0.275000 0.028125 0.031250
0 0.514062 0.395313 0.028125 0.028125
0 0.728125 0.540625 0.031250 0.031250
0 0.203125 0.018750 0.031250 0.031250
0 0.164062 0.182812 0.028125 0.028125
0 0.814063 0.260937 0.034375 0.034375
0 0.364063 0.704688 0.028125 0.028125
0 0.446875 0.884375 0.025000 0.025000
0 0.220312 0.915625 0.028125 0.031250
0 0.026562 0.625000 0.028125 0.031250
0 0.151562 0.237500 0.028125 0.031250
0 0.589063 0.576562 0.028125 0.028125
0 0.676562 0.434375 0.028125 0.031250
0 0.375000 0.346875 0.031250 0.031250
0 0.382812 0.032813 0.028125 0.028125
0 0.646875 0.646875 0.031250 0.031250
0 0.445312 0.754687 0.028125 0.028125
0 0.142187 0.670312 0.028125 0.028125
0 0.354687 0.139063 0.028125 0.028125
0 0.154688 0.151562 0.028125 0.028125
0 0.814063 0.393750 0.034375 0.031250
0 0.204687 0.220312 0.028125 0.028125
0 0.395313 0.179688 0.028125 0.028125
0 0.137500 0.293750 0.031250 0.031250
0 0.650000 0.906250 0.031250 0.031250
0 0.196875 0.735938 0.031250 0.028125
0 0.420312 0.867188 0.028125 0.028125
0 0.784375 0.018750 0.031250 0.031250
0 0.429688 0.378125 0.028125 0.031250
0 0.437500 0.017188 0.031250 0.028125
0 0.301563 0.157812 0.028125 0.028125
0 0.420312 0.670312 0.028125 0.028125
0 0.143750 0.475000 0.031250 0.031250
0 0.453125 0.525000 0.031250 0.031250
0 0.295312 0.123438 0.028125 0.028125
0 0.279687 0.179688 0.028125 0.028125
0 0.453125 0.559375 0.031250 0.031250
0 0.050000 0.389062 0.031250 0.028125
0 0.532813 0.926562 0.028125 0.028125
0 0.535937 0.510938 0.028125 0.028125
0 0.735938 0.689063 0.028125 0.028125
0 0.145313 0.120313 0.028125 0.028125
0 0.721875 0.281250 0.031250 0.031250
0 0.314063 0.379688 0.028125 0.028125
0 0.342187 0.195312 0.028125 0.028125
0 0.025000 0.409375 0.031250 0.031250
0 0.815625 0.032813 0.031250 0.034375
0 0.812500 0.131250 0.031250 0.031250
0 0.362500 0.770312 0.031250 0.028125
0 0.021875 0.771875 0.031250 0.031250
0 0.725000 0.021875 0.031250 0.031250
0 0.476562 0.737500 0.028125 0.031250
0 0.310937 0.607812 0.028125 0.028125
0 0.142187 0.635938 0.028125 0.028125
0 0.812500 0.800000 0.031250 0.031250
0 0.679688 0.954688 0.028125 0.028125
0 0.617188 0.565625 0.028125 0.031250
0 0.525000 0.231250 0.031250 0.031250
0 0.164062 0.817187 0.028125 0.028125
0 0.190625 0.964063 0.031250 0.028125
0 0.054688 0.301563 0.028125 0.028125
0 0.364063 0.898438 0.028125 0.028125
0 0.167187 0.751563 0.028125 0.028125
0 0.392188 0.785937 0.028125 0.028125
0 0.621875 0.328125 0.031250 0.031250
0 0.617188 0.692187 0.028125 0.028125
0 0.423438 0.576562 0.028125 0.028125
0 0.503125 0.785937 0.031250 0.028125
0 0.298438 0.242188 0.028125 0.028125
0 0.468750 0.026562 0.031250 0.028125
0 0.310937 0.576562 0.028125 0.028125
0 0.421875 0.737500 0.031250 0.031250
0 0.584375 0.028125 0.031250 0.031250
0 0.375000 0.378125 0.031250 0.031250
0 0.754687 0.132812 0.028125 0.028125
0 0.373437 0.442188 0.028125 0.028125
0 0.398438 0.557813 0.028125 0.028125
0 0.137500 0.800000 0.031250 0.031250
0 0.229687 0.429688 0.028125 0.028125
0 0.115625 0.500000 0.031250 0.031250
0 0.246875 0.964063 0.031250 0.028125
0 0.301563 0.964063 0.028125 0.028125
0 0.343750 0.426563 0.031250 0.028125
0 0.087500 0.598437 0.031250 0.028125
0 0.485938 0.346875 0.028125 0.031250
0 0.284375 0.396875 0.031250 0.031250
0 0.018750 0.896875 0.031250 0.031250
0 0.421875 0.706250 0.031250 0.031250
0 0.289062 0.210938 0.028125 0.028125
0 0.307812 0.804688 0.028125 0.028125
0 0.135937 0.089063 0.028125 0.028125
0 0.650000 0.875000 0.031250 0.031250
0 0.759375 0.459375 0.031250 0.031250
0 0.814063 0.657813 0.034375 0.034375
0 0.335938 0.720313 0.028125 0.028125
0 0.401562 0.395313 0.028125 0.028125
0 0.510938 0.460938 0.028125 0.028125
0 0.050000 0.675000 0.031250 0.031250
0 0.618750 0.595313 0.031250 0.028125
0 0.235937 0.026562 0.028125 0.028125
0 0.657813 0.615625 0.028125 0.031250
0 0.559375 0.879687 0.031250 0.028125
0 0.285938 0.426563 0.028125 0.028125
0 0.251563 0.835938 0.028125 0.028125
0 0.059375 0.128125 0.031250 0.031250
0 0.340625 0.395313 0.031250 0.028125
0 0.192188 0.931250 0.028125 0.031250
0 0.314063 0.410938 0.028125 0.028125
0 0.476562 0.801562 0.028125 0.028125
0 0.812500 0.625000 0.031250 0.031250
0 0.368750 0.507812 0.025000 0.028125
0 0.284375 0.623437 0.031250 0.028125
0 0.554688 0.018750 0.028125 0.031250
0 0.257812 0.476562 0.028125 0.028125
0 0.095312 0.048438 0.028125 0.028125
0 0.345313 0.362500 0.028125 0.031250
0 0.251563 0.801562 0.028125 0.028125
0 0.112500 0.618750 0.031250 0.031250
0 0.392188 0.721875 0.028125 0.031250
0 0.109375 0.784375 0.031250 0.031250
0 0.020313 0.835938 0.028125 0.028125
0 0.018750 0.378125 0.031250 0.031250
0 0.060937 0.579688 0.028125 0.028125
0 0.229687 0.492188 0.028125 0.028125
0 0.812500 0.428125 0.031250 0.031250
0 0.815625 0.162500 0.031250 0.031250
0 0.143750 0.410938 0.031250 0.028125
0 0.334375 0.850000 0.031250 0.031250
0 0.426563 0.445312 0.028125 0.028125
0 0.700000 0.412500 0.031250 0.031250
0 0.164062 0.848437 0.028125 0.028125
0 0.085938 0.426563 0.028125 0.028125
0 0.210938 0.050000 0.028125 0.031250
0 0.018750 0.867188 0.031250 0.028125
0 0.809375 0.871875 0.031250 0.031250
0 0.615625 0.040625 0.031250 0.031250
0 0.785937 0.478125 0.028125 0.031250
0 0.056250 0.643750 0.031250 0.031250
0 0.482812 0.507812 0.028125 0.028125
0 0.317188 0.476562 0.028125 0.028125
0 0.021875 0.931250 0.031250 0.031250
0 0.020313 0.804688 0.028125 0.028125
0 0.101562 0.167187 0.028125 0.028125
0 0.285938 0.296875 0.028125 0.031250
0 0.776563 0.973437 0.034375 0.034375
0 0.357812 0.964063 0.028125 0.028125
0 0.389062 0.915625 0.028125 0.031250
0 0.539062 0.445312 0.028125 0.028125
0 0.557813 0.785937 0.028125 0.028125
0 0.564063 0.529687 0.028125 0.028125
0 0.759375 0.426563 0.031250 0.028125
0 0.564063 0.562500 0.028125 0.031250
0 0.398438 0.460938 0.028125 0.028125
0 0.776563 0.939063 0.034375 0.034375
0 0.562500 0.943750 0.031250 0.031250
0 0.107813 0.846875 0.028125 0.031250
0 0.615625 0.756250 0.031250 0.031250
0 0.021875 0.965625 0.031250 0.031250
0 0.021875 0.537500 0.031250 0.031250
0 0.229687 0.462500 0.028125 0.031250
0 0.815625 0.096875 0.031250 0.031250
0 0.081250 0.104688 0.031250 0.028125
0 0.426563 0.476562 0.028125 0.028125
0 0.148438 0.326562 0.028125 0.028125
0 0.426563 0.410938 0.028125 0.028125
0 0.317188 0.445312 0.028125 0.028125
0 0.389062 0.882812 0.028125 0.028125
0 0.504687 0.754687 0.028125 0.028125
0 0.054688 0.420312 0.028125 0.028125
0 0.814063 0.462500 0.034375 0.031250
0 0.018750 0.089063 0.031250 0.028125
0 0.651563 0.971875 0.028125 0.031250
0 0.398438 0.426563 0.028125 0.028125
0 0.076563 0.864062 0.028125 0.028125
0 0.559375 0.753125 0.031250 0.031250
0 0.139063 0.701562 0.028125 0.028125
0 0.048438 0.882812 0.028125 0.028125
0 0.456250 0.429688 0.025000 0.028125
0 0.071875 0.548438 0.031250 0.028125
0 0.564063 0.495312 0.028125 0.028125
0 0.335938 0.785937 0.028125 0.028125
0 0.484375 0.379688 0.031250 0.028125
0 0.114062 0.717187 0.028125 0.028125
0 0.192188 0.835938 0.028125 0.028125
0 0.114062 0.682813 0.028125 0.028125
0 0.285938 0.523438 0.028125 0.028125
0 0.342187 0.492188 0.028125 0.028125
0 0.331250 0.948438 0.025000 0.028125
0 0.342187 0.460938 0.028125 0.028125
0 0.017188 0.440625 0.028125 0.031250
0 0.217188 0.948438 0.028125 0.028125
0 0.170313 0.623437 0.028125 0.028125
0 0.809375 0.968750 0.031250 0.031250
0 0.667188 0.021875 0.028125 0.031250
0 0.135937 0.832812 0.028125 0.028125
0 0.557813 0.975000 0.028125 0.031250
0 0.054688 0.214062 0.028125 0.028125
0 0.045312 0.851562 0.028125 0.028125
0 0.064062 0.706250 0.028125 0.031250
0 0.120313 0.229687 0.028125 0.028125
0 0.535937 0.476562 0.028125 0.028125
0 0.815625 0.065625 0.031250 0.031250
0 0.385937 0.946875 0.028125 0.031250
0 0.751563 0.104688 0.028125 0.028125
0 0.220312 0.978125 0.028125 0.025000
0 0.221875 0.282813 0.031250 0.028125
0 0.307812 0.835938 0.028125 0.028125
0 0.064062 0.042188 0.028125 0.028125
0 0.314063 0.509375 0.028125 0.025000
0 0.179688 0.039062 0.028125 0.028125
0 0.532813 0.739062 0.028125 0.028125
0 0.812500 0.528125 0.031250 0.031250
0 0.478125 0.673438 0.025000 0.028125
0 0.392188 0.851562 0.028125 0.028125
0 0.807813 0.937500 0.034375 0.031250
0 0.750000 0.957812 0.031250 0.028125
0 0.448437 0.721875 0.028125 0.031250
0 0.267188 0.235937 0.028125 0.028125
0 0.257812 0.445312 0.028125 0.028125
0 0.560937 0.721875 0.028125 0.031250
0 0.812500 0.495312 0.031250 0.034375
0 0.021875 0.737500 0.031250 0.031250
0 0.445312 0.946875 0.028125 0.031250
0 0.539062 0.410938 0.028125 0.028125
0 0.034375 0.704688 0.031250 0.028125
0 0.128125 0.260937 0.031250 0.028125
0 0.162500 0.948438 0.031250 0.028125
0 0.503125 0.915625 0.025000 0.025000
0 0.110937 0.651563 0.028125 0.028125
0 0.412500 0.964063 0.031250 0.028125
0 0.473438 0.964063 0.028125 0.028125
0 0.753125 0.232813 0.031250 0.028125
0 0.329688 0.978125 0.028125 0.025000
0 0.473438 0.931250 0.028125 0.031250
0 0.085938 0.634375 0.028125 0.031250
0 0.145313 0.570312 0.028125 0.028125
0 0.275000 0.978125 0.025000 0.025000
0 0.048438 0.915625 0.028125 0.031250
0 0.440625 0.978125 0.031250 0.031250
0 0.145313 0.445312 0.028125 0.028125
0 0.048438 0.946875 0.028125 0.031250
0 0.117188 0.025000 0.028125 0.031250
0 0.035937 0.560937 0.028125 0.028125
0 0.567187 0.429688 0.028125 0.028125
0 0.117188 0.529687 0.028125 0.028125
0 0.164062 0.978125 0.028125 0.031250
0 0.498437 0.948438 0.028125 0.028125
0 0.090625 0.700000 0.031250 0.031250
0 0.081250 0.670312 0.031250 0.028125
0 0.810937 0.560937 0.028125 0.028125
0 0.471875 0.057813 0.031250 0.028125
0 0.814063 0.834375 0.028125 0.031250
0 0.451562 0.620313 0.028125 0.028125
0 0.017188 0.175000 0.028125 0.031250
0 0.484375 0.445312 0.025000 0.028125
0 0.385937 0.978125 0.028125 0.025000
0 0.157812 0.064062 0.028125 0.028125
0 0.220312 0.851562 0.028125 0.028125
0 0.014063 0.264062 0.028125 0.028125
0 0.050000 0.978125 0.031250 0.031250
