0 0.043750 0.800000 0.031250 0.031250
0 0.906250 0.896875 0.031250 0.031250
0 0.453125 0.831250 0.031250 0.031250
0 0.840625 0.831250 0.037500 0.037500
0 0.734375 0.262500 0.031250 0.031250
0 0.121875 0.251563 0.031250 0.028125
0 0.135937 0.859375 0.028125 0.031250
0 0.468750 0.251563 0.031250 0.028125
0 0.896875 0.765625 0.031250 0.031250
0 0.646875 0.771875 0.031250 0.031250
0 0.581250 0.831250 0.031250 0.031250
0 0.856250 0.865625 0.031250 0.031250
0 0.815625 0.643750 0.031250 0.031250
0 0.065625 0.134375 0.031250 0.031250
0 0.075000 0.803125 0.031250 0.031250
0 0.229687 0.600000 0.028125 0.031250
0 0.842187 0.760938 0.028125 0.028125
0 0.729688 0.067187 0.028125 0.028125
0 0.873437 0.145313 0.028125 0.028125
0 0.121875 0.890625 0.031250 0.031250
0 0.843750 0.626563 0.031250 0.028125
0 0.239063 0.743750 0.028125 0.031250
0 0.401562 0.862500 0.028125 0.031250
0 0.760938 0.573438 0.028125 0.028125
0 0.159375 0.196875 0.031250 0.031250
0 0.735938 0.625000 0.028125 0.031250
0 0.478125 0.126562 0.031250 0.028125
0 0.873437 0.610938 0.028125 0.028125
0 0.793750 0.807813 0.031250 0.028125
0 0.432812 0.862500 0.028125 0.031250
0 0.054688 0.890625 0.028125 0.031250
0 0.870313 0.048438 0.028125 0.028125
0 0.901563 0.129688 0.028125 0.028125
0 0.465625 0.862500 0.031250 0.031250
0 0.729688 0.803125 0.028125 0.031250
0 0.817187 0.540625 0.028125 0.031250
0 0.870313 0.745313 0.028125 0.028125
0 0.896875 0.728125 0.031250 0.031250
0 0.873437 0.310937 0.028125 0.028125
0 0.075000 0.220312 0.031250 0.028125
0 0.479687 0.893750 0.028125 0.031250
0 0.484375 0.831250 0.031250 0.031250
0 0.403125 0.801562 0.031250 0.028125
0 0.471875 0.189062 0.031250 0.028125
0 0.790625 0.360938 0.031250 0.028125
0 0.090625 0.834375 0.031250 0.031250
0 0.314063 0.064062 0.028125 0.028125
0 0.478125 0.090625 0.031250 0.031250
0 0.815625 0.114062 0.031250 0.028125
0 0.825000 0.865625 0.031250 0.031250
0 0.245312 0.118750 0.028125 0.031250
0 0.504687 0.204687 0.028125 0.028125
0 0.195312 0.654687 0.028125 0.028125
0 0.417187 0.829688 0.028125 0.028125
0 0.896875 0.631250 0.031250 0.031250
0 0.256250 0.828125 0.031250 0.031250
0 0.257812 0.775000 0.028125 0.031250
0 0.676562 0.360938 0.028125 0.028125
0 0.870313 0.781250 0.028125 0.031250
0 0.137500 0.800000 0.031250 0.031250
0 0.701562 0.082812 0.028125 0.028125
0 0.359375 0.096875 0.031250 0.031250
0 0.507812 0.109375 0.028125 0.031250
0 0.534375 0.090625 0.031250 0.031250
0 0.096875 0.135937 0.031250 0.028125
0 0.593750 0.250000 0.031250 0.031250
0 0.173437 0.228125 0.028125 0.031250
0 0.846875 0.590625 0.031250 0.031250
0 0.257812 0.714063 0.028125 0.028125
0 0.160938 0.653125 0.028125 0.031250
0 0.259375 0.150000 0.031250 0.031250
0 0.101562 0.279687 0.028125 0.028125
0 0.706250 0.606250 0.031250 0.031250
0 0.028125 0.765625 0.031250 0.031250
0 0.734375 0.590625 0.031250 0.031250
0 0.067187 0.590625 0.028125 0.031250
0 0.706250 0.281250 0.031250 0.031250
0 0.734375 0.298438 0.031250 0.028125
0 0.676562 0.329688 0.028125 0.028125
0 0.167187 0.084375 0.028125 0.031250
0 0.396875 0.037500 0.031250 0.031250
0 0.089063 0.248438 0.028125 0.028125
0 0.546875 0.893750 0.031250 0.031250
0 0.734375 0.360938 0.031250 0.028125
0 0.212500 0.628125 0.031250 0.031250
0 0.173437 0.742188 0.028125 0.028125
0 0.437500 0.687500 0.031250 0.031250
0 0.125000 0.767188 0.031250 0.028125
0 0.732812 0.526563 0.028125 0.028125
0 0.817187 0.507812 0.028125 0.028125
0 0.104688 0.793750 0.028125 0.031250
0 0.468750 0.314063 0.031250 0.034375
0 0.760938 0.507812 0.028125 0.028125
0 0.593750 0.184375 0.031250 0.031250
0 0.645312 0.056250 0.028125 0.031250
0 0.037500 0.859375 0.031250 0.031250
0 0.487500 0.650000 0.031250 0.031250
0 0.873437 0.539062 0.028125 0.028125
0 0.901563 0.425000 0.028125 0.031250
0 0.371875 0.126562 0.031250 0.028125
0 0.814063 0.745313 0.028125 0.028125
0 0.679688 0.298438 0.028125 0.028125
0 0.517188 0.831250 0.028125 0.031250
0 0.031250 0.706250 0.031250 0.031250
0 0.901563 0.457813 0.028125 0.028125
0 0.817187 0.245312 0.028125 0.028125
0 0.292187 0.659375 0.028125 0.031250
0 0.760938 0.279687 0.028125 0.028125
0 0.042188 0.218750 0.028125 0.031250
0 0.703125 0.675000 0.031250 0.031250
0 0.279687 0.060937 0.028125 0.028125
0 0.056250 0.248438 0.031250 0.028125
0 0.137500 0.025000 0.031250 0.031250
0 0.785937 0.695312 0.028125 0.028125
0 0.032813 0.134375 0.028125 0.031250
0 0.053125 0.831250 0.031250 0.031250
0 0.895312 0.807813 0.034375 0.034375
0 0.337500 0.743750 0.031250 0.031250
0 0.817187 0.278125 0.028125 0.031250
0 0.567187 0.559375 0.028125 0.031250
0 0.078125 0.737500 0.031250 0.031250
0 0.807813 0.896875 0.034375 0.031250
0 0.109375 0.221875 0.031250 0.031250
0 0.932813 0.784375 0.028125 0.031250
0 0.785937 0.728125 0.028125 0.031250
0 0.623437 0.329688 0.028125 0.028125
0 0.623437 0.593750 0.028125 0.031250
0 0.062500 0.771875 0.031250 0.031250
0 0.029687 0.189062 0.028125 0.028125
0 0.325000 0.093750 0.031250 0.031250
0 0.960938 0.548438 0.028125 0.028125
0 0.845313 0.557813 0.028125 0.028125
0 0.434375 0.803125 0.031250 0.031250
0 0.578125 0.893750 0.031250 0.031250
0 0.957812 0.643750 0.028125 0.031250
0 0.307812 0.121875 0.028125 0.031250
0 0.371875 0.546875 0.031250 0.031250
0 0.939063 0.898438 0.034375 0.034375
0 0.534375 0.801562 0.031250 0.028125
0 0.593750 0.282813 0.031250 0.028125
0 0.142187 0.223438 0.028125 0.028125
0 0.353125 0.834375 0.031250 0.031250
0 0.323437 0.773438 0.028125 0.028125
0 0.839063 0.793750 0.028125 0.031250
0 0.790625 0.865625 0.031250 0.031250
0 0.215625 0.059375 0.031250 0.031250
0 0.620313 0.201563 0.028125 0.028125
0 0.126562 0.196875 0.028125 0.031250
0 0.659375 0.864062 0.031250 0.034375
0 0.896875 0.593750 0.031250 0.031250
0 0.020313 0.831250 0.034375 0.031250
0 0.371875 0.687500 0.031250 0.031250
0 0.898438 0.664062 0.028125 0.028125
0 0.446875 0.076563 0.031250 0.028125
0 0.045312 0.160938 0.028125 0.028125
0 0.817187 0.606250 0.028125 0.031250
0 0.206250 0.800000 0.031250 0.031250
0 0.346875 0.065625 0.031250 0.031250
0 0.929688 0.753125 0.028125 0.031250
0 0.931250 0.690625 0.031250 0.031250
0 0.875000 0.504687 0.031250 0.028125
0 0.928125 0.626563 0.031250 0.028125
0 0.128125 0.710938 0.031250 0.028125
0 0.842187 0.664062 0.028125 0.028125
0 0.290625 0.775000 0.031250 0.031250
0 0.760938 0.473438 0.028125 0.028125
0 0.843750 0.096875 0.031250 0.031250
0 0.592187 0.120313 0.028125 0.028125
0 0.592187 0.087500 0.028125 0.031250
0 0.595313 0.575000 0.028125 0.031250
0 0.790625 0.625000 0.031250 0.031250
0 0.223438 0.773438 0.028125 0.028125
0 0.534375 0.125000 0.031250 0.031250
0 0.706250 0.378125 0.031250 0.031250
0 0.732812 0.101562 0.028125 0.028125
0 0.290625 0.150000 0.031250 0.031250
0 0.676562 0.265625 0.028125 0.031250
0 0.564063 0.137500 0.028125 0.031250
0 0.293750 0.093750 0.031250 0.031250
0 0.370312 0.800000 0.028125 0.031250
0 0.339062 0.125000 0.028125 0.031250
0 0.701562 0.118750 0.028125 0.031250
0 0.081250 0.621875 0.031250 0.031250
0 0.484375 0.543750 0.031250 0.031250
0 0.331250 0.035937 0.031250 0.028125
0 0.200000 0.287500 0.031250 0.031250
0 0.676562 0.132812 0.028125 0.028125
0 0.260937 0.601562 0.028125 0.028125
0 0.809375 0.778125 0.031250 0.031250
0 0.095312 0.707812 0.028125 0.028125
0 0.093750 0.448437 0.031250 0.028125
0 0.276562 0.629687 0.028125 0.028125
0 0.873437 0.112500 0.028125 0.031250
0 0.645312 0.087500 0.028125 0.031250
0 0.070312 0.860938 0.028125 0.028125
0 0.632812 0.745313 0.028125 0.028125
0 0.615625 0.718750 0.031250 0.031250
0 0.846875 0.425000 0.031250 0.031250
0 0.023438 0.245312 0.028125 0.028125
0 0.595313 0.865625 0.028125 0.031250
0 0.303125 0.862500 0.031250 0.031250
0 0.651563 0.543750 0.028125 0.031250
0 0.612500 0.893750 0.031250 0.031250
0 0.667188 0.743750 0.028125 0.031250
0 0.148438 0.310937 0.028125 0.028125
0 0.065625 0.650000 0.031250 0.031250
0 0.931250 0.339062 0.031250 0.028125
0 0.204687 0.229687 0.028125 0.028125
0 0.845313 0.293750 0.028125 0.031250
0 0.756250 0.712500 0.031250 0.031250
0 0.287500 0.206250 0.031250 0.031250
0 0.743750 0.834375 0.031250 0.031250
0 0.307812 0.687500 0.028125 0.031250
0 0.143750 0.167187 0.031250 0.028125
0 0.021875 0.043750 0.031250 0.031250
0 0.392188 0.356250 0.028125 0.031250
0 0.735938 0.657813 0.028125 0.028125
0 0.387500 0.771875 0.031250 0.031250
0 0.518750 0.773438 0.031250 0.028125
0 0.567187 0.595313 0.028125 0.028125
0 0.153125 0.053125 0.031250 0.031250
0 0.960938 0.579688 0.028125 0.028125
0 0.642188 0.460938 0.034375 0.034375
0 0.242188 0.685937 0.028125 0.028125
0 0.287500 0.892188 0.031250 0.028125
0 0.764062 0.342187 0.028125 0.028125
0 0.503125 0.043750 0.031250 0.031250
0 0.676562 0.070312 0.028125 0.028125
0 0.842187 0.729688 0.028125 0.028125
0 0.260937 0.090625 0.028125 0.031250
0 0.762500 0.806250 0.031250 0.031250
0 0.679688 0.590625 0.028125 0.031250
0 0.734375 0.200000 0.031250 0.031250
0 0.764062 0.607812 0.028125 0.028125
0 0.725000 0.865625 0.031250 0.031250
0 0.625000 0.559375 0.031250 0.031250
0 0.562500 0.073438 0.031250 0.028125
0 0.870313 0.681250 0.028125 0.031250
0 0.615625 0.040625 0.031250 0.031250
0 0.504687 0.075000 0.028125 0.031250
0 0.509375 0.171875 0.031250 0.031250
0 0.564063 0.865625 0.028125 0.031250
0 0.562500 0.296875 0.031250 0.031250
0 0.615625 0.831250 0.031250 0.031250
0 0.060937 0.190625 0.028125 0.031250
0 0.271875 0.862500 0.031250 0.031250
0 0.340625 0.803125 0.031250 0.031250
0 0.425000 0.478125 0.031250 0.031250
0 0.904687 0.326562 0.028125 0.028125
0 0.040625 0.473438 0.031250 0.028125
0 0.598437 0.745313 0.028125 0.028125
0 0.429688 0.248438 0.028125 0.028125
0 0.334375 0.240625 0.031250 0.031250
0 0.651563 0.576562 0.028125 0.028125
0 0.176563 0.682813 0.028125 0.028125
0 0.745313 0.776563 0.028125 0.028125
0 0.762500 0.642188 0.031250 0.028125
0 0.632812 0.801562 0.028125 0.028125
0 0.239063 0.800000 0.028125 0.031250
0 0.873437 0.342187 0.028125 0.028125
0 0.704688 0.151562 0.028125 0.028125
0 0.367188 0.243750 0.028125 0.031250
0 0.870313 0.710938 0.028125 0.028125
0 0.214062 0.571875 0.028125 0.031250
0 0.790625 0.262500 0.031250 0.031250
0 0.292187 0.715625 0.028125 0.031250
0 0.312500 0.532813 0.031250 0.034375
0 0.648438 0.151562 0.028125 0.028125
0 0.250000 0.571875 0.031250 0.031250
0 0.234375 0.289062 0.031250 0.028125
0 0.039062 0.275000 0.028125 0.031250
0 0.198437 0.598437 0.028125 0.028125
0 0.817187 0.343750 0.028125 0.031250
0 0.732812 0.132812 0.028125 0.028125
0 0.062500 0.706250 0.031250 0.031250
0 0.484375 0.610938 0.031250 0.028125
0 0.196875 0.342187 0.025000 0.028125
0 0.595313 0.610938 0.028125 0.028125
0 0.732812 0.493750 0.028125 0.031250
0 0.789062 0.525000 0.028125 0.031250
0 0.601562 0.803125 0.028125 0.031250
0 0.373437 0.579688 0.028125 0.028125
0 0.118750 0.829688 0.031250 0.028125
0 0.270313 0.743750 0.028125 0.031250
0 0.817187 0.476562 0.028125 0.028125
0 0.475000 0.059375 0.031250 0.031250
0 0.085938 0.306250 0.028125 0.031250
0 0.678125 0.393750 0.031250 0.031250
0 0.682813 0.775000 0.028125 0.031250
0 0.623437 0.264062 0.028125 0.028125
0 0.432812 0.192188 0.028125 0.028125
0 0.625000 0.628125 0.031250 0.031250
0 0.676562 0.231250 0.028125 0.031250
0 0.901563 0.357812 0.028125 0.028125
0 0.559375 0.042188 0.031250 0.028125
0 0.592187 0.154688 0.028125 0.028125
0 0.035937 0.587500 0.028125 0.031250
0 0.210938 0.685937 0.028125 0.028125
0 0.512500 0.893750 0.031250 0.031250
0 0.129688 0.137500 0.028125 0.031250
0 0.059375 0.446875 0.031250 0.031250
0 0.701562 0.051562 0.028125 0.028125
0 0.678125 0.828125 0.031250 0.031250
0 0.931250 0.531250 0.031250 0.031250
0 0.840625 0.896875 0.031250 0.031250
0 0.820312 0.312500 0.028125 0.031250
0 0.534375 0.745313 0.031250 0.028125
0 0.148438 0.110937 0.028125 0.028125
0 0.900000 0.556250 0.031250 0.031250
0 0.657813 0.500000 0.034375 0.031250
0 0.406250 0.745313 0.031250 0.028125
0 0.518750 0.717187 0.031250 0.028125
0 0.500000 0.865625 0.031250 0.031250
0 0.709375 0.831250 0.031250 0.031250
0 0.039062 0.529687 0.028125 0.028125
0 0.673438 0.039062 0.028125 0.028125
0 0.089063 0.048438 0.028125 0.028125
0 0.206250 0.743750 0.031250 0.031250
0 0.104688 0.862500 0.028125 0.031250
0 0.453125 0.425000 0.031250 0.031250
0 0.426563 0.579688 0.028125 0.028125
0 0.032813 0.648438 0.028125 0.028125
0 0.390625 0.100000 0.031250 0.031250
0 0.614062 0.773438 0.028125 0.028125
0 0.534375 0.220312 0.031250 0.028125
0 0.071875 0.534375 0.031250 0.031250
0 0.960938 0.612500 0.028125 0.031250
0 0.223438 0.714063 0.028125 0.028125
0 0.817187 0.376563 0.028125 0.028125
0 0.567187 0.745313 0.028125 0.028125
0 0.134375 0.079687 0.031250 0.028125
0 0.156250 0.253125 0.031250 0.031250
0 0.250000 0.062500 0.031250 0.031250
0 0.962500 0.803125 0.031250 0.031250
0 0.732812 0.557813 0.028125 0.028125
0 0.510938 0.529687 0.028125 0.028125
0 0.676562 0.200000 0.028125 0.031250
0 0.343750 0.562500 0.031250 0.031250
0 0.237500 0.862500 0.031250 0.031250
0 0.454688 0.462500 0.028125 0.031250
0 0.181250 0.112500 0.031250 0.031250
0 0.318750 0.834375 0.031250 0.031250
0 0.564063 0.331250 0.028125 0.031250
0 0.667188 0.689063 0.028125 0.028125
0 0.896875 0.032813 0.031250 0.028125
0 0.170313 0.282813 0.028125 0.028125
0 0.706250 0.345313 0.031250 0.028125
0 0.189062 0.254688 0.028125 0.028125
0 0.339062 0.628125 0.028125 0.031250
0 0.164062 0.140625 0.028125 0.031250
0 0.900000 0.096875 0.031250 0.031250
0 0.510938 0.429688 0.028125 0.028125
0 0.673438 0.437500 0.034375 0.031250
0 0.650000 0.182812 0.031250 0.028125
0 0.325000 0.714063 0.031250 0.028125
0 0.909375 0.840625 0.031250 0.031250
0 0.818750 0.443750 0.031250 0.031250
0 0.054688 0.103125 0.028125 0.031250
0 0.456250 0.595313 0.031250 0.028125
0 0.403125 0.128125 0.031250 0.031250
0 0.510938 0.462500 0.028125 0.031250
0 0.868750 0.646875 0.031250 0.031250
0 0.901563 0.390625 0.028125 0.031250
0 0.789062 0.132812 0.028125 0.028125
0 0.340625 0.687500 0.031250 0.031250
0 0.960938 0.739062 0.028125 0.028125
0 0.143750 0.681250 0.031250 0.031250
0 0.900000 0.064062 0.031250 0.028125
0 0.845313 0.229687 0.028125 0.028125
0 0.595313 0.510938 0.028125 0.028125
0 0.123438 0.451562 0.028125 0.028125
0 0.625000 0.526563 0.031250 0.028125
0 0.928125 0.657813 0.031250 0.028125
0 0.385937 0.829688 0.028125 0.028125
0 0.098437 0.651563 0.028125 0.028125
0 0.450000 0.109375 0.031250 0.031250
0 0.506250 0.331250 0.031250 0.031250
0 0.485938 0.717187 0.028125 0.028125
0 0.650000 0.410938 0.031250 0.028125
0 0.873437 0.079687 0.028125 0.028125
0 0.378125 0.067187 0.031250 0.028125
0 0.540625 0.578125 0.031250 0.031250
0 0.046875 0.740625 0.031250 0.031250
0 0.351562 0.465625 0.028125 0.031250
0 0.475000 0.346875 0.031250 0.031250
0 0.704688 0.246875 0.028125 0.031250
0 0.192188 0.398438 0.028125 0.028125
0 0.303125 0.803125 0.031250 0.031250
0 0.535937 0.187500 0.028125 0.031250
0 0.565625 0.687500 0.031250 0.031250
0 0.390625 0.656250 0.031250 0.031250
0 0.817187 0.210938 0.028125 0.028125
0 0.845313 0.129688 0.028125 0.028125
0 0.501563 0.801562 0.028125 0.028125
0 0.845313 0.260937 0.028125 0.028125
0 0.962500 0.771875 0.031250 0.031250
0 0.090625 0.765625 0.031250 0.031250
0 0.734375 0.231250 0.031250 0.031250
0 0.510938 0.592187 0.028125 0.028125
0 0.300000 0.034375 0.031250 0.031250
0 0.164062 0.596875 0.028125 0.031250
0 0.923438 0.870313 0.028125 0.028125
0 0.179688 0.626563 0.028125 0.028125
0 0.732812 0.164062 0.028125 0.028125
0 0.650000 0.610938 0.031250 0.028125
0 0.873437 0.473438 0.028125 0.028125
0 0.365625 0.500000 0.031250 0.031250
0 0.104688 0.023438 0.028125 0.028125
0 0.456250 0.562500 0.031250 0.031250
0 0.265625 0.289062 0.031250 0.028125
0 0.646875 0.650000 0.031250 0.031250
0 0.845313 0.392188 0.028125 0.028125
0 0.251563 0.260937 0.028125 0.028125
0 0.120313 0.051562 0.028125 0.028125
0 0.692187 0.864062 0.034375 0.034375
0 0.501563 0.365625 0.028125 0.031250
0 0.562500 0.104688 0.031250 0.028125
0 0.035937 0.075000 0.028125 0.031250
0 0.054688 0.560937 0.028125 0.028125
0 0.842187 0.696875 0.028125 0.031250
0 0.585938 0.775000 0.028125 0.031250
0 0.479687 0.157812 0.028125 0.028125
0 0.873437 0.376563 0.028125 0.028125
0 0.371875 0.743750 0.031250 0.031250
0 0.518750 0.659375 0.031250 0.031250
0 0.481250 0.412500 0.031250 0.031250
0 0.454688 0.659375 0.028125 0.031250
0 0.403125 0.687500 0.031250 0.031250
0 0.790625 0.326562 0.031250 0.028125
0 0.846875 0.525000 0.031250 0.031250
0 0.190625 0.198437 0.031250 0.028125
0 0.354687 0.770312 0.028125 0.028125
0 0.589063 0.054688 0.028125 0.028125
0 0.875000 0.440625 0.031250 0.031250
0 0.318750 0.209375 0.031250 0.031250
0 0.384375 0.217188 0.031250 0.028125
0 0.132812 0.337500 0.028125 0.031250
0 0.696875 0.804688 0.031250 0.028125
0 0.484375 0.510938 0.031250 0.028125
0 0.112500 0.167187 0.031250 0.028125
0 0.896875 0.696875 0.031250 0.031250
0 0.540625 0.478125 0.031250 0.031250
0 0.284375 0.262500 0.031250 0.031250
0 0.815625 0.679688 0.031250 0.028125
0 0.957812 0.356250 0.028125 0.031250
0 0.623437 0.362500 0.028125 0.031250
0 0.273438 0.803125 0.028125 0.031250
0 0.226562 0.145313 0.028125 0.028125
0 0.468750 0.801562 0.031250 0.028125
0 0.068750 0.334375 0.031250 0.031250
0 0.532813 0.059375 0.028125 0.031250
0 0.871875 0.896875 0.031250 0.031250
0 0.362500 0.039062 0.031250 0.028125
0 0.104688 0.479687 0.028125 0.028125
0 0.118750 0.307812 0.031250 0.028125
0 0.304688 0.745313 0.028125 0.028125
0 0.345313 0.526563 0.028125 0.028125
0 0.623437 0.395313 0.028125 0.028125
0 0.595313 0.346875 0.028125 0.031250
0 0.345313 0.596875 0.028125 0.031250
0 0.112500 0.679688 0.031250 0.028125
0 0.470313 0.687500 0.028125 0.031250
0 0.845313 0.196875 0.028125 0.031250
0 0.631250 0.687500 0.031250 0.031250
0 0.453125 0.771875 0.031250 0.031250
0 0.593750 0.314063 0.031250 0.028125
0 0.356250 0.714063 0.031250 0.028125
0 0.401562 0.598437 0.028125 0.028125
0 0.421875 0.096875 0.031250 0.031250
0 0.928125 0.112500 0.031250 0.031250
0 0.406250 0.385937 0.031250 0.028125
0 0.056250 0.504687 0.031250 0.028125
0 0.789062 0.492188 0.028125 0.028125
0 0.506250 0.237500 0.031250 0.031250
0 0.021875 0.559375 0.031250 0.031250
0 0.943750 0.843750 0.031250 0.031250
0 0.960938 0.515625 0.028125 0.031250
0 0.248438 0.315625 0.028125 0.031250
0 0.114062 0.106250 0.028125 0.031250
0 0.450000 0.162500 0.031250 0.031250
0 0.145313 0.367188 0.028125 0.028125
0 0.817187 0.148438 0.028125 0.028125
0 0.454688 0.717187 0.028125 0.028125
0 0.539062 0.543750 0.028125 0.031250
0 0.242188 0.175000 0.028125 0.031250
0 0.650000 0.248438 0.031250 0.028125
0 0.567187 0.801562 0.028125 0.028125
0 0.775000 0.896875 0.031250 0.031250
0 0.564063 0.267188 0.028125 0.028125
0 0.026562 0.443750 0.028125 0.031250
0 0.531250 0.859375 0.031250 0.031250
0 0.484375 0.478125 0.031250 0.031250
0 0.051562 0.304688 0.028125 0.028125
0 0.354687 0.154688 0.028125 0.028125
0 0.600000 0.689063 0.031250 0.028125
0 0.901563 0.295312 0.028125 0.028125
0 0.373437 0.612500 0.028125 0.031250
0 0.645312 0.118750 0.028125 0.031250
0 0.275000 0.685937 0.031250 0.028125
0 0.873437 0.407813 0.028125 0.028125
0 0.595313 0.543750 0.028125 0.031250
0 0.643750 0.893750 0.031250 0.031250
0 0.318750 0.892188 0.031250 0.028125
0 0.960938 0.481250 0.028125 0.031250
0 0.901563 0.525000 0.028125 0.031250
0 0.960938 0.707812 0.028125 0.028125
0 0.621875 0.429688 0.031250 0.028125
0 0.567187 0.528125 0.028125 0.031250
0 0.704688 0.475000 0.028125 0.031250
0 0.398438 0.245312 0.028125 0.028125
0 0.815625 0.712500 0.031250 0.031250
0 0.540625 0.510938 0.031250 0.028125
0 0.368750 0.182812 0.031250 0.028125
0 0.440625 0.043750 0.031250 0.031250
0 0.368750 0.440625 0.031250 0.031250
0 0.789062 0.660937 0.028125 0.028125
0 0.679688 0.626563 0.028125 0.028125
0 0.484375 0.575000 0.031250 0.031250
0 0.650000 0.281250 0.031250 0.031250
0 0.535937 0.154688 0.028125 0.028125
0 0.217188 0.314063 0.028125 0.028125
0 0.078125 0.418750 0.031250 0.031250
0 0.778125 0.775000 0.031250 0.031250
0 0.253125 0.892188 0.031250 0.028125
0 0.353125 0.210938 0.031250 0.028125
0 0.401562 0.528125 0.028125 0.031250
0 0.470313 0.745313 0.028125 0.028125
0 0.153125 0.829688 0.031250 0.028125
0 0.176563 0.168750 0.028125 0.031250
0 0.787500 0.459375 0.031250 0.031250
0 0.084375 0.890625 0.031250 0.031250
0 0.139063 0.482812 0.028125 0.028125
0 0.335938 0.862500 0.028125 0.031250
0 0.510938 0.495312 0.028125 0.028125
0 0.064062 0.390625 0.028125 0.031250
0 0.673438 0.470313 0.028125 0.028125
0 0.198437 0.542188 0.028125 0.028125
0 0.018750 0.103125 0.031250 0.031250
0 0.429688 0.612500 0.028125 0.031250
0 0.429688 0.512500 0.028125 0.031250
0 0.976562 0.898438 0.034375 0.034375
0 0.210938 0.173437 0.028125 0.028125
0 0.078125 0.164062 0.031250 0.028125
0 0.534375 0.689063 0.031250 0.028125
0 0.184375 0.057813 0.031250 0.028125
0 0.620313 0.232813 0.028125 0.028125
0 0.620313 0.135937 0.028125 0.028125
0 0.268750 0.234375 0.031250 0.031250
0 0.350000 0.271875 0.031250 0.031250
0 0.532813 0.284375 0.028125 0.031250
0 0.596875 0.478125 0.031250 0.031250
0 0.756250 0.050000 0.031250 0.031250
0 0.539062 0.610938 0.028125 0.028125
0 0.845313 0.489063 0.028125 0.028125
0 0.503125 0.745313 0.031250 0.028125
0 0.443750 0.334375 0.031250 0.031250
0 0.740625 0.896875 0.031250 0.031250
0 0.414062 0.275000 0.028125 0.031250
0 0.514062 0.560937 0.028125 0.028125
0 0.706250 0.573438 0.031250 0.028125
0 0.079687 0.679688 0.028125 0.028125
0 0.237500 0.231250 0.031250 0.031250
0 0.650000 0.314063 0.031250 0.028125
0 0.276562 0.120313 0.028125 0.028125
0 0.775000 0.840625 0.031250 0.031250
0 0.760938 0.148438 0.028125 0.028125
0 0.628125 0.860938 0.031250 0.028125
0 0.203125 0.028125 0.031250 0.031250
0 0.704688 0.182812 0.028125 0.028125
0 0.420312 0.714063 0.028125 0.028125
0 0.873437 0.210938 0.028125 0.028125
0 0.189062 0.456250 0.028125 0.031250
0 0.732812 0.328125 0.028125 0.031250
0 0.931250 0.307812 0.031250 0.028125
0 0.534375 0.317188 0.031250 0.028125
0 0.815625 0.575000 0.031250 0.031250
0 0.957812 0.870313 0.028125 0.028125
0 0.700000 0.020313 0.031250 0.028125
0 0.646875 0.715625 0.031250 0.031250
0 0.429688 0.546875 0.028125 0.031250
0 0.160938 0.395313 0.028125 0.028125
0 0.643750 0.023438 0.031250 0.028125
0 0.790625 0.229687 0.031250 0.028125
0 0.156250 0.768750 0.031250 0.031250
0 0.070312 0.276562 0.028125 0.028125
0 0.215625 0.512500 0.031250 0.031250
0 0.817187 0.179688 0.028125 0.028125
0 0.423438 0.657813 0.028125 0.028125
0 0.650000 0.215625 0.031250 0.031250
0 0.843750 0.032813 0.031250 0.028125
0 0.171875 0.028125 0.031250 0.031250
0 0.279687 0.320312 0.028125 0.028125
0 0.234375 0.031250 0.031250 0.031250
0 0.931250 0.403125 0.031250 0.031250
0 0.298438 0.292187 0.028125 0.028125
0 0.957812 0.418750 0.028125 0.031250
0 0.539062 0.442188 0.028125 0.028125
0 0.287500 0.834375 0.031250 0.031250
0 0.220312 0.892188 0.028125 0.028125
0 0.759375 0.117188 0.031250 0.028125
0 0.678125 0.521875 0.031250 0.031250
0 0.040625 0.017188 0.031250 0.028125
0 0.471875 0.028125 0.031250 0.031250
0 0.182812 0.570312 0.028125 0.028125
0 0.618750 0.104688 0.031250 0.028125
0 0.873437 0.179688 0.028125 0.028125
0 0.257812 0.657813 0.028125 0.028125
0 0.704688 0.215625 0.028125 0.031250
0 0.429688 0.304688 0.028125 0.028125
0 0.401562 0.440625 0.028125 0.031250
0 0.446875 0.893750 0.031250 0.031250
0 0.625000 0.493750 0.031250 0.031250
0 0.664062 0.801562 0.028125 0.028125
0 0.267188 0.489063 0.028125 0.028125
0 0.101562 0.595313 0.028125 0.028125
0 0.387500 0.156250 0.031250 0.031250
0 0.889062 0.868750 0.028125 0.031250
0 0.214062 0.115625 0.028125 0.031250
0 0.401562 0.628125 0.028125 0.031250
0 0.195312 0.143750 0.028125 0.031250
0 0.334375 0.496875 0.031250 0.031250
0 0.098437 0.335938 0.028125 0.028125
0 0.504687 0.300000 0.028125 0.031250
0 0.221875 0.459375 0.031250 0.031250
0 0.164062 0.339062 0.028125 0.028125
0 0.401562 0.189062 0.028125 0.028125
0 0.789062 0.557813 0.028125 0.028125
0 0.479687 0.221875 0.028125 0.031250
0 0.567187 0.495312 0.028125 0.028125
0 0.565625 0.362500 0.031250 0.031250
0 0.301563 0.235937 0.028125 0.028125
0 0.398438 0.564063 0.028125 0.028125
0 0.415625 0.220312 0.031250 0.028125
0 0.764062 0.748437 0.028125 0.028125
0 0.417187 0.164062 0.028125 0.028125
0 0.650000 0.378125 0.031250 0.031250
0 0.300000 0.492188 0.031250 0.028125
0 0.873437 0.573438 0.028125 0.028125
0 0.956250 0.131250 0.031250 0.031250
0 0.335938 0.179688 0.028125 0.028125
0 0.245312 0.629687 0.028125 0.028125
0 0.732812 0.457813 0.028125 0.028125
0 0.618750 0.167187 0.031250 0.028125
0 0.707812 0.642188 0.028125 0.028125
0 0.221875 0.203125 0.031250 0.031250
0 0.593750 0.378125 0.031250 0.031250
0 0.226562 0.657813 0.028125 0.028125
0 0.646875 0.831250 0.031250 0.031250
0 0.842187 0.160938 0.028125 0.028125
0 0.760938 0.676562 0.028125 0.028125
0 0.756250 0.865625 0.031250 0.031250
0 0.501563 0.689063 0.028125 0.028125
0 0.582812 0.715625 0.028125 0.031250
0 0.676562 0.170313 0.028125 0.028125
0 0.764062 0.310937 0.028125 0.028125
0 0.581250 0.656250 0.031250 0.031250
0 0.709375 0.896875 0.031250 0.031250
0 0.110937 0.737500 0.028125 0.031250
0 0.704688 0.542188 0.028125 0.028125
0 0.267188 0.034375 0.028125 0.031250
0 0.760938 0.214062 0.028125 0.028125
0 0.382812 0.273438 0.028125 0.028125
0 0.532813 0.350000 0.028125 0.031250
0 0.507812 0.139063 0.028125 0.028125
0 0.846875 0.359375 0.031250 0.031250
0 0.623437 0.295312 0.028125 0.028125
0 0.900000 0.490625 0.031250 0.031250
0 0.356250 0.657813 0.031250 0.028125
0 0.760938 0.085938 0.028125 0.028125
0 0.931250 0.721875 0.031250 0.031250
0 0.128125 0.393750 0.031250 0.031250
0 0.326562 0.657813 0.028125 0.028125
0 0.435937 0.745313 0.028125 0.028125
0 0.073438 0.478125 0.028125 0.031250
0 0.714063 0.775000 0.028125 0.031250
0 0.048438 0.676562 0.028125 0.028125
0 0.931250 0.434375 0.031250 0.031250
0 0.846875 0.328125 0.031250 0.031250
0 0.734375 0.428125 0.031250 0.031250
0 0.018750 0.303125 0.031250 0.031250
0 0.218750 0.259375 0.031250 0.031250
0 0.143750 0.425000 0.031250 0.031250
0 0.482812 0.445312 0.028125 0.028125
0 0.170313 0.482812 0.028125 0.028125
0 0.615625 0.659375 0.031250 0.031250
0 0.229687 0.342187 0.028125 0.028125
0 0.306250 0.178125 0.031250 0.031250
0 0.678125 0.896875 0.031250 0.031250
0 0.454688 0.495312 0.028125 0.028125
0 0.703125 0.443750 0.031250 0.031250
0 0.284375 0.462500 0.031250 0.031250
0 0.415625 0.893750 0.031250 0.031250
0 0.142187 0.737500 0.028125 0.031250
0 0.384375 0.467187 0.031250 0.028125
0 0.132812 0.596875 0.028125 0.031250
0 0.448437 0.221875 0.028125 0.031250
0 0.153125 0.890625 0.031250 0.031250
0 0.048438 0.618750 0.028125 0.031250
0 0.456250 0.628125 0.031250 0.031250
0 0.331250 0.296875 0.031250 0.031250
0 0.179688 0.367188 0.028125 0.028125
0 0.764062 0.248438 0.028125 0.028125
0 0.790625 0.293750 0.031250 0.031250
0 0.931250 0.564063 0.031250 0.028125
0 0.073438 0.018750 0.028125 0.031250
0 0.171875 0.798438 0.031250 0.028125
0 0.675000 0.103125 0.025000 0.025000
0 0.587500 0.025000 0.031250 0.031250
0 0.681250 0.715625 0.031250 0.031250
0 0.201563 0.485938 0.028125 0.028125
0 0.731250 0.692187 0.031250 0.028125
0 0.182812 0.314063 0.028125 0.028125
0 0.321875 0.151562 0.031250 0.028125
0 0.764062 0.539062 0.028125 0.028125
0 0.512500 0.628125 0.031250 0.031250
0 0.760938 0.379688 0.028125 0.028125
0 0.931250 0.595313 0.031250 0.028125
0 0.231250 0.542188 0.031250 0.028125
0 0.817187 0.407813 0.028125 0.028125
0 0.706250 0.409375 0.031250 0.031250
0 0.928125 0.814063 0.031250 0.028125
0 0.478125 0.282813 0.031250 0.028125
0 0.531250 0.026562 0.031250 0.028125
0 0.789062 0.098437 0.028125 0.028125
0 0.698438 0.745313 0.028125 0.028125
0 0.254688 0.204687 0.028125 0.028125
0 0.567187 0.462500 0.028125 0.031250
0 0.618750 0.071875 0.031250 0.031250
0 0.434375 0.135937 0.031250 0.028125
0 0.368750 0.862500 0.031250 0.031250
0 0.551562 0.717187 0.028125 0.028125
0 0.548438 0.832812 0.028125 0.028125
0 0.159375 0.710938 0.031250 0.028125
0 0.975000 0.840625 0.031250 0.031250
0 0.184375 0.890625 0.031250 0.031250
0 0.564063 0.168750 0.028125 0.031250
0 0.807813 0.840625 0.028125 0.031250
0 0.551562 0.773438 0.028125 0.028125
0 0.135937 0.279687 0.028125 0.028125
0 0.401562 0.495312 0.028125 0.028125
0 0.506250 0.268750 0.031250 0.031250
0 0.593750 0.443750 0.031250 0.031250
0 0.089063 0.507812 0.028125 0.028125
0 0.034375 0.331250 0.031250 0.031250
0 0.387500 0.715625 0.031250 0.031250
0 0.485938 0.775000 0.028125 0.031250
0 0.567187 0.395313 0.028125 0.028125
0 0.229687 0.089063 0.028125 0.028125
0 0.114062 0.623437 0.028125 0.028125
0 0.676562 0.657813 0.028125 0.028125
0 0.446875 0.276562 0.031250 0.028125
0 0.732812 0.393750 0.028125 0.031250
0 0.317188 0.265625 0.028125 0.031250
0 0.287500 0.584375 0.031250 0.031250
0 0.364063 0.298438 0.028125 0.028125
0 0.535937 0.251563 0.028125 0.028125
0 0.189062 0.770312 0.028125 0.028125
0 0.239063 0.429688 0.028125 0.028125
0 0.175000 0.426563 0.031250 0.028125
0 0.567187 0.626563 0.028125 0.028125
0 0.420312 0.415625 0.028125 0.031250
0 0.314063 0.565625 0.028125 0.031250
0 0.248438 0.517188 0.028125 0.028125
0 0.873437 0.279687 0.028125 0.028125
0 0.054688 0.048438 0.028125 0.028125
0 0.085938 0.564063 0.028125 0.028125
0 0.729688 0.035937 0.028125 0.028125
0 0.101562 0.079687 0.028125 0.028125
0 0.310937 0.321875 0.028125 0.031250
0 0.317188 0.464062 0.028125 0.028125
0 0.314063 0.600000 0.028125 0.031250
0 0.384375 0.892188 0.031250 0.028125
0 0.154688 0.454688 0.028125 0.028125
0 0.393750 0.303125 0.031250 0.031250
0 0.760938 0.442188 0.028125 0.028125
0 0.325000 0.351562 0.031250 0.028125
0 0.426563 0.362500 0.028125 0.031250
0 0.421875 0.775000 0.031250 0.031250
0 0.756250 0.018750 0.031250 0.031250
0 0.307812 0.629687 0.028125 0.028125
0 0.118750 0.567187 0.031250 0.028125
0 0.185938 0.510938 0.028125 0.028125
0 0.081250 0.362500 0.031250 0.031250
0 0.273438 0.176563 0.028125 0.028125
0 0.926562 0.145313 0.028125 0.028125
0 0.931250 0.371875 0.031250 0.031250
0 0.650000 0.345313 0.025000 0.028125
0 0.960938 0.453125 0.028125 0.031250
0 0.029687 0.389062 0.028125 0.028125
0 0.335938 0.435937 0.028125 0.028125
0 0.706250 0.509375 0.025000 0.025000
0 0.198437 0.085938 0.028125 0.028125
0 0.443750 0.390625 0.031250 0.031250
0 0.565625 0.231250 0.031250 0.031250
0 0.278125 0.518750 0.031250 0.031250
0 0.706250 0.310937 0.031250 0.028125
0 0.145313 0.626563 0.028125 0.028125
0 0.814063 0.017188 0.028125 0.028125
0 0.931250 0.276562 0.031250 0.028125
0 0.932813 0.500000 0.028125 0.031250
0 0.112500 0.364063 0.031250 0.028125
0 0.192188 0.712500 0.028125 0.031250
0 0.385937 0.414062 0.028125 0.028125
0 0.082812 0.106250 0.028125 0.031250
0 0.548438 0.653125 0.034375 0.031250
0 0.931250 0.468750 0.031250 0.031250
0 0.376563 0.326562 0.028125 0.028125
0 0.564063 0.203125 0.028125 0.031250
0 0.282813 0.551562 0.028125 0.028125
0 0.789062 0.589063 0.028125 0.028125
0 0.593750 0.410938 0.031250 0.028125
0 0.095312 0.393750 0.028125 0.031250
0 0.471875 0.381250 0.031250 0.031250
0 0.043750 0.417187 0.031250 0.028125
0 0.510938 0.395313 0.028125 0.028125
0 0.023438 0.501563 0.028125 0.028125
0 0.845313 0.457813 0.028125 0.028125
0 0.110937 0.421875 0.028125 0.031250
0 0.881250 0.837500 0.031250 0.031250
0 0.957812 0.326562 0.028125 0.028125
0 0.842187 0.064062 0.028125 0.028125
0 0.129688 0.651563 0.028125 0.028125
0 0.592187 0.217188 0.028125 0.028125
0 0.150000 0.570312 0.031250 0.028125
0 0.454688 0.528125 0.028125 0.031250
0 0.354687 0.409375 0.028125 0.031250
0 0.167187 0.539062 0.028125 0.028125
0 0.207813 0.426563 0.028125 0.028125
0 0.870313 0.017188 0.028125 0.028125
0 0.050000 0.359375 0.031250 0.031250
0 0.732812 0.745313 0.028125 0.028125
0 0.371875 0.384375 0.031250 0.031250
0 0.295312 0.348438 0.028125 0.028125
0 0.351562 0.892188 0.028125 0.028125
0 0.901563 0.164062 0.028125 0.028125
0 0.210938 0.370312 0.028125 0.028125
0 0.567187 0.426563 0.028125 0.028125
0 0.784375 0.032813 0.031250 0.028125
0 0.221875 0.829688 0.031250 0.028125
0 0.253125 0.460938 0.031250 0.028125
0 0.957812 0.676562 0.028125 0.028125
0 0.339062 0.379688 0.028125 0.028125
0 0.021875 0.890625 0.031250 0.031250
0 0.409375 0.331250 0.031250 0.031250
0 0.242188 0.373437 0.028125 0.028125
0 0.018750 0.615625 0.031250 0.031250
0 0.343750 0.328125 0.031250 0.031250
0 0.539062 0.410938 0.028125 0.028125
0 0.357812 0.354687 0.028125 0.028125
0 0.959375 0.293750 0.031250 0.031250
0 0.014063 0.160938 0.028125 0.028125
0 0.260937 0.345313 0.028125 0.028125
0 0.415625 0.067187 0.031250 0.028125
0 0.714063 0.718750 0.028125 0.031250
0 0.270313 0.432812 0.028125 0.028125
0 0.103125 0.539062 0.031250 0.028125
0 0.431250 0.446875 0.025000 0.025000
0 0.957812 0.164062 0.028125 0.028125
0 0.170313 0.860938 0.028125 0.028125
0 0.070312 0.075000 0.028125 0.031250
0 0.234375 0.489063 0.031250 0.028125
0 0.539062 0.382812 0.028125 0.028125
0 0.226562 0.400000 0.028125 0.025000
0 0.017188 0.675000 0.028125 0.031250
0 0.257812 0.404687 0.028125 0.028125
0 0.960938 0.389062 0.028125 0.028125
0 0.017188 0.359375 0.028125 0.031250
0 0.929688 0.079687 0.034375 0.034375
0 0.185938 0.826562 0.028125 0.028125
0 0.928125 0.017188 0.031250 0.034375
