0 0.053125 0.220312 0.031250 0.028125
0 0.529687 0.107813 0.028125 0.028125
0 0.528125 0.171875 0.031250 0.031250
0 0.137500 0.809375 0.031250 0.031250
0 0.837500 0.781250 0.031250 0.031250
0 0.084375 0.900000 0.031250 0.031250
0 0.846875 0.207813 0.031250 0.028125
0 0.890625 0.521875 0.031250 0.031250
0 0.832812 0.179688 0.028125 0.028125
0 0.853125 0.812500 0.031250 0.031250
0 0.690625 0.815625 0.031250 0.031250
0 0.864062 0.181250 0.028125 0.031250
0 0.945312 0.210938 0.028125 0.028125
0 0.117188 0.898438 0.028125 0.028125
0 0.782813 0.150000 0.028125 0.031250
0 0.931250 0.068750 0.031250 0.031250
0 0.140625 0.750000 0.031250 0.031250
0 0.901563 0.662500 0.028125 0.031250
0 0.895312 0.179688 0.028125 0.028125
0 0.865625 0.725000 0.031250 0.031250
0 0.253125 0.718750 0.031250 0.031250
0 0.800000 0.179688 0.031250 0.028125
0 0.831250 0.235937 0.031250 0.028125
0 0.165625 0.121875 0.031250 0.031250
0 0.073438 0.432812 0.028125 0.028125
0 0.881250 0.756250 0.031250 0.031250
0 0.854688 0.871875 0.028125 0.031250
0 0.221875 0.059375 0.031250 0.031250
0 0.165625 0.870313 0.031250 0.028125
0 0.473438 0.140625 0.028125 0.031250
0 0.153125 0.485938 0.031250 0.028125
0 0.065625 0.870313 0.031250 0.028125
0 0.929688 0.181250 0.028125 0.031250
0 0.900000 0.728125 0.031250 0.031250
0 0.101562 0.868750 0.028125 0.031250
0 0.656250 0.087500 0.031250 0.031250
0 0.445312 0.090625 0.028125 0.031250
0 0.303125 0.803125 0.031250 0.031250
0 0.946875 0.096875 0.031250 0.031250
0 0.900000 0.784375 0.031250 0.031250
0 0.893750 0.295312 0.031250 0.028125
0 0.868750 0.784375 0.031250 0.031250
0 0.064062 0.651563 0.028125 0.028125
0 0.831250 0.121875 0.031250 0.031250
0 0.529687 0.204687 0.028125 0.028125
0 0.710938 0.603125 0.028125 0.031250
0 0.945312 0.154688 0.028125 0.028125
0 0.815625 0.150000 0.031250 0.031250
0 0.081250 0.168750 0.031250 0.031250
0 0.787500 0.812500 0.031250 0.031250
0 0.906250 0.550000 0.031250 0.031250
0 0.446875 0.835938 0.031250 0.028125
0 0.203125 0.750000 0.031250 0.031250
0 0.818750 0.037500 0.031250 0.031250
0 0.245312 0.273438 0.028125 0.028125
0 0.075000 0.746875 0.031250 0.031250
0 0.760938 0.520312 0.028125 0.028125
0 0.734375 0.176563 0.031250 0.028125
0 0.889062 0.632812 0.028125 0.028125
0 0.756250 0.815625 0.031250 0.031250
0 0.360938 0.142187 0.028125 0.028125
0 0.131250 0.868750 0.031250 0.031250
0 0.870313 0.667188 0.028125 0.028125
0 0.306250 0.076563 0.031250 0.028125
0 0.159375 0.662500 0.031250 0.031250
0 0.851562 0.095312 0.028125 0.028125
0 0.121875 0.715625 0.031250 0.031250
0 0.051562 0.839063 0.028125 0.028125
0 0.400000 0.804688 0.031250 0.028125
0 0.415625 0.106250 0.031250 0.031250
0 0.150000 0.839063 0.031250 0.028125
0 0.964063 0.068750 0.028125 0.031250
0 0.276562 0.092188 0.028125 0.028125
0 0.923438 0.579688 0.028125 0.028125
0 0.923438 0.465625 0.028125 0.031250
0 0.723437 0.875000 0.028125 0.031250
0 0.782813 0.209375 0.028125 0.031250
0 0.312500 0.900000 0.031250 0.031250
0 0.450000 0.603125 0.031250 0.031250
0 0.823438 0.635938 0.028125 0.028125
0 0.087500 0.778125 0.031250 0.031250
0 0.556250 0.090625 0.031250 0.031250
0 0.501563 0.090625 0.028125 0.031250
0 0.879687 0.207813 0.028125 0.028125
0 0.801562 0.065625 0.028125 0.031250
0 0.812500 0.550000 0.031250 0.031250
0 0.184375 0.839063 0.031250 0.034375
0 0.443750 0.896875 0.037500 0.037500
0 0.673438 0.059375 0.028125 0.031250
0 0.578125 0.834375 0.031250 0.031250
0 0.960938 0.181250 0.028125 0.031250
0 0.626563 0.803125 0.034375 0.031250
0 0.231250 0.606250 0.031250 0.031250
0 0.276562 0.121875 0.028125 0.031250
0 0.529687 0.139063 0.028125 0.028125
0 0.593750 0.803125 0.031250 0.031250
0 0.915625 0.690625 0.031250 0.031250
0 0.090625 0.718750 0.031250 0.031250
0 0.203125 0.809375 0.031250 0.031250
0 0.514062 0.717187 0.028125 0.028125
0 0.128125 0.434375 0.031250 0.031250
0 0.584375 0.075000 0.031250 0.031250
0 0.071875 0.812500 0.031250 0.031250
0 0.453125 0.490625 0.031250 0.031250
0 0.934375 0.846875 0.031250 0.031250
0 0.743750 0.782813 0.031250 0.034375
0 0.332813 0.125000 0.028125 0.031250
0 0.081250 0.137500 0.031250 0.031250
0 0.332813 0.804688 0.028125 0.028125
0 0.187500 0.778125 0.031250 0.031250
0 0.718750 0.150000 0.031250 0.031250
0 0.350000 0.834375 0.031250 0.031250
0 0.884375 0.696875 0.031250 0.031250
0 0.826562 0.520312 0.028125 0.028125
0 0.790625 0.635938 0.031250 0.028125
0 0.673438 0.118750 0.028125 0.031250
0 0.471875 0.171875 0.031250 0.031250
0 0.887500 0.875000 0.031250 0.031250
0 0.290625 0.603125 0.031250 0.031250
0 0.801562 0.121875 0.028125 0.031250
0 0.428125 0.862500 0.031250 0.031250
0 0.448437 0.717187 0.028125 0.028125
0 0.768750 0.120313 0.031250 0.028125
0 0.473438 0.106250 0.028125 0.031250
0 0.367188 0.745313 0.028125 0.028125
0 0.645312 0.601562 0.028125 0.028125
0 0.862500 0.237500 0.031250 0.031250
0 0.215625 0.390625 0.031250 0.031250
0 0.268750 0.628125 0.031250 0.031250
0 0.139063 0.073438 0.028125 0.028125
0 0.970313 0.610938 0.028125 0.028125
0 0.937500 0.606250 0.031250 0.031250
0 0.751563 0.150000 0.028125 0.031250
0 0.756250 0.693750 0.031250 0.031250
0 0.303125 0.571875 0.031250 0.031250
0 0.721875 0.090625 0.031250 0.031250
0 0.434375 0.629687 0.031250 0.028125
0 0.473438 0.075000 0.028125 0.031250
0 0.914062 0.154688 0.028125 0.028125
0 0.048438 0.898438 0.028125 0.028125
0 0.892188 0.407813 0.028125 0.028125
0 0.765625 0.176563 0.031250 0.028125
0 0.043750 0.621875 0.031250 0.031250
0 0.082812 0.071875 0.028125 0.031250
0 0.740625 0.903125 0.031250 0.031250
0 0.110937 0.057813 0.028125 0.028125
0 0.287500 0.662500 0.031250 0.031250
0 0.771875 0.906250 0.031250 0.031250
0 0.056250 0.056250 0.031250 0.031250
0 0.528125 0.073438 0.031250 0.028125
0 0.039062 0.809375 0.028125 0.031250
0 0.848437 0.148438 0.028125 0.028125
0 0.898438 0.123438 0.028125 0.028125
0 0.331250 0.865625 0.031250 0.031250
0 0.115625 0.837500 0.031250 0.031250
0 0.362500 0.075000 0.031250 0.031250
0 0.260937 0.590625 0.028125 0.031250
0 0.215625 0.840625 0.031250 0.031250
0 0.882812 0.095312 0.028125 0.028125
0 0.817187 0.095312 0.028125 0.028125
0 0.560937 0.690625 0.028125 0.031250
0 0.771875 0.662500 0.031250 0.031250
0 0.025000 0.203125 0.031250 0.031250
0 0.414062 0.235937 0.028125 0.028125
0 0.245312 0.900000 0.034375 0.031250
0 0.025000 0.235937 0.031250 0.028125
0 0.706250 0.062500 0.031250 0.031250
0 0.818750 0.809375 0.031250 0.031250
0 0.501563 0.189062 0.028125 0.028125
0 0.417187 0.659375 0.028125 0.031250
0 0.837500 0.665625 0.031250 0.031250
0 0.153125 0.781250 0.031250 0.031250
0 0.398438 0.745313 0.028125 0.028125
0 0.360938 0.173437 0.028125 0.028125
0 0.625000 0.875000 0.031250 0.031250
0 0.218750 0.321875 0.031250 0.031250
0 0.795312 0.518750 0.028125 0.031250
0 0.706250 0.120313 0.031250 0.028125
0 0.320312 0.718750 0.028125 0.031250
0 0.235937 0.804688 0.028125 0.028125
0 0.190625 0.664062 0.031250 0.028125
0 0.728125 0.462500 0.031250 0.031250
0 0.760938 0.576562 0.028125 0.028125
0 0.340625 0.456250 0.031250 0.031250
0 0.914062 0.096875 0.028125 0.031250
0 0.770312 0.064062 0.028125 0.028125
0 0.543750 0.778125 0.031250 0.031250
0 0.903125 0.903125 0.031250 0.031250
0 0.304688 0.173437 0.028125 0.028125
0 0.282813 0.776563 0.028125 0.028125
0 0.367188 0.801562 0.028125 0.028125
0 0.468750 0.573438 0.031250 0.028125
0 0.484375 0.546875 0.031250 0.031250
0 0.506250 0.229687 0.031250 0.034375
0 0.314063 0.840625 0.028125 0.031250
0 0.640625 0.714063 0.031250 0.028125
0 0.625000 0.746875 0.031250 0.031250
0 0.757812 0.629687 0.028125 0.028125
0 0.040625 0.515625 0.031250 0.031250
0 0.853125 0.696875 0.031250 0.031250
0 0.159375 0.353125 0.031250 0.031250
0 0.810937 0.492188 0.028125 0.028125
0 0.171875 0.807813 0.031250 0.028125
0 0.657813 0.743750 0.028125 0.031250
0 0.687500 0.089063 0.031250 0.028125
0 0.528125 0.807813 0.031250 0.028125
0 0.390625 0.262500 0.031250 0.031250
0 0.465625 0.632812 0.031250 0.028125
0 0.790625 0.875000 0.031250 0.031250
0 0.246875 0.834375 0.031250 0.031250
0 0.023438 0.267188 0.028125 0.028125
0 0.834375 0.725000 0.031250 0.031250
0 0.390625 0.059375 0.031250 0.031250
0 0.267188 0.746875 0.028125 0.031250
0 0.481250 0.660937 0.031250 0.028125
0 0.415625 0.173437 0.031250 0.028125
0 0.471875 0.204687 0.031250 0.028125
0 0.854688 0.637500 0.028125 0.031250
0 0.109375 0.189062 0.031250 0.028125
0 0.829688 0.292187 0.028125 0.028125
0 0.054688 0.185938 0.028125 0.028125
0 0.776563 0.604688 0.028125 0.028125
0 0.500000 0.632812 0.031250 0.028125
0 0.501563 0.121875 0.028125 0.031250
0 0.360938 0.109375 0.028125 0.031250
0 0.362500 0.043750 0.031250 0.031250
0 0.360938 0.240625 0.028125 0.031250
0 0.120313 0.776563 0.028125 0.028125
0 0.620313 0.089063 0.028125 0.028125
0 0.850000 0.751563 0.031250 0.028125
0 0.501563 0.518750 0.028125 0.031250
0 0.496875 0.807813 0.031250 0.028125
0 0.412500 0.834375 0.031250 0.031250
0 0.896875 0.068750 0.031250 0.031250
0 0.737500 0.118750 0.031250 0.031250
0 0.451562 0.659375 0.028125 0.031250
0 0.879687 0.151562 0.028125 0.028125
0 0.332813 0.090625 0.028125 0.031250
0 0.582812 0.106250 0.028125 0.031250
0 0.609375 0.903125 0.031250 0.031250
0 0.642188 0.118750 0.034375 0.031250
0 0.209375 0.628125 0.031250 0.031250
0 0.559375 0.746875 0.031250 0.031250
0 0.515625 0.660937 0.031250 0.028125
0 0.296875 0.868750 0.031250 0.031250
0 0.820312 0.696875 0.028125 0.031250
0 0.098437 0.481250 0.028125 0.031250
0 0.396875 0.868750 0.031250 0.031250
0 0.328125 0.390625 0.031250 0.031250
0 0.251563 0.776563 0.028125 0.028125
0 0.215625 0.354687 0.031250 0.028125
0 0.332813 0.157812 0.028125 0.028125
0 0.932813 0.782813 0.028125 0.028125
0 0.420312 0.204687 0.028125 0.028125
0 0.476562 0.290625 0.028125 0.031250
0 0.235937 0.750000 0.028125 0.031250
0 0.737500 0.064062 0.031250 0.028125
0 0.873437 0.550000 0.028125 0.031250
0 0.339062 0.571875 0.028125 0.031250
0 0.865625 0.065625 0.031250 0.031250
0 0.939063 0.378125 0.028125 0.031250
0 0.084375 0.840625 0.031250 0.031250
0 0.281250 0.834375 0.031250 0.031250
0 0.179688 0.634375 0.028125 0.031250
0 0.206250 0.693750 0.031250 0.031250
0 0.198437 0.870313 0.028125 0.028125
0 0.976562 0.207813 0.028125 0.028125
0 0.629687 0.629687 0.028125 0.028125
0 0.657813 0.818750 0.034375 0.031250
0 0.806250 0.903125 0.031250 0.031250
0 0.962500 0.125000 0.031250 0.031250
0 0.895312 0.237500 0.028125 0.031250
0 0.479687 0.837500 0.028125 0.031250
0 0.298438 0.407813 0.028125 0.028125
0 0.107813 0.123438 0.028125 0.028125
0 0.545312 0.717187 0.028125 0.028125
0 0.864062 0.125000 0.028125 0.031250
0 0.596875 0.571875 0.031250 0.031250
0 0.771875 0.845313 0.031250 0.034375
0 0.878125 0.264062 0.031250 0.028125
0 0.950000 0.818750 0.031250 0.031250
0 0.445312 0.125000 0.028125 0.031250
0 0.401562 0.689063 0.028125 0.028125
0 0.135937 0.237500 0.028125 0.031250
0 0.901563 0.840625 0.028125 0.031250
0 0.248438 0.076563 0.028125 0.028125
0 0.582812 0.140625 0.028125 0.031250
0 0.285938 0.718750 0.028125 0.031250
0 0.629687 0.571875 0.028125 0.031250
0 0.910937 0.267188 0.028125 0.028125
0 0.518750 0.489063 0.031250 0.028125
0 0.270313 0.392188 0.028125 0.028125
0 0.184375 0.403125 0.031250 0.031250
0 0.651563 0.150000 0.028125 0.031250
0 0.593750 0.690625 0.031250 0.031250
0 0.468750 0.517188 0.031250 0.028125
0 0.923438 0.523438 0.028125 0.028125
0 0.575000 0.775000 0.031250 0.031250
0 0.778125 0.550000 0.031250 0.031250
0 0.356250 0.204687 0.031250 0.028125
0 0.306250 0.107813 0.031250 0.028125
0 0.968750 0.906250 0.031250 0.031250
0 0.548438 0.546875 0.028125 0.031250
0 0.187500 0.371875 0.031250 0.031250
0 0.526563 0.867188 0.028125 0.028125
0 0.368750 0.685937 0.031250 0.028125
0 0.696875 0.518750 0.031250 0.031250
0 0.748437 0.376563 0.028125 0.028125
0 0.146875 0.615625 0.031250 0.031250
0 0.806250 0.665625 0.031250 0.031250
0 0.237500 0.689063 0.031250 0.028125
0 0.164062 0.189062 0.028125 0.028125
0 0.157812 0.385937 0.028125 0.028125
0 0.056250 0.087500 0.031250 0.031250
0 0.126562 0.467187 0.028125 0.028125
0 0.462500 0.746875 0.031250 0.031250
0 0.240625 0.440625 0.031250 0.031250
0 0.106250 0.746875 0.031250 0.031250
0 0.135937 0.204687 0.028125 0.028125
0 0.081250 0.625000 0.031250 0.031250
0 0.356250 0.428125 0.031250 0.031250
0 0.139063 0.689063 0.028125 0.028125
0 0.920312 0.635938 0.028125 0.028125
0 0.181250 0.898438 0.031250 0.028125
0 0.040625 0.753125 0.031250 0.031250
0 0.918750 0.812500 0.031250 0.031250
0 0.415625 0.717187 0.031250 0.028125
0 0.028125 0.725000 0.031250 0.031250
0 0.390625 0.189062 0.031250 0.028125
0 0.690625 0.768750 0.031250 0.031250
0 0.096875 0.515625 0.031250 0.031250
0 0.032813 0.868750 0.028125 0.031250
0 0.971875 0.495312 0.031250 0.028125
0 0.475000 0.042188 0.031250 0.028125
0 0.526563 0.746875 0.028125 0.031250
0 0.082812 0.039062 0.028125 0.028125
0 0.071875 0.468750 0.031250 0.031250
0 0.823438 0.875000 0.028125 0.031250
0 0.064062 0.564063 0.028125 0.028125
0 0.137500 0.106250 0.031250 0.031250
0 0.664062 0.460938 0.028125 0.028125
0 0.785937 0.692187 0.028125 0.028125
0 0.685937 0.148438 0.028125 0.028125
0 0.845313 0.321875 0.028125 0.031250
0 0.221875 0.659375 0.031250 0.031250
0 0.221875 0.121875 0.031250 0.031250
0 0.940625 0.321875 0.031250 0.031250
0 0.431250 0.748437 0.031250 0.028125
0 0.609375 0.840625 0.031250 0.031250
0 0.590625 0.746875 0.031250 0.031250
0 0.926562 0.295312 0.028125 0.028125
0 0.873437 0.437500 0.028125 0.031250
0 0.909375 0.321875 0.031250 0.031250
0 0.446875 0.776563 0.031250 0.028125
0 0.431250 0.806250 0.031250 0.031250
0 0.275000 0.223438 0.031250 0.028125
0 0.442188 0.156250 0.028125 0.031250
0 0.657813 0.875000 0.028125 0.031250
0 0.776563 0.492188 0.028125 0.028125
0 0.276562 0.157812 0.028125 0.028125
0 0.510938 0.839063 0.028125 0.028125
0 0.292187 0.542188 0.028125 0.028125
0 0.956250 0.468750 0.031250 0.031250
0 0.495312 0.745313 0.028125 0.028125
0 0.646875 0.490625 0.031250 0.031250
0 0.814063 0.207813 0.028125 0.028125
0 0.417187 0.076563 0.028125 0.028125
0 0.190625 0.240625 0.031250 0.031250
0 0.664062 0.573438 0.028125 0.028125
0 0.417187 0.139063 0.028125 0.028125
0 0.445312 0.189062 0.028125 0.028125
0 0.800000 0.721875 0.031250 0.031250
0 0.954688 0.581250 0.028125 0.031250
0 0.135937 0.137500 0.028125 0.031250
0 0.418750 0.603125 0.031250 0.031250
0 0.039062 0.548438 0.028125 0.028125
0 0.067187 0.500000 0.028125 0.031250
0 0.279687 0.057813 0.028125 0.028125
0 0.370312 0.629687 0.028125 0.028125
0 0.479687 0.717187 0.028125 0.028125
0 0.182812 0.439063 0.028125 0.028125
0 0.296875 0.509375 0.031250 0.031250
0 0.581250 0.545312 0.031250 0.028125
0 0.968750 0.843750 0.031250 0.031250
0 0.343750 0.900000 0.031250 0.031250
0 0.500000 0.575000 0.031250 0.031250
0 0.160938 0.320312 0.028125 0.028125
0 0.700000 0.176563 0.031250 0.028125
0 0.787500 0.034375 0.031250 0.031250
0 0.756250 0.876563 0.031250 0.028125
0 0.250000 0.106250 0.031250 0.031250
0 0.335938 0.632812 0.028125 0.028125
0 0.556250 0.123438 0.031250 0.028125
0 0.221875 0.157812 0.031250 0.028125
0 0.389062 0.092188 0.028125 0.028125
0 0.387500 0.543750 0.031250 0.031250
0 0.907813 0.495312 0.028125 0.028125
0 0.371875 0.571875 0.031250 0.031250
0 0.351562 0.775000 0.028125 0.031250
0 0.567187 0.460938 0.028125 0.028125
0 0.939063 0.493750 0.028125 0.031250
0 0.795312 0.346875 0.028125 0.031250
0 0.850000 0.037500 0.031250 0.031250
0 0.960938 0.239063 0.028125 0.028125
0 0.129688 0.401562 0.028125 0.028125
0 0.839063 0.609375 0.028125 0.031250
0 0.712500 0.490625 0.031250 0.031250
0 0.814063 0.262500 0.028125 0.031250
0 0.907813 0.437500 0.028125 0.031250
0 0.482812 0.604688 0.028125 0.028125
0 0.331250 0.746875 0.031250 0.031250
0 0.642188 0.057813 0.028125 0.028125
0 0.246875 0.140625 0.031250 0.031250
0 0.300000 0.306250 0.031250 0.031250
0 0.204687 0.587500 0.028125 0.031250
0 0.464062 0.689063 0.028125 0.028125
0 0.517188 0.546875 0.028125 0.031250
0 0.048438 0.317188 0.028125 0.028125
0 0.165625 0.154688 0.031250 0.028125
0 0.246875 0.206250 0.031250 0.031250
0 0.384375 0.220312 0.031250 0.028125
0 0.559375 0.804688 0.031250 0.028125
0 0.096875 0.657813 0.031250 0.028125
0 0.176563 0.603125 0.028125 0.031250
0 0.753125 0.092188 0.031250 0.028125
0 0.214062 0.896875 0.028125 0.031250
0 0.545312 0.901563 0.034375 0.034375
0 0.026562 0.170313 0.028125 0.028125
0 0.146875 0.900000 0.031250 0.031250
0 0.193750 0.140625 0.031250 0.031250
0 0.670312 0.710938 0.028125 0.028125
0 0.462500 0.865625 0.031250 0.031250
0 0.806250 0.840625 0.031250 0.031250
0 0.951562 0.876563 0.028125 0.028125
0 0.653125 0.204687 0.031250 0.028125
0 0.182812 0.470313 0.028125 0.028125
0 0.301563 0.273438 0.028125 0.028125
0 0.726562 0.629687 0.028125 0.028125
0 0.845313 0.265625 0.028125 0.031250
0 0.709375 0.903125 0.031250 0.031250
0 0.190625 0.204687 0.031250 0.028125
0 0.265625 0.557813 0.031250 0.028125
0 0.639062 0.232813 0.028125 0.028125
0 0.889062 0.467187 0.028125 0.028125
0 0.495312 0.871875 0.028125 0.031250
0 0.329688 0.292187 0.028125 0.028125
0 0.657813 0.684375 0.028125 0.031250
0 0.689063 0.737500 0.028125 0.031250
0 0.968750 0.665625 0.031250 0.031250
0 0.181250 0.535937 0.031250 0.028125
0 0.390625 0.156250 0.031250 0.031250
0 0.792188 0.462500 0.028125 0.031250
0 0.271875 0.689063 0.031250 0.028125
0 0.381250 0.831250 0.031250 0.031250
0 0.356250 0.271875 0.031250 0.031250
0 0.410938 0.285938 0.028125 0.028125
0 0.304688 0.690625 0.028125 0.031250
0 0.195312 0.107813 0.028125 0.028125
0 0.576562 0.717187 0.028125 0.028125
0 0.648438 0.543750 0.028125 0.031250
0 0.698438 0.460938 0.028125 0.028125
0 0.237500 0.540625 0.031250 0.031250
0 0.210938 0.520312 0.028125 0.028125
0 0.912500 0.756250 0.031250 0.031250
0 0.842187 0.435937 0.028125 0.028125
0 0.170313 0.690625 0.028125 0.031250
0 0.120313 0.598437 0.028125 0.028125
0 0.214062 0.420312 0.028125 0.028125
0 0.232813 0.870313 0.028125 0.028125
0 0.332813 0.059375 0.028125 0.031250
0 0.464062 0.807813 0.028125 0.028125
0 0.021875 0.300000 0.031250 0.031250
0 0.218750 0.720313 0.031250 0.028125
0 0.557813 0.190625 0.028125 0.031250
0 0.559375 0.865625 0.031250 0.031250
0 0.268750 0.804688 0.031250 0.028125
0 0.542188 0.837500 0.028125 0.031250
0 0.682813 0.431250 0.028125 0.031250
0 0.246875 0.239063 0.031250 0.028125
0 0.054688 0.154688 0.028125 0.028125
0 0.817187 0.751563 0.028125 0.028125
0 0.698438 0.348438 0.028125 0.028125
0 0.706250 0.846875 0.031250 0.031250
0 0.323437 0.484375 0.028125 0.031250
0 0.753125 0.751563 0.031250 0.028125
0 0.354687 0.340625 0.028125 0.031250
0 0.679688 0.546875 0.028125 0.031250
0 0.826562 0.404687 0.028125 0.028125
0 0.760938 0.462500 0.028125 0.031250
0 0.298438 0.342187 0.028125 0.028125
0 0.707812 0.712500 0.028125 0.031250
0 0.571875 0.231250 0.031250 0.031250
0 0.682813 0.320312 0.028125 0.028125
0 0.531250 0.040625 0.031250 0.031250
0 0.164062 0.221875 0.028125 0.031250
0 0.445312 0.223438 0.028125 0.028125
0 0.810937 0.376563 0.028125 0.028125
0 0.950000 0.692187 0.031250 0.028125
0 0.192188 0.270313 0.028125 0.028125
0 0.862500 0.292187 0.031250 0.028125
0 0.501563 0.059375 0.028125 0.031250
0 0.128125 0.659375 0.031250 0.031250
0 0.040625 0.482812 0.031250 0.028125
0 0.268750 0.457813 0.031250 0.028125
0 0.389062 0.603125 0.028125 0.031250
0 0.614062 0.601562 0.028125 0.028125
0 0.826562 0.579688 0.028125 0.028125
0 0.929688 0.123438 0.028125 0.028125
0 0.607812 0.720313 0.028125 0.028125
0 0.589063 0.260937 0.028125 0.028125
0 0.401562 0.629687 0.028125 0.028125
0 0.725000 0.818750 0.031250 0.031250
0 0.660937 0.629687 0.028125 0.028125
0 0.389062 0.485938 0.028125 0.028125
0 0.609375 0.775000 0.031250 0.031250
0 0.106250 0.809375 0.031250 0.031250
0 0.387500 0.371875 0.031250 0.031250
0 0.403125 0.573438 0.031250 0.028125
0 0.501563 0.154688 0.028125 0.028125
0 0.056250 0.021875 0.031250 0.031250
0 0.837500 0.843750 0.031250 0.031250
0 0.604688 0.234375 0.028125 0.031250
0 0.810937 0.435937 0.028125 0.028125
0 0.782813 0.262500 0.028125 0.031250
0 0.379688 0.293750 0.028125 0.031250
0 0.590625 0.871875 0.031250 0.031250
0 0.054688 0.782813 0.028125 0.028125
0 0.039062 0.581250 0.028125 0.031250
0 0.326562 0.325000 0.028125 0.031250
0 0.273438 0.290625 0.028125 0.031250
0 0.107813 0.685937 0.028125 0.028125
0 0.031250 0.653125 0.031250 0.031250
0 0.190625 0.304688 0.031250 0.028125
0 0.532813 0.576562 0.028125 0.028125
0 0.550000 0.489063 0.031250 0.028125
0 0.431250 0.260937 0.031250 0.028125
0 0.745313 0.432812 0.028125 0.028125
0 0.220312 0.190625 0.028125 0.031250
0 0.304688 0.140625 0.028125 0.031250
0 0.939063 0.553125 0.028125 0.031250
0 0.234375 0.571875 0.031250 0.031250
0 0.256250 0.662500 0.031250 0.031250
0 0.265625 0.865625 0.031250 0.031250
0 0.934375 0.906250 0.031250 0.031250
0 0.303125 0.631250 0.031250 0.031250
0 0.154688 0.420312 0.028125 0.028125
0 0.828125 0.464062 0.031250 0.028125
0 0.718750 0.206250 0.031250 0.031250
0 0.503125 0.460938 0.031250 0.028125
0 0.325000 0.428125 0.031250 0.031250
0 0.971875 0.553125 0.031250 0.031250
0 0.579688 0.662500 0.028125 0.031250
0 0.050000 0.284375 0.031250 0.031250
0 0.059375 0.710938 0.031250 0.034375
0 0.632812 0.460938 0.028125 0.028125
0 0.189062 0.335938 0.028125 0.028125
0 0.745313 0.492188 0.028125 0.028125
0 0.932813 0.664062 0.028125 0.028125
0 0.535937 0.460938 0.028125 0.028125
0 0.110937 0.156250 0.028125 0.031250
0 0.971875 0.437500 0.031250 0.031250
0 0.610938 0.121875 0.028125 0.031250
0 0.670312 0.232813 0.028125 0.028125
0 0.050000 0.253125 0.031250 0.031250
0 0.715625 0.790625 0.031250 0.031250
0 0.675000 0.846875 0.031250 0.031250
0 0.925000 0.407813 0.031250 0.028125
0 0.271875 0.425000 0.031250 0.031250
0 0.129688 0.368750 0.028125 0.031250
0 0.962500 0.768750 0.031250 0.031250
0 0.385937 0.660937 0.028125 0.028125
0 0.529687 0.689063 0.028125 0.028125
0 0.267188 0.493750 0.028125 0.031250
0 0.512500 0.778125 0.031250 0.031250
0 0.654687 0.260937 0.028125 0.028125
0 0.028125 0.037500 0.031250 0.031250
0 0.665625 0.404687 0.031250 0.028125
0 0.321875 0.660937 0.031250 0.028125
0 0.695312 0.573438 0.028125 0.028125
0 0.339062 0.515625 0.028125 0.031250
0 0.692187 0.629687 0.028125 0.028125
0 0.123438 0.501563 0.028125 0.028125
0 0.870313 0.843750 0.028125 0.031250
0 0.437500 0.573438 0.031250 0.028125
0 0.926562 0.237500 0.028125 0.031250
0 0.640625 0.775000 0.031250 0.031250
0 0.676562 0.657813 0.028125 0.028125
0 0.075000 0.335938 0.031250 0.028125
0 0.065625 0.596875 0.031250 0.031250
0 0.870313 0.903125 0.028125 0.031250
0 0.300000 0.750000 0.031250 0.031250
0 0.681250 0.490625 0.031250 0.031250
0 0.323437 0.542188 0.028125 0.028125
0 0.470313 0.460938 0.028125 0.028125
0 0.810937 0.321875 0.028125 0.031250
0 0.557813 0.060937 0.028125 0.028125
0 0.151562 0.518750 0.028125 0.031250
0 0.081250 0.204687 0.031250 0.028125
0 0.192188 0.173437 0.028125 0.028125
0 0.601562 0.460938 0.028125 0.028125
0 0.475000 0.234375 0.031250 0.031250
0 0.384375 0.775000 0.031250 0.031250
0 0.056250 0.120313 0.031250 0.028125
0 0.421875 0.431250 0.031250 0.031250
0 0.975000 0.798438 0.031250 0.034375
0 0.451562 0.545312 0.028125 0.028125
0 0.859375 0.464062 0.031250 0.028125
0 0.445312 0.060937 0.028125 0.028125
0 0.729688 0.520312 0.028125 0.028125
0 0.512500 0.903125 0.031250 0.031250
0 0.206250 0.554688 0.031250 0.028125
0 0.639062 0.657813 0.028125 0.028125
0 0.690625 0.871875 0.031250 0.031250
0 0.246875 0.175000 0.031250 0.031250
0 0.437500 0.517188 0.031250 0.028125
0 0.489063 0.429688 0.028125 0.028125
0 0.298438 0.445312 0.028125 0.028125
0 0.132812 0.335938 0.028125 0.028125
0 0.492188 0.317188 0.028125 0.028125
0 0.857812 0.518750 0.028125 0.031250
0 0.943750 0.743750 0.031250 0.031250
0 0.965625 0.720313 0.031250 0.028125
0 0.304688 0.042188 0.028125 0.028125
0 0.120313 0.565625 0.028125 0.031250
0 0.106250 0.287500 0.031250 0.031250
0 0.714063 0.432812 0.028125 0.028125
0 0.904687 0.607812 0.028125 0.028125
0 0.493750 0.262500 0.031250 0.031250
0 0.432812 0.685937 0.028125 0.028125
0 0.115625 0.631250 0.031250 0.031250
0 0.271875 0.359375 0.031250 0.031250
0 0.764062 0.404687 0.028125 0.028125
0 0.609375 0.059375 0.031250 0.031250
0 0.540625 0.289062 0.031250 0.028125
0 0.110937 0.092188 0.028125 0.028125
0 0.073438 0.400000 0.028125 0.031250
0 0.485938 0.489063 0.028125 0.028125
0 0.331250 0.226562 0.031250 0.028125
0 0.784375 0.756250 0.031250 0.031250
0 0.675000 0.903125 0.031250 0.031250
0 0.239063 0.473438 0.028125 0.028125
0 0.857812 0.407813 0.028125 0.028125
0 0.835938 0.065625 0.028125 0.031250
0 0.075000 0.682813 0.031250 0.028125
0 0.168750 0.746875 0.031250 0.031250
0 0.329688 0.190625 0.028125 0.031250
0 0.214062 0.454688 0.028125 0.028125
0 0.929688 0.718750 0.028125 0.031250
0 0.951562 0.635938 0.028125 0.028125
0 0.357812 0.485938 0.028125 0.028125
0 0.664062 0.517188 0.028125 0.028125
0 0.304688 0.209375 0.028125 0.031250
0 0.584375 0.171875 0.031250 0.031250
0 0.615625 0.490625 0.031250 0.031250
0 0.617188 0.431250 0.028125 0.031250
0 0.668750 0.790625 0.031250 0.031250
0 0.842187 0.378125 0.028125 0.031250
0 0.106250 0.253125 0.031250 0.031250
0 0.454688 0.431250 0.028125 0.031250
0 0.326562 0.357812 0.028125 0.028125
0 0.557813 0.154688 0.028125 0.028125
0 0.371875 0.457813 0.031250 0.028125
0 0.417187 0.775000 0.028125 0.031250
0 0.876563 0.378125 0.028125 0.031250
0 0.301563 0.239063 0.028125 0.028125
0 0.540625 0.234375 0.031250 0.031250
0 0.498437 0.690625 0.028125 0.031250
0 0.585938 0.375000 0.028125 0.031250
0 0.910937 0.210938 0.028125 0.028125
0 0.153125 0.453125 0.031250 0.031250
0 0.354687 0.601562 0.028125 0.028125
0 0.721875 0.034375 0.031250 0.031250
0 0.093750 0.581250 0.031250 0.031250
0 0.278125 0.900000 0.031250 0.031250
0 0.842187 0.492188 0.028125 0.028125
0 0.210938 0.487500 0.028125 0.031250
0 0.179688 0.504687 0.028125 0.028125
0 0.315625 0.775000 0.031250 0.031250
0 0.337500 0.689063 0.031250 0.028125
0 0.564063 0.576562 0.028125 0.028125
0 0.273438 0.257812 0.028125 0.028125
0 0.251563 0.042188 0.028125 0.028125
0 0.942187 0.265625 0.028125 0.031250
0 0.754687 0.034375 0.028125 0.031250
0 0.523438 0.317188 0.028125 0.028125
0 0.375000 0.400000 0.031250 0.031250
0 0.098437 0.451562 0.028125 0.028125
0 0.515625 0.603125 0.031250 0.031250
0 0.954688 0.407813 0.028125 0.028125
0 0.323437 0.601562 0.028125 0.028125
0 0.598437 0.632812 0.028125 0.028125
0 0.390625 0.028125 0.031250 0.031250
0 0.382812 0.717187 0.028125 0.028125
0 0.356250 0.542188 0.031250 0.028125
0 0.109375 0.220312 0.031250 0.028125
0 0.779687 0.435937 0.028125 0.028125
0 0.685937 0.204687 0.028125 0.028125
0 0.829688 0.348438 0.028125 0.028125
0 0.075000 0.367188 0.031250 0.028125
0 0.721875 0.750000 0.031250 0.031250
0 0.353125 0.717187 0.031250 0.028125
0 0.160938 0.285938 0.028125 0.028125
0 0.840625 0.903125 0.031250 0.031250
0 0.676562 0.601562 0.028125 0.028125
0 0.918750 0.876563 0.031250 0.028125
0 0.975000 0.153125 0.031250 0.031250
0 0.956250 0.525000 0.031250 0.031250
0 0.732812 0.289062 0.028125 0.028125
0 0.582812 0.431250 0.028125 0.031250
0 0.701562 0.289062 0.028125 0.028125
0 0.803125 0.781250 0.031250 0.031250
0 0.870313 0.604688 0.028125 0.028125
0 0.885938 0.814063 0.028125 0.028125
0 0.104688 0.351562 0.028125 0.028125
0 0.887500 0.576562 0.025000 0.028125
0 0.876563 0.320312 0.028125 0.028125
0 0.375000 0.900000 0.031250 0.031250
0 0.960938 0.295312 0.028125 0.028125
0 0.732812 0.404687 0.028125 0.028125
0 0.742188 0.657813 0.028125 0.028125
0 0.479687 0.776563 0.028125 0.028125
0 0.298438 0.373437 0.028125 0.028125
0 0.457813 0.317188 0.028125 0.028125
0 0.784375 0.092188 0.031250 0.028125
0 0.218750 0.221875 0.031250 0.031250
0 0.700000 0.234375 0.031250 0.031250
0 0.026562 0.135937 0.028125 0.028125
0 0.139063 0.040625 0.028125 0.031250
0 0.101562 0.417187 0.028125 0.028125
0 0.167187 0.026562 0.028125 0.028125
0 0.420312 0.042188 0.028125 0.028125
0 0.437500 0.457813 0.031250 0.028125
0 0.764062 0.346875 0.028125 0.031250
0 0.421875 0.546875 0.031250 0.031250
0 0.185938 0.720313 0.028125 0.028125
0 0.217188 0.776563 0.028125 0.028125
0 0.690625 0.032813 0.031250 0.028125
0 0.770312 0.723437 0.028125 0.028125
0 0.717187 0.320312 0.028125 0.028125
0 0.245312 0.339062 0.028125 0.028125
0 0.973437 0.323437 0.028125 0.028125
0 0.406250 0.460938 0.031250 0.028125
0 0.481250 0.900000 0.031250 0.031250
0 0.593750 0.028125 0.031250 0.031250
0 0.273438 0.190625 0.028125 0.031250
0 0.104688 0.317188 0.028125 0.028125
0 0.076563 0.301563 0.028125 0.028125
0 0.078125 0.268750 0.031250 0.031250
0 0.217188 0.290625 0.028125 0.031250
0 0.137500 0.171875 0.031250 0.031250
0 0.732812 0.348438 0.028125 0.028125
0 0.092188 0.548438 0.028125 0.028125
0 0.620313 0.260937 0.028125 0.028125
0 0.842187 0.548438 0.028125 0.028125
0 0.892188 0.348438 0.028125 0.028125
0 0.598437 0.517188 0.028125 0.028125
0 0.810937 0.607812 0.028125 0.028125
0 0.403125 0.515625 0.031250 0.031250
0 0.329688 0.257812 0.028125 0.028125
0 0.587500 0.315625 0.031250 0.031250
0 0.217188 0.254688 0.028125 0.028125
0 0.617188 0.373437 0.028125 0.028125
0 0.387500 0.125000 0.031250 0.031250
0 0.635938 0.289062 0.028125 0.028125
0 0.101562 0.382812 0.028125 0.028125
0 0.265625 0.525000 0.031250 0.031250
0 0.273438 0.321875 0.028125 0.031250
0 0.195312 0.040625 0.028125 0.031250
0 0.043750 0.446875 0.031250 0.031250
0 0.245312 0.306250 0.028125 0.031250
0 0.570312 0.289062 0.028125 0.028125
0 0.612500 0.156250 0.031250 0.031250
0 0.150000 0.582812 0.025000 0.028125
0 0.365625 0.868750 0.031250 0.031250
0 0.692187 0.685937 0.028125 0.028125
0 0.473438 0.401562 0.028125 0.028125
0 0.167187 0.057813 0.028125 0.028125
0 0.643750 0.901563 0.031250 0.028125
0 0.623437 0.687500 0.028125 0.031250
0 0.670312 0.175000 0.028125 0.031250
0 0.221875 0.026562 0.031250 0.028125
0 0.164062 0.254688 0.028125 0.028125
0 0.112500 0.025000 0.031250 0.031250
0 0.956250 0.351562 0.031250 0.028125
0 0.556250 0.317188 0.031250 0.028125
0 0.657813 0.031250 0.028125 0.031250
0 0.873437 0.492188 0.028125 0.028125
0 0.939063 0.437500 0.028125 0.031250
0 0.748437 0.207813 0.028125 0.028125
0 0.601562 0.404687 0.028125 0.028125
0 0.728125 0.575000 0.031250 0.031250
0 0.079687 0.237500 0.028125 0.031250
0 0.614062 0.545312 0.028125 0.028125
0 0.420312 0.487500 0.028125 0.031250
0 0.717187 0.373437 0.028125 0.028125
0 0.779687 0.320312 0.028125 0.028125
0 0.029687 0.070312 0.028125 0.028125
0 0.795312 0.576562 0.028125 0.028125
0 0.407813 0.345313 0.028125 0.028125
0 0.170313 0.089063 0.028125 0.028125
0 0.353125 0.375000 0.031250 0.031250
0 0.710938 0.657813 0.028125 0.028125
0 0.857812 0.576562 0.028125 0.028125
0 0.742188 0.550000 0.028125 0.031250
0 0.043750 0.681250 0.031250 0.031250
0 0.925000 0.351562 0.031250 0.028125
0 0.390625 0.431250 0.031250 0.031250
0 0.601562 0.346875 0.028125 0.031250
0 0.354687 0.657813 0.028125 0.028125
0 0.740625 0.843750 0.031250 0.031250
0 0.220312 0.090625 0.028125 0.031250
0 0.021875 0.837500 0.031250 0.031250
0 0.026562 0.104688 0.028125 0.028125
0 0.354687 0.310937 0.028125 0.028125
0 0.632812 0.517188 0.028125 0.028125
0 0.425000 0.315625 0.031250 0.031250
0 0.446875 0.026562 0.031250 0.028125
0 0.556250 0.260937 0.031250 0.028125
0 0.018750 0.334375 0.031250 0.031250
0 0.239063 0.507812 0.028125 0.028125
0 0.048438 0.382812 0.028125 0.028125
0 0.742188 0.603125 0.028125 0.031250
0 0.335938 0.026562 0.028125 0.028125
0 0.971875 0.379688 0.031250 0.028125
0 0.589063 0.204687 0.028125 0.028125
0 0.795312 0.292187 0.028125 0.028125
0 0.242188 0.407813 0.028125 0.028125
0 0.739062 0.723437 0.028125 0.028125
0 0.570312 0.346875 0.028125 0.031250
0 0.582812 0.489063 0.028125 0.028125
0 0.634375 0.401562 0.031250 0.028125
0 0.712500 0.548438 0.031250 0.028125
0 0.532813 0.517188 0.028125 0.028125
0 0.907813 0.379688 0.028125 0.028125
0 0.626563 0.028125 0.028125 0.031250
0 0.681250 0.376563 0.031250 0.028125
0 0.045312 0.351562 0.028125 0.028125
0 0.779687 0.376563 0.028125 0.028125
0 0.651563 0.315625 0.028125 0.031250
0 0.948438 0.037500 0.028125 0.031250
0 0.551562 0.429688 0.028125 0.028125
0 0.278125 0.026562 0.031250 0.028125
0 0.179688 0.570312 0.028125 0.028125
0 0.748437 0.320312 0.028125 0.028125
0 0.406250 0.401562 0.031250 0.028125
0 0.525000 0.260937 0.031250 0.028125
0 0.667188 0.348438 0.028125 0.028125
0 0.121875 0.534375 0.031250 0.031250
0 0.082812 0.104688 0.028125 0.028125
0 0.795312 0.404687 0.028125 0.028125
0 0.243750 0.373437 0.031250 0.028125
0 0.640625 0.843750 0.031250 0.031250
0 0.578125 0.903125 0.031250 0.031250
0 0.862500 0.351562 0.031250 0.028125
0 0.565625 0.517188 0.031250 0.028125
0 0.567187 0.401562 0.028125 0.028125
0 0.698438 0.404687 0.028125 0.028125
0 0.532813 0.632812 0.028125 0.028125
0 0.507812 0.290625 0.028125 0.031250
0 0.723437 0.685937 0.028125 0.028125
0 0.504687 0.346875 0.028125 0.031250
0 0.445312 0.290625 0.028125 0.031250
0 0.764062 0.292187 0.028125 0.028125
0 0.685937 0.260937 0.028125 0.028125
0 0.648438 0.431250 0.028125 0.031250
0 0.635938 0.345313 0.028125 0.028125
0 0.581250 0.604688 0.031250 0.028125
0 0.617188 0.317188 0.028125 0.028125
0 0.384375 0.326562 0.031250 0.028125
0 0.460938 0.260937 0.028125 0.028125
0 0.976562 0.267188 0.028125 0.028125
0 0.546875 0.660937 0.031250 0.028125
0 0.667188 0.289062 0.028125 0.028125
0 0.045312 0.415625 0.028125 0.031250
0 0.067187 0.532813 0.028125 0.028125
0 0.407813 0.900000 0.028125 0.031250
0 0.539062 0.346875 0.028125 0.031250
0 0.439063 0.401562 0.028125 0.028125
0 0.503125 0.401562 0.025000 0.028125
0 0.023438 0.781250 0.028125 0.031250
0 0.370312 0.514062 0.028125 0.028125
0 0.798438 0.235937 0.028125 0.028125
0 0.650000 0.373437 0.031250 0.028125
0 0.457813 0.373437 0.028125 0.028125
0 0.132812 0.301563 0.028125 0.028125
0 0.551562 0.373437 0.028125 0.028125
0 0.018750 0.431250 0.031250 0.031250
0 0.148438 0.551562 0.028125 0.028125
0 0.500000 0.028125 0.031250 0.031250
0 0.154688 0.720313 0.028125 0.028125
0 0.135937 0.270313 0.028125 0.028125
0 0.601562 0.289062 0.028125 0.028125
0 0.520312 0.431250 0.028125 0.031250
0 0.423438 0.375000 0.028125 0.031250
0 0.520312 0.373437 0.028125 0.028125
0 0.978125 0.096875 0.031250 0.031250
0 0.775000 0.782813 0.031250 0.028125
0 0.559375 0.028125 0.031250 0.031250
0 0.242188 0.635938 0.028125 0.028125
0 0.440625 0.345313 0.025000 0.028125
0 0.979688 0.692187 0.028125 0.028125
0 0.018750 0.396875 0.031250 0.031250
0 0.717187 0.260937 0.028125 0.028125
0 0.195312 0.073438 0.028125 0.028125
0 0.548438 0.603125 0.028125 0.031250
0 0.607812 0.660937 0.028125 0.028125
0 0.620313 0.204687 0.028125 0.028125
0 0.292187 0.476562 0.028125 0.028125
0 0.473438 0.348438 0.028125 0.028125
0 0.017188 0.896875 0.028125 0.031250
0 0.489063 0.373437 0.028125 0.028125
0 0.535937 0.401562 0.028125 0.028125
0 0.020313 0.364063 0.028125 0.028125
0 0.564063 0.634375 0.028125 0.031250
0 0.014063 0.498437 0.028125 0.028125
0 0.884375 0.035937 0.031250 0.034375
