0 0.848437 0.920312 0.028125 0.028125
0 0.089063 0.867188 0.028125 0.028125
0 0.123438 0.921875 0.028125 0.031250
0 0.689063 0.854688 0.028125 0.028125
0 0.317188 0.917188 0.028125 0.028125
0 0.495312 0.882812 0.028125 0.028125
0 0.121875 0.867188 0.031250 0.028125
0 0.104688 0.839063 0.028125 0.028125
0 0.056250 0.587500 0.031250 0.031250
0 0.951562 0.064062 0.028125 0.028125
0 0.039062 0.671875 0.028125 0.031250
0 0.107813 0.893750 0.028125 0.031250
0 0.725000 0.934375 0.031250 0.031250
0 0.628125 0.882812 0.031250 0.028125
0 0.917188 0.064062 0.028125 0.028125
0 0.581250 0.842187 0.031250 0.028125
0 0.348438 0.804688 0.028125 0.028125
0 0.185938 0.531250 0.028125 0.031250
0 0.550000 0.854688 0.031250 0.028125
0 0.448437 0.914062 0.028125 0.028125
0 0.301563 0.945312 0.028125 0.028125
0 0.120313 0.753125 0.028125 0.031250
0 0.517188 0.856250 0.028125 0.031250
0 0.885938 0.879687 0.028125 0.028125
0 0.398438 0.885938 0.028125 0.028125
0 0.040625 0.839063 0.031250 0.028125
0 0.153125 0.921875 0.031250 0.031250
0 0.815625 0.284375 0.031250 0.031250
0 0.300000 0.114062 0.031250 0.028125
0 0.868750 0.034375 0.031250 0.031250
0 0.332813 0.889062 0.028125 0.028125
0 0.135937 0.503125 0.028125 0.031250
0 0.040625 0.168750 0.031250 0.031250
0 0.156250 0.142187 0.031250 0.028125
0 0.153125 0.364063 0.031250 0.028125
0 0.853125 0.118750 0.031250 0.031250
0 0.784375 0.228125 0.031250 0.031250
0 0.185938 0.753125 0.028125 0.031250
0 0.251563 0.254688 0.028125 0.028125
0 0.170313 0.281250 0.028125 0.031250
0 0.170313 0.779687 0.028125 0.028125
0 0.364063 0.114062 0.028125 0.028125
0 0.073438 0.114062 0.028125 0.028125
0 0.023438 0.587500 0.028125 0.031250
0 0.462500 0.884375 0.031250 0.031250
0 0.025000 0.868750 0.031250 0.031250
0 0.410938 0.254688 0.028125 0.028125
0 0.170313 0.723437 0.028125 0.028125
0 0.446875 0.087500 0.031250 0.031250
0 0.745313 0.864062 0.028125 0.028125
0 0.189062 0.976562 0.028125 0.028125
0 0.185938 0.807813 0.028125 0.028125
0 0.120313 0.809375 0.028125 0.031250
0 0.817187 0.117188 0.028125 0.028125
0 0.548438 0.912500 0.028125 0.031250
0 0.234375 0.778125 0.031250 0.031250
0 0.140625 0.057813 0.031250 0.028125
0 0.512500 0.910937 0.031250 0.028125
0 0.104688 0.782813 0.028125 0.028125
0 0.757812 0.804688 0.028125 0.028125
0 0.154688 0.807813 0.028125 0.028125
0 0.267188 0.114062 0.028125 0.028125
0 0.073438 0.895312 0.028125 0.028125
0 0.089063 0.812500 0.028125 0.031250
0 0.671875 0.254688 0.031250 0.028125
0 0.909375 0.901563 0.031250 0.028125
0 0.085938 0.587500 0.028125 0.031250
0 0.701562 0.254688 0.028125 0.028125
0 0.040625 0.784375 0.031250 0.031250
0 0.121875 0.142187 0.031250 0.028125
0 0.057813 0.868750 0.028125 0.031250
0 0.548438 0.792188 0.028125 0.028125
0 0.646875 0.907813 0.031250 0.028125
0 0.879687 0.229687 0.028125 0.028125
0 0.710938 0.876563 0.028125 0.028125
0 0.768750 0.089063 0.031250 0.028125
0 0.171875 0.115625 0.031250 0.031250
0 0.395313 0.228125 0.028125 0.031250
0 0.428125 0.115625 0.031250 0.031250
0 0.103125 0.614062 0.031250 0.028125
0 0.168750 0.559375 0.031250 0.031250
0 0.315625 0.087500 0.031250 0.031250
0 0.070312 0.614062 0.028125 0.028125
0 0.153125 0.253125 0.031250 0.031250
0 0.470313 0.757812 0.028125 0.028125
0 0.106250 0.114062 0.031250 0.028125
0 0.137500 0.282813 0.031250 0.028125
0 0.900000 0.092188 0.031250 0.028125
0 0.785937 0.118750 0.028125 0.031250
0 0.753125 0.228125 0.031250 0.031250
0 0.153125 0.421875 0.031250 0.031250
0 0.298438 0.779687 0.028125 0.028125
0 0.481250 0.968750 0.031250 0.031250
0 0.364063 0.059375 0.028125 0.031250
0 0.925000 0.839063 0.031250 0.028125
0 0.137500 0.226562 0.031250 0.028125
0 0.815625 0.395313 0.031250 0.028125
0 0.720313 0.228125 0.028125 0.031250
0 0.351562 0.915625 0.028125 0.031250
0 0.753125 0.173437 0.031250 0.028125
0 0.073438 0.839063 0.028125 0.028125
0 0.879687 0.342187 0.028125 0.028125
0 0.370312 0.779687 0.028125 0.028125
0 0.889062 0.545312 0.028125 0.028125
0 0.042188 0.951562 0.028125 0.028125
0 0.315625 0.310937 0.031250 0.028125
0 0.039062 0.560937 0.028125 0.028125
0 0.203125 0.781250 0.031250 0.031250
0 0.023438 0.367188 0.028125 0.028125
0 0.546875 0.968750 0.031250 0.031250
0 0.070312 0.782813 0.028125 0.028125
0 0.203125 0.171875 0.031250 0.031250
0 0.187500 0.309375 0.031250 0.031250
0 0.720313 0.173437 0.028125 0.028125
0 0.848437 0.470313 0.028125 0.028125
0 0.135937 0.614062 0.028125 0.028125
0 0.623437 0.062500 0.028125 0.031250
0 0.056250 0.643750 0.031250 0.031250
0 0.895312 0.425000 0.028125 0.031250
0 0.800000 0.368750 0.031250 0.031250
0 0.879687 0.909375 0.028125 0.031250
0 0.950000 0.976562 0.031250 0.028125
0 0.379688 0.087500 0.028125 0.031250
0 0.835938 0.090625 0.028125 0.031250
0 0.581250 0.965625 0.031250 0.031250
0 0.071875 0.223438 0.031250 0.028125
0 0.898438 0.145313 0.028125 0.028125
0 0.946875 0.229687 0.031250 0.028125
0 0.901563 0.034375 0.028125 0.031250
0 0.832812 0.145313 0.028125 0.028125
0 0.795312 0.907813 0.028125 0.028125
0 0.515625 0.968750 0.031250 0.031250
0 0.135937 0.726562 0.028125 0.028125
0 0.975000 0.581250 0.031250 0.031250
0 0.203125 0.226562 0.031250 0.028125
0 0.917188 0.604688 0.028125 0.028125
0 0.270313 0.889062 0.028125 0.028125
0 0.118750 0.418750 0.031250 0.031250
0 0.720313 0.284375 0.028125 0.031250
0 0.932813 0.090625 0.028125 0.031250
0 0.217188 0.751563 0.028125 0.028125
0 0.582812 0.779687 0.028125 0.028125
0 0.154688 0.753125 0.028125 0.031250
0 0.057813 0.923438 0.028125 0.028125
0 0.073438 0.168750 0.028125 0.031250
0 0.023438 0.700000 0.028125 0.031250
0 0.360938 0.723437 0.028125 0.028125
0 0.906250 0.453125 0.031250 0.031250
0 0.432812 0.942187 0.028125 0.028125
0 0.531250 0.939063 0.031250 0.028125
0 0.557813 0.228125 0.028125 0.031250
0 0.848437 0.284375 0.028125 0.031250
0 0.678125 0.896875 0.031250 0.031250
0 0.023438 0.310937 0.028125 0.028125
0 0.895312 0.257812 0.028125 0.028125
0 0.153125 0.864062 0.031250 0.028125
0 0.379688 0.254688 0.028125 0.028125
0 0.687500 0.284375 0.031250 0.031250
0 0.335938 0.942187 0.028125 0.028125
0 0.351562 0.753125 0.028125 0.031250
0 0.801562 0.145313 0.028125 0.028125
0 0.395313 0.114062 0.028125 0.028125
0 0.089063 0.364063 0.028125 0.028125
0 0.040625 0.337500 0.031250 0.031250
0 0.090625 0.085938 0.031250 0.028125
0 0.090625 0.142187 0.031250 0.028125
0 0.885938 0.064062 0.028125 0.028125
0 0.235937 0.171875 0.028125 0.031250
0 0.523438 0.282813 0.028125 0.028125
0 0.639062 0.254688 0.028125 0.028125
0 0.023438 0.142187 0.028125 0.028125
0 0.893750 0.848437 0.031250 0.028125
0 0.120313 0.642188 0.028125 0.028125
0 0.607812 0.254688 0.028125 0.028125
0 0.867188 0.145313 0.028125 0.028125
0 0.298438 0.612500 0.028125 0.031250
0 0.315625 0.143750 0.031250 0.031250
0 0.395313 0.723437 0.028125 0.028125
0 0.459375 0.828125 0.031250 0.031250
0 0.087500 0.698438 0.031250 0.028125
0 0.139063 0.893750 0.028125 0.031250
0 0.054688 0.476562 0.028125 0.028125
0 0.484375 0.470313 0.031250 0.028125
0 0.784375 0.173437 0.031250 0.028125
0 0.201563 0.670312 0.028125 0.028125
0 0.071875 0.726562 0.031250 0.028125
0 0.200000 0.612500 0.031250 0.031250
0 0.234375 0.557813 0.031250 0.028125
0 0.898438 0.964063 0.028125 0.028125
0 0.914062 0.173437 0.028125 0.028125
0 0.057813 0.142187 0.028125 0.028125
0 0.153125 0.309375 0.031250 0.031250
0 0.754687 0.118750 0.028125 0.031250
0 0.367188 0.889062 0.028125 0.028125
0 0.104688 0.726562 0.028125 0.028125
0 0.564063 0.939063 0.028125 0.028125
0 0.089063 0.253125 0.028125 0.031250
0 0.671875 0.143750 0.031250 0.031250
0 0.848437 0.229687 0.028125 0.028125
0 0.864062 0.257812 0.028125 0.028125
0 0.706250 0.695312 0.031250 0.028125
0 0.646875 0.964063 0.031250 0.028125
0 0.201563 0.723437 0.028125 0.028125
0 0.075000 0.059375 0.031250 0.031250
0 0.071875 0.281250 0.031250 0.031250
0 0.895312 0.370312 0.028125 0.028125
0 0.042188 0.895312 0.028125 0.028125
0 0.839063 0.953125 0.028125 0.031250
0 0.704688 0.201563 0.028125 0.028125
0 0.515625 0.800000 0.031250 0.031250
0 0.945312 0.534375 0.028125 0.031250
0 0.135937 0.337500 0.028125 0.031250
0 0.218750 0.198437 0.031250 0.028125
0 0.720313 0.842187 0.028125 0.028125
0 0.300000 0.832812 0.031250 0.028125
0 0.301563 0.889062 0.028125 0.028125
0 0.914062 0.525000 0.028125 0.031250
0 0.234375 0.668750 0.031250 0.031250
0 0.929688 0.257812 0.028125 0.028125
0 0.751563 0.339062 0.028125 0.028125
0 0.512500 0.376563 0.031250 0.028125
0 0.218750 0.364063 0.031250 0.028125
0 0.346875 0.198437 0.031250 0.028125
0 0.735938 0.254688 0.028125 0.028125
0 0.493750 0.114062 0.031250 0.028125
0 0.732812 0.779687 0.028125 0.028125
0 0.879687 0.395313 0.028125 0.028125
0 0.393750 0.803125 0.031250 0.031250
0 0.253125 0.917188 0.031250 0.028125
0 0.039062 0.614062 0.028125 0.028125
0 0.248438 0.529687 0.028125 0.028125
0 0.184375 0.642188 0.031250 0.028125
0 0.042188 0.112500 0.028125 0.031250
0 0.426563 0.228125 0.028125 0.031250
0 0.314063 0.748437 0.028125 0.028125
0 0.526563 0.060937 0.028125 0.028125
0 0.478125 0.854688 0.031250 0.028125
0 0.685937 0.228125 0.028125 0.031250
0 0.104688 0.168750 0.028125 0.031250
0 0.417187 0.914062 0.028125 0.028125
0 0.315625 0.806250 0.031250 0.031250
0 0.542188 0.143750 0.028125 0.031250
0 0.279687 0.695312 0.028125 0.028125
0 0.929688 0.200000 0.028125 0.031250
0 0.770312 0.885938 0.028125 0.028125
0 0.460938 0.228125 0.028125 0.031250
0 0.040625 0.226562 0.031250 0.028125
0 0.481250 0.910937 0.031250 0.028125
0 0.023438 0.754687 0.028125 0.028125
0 0.935937 0.923438 0.028125 0.028125
0 0.232813 0.448437 0.028125 0.028125
0 0.168750 0.171875 0.031250 0.031250
0 0.121875 0.253125 0.031250 0.031250
0 0.284375 0.087500 0.031250 0.031250
0 0.106250 0.057813 0.031250 0.028125
0 0.120313 0.698438 0.028125 0.028125
0 0.139063 0.837500 0.028125 0.031250
0 0.348438 0.087500 0.028125 0.031250
0 0.346875 0.254688 0.031250 0.028125
0 0.184375 0.364063 0.031250 0.028125
0 0.153125 0.198437 0.031250 0.028125
0 0.737500 0.089063 0.031250 0.028125
0 0.298438 0.503125 0.028125 0.031250
0 0.054688 0.698438 0.028125 0.028125
0 0.039062 0.503125 0.028125 0.031250
0 0.737500 0.898438 0.031250 0.028125
0 0.532813 0.739062 0.028125 0.028125
0 0.540625 0.254688 0.031250 0.028125
0 0.457813 0.789062 0.028125 0.028125
0 0.375000 0.695312 0.031250 0.028125
0 0.071875 0.670312 0.031250 0.028125
0 0.914062 0.284375 0.028125 0.031250
0 0.234375 0.503125 0.031250 0.031250
0 0.104688 0.557813 0.028125 0.028125
0 0.331250 0.114062 0.031250 0.028125
0 0.265625 0.723437 0.031250 0.028125
0 0.070312 0.503125 0.028125 0.031250
0 0.342187 0.695312 0.028125 0.028125
0 0.056250 0.364063 0.031250 0.028125
0 0.401562 0.942187 0.028125 0.028125
0 0.396875 0.834375 0.031250 0.031250
0 0.592187 0.060937 0.028125 0.028125
0 0.154688 0.642188 0.028125 0.028125
0 0.200000 0.448437 0.031250 0.028125
0 0.598437 0.935937 0.028125 0.028125
0 0.167187 0.612500 0.028125 0.031250
0 0.187500 0.142187 0.031250 0.028125
0 0.085938 0.529687 0.028125 0.028125
0 0.589063 0.335938 0.028125 0.028125
0 0.412500 0.200000 0.031250 0.031250
0 0.318750 0.971875 0.031250 0.031250
0 0.615625 0.964063 0.031250 0.028125
0 0.364063 0.226562 0.028125 0.028125
0 0.154688 0.976562 0.028125 0.028125
0 0.151562 0.531250 0.028125 0.031250
0 0.846875 0.806250 0.025000 0.025000
0 0.709375 0.965625 0.031250 0.031250
0 0.154688 0.696875 0.028125 0.031250
0 0.184375 0.585938 0.031250 0.028125
0 0.801562 0.423438 0.028125 0.028125
0 0.735938 0.750000 0.028125 0.031250
0 0.264062 0.778125 0.028125 0.031250
0 0.629687 0.937500 0.028125 0.031250
0 0.832812 0.254688 0.028125 0.028125
0 0.945312 0.398438 0.028125 0.028125
0 0.932813 0.034375 0.028125 0.031250
0 0.710938 0.726562 0.028125 0.028125
0 0.185938 0.696875 0.028125 0.031250
0 0.087500 0.476562 0.031250 0.028125
0 0.945312 0.628125 0.028125 0.031250
0 0.450000 0.968750 0.031250 0.031250
0 0.171875 0.337500 0.031250 0.031250
0 0.926562 0.367188 0.028125 0.028125
0 0.267188 0.832812 0.028125 0.028125
0 0.784375 0.395313 0.031250 0.028125
0 0.381250 0.143750 0.031250 0.031250
0 0.831250 0.754687 0.031250 0.028125
0 0.267188 0.226562 0.028125 0.028125
0 0.867188 0.201563 0.028125 0.028125
0 0.187500 0.254688 0.031250 0.028125
0 0.735938 0.200000 0.028125 0.031250
0 0.679688 0.735938 0.028125 0.028125
0 0.656250 0.171875 0.031250 0.031250
0 0.914062 0.229687 0.028125 0.028125
0 0.371875 0.440625 0.031250 0.031250
0 0.898438 0.201563 0.028125 0.028125
0 0.020313 0.532813 0.028125 0.028125
0 0.940625 0.892188 0.031250 0.028125
0 0.662500 0.934375 0.031250 0.031250
0 0.460938 0.282813 0.028125 0.028125
0 0.332813 0.779687 0.028125 0.028125
0 0.506250 0.309375 0.031250 0.031250
0 0.523438 0.337500 0.028125 0.031250
0 0.234375 0.282813 0.031250 0.028125
0 0.171875 0.059375 0.031250 0.031250
0 0.751563 0.284375 0.028125 0.031250
0 0.623437 0.282813 0.028125 0.028125
0 0.678125 0.965625 0.031250 0.031250
0 0.360938 0.667188 0.028125 0.028125
0 0.087500 0.420312 0.031250 0.028125
0 0.346875 0.585938 0.031250 0.028125
0 0.251563 0.087500 0.028125 0.031250
0 0.753125 0.060937 0.031250 0.028125
0 0.846875 0.339062 0.031250 0.028125
0 0.217188 0.310937 0.028125 0.028125
0 0.139063 0.779687 0.028125 0.028125
0 0.706250 0.089063 0.031250 0.028125
0 0.704688 0.310937 0.028125 0.028125
0 0.468750 0.440625 0.031250 0.031250
0 0.831250 0.314063 0.031250 0.028125
0 0.782813 0.339062 0.028125 0.028125
0 0.168750 0.835938 0.031250 0.028125
0 0.785937 0.064062 0.028125 0.028125
0 0.121875 0.196875 0.031250 0.031250
0 0.395313 0.664062 0.028125 0.028125
0 0.137500 0.115625 0.031250 0.031250
0 0.864062 0.368750 0.028125 0.031250
0 0.021875 0.418750 0.031250 0.031250
0 0.140625 0.950000 0.031250 0.031250
0 0.937500 0.659375 0.031250 0.031250
0 0.170313 0.392188 0.028125 0.028125
0 0.579688 0.910937 0.028125 0.028125
0 0.693750 0.937500 0.031250 0.031250
0 0.248438 0.751563 0.028125 0.028125
0 0.614062 0.826562 0.028125 0.028125
0 0.089063 0.309375 0.028125 0.031250
0 0.025000 0.198437 0.031250 0.028125
0 0.073438 0.337500 0.028125 0.031250
0 0.350000 0.143750 0.031250 0.031250
0 0.120313 0.364063 0.028125 0.028125
0 0.085938 0.642188 0.028125 0.028125
0 0.056250 0.307812 0.031250 0.028125
0 0.820312 0.064062 0.028125 0.028125
0 0.798438 0.651563 0.028125 0.028125
0 0.450000 0.526563 0.031250 0.034375
0 0.946875 0.120313 0.031250 0.028125
0 0.932813 0.475000 0.028125 0.031250
0 0.503125 0.745313 0.031250 0.028125
0 0.781250 0.823438 0.031250 0.028125
0 0.573438 0.254688 0.028125 0.028125
0 0.751563 0.396875 0.028125 0.031250
0 0.670312 0.310937 0.028125 0.028125
0 0.201563 0.557813 0.028125 0.028125
0 0.720313 0.339062 0.028125 0.028125
0 0.875000 0.940625 0.031250 0.031250
0 0.106250 0.950000 0.031250 0.031250
0 0.310937 0.695312 0.028125 0.028125
0 0.137500 0.668750 0.031250 0.031250
0 0.104688 0.281250 0.028125 0.031250
0 0.231250 0.723437 0.031250 0.028125
0 0.215625 0.696875 0.031250 0.031250
0 0.785937 0.451562 0.028125 0.028125
0 0.378125 0.364063 0.031250 0.028125
0 0.654687 0.228125 0.028125 0.031250
0 0.831250 0.425000 0.031250 0.031250
0 0.410938 0.637500 0.028125 0.031250
0 0.121875 0.087500 0.031250 0.031250
0 0.201563 0.282813 0.028125 0.028125
0 0.445312 0.314063 0.028125 0.028125
0 0.557813 0.114062 0.028125 0.028125
0 0.764062 0.770312 0.028125 0.028125
0 0.879687 0.284375 0.028125 0.031250
0 0.056250 0.810937 0.031250 0.028125
0 0.553125 0.668750 0.031250 0.031250
0 0.023438 0.642188 0.028125 0.028125
0 0.612500 0.910937 0.031250 0.028125
0 0.265625 0.612500 0.031250 0.031250
0 0.671875 0.200000 0.031250 0.031250
0 0.120313 0.532813 0.028125 0.028125
0 0.801562 0.089063 0.028125 0.028125
0 0.248438 0.476562 0.028125 0.028125
0 0.039062 0.448437 0.028125 0.028125
0 0.057813 0.196875 0.028125 0.031250
0 0.201563 0.392188 0.028125 0.028125
0 0.217188 0.639062 0.028125 0.028125
0 0.640625 0.089063 0.031250 0.028125
0 0.884375 0.512500 0.031250 0.031250
0 0.429688 0.712500 0.028125 0.031250
0 0.592187 0.226562 0.028125 0.028125
0 0.623437 0.226562 0.028125 0.028125
0 0.217188 0.529687 0.028125 0.028125
0 0.606250 0.087500 0.031250 0.031250
0 0.540625 0.310937 0.031250 0.028125
0 0.685937 0.670312 0.028125 0.028125
0 0.857812 0.529687 0.028125 0.028125
0 0.560937 0.062500 0.028125 0.031250
0 0.235937 0.057813 0.028125 0.028125
0 0.270313 0.945312 0.028125 0.028125
0 0.025000 0.923438 0.031250 0.028125
0 0.042188 0.059375 0.028125 0.031250
0 0.854688 0.889062 0.028125 0.028125
0 0.106250 0.226562 0.031250 0.028125
0 0.412500 0.143750 0.031250 0.031250
0 0.254688 0.973437 0.028125 0.028125
0 0.917188 0.870313 0.028125 0.028125
0 0.479687 0.089063 0.028125 0.028125
0 0.151562 0.585938 0.028125 0.028125
0 0.775000 0.631250 0.031250 0.031250
0 0.654687 0.117188 0.028125 0.028125
0 0.120313 0.309375 0.028125 0.031250
0 0.618750 0.760938 0.031250 0.028125
0 0.092188 0.923438 0.028125 0.028125
0 0.218750 0.253125 0.031250 0.031250
0 0.945312 0.284375 0.028125 0.031250
0 0.284375 0.198437 0.031250 0.028125
0 0.314063 0.254688 0.028125 0.028125
0 0.770312 0.423438 0.028125 0.028125
0 0.479687 0.723437 0.028125 0.028125
0 0.573438 0.198437 0.028125 0.028125
0 0.901563 0.817187 0.028125 0.028125
0 0.251563 0.807813 0.028125 0.028125
0 0.498437 0.939063 0.028125 0.028125
0 0.285938 0.917188 0.028125 0.028125
0 0.926562 0.692187 0.028125 0.028125
0 0.493750 0.351562 0.031250 0.028125
0 0.167187 0.503125 0.028125 0.031250
0 0.526563 0.114062 0.028125 0.028125
0 0.589063 0.282813 0.028125 0.028125
0 0.609375 0.034375 0.031250 0.031250
0 0.739062 0.675000 0.028125 0.031250
0 0.090625 0.198437 0.031250 0.028125
0 0.298438 0.339062 0.028125 0.028125
0 0.962500 0.145313 0.031250 0.028125
0 0.428125 0.406250 0.031250 0.031250
0 0.201563 0.337500 0.028125 0.031250
0 0.298438 0.170313 0.028125 0.028125
0 0.070312 0.392188 0.028125 0.028125
0 0.817187 0.454688 0.028125 0.028125
0 0.926562 0.954688 0.028125 0.028125
0 0.640625 0.032813 0.031250 0.028125
0 0.962500 0.203125 0.031250 0.031250
0 0.531250 0.885938 0.031250 0.028125
0 0.476562 0.254688 0.028125 0.028125
0 0.185938 0.476562 0.028125 0.028125
0 0.251563 0.143750 0.028125 0.031250
0 0.801562 0.257812 0.028125 0.028125
0 0.218750 0.476562 0.031250 0.028125
0 0.295312 0.721875 0.028125 0.031250
0 0.801562 0.201563 0.028125 0.028125
0 0.612500 0.792188 0.031250 0.028125
0 0.248438 0.639062 0.028125 0.028125
0 0.135937 0.392188 0.028125 0.028125
0 0.185938 0.862500 0.028125 0.031250
0 0.909375 0.785937 0.031250 0.028125
0 0.120313 0.585938 0.028125 0.028125
0 0.235937 0.226562 0.028125 0.028125
0 0.910937 0.398438 0.028125 0.028125
0 0.239063 0.946875 0.028125 0.031250
0 0.039062 0.728125 0.028125 0.031250
0 0.170313 0.892188 0.028125 0.028125
0 0.414062 0.859375 0.028125 0.031250
0 0.185938 0.420312 0.028125 0.028125
0 0.770312 0.257812 0.028125 0.028125
0 0.689063 0.062500 0.028125 0.031250
0 0.282813 0.310937 0.028125 0.028125
0 0.801562 0.876563 0.028125 0.028125
0 0.071875 0.560937 0.031250 0.028125
0 0.329688 0.721875 0.028125 0.031250
0 0.904687 0.929688 0.028125 0.028125
0 0.379688 0.859375 0.028125 0.031250
0 0.089063 0.754687 0.028125 0.028125
0 0.056250 0.532813 0.031250 0.028125
0 0.973437 0.614062 0.028125 0.028125
0 0.639062 0.310937 0.028125 0.028125
0 0.315625 0.198437 0.031250 0.028125
0 0.251563 0.860938 0.028125 0.028125
0 0.282813 0.529687 0.028125 0.028125
0 0.071875 0.448437 0.031250 0.028125
0 0.862500 0.745313 0.031250 0.028125
0 0.298438 0.282813 0.028125 0.028125
0 0.532813 0.434375 0.028125 0.031250
0 0.770312 0.034375 0.028125 0.031250
0 0.439063 0.764062 0.028125 0.028125
0 0.587500 0.812500 0.031250 0.031250
0 0.204687 0.945312 0.028125 0.028125
0 0.270313 0.057813 0.028125 0.028125
0 0.512500 0.462500 0.031250 0.031250
0 0.250000 0.364063 0.031250 0.028125
0 0.517188 0.407813 0.028125 0.028125
0 0.971875 0.882812 0.031250 0.028125
0 0.382812 0.914062 0.028125 0.028125
0 0.367188 0.942187 0.028125 0.028125
0 0.331250 0.228125 0.031250 0.031250
0 0.604688 0.368750 0.028125 0.031250
0 0.153125 0.475000 0.031250 0.031250
0 0.962500 0.312500 0.031250 0.031250
0 0.314063 0.582812 0.028125 0.028125
0 0.832812 0.367188 0.028125 0.028125
0 0.493750 0.059375 0.031250 0.031250
0 0.104688 0.670312 0.028125 0.028125
0 0.657813 0.687500 0.028125 0.031250
0 0.768750 0.145313 0.031250 0.028125
0 0.592187 0.507812 0.028125 0.028125
0 0.525000 0.170313 0.031250 0.028125
0 0.428125 0.796875 0.031250 0.031250
0 0.689063 0.117188 0.028125 0.028125
0 0.735938 0.145313 0.028125 0.028125
0 0.331250 0.832812 0.031250 0.028125
0 0.970313 0.425000 0.034375 0.031250
0 0.564063 0.881250 0.028125 0.031250
0 0.234375 0.114062 0.031250 0.028125
0 0.285938 0.973437 0.028125 0.028125
0 0.848437 0.395313 0.028125 0.028125
0 0.462500 0.060937 0.031250 0.028125
0 0.251563 0.585938 0.028125 0.028125
0 0.346875 0.475000 0.031250 0.031250
0 0.510938 0.032813 0.028125 0.028125
0 0.801562 0.764062 0.028125 0.028125
0 0.023438 0.810937 0.028125 0.028125
0 0.351562 0.529687 0.028125 0.028125
0 0.540625 0.198437 0.031250 0.028125
0 0.876563 0.450000 0.028125 0.031250
0 0.437500 0.375000 0.031250 0.031250
0 0.685937 0.173437 0.028125 0.028125
0 0.264062 0.670312 0.028125 0.028125
0 0.467187 0.940625 0.028125 0.031250
0 0.657813 0.868750 0.028125 0.031250
0 0.167187 0.670312 0.028125 0.028125
0 0.664062 0.621875 0.028125 0.031250
0 0.251563 0.198437 0.028125 0.028125
0 0.651563 0.717187 0.028125 0.028125
0 0.926562 0.425000 0.028125 0.031250
0 0.967187 0.092188 0.028125 0.028125
0 0.696875 0.821875 0.031250 0.031250
0 0.056250 0.753125 0.031250 0.031250
0 0.279687 0.751563 0.028125 0.028125
0 0.284375 0.862500 0.031250 0.031250
0 0.234375 0.393750 0.031250 0.031250
0 0.542188 0.089063 0.028125 0.028125
0 0.573438 0.364063 0.028125 0.028125
0 0.329688 0.335938 0.028125 0.028125
0 0.395313 0.282813 0.028125 0.028125
0 0.807813 0.962500 0.028125 0.031250
0 0.573438 0.085938 0.028125 0.028125
0 0.200000 0.503125 0.031250 0.031250
0 0.445312 0.256250 0.028125 0.031250
0 0.817187 0.929688 0.028125 0.028125
0 0.267188 0.170313 0.028125 0.028125
0 0.267188 0.501563 0.028125 0.028125
0 0.968750 0.515625 0.031250 0.031250
0 0.717187 0.628125 0.028125 0.031250
0 0.704688 0.146875 0.028125 0.031250
0 0.851562 0.501563 0.028125 0.028125
0 0.931250 0.807813 0.031250 0.028125
0 0.650000 0.748437 0.031250 0.028125
0 0.248438 0.696875 0.028125 0.031250
0 0.057813 0.085938 0.028125 0.028125
0 0.848437 0.175000 0.028125 0.031250
0 0.395313 0.171875 0.028125 0.031250
0 0.973437 0.735938 0.028125 0.028125
0 0.654687 0.592187 0.028125 0.028125
0 0.023438 0.478125 0.028125 0.031250
0 0.365625 0.834375 0.031250 0.031250
0 0.720313 0.393750 0.028125 0.031250
0 0.484375 0.806250 0.031250 0.031250
0 0.878125 0.481250 0.031250 0.031250
0 0.220312 0.143750 0.028125 0.031250
0 0.770312 0.201563 0.028125 0.028125
0 0.331250 0.446875 0.031250 0.031250
0 0.834375 0.034375 0.031250 0.031250
0 0.446875 0.467187 0.031250 0.028125
0 0.489063 0.695312 0.028125 0.028125
0 0.412500 0.470313 0.031250 0.034375
0 0.954688 0.829688 0.028125 0.028125
0 0.329688 0.667188 0.028125 0.028125
0 0.573438 0.310937 0.028125 0.028125
0 0.379688 0.198437 0.028125 0.028125
0 0.853125 0.064062 0.031250 0.028125
0 0.315625 0.476562 0.031250 0.028125
0 0.720313 0.118750 0.028125 0.031250
0 0.604688 0.310937 0.028125 0.028125
0 0.976562 0.392188 0.028125 0.028125
0 0.817187 0.173437 0.028125 0.028125
0 0.201563 0.835938 0.028125 0.028125
0 0.282813 0.807813 0.028125 0.028125
0 0.431250 0.885938 0.031250 0.028125
0 0.217188 0.420312 0.028125 0.028125
0 0.446875 0.032813 0.031250 0.028125
0 0.460938 0.117188 0.028125 0.028125
0 0.823438 0.900000 0.028125 0.031250
0 0.635938 0.567187 0.028125 0.028125
0 0.332813 0.059375 0.028125 0.031250
0 0.959375 0.943750 0.031250 0.031250
0 0.737500 0.423438 0.025000 0.028125
0 0.496875 0.434375 0.031250 0.031250
0 0.503125 0.629687 0.031250 0.028125
0 0.264062 0.393750 0.028125 0.031250
0 0.331250 0.171875 0.031250 0.031250
0 0.429688 0.171875 0.028125 0.031250
0 0.554688 0.760938 0.028125 0.028125
0 0.559375 0.418750 0.031250 0.031250
0 0.704688 0.423438 0.028125 0.028125
0 0.464062 0.342187 0.028125 0.028125
0 0.348438 0.860938 0.028125 0.028125
0 0.657813 0.062500 0.028125 0.031250
0 0.723437 0.060937 0.028125 0.028125
0 0.735938 0.310937 0.028125 0.028125
0 0.671875 0.568750 0.031250 0.031250
0 0.428125 0.829688 0.031250 0.028125
0 0.382812 0.970313 0.028125 0.028125
0 0.751563 0.451562 0.028125 0.028125
0 0.929688 0.310937 0.028125 0.028125
0 0.173437 0.946875 0.028125 0.031250
0 0.329688 0.614062 0.028125 0.028125
0 0.817187 0.226562 0.028125 0.028125
0 0.284375 0.143750 0.031250 0.031250
0 0.670312 0.367188 0.028125 0.028125
0 0.104688 0.392188 0.028125 0.028125
0 0.775000 0.854688 0.031250 0.028125
0 0.839063 0.721875 0.028125 0.031250
0 0.689063 0.639062 0.028125 0.028125
0 0.975000 0.546875 0.031250 0.031250
0 0.493750 0.226562 0.031250 0.028125
0 0.218750 0.587500 0.031250 0.031250
0 0.281250 0.367188 0.031250 0.028125
0 0.267188 0.282813 0.028125 0.028125
0 0.023438 0.253125 0.028125 0.031250
0 0.542188 0.364063 0.028125 0.028125
0 0.390625 0.412500 0.031250 0.031250
0 0.264062 0.557813 0.028125 0.028125
0 0.468750 0.371875 0.031250 0.031250
0 0.417187 0.742188 0.028125 0.028125
0 0.475000 0.200000 0.031250 0.031250
0 0.168750 0.226562 0.031250 0.028125
0 0.364063 0.171875 0.028125 0.031250
0 0.639062 0.845313 0.028125 0.028125
0 0.815625 0.342187 0.031250 0.028125
0 0.232813 0.612500 0.028125 0.031250
0 0.414062 0.087500 0.028125 0.031250
0 0.204687 0.114062 0.028125 0.028125
0 0.968750 0.651563 0.031250 0.028125
0 0.332813 0.282813 0.028125 0.028125
0 0.282813 0.582812 0.028125 0.028125
0 0.400000 0.340625 0.031250 0.031250
0 0.671875 0.089063 0.031250 0.028125
0 0.767188 0.368750 0.028125 0.031250
0 0.417187 0.970313 0.028125 0.028125
0 0.509375 0.143750 0.031250 0.031250
0 0.654687 0.284375 0.028125 0.031250
0 0.295312 0.667188 0.028125 0.028125
0 0.510938 0.717187 0.028125 0.028125
0 0.521875 0.493750 0.031250 0.031250
0 0.331250 0.503125 0.031250 0.031250
0 0.437500 0.437500 0.031250 0.031250
0 0.823438 0.485938 0.028125 0.028125
0 0.706250 0.034375 0.031250 0.031250
0 0.576562 0.032813 0.028125 0.028125
0 0.248438 0.420312 0.028125 0.028125
0 0.056250 0.253125 0.031250 0.031250
0 0.467187 0.670312 0.028125 0.028125
0 0.314063 0.642188 0.028125 0.028125
0 0.542188 0.032813 0.028125 0.028125
0 0.976562 0.173437 0.028125 0.028125
0 0.595313 0.881250 0.028125 0.031250
0 0.364063 0.335938 0.028125 0.028125
0 0.640625 0.200000 0.031250 0.031250
0 0.407813 0.770312 0.028125 0.028125
0 0.814063 0.814063 0.028125 0.028125
0 0.557813 0.821875 0.028125 0.031250
0 0.751563 0.834375 0.028125 0.031250
0 0.789062 0.792188 0.028125 0.028125
0 0.523438 0.768750 0.028125 0.031250
0 0.445312 0.198437 0.028125 0.028125
0 0.706250 0.759375 0.031250 0.031250
0 0.803125 0.034375 0.031250 0.031250
0 0.026562 0.084375 0.028125 0.031250
0 0.864062 0.310937 0.028125 0.028125
0 0.810937 0.732812 0.028125 0.028125
0 0.073438 0.951562 0.028125 0.028125
0 0.592187 0.114062 0.028125 0.028125
0 0.604688 0.567187 0.028125 0.028125
0 0.101562 0.504687 0.028125 0.028125
0 0.948438 0.860938 0.028125 0.028125
0 0.364063 0.282813 0.028125 0.028125
0 0.639062 0.364063 0.028125 0.028125
0 0.892188 0.735938 0.028125 0.028125
0 0.915625 0.118750 0.031250 0.031250
0 0.135937 0.559375 0.028125 0.031250
0 0.910937 0.342187 0.028125 0.028125
0 0.379688 0.582812 0.028125 0.028125
0 0.870313 0.826562 0.028125 0.028125
0 0.156250 0.085938 0.031250 0.028125
0 0.623437 0.335938 0.028125 0.028125
0 0.104688 0.448437 0.028125 0.028125
0 0.948438 0.595313 0.028125 0.028125
0 0.507812 0.254688 0.028125 0.028125
0 0.475000 0.309375 0.031250 0.031250
0 0.184375 0.198437 0.031250 0.028125
0 0.509375 0.198437 0.031250 0.028125
0 0.232813 0.337500 0.028125 0.031250
0 0.951562 0.714063 0.028125 0.028125
0 0.520312 0.684375 0.028125 0.031250
0 0.168750 0.448437 0.031250 0.028125
0 0.632812 0.667188 0.028125 0.028125
0 0.282813 0.420312 0.028125 0.028125
0 0.137500 0.168750 0.031250 0.031250
0 0.868750 0.092188 0.031250 0.028125
0 0.832812 0.201563 0.028125 0.028125
0 0.434375 0.679688 0.031250 0.028125
0 0.282813 0.254688 0.028125 0.028125
0 0.417187 0.590625 0.034375 0.031250
0 0.345313 0.367188 0.028125 0.028125
0 0.460938 0.495312 0.028125 0.028125
0 0.614062 0.595313 0.028125 0.028125
0 0.528125 0.828125 0.031250 0.031250
0 0.376563 0.639062 0.028125 0.028125
0 0.332813 0.554688 0.028125 0.028125
0 0.507812 0.598437 0.028125 0.028125
0 0.457813 0.701562 0.028125 0.028125
0 0.135937 0.448437 0.028125 0.028125
0 0.885938 0.767188 0.028125 0.028125
0 0.737500 0.034375 0.031250 0.031250
0 0.460938 0.170313 0.028125 0.028125
0 0.768750 0.664062 0.031250 0.028125
0 0.757812 0.723437 0.028125 0.028125
0 0.410938 0.310937 0.028125 0.028125
0 0.685937 0.339062 0.028125 0.028125
0 0.654687 0.335938 0.028125 0.028125
0 0.478125 0.032813 0.031250 0.028125
0 0.557813 0.170313 0.028125 0.028125
0 0.476562 0.607812 0.028125 0.028125
0 0.632812 0.618750 0.028125 0.031250
0 0.945312 0.339062 0.028125 0.028125
0 0.557813 0.282813 0.028125 0.028125
0 0.510938 0.089063 0.028125 0.028125
0 0.248438 0.310937 0.028125 0.028125
0 0.800000 0.314063 0.031250 0.028125
0 0.764062 0.692187 0.028125 0.028125
0 0.414062 0.531250 0.028125 0.031250
0 0.315625 0.860938 0.031250 0.028125
0 0.301563 0.226562 0.028125 0.028125
0 0.298438 0.557813 0.028125 0.028125
0 0.298438 0.448437 0.028125 0.028125
0 0.593750 0.535937 0.031250 0.028125
0 0.204687 0.057813 0.028125 0.028125
0 0.940625 0.503125 0.031250 0.031250
0 0.673438 0.034375 0.028125 0.031250
0 0.701562 0.790625 0.028125 0.031250
0 0.793750 0.484375 0.031250 0.031250
0 0.353125 0.971875 0.031250 0.031250
0 0.406250 0.381250 0.031250 0.031250
0 0.446875 0.856250 0.031250 0.031250
0 0.393750 0.557813 0.031250 0.028125
0 0.404687 0.692187 0.028125 0.028125
0 0.735938 0.368750 0.028125 0.031250
0 0.345313 0.639062 0.028125 0.028125
0 0.707812 0.907813 0.028125 0.028125
0 0.575000 0.479687 0.031250 0.028125
0 0.317188 0.529687 0.028125 0.028125
0 0.123438 0.976562 0.028125 0.028125
0 0.904687 0.670312 0.028125 0.028125
0 0.557813 0.337500 0.028125 0.031250
0 0.054688 0.420312 0.028125 0.028125
0 0.471875 0.640625 0.031250 0.031250
0 0.437500 0.618750 0.031250 0.031250
0 0.429688 0.284375 0.028125 0.031250
0 0.451562 0.732812 0.028125 0.028125
0 0.714063 0.659375 0.028125 0.025000
0 0.726562 0.810937 0.028125 0.028125
0 0.589063 0.748437 0.028125 0.028125
0 0.900000 0.578125 0.031250 0.031250
0 0.623437 0.117188 0.028125 0.028125
0 0.459375 0.409375 0.031250 0.031250
0 0.948438 0.565625 0.028125 0.031250
0 0.960938 0.682813 0.028125 0.028125
0 0.882812 0.118750 0.028125 0.031250
0 0.395313 0.610938 0.028125 0.028125
0 0.543750 0.392188 0.031250 0.028125
0 0.578125 0.690625 0.031250 0.031250
0 0.221875 0.973437 0.031250 0.028125
0 0.948438 0.446875 0.028125 0.031250
0 0.826562 0.785937 0.028125 0.028125
0 0.854688 0.776563 0.028125 0.028125
0 0.350000 0.031250 0.031250 0.031250
0 0.965625 0.034375 0.031250 0.031250
0 0.576562 0.393750 0.028125 0.031250
0 0.571875 0.560937 0.031250 0.028125
0 0.429688 0.060937 0.028125 0.028125
0 0.495312 0.773438 0.028125 0.028125
0 0.317188 0.364063 0.028125 0.028125
0 0.817187 0.701562 0.028125 0.028125
0 0.907813 0.490625 0.028125 0.031250
0 0.878125 0.798438 0.031250 0.028125
0 0.362500 0.556250 0.031250 0.031250
0 0.381250 0.471875 0.031250 0.031250
0 0.217188 0.807813 0.028125 0.028125
0 0.432812 0.343750 0.028125 0.031250
0 0.314063 0.420312 0.028125 0.028125
0 0.759375 0.943750 0.031250 0.031250
0 0.743750 0.645312 0.031250 0.028125
0 0.768750 0.310937 0.031250 0.028125
0 0.659375 0.654687 0.031250 0.028125
0 0.267188 0.335938 0.028125 0.028125
0 0.120313 0.476562 0.028125 0.028125
0 0.667188 0.832812 0.028125 0.028125
0 0.807813 0.618750 0.028125 0.031250
0 0.379688 0.310937 0.028125 0.028125
0 0.957812 0.367188 0.028125 0.028125
0 0.279687 0.476562 0.028125 0.028125
0 0.429688 0.501563 0.028125 0.028125
0 0.920312 0.554688 0.028125 0.028125
0 0.525000 0.228125 0.031250 0.031250
0 0.864062 0.857812 0.028125 0.028125
0 0.881250 0.646875 0.031250 0.031250
0 0.607812 0.201563 0.028125 0.028125
0 0.962500 0.257812 0.031250 0.028125
0 0.625000 0.539062 0.031250 0.028125
0 0.545312 0.706250 0.028125 0.031250
0 0.279687 0.639062 0.028125 0.028125
0 0.253125 0.032813 0.031250 0.028125
0 0.476562 0.143750 0.028125 0.031250
0 0.692187 0.395313 0.028125 0.028125
0 0.573438 0.145313 0.028125 0.028125
0 0.492188 0.282813 0.028125 0.028125
0 0.931250 0.148438 0.031250 0.028125
0 0.382812 0.751563 0.028125 0.028125
0 0.512500 0.567187 0.031250 0.028125
0 0.400000 0.060937 0.031250 0.028125
0 0.059375 0.031250 0.031250 0.031250
0 0.364063 0.614062 0.028125 0.028125
0 0.348438 0.310937 0.028125 0.028125
0 0.914062 0.639062 0.028125 0.028125
0 0.626563 0.698438 0.028125 0.028125
0 0.220312 0.917188 0.028125 0.028125
0 0.882812 0.173437 0.028125 0.028125
0 0.496875 0.834375 0.031250 0.031250
0 0.865625 0.971875 0.031250 0.031250
0 0.090625 0.031250 0.031250 0.031250
0 0.487500 0.395313 0.031250 0.028125
0 0.764062 0.914062 0.028125 0.028125
0 0.671875 0.479687 0.031250 0.028125
0 0.779687 0.745313 0.028125 0.028125
0 0.060937 0.976562 0.028125 0.028125
0 0.039062 0.392188 0.028125 0.028125
0 0.300000 0.057813 0.031250 0.028125
0 0.406250 0.439063 0.031250 0.034375
0 0.331250 0.393750 0.031250 0.031250
0 0.026562 0.028125 0.034375 0.031250
0 0.381250 0.032813 0.031250 0.028125
0 0.831250 0.643750 0.031250 0.031250
0 0.092188 0.976562 0.028125 0.028125
0 0.346875 0.420312 0.031250 0.028125
0 0.823438 0.670312 0.028125 0.028125
0 0.153125 0.031250 0.031250 0.031250
0 0.964063 0.481250 0.028125 0.031250
0 0.515625 0.528125 0.031250 0.031250
0 0.382812 0.526563 0.028125 0.028125
0 0.039062 0.279687 0.028125 0.028125
0 0.284375 0.031250 0.031250 0.031250
0 0.562500 0.626563 0.031250 0.028125
0 0.976562 0.231250 0.028125 0.031250
0 0.703125 0.367188 0.031250 0.028125
0 0.532813 0.620313 0.028125 0.028125
0 0.450000 0.590625 0.031250 0.031250
0 0.776563 0.970313 0.028125 0.028125
0 0.784375 0.285938 0.031250 0.028125
0 0.784375 0.598437 0.031250 0.028125
0 0.978125 0.851562 0.031250 0.028125
0 0.964063 0.914062 0.028125 0.028125
0 0.104688 0.337500 0.028125 0.031250
0 0.606250 0.479687 0.031250 0.028125
0 0.445312 0.143750 0.028125 0.031250
0 0.642188 0.814063 0.028125 0.028125
0 0.398438 0.498437 0.028125 0.028125
0 0.826562 0.517188 0.028125 0.028125
0 0.690625 0.609375 0.031250 0.031250
0 0.492188 0.170313 0.028125 0.028125
0 0.545312 0.470313 0.028125 0.028125
0 0.785937 0.939063 0.028125 0.028125
0 0.685937 0.451562 0.028125 0.028125
0 0.864062 0.423438 0.028125 0.028125
0 0.785937 0.714063 0.028125 0.028125
0 0.614062 0.642188 0.028125 0.028125
0 0.367188 0.501563 0.028125 0.028125
0 0.564063 0.729688 0.028125 0.028125
0 0.840625 0.617188 0.031250 0.028125
0 0.300000 0.393750 0.031250 0.031250
0 0.498437 0.660937 0.028125 0.028125
0 0.898438 0.314063 0.028125 0.028125
0 0.185938 0.087500 0.028125 0.031250
0 0.621875 0.509375 0.031250 0.031250
0 0.607812 0.857812 0.028125 0.028125
0 0.721875 0.595313 0.031250 0.028125
0 0.978125 0.118750 0.031250 0.031250
0 0.762500 0.496875 0.031250 0.031250
0 0.743750 0.970313 0.031250 0.034375
0 0.364063 0.393750 0.028125 0.031250
0 0.220312 0.032813 0.028125 0.028125
0 0.492188 0.504687 0.028125 0.028125
0 0.746875 0.612500 0.031250 0.031250
0 0.121875 0.031250 0.031250 0.031250
0 0.540625 0.550000 0.031250 0.031250
0 0.318750 0.032813 0.031250 0.028125
0 0.976562 0.340625 0.028125 0.031250
0 0.593750 0.718750 0.031250 0.031250
0 0.526563 0.651563 0.028125 0.028125
0 0.795312 0.517188 0.028125 0.028125
0 0.414062 0.031250 0.028125 0.031250
0 0.946875 0.175000 0.031250 0.031250
0 0.481250 0.578125 0.031250 0.031250
0 0.568750 0.448437 0.031250 0.028125
0 0.189062 0.031250 0.028125 0.031250
0 0.592187 0.618750 0.028125 0.031250
0 0.440625 0.650000 0.031250 0.031250
0 0.217188 0.085938 0.028125 0.028125
0 0.962500 0.798438 0.031250 0.028125
0 0.975000 0.284375 0.031250 0.031250
0 0.601562 0.410938 0.028125 0.028125
0 0.267188 0.445312 0.028125 0.028125
0 0.562500 0.528125 0.031250 0.031250
0 0.189062 0.920312 0.028125 0.028125
0 0.654687 0.539062 0.028125 0.028125
0 0.706250 0.478125 0.031250 0.031250
0 0.864062 0.592187 0.028125 0.028125
0 0.601562 0.670312 0.028125 0.028125
0 0.979688 0.704688 0.028125 0.028125
0 0.623437 0.728125 0.028125 0.031250
0 0.870313 0.714063 0.028125 0.028125
0 0.457813 0.556250 0.028125 0.031250
0 0.656250 0.510938 0.031250 0.028125
0 0.596875 0.440625 0.031250 0.031250
0 0.639062 0.145313 0.028125 0.028125
0 0.568750 0.593750 0.031250 0.031250
0 0.817187 0.567187 0.028125 0.028125
0 0.425000 0.559375 0.031250 0.031250
0 0.784375 0.567187 0.031250 0.028125
0 0.792188 0.685937 0.028125 0.028125
0 0.732812 0.706250 0.028125 0.031250
0 0.979688 0.064062 0.028125 0.028125
0 0.639062 0.482812 0.028125 0.028125
0 0.625000 0.393750 0.031250 0.031250
0 0.484375 0.534375 0.031250 0.031250
0 0.732812 0.565625 0.028125 0.031250
0 0.851562 0.564063 0.028125 0.028125
0 0.026562 0.978125 0.028125 0.025000
0 0.920312 0.726562 0.028125 0.028125
0 0.551562 0.503125 0.028125 0.031250
0 0.685937 0.507812 0.028125 0.028125
0 0.978125 0.453125 0.031250 0.031250
0 0.756250 0.584375 0.031250 0.031250
0 0.626563 0.456250 0.028125 0.031250
0 0.765625 0.531250 0.031250 0.031250
