0 0.721875 0.078125 0.031250 0.031250
0 0.240625 0.125000 0.031250 0.031250
0 0.325000 0.109375 0.031250 0.031250
0 0.456250 0.895312 0.031250 0.028125
0 0.725000 0.046875 0.031250 0.031250
0 0.690625 0.854688 0.031250 0.034375
0 0.731250 0.171875 0.031250 0.031250
0 0.060937 0.284375 0.028125 0.031250
0 0.385937 0.804688 0.028125 0.028125
0 0.148438 0.365625 0.028125 0.031250
0 0.725000 0.234375 0.031250 0.031250
0 0.409375 0.753125 0.031250 0.031250
0 0.787500 0.559375 0.031250 0.031250
0 0.693750 0.065625 0.031250 0.031250
0 0.520312 0.926562 0.028125 0.028125
0 0.450000 0.865625 0.031250 0.031250
0 0.098437 0.064062 0.028125 0.028125
0 0.548438 0.939063 0.028125 0.028125
0 0.687500 0.753125 0.031250 0.031250
0 0.731250 0.392188 0.031250 0.028125
0 0.753125 0.882812 0.031250 0.028125
0 0.678125 0.393750 0.031250 0.031250
0 0.495312 0.048438 0.028125 0.028125
0 0.382812 0.048438 0.028125 0.028125
0 0.706250 0.696875 0.031250 0.031250
0 0.784375 0.604688 0.031250 0.028125
0 0.479687 0.846875 0.028125 0.031250
0 0.190625 0.831250 0.031250 0.031250
0 0.121875 0.425000 0.031250 0.031250
0 0.759375 0.220312 0.031250 0.028125
0 0.240625 0.059375 0.031250 0.031250
0 0.245312 0.898438 0.028125 0.028125
0 0.143750 0.145313 0.031250 0.028125
0 0.660937 0.114062 0.028125 0.028125
0 0.571875 0.889062 0.031250 0.028125
0 0.751563 0.815625 0.034375 0.031250
0 0.729688 0.360938 0.028125 0.028125
0 0.760938 0.251563 0.028125 0.028125
0 0.440625 0.800000 0.031250 0.031250
0 0.740625 0.753125 0.031250 0.031250
0 0.657813 0.765625 0.028125 0.031250
0 0.721875 0.832812 0.031250 0.028125
0 0.523438 0.956250 0.028125 0.031250
0 0.634375 0.945312 0.031250 0.028125
0 0.065625 0.064062 0.031250 0.028125
0 0.189062 0.865625 0.028125 0.031250
0 0.553125 0.081250 0.031250 0.031250
0 0.307812 0.892188 0.028125 0.028125
0 0.815625 0.581250 0.031250 0.031250
0 0.268750 0.043750 0.031250 0.031250
0 0.690625 0.096875 0.031250 0.031250
0 0.029687 0.229687 0.028125 0.028125
0 0.815625 0.659375 0.031250 0.031250
0 0.145313 0.090625 0.028125 0.031250
0 0.484375 0.878125 0.031250 0.031250
0 0.329688 0.807813 0.028125 0.028125
0 0.159375 0.842187 0.031250 0.028125
0 0.401562 0.932813 0.028125 0.028125
0 0.732812 0.201563 0.028125 0.028125
0 0.750000 0.090625 0.031250 0.031250
0 0.332813 0.840625 0.028125 0.031250
0 0.354687 0.126562 0.028125 0.028125
0 0.492188 0.945312 0.028125 0.028125
0 0.417187 0.851562 0.028125 0.028125
0 0.703125 0.375000 0.031250 0.031250
0 0.323437 0.740625 0.028125 0.031250
0 0.759375 0.284375 0.031250 0.031250
0 0.271875 0.206250 0.031250 0.031250
0 0.535937 0.843750 0.028125 0.031250
0 0.687500 0.787500 0.031250 0.031250
0 0.362500 0.854688 0.031250 0.028125
0 0.123438 0.735938 0.028125 0.028125
0 0.760938 0.154688 0.028125 0.028125
0 0.703125 0.187500 0.031250 0.031250
0 0.545312 0.904687 0.028125 0.028125
0 0.268750 0.106250 0.031250 0.031250
0 0.382812 0.770312 0.028125 0.028125
0 0.298438 0.157812 0.028125 0.028125
0 0.298438 0.059375 0.028125 0.031250
0 0.178125 0.146875 0.031250 0.031250
0 0.510938 0.860938 0.028125 0.028125
0 0.414062 0.064062 0.028125 0.028125
0 0.731250 0.525000 0.031250 0.031250
0 0.506250 0.828125 0.031250 0.031250
0 0.729688 0.265625 0.028125 0.031250
0 0.470313 0.815625 0.028125 0.031250
0 0.775000 0.115625 0.031250 0.031250
0 0.628125 0.717187 0.031250 0.028125
0 0.081250 0.090625 0.031250 0.031250
0 0.551562 0.048438 0.028125 0.028125
0 0.657813 0.734375 0.028125 0.031250
0 0.789062 0.300000 0.028125 0.031250
0 0.520312 0.748437 0.028125 0.028125
0 0.687500 0.720313 0.031250 0.028125
0 0.756250 0.315625 0.031250 0.031250
0 0.657813 0.703125 0.028125 0.031250
0 0.734375 0.643750 0.031250 0.031250
0 0.276562 0.846875 0.028125 0.031250
0 0.273438 0.910937 0.028125 0.028125
0 0.760938 0.659375 0.028125 0.031250
0 0.048438 0.090625 0.028125 0.031250
0 0.268750 0.075000 0.031250 0.031250
0 0.787500 0.365625 0.031250 0.031250
0 0.045312 0.425000 0.028125 0.031250
0 0.789062 0.206250 0.028125 0.031250
0 0.143750 0.204687 0.031250 0.028125
0 0.696875 0.343750 0.031250 0.031250
0 0.818750 0.284375 0.031250 0.031250
0 0.756250 0.059375 0.031250 0.031250
0 0.495312 0.079687 0.028125 0.028125
0 0.785937 0.462500 0.028125 0.031250
0 0.034375 0.881250 0.031250 0.031250
0 0.051562 0.932813 0.028125 0.028125
0 0.690625 0.821875 0.031250 0.031250
0 0.609375 0.964063 0.031250 0.028125
0 0.057813 0.454688 0.028125 0.028125
0 0.039062 0.543750 0.028125 0.031250
0 0.789062 0.173437 0.028125 0.028125
0 0.460938 0.929688 0.028125 0.028125
0 0.698438 0.948438 0.028125 0.028125
0 0.337500 0.873437 0.031250 0.028125
0 0.737500 0.600000 0.031250 0.031250
0 0.050000 0.817187 0.031250 0.028125
0 0.550000 0.112500 0.031250 0.031250
0 0.029687 0.284375 0.028125 0.031250
0 0.625000 0.846875 0.031250 0.031250
0 0.187500 0.190625 0.031250 0.031250
0 0.029687 0.395313 0.028125 0.028125
0 0.579688 0.950000 0.028125 0.031250
0 0.751563 0.850000 0.028125 0.031250
0 0.248438 0.867188 0.028125 0.028125
0 0.076563 0.692187 0.028125 0.028125
0 0.439063 0.048438 0.028125 0.028125
0 0.760938 0.542188 0.028125 0.028125
0 0.664062 0.050000 0.028125 0.031250
0 0.662500 0.829688 0.031250 0.028125
0 0.146875 0.500000 0.031250 0.031250
0 0.789062 0.235937 0.028125 0.028125
0 0.512500 0.892188 0.031250 0.028125
0 0.142187 0.904687 0.028125 0.028125
0 0.081250 0.807813 0.031250 0.028125
0 0.626563 0.879687 0.028125 0.028125
0 0.523438 0.032813 0.028125 0.028125
0 0.095312 0.285938 0.028125 0.028125
0 0.034375 0.064062 0.031250 0.028125
0 0.082812 0.923438 0.028125 0.028125
0 0.410938 0.095312 0.028125 0.028125
0 0.662500 0.365625 0.031250 0.031250
0 0.089063 0.892188 0.028125 0.028125
0 0.676562 0.650000 0.028125 0.031250
0 0.665625 0.925000 0.031250 0.031250
0 0.787500 0.396875 0.031250 0.031250
0 0.540625 0.875000 0.031250 0.031250
0 0.732812 0.492188 0.028125 0.028125
0 0.181250 0.034375 0.031250 0.031250
0 0.660937 0.081250 0.028125 0.031250
0 0.662500 0.178125 0.031250 0.031250
0 0.696875 0.309375 0.031250 0.031250
0 0.551562 0.970313 0.028125 0.028125
0 0.465625 0.032813 0.031250 0.028125
0 0.629687 0.748437 0.028125 0.028125
0 0.595313 0.800000 0.040625 0.037500
0 0.148438 0.034375 0.028125 0.031250
0 0.784375 0.901563 0.031250 0.028125
0 0.707812 0.664062 0.028125 0.028125
0 0.246875 0.834375 0.031250 0.031250
0 0.604688 0.932813 0.028125 0.028125
0 0.579688 0.065625 0.028125 0.031250
0 0.064062 0.525000 0.028125 0.031250
0 0.579688 0.128125 0.028125 0.031250
0 0.573438 0.920312 0.028125 0.028125
0 0.657813 0.798438 0.028125 0.028125
0 0.101562 0.714063 0.028125 0.028125
0 0.028125 0.340625 0.031250 0.031250
0 0.353125 0.754687 0.031250 0.028125
0 0.789062 0.268750 0.028125 0.031250
0 0.139063 0.935937 0.028125 0.028125
0 0.726562 0.328125 0.028125 0.031250
0 0.126562 0.851562 0.028125 0.028125
0 0.073438 0.839063 0.028125 0.028125
0 0.384375 0.079687 0.031250 0.028125
0 0.098437 0.860938 0.028125 0.028125
0 0.531250 0.812500 0.031250 0.031250
0 0.762500 0.581250 0.031250 0.031250
0 0.623437 0.518750 0.028125 0.031250
0 0.107813 0.682813 0.028125 0.028125
0 0.790625 0.143750 0.031250 0.031250
0 0.120313 0.515625 0.028125 0.031250
0 0.523438 0.126562 0.028125 0.028125
0 0.695312 0.250000 0.028125 0.031250
0 0.395313 0.900000 0.028125 0.031250
0 0.734375 0.712500 0.031250 0.031250
0 0.112500 0.093750 0.031250 0.031250
0 0.351562 0.382812 0.028125 0.028125
0 0.723437 0.867188 0.028125 0.028125
0 0.734375 0.676562 0.031250 0.028125
0 0.154688 0.400000 0.028125 0.031250
0 0.095312 0.229687 0.028125 0.028125
0 0.634375 0.096875 0.031250 0.031250
0 0.760938 0.507812 0.028125 0.028125
0 0.268750 0.173437 0.031250 0.028125
0 0.128125 0.175000 0.031250 0.031250
0 0.276562 0.814063 0.028125 0.028125
0 0.126562 0.581250 0.028125 0.031250
0 0.079687 0.257812 0.028125 0.028125
0 0.784375 0.868750 0.031250 0.031250
0 0.573438 0.717187 0.028125 0.028125
0 0.242188 0.157812 0.028125 0.028125
0 0.326562 0.270313 0.028125 0.028125
0 0.423438 0.882812 0.028125 0.028125
0 0.129688 0.117188 0.028125 0.028125
0 0.339062 0.907813 0.028125 0.028125
0 0.410938 0.785937 0.028125 0.028125
0 0.356250 0.790625 0.031250 0.031250
0 0.067187 0.870313 0.028125 0.028125
0 0.064062 0.175000 0.028125 0.031250
0 0.123438 0.342187 0.028125 0.028125
0 0.468750 0.064062 0.031250 0.028125
0 0.132812 0.064062 0.028125 0.028125
0 0.410938 0.032813 0.028125 0.028125
0 0.220312 0.848437 0.028125 0.028125
0 0.687500 0.887500 0.031250 0.031250
0 0.790625 0.526563 0.031250 0.028125
0 0.304688 0.826562 0.028125 0.028125
0 0.059375 0.339062 0.031250 0.028125
0 0.123438 0.545312 0.028125 0.028125
0 0.676562 0.457813 0.028125 0.028125
0 0.357812 0.823438 0.028125 0.028125
0 0.214062 0.142187 0.028125 0.028125
0 0.076563 0.310937 0.028125 0.028125
0 0.104688 0.829688 0.028125 0.028125
0 0.523438 0.064062 0.028125 0.028125
0 0.759375 0.185938 0.031250 0.028125
0 0.787500 0.709375 0.031250 0.031250
0 0.100000 0.975000 0.031250 0.031250
0 0.329688 0.775000 0.028125 0.031250
0 0.078125 0.425000 0.031250 0.031250
0 0.743750 0.128125 0.031250 0.031250
0 0.676562 0.551562 0.028125 0.028125
0 0.046875 0.203125 0.031250 0.031250
0 0.489063 0.910937 0.028125 0.028125
0 0.632812 0.910937 0.028125 0.028125
0 0.623437 0.551562 0.028125 0.028125
0 0.523438 0.096875 0.028125 0.031250
0 0.439063 0.079687 0.028125 0.028125
0 0.125000 0.615625 0.031250 0.031250
0 0.789062 0.331250 0.028125 0.031250
0 0.601562 0.732812 0.028125 0.028125
0 0.110937 0.145313 0.028125 0.028125
0 0.298438 0.123438 0.028125 0.028125
0 0.214062 0.175000 0.028125 0.031250
0 0.110937 0.201563 0.028125 0.028125
0 0.321875 0.706250 0.031250 0.031250
0 0.243750 0.090625 0.031250 0.031250
0 0.607812 0.079687 0.028125 0.028125
0 0.465625 0.095312 0.031250 0.028125
0 0.756250 0.028125 0.031250 0.031250
0 0.462500 0.718750 0.031250 0.031250
0 0.325000 0.142187 0.031250 0.028125
0 0.723437 0.898438 0.028125 0.028125
0 0.651563 0.664062 0.028125 0.028125
0 0.692187 0.034375 0.028125 0.031250
0 0.789062 0.675000 0.028125 0.031250
0 0.815625 0.546875 0.031250 0.031250
0 0.084375 0.475000 0.031250 0.031250
0 0.160938 0.118750 0.028125 0.031250
0 0.650000 0.409375 0.031250 0.031250
0 0.087500 0.659375 0.031250 0.031250
0 0.492188 0.114062 0.028125 0.028125
0 0.298438 0.193750 0.028125 0.031250
0 0.084375 0.034375 0.031250 0.031250
0 0.429688 0.914062 0.028125 0.028125
0 0.726562 0.931250 0.028125 0.031250
0 0.351562 0.721875 0.028125 0.031250
0 0.210938 0.239063 0.028125 0.028125
0 0.464062 0.960938 0.028125 0.028125
0 0.676562 0.489063 0.028125 0.028125
0 0.115625 0.481250 0.031250 0.031250
0 0.410938 0.126562 0.028125 0.028125
0 0.159375 0.175000 0.031250 0.031250
0 0.212500 0.037500 0.031250 0.031250
0 0.300000 0.792188 0.031250 0.028125
0 0.442188 0.834375 0.028125 0.031250
0 0.093750 0.534375 0.031250 0.031250
0 0.626563 0.684375 0.028125 0.031250
0 0.550000 0.143750 0.031250 0.031250
0 0.220312 0.820312 0.028125 0.028125
0 0.665625 0.209375 0.031250 0.031250
0 0.734375 0.457813 0.031250 0.028125
0 0.129688 0.454688 0.028125 0.028125
0 0.434375 0.735938 0.031250 0.028125
0 0.579688 0.223438 0.028125 0.028125
0 0.379688 0.400000 0.028125 0.031250
0 0.653125 0.860938 0.031250 0.028125
0 0.759375 0.625000 0.031250 0.031250
0 0.328125 0.078125 0.031250 0.031250
0 0.242188 0.221875 0.028125 0.031250
0 0.139063 0.673438 0.028125 0.028125
0 0.760938 0.728125 0.028125 0.031250
0 0.304688 0.925000 0.028125 0.031250
0 0.784375 0.932813 0.031250 0.028125
0 0.198437 0.907813 0.028125 0.028125
0 0.217188 0.882812 0.028125 0.028125
0 0.184375 0.220312 0.031250 0.028125
0 0.760938 0.442188 0.028125 0.028125
0 0.154688 0.726562 0.028125 0.028125
0 0.151562 0.870313 0.028125 0.028125
0 0.379688 0.737500 0.028125 0.031250
0 0.660937 0.143750 0.028125 0.031250
0 0.076563 0.368750 0.028125 0.031250
0 0.075000 0.954688 0.031250 0.028125
0 0.635938 0.067187 0.028125 0.028125
0 0.029687 0.910937 0.028125 0.028125
0 0.045312 0.257812 0.028125 0.028125
0 0.354687 0.093750 0.028125 0.031250
0 0.223438 0.789062 0.028125 0.028125
0 0.126562 0.392188 0.028125 0.028125
0 0.635938 0.034375 0.028125 0.031250
0 0.278125 0.879687 0.031250 0.028125
0 0.195312 0.064062 0.028125 0.028125
0 0.042188 0.848437 0.028125 0.028125
0 0.576562 0.750000 0.028125 0.031250
0 0.646875 0.471875 0.031250 0.031250
0 0.325000 0.240625 0.031250 0.031250
0 0.307812 0.860938 0.028125 0.028125
0 0.609375 0.112500 0.031250 0.031250
0 0.704688 0.507812 0.028125 0.028125
0 0.607812 0.239063 0.028125 0.028125
0 0.170313 0.779687 0.028125 0.028125
0 0.076563 0.201563 0.028125 0.028125
0 0.789062 0.429688 0.028125 0.028125
0 0.579688 0.034375 0.028125 0.031250
0 0.545312 0.732812 0.028125 0.028125
0 0.414062 0.817187 0.028125 0.028125
0 0.109375 0.945312 0.031250 0.028125
0 0.785937 0.743750 0.028125 0.031250
0 0.270313 0.140625 0.028125 0.031250
0 0.050000 0.576562 0.031250 0.028125
0 0.442188 0.110937 0.028125 0.028125
0 0.639062 0.976562 0.028125 0.028125
0 0.465625 0.782813 0.031250 0.028125
0 0.298438 0.092188 0.028125 0.028125
0 0.517188 0.717187 0.028125 0.028125
0 0.092188 0.628125 0.028125 0.031250
0 0.717187 0.800000 0.028125 0.031250
0 0.095312 0.117188 0.028125 0.028125
0 0.606250 0.332813 0.031250 0.028125
0 0.714063 0.768750 0.028125 0.031250
0 0.112500 0.798438 0.025000 0.028125
0 0.050000 0.034375 0.031250 0.031250
0 0.550000 0.239063 0.031250 0.028125
0 0.651563 0.601562 0.028125 0.028125
0 0.043750 0.370312 0.031250 0.028125
0 0.656250 0.890625 0.031250 0.031250
0 0.565625 0.856250 0.031250 0.031250
0 0.579688 0.096875 0.028125 0.031250
0 0.635938 0.317188 0.028125 0.028125
0 0.165625 0.956250 0.031250 0.031250
0 0.492188 0.145313 0.028125 0.028125
0 0.743750 0.787500 0.031250 0.031250
0 0.557813 0.792188 0.028125 0.028125
0 0.665625 0.956250 0.031250 0.031250
0 0.432812 0.701562 0.028125 0.028125
0 0.818750 0.253125 0.031250 0.031250
0 0.379688 0.367188 0.028125 0.028125
0 0.045312 0.964063 0.028125 0.028125
0 0.635938 0.223438 0.028125 0.028125
0 0.214062 0.206250 0.028125 0.031250
0 0.679688 0.681250 0.028125 0.031250
0 0.317188 0.673438 0.028125 0.028125
0 0.154688 0.432812 0.028125 0.028125
0 0.596875 0.870313 0.031250 0.028125
0 0.354687 0.032813 0.028125 0.028125
0 0.060937 0.395313 0.028125 0.028125
0 0.289062 0.687500 0.028125 0.031250
0 0.487500 0.701562 0.031250 0.028125
0 0.818750 0.348438 0.031250 0.034375
0 0.629687 0.779687 0.028125 0.028125
0 0.148438 0.757812 0.028125 0.028125
0 0.760938 0.410938 0.028125 0.028125
0 0.781250 0.965625 0.031250 0.031250
0 0.406250 0.720313 0.031250 0.028125
0 0.523438 0.781250 0.028125 0.031250
0 0.676562 0.520312 0.028125 0.028125
0 0.492188 0.176563 0.028125 0.028125
0 0.665625 0.332813 0.031250 0.028125
0 0.790625 0.495312 0.031250 0.028125
0 0.025000 0.451562 0.031250 0.028125
0 0.492188 0.765625 0.028125 0.031250
0 0.548438 0.764062 0.028125 0.028125
0 0.635938 0.382812 0.028125 0.028125
0 0.164062 0.695312 0.028125 0.028125
0 0.818750 0.478125 0.031250 0.031250
0 0.523438 0.159375 0.028125 0.031250
0 0.060937 0.639062 0.028125 0.028125
0 0.407813 0.382812 0.028125 0.028125
0 0.714063 0.737500 0.028125 0.031250
0 0.407813 0.417187 0.028125 0.028125
0 0.379688 0.435937 0.028125 0.028125
0 0.407813 0.481250 0.028125 0.031250
0 0.781250 0.837500 0.031250 0.031250
0 0.092188 0.395313 0.028125 0.028125
0 0.818750 0.381250 0.031250 0.031250
0 0.132812 0.701562 0.028125 0.028125
0 0.495312 0.798438 0.028125 0.028125
0 0.464062 0.748437 0.028125 0.028125
0 0.268750 0.268750 0.031250 0.031250
0 0.434375 0.401562 0.031250 0.028125
0 0.120313 0.882812 0.028125 0.028125
0 0.164062 0.810937 0.028125 0.028125
0 0.593750 0.506250 0.031250 0.031250
0 0.629687 0.815625 0.028125 0.031250
0 0.634375 0.128125 0.031250 0.031250
0 0.067187 0.606250 0.028125 0.031250
0 0.601562 0.764062 0.028125 0.028125
0 0.325000 0.043750 0.031250 0.031250
0 0.818750 0.315625 0.031250 0.031250
0 0.070312 0.554688 0.028125 0.028125
0 0.787500 0.087500 0.031250 0.031250
0 0.706250 0.632812 0.031250 0.028125
0 0.679688 0.585938 0.028125 0.028125
0 0.818750 0.412500 0.031250 0.031250
0 0.057813 0.901563 0.028125 0.028125
0 0.734375 0.428125 0.031250 0.031250
0 0.157812 0.467187 0.028125 0.028125
0 0.021875 0.940625 0.031250 0.031250
0 0.704688 0.443750 0.028125 0.031250
0 0.601562 0.698438 0.028125 0.028125
0 0.117188 0.650000 0.028125 0.031250
0 0.623437 0.585938 0.028125 0.028125
0 0.270313 0.778125 0.028125 0.031250
0 0.818750 0.159375 0.031250 0.031250
0 0.110937 0.310937 0.028125 0.028125
0 0.701562 0.279687 0.028125 0.028125
0 0.759375 0.350000 0.031250 0.031250
0 0.735938 0.562500 0.028125 0.031250
0 0.760938 0.476562 0.028125 0.028125
0 0.439063 0.768750 0.028125 0.031250
0 0.057813 0.785937 0.028125 0.028125
0 0.818750 0.190625 0.031250 0.031250
0 0.607812 0.301563 0.028125 0.028125
0 0.179688 0.545312 0.028125 0.028125
0 0.018750 0.034375 0.031250 0.031250
0 0.704688 0.409375 0.028125 0.031250
0 0.551562 0.207813 0.028125 0.028125
0 0.382812 0.142187 0.028125 0.028125
0 0.176563 0.746875 0.028125 0.031250
0 0.170313 0.923438 0.028125 0.028125
0 0.604688 0.206250 0.028125 0.031250
0 0.706250 0.601562 0.031250 0.028125
0 0.089063 0.503125 0.028125 0.031250
0 0.351562 0.254688 0.028125 0.028125
0 0.092188 0.339062 0.028125 0.028125
0 0.607812 0.143750 0.028125 0.031250
0 0.151562 0.531250 0.028125 0.031250
0 0.818750 0.512500 0.031250 0.031250
0 0.818750 0.221875 0.031250 0.031250
0 0.623437 0.487500 0.028125 0.031250
0 0.648438 0.570312 0.028125 0.028125
0 0.650000 0.535937 0.031250 0.028125
0 0.578125 0.190625 0.031250 0.031250
0 0.706250 0.570312 0.031250 0.028125
0 0.632812 0.160938 0.028125 0.028125
0 0.210938 0.400000 0.028125 0.031250
0 0.432812 0.946875 0.028125 0.031250
0 0.195312 0.798438 0.028125 0.028125
0 0.665625 0.303125 0.031250 0.031250
0 0.182812 0.317188 0.028125 0.028125
0 0.242188 0.190625 0.028125 0.031250
0 0.098437 0.565625 0.028125 0.031250
0 0.229687 0.681250 0.028125 0.031250
0 0.598437 0.667188 0.028125 0.028125
0 0.607812 0.270313 0.028125 0.028125
0 0.579688 0.254688 0.028125 0.028125
0 0.775000 0.771875 0.031250 0.031250
0 0.704688 0.539062 0.028125 0.028125
0 0.142187 0.789062 0.028125 0.028125
0 0.351562 0.417187 0.028125 0.028125
0 0.298438 0.760938 0.028125 0.028125
0 0.064062 0.118750 0.028125 0.031250
0 0.543750 0.700000 0.031250 0.031250
0 0.706250 0.473438 0.031250 0.028125
0 0.550000 0.175000 0.031250 0.031250
0 0.048438 0.145313 0.028125 0.028125
0 0.364063 0.885938 0.028125 0.028125
0 0.126562 0.231250 0.028125 0.031250
0 0.760938 0.692187 0.028125 0.028125
0 0.790625 0.635938 0.031250 0.028125
0 0.060937 0.228125 0.028125 0.031250
0 0.115625 0.034375 0.031250 0.031250
0 0.409375 0.159375 0.031250 0.031250
0 0.718750 0.142187 0.031250 0.028125
0 0.182812 0.384375 0.028125 0.031250
0 0.200000 0.765625 0.031250 0.031250
0 0.268750 0.301563 0.031250 0.028125
0 0.096875 0.446875 0.031250 0.031250
0 0.754687 0.948438 0.028125 0.028125
0 0.137500 0.975000 0.031250 0.031250
0 0.268750 0.237500 0.031250 0.031250
0 0.379688 0.335938 0.028125 0.028125
0 0.107813 0.367188 0.028125 0.028125
0 0.729688 0.296875 0.028125 0.031250
0 0.170313 0.892188 0.028125 0.028125
0 0.096875 0.595313 0.031250 0.028125
0 0.242188 0.284375 0.028125 0.031250
0 0.081250 0.148438 0.031250 0.028125
0 0.579688 0.160938 0.028125 0.028125
0 0.242188 0.254688 0.028125 0.028125
0 0.648438 0.440625 0.028125 0.031250
0 0.601562 0.901563 0.028125 0.028125
0 0.032813 0.512500 0.028125 0.031250
0 0.112500 0.914062 0.031250 0.028125
0 0.323437 0.367188 0.028125 0.028125
0 0.182812 0.351562 0.028125 0.028125
0 0.564063 0.823438 0.028125 0.028125
0 0.495312 0.976562 0.028125 0.028125
0 0.695312 0.218750 0.028125 0.031250
0 0.370312 0.921875 0.028125 0.031250
0 0.192188 0.120313 0.028125 0.028125
0 0.782813 0.803125 0.028125 0.031250
0 0.495312 0.018750 0.028125 0.031250
0 0.195312 0.685937 0.028125 0.028125
0 0.593750 0.840625 0.031250 0.031250
0 0.689063 0.159375 0.028125 0.031250
0 0.489063 0.732812 0.028125 0.028125
0 0.057813 0.493750 0.028125 0.031250
0 0.165625 0.064062 0.031250 0.028125
0 0.435937 0.432812 0.028125 0.028125
0 0.298438 0.223438 0.028125 0.028125
0 0.154688 0.332813 0.028125 0.028125
0 0.378125 0.496875 0.031250 0.031250
0 0.054688 0.670312 0.028125 0.028125
0 0.381250 0.303125 0.031250 0.031250
0 0.728125 0.964063 0.031250 0.028125
0 0.182812 0.446875 0.028125 0.031250
0 0.323437 0.401562 0.028125 0.028125
0 0.389062 0.835938 0.028125 0.028125
0 0.151562 0.560937 0.028125 0.028125
0 0.665625 0.018750 0.031250 0.031250
0 0.609375 0.365625 0.031250 0.031250
0 0.753125 0.915625 0.031250 0.031250
0 0.493750 0.364063 0.031250 0.028125
0 0.607812 0.176563 0.028125 0.028125
0 0.248438 0.801562 0.028125 0.028125
0 0.650000 0.504687 0.031250 0.028125
0 0.134375 0.817187 0.025000 0.028125
0 0.382812 0.110937 0.028125 0.028125
0 0.439063 0.017188 0.028125 0.028125
0 0.467187 0.190625 0.028125 0.031250
0 0.553125 0.018750 0.031250 0.031250
0 0.029687 0.173437 0.028125 0.028125
0 0.562500 0.456250 0.031250 0.031250
0 0.182812 0.415625 0.028125 0.031250
0 0.492188 0.398438 0.028125 0.028125
0 0.814063 0.821875 0.034375 0.031250
0 0.210938 0.270313 0.028125 0.028125
0 0.325000 0.175000 0.031250 0.031250
0 0.551562 0.270313 0.028125 0.028125
0 0.298438 0.253125 0.028125 0.031250
0 0.034375 0.767188 0.031250 0.028125
0 0.378125 0.704688 0.031250 0.028125
0 0.720313 0.110937 0.028125 0.028125
0 0.690625 0.128125 0.031250 0.031250
0 0.259375 0.667188 0.031250 0.028125
0 0.378125 0.464062 0.025000 0.028125
0 0.493750 0.332813 0.031250 0.028125
0 0.243750 0.760938 0.031250 0.028125
0 0.464062 0.414062 0.028125 0.028125
0 0.159375 0.615625 0.031250 0.031250
0 0.818750 0.446875 0.031250 0.031250
0 0.515625 0.684375 0.031250 0.031250
0 0.760938 0.379688 0.028125 0.028125
0 0.812500 0.856250 0.031250 0.031250
0 0.679688 0.617188 0.028125 0.028125
0 0.623437 0.648438 0.028125 0.028125
0 0.464062 0.382812 0.028125 0.028125
0 0.323437 0.432812 0.028125 0.028125
0 0.593750 0.475000 0.031250 0.031250
0 0.267188 0.335938 0.028125 0.028125
0 0.028125 0.481250 0.031250 0.031250
0 0.676562 0.426563 0.028125 0.028125
0 0.595313 0.539062 0.028125 0.028125
0 0.210938 0.301563 0.028125 0.028125
0 0.815625 0.693750 0.031250 0.031250
0 0.409375 0.221875 0.031250 0.031250
0 0.295312 0.384375 0.028125 0.031250
0 0.607812 0.050000 0.028125 0.031250
0 0.251563 0.932813 0.028125 0.028125
0 0.606250 0.018750 0.031250 0.031250
0 0.126562 0.284375 0.028125 0.031250
0 0.407813 0.448437 0.028125 0.028125
0 0.196875 0.940625 0.031250 0.031250
0 0.267188 0.398438 0.028125 0.028125
0 0.032813 0.118750 0.028125 0.031250
0 0.351562 0.351562 0.028125 0.028125
0 0.204687 0.657813 0.028125 0.028125
0 0.040625 0.735938 0.025000 0.028125
0 0.379688 0.270313 0.028125 0.028125
0 0.407813 0.351562 0.028125 0.028125
0 0.520312 0.192188 0.028125 0.028125
0 0.495312 0.429688 0.028125 0.028125
0 0.218750 0.709375 0.031250 0.031250
0 0.620313 0.426563 0.028125 0.028125
0 0.290625 0.656250 0.031250 0.031250
0 0.381250 0.017188 0.031250 0.028125
0 0.014063 0.201563 0.028125 0.028125
0 0.240625 0.028125 0.031250 0.031250
0 0.157812 0.235937 0.028125 0.028125
0 0.353125 0.285938 0.025000 0.028125
0 0.267188 0.532813 0.028125 0.028125
0 0.812500 0.950000 0.031250 0.031250
0 0.812500 0.759375 0.031250 0.031250
0 0.407813 0.320312 0.028125 0.028125
0 0.392188 0.867188 0.028125 0.028125
0 0.278125 0.946875 0.031250 0.031250
0 0.153125 0.301563 0.031250 0.028125
0 0.298438 0.029687 0.028125 0.028125
0 0.812500 0.887500 0.031250 0.031250
0 0.492188 0.207813 0.028125 0.028125
0 0.814063 0.790625 0.034375 0.031250
0 0.045312 0.314063 0.028125 0.028125
0 0.170313 0.664062 0.028125 0.028125
0 0.354687 0.157812 0.028125 0.028125
0 0.812500 0.918750 0.031250 0.031250
0 0.537500 0.475000 0.031250 0.031250
0 0.209375 0.093750 0.031250 0.031250
0 0.017188 0.089063 0.028125 0.028125
0 0.696875 0.915625 0.031250 0.031250
0 0.176563 0.092188 0.028125 0.028125
0 0.325000 0.206250 0.031250 0.031250
0 0.242188 0.317188 0.028125 0.028125
0 0.210938 0.432812 0.028125 0.028125
0 0.223438 0.923438 0.028125 0.028125
0 0.018750 0.828125 0.031250 0.031250
0 0.239063 0.384375 0.028125 0.031250
0 0.267188 0.368750 0.028125 0.031250
0 0.725000 0.017188 0.031250 0.028125
0 0.571875 0.685937 0.031250 0.028125
0 0.565625 0.489063 0.031250 0.028125
0 0.521875 0.225000 0.031250 0.031250
0 0.525000 0.445312 0.031250 0.028125
0 0.353125 0.060937 0.031250 0.028125
0 0.593750 0.443750 0.031250 0.031250
0 0.295312 0.415625 0.028125 0.025000
0 0.114062 0.257812 0.028125 0.028125
0 0.351562 0.451562 0.028125 0.028125
0 0.634375 0.192188 0.031250 0.028125
0 0.818750 0.131250 0.031250 0.031250
0 0.609375 0.396875 0.031250 0.031250
0 0.148438 0.643750 0.028125 0.031250
0 0.467187 0.126562 0.028125 0.028125
0 0.032813 0.650000 0.028125 0.031250
0 0.181250 0.515625 0.031250 0.031250
0 0.412500 0.190625 0.031250 0.031250
0 0.239063 0.415625 0.028125 0.025000
0 0.353125 0.223438 0.031250 0.028125
0 0.437500 0.303125 0.031250 0.031250
0 0.579688 0.285938 0.028125 0.028125
0 0.648438 0.632812 0.028125 0.028125
0 0.787500 0.056250 0.031250 0.031250
0 0.815625 0.617188 0.031250 0.034375
0 0.596875 0.634375 0.025000 0.025000
0 0.017188 0.146875 0.028125 0.031250
0 0.635938 0.348438 0.028125 0.028125
0 0.200000 0.625000 0.031250 0.031250
0 0.095312 0.176563 0.028125 0.028125
0 0.523438 0.348438 0.028125 0.028125
0 0.234375 0.650000 0.031250 0.031250
0 0.346875 0.690625 0.031250 0.031250
0 0.210938 0.564063 0.028125 0.028125
0 0.026562 0.795312 0.028125 0.028125
0 0.567187 0.518750 0.028125 0.031250
0 0.431250 0.671875 0.031250 0.031250
0 0.070312 0.726562 0.028125 0.028125
0 0.467187 0.317188 0.028125 0.028125
0 0.295312 0.285938 0.028125 0.028125
0 0.428125 0.540625 0.031250 0.031250
0 0.623437 0.617188 0.028125 0.028125
0 0.439063 0.207813 0.028125 0.028125
0 0.292187 0.515625 0.028125 0.031250
0 0.579688 0.348438 0.028125 0.028125
0 0.815625 0.726562 0.031250 0.028125
0 0.787500 0.021875 0.031250 0.031250
0 0.332813 0.939063 0.028125 0.028125
0 0.318750 0.640625 0.031250 0.031250
0 0.117188 0.767188 0.028125 0.028125
0 0.185938 0.717187 0.028125 0.028125
0 0.523438 0.410938 0.028125 0.028125
0 0.265625 0.500000 0.031250 0.031250
0 0.193750 0.971875 0.031250 0.031250
0 0.460938 0.684375 0.028125 0.031250
0 0.664062 0.239063 0.028125 0.028125
0 0.493750 0.301563 0.031250 0.028125
0 0.818750 0.100000 0.031250 0.031250
0 0.382812 0.239063 0.028125 0.028125
0 0.418750 0.512500 0.031250 0.031250
0 0.698438 0.978125 0.028125 0.031250
0 0.523438 0.379688 0.028125 0.028125
0 0.292187 0.720313 0.028125 0.028125
0 0.456250 0.557813 0.031250 0.028125
0 0.182812 0.484375 0.028125 0.031250
0 0.757812 0.978125 0.028125 0.031250
0 0.023438 0.685937 0.028125 0.028125
0 0.521875 0.318750 0.031250 0.031250
0 0.293750 0.550000 0.031250 0.031250
0 0.326562 0.017188 0.028125 0.028125
0 0.345313 0.623437 0.028125 0.028125
