0 0.920312 0.237500 0.034375 0.037500
0 0.917188 0.306250 0.028125 0.031250
0 0.910937 0.471875 0.028125 0.031250
0 0.767188 0.912500 0.028125 0.031250
0 0.767188 0.750000 0.028125 0.031250
0 0.309375 0.087500 0.031250 0.031250
0 0.567187 0.904687 0.028125 0.028125
0 0.532813 0.903125 0.028125 0.031250
0 0.862500 0.200000 0.031250 0.031250
0 0.945312 0.387500 0.028125 0.031250
0 0.846875 0.173437 0.031250 0.028125
0 0.325000 0.059375 0.031250 0.031250
0 0.181250 0.704688 0.031250 0.028125
0 0.729688 0.854688 0.028125 0.028125
0 0.131250 0.168750 0.031250 0.031250
0 0.921875 0.275000 0.031250 0.031250
0 0.068750 0.765625 0.031250 0.031250
0 0.495312 0.853125 0.028125 0.031250
0 0.228125 0.170313 0.031250 0.028125
0 0.815625 0.118750 0.031250 0.031250
0 0.554688 0.228125 0.028125 0.031250
0 0.496875 0.789062 0.031250 0.028125
0 0.889062 0.326562 0.028125 0.028125
0 0.815625 0.064062 0.031250 0.028125
0 0.245312 0.142187 0.028125 0.028125
0 0.048438 0.618750 0.028125 0.031250
0 0.668750 0.143750 0.031250 0.031250
0 0.801562 0.926562 0.028125 0.028125
0 0.407813 0.200000 0.028125 0.031250
0 0.129688 0.223438 0.028125 0.028125
0 0.885938 0.750000 0.028125 0.031250
0 0.804688 0.798438 0.028125 0.028125
0 0.851562 0.118750 0.028125 0.031250
0 0.779687 0.282813 0.028125 0.028125
0 0.182812 0.867188 0.028125 0.028125
0 0.801562 0.832812 0.028125 0.028125
0 0.115625 0.142187 0.031250 0.028125
0 0.859375 0.800000 0.031250 0.031250
0 0.126562 0.867188 0.028125 0.028125
0 0.748437 0.337500 0.028125 0.031250
0 0.714063 0.826562 0.028125 0.028125
0 0.460938 0.901563 0.028125 0.028125
0 0.857812 0.468750 0.028125 0.031250
0 0.379688 0.885938 0.028125 0.028125
0 0.601562 0.850000 0.028125 0.031250
0 0.829688 0.881250 0.028125 0.031250
0 0.801562 0.864062 0.028125 0.028125
0 0.940625 0.517188 0.031250 0.028125
0 0.775000 0.878125 0.031250 0.031250
0 0.295312 0.773438 0.028125 0.028125
0 0.764062 0.254688 0.028125 0.028125
0 0.701562 0.745313 0.028125 0.028125
0 0.062500 0.171875 0.031250 0.031250
0 0.889062 0.451562 0.028125 0.028125
0 0.767188 0.089063 0.028125 0.028125
0 0.081250 0.142187 0.031250 0.028125
0 0.857812 0.929688 0.028125 0.028125
0 0.128125 0.835938 0.031250 0.028125
0 0.679688 0.881250 0.028125 0.031250
0 0.889062 0.420312 0.028125 0.028125
0 0.053125 0.365625 0.031250 0.031250
0 0.645312 0.935937 0.028125 0.028125
0 0.881250 0.490625 0.031250 0.031250
0 0.375000 0.090625 0.031250 0.031250
0 0.915625 0.800000 0.031250 0.031250
0 0.351562 0.901563 0.028125 0.028125
0 0.196875 0.223438 0.031250 0.028125
0 0.915625 0.065625 0.031250 0.031250
0 0.040625 0.882812 0.031250 0.028125
0 0.556250 0.762500 0.031250 0.031250
0 0.701562 0.310937 0.028125 0.028125
0 0.048438 0.087500 0.028125 0.031250
0 0.065625 0.645312 0.031250 0.028125
0 0.732812 0.310937 0.028125 0.028125
0 0.831250 0.145313 0.031250 0.028125
0 0.782813 0.117188 0.028125 0.028125
0 0.748437 0.282813 0.028125 0.028125
0 0.042188 0.851562 0.028125 0.028125
0 0.229687 0.446875 0.028125 0.031250
0 0.782813 0.173437 0.028125 0.028125
0 0.539062 0.254688 0.028125 0.028125
0 0.070312 0.898438 0.028125 0.028125
0 0.293750 0.337500 0.031250 0.031250
0 0.325000 0.115625 0.031250 0.031250
0 0.456250 0.228125 0.031250 0.031250
0 0.804688 0.765625 0.028125 0.031250
0 0.603125 0.143750 0.031250 0.031250
0 0.882812 0.064062 0.028125 0.028125
0 0.343750 0.143750 0.031250 0.031250
0 0.912500 0.173437 0.031250 0.028125
0 0.646875 0.881250 0.031250 0.031250
0 0.151562 0.529687 0.028125 0.028125
0 0.687500 0.715625 0.031250 0.031250
0 0.685937 0.770312 0.028125 0.028125
0 0.098437 0.645312 0.028125 0.028125
0 0.679688 0.935937 0.028125 0.028125
0 0.359375 0.059375 0.031250 0.031250
0 0.053125 0.475000 0.031250 0.031250
0 0.145313 0.617188 0.028125 0.028125
0 0.098437 0.882812 0.028125 0.028125
0 0.775000 0.814063 0.031250 0.028125
0 0.717187 0.773438 0.028125 0.028125
0 0.037500 0.756250 0.031250 0.031250
0 0.432812 0.885938 0.028125 0.028125
0 0.114062 0.196875 0.028125 0.031250
0 0.260937 0.114062 0.028125 0.028125
0 0.889062 0.292187 0.028125 0.028125
0 0.279687 0.529687 0.028125 0.028125
0 0.742188 0.635938 0.028125 0.028125
0 0.276562 0.087500 0.028125 0.031250
0 0.732812 0.745313 0.028125 0.028125
0 0.081250 0.618750 0.031250 0.031250
0 0.460938 0.835938 0.028125 0.028125
0 0.343750 0.198437 0.031250 0.028125
0 0.476562 0.367188 0.028125 0.028125
0 0.895312 0.146875 0.028125 0.031250
0 0.798438 0.312500 0.028125 0.031250
0 0.717187 0.173437 0.028125 0.028125
0 0.039062 0.914062 0.028125 0.028125
0 0.814063 0.284375 0.028125 0.031250
0 0.604688 0.364063 0.028125 0.028125
0 0.803125 0.371875 0.031250 0.031250
0 0.882812 0.231250 0.028125 0.031250
0 0.278125 0.418750 0.031250 0.031250
0 0.117188 0.306250 0.028125 0.031250
0 0.743750 0.881250 0.031250 0.031250
0 0.492188 0.754687 0.028125 0.028125
0 0.618750 0.823438 0.031250 0.028125
0 0.587500 0.226562 0.031250 0.028125
0 0.293750 0.168750 0.031250 0.031250
0 0.701562 0.253125 0.028125 0.031250
0 0.915625 0.403125 0.031250 0.031250
0 0.764062 0.310937 0.028125 0.028125
0 0.182812 0.737500 0.028125 0.031250
0 0.098437 0.851562 0.028125 0.028125
0 0.973437 0.371875 0.028125 0.031250
0 0.351562 0.870313 0.028125 0.028125
0 0.914062 0.767188 0.028125 0.028125
0 0.864062 0.145313 0.028125 0.028125
0 0.343750 0.087500 0.031250 0.031250
0 0.885938 0.664062 0.028125 0.028125
0 0.462500 0.868750 0.031250 0.031250
0 0.473438 0.254688 0.028125 0.028125
0 0.712500 0.937500 0.031250 0.031250
0 0.620313 0.228125 0.028125 0.031250
0 0.748437 0.173437 0.028125 0.028125
0 0.632812 0.851562 0.028125 0.028125
0 0.489063 0.885938 0.028125 0.028125
0 0.670312 0.253125 0.028125 0.031250
0 0.245312 0.196875 0.028125 0.031250
0 0.245312 0.473438 0.028125 0.028125
0 0.953125 0.225000 0.031250 0.031250
0 0.198437 0.446875 0.028125 0.031250
0 0.046875 0.140625 0.031250 0.031250
0 0.587500 0.114062 0.031250 0.028125
0 0.210938 0.820312 0.028125 0.028125
0 0.457813 0.339062 0.028125 0.028125
0 0.085938 0.418750 0.028125 0.031250
0 0.085938 0.473438 0.028125 0.028125
0 0.114062 0.618750 0.028125 0.031250
0 0.195312 0.114062 0.028125 0.028125
0 0.360938 0.226562 0.028125 0.028125
0 0.210938 0.853125 0.028125 0.031250
0 0.642188 0.685937 0.028125 0.028125
0 0.084375 0.728125 0.031250 0.031250
0 0.260937 0.059375 0.028125 0.031250
0 0.782813 0.062500 0.028125 0.031250
0 0.507812 0.200000 0.028125 0.031250
0 0.492188 0.339062 0.028125 0.028125
0 0.800000 0.092188 0.031250 0.028125
0 0.126562 0.898438 0.028125 0.028125
0 0.323437 0.885938 0.028125 0.028125
0 0.196875 0.337500 0.031250 0.031250
0 0.378125 0.948438 0.031250 0.028125
0 0.132812 0.645312 0.028125 0.028125
0 0.181250 0.898438 0.025000 0.028125
0 0.589063 0.339062 0.028125 0.028125
0 0.803125 0.662500 0.031250 0.031250
0 0.067187 0.929688 0.028125 0.028125
0 0.376563 0.364063 0.028125 0.028125
0 0.720313 0.717187 0.028125 0.028125
0 0.182812 0.835938 0.028125 0.028125
0 0.081250 0.085938 0.031250 0.028125
0 0.435937 0.917188 0.028125 0.028125
0 0.779687 0.642188 0.028125 0.028125
0 0.050000 0.728125 0.031250 0.031250
0 0.267188 0.948438 0.028125 0.028125
0 0.520312 0.228125 0.028125 0.031250
0 0.507812 0.367188 0.028125 0.028125
0 0.464062 0.773438 0.028125 0.028125
0 0.832812 0.092188 0.028125 0.028125
0 0.717187 0.062500 0.028125 0.031250
0 0.267188 0.917188 0.028125 0.028125
0 0.831250 0.815625 0.031250 0.031250
0 0.065625 0.701562 0.031250 0.028125
0 0.081250 0.196875 0.031250 0.031250
0 0.570312 0.364063 0.028125 0.028125
0 0.064062 0.115625 0.028125 0.031250
0 0.823438 0.446875 0.028125 0.031250
0 0.885938 0.784375 0.028125 0.031250
0 0.410938 0.310937 0.028125 0.028125
0 0.917188 0.339062 0.028125 0.028125
0 0.801562 0.895312 0.028125 0.028125
0 0.065625 0.223438 0.031250 0.028125
0 0.182812 0.529687 0.028125 0.028125
0 0.309375 0.253125 0.031250 0.031250
0 0.931250 0.037500 0.031250 0.031250
0 0.376563 0.143750 0.028125 0.031250
0 0.051562 0.418750 0.028125 0.031250
0 0.132812 0.281250 0.028125 0.031250
0 0.546875 0.731250 0.031250 0.031250
0 0.267188 0.690625 0.028125 0.031250
0 0.940625 0.453125 0.031250 0.031250
0 0.154688 0.817187 0.028125 0.028125
0 0.392188 0.226562 0.028125 0.028125
0 0.148438 0.251563 0.028125 0.028125
0 0.859375 0.767188 0.031250 0.028125
0 0.062500 0.056250 0.031250 0.031250
0 0.071875 0.800000 0.031250 0.031250
0 0.089063 0.587500 0.028125 0.031250
0 0.098437 0.785937 0.028125 0.028125
0 0.826562 0.712500 0.028125 0.031250
0 0.267188 0.851562 0.028125 0.028125
0 0.656250 0.715625 0.031250 0.031250
0 0.732812 0.364063 0.028125 0.028125
0 0.135937 0.557813 0.028125 0.028125
0 0.278125 0.364063 0.031250 0.028125
0 0.717187 0.282813 0.028125 0.028125
0 0.067187 0.281250 0.028125 0.031250
0 0.540625 0.367188 0.031250 0.028125
0 0.523438 0.765625 0.028125 0.031250
0 0.165625 0.335938 0.031250 0.028125
0 0.239063 0.835938 0.028125 0.028125
0 0.343750 0.364063 0.031250 0.028125
0 0.712500 0.879687 0.031250 0.028125
0 0.376563 0.310937 0.028125 0.028125
0 0.214062 0.362500 0.028125 0.031250
0 0.946875 0.323437 0.031250 0.028125
0 0.473438 0.200000 0.028125 0.031250
0 0.540625 0.792188 0.031250 0.028125
0 0.148438 0.085938 0.028125 0.028125
0 0.379688 0.790625 0.028125 0.031250
0 0.670312 0.310937 0.028125 0.028125
0 0.184375 0.801562 0.031250 0.028125
0 0.293750 0.226562 0.031250 0.028125
0 0.703125 0.089063 0.031250 0.028125
0 0.845313 0.228125 0.028125 0.031250
0 0.117188 0.529687 0.028125 0.028125
0 0.475000 0.146875 0.031250 0.031250
0 0.310937 0.473438 0.028125 0.028125
0 0.292187 0.114062 0.028125 0.028125
0 0.042188 0.787500 0.028125 0.031250
0 0.489063 0.228125 0.028125 0.031250
0 0.865625 0.034375 0.031250 0.031250
0 0.165625 0.446875 0.031250 0.031250
0 0.664062 0.907813 0.028125 0.028125
0 0.210938 0.882812 0.028125 0.028125
0 0.860938 0.435937 0.028125 0.028125
0 0.442188 0.310937 0.028125 0.028125
0 0.784375 0.721875 0.031250 0.031250
0 0.620313 0.282813 0.028125 0.028125
0 0.748437 0.060937 0.028125 0.028125
0 0.839063 0.617188 0.028125 0.028125
0 0.731250 0.800000 0.031250 0.031250
0 0.539062 0.200000 0.028125 0.031250
0 0.889062 0.548438 0.028125 0.028125
0 0.357812 0.170313 0.028125 0.028125
0 0.164062 0.114062 0.028125 0.028125
0 0.604688 0.089063 0.028125 0.028125
0 0.151562 0.585938 0.028125 0.028125
0 0.587500 0.282813 0.031250 0.028125
0 0.554688 0.117188 0.028125 0.028125
0 0.948438 0.292187 0.028125 0.028125
0 0.167187 0.557813 0.028125 0.028125
0 0.295312 0.446875 0.028125 0.031250
0 0.114062 0.085938 0.028125 0.028125
0 0.132812 0.337500 0.028125 0.031250
0 0.585938 0.821875 0.028125 0.031250
0 0.321875 0.754687 0.025000 0.028125
0 0.940625 0.850000 0.031250 0.031250
0 0.832812 0.648438 0.028125 0.028125
0 0.942187 0.784375 0.028125 0.031250
0 0.854688 0.559375 0.028125 0.031250
0 0.432812 0.851562 0.028125 0.028125
0 0.807813 0.626563 0.028125 0.028125
0 0.889062 0.354687 0.028125 0.028125
0 0.343750 0.307812 0.031250 0.028125
0 0.768750 0.362500 0.031250 0.031250
0 0.476562 0.312500 0.028125 0.031250
0 0.215625 0.587500 0.031250 0.031250
0 0.295312 0.901563 0.028125 0.028125
0 0.950000 0.257812 0.031250 0.028125
0 0.054688 0.531250 0.028125 0.031250
0 0.692187 0.660937 0.028125 0.028125
0 0.214062 0.473438 0.028125 0.028125
0 0.682813 0.826562 0.028125 0.028125
0 0.267188 0.820312 0.028125 0.028125
0 0.489063 0.917188 0.028125 0.028125
0 0.539062 0.146875 0.028125 0.031250
0 0.970313 0.468750 0.028125 0.031250
0 0.895312 0.203125 0.028125 0.031250
0 0.181250 0.420312 0.031250 0.028125
0 0.392188 0.117188 0.028125 0.028125
0 0.228125 0.057813 0.031250 0.028125
0 0.267188 0.657813 0.028125 0.028125
0 0.754687 0.665625 0.028125 0.031250
0 0.635938 0.254688 0.028125 0.028125
0 0.057813 0.587500 0.028125 0.031250
0 0.479687 0.689063 0.028125 0.028125
0 0.843750 0.284375 0.031250 0.031250
0 0.096875 0.168750 0.031250 0.031250
0 0.504687 0.254688 0.028125 0.028125
0 0.101562 0.701562 0.028125 0.028125
0 0.239063 0.867188 0.028125 0.028125
0 0.862500 0.526563 0.031250 0.028125
0 0.128125 0.801562 0.031250 0.028125
0 0.489063 0.117188 0.028125 0.028125
0 0.235937 0.964063 0.028125 0.028125
0 0.214062 0.307812 0.028125 0.028125
0 0.701562 0.032813 0.028125 0.028125
0 0.860938 0.340625 0.028125 0.031250
0 0.968750 0.768750 0.031250 0.031250
0 0.831250 0.356250 0.031250 0.031250
0 0.829688 0.254688 0.028125 0.028125
0 0.323437 0.820312 0.028125 0.028125
0 0.589063 0.393750 0.028125 0.031250
0 0.126562 0.768750 0.028125 0.031250
0 0.293750 0.707812 0.031250 0.028125
0 0.635938 0.143750 0.028125 0.031250
0 0.734375 0.089063 0.031250 0.028125
0 0.517188 0.932813 0.028125 0.028125
0 0.515625 0.734375 0.031250 0.031250
0 0.098437 0.817187 0.028125 0.028125
0 0.050000 0.673438 0.031250 0.028125
0 0.260937 0.223438 0.028125 0.028125
0 0.834375 0.034375 0.031250 0.031250
0 0.293750 0.612500 0.031250 0.031250
0 0.104688 0.557813 0.028125 0.028125
0 0.798438 0.143750 0.028125 0.031250
0 0.685937 0.282813 0.028125 0.028125
0 0.428125 0.631250 0.031250 0.031250
0 0.831250 0.782813 0.031250 0.028125
0 0.409375 0.254688 0.031250 0.028125
0 0.373437 0.476562 0.028125 0.028125
0 0.564063 0.960938 0.028125 0.028125
0 0.131250 0.057813 0.031250 0.028125
0 0.067187 0.392188 0.028125 0.028125
0 0.684375 0.400000 0.031250 0.031250
0 0.734375 0.253125 0.031250 0.031250
0 0.685937 0.117188 0.028125 0.028125
0 0.425000 0.228125 0.031250 0.031250
0 0.707812 0.689063 0.028125 0.028125
0 0.392188 0.393750 0.028125 0.031250
0 0.264062 0.501563 0.028125 0.028125
0 0.196875 0.279687 0.031250 0.028125
0 0.239063 0.804688 0.028125 0.028125
0 0.518750 0.873437 0.031250 0.028125
0 0.620313 0.062500 0.028125 0.031250
0 0.496875 0.959375 0.031250 0.031250
0 0.020313 0.532813 0.028125 0.028125
0 0.773438 0.845313 0.028125 0.028125
0 0.098437 0.223438 0.028125 0.028125
0 0.239063 0.931250 0.028125 0.031250
0 0.312500 0.307812 0.031250 0.028125
0 0.214062 0.529687 0.028125 0.028125
0 0.670312 0.089063 0.028125 0.028125
0 0.782813 0.228125 0.028125 0.031250
0 0.032813 0.701562 0.028125 0.028125
0 0.148438 0.196875 0.028125 0.031250
0 0.567187 0.848437 0.028125 0.028125
0 0.828125 0.945312 0.031250 0.028125
0 0.096875 0.057813 0.031250 0.028125
0 0.156250 0.785937 0.031250 0.028125
0 0.603125 0.254688 0.031250 0.028125
0 0.582812 0.932813 0.028125 0.028125
0 0.587500 0.060937 0.031250 0.028125
0 0.312500 0.364063 0.031250 0.028125
0 0.534375 0.846875 0.031250 0.031250
0 0.239063 0.770312 0.028125 0.028125
0 0.085938 0.364063 0.028125 0.028125
0 0.084375 0.253125 0.031250 0.031250
0 0.570312 0.792188 0.028125 0.028125
0 0.070312 0.446875 0.028125 0.031250
0 0.750000 0.226562 0.031250 0.028125
0 0.126562 0.929688 0.028125 0.028125
0 0.096875 0.115625 0.031250 0.031250
0 0.267188 0.885938 0.028125 0.028125
0 0.071875 0.832812 0.031250 0.028125
0 0.326562 0.170313 0.028125 0.028125
0 0.814063 0.228125 0.028125 0.031250
0 0.635938 0.032813 0.028125 0.028125
0 0.914062 0.832812 0.028125 0.028125
0 0.148438 0.142187 0.028125 0.028125
0 0.703125 0.143750 0.031250 0.031250
0 0.598437 0.904687 0.028125 0.028125
0 0.154688 0.915625 0.028125 0.031250
0 0.195312 0.168750 0.028125 0.031250
0 0.179688 0.142187 0.028125 0.028125
0 0.164062 0.223438 0.028125 0.028125
0 0.407813 0.143750 0.028125 0.031250
0 0.179688 0.618750 0.028125 0.031250
0 0.309375 0.198437 0.031250 0.028125
0 0.507812 0.309375 0.028125 0.031250
0 0.278125 0.307812 0.031250 0.028125
0 0.829688 0.581250 0.028125 0.031250
0 0.748437 0.828125 0.028125 0.031250
0 0.423438 0.173437 0.028125 0.028125
0 0.231250 0.557813 0.031250 0.028125
0 0.571875 0.200000 0.031250 0.031250
0 0.890625 0.262500 0.031250 0.031250
0 0.896875 0.034375 0.031250 0.031250
0 0.587500 0.173437 0.031250 0.028125
0 0.604688 0.198437 0.028125 0.028125
0 0.295312 0.806250 0.028125 0.031250
0 0.343750 0.473438 0.031250 0.028125
0 0.031250 0.059375 0.031250 0.031250
0 0.164062 0.279687 0.028125 0.028125
0 0.425000 0.117188 0.031250 0.028125
0 0.359375 0.282813 0.031250 0.028125
0 0.117188 0.251563 0.028125 0.028125
0 0.798438 0.200000 0.028125 0.031250
0 0.917188 0.540625 0.028125 0.031250
0 0.915625 0.435937 0.031250 0.028125
0 0.734375 0.143750 0.031250 0.031250
0 0.295312 0.501563 0.028125 0.028125
0 0.926562 0.203125 0.028125 0.031250
0 0.425000 0.446875 0.031250 0.031250
0 0.326562 0.279687 0.028125 0.028125
0 0.698438 0.551562 0.028125 0.028125
0 0.212500 0.198437 0.031250 0.028125
0 0.485938 0.723437 0.028125 0.028125
0 0.651563 0.117188 0.028125 0.028125
0 0.685937 0.170313 0.028125 0.028125
0 0.154688 0.851562 0.028125 0.028125
0 0.551562 0.876563 0.028125 0.028125
0 0.570312 0.143750 0.028125 0.031250
0 0.790625 0.440625 0.031250 0.031250
0 0.148438 0.307812 0.028125 0.028125
0 0.829688 0.201563 0.028125 0.028125
0 0.464062 0.935937 0.028125 0.028125
0 0.751563 0.720313 0.028125 0.028125
0 0.635938 0.364063 0.028125 0.028125
0 0.723437 0.664062 0.028125 0.028125
0 0.940625 0.817187 0.031250 0.028125
0 0.025000 0.587500 0.031250 0.031250
0 0.670312 0.364063 0.028125 0.028125
0 0.857812 0.898438 0.028125 0.028125
0 0.210938 0.915625 0.028125 0.031250
0 0.379688 0.851562 0.028125 0.028125
0 0.589063 0.764062 0.028125 0.028125
0 0.956250 0.190625 0.031250 0.031250
0 0.150000 0.418750 0.031250 0.031250
0 0.898438 0.092188 0.028125 0.028125
0 0.245312 0.364063 0.028125 0.028125
0 0.525000 0.393750 0.031250 0.031250
0 0.556250 0.339062 0.031250 0.028125
0 0.082812 0.673438 0.028125 0.028125
0 0.942187 0.420312 0.028125 0.028125
0 0.623437 0.714063 0.028125 0.028125
0 0.181250 0.673438 0.031250 0.028125
0 0.860938 0.373437 0.028125 0.028125
0 0.614062 0.585938 0.028125 0.028125
0 0.728125 0.909375 0.031250 0.031250
0 0.295312 0.279687 0.028125 0.028125
0 0.440625 0.143750 0.031250 0.031250
0 0.718750 0.226562 0.031250 0.028125
0 0.100000 0.753125 0.031250 0.031250
0 0.248438 0.529687 0.028125 0.028125
0 0.654687 0.170313 0.028125 0.028125
0 0.889062 0.385937 0.028125 0.028125
0 0.860938 0.404687 0.028125 0.028125
0 0.404687 0.901563 0.028125 0.028125
0 0.279687 0.473438 0.028125 0.028125
0 0.245312 0.253125 0.028125 0.031250
0 0.153125 0.721875 0.031250 0.031250
0 0.031250 0.645312 0.031250 0.028125
0 0.389062 0.170313 0.028125 0.028125
0 0.181250 0.087500 0.031250 0.031250
0 0.570312 0.087500 0.028125 0.031250
0 0.643750 0.582812 0.031250 0.028125
0 0.829688 0.846875 0.028125 0.031250
0 0.950000 0.065625 0.031250 0.031250
0 0.359375 0.117188 0.031250 0.028125
0 0.210938 0.721875 0.028125 0.031250
0 0.765625 0.143750 0.031250 0.031250
0 0.971875 0.698438 0.031250 0.034375
0 0.675000 0.471875 0.031250 0.031250
0 0.614062 0.932813 0.028125 0.028125
0 0.039062 0.560937 0.028125 0.028125
0 0.179688 0.364063 0.028125 0.028125
0 0.309375 0.143750 0.031250 0.031250
0 0.539062 0.089063 0.028125 0.028125
0 0.210938 0.692187 0.028125 0.028125
0 0.956250 0.128125 0.031250 0.031250
0 0.454688 0.562500 0.028125 0.031250
0 0.750000 0.775000 0.031250 0.031250
0 0.728125 0.606250 0.031250 0.031250
0 0.210938 0.946875 0.028125 0.031250
0 0.326562 0.501563 0.028125 0.028125
0 0.635938 0.201563 0.028125 0.028125
0 0.098437 0.915625 0.028125 0.031250
0 0.050000 0.253125 0.031250 0.031250
0 0.895312 0.518750 0.028125 0.031250
0 0.521875 0.818750 0.031250 0.031250
0 0.660937 0.556250 0.028125 0.031250
0 0.693750 0.964063 0.031250 0.028125
0 0.179688 0.932813 0.028125 0.028125
0 0.473438 0.089063 0.028125 0.028125
0 0.601562 0.795312 0.028125 0.028125
0 0.431250 0.728125 0.031250 0.031250
0 0.617188 0.878125 0.028125 0.031250
0 0.695312 0.909375 0.028125 0.031250
0 0.864062 0.639062 0.028125 0.028125
0 0.685937 0.060937 0.028125 0.028125
0 0.148438 0.362500 0.028125 0.031250
0 0.210938 0.254688 0.028125 0.028125
0 0.070312 0.503125 0.028125 0.031250
0 0.117188 0.418750 0.028125 0.031250
0 0.123438 0.732812 0.028125 0.028125
0 0.639062 0.420312 0.028125 0.028125
0 0.321875 0.789062 0.025000 0.028125
0 0.639062 0.742188 0.028125 0.028125
0 0.945312 0.354687 0.028125 0.028125
0 0.246875 0.307812 0.031250 0.028125
0 0.114062 0.673438 0.028125 0.028125
0 0.120313 0.587500 0.028125 0.031250
0 0.164062 0.645312 0.028125 0.028125
0 0.267188 0.754687 0.028125 0.028125
0 0.326562 0.446875 0.028125 0.031250
0 0.571875 0.693750 0.031250 0.031250
0 0.260937 0.171875 0.028125 0.031250
0 0.379688 0.820312 0.028125 0.028125
0 0.432812 0.823438 0.028125 0.028125
0 0.051562 0.307812 0.028125 0.028125
0 0.800000 0.034375 0.031250 0.031250
0 0.179688 0.964063 0.028125 0.028125
0 0.181250 0.307812 0.031250 0.028125
0 0.156250 0.754687 0.031250 0.028125
0 0.154688 0.946875 0.028125 0.031250
0 0.131250 0.112500 0.031250 0.031250
0 0.885938 0.815625 0.028125 0.031250
0 0.570312 0.254688 0.028125 0.028125
0 0.603125 0.032813 0.031250 0.028125
0 0.968750 0.734375 0.031250 0.031250
0 0.229687 0.279687 0.028125 0.028125
0 0.276562 0.196875 0.028125 0.031250
0 0.267188 0.789062 0.028125 0.028125
0 0.857812 0.864062 0.028125 0.028125
0 0.440625 0.476562 0.031250 0.028125
0 0.629687 0.657813 0.028125 0.028125
0 0.343750 0.032813 0.031250 0.028125
0 0.375000 0.198437 0.031250 0.028125
0 0.801562 0.695312 0.028125 0.028125
0 0.664062 0.607812 0.028125 0.028125
0 0.798438 0.254688 0.028125 0.028125
0 0.862500 0.254688 0.031250 0.028125
0 0.376563 0.420312 0.028125 0.028125
0 0.956250 0.159375 0.031250 0.031250
0 0.164062 0.504687 0.028125 0.028125
0 0.342187 0.418750 0.028125 0.031250
0 0.696875 0.854688 0.031250 0.028125
0 0.179688 0.251563 0.028125 0.028125
0 0.181250 0.473438 0.025000 0.028125
0 0.968750 0.803125 0.031250 0.031250
0 0.556250 0.393750 0.031250 0.031250
0 0.070312 0.557813 0.028125 0.028125
0 0.940625 0.096875 0.031250 0.031250
0 0.376563 0.726562 0.028125 0.028125
0 0.260937 0.279687 0.028125 0.028125
0 0.239063 0.898438 0.028125 0.028125
0 0.635938 0.089063 0.028125 0.028125
0 0.670312 0.200000 0.028125 0.031250
0 0.489063 0.060937 0.028125 0.028125
0 0.879687 0.173437 0.028125 0.028125
0 0.748437 0.392188 0.028125 0.028125
0 0.456250 0.060937 0.031250 0.028125
0 0.518750 0.671875 0.031250 0.031250
0 0.626563 0.501563 0.028125 0.028125
0 0.860938 0.309375 0.028125 0.031250
0 0.212500 0.087500 0.031250 0.031250
0 0.456250 0.706250 0.031250 0.031250
0 0.743750 0.935937 0.031250 0.028125
0 0.915625 0.373437 0.031250 0.028125
0 0.235937 0.615625 0.028125 0.031250
0 0.604688 0.310937 0.028125 0.028125
0 0.360938 0.337500 0.028125 0.031250
0 0.532813 0.960938 0.028125 0.028125
0 0.540625 0.698438 0.031250 0.028125
0 0.734375 0.034375 0.031250 0.031250
0 0.295312 0.739062 0.028125 0.028125
0 0.196875 0.059375 0.031250 0.031250
0 0.442188 0.201563 0.028125 0.028125
0 0.048438 0.198437 0.028125 0.028125
0 0.239063 0.739062 0.028125 0.028125
0 0.971875 0.403125 0.031250 0.031250
0 0.882812 0.118750 0.028125 0.031250
0 0.667188 0.798438 0.028125 0.028125
0 0.229687 0.223438 0.028125 0.028125
0 0.198437 0.392188 0.028125 0.028125
0 0.237500 0.678125 0.031250 0.031250
0 0.623437 0.768750 0.028125 0.031250
0 0.132812 0.504687 0.028125 0.028125
0 0.654687 0.770312 0.028125 0.028125
0 0.578125 0.585938 0.031250 0.028125
0 0.035937 0.448437 0.028125 0.028125
0 0.018750 0.118750 0.031250 0.031250
0 0.351562 0.835938 0.028125 0.028125
0 0.685937 0.226562 0.028125 0.028125
0 0.854688 0.962500 0.028125 0.031250
0 0.407813 0.932813 0.028125 0.028125
0 0.378125 0.917188 0.025000 0.028125
0 0.132812 0.392188 0.028125 0.028125
0 0.721875 0.495312 0.031250 0.028125
0 0.679688 0.579688 0.028125 0.028125
0 0.695312 0.607812 0.028125 0.028125
0 0.295312 0.868750 0.028125 0.031250
0 0.323437 0.851562 0.028125 0.028125
0 0.425000 0.503125 0.031250 0.031250
0 0.243750 0.087500 0.031250 0.031250
0 0.154688 0.882812 0.028125 0.028125
0 0.867188 0.092188 0.028125 0.028125
0 0.267188 0.723437 0.028125 0.028125
0 0.857812 0.698438 0.028125 0.028125
0 0.771875 0.975000 0.031250 0.031250
0 0.440625 0.257812 0.031250 0.028125
0 0.946875 0.665625 0.031250 0.031250
0 0.767188 0.034375 0.028125 0.031250
0 0.376563 0.254688 0.028125 0.028125
0 0.407813 0.804688 0.028125 0.028125
0 0.651563 0.226562 0.028125 0.028125
0 0.082812 0.309375 0.028125 0.031250
0 0.768750 0.692187 0.031250 0.028125
0 0.610938 0.529687 0.028125 0.028125
0 0.707812 0.635938 0.028125 0.028125
0 0.328125 0.226562 0.031250 0.028125
0 0.343750 0.256250 0.031250 0.031250
0 0.635938 0.310937 0.028125 0.028125
0 0.571875 0.032813 0.031250 0.028125
0 0.210938 0.785937 0.028125 0.028125
0 0.851562 0.064062 0.028125 0.028125
0 0.609375 0.475000 0.031250 0.031250
0 0.407813 0.870313 0.028125 0.028125
0 0.717187 0.118750 0.028125 0.031250
0 0.620313 0.170313 0.028125 0.028125
0 0.425000 0.393750 0.031250 0.031250
0 0.407813 0.965625 0.028125 0.031250
0 0.357812 0.445312 0.028125 0.028125
0 0.310937 0.420312 0.028125 0.028125
0 0.182812 0.585938 0.028125 0.028125
0 0.132812 0.446875 0.028125 0.031250
0 0.782813 0.475000 0.028125 0.031250
0 0.676562 0.689063 0.028125 0.028125
0 0.393750 0.282813 0.031250 0.028125
0 0.392188 0.568750 0.028125 0.031250
0 0.662500 0.443750 0.031250 0.031250
0 0.457813 0.282813 0.028125 0.028125
0 0.245312 0.420312 0.028125 0.028125
0 0.654687 0.060937 0.028125 0.028125
0 0.885938 0.848437 0.028125 0.028125
0 0.528125 0.556250 0.031250 0.031250
0 0.209375 0.659375 0.031250 0.031250
0 0.510938 0.582812 0.028125 0.028125
0 0.248438 0.585938 0.028125 0.028125
0 0.456250 0.173437 0.031250 0.028125
0 0.067187 0.335938 0.028125 0.028125
0 0.085938 0.529687 0.028125 0.028125
0 0.554688 0.060937 0.028125 0.028125
0 0.348438 0.710938 0.028125 0.028125
0 0.326562 0.337500 0.028125 0.031250
0 0.748437 0.117188 0.028125 0.028125
0 0.910937 0.571875 0.028125 0.031250
0 0.712500 0.581250 0.031250 0.031250
0 0.309375 0.031250 0.031250 0.031250
0 0.037500 0.503125 0.031250 0.031250
0 0.312500 0.584375 0.031250 0.031250
0 0.620313 0.114062 0.028125 0.028125
0 0.098437 0.946875 0.028125 0.031250
0 0.826562 0.978125 0.028125 0.031250
0 0.407813 0.473438 0.028125 0.028125
0 0.457813 0.450000 0.028125 0.031250
0 0.543750 0.582812 0.031250 0.028125
0 0.595313 0.557813 0.028125 0.028125
0 0.457813 0.117188 0.028125 0.028125
0 0.070312 0.864062 0.028125 0.028125
0 0.098437 0.976562 0.028125 0.028125
0 0.435937 0.951562 0.028125 0.028125
0 0.801562 0.595313 0.028125 0.028125
0 0.503125 0.637500 0.031250 0.031250
0 0.857812 0.831250 0.028125 0.031250
0 0.571875 0.310937 0.031250 0.028125
0 0.264062 0.392188 0.028125 0.028125
0 0.717187 0.392188 0.028125 0.028125
0 0.328125 0.557813 0.031250 0.028125
0 0.629687 0.907813 0.028125 0.028125
0 0.696875 0.450000 0.031250 0.031250
0 0.523438 0.060937 0.028125 0.028125
0 0.682813 0.335938 0.028125 0.028125
0 0.654687 0.392188 0.028125 0.028125
0 0.942187 0.753125 0.028125 0.031250
0 0.717187 0.337500 0.028125 0.031250
0 0.651563 0.282813 0.028125 0.028125
0 0.293750 0.675000 0.031250 0.031250
0 0.182812 0.768750 0.028125 0.031250
0 0.550000 0.931250 0.025000 0.025000
0 0.229687 0.392188 0.028125 0.028125
0 0.523438 0.339062 0.028125 0.028125
0 0.348438 0.773438 0.028125 0.028125
0 0.478125 0.423438 0.031250 0.028125
0 0.670312 0.034375 0.028125 0.031250
0 0.510938 0.423438 0.028125 0.028125
0 0.392188 0.445312 0.028125 0.028125
0 0.198437 0.557813 0.028125 0.028125
0 0.973437 0.339062 0.028125 0.028125
0 0.392188 0.504687 0.028125 0.028125
0 0.829688 0.323437 0.028125 0.028125
0 0.554688 0.282813 0.028125 0.028125
0 0.642188 0.528125 0.028125 0.031250
0 0.523438 0.284375 0.028125 0.031250
0 0.117188 0.362500 0.028125 0.031250
0 0.732812 0.198437 0.028125 0.028125
0 0.596875 0.962500 0.031250 0.031250
0 0.123438 0.964063 0.028125 0.028125
0 0.460938 0.804688 0.028125 0.028125
0 0.664062 0.853125 0.028125 0.031250
0 0.323437 0.692187 0.028125 0.028125
0 0.764062 0.198437 0.028125 0.028125
0 0.593750 0.714063 0.031250 0.028125
0 0.310937 0.529687 0.028125 0.028125
0 0.915625 0.735938 0.031250 0.028125
0 0.523438 0.504687 0.028125 0.028125
0 0.779687 0.392188 0.028125 0.028125
0 0.229687 0.501563 0.028125 0.028125
0 0.626563 0.556250 0.028125 0.031250
0 0.831250 0.748437 0.031250 0.028125
0 0.507812 0.534375 0.028125 0.031250
0 0.425000 0.339062 0.031250 0.028125
0 0.264062 0.556250 0.028125 0.031250
0 0.523438 0.170313 0.028125 0.028125
0 0.295312 0.835938 0.028125 0.028125
0 0.375000 0.032813 0.031250 0.028125
0 0.554688 0.173437 0.028125 0.028125
0 0.462500 0.964063 0.031250 0.028125
0 0.042188 0.817187 0.028125 0.028125
0 0.351562 0.806250 0.028125 0.031250
0 0.942187 0.482812 0.028125 0.028125
0 0.623437 0.392188 0.028125 0.028125
0 0.895312 0.632812 0.028125 0.028125
0 0.039062 0.978125 0.028125 0.031250
0 0.832812 0.385937 0.028125 0.028125
0 0.164062 0.389062 0.028125 0.028125
0 0.440625 0.421875 0.031250 0.031250
0 0.239063 0.709375 0.028125 0.031250
0 0.775000 0.942187 0.031250 0.028125
0 0.229687 0.335938 0.028125 0.028125
0 0.535937 0.640625 0.028125 0.031250
0 0.442188 0.364063 0.028125 0.028125
0 0.492188 0.395313 0.028125 0.028125
0 0.418750 0.659375 0.031250 0.031250
0 0.039062 0.945312 0.028125 0.028125
0 0.226562 0.114062 0.028125 0.028125
0 0.325000 0.392188 0.031250 0.028125
0 0.504687 0.145313 0.028125 0.028125
0 0.779687 0.779687 0.028125 0.028125
0 0.914062 0.117188 0.028125 0.028125
0 0.968750 0.834375 0.031250 0.031250
0 0.164062 0.168750 0.028125 0.031250
0 0.450000 0.665625 0.031250 0.031250
0 0.035937 0.337500 0.028125 0.031250
0 0.760938 0.420312 0.028125 0.028125
0 0.101562 0.392188 0.028125 0.028125
0 0.150000 0.673438 0.031250 0.028125
0 0.620313 0.335938 0.028125 0.028125
0 0.806250 0.406250 0.031250 0.031250
0 0.456250 0.504687 0.031250 0.028125
0 0.357812 0.503125 0.028125 0.031250
0 0.956250 0.634375 0.031250 0.031250
0 0.507812 0.089063 0.028125 0.028125
0 0.440625 0.032813 0.031250 0.028125
0 0.851562 0.498437 0.028125 0.028125
0 0.210938 0.139063 0.028125 0.028125
0 0.426563 0.284375 0.028125 0.031250
0 0.409375 0.364063 0.031250 0.028125
0 0.635938 0.795312 0.028125 0.028125
0 0.487500 0.562500 0.031250 0.031250
0 0.209375 0.626563 0.031250 0.028125
0 0.245312 0.032813 0.028125 0.028125
0 0.279687 0.142187 0.028125 0.028125
0 0.539062 0.312500 0.028125 0.031250
0 0.701562 0.798438 0.028125 0.028125
0 0.629687 0.962500 0.028125 0.031250
0 0.098437 0.279687 0.028125 0.028125
0 0.117188 0.473438 0.028125 0.028125
0 0.260937 0.337500 0.028125 0.031250
0 0.403125 0.742188 0.031250 0.028125
0 0.018750 0.418750 0.031250 0.031250
0 0.129688 0.700000 0.028125 0.031250
0 0.670312 0.743750 0.028125 0.031250
0 0.475000 0.034375 0.031250 0.031250
0 0.965625 0.037500 0.031250 0.031250
0 0.676562 0.634375 0.028125 0.031250
0 0.556250 0.610938 0.031250 0.028125
0 0.520312 0.117188 0.028125 0.028125
0 0.564063 0.503125 0.028125 0.031250
0 0.523438 0.610938 0.028125 0.028125
0 0.607812 0.742188 0.028125 0.028125
0 0.926562 0.146875 0.028125 0.031250
0 0.212500 0.754687 0.031250 0.028125
0 0.701562 0.201563 0.028125 0.028125
0 0.435937 0.789062 0.028125 0.028125
0 0.737500 0.690625 0.031250 0.031250
0 0.395313 0.335938 0.028125 0.028125
0 0.660937 0.501563 0.028125 0.028125
0 0.660937 0.660937 0.028125 0.028125
0 0.829688 0.681250 0.028125 0.031250
0 0.651563 0.335938 0.028125 0.028125
0 0.728125 0.464062 0.031250 0.028125
0 0.643750 0.473438 0.031250 0.028125
0 0.365625 0.587500 0.031250 0.031250
0 0.459375 0.634375 0.031250 0.031250
0 0.609375 0.684375 0.031250 0.031250
0 0.537500 0.032813 0.031250 0.034375
0 0.817187 0.170313 0.028125 0.028125
0 0.562500 0.556250 0.031250 0.031250
0 0.729688 0.964063 0.028125 0.028125
0 0.884375 0.912500 0.031250 0.031250
0 0.342187 0.529687 0.028125 0.028125
0 0.582812 0.876563 0.028125 0.028125
0 0.403125 0.603125 0.031250 0.031250
0 0.775000 0.575000 0.031250 0.031250
0 0.293750 0.057813 0.031250 0.028125
0 0.550000 0.670312 0.031250 0.028125
0 0.579688 0.528125 0.028125 0.031250
0 0.296875 0.643750 0.031250 0.031250
0 0.460938 0.742188 0.028125 0.028125
0 0.509375 0.703125 0.031250 0.031250
0 0.375000 0.531250 0.031250 0.031250
0 0.395313 0.634375 0.028125 0.031250
0 0.803125 0.340625 0.031250 0.031250
0 0.101562 0.504687 0.028125 0.028125
0 0.978125 0.656250 0.031250 0.031250
0 0.525000 0.451562 0.031250 0.028125
0 0.648438 0.826562 0.028125 0.028125
0 0.276562 0.253125 0.028125 0.031250
0 0.879687 0.718750 0.028125 0.031250
0 0.457813 0.603125 0.034375 0.031250
0 0.801562 0.960938 0.028125 0.028125
0 0.475000 0.478125 0.031250 0.031250
0 0.492188 0.282813 0.028125 0.028125
0 0.378125 0.693750 0.031250 0.031250
0 0.882812 0.978125 0.028125 0.031250
0 0.146875 0.031250 0.031250 0.031250
0 0.320312 0.660937 0.028125 0.028125
0 0.351562 0.742188 0.028125 0.028125
0 0.278125 0.582812 0.031250 0.028125
0 0.968750 0.868750 0.031250 0.031250
0 0.506250 0.032813 0.031250 0.034375
0 0.406250 0.709375 0.031250 0.031250
0 0.543750 0.528125 0.031250 0.031250
0 0.970313 0.434375 0.028125 0.031250
0 0.237500 0.646875 0.031250 0.031250
0 0.589063 0.614062 0.028125 0.028125
0 0.164062 0.057813 0.028125 0.028125
0 0.068750 0.962500 0.031250 0.031250
0 0.729688 0.557813 0.028125 0.028125
0 0.973437 0.307812 0.028125 0.028125
0 0.660937 0.964063 0.028125 0.028125
0 0.198437 0.501563 0.028125 0.028125
0 0.379688 0.757812 0.028125 0.028125
0 0.882812 0.579688 0.028125 0.028125
0 0.179688 0.196875 0.028125 0.031250
0 0.032813 0.282813 0.028125 0.028125
0 0.751563 0.484375 0.028125 0.031250
0 0.885938 0.945312 0.028125 0.028125
0 0.937500 0.696875 0.031250 0.031250
0 0.387500 0.662500 0.031250 0.031250
0 0.018750 0.729688 0.031250 0.028125
0 0.804688 0.562500 0.028125 0.031250
0 0.323437 0.628125 0.028125 0.031250
0 0.018750 0.364063 0.031250 0.034375
0 0.542188 0.423438 0.028125 0.028125
0 0.295312 0.392188 0.028125 0.028125
0 0.976562 0.275000 0.028125 0.031250
0 0.407813 0.420312 0.028125 0.028125
0 0.440625 0.532813 0.031250 0.028125
0 0.676562 0.526563 0.028125 0.028125
0 0.757812 0.451562 0.028125 0.028125
0 0.750000 0.515625 0.031250 0.031250
0 0.904687 0.603125 0.028125 0.031250
0 0.554688 0.820312 0.028125 0.028125
0 0.707812 0.423438 0.028125 0.028125
0 0.101562 0.448437 0.028125 0.028125
0 0.295312 0.556250 0.028125 0.031250
0 0.214062 0.420312 0.028125 0.028125
0 0.626563 0.448437 0.028125 0.028125
0 0.943750 0.571875 0.031250 0.031250
0 0.154688 0.976562 0.028125 0.028125
0 0.542188 0.476562 0.028125 0.028125
0 0.479687 0.657813 0.028125 0.028125
0 0.357812 0.392188 0.028125 0.028125
0 0.925000 0.642188 0.031250 0.028125
0 0.970313 0.501563 0.028125 0.028125
0 0.439063 0.089063 0.028125 0.028125
0 0.490625 0.610938 0.031250 0.028125
0 0.409375 0.089063 0.031250 0.028125
0 0.148438 0.473438 0.028125 0.028125
0 0.181250 0.031250 0.031250 0.031250
0 0.835938 0.420312 0.028125 0.028125
0 0.595313 0.657813 0.028125 0.028125
0 0.829688 0.910937 0.028125 0.028125
0 0.570312 0.642188 0.028125 0.028125
0 0.350000 0.646875 0.031250 0.031250
0 0.018750 0.153125 0.031250 0.031250
0 0.295312 0.932813 0.028125 0.028125
0 0.701562 0.364063 0.028125 0.028125
0 0.101562 0.335938 0.028125 0.028125
0 0.723437 0.526563 0.028125 0.028125
0 0.645312 0.634375 0.028125 0.031250
0 0.573438 0.420312 0.028125 0.028125
0 0.428125 0.690625 0.031250 0.031250
0 0.351562 0.676562 0.028125 0.028125
0 0.826562 0.478125 0.028125 0.031250
0 0.018750 0.217188 0.031250 0.034375
0 0.509375 0.478125 0.031250 0.031250
0 0.940625 0.946875 0.031250 0.031250
0 0.021875 0.478125 0.031250 0.031250
0 0.490625 0.821875 0.031250 0.031250
0 0.607812 0.421875 0.028125 0.031250
0 0.404687 0.775000 0.028125 0.031250
0 0.293750 0.964063 0.031250 0.028125
0 0.492188 0.173437 0.028125 0.028125
0 0.276562 0.031250 0.028125 0.031250
0 0.615625 0.628125 0.031250 0.031250
0 0.264062 0.445312 0.028125 0.028125
0 0.873437 0.610938 0.028125 0.028125
0 0.909375 0.704688 0.031250 0.028125
0 0.781250 0.537500 0.031250 0.031250
0 0.940625 0.915625 0.031250 0.031250
0 0.035937 0.392188 0.028125 0.028125
0 0.392188 0.060937 0.028125 0.028125
0 0.595313 0.501563 0.028125 0.028125
0 0.965625 0.901563 0.031250 0.028125
0 0.978125 0.078125 0.031250 0.031250
0 0.910937 0.931250 0.028125 0.031250
0 0.428125 0.584375 0.031250 0.031250
0 0.017188 0.087500 0.034375 0.031250
0 0.081250 0.031250 0.031250 0.031250
0 0.367188 0.618750 0.028125 0.031250
0 0.339062 0.601562 0.028125 0.028125
0 0.323437 0.723437 0.028125 0.028125
0 0.979688 0.109375 0.034375 0.031250
0 0.978125 0.243750 0.031250 0.031250
0 0.404687 0.839063 0.028125 0.028125
0 0.435937 0.757812 0.028125 0.028125
0 0.970313 0.598437 0.034375 0.034375
0 0.492188 0.451562 0.028125 0.028125
0 0.357812 0.557813 0.028125 0.028125
0 0.210938 0.029687 0.028125 0.028125
0 0.489063 0.504687 0.028125 0.028125
0 0.115625 0.031250 0.031250 0.031250
0 0.851562 0.729688 0.028125 0.028125
0 0.968750 0.532813 0.031250 0.028125
0 0.915625 0.673438 0.031250 0.028125
0 0.979688 0.207813 0.028125 0.028125
0 0.351562 0.965625 0.028125 0.031250
0 0.018750 0.184375 0.031250 0.031250
0 0.576562 0.473438 0.028125 0.028125
0 0.207813 0.976562 0.028125 0.028125
0 0.407813 0.532813 0.028125 0.028125
0 0.473438 0.532813 0.028125 0.028125
0 0.018750 0.309375 0.031250 0.031250
0 0.940625 0.882812 0.031250 0.028125
0 0.018750 0.246875 0.031250 0.031250
0 0.264062 0.978125 0.028125 0.025000
0 0.735938 0.435937 0.028125 0.028125
0 0.968750 0.964063 0.031250 0.034375
0 0.423438 0.060937 0.028125 0.028125
0 0.781250 0.506250 0.031250 0.031250
0 0.692187 0.498437 0.028125 0.028125
0 0.014063 0.618750 0.028125 0.031250
0 0.265625 0.626563 0.031250 0.028125
0 0.576562 0.737500 0.028125 0.031250
0 0.020313 0.028125 0.034375 0.031250
0 0.557813 0.451562 0.028125 0.028125
0 0.014063 0.831250 0.028125 0.031250
0 0.857812 0.670312 0.028125 0.028125
0 0.014063 0.895312 0.028125 0.028125
0 0.829688 0.528125 0.028125 0.031250
0 0.018750 0.675000 0.031250 0.031250
