0 0.087500 0.151562 0.037500 0.034375
0 0.284375 0.331250 0.037500 0.037500
0 0.828125 0.370312 0.031250 0.028125
0 0.153125 0.859375 0.031250 0.031250
0 0.950000 0.229687 0.037500 0.034375
0 0.754687 0.076563 0.028125 0.028125
0 0.303125 0.709375 0.031250 0.031250
0 0.062500 0.742188 0.031250 0.028125
0 0.792188 0.079687 0.028125 0.028125
0 0.040625 0.828125 0.031250 0.031250
0 0.314063 0.859375 0.028125 0.031250
0 0.803125 0.859375 0.031250 0.031250
0 0.795312 0.025000 0.028125 0.031250
0 0.171875 0.243750 0.031250 0.031250
0 0.690625 0.134375 0.031250 0.031250
0 0.818750 0.181250 0.031250 0.031250
0 0.225000 0.043750 0.031250 0.031250
0 0.940625 0.620313 0.031250 0.028125
0 0.743750 0.509375 0.031250 0.031250
0 0.910937 0.457813 0.028125 0.028125
0 0.837500 0.803125 0.031250 0.031250
0 0.951562 0.290625 0.028125 0.031250
0 0.143750 0.187500 0.031250 0.031250
0 0.207813 0.240625 0.028125 0.031250
0 0.900000 0.746875 0.031250 0.031250
0 0.137500 0.768750 0.031250 0.031250
0 0.162500 0.090625 0.031250 0.031250
0 0.821875 0.237500 0.031250 0.031250
0 0.042188 0.768750 0.028125 0.031250
0 0.776563 0.565625 0.028125 0.031250
0 0.932813 0.317188 0.028125 0.028125
0 0.484375 0.050000 0.031250 0.031250
0 0.926562 0.485938 0.028125 0.028125
0 0.875000 0.510938 0.031250 0.028125
0 0.934375 0.803125 0.031250 0.031250
0 0.664062 0.475000 0.028125 0.031250
0 0.564063 0.075000 0.028125 0.031250
0 0.807813 0.509375 0.028125 0.031250
0 0.793750 0.368750 0.031250 0.031250
0 0.678125 0.745313 0.031250 0.028125
0 0.864062 0.375000 0.028125 0.031250
0 0.084375 0.506250 0.031250 0.031250
0 0.200000 0.828125 0.031250 0.031250
0 0.350000 0.740625 0.031250 0.031250
0 0.914062 0.168750 0.028125 0.031250
0 0.854688 0.771875 0.028125 0.031250
0 0.821875 0.831250 0.031250 0.031250
0 0.412500 0.803125 0.031250 0.031250
0 0.548438 0.048438 0.028125 0.028125
0 0.168750 0.534375 0.031250 0.031250
0 0.915625 0.290625 0.031250 0.031250
0 0.120313 0.856250 0.028125 0.031250
0 0.876563 0.057813 0.028125 0.028125
0 0.857812 0.539062 0.028125 0.028125
0 0.890625 0.539062 0.031250 0.028125
0 0.112500 0.065625 0.031250 0.031250
0 0.964063 0.320312 0.028125 0.028125
0 0.062500 0.681250 0.031250 0.031250
0 0.887500 0.776563 0.031250 0.028125
0 0.640625 0.862500 0.031250 0.031250
0 0.209375 0.071875 0.031250 0.031250
0 0.793750 0.309375 0.031250 0.031250
0 0.760938 0.023438 0.028125 0.028125
0 0.934375 0.262500 0.031250 0.031250
0 0.037500 0.887500 0.031250 0.031250
0 0.700000 0.309375 0.031250 0.031250
0 0.545312 0.860938 0.028125 0.028125
0 0.946875 0.110937 0.031250 0.034375
0 0.659375 0.596875 0.031250 0.031250
0 0.468750 0.078125 0.031250 0.031250
0 0.584375 0.615625 0.031250 0.031250
0 0.657813 0.078125 0.028125 0.031250
0 0.776563 0.507812 0.028125 0.028125
0 0.396875 0.831250 0.031250 0.031250
0 0.678125 0.803125 0.031250 0.031250
0 0.696875 0.475000 0.031250 0.031250
0 0.778125 0.681250 0.031250 0.031250
0 0.075000 0.709375 0.031250 0.031250
0 0.812500 0.339062 0.031250 0.028125
0 0.889062 0.482812 0.028125 0.028125
0 0.918750 0.775000 0.031250 0.031250
0 0.206250 0.387500 0.031250 0.031250
0 0.135937 0.885938 0.028125 0.028125
0 0.729688 0.420312 0.028125 0.028125
0 0.837500 0.209375 0.031250 0.031250
0 0.612500 0.220312 0.031250 0.028125
0 0.825000 0.767188 0.031250 0.028125
0 0.385937 0.445312 0.028125 0.028125
0 0.854688 0.831250 0.028125 0.031250
0 0.418750 0.218750 0.031250 0.031250
0 0.653125 0.892188 0.031250 0.028125
0 0.075000 0.653125 0.031250 0.031250
0 0.368750 0.360938 0.031250 0.028125
0 0.871875 0.681250 0.031250 0.031250
0 0.318750 0.740625 0.031250 0.031250
0 0.895312 0.140625 0.028125 0.031250
0 0.153125 0.312500 0.031250 0.031250
0 0.792188 0.650000 0.028125 0.031250
0 0.826562 0.650000 0.028125 0.031250
0 0.907813 0.510938 0.028125 0.028125
0 0.104688 0.593750 0.028125 0.031250
0 0.807813 0.109375 0.028125 0.031250
0 0.659375 0.134375 0.031250 0.031250
0 0.121875 0.740625 0.031250 0.031250
0 0.810937 0.679688 0.028125 0.028125
0 0.237500 0.707812 0.031250 0.028125
0 0.460938 0.776563 0.028125 0.028125
0 0.465625 0.246875 0.031250 0.031250
0 0.106250 0.771875 0.031250 0.031250
0 0.918750 0.832812 0.031250 0.028125
0 0.792188 0.539062 0.028125 0.028125
0 0.056250 0.856250 0.031250 0.031250
0 0.337500 0.473438 0.031250 0.028125
0 0.189062 0.739062 0.028125 0.028125
0 0.500000 0.246875 0.031250 0.031250
0 0.268750 0.709375 0.031250 0.031250
0 0.779687 0.337500 0.028125 0.031250
0 0.857812 0.648438 0.028125 0.028125
0 0.631250 0.715625 0.031250 0.031250
0 0.615625 0.334375 0.031250 0.031250
0 0.787500 0.828125 0.031250 0.031250
0 0.478125 0.860938 0.031250 0.028125
0 0.226562 0.101562 0.028125 0.028125
0 0.612500 0.750000 0.031250 0.031250
0 0.875000 0.565625 0.031250 0.031250
0 0.510938 0.804688 0.028125 0.028125
0 0.353125 0.446875 0.031250 0.031250
0 0.401562 0.473438 0.028125 0.028125
0 0.578125 0.746875 0.031250 0.031250
0 0.646875 0.746875 0.031250 0.031250
0 0.826562 0.482812 0.028125 0.028125
0 0.168750 0.828125 0.031250 0.031250
0 0.334375 0.712500 0.031250 0.031250
0 0.056250 0.134375 0.031250 0.031250
0 0.810937 0.051562 0.028125 0.028125
0 0.773438 0.740625 0.028125 0.031250
0 0.728125 0.479687 0.031250 0.028125
0 0.223438 0.448437 0.028125 0.028125
0 0.628125 0.776563 0.031250 0.028125
0 0.190625 0.681250 0.031250 0.031250
0 0.842187 0.507812 0.028125 0.028125
0 0.890625 0.089063 0.031250 0.028125
0 0.479687 0.617188 0.028125 0.028125
0 0.843750 0.676562 0.031250 0.028125
0 0.960938 0.782813 0.034375 0.034375
0 0.510938 0.746875 0.028125 0.031250
0 0.204687 0.651563 0.028125 0.028125
0 0.221875 0.681250 0.031250 0.031250
0 0.235937 0.650000 0.028125 0.031250
0 0.093750 0.625000 0.031250 0.031250
0 0.396875 0.890625 0.031250 0.031250
0 0.678125 0.565625 0.031250 0.031250
0 0.826562 0.535937 0.028125 0.028125
0 0.445312 0.617188 0.028125 0.028125
0 0.748437 0.335938 0.028125 0.028125
0 0.912500 0.112500 0.031250 0.031250
0 0.187500 0.798438 0.031250 0.028125
0 0.234375 0.828125 0.031250 0.031250
0 0.729688 0.306250 0.028125 0.031250
0 0.203125 0.768750 0.031250 0.031250
0 0.770312 0.101562 0.028125 0.028125
0 0.500000 0.078125 0.031250 0.031250
0 0.693750 0.595313 0.031250 0.028125
0 0.168750 0.768750 0.031250 0.031250
0 0.221875 0.737500 0.031250 0.031250
0 0.303125 0.362500 0.031250 0.031250
0 0.443750 0.743750 0.031250 0.031250
0 0.784375 0.129688 0.031250 0.028125
0 0.512500 0.559375 0.031250 0.031250
0 0.296875 0.771875 0.031250 0.031250
0 0.020313 0.859375 0.034375 0.031250
0 0.193750 0.212500 0.031250 0.031250
0 0.290625 0.103125 0.031250 0.031250
0 0.075000 0.771875 0.031250 0.031250
0 0.370312 0.189062 0.028125 0.028125
0 0.453125 0.104688 0.031250 0.028125
0 0.140625 0.593750 0.031250 0.031250
0 0.890625 0.645312 0.031250 0.028125
0 0.648438 0.446875 0.028125 0.031250
0 0.760938 0.364063 0.028125 0.028125
0 0.287500 0.740625 0.031250 0.031250
0 0.370312 0.473438 0.028125 0.028125
0 0.243750 0.071875 0.031250 0.031250
0 0.059375 0.454688 0.031250 0.028125
0 0.895312 0.431250 0.028125 0.031250
0 0.567187 0.585938 0.028125 0.028125
0 0.253125 0.739062 0.031250 0.028125
0 0.709375 0.276562 0.031250 0.028125
0 0.934375 0.081250 0.031250 0.031250
0 0.693750 0.537500 0.031250 0.031250
0 0.331250 0.771875 0.031250 0.031250
0 0.104688 0.885938 0.028125 0.028125
0 0.756250 0.768750 0.031250 0.031250
0 0.859375 0.425000 0.031250 0.031250
0 0.867188 0.200000 0.028125 0.031250
0 0.679688 0.446875 0.028125 0.031250
0 0.854688 0.709375 0.028125 0.031250
0 0.590625 0.831250 0.031250 0.031250
0 0.282813 0.859375 0.028125 0.031250
0 0.857812 0.592187 0.028125 0.028125
0 0.204687 0.710938 0.028125 0.028125
0 0.650000 0.631250 0.031250 0.031250
0 0.870313 0.260937 0.028125 0.028125
0 0.771875 0.800000 0.031250 0.031250
0 0.567187 0.306250 0.028125 0.031250
0 0.923438 0.593750 0.028125 0.031250
0 0.387500 0.048438 0.031250 0.028125
0 0.968750 0.859375 0.031250 0.031250
0 0.354687 0.275000 0.028125 0.031250
0 0.714063 0.448437 0.028125 0.028125
0 0.515625 0.104688 0.031250 0.028125
0 0.514062 0.048438 0.028125 0.028125
0 0.598437 0.529687 0.028125 0.028125
0 0.612500 0.689063 0.031250 0.028125
0 0.435937 0.248438 0.028125 0.028125
0 0.484375 0.220312 0.031250 0.028125
0 0.140625 0.712500 0.031250 0.031250
0 0.254688 0.559375 0.028125 0.031250
0 0.676562 0.051562 0.028125 0.028125
0 0.671875 0.862500 0.031250 0.031250
0 0.434375 0.078125 0.031250 0.031250
0 0.242188 0.184375 0.028125 0.031250
0 0.929688 0.140625 0.028125 0.031250
0 0.790625 0.709375 0.031250 0.031250
0 0.745313 0.621875 0.028125 0.031250
0 0.096875 0.340625 0.031250 0.031250
0 0.870313 0.803125 0.028125 0.031250
0 0.484375 0.160938 0.031250 0.028125
0 0.971875 0.621875 0.031250 0.031250
0 0.629687 0.417187 0.028125 0.028125
0 0.871875 0.114062 0.031250 0.028125
0 0.428125 0.831250 0.031250 0.031250
0 0.826562 0.082812 0.028125 0.028125
0 0.089063 0.798438 0.028125 0.028125
0 0.760938 0.479687 0.028125 0.028125
0 0.546875 0.104688 0.031250 0.028125
0 0.087500 0.856250 0.031250 0.031250
0 0.870313 0.859375 0.028125 0.031250
0 0.604688 0.862500 0.028125 0.031250
0 0.831250 0.143750 0.031250 0.031250
0 0.721875 0.020313 0.031250 0.028125
0 0.226562 0.212500 0.028125 0.031250
0 0.498437 0.134375 0.028125 0.031250
0 0.123438 0.798438 0.028125 0.028125
0 0.926562 0.429688 0.028125 0.028125
0 0.315625 0.800000 0.031250 0.031250
0 0.253125 0.618750 0.031250 0.031250
0 0.157812 0.678125 0.028125 0.031250
0 0.370312 0.132812 0.028125 0.028125
0 0.445312 0.803125 0.028125 0.031250
0 0.154688 0.798438 0.028125 0.028125
0 0.339062 0.129688 0.028125 0.028125
0 0.646875 0.334375 0.031250 0.031250
0 0.146875 0.412500 0.031250 0.031250
0 0.267188 0.648438 0.028125 0.028125
0 0.884375 0.231250 0.031250 0.031250
0 0.915625 0.345313 0.031250 0.028125
0 0.662500 0.306250 0.031250 0.031250
0 0.900000 0.318750 0.031250 0.031250
0 0.339062 0.075000 0.028125 0.031250
0 0.657813 0.834375 0.028125 0.031250
0 0.200000 0.887500 0.031250 0.031250
0 0.398438 0.593750 0.028125 0.031250
0 0.050000 0.234375 0.031250 0.031250
0 0.403125 0.075000 0.031250 0.031250
0 0.935937 0.679688 0.028125 0.028125
0 0.923438 0.540625 0.028125 0.031250
0 0.082812 0.048438 0.028125 0.028125
0 0.151562 0.443750 0.034375 0.031250
0 0.609375 0.803125 0.031250 0.031250
0 0.690625 0.834375 0.031250 0.031250
0 0.356250 0.103125 0.031250 0.031250
0 0.903125 0.804688 0.031250 0.028125
0 0.617188 0.557813 0.028125 0.028125
0 0.757812 0.710938 0.028125 0.028125
0 0.645312 0.104688 0.028125 0.028125
0 0.681250 0.332813 0.031250 0.028125
0 0.743750 0.565625 0.031250 0.031250
0 0.842187 0.620313 0.028125 0.028125
0 0.250000 0.859375 0.031250 0.031250
0 0.275000 0.239063 0.031250 0.028125
0 0.942187 0.515625 0.028125 0.031250
0 0.631250 0.362500 0.031250 0.031250
0 0.370312 0.245312 0.028125 0.028125
0 0.054688 0.200000 0.028125 0.031250
0 0.704688 0.862500 0.028125 0.031250
0 0.807813 0.621875 0.028125 0.031250
0 0.268750 0.589063 0.031250 0.028125
0 0.803125 0.796875 0.031250 0.031250
0 0.857812 0.085938 0.028125 0.028125
0 0.379688 0.804688 0.028125 0.028125
0 0.775000 0.278125 0.031250 0.031250
0 0.265625 0.828125 0.031250 0.031250
0 0.290625 0.268750 0.031250 0.031250
0 0.818750 0.290625 0.031250 0.031250
0 0.232813 0.889062 0.028125 0.028125
0 0.195312 0.268750 0.028125 0.031250
0 0.178125 0.406250 0.031250 0.031250
0 0.526563 0.831250 0.028125 0.031250
0 0.239063 0.532813 0.028125 0.028125
0 0.043750 0.621875 0.031250 0.031250
0 0.267188 0.771875 0.028125 0.031250
0 0.078125 0.220312 0.031250 0.028125
0 0.626563 0.020313 0.028125 0.028125
0 0.450000 0.160938 0.031250 0.028125
0 0.707812 0.048438 0.028125 0.028125
0 0.048438 0.267188 0.028125 0.028125
0 0.468750 0.190625 0.031250 0.031250
0 0.756250 0.831250 0.031250 0.031250
0 0.579688 0.696875 0.028125 0.031250
0 0.868750 0.320312 0.031250 0.028125
0 0.412500 0.746875 0.031250 0.031250
0 0.073438 0.317188 0.028125 0.028125
0 0.140625 0.479687 0.031250 0.028125
0 0.418750 0.104688 0.031250 0.028125
0 0.254688 0.681250 0.028125 0.031250
0 0.579688 0.104688 0.028125 0.028125
0 0.660937 0.775000 0.028125 0.031250
0 0.690625 0.190625 0.031250 0.031250
0 0.285938 0.618750 0.028125 0.031250
0 0.925000 0.648438 0.031250 0.028125
0 0.600000 0.475000 0.031250 0.031250
0 0.739062 0.048438 0.028125 0.028125
0 0.532813 0.078125 0.028125 0.031250
0 0.306250 0.300000 0.031250 0.031250
0 0.371875 0.075000 0.031250 0.031250
0 0.696875 0.362500 0.031250 0.031250
0 0.132812 0.546875 0.028125 0.031250
0 0.112500 0.492188 0.031250 0.028125
0 0.242188 0.418750 0.028125 0.031250
0 0.842187 0.398438 0.028125 0.028125
0 0.221875 0.559375 0.031250 0.031250
0 0.907813 0.620313 0.028125 0.028125
0 0.678125 0.276562 0.031250 0.028125
0 0.643750 0.806250 0.031250 0.031250
0 0.957812 0.595313 0.028125 0.028125
0 0.901563 0.256250 0.028125 0.031250
0 0.023438 0.795312 0.028125 0.028125
0 0.323437 0.046875 0.028125 0.031250
0 0.743750 0.276562 0.031250 0.028125
0 0.628125 0.192188 0.031250 0.028125
0 0.307812 0.187500 0.028125 0.031250
0 0.370312 0.301563 0.028125 0.028125
0 0.134375 0.228125 0.031250 0.031250
0 0.745313 0.450000 0.028125 0.031250
0 0.118750 0.393750 0.031250 0.031250
0 0.598437 0.134375 0.028125 0.031250
0 0.043750 0.714063 0.031250 0.028125
0 0.760938 0.535937 0.028125 0.028125
0 0.709375 0.509375 0.031250 0.031250
0 0.415625 0.714063 0.031250 0.028125
0 0.729688 0.362500 0.028125 0.031250
0 0.564063 0.132812 0.028125 0.028125
0 0.307812 0.075000 0.028125 0.031250
0 0.839063 0.567187 0.028125 0.028125
0 0.451562 0.048438 0.028125 0.028125
0 0.945312 0.167187 0.028125 0.028125
0 0.851562 0.345313 0.028125 0.028125
0 0.320312 0.446875 0.028125 0.031250
0 0.162500 0.503125 0.031250 0.031250
0 0.629687 0.473438 0.028125 0.028125
0 0.318750 0.678125 0.031250 0.031250
0 0.323437 0.103125 0.028125 0.031250
0 0.190625 0.446875 0.031250 0.031250
0 0.943750 0.756250 0.031250 0.031250
0 0.159375 0.156250 0.031250 0.031250
0 0.218750 0.798438 0.031250 0.028125
0 0.160938 0.275000 0.028125 0.031250
0 0.134375 0.514062 0.031250 0.028125
0 0.904687 0.860938 0.028125 0.028125
0 0.707812 0.101562 0.028125 0.028125
0 0.692187 0.076563 0.028125 0.028125
0 0.707812 0.804688 0.028125 0.028125
0 0.614062 0.445312 0.028125 0.028125
0 0.737500 0.860938 0.031250 0.028125
0 0.028125 0.740625 0.031250 0.031250
0 0.664062 0.417187 0.028125 0.028125
0 0.337500 0.245312 0.031250 0.028125
0 0.125000 0.328125 0.031250 0.031250
0 0.178125 0.365625 0.031250 0.031250
0 0.585938 0.557813 0.028125 0.028125
0 0.242188 0.128125 0.028125 0.031250
0 0.937500 0.860938 0.031250 0.028125
0 0.837500 0.737500 0.031250 0.031250
0 0.307812 0.129688 0.028125 0.028125
0 0.354687 0.217188 0.028125 0.028125
0 0.850000 0.175000 0.031250 0.031250
0 0.218750 0.859375 0.031250 0.031250
0 0.146875 0.118750 0.031250 0.031250
0 0.718750 0.892188 0.031250 0.028125
0 0.320312 0.559375 0.028125 0.031250
0 0.476562 0.746875 0.028125 0.031250
0 0.959375 0.053125 0.031250 0.031250
0 0.834375 0.318750 0.031250 0.031250
0 0.907813 0.565625 0.028125 0.031250
0 0.907813 0.064062 0.028125 0.028125
0 0.807813 0.565625 0.028125 0.031250
0 0.553125 0.715625 0.031250 0.031250
0 0.942187 0.457813 0.028125 0.028125
0 0.551562 0.556250 0.028125 0.031250
0 0.289062 0.446875 0.028125 0.031250
0 0.946875 0.346875 0.031250 0.031250
0 0.662500 0.659375 0.031250 0.031250
0 0.764062 0.307812 0.028125 0.028125
0 0.595313 0.250000 0.028125 0.031250
0 0.450000 0.220312 0.031250 0.028125
0 0.684375 0.892188 0.031250 0.028125
0 0.896875 0.034375 0.031250 0.031250
0 0.601562 0.587500 0.028125 0.031250
0 0.660937 0.246875 0.028125 0.031250
0 0.642188 0.048438 0.028125 0.028125
0 0.401562 0.417187 0.028125 0.028125
0 0.043750 0.331250 0.031250 0.031250
0 0.084375 0.115625 0.031250 0.031250
0 0.620313 0.892188 0.028125 0.028125
0 0.385937 0.217188 0.028125 0.028125
0 0.776563 0.050000 0.028125 0.031250
0 0.332813 0.589063 0.028125 0.028125
0 0.298438 0.645312 0.028125 0.028125
0 0.559375 0.831250 0.031250 0.031250
0 0.529687 0.020313 0.028125 0.028125
0 0.025000 0.532813 0.031250 0.028125
0 0.414062 0.621875 0.028125 0.031250
0 0.271875 0.296875 0.031250 0.031250
0 0.853125 0.290625 0.031250 0.031250
0 0.953125 0.831250 0.031250 0.031250
0 0.125000 0.620313 0.031250 0.028125
0 0.148438 0.379688 0.028125 0.028125
0 0.067187 0.387500 0.028125 0.031250
0 0.403125 0.134375 0.031250 0.031250
0 0.725000 0.771875 0.031250 0.031250
0 0.273438 0.129688 0.028125 0.028125
0 0.420312 0.045312 0.028125 0.028125
0 0.106250 0.653125 0.031250 0.031250
0 0.868750 0.743750 0.031250 0.031250
0 0.434375 0.189062 0.031250 0.028125
0 0.915625 0.225000 0.031250 0.031250
0 0.676562 0.164062 0.028125 0.028125
0 0.450000 0.275000 0.031250 0.031250
0 0.275000 0.073438 0.031250 0.028125
0 0.057813 0.798438 0.028125 0.028125
0 0.057813 0.485938 0.028125 0.028125
0 0.084375 0.084375 0.031250 0.031250
0 0.875000 0.454688 0.031250 0.028125
0 0.259375 0.212500 0.031250 0.031250
0 0.257812 0.101562 0.028125 0.028125
0 0.075000 0.284375 0.031250 0.031250
0 0.218750 0.328125 0.031250 0.031250
0 0.514062 0.503125 0.028125 0.031250
0 0.023438 0.246875 0.028125 0.031250
0 0.581250 0.332813 0.031250 0.028125
0 0.209375 0.475000 0.031250 0.031250
0 0.912500 0.703125 0.031250 0.031250
0 0.351562 0.617188 0.028125 0.028125
0 0.459375 0.715625 0.031250 0.031250
0 0.531250 0.473438 0.031250 0.028125
0 0.557813 0.889062 0.028125 0.028125
0 0.681250 0.625000 0.031250 0.031250
0 0.485938 0.662500 0.028125 0.031250
0 0.728125 0.653125 0.031250 0.031250
0 0.478125 0.804688 0.031250 0.028125
0 0.595313 0.417187 0.028125 0.028125
0 0.928125 0.037500 0.031250 0.031250
0 0.537500 0.584375 0.031250 0.031250
0 0.182812 0.331250 0.028125 0.031250
0 0.192188 0.156250 0.028125 0.031250
0 0.542188 0.748437 0.028125 0.028125
0 0.168750 0.887500 0.031250 0.031250
0 0.829688 0.028125 0.034375 0.031250
0 0.417187 0.503125 0.028125 0.031250
0 0.628125 0.248438 0.031250 0.028125
0 0.156250 0.739062 0.031250 0.028125
0 0.625000 0.834375 0.031250 0.031250
0 0.206250 0.532813 0.031250 0.028125
0 0.451562 0.446875 0.028125 0.031250
0 0.484375 0.104688 0.031250 0.028125
0 0.296875 0.887500 0.031250 0.031250
0 0.387500 0.103125 0.031250 0.031250
0 0.329688 0.887500 0.028125 0.031250
0 0.242188 0.476562 0.028125 0.028125
0 0.273438 0.476562 0.028125 0.028125
0 0.315625 0.618750 0.031250 0.031250
0 0.131250 0.146875 0.031250 0.031250
0 0.078125 0.253125 0.031250 0.031250
0 0.048438 0.298438 0.028125 0.028125
0 0.548438 0.221875 0.028125 0.031250
0 0.803125 0.265625 0.031250 0.031250
0 0.354687 0.159375 0.028125 0.031250
0 0.740625 0.803125 0.031250 0.031250
0 0.104688 0.240625 0.028125 0.031250
0 0.126562 0.682813 0.028125 0.028125
0 0.712500 0.565625 0.031250 0.031250
0 0.285938 0.559375 0.028125 0.031250
0 0.495312 0.587500 0.028125 0.031250
0 0.645312 0.276562 0.028125 0.028125
0 0.071875 0.885938 0.031250 0.028125
0 0.287500 0.506250 0.031250 0.031250
0 0.931250 0.892188 0.031250 0.034375
0 0.234375 0.765625 0.031250 0.031250
0 0.776563 0.623437 0.028125 0.028125
0 0.692187 0.020313 0.028125 0.028125
0 0.648438 0.557813 0.028125 0.028125
0 0.528125 0.689063 0.031250 0.034375
0 0.339062 0.187500 0.028125 0.031250
0 0.306250 0.242188 0.031250 0.028125
0 0.356250 0.048438 0.031250 0.028125
0 0.028125 0.050000 0.031250 0.031250
0 0.621875 0.612500 0.031250 0.031250
0 0.721875 0.834375 0.031250 0.031250
0 0.645312 0.164062 0.028125 0.028125
0 0.853125 0.235937 0.031250 0.028125
0 0.706250 0.160938 0.031250 0.028125
0 0.739062 0.101562 0.028125 0.028125
0 0.235937 0.589063 0.028125 0.028125
0 0.089063 0.440625 0.028125 0.031250
0 0.579688 0.446875 0.028125 0.031250
0 0.723437 0.076563 0.028125 0.028125
0 0.056250 0.065625 0.031250 0.031250
0 0.862500 0.143750 0.031250 0.031250
0 0.675000 0.220312 0.031250 0.028125
0 0.084375 0.187500 0.031250 0.031250
0 0.353125 0.387500 0.031250 0.031250
0 0.596875 0.362500 0.031250 0.031250
0 0.448437 0.559375 0.028125 0.031250
0 0.187500 0.856250 0.031250 0.031250
0 0.257812 0.045312 0.028125 0.028125
0 0.135937 0.828125 0.028125 0.031250
0 0.193750 0.100000 0.031250 0.031250
0 0.056250 0.032813 0.031250 0.028125
0 0.565625 0.528125 0.031250 0.031250
0 0.890625 0.593750 0.031250 0.031250
0 0.417187 0.445312 0.028125 0.028125
0 0.843750 0.057813 0.031250 0.028125
0 0.428125 0.682813 0.031250 0.028125
0 0.740625 0.215625 0.031250 0.031250
0 0.432812 0.417187 0.028125 0.028125
0 0.564063 0.473438 0.028125 0.028125
0 0.056250 0.167187 0.031250 0.028125
0 0.385937 0.387500 0.028125 0.031250
0 0.300000 0.589063 0.031250 0.028125
0 0.792188 0.592187 0.028125 0.028125
0 0.298438 0.829688 0.028125 0.028125
0 0.393750 0.775000 0.031250 0.031250
0 0.693750 0.715625 0.031250 0.031250
0 0.320312 0.504687 0.028125 0.028125
0 0.495312 0.832812 0.028125 0.028125
0 0.465625 0.134375 0.031250 0.031250
0 0.839063 0.264062 0.028125 0.028125
0 0.882812 0.171875 0.028125 0.031250
0 0.759375 0.651563 0.031250 0.028125
0 0.526563 0.775000 0.028125 0.031250
0 0.745313 0.392188 0.028125 0.028125
0 0.873437 0.618750 0.028125 0.031250
0 0.171875 0.471875 0.031250 0.031250
0 0.906250 0.671875 0.031250 0.031250
0 0.040625 0.368750 0.031250 0.031250
0 0.610938 0.050000 0.028125 0.031250
0 0.321875 0.331250 0.031250 0.031250
0 0.646875 0.687500 0.031250 0.031250
0 0.257812 0.446875 0.028125 0.031250
0 0.804688 0.210938 0.028125 0.028125
0 0.612500 0.276562 0.031250 0.028125
0 0.026562 0.181250 0.028125 0.031250
0 0.484375 0.276562 0.031250 0.028125
0 0.396875 0.684375 0.031250 0.031250
0 0.712500 0.392188 0.031250 0.028125
0 0.728125 0.595313 0.031250 0.028125
0 0.054688 0.518750 0.028125 0.031250
0 0.928125 0.729688 0.031250 0.034375
0 0.265625 0.887500 0.031250 0.031250
0 0.143750 0.064062 0.031250 0.034375
0 0.131250 0.290625 0.031250 0.031250
0 0.090625 0.407813 0.031250 0.028125
0 0.348438 0.857812 0.028125 0.028125
0 0.593750 0.775000 0.031250 0.031250
0 0.545312 0.804688 0.028125 0.028125
0 0.020313 0.278125 0.028125 0.031250
0 0.792188 0.482812 0.028125 0.028125
0 0.837500 0.860938 0.031250 0.028125
0 0.885938 0.715625 0.028125 0.031250
0 0.643750 0.220312 0.031250 0.028125
0 0.104688 0.828125 0.028125 0.031250
0 0.306250 0.476562 0.031250 0.028125
0 0.496875 0.531250 0.031250 0.031250
0 0.176563 0.184375 0.028125 0.031250
0 0.696875 0.418750 0.031250 0.031250
0 0.273438 0.185938 0.028125 0.028125
0 0.178125 0.128125 0.031250 0.031250
0 0.900000 0.196875 0.031250 0.031250
0 0.678125 0.503125 0.031250 0.031250
0 0.879687 0.403125 0.028125 0.031250
0 0.657813 0.018750 0.028125 0.031250
0 0.182812 0.300000 0.028125 0.031250
0 0.548438 0.279687 0.028125 0.028125
0 0.028125 0.081250 0.031250 0.031250
0 0.403125 0.246875 0.031250 0.031250
0 0.498437 0.020313 0.028125 0.028125
0 0.968750 0.262500 0.031250 0.031250
0 0.393750 0.650000 0.031250 0.031250
0 0.170313 0.651563 0.028125 0.028125
0 0.595313 0.190625 0.028125 0.031250
0 0.362500 0.775000 0.031250 0.031250
0 0.040625 0.653125 0.031250 0.031250
0 0.515625 0.276562 0.031250 0.028125
0 0.529687 0.532813 0.028125 0.028125
0 0.206250 0.356250 0.031250 0.031250
0 0.282813 0.800000 0.028125 0.031250
0 0.235937 0.370312 0.028125 0.028125
0 0.510938 0.860938 0.028125 0.028125
0 0.515625 0.221875 0.031250 0.031250
0 0.629687 0.304688 0.028125 0.028125
0 0.250000 0.798438 0.031250 0.028125
0 0.606250 0.640625 0.031250 0.031250
0 0.017188 0.348438 0.028125 0.028125
0 0.975000 0.459375 0.031250 0.031250
0 0.321875 0.273438 0.031250 0.028125
0 0.500000 0.190625 0.031250 0.031250
0 0.575000 0.801562 0.031250 0.028125
0 0.289062 0.214062 0.028125 0.028125
0 0.678125 0.687500 0.031250 0.031250
0 0.756250 0.246875 0.031250 0.031250
0 0.726562 0.712500 0.028125 0.031250
0 0.721875 0.132812 0.025000 0.028125
0 0.940625 0.565625 0.031250 0.031250
0 0.207813 0.418750 0.028125 0.031250
0 0.857812 0.482812 0.028125 0.028125
0 0.579688 0.276562 0.028125 0.028125
0 0.379688 0.860938 0.028125 0.028125
0 0.381250 0.731250 0.031250 0.031250
0 0.028125 0.150000 0.031250 0.031250
0 0.462500 0.831250 0.031250 0.031250
0 0.632812 0.531250 0.028125 0.031250
0 0.882812 0.346875 0.028125 0.031250
0 0.676562 0.104688 0.028125 0.028125
0 0.210938 0.182812 0.028125 0.028125
0 0.681250 0.390625 0.031250 0.031250
0 0.257812 0.157812 0.028125 0.028125
0 0.429688 0.587500 0.028125 0.031250
0 0.648438 0.390625 0.028125 0.031250
0 0.840625 0.112500 0.031250 0.031250
0 0.942187 0.403125 0.028125 0.031250
0 0.353125 0.331250 0.031250 0.031250
0 0.351562 0.562500 0.028125 0.031250
0 0.957812 0.654687 0.028125 0.028125
0 0.026562 0.498437 0.028125 0.028125
0 0.714063 0.621875 0.028125 0.031250
0 0.379688 0.620313 0.028125 0.028125
0 0.331250 0.831250 0.031250 0.031250
0 0.103125 0.304688 0.031250 0.028125
0 0.467187 0.020313 0.028125 0.028125
0 0.320312 0.214062 0.028125 0.028125
0 0.610938 0.104688 0.028125 0.028125
0 0.450000 0.387500 0.031250 0.031250
0 0.140625 0.650000 0.031250 0.031250
0 0.821875 0.709375 0.031250 0.031250
0 0.417187 0.275000 0.028125 0.031250
0 0.559375 0.775000 0.031250 0.031250
0 0.256250 0.506250 0.031250 0.031250
0 0.973437 0.514062 0.028125 0.028125
0 0.290625 0.157812 0.025000 0.028125
0 0.514062 0.446875 0.028125 0.031250
0 0.426563 0.775000 0.028125 0.031250
0 0.404687 0.189062 0.028125 0.028125
0 0.435937 0.473438 0.028125 0.028125
0 0.060937 0.420312 0.028125 0.028125
0 0.115625 0.175000 0.031250 0.031250
0 0.804688 0.740625 0.028125 0.031250
0 0.365625 0.831250 0.031250 0.031250
0 0.460938 0.890625 0.028125 0.031250
0 0.960938 0.431250 0.028125 0.031250
0 0.076563 0.542188 0.028125 0.028125
0 0.385937 0.331250 0.028125 0.031250
0 0.389062 0.275000 0.028125 0.031250
0 0.910937 0.401562 0.028125 0.028125
0 0.792188 0.767188 0.028125 0.028125
0 0.500000 0.303125 0.031250 0.031250
0 0.335938 0.301563 0.028125 0.028125
0 0.493750 0.775000 0.031250 0.031250
0 0.962500 0.196875 0.031250 0.031250
0 0.564063 0.362500 0.028125 0.031250
0 0.598437 0.304688 0.028125 0.028125
0 0.414062 0.560937 0.028125 0.028125
0 0.628125 0.134375 0.031250 0.031250
0 0.306250 0.417187 0.031250 0.028125
0 0.093750 0.682813 0.031250 0.028125
0 0.025000 0.212500 0.031250 0.031250
0 0.028125 0.115625 0.031250 0.031250
0 0.692187 0.775000 0.028125 0.031250
0 0.370312 0.417187 0.028125 0.028125
0 0.504687 0.637500 0.028125 0.031250
0 0.204687 0.587500 0.028125 0.031250
0 0.273438 0.418750 0.028125 0.031250
0 0.368750 0.703125 0.031250 0.031250
0 0.970313 0.682813 0.028125 0.028125
0 0.123438 0.359375 0.028125 0.031250
0 0.887500 0.832812 0.031250 0.028125
0 0.106250 0.712500 0.031250 0.031250
0 0.931250 0.196875 0.031250 0.031250
0 0.760938 0.423438 0.028125 0.028125
0 0.151562 0.345313 0.028125 0.028125
0 0.496875 0.689063 0.031250 0.028125
0 0.581250 0.164062 0.031250 0.028125
0 0.290625 0.045312 0.031250 0.028125
0 0.115625 0.034375 0.031250 0.031250
0 0.545312 0.503125 0.028125 0.031250
0 0.362500 0.648438 0.031250 0.028125
0 0.268750 0.365625 0.031250 0.031250
0 0.900000 0.892188 0.031250 0.034375
0 0.412500 0.860938 0.031250 0.028125
0 0.362500 0.887500 0.031250 0.031250
0 0.953125 0.709375 0.031250 0.031250
0 0.067187 0.353125 0.028125 0.031250
0 0.448437 0.503125 0.028125 0.031250
0 0.723437 0.246875 0.028125 0.031250
0 0.973437 0.567187 0.028125 0.028125
0 0.332813 0.645312 0.028125 0.028125
0 0.759375 0.595313 0.031250 0.028125
0 0.115625 0.121875 0.031250 0.031250
0 0.484375 0.334375 0.031250 0.031250
0 0.812500 0.892188 0.031250 0.034375
0 0.728125 0.535937 0.031250 0.028125
0 0.550000 0.614062 0.031250 0.028125
0 0.692187 0.246875 0.028125 0.031250
0 0.117188 0.456250 0.028125 0.031250
0 0.785937 0.185938 0.028125 0.028125
0 0.612500 0.389062 0.031250 0.028125
0 0.418750 0.387500 0.031250 0.031250
0 0.564063 0.020313 0.028125 0.028125
0 0.460938 0.589063 0.028125 0.028125
0 0.659375 0.190625 0.031250 0.031250
0 0.056250 0.098437 0.031250 0.028125
0 0.210938 0.128125 0.028125 0.031250
0 0.826562 0.595313 0.028125 0.028125
0 0.531250 0.418750 0.031250 0.031250
0 0.628125 0.662500 0.031250 0.031250
0 0.600000 0.721875 0.031250 0.031250
0 0.773438 0.859375 0.028125 0.031250
0 0.467187 0.304688 0.028125 0.028125
0 0.109375 0.209375 0.031250 0.031250
0 0.435937 0.134375 0.028125 0.031250
0 0.517188 0.610938 0.028125 0.028125
0 0.750000 0.890625 0.031250 0.031250
0 0.103125 0.560937 0.031250 0.028125
0 0.717187 0.335938 0.028125 0.028125
0 0.964063 0.140625 0.028125 0.031250
0 0.776563 0.451562 0.028125 0.028125
0 0.382812 0.504687 0.028125 0.028125
0 0.801562 0.157812 0.028125 0.028125
0 0.287500 0.675000 0.031250 0.031250
0 0.029687 0.467187 0.028125 0.028125
0 0.190625 0.559375 0.031250 0.031250
0 0.243750 0.239063 0.031250 0.028125
0 0.662500 0.715625 0.031250 0.031250
0 0.490625 0.720313 0.031250 0.028125
0 0.665625 0.362500 0.031250 0.031250
0 0.445312 0.860938 0.028125 0.028125
0 0.582812 0.501563 0.028125 0.028125
0 0.401562 0.301563 0.028125 0.028125
0 0.128125 0.090625 0.031250 0.031250
0 0.339062 0.020313 0.028125 0.028125
0 0.432812 0.532813 0.028125 0.028125
0 0.050000 0.554688 0.031250 0.028125
0 0.214062 0.293750 0.028125 0.031250
0 0.564063 0.190625 0.028125 0.031250
0 0.221875 0.620313 0.031250 0.028125
0 0.370312 0.018750 0.028125 0.031250
0 0.614062 0.501563 0.028125 0.028125
0 0.770312 0.212500 0.028125 0.031250
0 0.614062 0.164062 0.028125 0.028125
0 0.250000 0.340625 0.031250 0.031250
0 0.532813 0.134375 0.028125 0.031250
0 0.962500 0.375000 0.031250 0.031250
0 0.092188 0.373437 0.028125 0.028125
0 0.134375 0.257812 0.031250 0.028125
0 0.418750 0.159375 0.031250 0.031250
0 0.289062 0.390625 0.028125 0.031250
0 0.093750 0.737500 0.031250 0.031250
0 0.429688 0.887500 0.028125 0.031250
0 0.968750 0.082812 0.031250 0.028125
0 0.073438 0.575000 0.028125 0.031250
0 0.810937 0.395313 0.028125 0.028125
0 0.335938 0.360938 0.028125 0.028125
0 0.173437 0.712500 0.028125 0.031250
0 0.693750 0.653125 0.031250 0.031250
0 0.929688 0.373437 0.028125 0.028125
0 0.403125 0.018750 0.031250 0.031250
0 0.243750 0.307812 0.031250 0.028125
0 0.032813 0.435937 0.028125 0.028125
0 0.712500 0.682813 0.031250 0.028125
0 0.018750 0.565625 0.031250 0.031250
0 0.104688 0.270313 0.028125 0.028125
0 0.162500 0.215625 0.031250 0.031250
0 0.435937 0.018750 0.028125 0.031250
0 0.579688 0.050000 0.028125 0.031250
0 0.779687 0.395313 0.028125 0.028125
0 0.789062 0.239063 0.028125 0.028125
0 0.548438 0.446875 0.028125 0.031250
0 0.975000 0.743750 0.031250 0.031250
0 0.781250 0.890625 0.031250 0.031250
0 0.350000 0.803125 0.031250 0.031250
0 0.479687 0.557813 0.028125 0.028125
0 0.745313 0.681250 0.028125 0.031250
0 0.323437 0.159375 0.028125 0.031250
0 0.321875 0.387500 0.031250 0.031250
0 0.581250 0.389062 0.031250 0.028125
0 0.898438 0.373437 0.028125 0.028125
0 0.721875 0.190625 0.031250 0.031250
0 0.531250 0.250000 0.031250 0.031250
0 0.576562 0.860938 0.028125 0.028125
0 0.018750 0.314063 0.031250 0.028125
0 0.387500 0.159375 0.031250 0.031250
0 0.564063 0.417187 0.028125 0.028125
0 0.467187 0.529687 0.028125 0.028125
0 0.534375 0.651563 0.031250 0.028125
0 0.960938 0.485938 0.028125 0.028125
0 0.039062 0.401562 0.028125 0.028125
0 0.565625 0.643750 0.031250 0.031250
0 0.084375 0.018750 0.031250 0.031250
0 0.337500 0.417187 0.031250 0.028125
0 0.862500 0.031250 0.031250 0.031250
0 0.562500 0.250000 0.031250 0.031250
0 0.118750 0.426563 0.031250 0.028125
0 0.425000 0.651563 0.031250 0.028125
0 0.257812 0.268750 0.028125 0.031250
0 0.401562 0.360938 0.028125 0.028125
0 0.257812 0.392188 0.028125 0.028125
0 0.662500 0.531250 0.031250 0.031250
0 0.842187 0.454688 0.028125 0.028125
0 0.714063 0.743750 0.028125 0.031250
0 0.228125 0.268750 0.031250 0.031250
0 0.304688 0.532813 0.028125 0.028125
0 0.028125 0.684375 0.031250 0.031250
0 0.467187 0.360938 0.028125 0.028125
0 0.548438 0.389062 0.028125 0.028125
0 0.884375 0.290625 0.031250 0.031250
0 0.645312 0.501563 0.028125 0.028125
0 0.459375 0.646875 0.031250 0.031250
0 0.223438 0.503125 0.028125 0.031250
0 0.595313 0.018750 0.028125 0.031250
0 0.595313 0.076563 0.028125 0.028125
0 0.307812 0.018750 0.028125 0.031250
0 0.364063 0.592187 0.028125 0.028125
0 0.462500 0.684375 0.031250 0.031250
0 0.335938 0.532813 0.028125 0.028125
0 0.087500 0.473438 0.031250 0.028125
0 0.525000 0.890625 0.031250 0.031250
0 0.576562 0.220312 0.028125 0.028125
0 0.195312 0.503125 0.028125 0.031250
0 0.482812 0.445312 0.028125 0.028125
0 0.589063 0.889062 0.028125 0.028125
0 0.529687 0.195312 0.028125 0.028125
0 0.067187 0.604688 0.028125 0.028125
0 0.146875 0.031250 0.031250 0.031250
0 0.557813 0.673438 0.028125 0.028125
0 0.154688 0.623437 0.028125 0.028125
0 0.226562 0.154688 0.028125 0.028125
0 0.532813 0.306250 0.028125 0.025000
0 0.523438 0.720313 0.028125 0.028125
0 0.104688 0.528125 0.028125 0.031250
0 0.978125 0.168750 0.031250 0.031250
0 0.742188 0.737500 0.028125 0.031250
0 0.867188 0.892188 0.034375 0.034375
0 0.589063 0.664062 0.028125 0.028125
0 0.178125 0.062500 0.031250 0.031250
0 0.351562 0.504687 0.028125 0.028125
0 0.028125 0.017188 0.031250 0.028125
0 0.707812 0.217188 0.028125 0.028125
0 0.975000 0.812500 0.031250 0.031250
0 0.351562 0.678125 0.028125 0.031250
0 0.071875 0.826562 0.025000 0.028125
0 0.753125 0.129688 0.025000 0.028125
0 0.435937 0.304688 0.028125 0.028125
0 0.962500 0.892188 0.031250 0.034375
0 0.953125 0.015625 0.031250 0.031250
0 0.189062 0.625000 0.028125 0.031250
0 0.498437 0.360938 0.028125 0.028125
0 0.045312 0.585938 0.028125 0.028125
0 0.626563 0.076563 0.028125 0.028125
0 0.467187 0.420312 0.028125 0.028125
0 0.159375 0.565625 0.031250 0.031250
0 0.975000 0.401562 0.031250 0.028125
0 0.017188 0.603125 0.028125 0.031250
0 0.182812 0.032813 0.034375 0.034375
0 0.493750 0.890625 0.031250 0.031250
0 0.632812 0.582812 0.028125 0.028125
0 0.209375 0.017188 0.031250 0.028125
0 0.270313 0.532813 0.028125 0.028125
0 0.517188 0.164062 0.028125 0.028125
0 0.979688 0.290625 0.028125 0.031250
0 0.173437 0.592187 0.028125 0.028125
0 0.957812 0.539062 0.028125 0.028125
0 0.978125 0.346875 0.031250 0.031250
0 0.243750 0.018750 0.031250 0.031250
0 0.981250 0.112500 0.031250 0.031250
0 0.398438 0.532813 0.028125 0.028125
