0 0.087500 0.906250 0.031250 0.031250
0 0.679688 0.890625 0.028125 0.031250
0 0.268750 0.906250 0.031250 0.031250
0 0.945312 0.684375 0.028125 0.031250
0 0.120313 0.815625 0.028125 0.031250
0 0.484375 0.871875 0.031250 0.031250
0 0.023438 0.587500 0.028125 0.031250
0 0.800000 0.559375 0.031250 0.031250
0 0.282813 0.875000 0.028125 0.031250
0 0.253125 0.757812 0.031250 0.028125
0 0.864062 0.596875 0.028125 0.031250
0 0.317188 0.875000 0.028125 0.031250
0 0.171875 0.671875 0.031250 0.031250
0 0.546875 0.756250 0.031250 0.031250
0 0.087500 0.815625 0.031250 0.031250
0 0.384375 0.528125 0.031250 0.031250
0 0.103125 0.381250 0.031250 0.031250
0 0.287500 0.412500 0.031250 0.031250
0 0.153125 0.412500 0.031250 0.031250
0 0.484375 0.643750 0.031250 0.031250
0 0.384375 0.929688 0.031250 0.028125
0 0.285938 0.585938 0.028125 0.028125
0 0.234375 0.901563 0.031250 0.028125
0 0.200000 0.901563 0.031250 0.028125
0 0.120313 0.700000 0.028125 0.031250
0 0.551562 0.929688 0.028125 0.028125
0 0.450000 0.871875 0.031250 0.031250
0 0.629687 0.443750 0.028125 0.031250
0 0.926562 0.439063 0.028125 0.028125
0 0.089063 0.528125 0.028125 0.031250
0 0.320312 0.585938 0.028125 0.028125
0 0.465625 0.671875 0.031250 0.031250
0 0.318750 0.815625 0.031250 0.031250
0 0.054688 0.898438 0.028125 0.028125
0 0.662500 0.671875 0.031250 0.031250
0 0.171875 0.785937 0.031250 0.028125
0 0.043750 0.778125 0.031250 0.031250
0 0.500000 0.671875 0.031250 0.031250
0 0.137500 0.381250 0.031250 0.031250
0 0.303125 0.668750 0.031250 0.031250
0 0.156250 0.700000 0.031250 0.031250
0 0.368750 0.901563 0.031250 0.028125
0 0.154688 0.642188 0.028125 0.028125
0 0.040625 0.671875 0.031250 0.031250
0 0.303125 0.381250 0.031250 0.031250
0 0.065625 0.843750 0.031250 0.031250
0 0.137500 0.728125 0.031250 0.031250
0 0.218750 0.871875 0.031250 0.031250
0 0.465625 0.443750 0.031250 0.031250
0 0.203125 0.843750 0.031250 0.031250
0 0.253125 0.700000 0.031250 0.031250
0 0.056250 0.700000 0.031250 0.031250
0 0.089063 0.642188 0.028125 0.028125
0 0.073438 0.557813 0.028125 0.028125
0 0.107813 0.612500 0.028125 0.031250
0 0.770312 0.673438 0.028125 0.028125
0 0.434375 0.787500 0.031250 0.031250
0 0.450000 0.642188 0.031250 0.028125
0 0.867188 0.532813 0.028125 0.028125
0 0.748437 0.473438 0.028125 0.028125
0 0.235937 0.671875 0.028125 0.031250
0 0.187500 0.587500 0.031250 0.031250
0 0.100000 0.846875 0.031250 0.031250
0 0.596875 0.670312 0.031250 0.028125
0 0.385937 0.585938 0.028125 0.028125
0 0.120313 0.757812 0.028125 0.028125
0 0.104688 0.785937 0.028125 0.028125
0 0.204687 0.787500 0.028125 0.031250
0 0.268750 0.787500 0.031250 0.031250
0 0.548438 0.810937 0.028125 0.028125
0 0.368750 0.612500 0.031250 0.031250
0 0.517188 0.698438 0.028125 0.028125
0 0.664062 0.723437 0.028125 0.028125
0 0.271875 0.615625 0.031250 0.031250
0 0.250000 0.875000 0.031250 0.031250
0 0.778125 0.471875 0.031250 0.031250
0 0.484375 0.757812 0.031250 0.028125
0 0.054688 0.810937 0.028125 0.028125
0 0.220312 0.757812 0.028125 0.028125
0 0.420312 0.643750 0.028125 0.031250
0 0.056250 0.642188 0.031250 0.028125
0 0.468750 0.901563 0.031250 0.028125
0 0.401562 0.500000 0.028125 0.031250
0 0.187500 0.757812 0.031250 0.028125
0 0.104688 0.729688 0.028125 0.028125
0 0.707812 0.904687 0.028125 0.028125
0 0.131250 0.846875 0.031250 0.031250
0 0.235937 0.379688 0.028125 0.028125
0 0.334375 0.381250 0.031250 0.031250
0 0.948438 0.585938 0.028125 0.028125
0 0.168750 0.840625 0.031250 0.031250
0 0.596875 0.842187 0.031250 0.028125
0 0.037500 0.381250 0.031250 0.031250
0 0.434375 0.614062 0.031250 0.028125
0 0.712500 0.698438 0.031250 0.028125
0 0.468750 0.615625 0.031250 0.031250
0 0.139063 0.789062 0.028125 0.028125
0 0.835938 0.610938 0.028125 0.028125
0 0.920312 0.665625 0.028125 0.031250
0 0.779687 0.531250 0.028125 0.031250
0 0.450000 0.756250 0.031250 0.031250
0 0.645312 0.696875 0.028125 0.031250
0 0.417187 0.528125 0.028125 0.031250
0 0.696875 0.556250 0.031250 0.031250
0 0.796875 0.501563 0.031250 0.028125
0 0.973437 0.701562 0.028125 0.028125
0 0.468750 0.784375 0.031250 0.031250
0 0.565625 0.500000 0.031250 0.031250
0 0.534375 0.901563 0.031250 0.028125
0 0.839063 0.450000 0.034375 0.031250
0 0.121875 0.642188 0.031250 0.028125
0 0.171875 0.557813 0.031250 0.028125
0 0.253125 0.410938 0.031250 0.028125
0 0.417187 0.757812 0.028125 0.028125
0 0.550000 0.870313 0.031250 0.028125
0 0.467187 0.843750 0.028125 0.031250
0 0.614062 0.698438 0.028125 0.028125
0 0.384375 0.410938 0.031250 0.028125
0 0.871875 0.432812 0.031250 0.028125
0 0.401562 0.614062 0.028125 0.028125
0 0.450000 0.931250 0.031250 0.031250
0 0.451562 0.815625 0.028125 0.031250
0 0.835938 0.579688 0.028125 0.028125
0 0.532813 0.614062 0.028125 0.028125
0 0.662500 0.612500 0.031250 0.031250
0 0.696875 0.442188 0.031250 0.028125
0 0.040625 0.614062 0.031250 0.028125
0 0.106250 0.557813 0.031250 0.028125
0 0.581250 0.698438 0.031250 0.028125
0 0.695312 0.725000 0.028125 0.031250
0 0.351562 0.871875 0.028125 0.031250
0 0.235937 0.845313 0.028125 0.028125
0 0.714063 0.585938 0.028125 0.028125
0 0.353125 0.585938 0.031250 0.028125
0 0.153125 0.528125 0.031250 0.031250
0 0.156250 0.871875 0.031250 0.031250
0 0.268750 0.845313 0.031250 0.028125
0 0.065625 0.931250 0.031250 0.031250
0 0.021875 0.890625 0.031250 0.031250
0 0.075000 0.787500 0.031250 0.031250
0 0.707812 0.935937 0.028125 0.028125
0 0.515625 0.471875 0.031250 0.031250
0 0.565625 0.614062 0.031250 0.028125
0 0.945312 0.717187 0.028125 0.028125
0 0.501563 0.725000 0.028125 0.031250
0 0.268750 0.381250 0.031250 0.031250
0 0.837500 0.548438 0.031250 0.028125
0 0.618750 0.870313 0.031250 0.028125
0 0.337500 0.557813 0.031250 0.028125
0 0.951562 0.554688 0.028125 0.028125
0 0.201563 0.671875 0.028125 0.031250
0 0.862500 0.629687 0.031250 0.028125
0 0.401562 0.670312 0.028125 0.028125
0 0.417187 0.815625 0.028125 0.031250
0 0.550000 0.585938 0.031250 0.028125
0 0.121875 0.584375 0.031250 0.031250
0 0.432812 0.845313 0.028125 0.028125
0 0.221875 0.643750 0.031250 0.031250
0 0.532813 0.843750 0.028125 0.031250
0 0.548438 0.414062 0.028125 0.028125
0 0.401562 0.785937 0.028125 0.028125
0 0.679688 0.753125 0.028125 0.031250
0 0.812500 0.531250 0.031250 0.031250
0 0.235937 0.614062 0.028125 0.028125
0 0.417187 0.871875 0.028125 0.031250
0 0.128125 0.951562 0.031250 0.028125
0 0.729688 0.503125 0.028125 0.031250
0 0.221875 0.585938 0.031250 0.028125
0 0.496875 0.787500 0.031250 0.031250
0 0.068750 0.381250 0.031250 0.031250
0 0.764062 0.557813 0.028125 0.028125
0 0.400000 0.440625 0.031250 0.031250
0 0.500000 0.443750 0.031250 0.031250
0 0.548438 0.698438 0.028125 0.028125
0 0.500000 0.901563 0.031250 0.028125
0 0.071875 0.500000 0.031250 0.031250
0 0.596875 0.784375 0.031250 0.031250
0 0.287500 0.528125 0.031250 0.031250
0 0.171875 0.729688 0.031250 0.028125
0 0.548438 0.471875 0.028125 0.031250
0 0.218750 0.815625 0.031250 0.031250
0 0.500000 0.614062 0.031250 0.028125
0 0.581250 0.414062 0.031250 0.028125
0 0.235937 0.789062 0.028125 0.028125
0 0.215625 0.934375 0.031250 0.031250
0 0.517188 0.584375 0.028125 0.031250
0 0.087500 0.470313 0.031250 0.028125
0 0.187500 0.815625 0.031250 0.031250
0 0.334375 0.671875 0.031250 0.031250
0 0.548438 0.529687 0.028125 0.028125
0 0.434375 0.900000 0.031250 0.031250
0 0.484375 0.471875 0.031250 0.031250
0 0.120313 0.409375 0.028125 0.031250
0 0.565625 0.442188 0.031250 0.028125
0 0.706250 0.971875 0.031250 0.031250
0 0.514062 0.642188 0.028125 0.028125
0 0.068750 0.731250 0.031250 0.031250
0 0.054688 0.348438 0.034375 0.034375
0 0.353125 0.529687 0.031250 0.028125
0 0.056250 0.528125 0.031250 0.031250
0 0.946875 0.651563 0.031250 0.028125
0 0.075000 0.875000 0.031250 0.031250
0 0.073438 0.671875 0.028125 0.031250
0 0.950000 0.521875 0.031250 0.031250
0 0.350000 0.931250 0.031250 0.031250
0 0.334375 0.903125 0.031250 0.031250
0 0.948438 0.618750 0.028125 0.031250
0 0.550000 0.642188 0.031250 0.028125
0 0.368750 0.440625 0.031250 0.031250
0 0.153125 0.815625 0.031250 0.031250
0 0.271875 0.557813 0.031250 0.028125
0 0.517188 0.353125 0.034375 0.031250
0 0.748437 0.529687 0.028125 0.028125
0 0.732812 0.557813 0.028125 0.028125
0 0.432812 0.440625 0.028125 0.031250
0 0.581250 0.810937 0.031250 0.028125
0 0.021875 0.646875 0.031250 0.031250
0 0.564063 0.384375 0.028125 0.031250
0 0.193750 0.959375 0.031250 0.031250
0 0.448437 0.412500 0.028125 0.031250
0 0.565625 0.556250 0.031250 0.031250
0 0.103125 0.440625 0.031250 0.031250
0 0.432812 0.728125 0.028125 0.031250
0 0.303125 0.500000 0.031250 0.031250
0 0.764062 0.939063 0.028125 0.028125
0 0.500000 0.843750 0.031250 0.031250
0 0.053125 0.470313 0.031250 0.028125
0 0.253125 0.642188 0.031250 0.028125
0 0.615625 0.812500 0.031250 0.031250
0 0.140625 0.612500 0.031250 0.031250
0 0.565625 0.668750 0.031250 0.031250
0 0.432812 0.673438 0.028125 0.028125
0 0.532813 0.668750 0.028125 0.031250
0 0.517188 0.871875 0.028125 0.031250
0 0.804688 0.657813 0.028125 0.028125
0 0.268750 0.440625 0.031250 0.031250
0 0.764062 0.501563 0.028125 0.028125
0 0.867188 0.564063 0.028125 0.028125
0 0.484375 0.356250 0.031250 0.031250
0 0.182812 0.929688 0.028125 0.028125
0 0.465625 0.728125 0.031250 0.031250
0 0.085938 0.410938 0.028125 0.028125
0 0.612500 0.754687 0.031250 0.028125
0 0.040625 0.560937 0.031250 0.028125
0 0.253125 0.526563 0.031250 0.028125
0 0.645312 0.809375 0.028125 0.031250
0 0.253125 0.815625 0.031250 0.031250
0 0.895312 0.517188 0.028125 0.028125
0 0.420312 0.585938 0.028125 0.028125
0 0.353125 0.410938 0.031250 0.028125
0 0.482812 0.814063 0.028125 0.028125
0 0.975000 0.604688 0.031250 0.028125
0 0.287500 0.815625 0.031250 0.031250
0 0.562500 0.726562 0.031250 0.028125
0 0.401562 0.557813 0.028125 0.028125
0 0.184375 0.412500 0.031250 0.031250
0 0.185938 0.871875 0.028125 0.031250
0 0.187500 0.700000 0.031250 0.031250
0 0.318750 0.353125 0.031250 0.031250
0 0.135937 0.673438 0.028125 0.028125
0 0.401562 0.957812 0.028125 0.028125
0 0.745313 0.415625 0.028125 0.031250
0 0.189062 0.643750 0.028125 0.031250
0 0.300000 0.934375 0.031250 0.031250
0 0.893750 0.581250 0.031250 0.031250
0 0.350000 0.818750 0.031250 0.031250
0 0.514062 0.814063 0.028125 0.028125
0 0.104688 0.671875 0.028125 0.031250
0 0.579688 0.754687 0.028125 0.028125
0 0.170313 0.614062 0.028125 0.028125
0 0.448437 0.470313 0.028125 0.028125
0 0.040625 0.501563 0.031250 0.028125
0 0.681250 0.585938 0.031250 0.028125
0 0.596875 0.556250 0.031250 0.031250
0 0.500000 0.384375 0.031250 0.031250
0 0.889062 0.645312 0.028125 0.028125
0 0.201563 0.728125 0.028125 0.031250
0 0.367188 0.670312 0.028125 0.028125
0 0.287500 0.468750 0.031250 0.031250
0 0.648438 0.642188 0.028125 0.028125
0 0.664062 0.557813 0.028125 0.028125
0 0.500000 0.501563 0.031250 0.028125
0 0.598437 0.384375 0.028125 0.031250
0 0.629687 0.726562 0.028125 0.028125
0 0.204687 0.557813 0.028125 0.028125
0 0.531250 0.384375 0.031250 0.031250
0 0.034375 0.837500 0.031250 0.031250
0 0.318750 0.412500 0.031250 0.031250
0 0.153125 0.759375 0.031250 0.031250
0 0.415625 0.470313 0.031250 0.028125
0 0.204687 0.614062 0.028125 0.028125
0 0.714063 0.473438 0.028125 0.028125
0 0.696875 0.503125 0.031250 0.031250
0 0.087500 0.757812 0.031250 0.028125
0 0.681250 0.642188 0.031250 0.028125
0 0.167187 0.443750 0.028125 0.031250
0 0.596875 0.898438 0.031250 0.028125
0 0.400000 0.726562 0.031250 0.028125
0 0.629687 0.670312 0.028125 0.028125
0 0.023438 0.801562 0.028125 0.028125
0 0.120313 0.348438 0.034375 0.034375
0 0.646875 0.471875 0.031250 0.031250
0 0.300000 0.970313 0.031250 0.028125
0 0.109375 0.878125 0.031250 0.031250
0 0.615625 0.475000 0.031250 0.031250
0 0.681250 0.528125 0.031250 0.031250
0 0.921875 0.503125 0.031250 0.031250
0 0.598437 0.442188 0.028125 0.028125
0 0.648438 0.901563 0.034375 0.034375
0 0.975000 0.637500 0.031250 0.031250
0 0.253125 0.587500 0.031250 0.031250
0 0.764062 0.445312 0.028125 0.028125
0 0.840625 0.512500 0.031250 0.031250
0 0.300000 0.845313 0.031250 0.028125
0 0.595313 0.726562 0.028125 0.028125
0 0.745313 0.585938 0.028125 0.028125
0 0.564063 0.784375 0.028125 0.031250
0 0.734375 0.726562 0.031250 0.028125
0 0.271875 0.496875 0.031250 0.031250
0 0.760938 0.385937 0.028125 0.028125
0 0.385937 0.642188 0.028125 0.028125
0 0.582812 0.585938 0.028125 0.028125
0 0.614062 0.414062 0.028125 0.028125
0 0.235937 0.728125 0.028125 0.031250
0 0.778125 0.415625 0.031250 0.031250
0 0.465625 0.384375 0.031250 0.031250
0 0.135937 0.896875 0.028125 0.031250
0 0.465625 0.500000 0.031250 0.031250
0 0.045312 0.867188 0.028125 0.028125
0 0.517188 0.931250 0.028125 0.031250
0 0.807813 0.590625 0.028125 0.031250
0 0.039062 0.953125 0.028125 0.031250
0 0.071875 0.964063 0.031250 0.028125
0 0.121875 0.528125 0.031250 0.031250
0 0.334375 0.787500 0.031250 0.031250
0 0.401562 0.901563 0.028125 0.028125
0 0.631250 0.612500 0.031250 0.031250
0 0.484375 0.928125 0.031250 0.031250
0 0.150000 0.925000 0.031250 0.031250
0 0.270313 0.671875 0.028125 0.031250
0 0.468750 0.959375 0.031250 0.031250
0 0.370312 0.557813 0.028125 0.028125
0 0.676562 0.951562 0.028125 0.028125
0 0.037500 0.743750 0.031250 0.031250
0 0.075000 0.612500 0.031250 0.031250
0 0.384375 0.871875 0.031250 0.031250
0 0.645312 0.754687 0.028125 0.028125
0 0.023438 0.529687 0.028125 0.028125
0 0.303125 0.615625 0.031250 0.031250
0 0.268750 0.729688 0.031250 0.028125
0 0.812500 0.471875 0.031250 0.031250
0 0.334375 0.845313 0.031250 0.028125
0 0.648438 0.528125 0.028125 0.031250
0 0.681250 0.415625 0.031250 0.031250
0 0.117188 0.921875 0.028125 0.031250
0 0.806250 0.625000 0.031250 0.031250
0 0.432812 0.382812 0.028125 0.028125
0 0.796875 0.387500 0.031250 0.031250
0 0.532813 0.785937 0.028125 0.028125
0 0.301563 0.556250 0.028125 0.031250
0 0.893750 0.550000 0.031250 0.031250
0 0.220312 0.701562 0.028125 0.028125
0 0.368750 0.382812 0.031250 0.028125
0 0.335938 0.614062 0.028125 0.028125
0 0.714063 0.639062 0.028125 0.028125
0 0.729688 0.445312 0.028125 0.028125
0 0.581250 0.528125 0.031250 0.031250
0 0.285938 0.642188 0.028125 0.028125
0 0.368750 0.787500 0.031250 0.031250
0 0.920312 0.632812 0.028125 0.028125
0 0.589063 0.928125 0.028125 0.031250
0 0.417187 0.410938 0.028125 0.028125
0 0.382812 0.471875 0.028125 0.031250
0 0.646875 0.412500 0.031250 0.031250
0 0.303125 0.787500 0.031250 0.031250
0 0.153125 0.351562 0.031250 0.034375
0 0.434375 0.959375 0.031250 0.031250
0 0.320312 0.528125 0.028125 0.031250
0 0.400000 0.382812 0.031250 0.028125
0 0.068750 0.443750 0.031250 0.031250
0 0.565625 0.896875 0.031250 0.031250
0 0.676562 0.920312 0.028125 0.028125
0 0.532813 0.443750 0.028125 0.031250
0 0.684375 0.859375 0.031250 0.031250
0 0.432812 0.500000 0.028125 0.031250
0 0.187500 0.471875 0.031250 0.031250
0 0.695312 0.614062 0.028125 0.028125
0 0.418750 0.931250 0.031250 0.031250
0 0.285938 0.698438 0.028125 0.028125
0 0.598437 0.614062 0.028125 0.028125
0 0.484375 0.412500 0.031250 0.031250
0 0.515625 0.412500 0.031250 0.031250
0 0.156250 0.584375 0.031250 0.031250
0 0.089063 0.585938 0.028125 0.028125
0 0.956250 0.423438 0.031250 0.034375
0 0.021875 0.412500 0.031250 0.031250
0 0.337500 0.501563 0.031250 0.028125
0 0.401562 0.845313 0.028125 0.028125
0 0.582812 0.867188 0.028125 0.028125
0 0.645312 0.585938 0.028125 0.028125
0 0.514062 0.529687 0.028125 0.028125
0 0.953125 0.487500 0.031250 0.031250
0 0.168750 0.900000 0.031250 0.031250
0 0.729688 0.668750 0.028125 0.031250
0 0.728125 0.614062 0.031250 0.028125
0 0.650000 0.935937 0.031250 0.028125
0 0.532813 0.556250 0.028125 0.031250
0 0.795312 0.445312 0.028125 0.028125
0 0.135937 0.439063 0.028125 0.028125
0 0.664062 0.443750 0.028125 0.031250
0 0.565625 0.842187 0.031250 0.028125
0 0.650000 0.868750 0.031250 0.031250
0 0.601562 0.976562 0.034375 0.034375
0 0.031250 0.923438 0.031250 0.028125
0 0.696875 0.668750 0.031250 0.031250
0 0.053125 0.412500 0.031250 0.031250
0 0.162500 0.956250 0.031250 0.031250
0 0.581250 0.642188 0.031250 0.028125
0 0.187500 0.351562 0.031250 0.034375
0 0.303125 0.440625 0.031250 0.031250
0 0.973437 0.734375 0.028125 0.031250
0 0.664062 0.782813 0.028125 0.028125
0 0.237500 0.557813 0.031250 0.028125
0 0.734375 0.956250 0.031250 0.031250
0 0.368750 0.498437 0.031250 0.028125
0 0.501563 0.959375 0.028125 0.031250
0 0.812500 0.415625 0.031250 0.031250
0 0.629687 0.557813 0.028125 0.028125
0 0.629687 0.779687 0.028125 0.028125
0 0.434375 0.557813 0.031250 0.028125
0 0.917188 0.695312 0.028125 0.028125
0 0.973437 0.668750 0.028125 0.031250
0 0.203125 0.381250 0.031250 0.031250
0 0.729688 0.387500 0.028125 0.031250
0 0.271875 0.950000 0.031250 0.031250
0 0.571875 0.956250 0.031250 0.031250
0 0.256250 0.468750 0.031250 0.031250
0 0.868750 0.468750 0.031250 0.031250
0 0.089063 0.700000 0.028125 0.031250
0 0.482812 0.698438 0.028125 0.028125
0 0.942187 0.814063 0.028125 0.028125
0 0.771875 0.737500 0.031250 0.031250
0 0.803125 0.690625 0.031250 0.031250
0 0.056250 0.585938 0.031250 0.028125
0 0.745313 0.695312 0.028125 0.028125
0 0.300000 0.728125 0.031250 0.031250
0 0.954688 0.454688 0.034375 0.034375
0 0.970313 0.831250 0.028125 0.031250
0 0.631250 0.385937 0.031250 0.028125
0 0.621875 0.950000 0.031250 0.031250
0 0.220312 0.470313 0.028125 0.028125
0 0.835938 0.642188 0.028125 0.028125
0 0.650000 0.354687 0.031250 0.034375
0 0.095312 0.942187 0.028125 0.028125
0 0.681250 0.809375 0.031250 0.031250
0 0.532813 0.498437 0.028125 0.028125
0 0.328125 0.954688 0.031250 0.028125
0 0.253125 0.350000 0.031250 0.031250
0 0.351562 0.642188 0.028125 0.028125
0 0.681250 0.354687 0.031250 0.034375
0 0.617188 0.528125 0.028125 0.031250
0 0.971875 0.796875 0.031250 0.031250
0 0.353125 0.470313 0.031250 0.028125
0 0.612500 0.585938 0.031250 0.028125
0 0.737500 0.892188 0.031250 0.028125
0 0.285938 0.759375 0.028125 0.031250
0 0.620313 0.917188 0.028125 0.028125
0 0.246875 0.931250 0.031250 0.031250
0 0.942187 0.846875 0.028125 0.031250
0 0.020313 0.351562 0.034375 0.034375
0 0.745313 0.642188 0.028125 0.028125
0 0.717187 0.529687 0.028125 0.028125
0 0.714063 0.415625 0.028125 0.031250
0 0.235937 0.498437 0.028125 0.028125
0 0.925000 0.398438 0.031250 0.034375
0 0.139063 0.557813 0.028125 0.028125
0 0.662500 0.500000 0.031250 0.031250
0 0.650000 0.970313 0.031250 0.028125
0 0.287500 0.353125 0.031250 0.031250
0 0.384375 0.818750 0.031250 0.031250
0 0.453125 0.700000 0.031250 0.031250
0 0.660937 0.837500 0.028125 0.031250
0 0.918750 0.567187 0.031250 0.028125
0 0.898438 0.453125 0.028125 0.031250
0 0.920312 0.598437 0.028125 0.028125
0 0.712500 0.751563 0.031250 0.028125
0 0.359375 0.962500 0.031250 0.031250
0 0.318750 0.756250 0.031250 0.031250
0 0.087500 0.348438 0.031250 0.034375
0 0.417187 0.701562 0.028125 0.028125
0 0.385937 0.353125 0.034375 0.031250
0 0.581250 0.356250 0.031250 0.031250
0 0.318750 0.475000 0.031250 0.031250
0 0.968750 0.862500 0.031250 0.031250
0 0.237500 0.964063 0.031250 0.034375
0 0.735938 0.923438 0.028125 0.028125
0 0.629687 0.840625 0.028125 0.031250
0 0.529687 0.726562 0.028125 0.028125
0 0.860938 0.387500 0.028125 0.031250
0 0.776563 0.587500 0.028125 0.031250
0 0.353125 0.353125 0.031250 0.031250
0 0.550000 0.356250 0.031250 0.031250
0 0.450000 0.584375 0.031250 0.031250
0 0.026562 0.714063 0.028125 0.028125
0 0.748437 0.354687 0.034375 0.034375
0 0.596875 0.501563 0.031250 0.028125
0 0.385937 0.698438 0.028125 0.028125
0 0.317188 0.700000 0.028125 0.031250
0 0.696875 0.387500 0.031250 0.031250
0 0.450000 0.353125 0.031250 0.031250
0 0.368750 0.843750 0.031250 0.031250
0 0.104688 0.500000 0.028125 0.031250
0 0.828125 0.385937 0.031250 0.028125
0 0.901563 0.418750 0.028125 0.031250
0 0.664062 0.385937 0.028125 0.028125
0 0.843750 0.415625 0.031250 0.031250
0 0.975000 0.573438 0.031250 0.028125
0 0.892188 0.614062 0.028125 0.028125
0 0.168750 0.382812 0.031250 0.028125
0 0.218750 0.353125 0.031250 0.031250
0 0.776563 0.640625 0.028125 0.031250
0 0.926562 0.470313 0.028125 0.028125
0 0.481250 0.584375 0.031250 0.031250
0 0.679688 0.473438 0.028125 0.028125
0 0.875000 0.356250 0.031250 0.031250
0 0.939063 0.359375 0.034375 0.031250
0 0.893750 0.385937 0.031250 0.028125
0 0.978125 0.540625 0.031250 0.031250
0 0.679688 0.696875 0.028125 0.031250
0 0.334375 0.440625 0.031250 0.031250
0 0.809375 0.356250 0.031250 0.031250
0 0.959375 0.390625 0.031250 0.031250
0 0.537500 0.959375 0.031250 0.031250
0 0.632812 0.501563 0.028125 0.028125
0 0.714063 0.356250 0.034375 0.031250
0 0.760938 0.612500 0.028125 0.031250
0 0.696875 0.781250 0.031250 0.031250
0 0.582812 0.471875 0.028125 0.031250
0 0.514062 0.757812 0.028125 0.028125
0 0.301563 0.904687 0.028125 0.028125
0 0.743750 0.754687 0.031250 0.028125
0 0.775000 0.704688 0.031250 0.028125
0 0.843750 0.359375 0.031250 0.031250
0 0.234375 0.440625 0.031250 0.031250
0 0.418750 0.353125 0.031250 0.031250
0 0.915625 0.829688 0.031250 0.028125
0 0.793750 0.925000 0.031250 0.031250
0 0.978125 0.506250 0.031250 0.031250
0 0.760938 0.973437 0.028125 0.028125
0 0.170313 0.500000 0.028125 0.031250
0 0.712500 0.873437 0.031250 0.028125
0 0.765625 0.907813 0.031250 0.028125
0 0.451562 0.529687 0.028125 0.028125
0 0.921875 0.534375 0.031250 0.031250
0 0.790625 0.957812 0.031250 0.034375
0 0.615625 0.354687 0.031250 0.034375
0 0.778125 0.356250 0.031250 0.031250
0 0.889062 0.681250 0.028125 0.031250
0 0.771875 0.771875 0.031250 0.031250
0 0.970313 0.354687 0.034375 0.034375
0 0.614062 0.642188 0.028125 0.028125
0 0.898438 0.485938 0.028125 0.028125
0 0.873437 0.495312 0.028125 0.028125
0 0.768750 0.806250 0.031250 0.031250
0 0.906250 0.356250 0.031250 0.031250
0 0.320312 0.642188 0.028125 0.028125
0 0.104688 0.973437 0.028125 0.028125
0 0.842187 0.482812 0.028125 0.028125
0 0.978125 0.475000 0.031250 0.031250
0 0.796875 0.823438 0.031250 0.028125
0 0.914062 0.729688 0.028125 0.028125
0 0.203125 0.437500 0.031250 0.031250
0 0.017188 0.978125 0.028125 0.031250
0 0.967187 0.895312 0.034375 0.034375
