0 0.762500 0.095312 0.031250 0.028125
0 0.037500 0.484375 0.031250 0.031250
0 0.146875 0.875000 0.031250 0.031250
0 0.615625 0.206250 0.031250 0.031250
0 0.764062 0.060937 0.028125 0.028125
0 0.560937 0.267188 0.028125 0.028125
0 0.818750 0.321875 0.031250 0.031250
0 0.503125 0.204687 0.031250 0.028125
0 0.821875 0.159375 0.031250 0.031250
0 0.760938 0.157812 0.028125 0.028125
0 0.557813 0.298438 0.028125 0.028125
0 0.640625 0.768750 0.031250 0.031250
0 0.821875 0.095312 0.031250 0.034375
0 0.356250 0.657813 0.031250 0.028125
0 0.682813 0.635938 0.028125 0.028125
0 0.675000 0.106250 0.031250 0.031250
0 0.501563 0.235937 0.028125 0.028125
0 0.731250 0.206250 0.031250 0.031250
0 0.729688 0.398438 0.028125 0.028125
0 0.790625 0.173437 0.031250 0.028125
0 0.067187 0.496875 0.028125 0.031250
0 0.821875 0.125000 0.031250 0.031250
0 0.214062 0.201563 0.028125 0.028125
0 0.329688 0.168750 0.028125 0.031250
0 0.128125 0.903125 0.031250 0.031250
0 0.587500 0.662500 0.031250 0.031250
0 0.243750 0.087500 0.031250 0.031250
0 0.618750 0.173437 0.031250 0.028125
0 0.346875 0.770312 0.031250 0.028125
0 0.793750 0.528125 0.031250 0.031250
0 0.093750 0.165625 0.031250 0.031250
0 0.609375 0.612500 0.031250 0.031250
0 0.792188 0.076563 0.028125 0.028125
0 0.359375 0.215625 0.031250 0.031250
0 0.468750 0.815625 0.031250 0.031250
0 0.792188 0.110937 0.028125 0.028125
0 0.037500 0.231250 0.031250 0.031250
0 0.073438 0.528125 0.028125 0.031250
0 0.362500 0.517188 0.031250 0.028125
0 0.089063 0.443750 0.028125 0.031250
0 0.790625 0.306250 0.031250 0.031250
0 0.329688 0.471875 0.028125 0.031250
0 0.067187 0.278125 0.028125 0.031250
0 0.301563 0.843750 0.028125 0.031250
0 0.717187 0.635938 0.028125 0.028125
0 0.734375 0.553125 0.031250 0.031250
0 0.734375 0.142187 0.031250 0.028125
0 0.079687 0.875000 0.028125 0.031250
0 0.760938 0.348438 0.028125 0.028125
0 0.329688 0.137500 0.028125 0.031250
0 0.346875 0.596875 0.031250 0.031250
0 0.657813 0.718750 0.028125 0.031250
0 0.281250 0.364063 0.031250 0.028125
0 0.532813 0.668750 0.028125 0.031250
0 0.792188 0.043750 0.028125 0.031250
0 0.703125 0.189062 0.031250 0.028125
0 0.593750 0.695312 0.031250 0.028125
0 0.557813 0.331250 0.028125 0.031250
0 0.220312 0.300000 0.028125 0.031250
0 0.698438 0.410938 0.028125 0.028125
0 0.732812 0.075000 0.028125 0.031250
0 0.790625 0.271875 0.031250 0.031250
0 0.821875 0.062500 0.031250 0.031250
0 0.635938 0.567187 0.028125 0.028125
0 0.531250 0.282813 0.031250 0.028125
0 0.760938 0.285938 0.028125 0.028125
0 0.362500 0.864062 0.031250 0.028125
0 0.300000 0.184375 0.031250 0.031250
0 0.645312 0.156250 0.028125 0.031250
0 0.248438 0.248438 0.028125 0.028125
0 0.617188 0.267188 0.028125 0.028125
0 0.153125 0.164062 0.031250 0.028125
0 0.528125 0.314063 0.031250 0.028125
0 0.181250 0.479687 0.031250 0.028125
0 0.329688 0.203125 0.028125 0.031250
0 0.146875 0.434375 0.031250 0.031250
0 0.273438 0.298438 0.028125 0.028125
0 0.093750 0.478125 0.031250 0.031250
0 0.559375 0.235937 0.031250 0.028125
0 0.025000 0.384375 0.031250 0.031250
0 0.718750 0.581250 0.031250 0.031250
0 0.675000 0.237500 0.031250 0.031250
0 0.604688 0.582812 0.028125 0.028125
0 0.587500 0.220312 0.031250 0.028125
0 0.221875 0.335938 0.031250 0.028125
0 0.282813 0.395313 0.028125 0.028125
0 0.757812 0.414062 0.028125 0.028125
0 0.445312 0.231250 0.028125 0.031250
0 0.615625 0.237500 0.031250 0.031250
0 0.620313 0.673438 0.028125 0.028125
0 0.643750 0.284375 0.031250 0.031250
0 0.445312 0.262500 0.028125 0.031250
0 0.556250 0.796875 0.031250 0.031250
0 0.253125 0.564063 0.031250 0.028125
0 0.382812 0.810937 0.028125 0.028125
0 0.284375 0.748437 0.031250 0.028125
0 0.448437 0.692187 0.028125 0.028125
0 0.731250 0.109375 0.031250 0.031250
0 0.760938 0.189062 0.028125 0.028125
0 0.390625 0.325000 0.031250 0.031250
0 0.185938 0.118750 0.028125 0.031250
0 0.790625 0.209375 0.031250 0.031250
0 0.143750 0.615625 0.031250 0.031250
0 0.543750 0.734375 0.031250 0.031250
0 0.226562 0.726562 0.028125 0.028125
0 0.185938 0.654687 0.028125 0.028125
0 0.495312 0.795312 0.028125 0.028125
0 0.243750 0.217188 0.031250 0.028125
0 0.273438 0.203125 0.028125 0.031250
0 0.657813 0.656250 0.028125 0.031250
0 0.578125 0.745313 0.031250 0.028125
0 0.071875 0.314063 0.031250 0.028125
0 0.040625 0.071875 0.031250 0.031250
0 0.387500 0.262500 0.031250 0.031250
0 0.475000 0.314063 0.031250 0.028125
0 0.587500 0.345313 0.031250 0.028125
0 0.040625 0.267188 0.031250 0.028125
0 0.273438 0.071875 0.028125 0.031250
0 0.096875 0.262500 0.031250 0.031250
0 0.245312 0.279687 0.028125 0.028125
0 0.475000 0.187500 0.031250 0.031250
0 0.273438 0.264062 0.028125 0.028125
0 0.521875 0.778125 0.031250 0.031250
0 0.298438 0.153125 0.028125 0.031250
0 0.042188 0.518750 0.028125 0.031250
0 0.645312 0.253125 0.028125 0.031250
0 0.262500 0.903125 0.031250 0.031250
0 0.459375 0.550000 0.031250 0.031250
0 0.587500 0.314063 0.031250 0.028125
0 0.229687 0.851562 0.028125 0.028125
0 0.532813 0.189062 0.028125 0.028125
0 0.781250 0.462500 0.031250 0.031250
0 0.501563 0.393750 0.028125 0.031250
0 0.734375 0.665625 0.031250 0.031250
0 0.123438 0.243750 0.028125 0.031250
0 0.159375 0.531250 0.031250 0.031250
0 0.601562 0.723437 0.028125 0.028125
0 0.587500 0.282813 0.031250 0.028125
0 0.704688 0.090625 0.028125 0.031250
0 0.226562 0.368750 0.028125 0.031250
0 0.415625 0.184375 0.031250 0.031250
0 0.032813 0.448437 0.028125 0.028125
0 0.614062 0.393750 0.028125 0.031250
0 0.635938 0.598437 0.028125 0.028125
0 0.807813 0.485938 0.034375 0.034375
0 0.157812 0.290625 0.028125 0.031250
0 0.214062 0.167187 0.028125 0.028125
0 0.510938 0.717187 0.028125 0.028125
0 0.673438 0.204687 0.028125 0.028125
0 0.585938 0.778125 0.028125 0.031250
0 0.159375 0.792188 0.031250 0.028125
0 0.342187 0.739062 0.028125 0.028125
0 0.759375 0.382812 0.031250 0.028125
0 0.095312 0.198437 0.028125 0.028125
0 0.075000 0.345313 0.031250 0.028125
0 0.414062 0.248438 0.028125 0.028125
0 0.318750 0.440625 0.031250 0.031250
0 0.551562 0.492188 0.028125 0.028125
0 0.176563 0.818750 0.028125 0.031250
0 0.331250 0.296875 0.031250 0.031250
0 0.275000 0.234375 0.031250 0.031250
0 0.617188 0.300000 0.028125 0.031250
0 0.750000 0.579688 0.031250 0.028125
0 0.529687 0.810937 0.028125 0.028125
0 0.289062 0.779687 0.028125 0.028125
0 0.048438 0.581250 0.028125 0.031250
0 0.103125 0.325000 0.031250 0.031250
0 0.271875 0.168750 0.031250 0.031250
0 0.818750 0.256250 0.031250 0.031250
0 0.115625 0.815625 0.031250 0.031250
0 0.335938 0.534375 0.028125 0.031250
0 0.589063 0.807813 0.028125 0.028125
0 0.153125 0.259375 0.031250 0.031250
0 0.185938 0.150000 0.028125 0.031250
0 0.331250 0.328125 0.031250 0.031250
0 0.243750 0.182812 0.031250 0.028125
0 0.723437 0.493750 0.028125 0.031250
0 0.532813 0.840625 0.028125 0.031250
0 0.445312 0.200000 0.028125 0.031250
0 0.442188 0.392188 0.028125 0.028125
0 0.703125 0.348438 0.031250 0.028125
0 0.385937 0.842187 0.028125 0.028125
0 0.639062 0.471875 0.028125 0.031250
0 0.417187 0.279687 0.028125 0.028125
0 0.095312 0.229687 0.028125 0.028125
0 0.300000 0.120313 0.031250 0.028125
0 0.168750 0.739062 0.031250 0.028125
0 0.789062 0.142187 0.028125 0.028125
0 0.473438 0.675000 0.028125 0.031250
0 0.487500 0.531250 0.031250 0.031250
0 0.504687 0.684375 0.028125 0.031250
0 0.667188 0.607812 0.028125 0.028125
0 0.290625 0.607812 0.031250 0.028125
0 0.200000 0.790625 0.031250 0.031250
0 0.056250 0.395313 0.031250 0.028125
0 0.557813 0.364063 0.028125 0.028125
0 0.329688 0.104688 0.028125 0.028125
0 0.339062 0.565625 0.028125 0.031250
0 0.021875 0.568750 0.031250 0.031250
0 0.665625 0.489063 0.031250 0.028125
0 0.367188 0.718750 0.028125 0.031250
0 0.245312 0.676562 0.028125 0.028125
0 0.732812 0.173437 0.028125 0.028125
0 0.417187 0.310937 0.028125 0.028125
0 0.645312 0.220312 0.028125 0.028125
0 0.520312 0.571875 0.028125 0.031250
0 0.790625 0.337500 0.031250 0.031250
0 0.264062 0.798438 0.028125 0.028125
0 0.040625 0.300000 0.031250 0.031250
0 0.067187 0.245312 0.028125 0.028125
0 0.473438 0.217188 0.028125 0.028125
0 0.615625 0.362500 0.031250 0.031250
0 0.195312 0.717187 0.028125 0.028125
0 0.268750 0.832812 0.031250 0.028125
0 0.064062 0.184375 0.028125 0.031250
0 0.320312 0.617188 0.028125 0.028125
0 0.165625 0.560937 0.031250 0.028125
0 0.098437 0.103125 0.028125 0.031250
0 0.515625 0.746875 0.031250 0.031250
0 0.576562 0.565625 0.028125 0.031250
0 0.354687 0.453125 0.028125 0.031250
0 0.153125 0.195312 0.031250 0.028125
0 0.292187 0.462500 0.028125 0.031250
0 0.110937 0.390625 0.028125 0.031250
0 0.751563 0.637500 0.028125 0.031250
0 0.503125 0.171875 0.031250 0.031250
0 0.453125 0.723437 0.031250 0.028125
0 0.473438 0.376563 0.028125 0.028125
0 0.784375 0.431250 0.031250 0.031250
0 0.064062 0.465625 0.028125 0.031250
0 0.125000 0.487500 0.031250 0.031250
0 0.625000 0.704688 0.031250 0.028125
0 0.729688 0.332813 0.028125 0.028125
0 0.243750 0.120313 0.031250 0.028125
0 0.359375 0.309375 0.031250 0.031250
0 0.550000 0.765625 0.031250 0.031250
0 0.248438 0.704688 0.028125 0.028125
0 0.335938 0.707812 0.028125 0.028125
0 0.528125 0.376563 0.031250 0.028125
0 0.703125 0.221875 0.031250 0.031250
0 0.589063 0.189062 0.028125 0.028125
0 0.243750 0.154688 0.031250 0.028125
0 0.040625 0.040625 0.031250 0.031250
0 0.751563 0.479687 0.028125 0.028125
0 0.610938 0.518750 0.028125 0.031250
0 0.726562 0.429688 0.028125 0.028125
0 0.243750 0.054688 0.031250 0.028125
0 0.095312 0.134375 0.028125 0.031250
0 0.790625 0.240625 0.031250 0.031250
0 0.300000 0.215625 0.031250 0.031250
0 0.064062 0.118750 0.028125 0.031250
0 0.812500 0.450000 0.031250 0.031250
0 0.048438 0.362500 0.028125 0.031250
0 0.198437 0.395313 0.028125 0.028125
0 0.470313 0.642188 0.028125 0.028125
0 0.300000 0.492188 0.031250 0.028125
0 0.067187 0.645312 0.028125 0.028125
0 0.818750 0.287500 0.031250 0.031250
0 0.473438 0.282813 0.028125 0.028125
0 0.309375 0.875000 0.031250 0.031250
0 0.123438 0.210938 0.028125 0.028125
0 0.407813 0.792188 0.028125 0.028125
0 0.632812 0.735938 0.028125 0.028125
0 0.110937 0.756250 0.028125 0.031250
0 0.607812 0.757812 0.028125 0.028125
0 0.732812 0.607812 0.028125 0.028125
0 0.359375 0.250000 0.031250 0.031250
0 0.389062 0.200000 0.028125 0.031250
0 0.560937 0.201563 0.028125 0.028125
0 0.670312 0.395313 0.028125 0.028125
0 0.584375 0.409375 0.031250 0.031250
0 0.698438 0.442188 0.028125 0.028125
0 0.643750 0.315625 0.031250 0.031250
0 0.329688 0.676562 0.028125 0.028125
0 0.764062 0.126562 0.028125 0.028125
0 0.221875 0.550000 0.031250 0.031250
0 0.734375 0.043750 0.031250 0.031250
0 0.501563 0.360938 0.028125 0.028125
0 0.387500 0.231250 0.031250 0.031250
0 0.157812 0.101562 0.028125 0.028125
0 0.410938 0.820312 0.028125 0.028125
0 0.415625 0.478125 0.031250 0.031250
0 0.359375 0.184375 0.031250 0.031250
0 0.345313 0.421875 0.028125 0.031250
0 0.329688 0.262500 0.028125 0.031250
0 0.643750 0.628125 0.031250 0.031250
0 0.228125 0.582812 0.031250 0.028125
0 0.243750 0.501563 0.031250 0.028125
0 0.431250 0.567187 0.031250 0.028125
0 0.701562 0.379688 0.028125 0.028125
0 0.064062 0.150000 0.028125 0.031250
0 0.204687 0.604688 0.028125 0.028125
0 0.445312 0.329688 0.028125 0.028125
0 0.445312 0.423438 0.028125 0.028125
0 0.070312 0.087500 0.028125 0.031250
0 0.503125 0.267188 0.031250 0.028125
0 0.085938 0.409375 0.028125 0.031250
0 0.531250 0.220312 0.031250 0.028125
0 0.156250 0.500000 0.031250 0.031250
0 0.732812 0.301563 0.028125 0.028125
0 0.093750 0.626563 0.031250 0.028125
0 0.782813 0.567187 0.034375 0.034375
0 0.523438 0.509375 0.028125 0.031250
0 0.034375 0.168750 0.031250 0.031250
0 0.378125 0.606250 0.031250 0.031250
0 0.279687 0.718750 0.028125 0.031250
0 0.309375 0.729688 0.031250 0.028125
0 0.389062 0.495312 0.028125 0.028125
0 0.759375 0.253125 0.031250 0.031250
0 0.048438 0.550000 0.028125 0.031250
0 0.767188 0.607812 0.034375 0.034375
0 0.059375 0.614062 0.031250 0.028125
0 0.081250 0.817187 0.031250 0.028125
0 0.665625 0.551562 0.031250 0.028125
0 0.389062 0.295312 0.028125 0.028125
0 0.473438 0.250000 0.028125 0.031250
0 0.035937 0.635938 0.028125 0.028125
0 0.300000 0.087500 0.031250 0.031250
0 0.192188 0.685937 0.028125 0.028125
0 0.126562 0.276562 0.028125 0.028125
0 0.237500 0.467187 0.031250 0.028125
0 0.106250 0.356250 0.031250 0.031250
0 0.164062 0.845313 0.028125 0.028125
0 0.639062 0.504687 0.028125 0.028125
0 0.128125 0.306250 0.031250 0.031250
0 0.398438 0.731250 0.028125 0.031250
0 0.698438 0.550000 0.028125 0.031250
0 0.417187 0.217188 0.028125 0.028125
0 0.373437 0.748437 0.028125 0.028125
0 0.225000 0.906250 0.031250 0.031250
0 0.095312 0.790625 0.028125 0.031250
0 0.304688 0.698438 0.028125 0.028125
0 0.614062 0.642188 0.028125 0.028125
0 0.646875 0.190625 0.031250 0.031250
0 0.184375 0.210938 0.031250 0.028125
0 0.456250 0.754687 0.031250 0.028125
0 0.148438 0.760938 0.028125 0.028125
0 0.037500 0.200000 0.031250 0.031250
0 0.179688 0.876563 0.028125 0.028125
0 0.195312 0.573438 0.028125 0.028125
0 0.267188 0.482812 0.028125 0.028125
0 0.214062 0.234375 0.028125 0.031250
0 0.500000 0.856250 0.031250 0.031250
0 0.329688 0.231250 0.028125 0.031250
0 0.104688 0.540625 0.028125 0.031250
0 0.129688 0.846875 0.028125 0.031250
0 0.384375 0.431250 0.031250 0.031250
0 0.484375 0.735938 0.031250 0.028125
0 0.750000 0.512500 0.031250 0.031250
0 0.701562 0.609375 0.028125 0.031250
0 0.192188 0.903125 0.028125 0.031250
0 0.729688 0.364063 0.028125 0.028125
0 0.273438 0.514062 0.028125 0.028125
0 0.214062 0.037500 0.028125 0.031250
0 0.820312 0.192188 0.034375 0.034375
0 0.578125 0.598437 0.031250 0.028125
0 0.529687 0.251563 0.028125 0.028125
0 0.618750 0.139063 0.031250 0.028125
0 0.220312 0.695312 0.028125 0.028125
0 0.551562 0.523438 0.028125 0.028125
0 0.418750 0.343750 0.031250 0.031250
0 0.301563 0.667188 0.028125 0.028125
0 0.681250 0.690625 0.031250 0.031250
0 0.123438 0.179688 0.028125 0.028125
0 0.442188 0.835938 0.028125 0.028125
0 0.645312 0.125000 0.028125 0.031250
0 0.562500 0.828125 0.031250 0.031250
0 0.100000 0.292187 0.031250 0.028125
0 0.028125 0.604688 0.031250 0.028125
0 0.359375 0.153125 0.031250 0.031250
0 0.401562 0.760938 0.028125 0.028125
0 0.218750 0.265625 0.031250 0.031250
0 0.385937 0.465625 0.028125 0.031250
0 0.778125 0.500000 0.031250 0.031250
0 0.818750 0.356250 0.031250 0.031250
0 0.028125 0.415625 0.031250 0.031250
0 0.273438 0.104688 0.028125 0.028125
0 0.114062 0.423438 0.028125 0.028125
0 0.262500 0.448437 0.031250 0.028125
0 0.762500 0.540625 0.031250 0.031250
0 0.360938 0.121875 0.028125 0.031250
0 0.617188 0.331250 0.028125 0.031250
0 0.651563 0.685937 0.028125 0.028125
0 0.523438 0.604688 0.028125 0.028125
0 0.371875 0.578125 0.031250 0.031250
0 0.445312 0.456250 0.028125 0.031250
0 0.317188 0.757812 0.028125 0.028125
0 0.242188 0.820312 0.028125 0.028125
0 0.170313 0.592187 0.028125 0.028125
0 0.206250 0.457813 0.031250 0.028125
0 0.129688 0.521875 0.028125 0.031250
0 0.265625 0.626563 0.031250 0.028125
0 0.214062 0.134375 0.028125 0.031250
0 0.184375 0.181250 0.031250 0.031250
0 0.057813 0.428125 0.028125 0.031250
0 0.726562 0.460938 0.028125 0.028125
0 0.326562 0.821875 0.028125 0.031250
0 0.335938 0.392188 0.028125 0.028125
0 0.376563 0.779687 0.028125 0.028125
0 0.123438 0.150000 0.028125 0.031250
0 0.670312 0.426563 0.028125 0.028125
0 0.760938 0.317188 0.028125 0.028125
0 0.276562 0.331250 0.028125 0.031250
0 0.501563 0.329688 0.028125 0.028125
0 0.201563 0.748437 0.028125 0.028125
0 0.517188 0.540625 0.028125 0.031250
0 0.285938 0.576562 0.028125 0.028125
0 0.268750 0.657813 0.031250 0.028125
0 0.301563 0.250000 0.028125 0.031250
0 0.189062 0.332813 0.028125 0.028125
0 0.498437 0.826562 0.028125 0.028125
0 0.704688 0.060937 0.028125 0.028125
0 0.717187 0.525000 0.028125 0.031250
0 0.301563 0.056250 0.028125 0.031250
0 0.445312 0.360938 0.028125 0.028125
0 0.675000 0.268750 0.031250 0.031250
0 0.292187 0.901563 0.034375 0.034375
0 0.132812 0.551562 0.028125 0.028125
0 0.435937 0.804688 0.028125 0.028125
0 0.489063 0.564063 0.028125 0.028125
0 0.153125 0.648438 0.031250 0.028125
0 0.351562 0.626563 0.028125 0.028125
0 0.732812 0.239063 0.028125 0.028125
0 0.421875 0.714063 0.031250 0.028125
0 0.084375 0.590625 0.031250 0.031250
0 0.187500 0.510938 0.031250 0.028125
0 0.065625 0.845313 0.031250 0.028125
0 0.703125 0.318750 0.031250 0.031250
0 0.695312 0.507812 0.028125 0.028125
0 0.789062 0.367188 0.028125 0.028125
0 0.478125 0.704688 0.031250 0.028125
0 0.107813 0.573438 0.028125 0.028125
0 0.157812 0.035937 0.028125 0.028125
0 0.064062 0.903125 0.028125 0.031250
0 0.276562 0.865625 0.028125 0.031250
0 0.528125 0.346875 0.031250 0.031250
0 0.607812 0.550000 0.028125 0.031250
0 0.212500 0.489063 0.025000 0.028125
0 0.128125 0.785937 0.031250 0.028125
0 0.306250 0.525000 0.031250 0.031250
0 0.362500 0.689063 0.031250 0.028125
0 0.551562 0.617188 0.028125 0.028125
0 0.232813 0.617188 0.028125 0.028125
0 0.443750 0.171875 0.031250 0.031250
0 0.690625 0.725000 0.031250 0.031250
0 0.150000 0.467187 0.031250 0.028125
0 0.367188 0.546875 0.028125 0.031250
0 0.760938 0.221875 0.028125 0.031250
0 0.154688 0.226562 0.028125 0.028125
0 0.135937 0.732812 0.028125 0.028125
0 0.589063 0.251563 0.028125 0.028125
0 0.703125 0.284375 0.031250 0.031250
0 0.273438 0.685937 0.028125 0.028125
0 0.128125 0.054688 0.031250 0.028125
0 0.615625 0.790625 0.031250 0.031250
0 0.500000 0.487500 0.031250 0.031250
0 0.585938 0.378125 0.028125 0.031250
0 0.387500 0.881250 0.031250 0.031250
0 0.181250 0.242188 0.031250 0.028125
0 0.420312 0.681250 0.028125 0.031250
0 0.118750 0.456250 0.031250 0.031250
0 0.301563 0.282813 0.028125 0.028125
0 0.139063 0.401562 0.028125 0.028125
0 0.498437 0.653125 0.028125 0.031250
0 0.557813 0.426563 0.028125 0.028125
0 0.471875 0.471875 0.031250 0.031250
0 0.460938 0.784375 0.028125 0.031250
0 0.157812 0.070312 0.028125 0.028125
0 0.098437 0.656250 0.028125 0.031250
0 0.164062 0.707812 0.028125 0.028125
0 0.210938 0.821875 0.028125 0.031250
0 0.356250 0.087500 0.031250 0.031250
0 0.304688 0.345313 0.028125 0.028125
0 0.445312 0.296875 0.028125 0.031250
0 0.671875 0.362500 0.031250 0.031250
0 0.667188 0.457813 0.028125 0.028125
0 0.557813 0.395313 0.028125 0.028125
0 0.501563 0.425000 0.028125 0.031250
0 0.254688 0.737500 0.028125 0.031250
0 0.675000 0.043750 0.031250 0.031250
0 0.260937 0.770312 0.028125 0.028125
0 0.539062 0.700000 0.028125 0.031250
0 0.270313 0.135937 0.028125 0.028125
0 0.112500 0.875000 0.031250 0.031250
0 0.321875 0.792188 0.025000 0.028125
0 0.560937 0.679688 0.028125 0.028125
0 0.359375 0.898438 0.031250 0.034375
0 0.753125 0.446875 0.031250 0.031250
0 0.570312 0.710938 0.028125 0.028125
0 0.529687 0.409375 0.028125 0.031250
0 0.232813 0.790625 0.028125 0.031250
0 0.489063 0.593750 0.028125 0.031250
0 0.331250 0.501563 0.031250 0.028125
0 0.100000 0.037500 0.031250 0.031250
0 0.421875 0.539062 0.031250 0.028125
0 0.160938 0.903125 0.028125 0.031250
0 0.471875 0.850000 0.031250 0.031250
0 0.248438 0.317188 0.028125 0.028125
0 0.434375 0.601562 0.031250 0.028125
0 0.592187 0.123438 0.028125 0.028125
0 0.676562 0.076563 0.028125 0.028125
0 0.035937 0.134375 0.028125 0.031250
0 0.257812 0.595313 0.028125 0.028125
0 0.164062 0.353125 0.028125 0.031250
0 0.329688 0.070312 0.028125 0.028125
0 0.332813 0.853125 0.028125 0.031250
0 0.214062 0.071875 0.028125 0.031250
0 0.226562 0.404687 0.028125 0.028125
0 0.635938 0.535937 0.028125 0.028125
0 0.173437 0.415625 0.028125 0.031250
0 0.187500 0.021875 0.031250 0.031250
0 0.695312 0.473438 0.028125 0.028125
0 0.201563 0.426563 0.028125 0.028125
0 0.095312 0.901563 0.028125 0.028125
0 0.217188 0.665625 0.028125 0.031250
0 0.325000 0.645312 0.031250 0.028125
0 0.076563 0.560937 0.028125 0.028125
0 0.529687 0.635938 0.028125 0.028125
0 0.715625 0.693750 0.031250 0.031250
0 0.064062 0.214062 0.028125 0.028125
0 0.285938 0.428125 0.028125 0.031250
0 0.098437 0.846875 0.028125 0.031250
0 0.195312 0.364063 0.028125 0.028125
0 0.278125 0.543750 0.031250 0.031250
0 0.184375 0.054688 0.031250 0.028125
0 0.360938 0.342187 0.028125 0.028125
0 0.167187 0.384375 0.028125 0.031250
0 0.642188 0.412500 0.028125 0.031250
0 0.426563 0.742188 0.028125 0.028125
0 0.335938 0.360938 0.028125 0.028125
0 0.160938 0.676562 0.028125 0.028125
0 0.529687 0.442188 0.028125 0.028125
0 0.398438 0.560937 0.028125 0.028125
0 0.489063 0.764062 0.028125 0.028125
0 0.187500 0.085938 0.031250 0.028125
0 0.123438 0.639062 0.028125 0.028125
0 0.704688 0.253125 0.028125 0.031250
0 0.135937 0.370312 0.028125 0.028125
0 0.179688 0.767188 0.028125 0.028125
0 0.785937 0.400000 0.028125 0.031250
0 0.582812 0.629687 0.028125 0.028125
0 0.417187 0.153125 0.028125 0.031250
0 0.046875 0.875000 0.031250 0.031250
0 0.295312 0.635938 0.028125 0.028125
0 0.618750 0.040625 0.031250 0.031250
0 0.554688 0.457813 0.028125 0.028125
0 0.253125 0.384375 0.031250 0.031250
0 0.359375 0.484375 0.031250 0.031250
0 0.684375 0.578125 0.031250 0.031250
0 0.176563 0.625000 0.028125 0.031250
0 0.364063 0.373437 0.028125 0.028125
0 0.232813 0.435937 0.028125 0.028125
0 0.134375 0.701562 0.025000 0.028125
0 0.392188 0.698438 0.028125 0.028125
0 0.382812 0.639062 0.028125 0.028125
0 0.257812 0.417187 0.028125 0.028125
0 0.642188 0.378125 0.028125 0.031250
0 0.665625 0.746875 0.031250 0.031250
0 0.546875 0.554688 0.031250 0.028125
0 0.295312 0.810937 0.028125 0.028125
0 0.217188 0.520312 0.028125 0.028125
0 0.415625 0.442188 0.031250 0.028125
0 0.176563 0.445312 0.028125 0.028125
0 0.304688 0.310937 0.028125 0.028125
0 0.501563 0.456250 0.028125 0.031250
0 0.273438 0.039062 0.028125 0.028125
0 0.417187 0.509375 0.028125 0.031250
0 0.460938 0.582812 0.028125 0.028125
0 0.473438 0.345313 0.028125 0.028125
0 0.229687 0.759375 0.028125 0.031250
0 0.471875 0.409375 0.031250 0.031250
0 0.356250 0.278125 0.031250 0.031250
0 0.582812 0.504687 0.028125 0.028125
0 0.139063 0.582812 0.028125 0.028125
0 0.414062 0.409375 0.028125 0.031250
0 0.673438 0.300000 0.028125 0.031250
0 0.815625 0.417187 0.031250 0.034375
0 0.159375 0.320312 0.031250 0.028125
0 0.700000 0.665625 0.031250 0.031250
0 0.043750 0.331250 0.031250 0.031250
0 0.823438 0.029687 0.034375 0.034375
0 0.648438 0.057813 0.028125 0.028125
0 0.017188 0.535937 0.028125 0.028125
0 0.098437 0.509375 0.028125 0.031250
0 0.215625 0.101562 0.031250 0.028125
0 0.310937 0.378125 0.028125 0.031250
0 0.554688 0.648438 0.028125 0.028125
0 0.498437 0.623437 0.028125 0.028125
0 0.314063 0.585938 0.028125 0.028125
0 0.673438 0.329688 0.028125 0.028125
0 0.143750 0.818750 0.031250 0.031250
0 0.189062 0.271875 0.028125 0.031250
0 0.246875 0.532813 0.031250 0.028125
0 0.128125 0.082812 0.031250 0.028125
0 0.245312 0.876563 0.028125 0.028125
0 0.207813 0.635938 0.028125 0.028125
0 0.357812 0.832812 0.028125 0.028125
0 0.548438 0.587500 0.028125 0.031250
0 0.310937 0.409375 0.028125 0.031250
0 0.431250 0.773438 0.025000 0.028125
0 0.642188 0.440625 0.028125 0.031250
0 0.706250 0.029687 0.031250 0.028125
0 0.128125 0.021875 0.031250 0.031250
0 0.132812 0.339062 0.028125 0.028125
0 0.417187 0.851562 0.028125 0.028125
0 0.190625 0.543750 0.031250 0.031250
0 0.154688 0.132812 0.028125 0.028125
0 0.189062 0.304688 0.028125 0.028125
0 0.035937 0.103125 0.028125 0.031250
0 0.704688 0.123438 0.028125 0.028125
0 0.445312 0.489063 0.028125 0.028125
0 0.328125 0.900000 0.031250 0.031250
0 0.392188 0.389062 0.028125 0.028125
0 0.070312 0.056250 0.028125 0.031250
0 0.129688 0.667188 0.028125 0.028125
0 0.128125 0.117188 0.031250 0.028125
0 0.042188 0.665625 0.028125 0.031250
0 0.310937 0.556250 0.028125 0.031250
0 0.212500 0.878125 0.025000 0.025000
0 0.471875 0.503125 0.031250 0.031250
0 0.367188 0.404687 0.028125 0.028125
0 0.081250 0.376563 0.031250 0.028125
0 0.114062 0.604688 0.028125 0.028125
0 0.645312 0.346875 0.028125 0.031250
0 0.414062 0.648438 0.028125 0.028125
0 0.665625 0.523438 0.031250 0.028125
0 0.612500 0.425000 0.031250 0.031250
0 0.392188 0.526563 0.028125 0.028125
0 0.351562 0.801562 0.028125 0.028125
0 0.764062 0.029687 0.028125 0.028125
0 0.467187 0.614062 0.028125 0.028125
0 0.439063 0.632812 0.028125 0.028125
0 0.389062 0.670312 0.028125 0.028125
0 0.068750 0.021875 0.031250 0.031250
0 0.389062 0.167187 0.028125 0.028125
0 0.526563 0.473438 0.028125 0.028125
0 0.590625 0.057813 0.031250 0.028125
0 0.331250 0.040625 0.031250 0.031250
0 0.528125 0.156250 0.031250 0.031250
0 0.243750 0.021875 0.031250 0.031250
0 0.392188 0.357812 0.028125 0.028125
0 0.195312 0.848437 0.028125 0.028125
0 0.592187 0.092188 0.028125 0.028125
0 0.018750 0.351562 0.031250 0.028125
0 0.070312 0.676562 0.028125 0.028125
0 0.442188 0.660937 0.028125 0.028125
0 0.029687 0.901563 0.034375 0.034375
0 0.610938 0.489063 0.028125 0.028125
0 0.817187 0.385937 0.028125 0.028125
0 0.564063 0.073438 0.028125 0.028125
0 0.821875 0.225000 0.031250 0.031250
0 0.590625 0.025000 0.031250 0.031250
0 0.729688 0.270313 0.028125 0.028125
0 0.584375 0.475000 0.031250 0.031250
0 0.648438 0.026562 0.028125 0.028125
0 0.103125 0.685937 0.025000 0.028125
0 0.453125 0.875000 0.031250 0.031250
0 0.446875 0.518750 0.031250 0.031250
0 0.098437 0.070312 0.028125 0.028125
0 0.581250 0.535937 0.031250 0.028125
0 0.301563 0.025000 0.028125 0.031250
0 0.582812 0.445312 0.028125 0.028125
0 0.075000 0.762500 0.031250 0.031250
0 0.385937 0.139063 0.028125 0.028125
0 0.385937 0.107813 0.028125 0.028125
0 0.239063 0.645312 0.028125 0.028125
0 0.106250 0.718750 0.031250 0.031250
0 0.403125 0.590625 0.031250 0.031250
0 0.418750 0.884375 0.031250 0.031250
0 0.473438 0.440625 0.028125 0.031250
0 0.503125 0.106250 0.031250 0.031250
0 0.014063 0.320312 0.028125 0.028125
0 0.251563 0.351562 0.028125 0.028125
0 0.443750 0.137500 0.031250 0.031250
0 0.048438 0.818750 0.034375 0.031250
0 0.612500 0.457813 0.025000 0.028125
