0 0.878125 0.442188 0.031250 0.028125
0 0.945312 0.442188 0.028125 0.028125
0 0.910937 0.445312 0.028125 0.028125
0 0.796875 0.418750 0.031250 0.031250
0 0.829688 0.534375 0.028125 0.031250
0 0.823438 0.648438 0.028125 0.028125
0 0.781250 0.509375 0.031250 0.031250
0 0.845313 0.442188 0.028125 0.028125
0 0.960938 0.412500 0.028125 0.031250
0 0.334375 0.875000 0.031250 0.031250
0 0.829688 0.415625 0.028125 0.031250
0 0.862500 0.415625 0.031250 0.031250
0 0.667188 0.485938 0.028125 0.028125
0 0.734375 0.425000 0.031250 0.031250
0 0.370312 0.820312 0.028125 0.028125
0 0.862500 0.471875 0.031250 0.031250
0 0.762500 0.481250 0.031250 0.031250
0 0.434375 0.820312 0.031250 0.028125
0 0.945312 0.496875 0.028125 0.031250
0 0.479687 0.904687 0.028125 0.028125
0 0.460938 0.932813 0.028125 0.028125
0 0.845313 0.506250 0.028125 0.031250
0 0.760938 0.592187 0.028125 0.028125
0 0.764062 0.535937 0.028125 0.028125
0 0.514062 0.904687 0.028125 0.028125
0 0.807813 0.676562 0.028125 0.028125
0 0.782813 0.450000 0.034375 0.031250
0 0.842187 0.564063 0.028125 0.028125
0 0.829688 0.476562 0.028125 0.028125
0 0.582812 0.679688 0.028125 0.028125
0 0.890625 0.528125 0.031250 0.031250
0 0.909375 0.496875 0.031250 0.031250
0 0.464062 0.820312 0.028125 0.028125
0 0.743750 0.676562 0.031250 0.028125
0 0.432812 0.876563 0.028125 0.028125
0 0.468750 0.762500 0.031250 0.031250
0 0.893750 0.471875 0.031250 0.031250
0 0.390625 0.737500 0.031250 0.031250
0 0.731250 0.484375 0.031250 0.031250
0 0.812500 0.507812 0.031250 0.028125
0 0.796875 0.537500 0.031250 0.031250
0 0.650000 0.457813 0.031250 0.028125
0 0.779687 0.565625 0.028125 0.031250
0 0.412500 0.959375 0.031250 0.031250
0 0.601562 0.650000 0.028125 0.031250
0 0.479687 0.846875 0.028125 0.031250
0 0.895312 0.414062 0.028125 0.028125
0 0.715625 0.454688 0.031250 0.028125
0 0.790625 0.650000 0.031250 0.031250
0 0.682813 0.512500 0.028125 0.031250
0 0.926562 0.470313 0.028125 0.028125
0 0.765625 0.421875 0.031250 0.031250
0 0.554688 0.456250 0.028125 0.031250
0 0.717187 0.565625 0.028125 0.031250
0 0.651563 0.567187 0.028125 0.028125
0 0.429688 0.929688 0.028125 0.028125
0 0.639062 0.845313 0.028125 0.028125
0 0.717187 0.510938 0.028125 0.028125
0 0.814063 0.446875 0.028125 0.031250
0 0.698438 0.540625 0.028125 0.031250
0 0.910937 0.385937 0.028125 0.028125
0 0.732812 0.539062 0.028125 0.028125
0 0.398438 0.929688 0.028125 0.028125
0 0.684375 0.457813 0.031250 0.028125
0 0.351562 0.846875 0.028125 0.031250
0 0.509375 0.960938 0.031250 0.028125
0 0.750000 0.453125 0.031250 0.031250
0 0.417187 0.846875 0.028125 0.031250
0 0.810937 0.564063 0.028125 0.028125
0 0.776563 0.620313 0.028125 0.028125
0 0.878125 0.384375 0.031250 0.031250
0 0.795312 0.592187 0.028125 0.028125
0 0.942187 0.385937 0.028125 0.028125
0 0.445312 0.904687 0.028125 0.028125
0 0.484375 0.792188 0.031250 0.028125
0 0.926562 0.414062 0.028125 0.028125
0 0.614062 0.679688 0.028125 0.028125
0 0.826562 0.592187 0.028125 0.028125
0 0.418750 0.790625 0.031250 0.031250
0 0.875000 0.562500 0.031250 0.031250
0 0.798438 0.479687 0.028125 0.028125
0 0.759375 0.650000 0.031250 0.031250
0 0.582812 0.732812 0.028125 0.028125
0 0.696875 0.651563 0.031250 0.028125
0 0.551562 0.623437 0.028125 0.028125
0 0.701562 0.485938 0.028125 0.028125
0 0.435937 0.764062 0.028125 0.028125
0 0.648438 0.676562 0.028125 0.028125
0 0.746875 0.510938 0.031250 0.028125
0 0.632812 0.650000 0.028125 0.031250
0 0.748437 0.565625 0.028125 0.031250
0 0.489063 0.679688 0.028125 0.028125
0 0.504687 0.539062 0.028125 0.028125
0 0.567187 0.707812 0.028125 0.028125
0 0.385937 0.846875 0.028125 0.031250
0 0.339062 0.762500 0.028125 0.031250
0 0.667188 0.539062 0.028125 0.028125
0 0.750000 0.393750 0.031250 0.031250
0 0.857812 0.592187 0.028125 0.028125
0 0.598437 0.760938 0.028125 0.028125
0 0.617188 0.567187 0.028125 0.028125
0 0.634375 0.429688 0.031250 0.028125
0 0.635938 0.539062 0.028125 0.028125
0 0.367188 0.873437 0.028125 0.028125
0 0.351562 0.901563 0.028125 0.028125
0 0.526563 0.929688 0.028125 0.028125
0 0.603125 0.485938 0.031250 0.028125
0 0.501563 0.762500 0.028125 0.031250
0 0.400000 0.873437 0.025000 0.028125
0 0.682813 0.567187 0.028125 0.028125
0 0.667188 0.595313 0.028125 0.028125
0 0.842187 0.620313 0.028125 0.028125
0 0.676562 0.789062 0.028125 0.028125
0 0.414062 0.904687 0.028125 0.028125
0 0.517188 0.732812 0.028125 0.028125
0 0.551562 0.679688 0.028125 0.028125
0 0.745313 0.620313 0.028125 0.028125
0 0.382812 0.904687 0.028125 0.028125
0 0.370312 0.764062 0.028125 0.028125
0 0.443750 0.962500 0.031250 0.031250
0 0.701562 0.426563 0.028125 0.028125
0 0.587500 0.512500 0.031250 0.031250
0 0.679688 0.621875 0.028125 0.031250
0 0.287500 0.862500 0.031250 0.031250
0 0.807813 0.620313 0.028125 0.028125
0 0.301563 0.817187 0.034375 0.034375
0 0.629687 0.706250 0.028125 0.031250
0 0.781250 0.387500 0.031250 0.031250
0 0.404687 0.764062 0.028125 0.028125
0 0.648438 0.623437 0.028125 0.028125
0 0.812500 0.387500 0.031250 0.031250
0 0.315625 0.845313 0.031250 0.028125
0 0.512500 0.846875 0.031250 0.031250
0 0.692187 0.760938 0.028125 0.028125
0 0.617188 0.457813 0.028125 0.028125
0 0.860938 0.531250 0.028125 0.031250
0 0.685937 0.870313 0.028125 0.028125
0 0.471875 0.707812 0.031250 0.028125
0 0.876563 0.500000 0.028125 0.031250
0 0.504687 0.482812 0.028125 0.028125
0 0.554688 0.567187 0.028125 0.028125
0 0.976562 0.384375 0.028125 0.031250
0 0.570312 0.540625 0.028125 0.031250
0 0.495312 0.932813 0.028125 0.028125
0 0.523438 0.565625 0.028125 0.031250
0 0.679688 0.679688 0.028125 0.028125
0 0.334375 0.818750 0.031250 0.031250
0 0.585938 0.623437 0.028125 0.028125
0 0.975000 0.443750 0.031250 0.031250
0 0.451562 0.735938 0.028125 0.028125
0 0.504687 0.707812 0.028125 0.028125
0 0.448437 0.848437 0.028125 0.028125
0 0.464062 0.876563 0.028125 0.028125
0 0.362500 0.682813 0.031250 0.028125
0 0.459375 0.509375 0.031250 0.031250
0 0.567187 0.651563 0.028125 0.028125
0 0.650000 0.514062 0.031250 0.028125
0 0.578125 0.845313 0.031250 0.028125
0 0.654687 0.873437 0.028125 0.028125
0 0.507812 0.651563 0.028125 0.028125
0 0.645312 0.732812 0.028125 0.028125
0 0.603125 0.540625 0.031250 0.031250
0 0.489063 0.565625 0.028125 0.031250
0 0.521875 0.453125 0.031250 0.031250
0 0.451562 0.790625 0.028125 0.031250
0 0.376563 0.710938 0.028125 0.028125
0 0.617188 0.623437 0.028125 0.028125
0 0.729688 0.592187 0.028125 0.028125
0 0.776563 0.679688 0.028125 0.028125
0 0.568750 0.431250 0.031250 0.031250
0 0.632812 0.595313 0.028125 0.028125
0 0.520312 0.679688 0.028125 0.028125
0 0.607812 0.845313 0.028125 0.028125
0 0.710938 0.620313 0.028125 0.028125
0 0.845313 0.387500 0.028125 0.031250
0 0.401562 0.820312 0.028125 0.028125
0 0.623437 0.873437 0.028125 0.028125
0 0.485938 0.735938 0.028125 0.028125
0 0.564063 0.760938 0.028125 0.028125
0 0.707812 0.789062 0.028125 0.028125
0 0.385937 0.792188 0.028125 0.028125
0 0.789062 0.706250 0.028125 0.031250
0 0.420312 0.737500 0.028125 0.031250
0 0.673438 0.842187 0.028125 0.028125
0 0.381250 0.959375 0.031250 0.031250
0 0.535937 0.539062 0.028125 0.028125
0 0.975000 0.496875 0.031250 0.031250
0 0.664062 0.706250 0.028125 0.031250
0 0.632812 0.485938 0.028125 0.028125
0 0.839063 0.679688 0.028125 0.028125
0 0.532813 0.760938 0.028125 0.028125
0 0.498437 0.876563 0.028125 0.028125
0 0.592187 0.817187 0.028125 0.028125
0 0.307812 0.762500 0.028125 0.031250
0 0.439063 0.710938 0.028125 0.028125
0 0.921875 0.937500 0.031250 0.031250
0 0.548438 0.732812 0.028125 0.028125
0 0.473438 0.539062 0.028125 0.028125
0 0.440625 0.650000 0.031250 0.031250
0 0.585938 0.570312 0.028125 0.028125
0 0.571875 0.482812 0.031250 0.028125
0 0.610938 0.790625 0.028125 0.031250
0 0.728125 0.648438 0.031250 0.028125
0 0.318750 0.734375 0.031250 0.031250
0 0.520312 0.623437 0.028125 0.028125
0 0.690625 0.815625 0.025000 0.025000
0 0.971875 0.907813 0.031250 0.028125
0 0.679688 0.732812 0.028125 0.028125
0 0.428125 0.621875 0.031250 0.031250
0 0.671875 0.900000 0.031250 0.031250
0 0.601562 0.432812 0.028125 0.028125
0 0.625000 0.818750 0.031250 0.031250
0 0.948438 0.606250 0.028125 0.031250
0 0.487500 0.509375 0.031250 0.031250
0 0.620313 0.514062 0.028125 0.028125
0 0.529687 0.876563 0.028125 0.028125
0 0.535937 0.650000 0.028125 0.031250
0 0.259375 0.950000 0.031250 0.031250
0 0.351562 0.792188 0.028125 0.028125
0 0.409375 0.654687 0.031250 0.028125
0 0.321875 0.790625 0.031250 0.031250
0 0.428125 0.564063 0.031250 0.028125
0 0.545312 0.845313 0.028125 0.028125
0 0.557813 0.873437 0.028125 0.028125
0 0.348438 0.654687 0.028125 0.028125
0 0.584375 0.403125 0.031250 0.031250
0 0.476562 0.962500 0.028125 0.031250
0 0.664062 0.651563 0.028125 0.028125
0 0.823438 0.707812 0.028125 0.028125
0 0.443750 0.537500 0.031250 0.031250
0 0.489063 0.456250 0.034375 0.031250
0 0.379688 0.653125 0.028125 0.031250
0 0.457813 0.679688 0.028125 0.028125
0 0.657813 0.815625 0.028125 0.031250
0 0.710938 0.734375 0.028125 0.031250
0 0.614062 0.732812 0.028125 0.028125
0 0.962500 0.470313 0.031250 0.028125
0 0.403125 0.532813 0.037500 0.034375
0 0.893750 0.354687 0.031250 0.034375
0 0.859375 0.356250 0.031250 0.031250
0 0.504687 0.595313 0.028125 0.028125
0 0.287500 0.971875 0.031250 0.031250
0 0.829688 0.356250 0.034375 0.031250
0 0.348438 0.598437 0.034375 0.034375
0 0.535937 0.426563 0.034375 0.034375
0 0.367188 0.931250 0.028125 0.031250
0 0.762500 0.946875 0.031250 0.031250
0 0.460938 0.476562 0.034375 0.034375
0 0.410938 0.593750 0.028125 0.031250
0 0.523438 0.509375 0.028125 0.031250
0 0.348438 0.967187 0.034375 0.034375
0 0.425000 0.681250 0.031250 0.031250
0 0.535937 0.592187 0.028125 0.028125
0 0.928125 0.354687 0.031250 0.034375
0 0.343750 0.709375 0.031250 0.031250
0 0.554688 0.510938 0.028125 0.028125
0 0.704688 0.842187 0.028125 0.028125
0 0.598437 0.706250 0.028125 0.031250
0 0.960938 0.354687 0.034375 0.034375
0 0.267188 0.839063 0.034375 0.034375
0 0.570312 0.595313 0.028125 0.028125
0 0.617188 0.406250 0.028125 0.031250
0 0.471875 0.651563 0.025000 0.028125
0 0.535937 0.707812 0.028125 0.028125
0 0.398438 0.626563 0.028125 0.028125
0 0.395313 0.682813 0.028125 0.028125
0 0.723437 0.762500 0.028125 0.031250
0 0.495312 0.820312 0.028125 0.028125
0 0.460938 0.565625 0.028125 0.031250
0 0.795312 0.354687 0.034375 0.034375
0 0.381250 0.600000 0.031250 0.031250
0 0.932813 0.632812 0.028125 0.028125
0 0.334375 0.626563 0.031250 0.034375
0 0.901563 0.740625 0.028125 0.031250
0 0.284375 0.735938 0.031250 0.034375
0 0.723437 0.817187 0.028125 0.028125
0 0.668750 0.432812 0.031250 0.028125
0 0.640625 0.900000 0.031250 0.031250
0 0.717187 0.395313 0.028125 0.028125
0 0.367188 0.626563 0.028125 0.028125
0 0.585938 0.457813 0.028125 0.028125
0 0.407813 0.710938 0.028125 0.028125
0 0.854688 0.653125 0.028125 0.031250
0 0.656250 0.407813 0.031250 0.028125
0 0.442188 0.592187 0.028125 0.028125
0 0.939063 0.907813 0.028125 0.028125
0 0.428125 0.506250 0.031250 0.031250
0 0.542188 0.959375 0.028125 0.031250
0 0.603125 0.595313 0.025000 0.028125
0 0.334375 0.928125 0.031250 0.031250
0 0.396875 0.562500 0.031250 0.031250
0 0.920312 0.767188 0.028125 0.028125
0 0.931250 0.578125 0.031250 0.031250
0 0.703125 0.896875 0.031250 0.031250
0 0.964063 0.634375 0.028125 0.031250
0 0.287500 0.939063 0.031250 0.034375
0 0.742188 0.790625 0.028125 0.031250
0 0.901563 0.576562 0.028125 0.028125
0 0.276562 0.775000 0.034375 0.031250
0 0.356250 0.735938 0.031250 0.028125
0 0.315625 0.956250 0.031250 0.031250
0 0.260937 0.884375 0.034375 0.031250
0 0.539062 0.482812 0.028125 0.028125
0 0.964063 0.526563 0.028125 0.028125
0 0.778125 0.971875 0.031250 0.031250
0 0.634375 0.381250 0.031250 0.031250
0 0.890625 0.937500 0.025000 0.025000
0 0.684375 0.401562 0.031250 0.028125
0 0.907813 0.967187 0.034375 0.034375
0 0.259375 0.918750 0.031250 0.031250
0 0.368750 0.571875 0.031250 0.031250
0 0.270313 0.804688 0.034375 0.034375
0 0.742188 0.973437 0.028125 0.028125
