0 0.700000 0.553125 0.037500 0.037500
0 0.914062 0.618750 0.028125 0.031250
0 0.192188 0.442188 0.028125 0.028125
0 0.075000 0.470313 0.031250 0.028125
0 0.898438 0.589063 0.028125 0.028125
0 0.914062 0.507812 0.028125 0.028125
0 0.750000 0.506250 0.031250 0.031250
0 0.387500 0.443750 0.031250 0.031250
0 0.503125 0.476562 0.031250 0.028125
0 0.059375 0.443750 0.031250 0.031250
0 0.620313 0.617188 0.028125 0.028125
0 0.864062 0.831250 0.028125 0.031250
0 0.520312 0.617188 0.028125 0.028125
0 0.904687 0.945312 0.028125 0.028125
0 0.656250 0.615625 0.031250 0.031250
0 0.943750 0.771875 0.031250 0.031250
0 0.128125 0.496875 0.031250 0.031250
0 0.570312 0.587500 0.028125 0.031250
0 0.585938 0.617188 0.028125 0.028125
0 0.535937 0.476562 0.028125 0.028125
0 0.718750 0.731250 0.031250 0.031250
0 0.864062 0.592187 0.028125 0.028125
0 0.929688 0.703125 0.028125 0.031250
0 0.026562 0.443750 0.028125 0.031250
0 0.764062 0.534375 0.028125 0.031250
0 0.639062 0.643750 0.028125 0.031250
0 0.893750 0.703125 0.031250 0.031250
0 0.812500 0.871875 0.031250 0.031250
0 0.895312 0.845313 0.028125 0.028125
0 0.490625 0.446875 0.031250 0.031250
0 0.176563 0.415625 0.028125 0.031250
0 0.835938 0.820312 0.028125 0.028125
0 0.912500 0.760938 0.031250 0.034375
0 0.762500 0.590625 0.031250 0.031250
0 0.535937 0.417187 0.028125 0.028125
0 0.946875 0.620313 0.031250 0.028125
0 0.800000 0.589063 0.031250 0.028125
0 0.210938 0.414062 0.028125 0.028125
0 0.159375 0.443750 0.031250 0.031250
0 0.701562 0.476562 0.028125 0.028125
0 0.656250 0.562500 0.031250 0.031250
0 0.810937 0.839063 0.028125 0.028125
0 0.656250 0.671875 0.031250 0.031250
0 0.946875 0.564063 0.031250 0.028125
0 0.570312 0.418750 0.028125 0.031250
0 0.192188 0.385937 0.028125 0.028125
0 0.095312 0.498437 0.028125 0.028125
0 0.892188 0.812500 0.028125 0.031250
0 0.242188 0.415625 0.028125 0.031250
0 0.620313 0.390625 0.028125 0.031250
0 0.520312 0.387500 0.028125 0.031250
0 0.356250 0.387500 0.031250 0.031250
0 0.651563 0.448437 0.028125 0.028125
0 0.782813 0.559375 0.028125 0.031250
0 0.568750 0.475000 0.031250 0.031250
0 0.093750 0.385937 0.031250 0.028125
0 0.943750 0.731250 0.031250 0.031250
0 0.603125 0.589063 0.031250 0.028125
0 0.273438 0.414062 0.028125 0.028125
0 0.865625 0.478125 0.031250 0.031250
0 0.801562 0.648438 0.028125 0.028125
0 0.304688 0.642188 0.028125 0.028125
0 0.839063 0.853125 0.028125 0.031250
0 0.637500 0.534375 0.031250 0.031250
0 0.535937 0.589063 0.028125 0.028125
0 0.715625 0.785937 0.031250 0.028125
0 0.687500 0.446875 0.031250 0.031250
0 0.737500 0.706250 0.031250 0.031250
0 0.487500 0.387500 0.031250 0.031250
0 0.900000 0.912500 0.031250 0.031250
0 0.748437 0.389062 0.028125 0.028125
0 0.126562 0.442188 0.028125 0.028125
0 0.673438 0.643750 0.028125 0.031250
0 0.403125 0.415625 0.031250 0.031250
0 0.584375 0.559375 0.031250 0.031250
0 0.921875 0.825000 0.031250 0.031250
0 0.406250 0.475000 0.031250 0.031250
0 0.503125 0.645312 0.031250 0.028125
0 0.879687 0.560937 0.028125 0.028125
0 0.715625 0.507812 0.031250 0.028125
0 0.092188 0.442188 0.028125 0.028125
0 0.307812 0.356250 0.034375 0.031250
0 0.539062 0.645312 0.028125 0.028125
0 0.928125 0.646875 0.031250 0.031250
0 0.487500 0.673438 0.031250 0.028125
0 0.685937 0.392188 0.028125 0.028125
0 0.335938 0.585938 0.028125 0.028125
0 0.043750 0.412500 0.031250 0.031250
0 0.748437 0.789062 0.028125 0.028125
0 0.732812 0.759375 0.028125 0.031250
0 0.929688 0.592187 0.028125 0.028125
0 0.951562 0.837500 0.028125 0.031250
0 0.900000 0.534375 0.031250 0.031250
0 0.421875 0.503125 0.031250 0.031250
0 0.603125 0.418750 0.031250 0.031250
0 0.387500 0.387500 0.031250 0.031250
0 0.323437 0.389062 0.028125 0.028125
0 0.470313 0.476562 0.028125 0.028125
0 0.454688 0.503125 0.028125 0.031250
0 0.470313 0.417187 0.028125 0.028125
0 0.454688 0.387500 0.028125 0.031250
0 0.873437 0.895312 0.028125 0.028125
0 0.723437 0.582812 0.034375 0.034375
0 0.042188 0.471875 0.028125 0.031250
0 0.725000 0.896875 0.031250 0.031250
0 0.782813 0.506250 0.028125 0.031250
0 0.437500 0.418750 0.031250 0.031250
0 0.142187 0.414062 0.028125 0.028125
0 0.618750 0.446875 0.031250 0.031250
0 0.554688 0.562500 0.028125 0.031250
0 0.223438 0.442188 0.028125 0.028125
0 0.307812 0.415625 0.028125 0.031250
0 0.846875 0.618750 0.031250 0.031250
0 0.304688 0.587500 0.028125 0.031250
0 0.057813 0.496875 0.028125 0.031250
0 0.489063 0.617188 0.028125 0.028125
0 0.520312 0.503125 0.028125 0.031250
0 0.556250 0.389062 0.031250 0.028125
0 0.289062 0.385937 0.028125 0.028125
0 0.273438 0.585938 0.028125 0.028125
0 0.832812 0.701562 0.028125 0.028125
0 0.321875 0.614062 0.025000 0.028125
0 0.110937 0.414062 0.028125 0.028125
0 0.059375 0.387500 0.031250 0.031250
0 0.668750 0.532813 0.031250 0.028125
0 0.718750 0.615625 0.031250 0.031250
0 0.753125 0.734375 0.031250 0.031250
0 0.651563 0.504687 0.028125 0.028125
0 0.962500 0.537500 0.031250 0.031250
0 0.176563 0.470313 0.028125 0.028125
0 0.406250 0.356250 0.031250 0.031250
0 0.701562 0.759375 0.028125 0.031250
0 0.503125 0.417187 0.031250 0.028125
0 0.873437 0.929688 0.028125 0.028125
0 0.718750 0.446875 0.031250 0.031250
0 0.160938 0.498437 0.028125 0.028125
0 0.654687 0.389062 0.028125 0.028125
0 0.437500 0.473438 0.031250 0.028125
0 0.520312 0.446875 0.028125 0.031250
0 0.782813 0.618750 0.028125 0.031250
0 0.454688 0.446875 0.028125 0.031250
0 0.868750 0.864062 0.031250 0.028125
0 0.704688 0.643750 0.028125 0.031250
0 0.898438 0.876563 0.028125 0.028125
0 0.289062 0.614062 0.028125 0.028125
0 0.437500 0.532813 0.031250 0.028125
0 0.554688 0.617188 0.028125 0.028125
0 0.354687 0.503125 0.028125 0.031250
0 0.815625 0.618750 0.031250 0.031250
0 0.718750 0.392188 0.031250 0.028125
0 0.973437 0.785937 0.028125 0.028125
0 0.535937 0.532813 0.028125 0.028125
0 0.846875 0.560937 0.031250 0.028125
0 0.964063 0.703125 0.028125 0.031250
0 0.075000 0.412500 0.031250 0.031250
0 0.878125 0.740625 0.031250 0.031250
0 0.290625 0.560937 0.031250 0.028125
0 0.373437 0.473438 0.028125 0.028125
0 0.323437 0.560937 0.028125 0.028125
0 0.746875 0.562500 0.031250 0.031250
0 0.289062 0.445312 0.028125 0.028125
0 0.962500 0.421875 0.031250 0.031250
0 0.864062 0.798438 0.028125 0.028125
0 0.917188 0.793750 0.028125 0.031250
0 0.209375 0.359375 0.031250 0.031250
0 0.864062 0.532813 0.028125 0.028125
0 0.257812 0.385937 0.028125 0.028125
0 0.689063 0.615625 0.028125 0.031250
0 0.818750 0.939063 0.031250 0.028125
0 0.028125 0.384375 0.031250 0.031250
0 0.487500 0.504687 0.031250 0.028125
0 0.385937 0.503125 0.028125 0.031250
0 0.684375 0.504687 0.031250 0.028125
0 0.831250 0.784375 0.031250 0.031250
0 0.421875 0.387500 0.031250 0.031250
0 0.439063 0.359375 0.034375 0.031250
0 0.962500 0.590625 0.031250 0.031250
0 0.731250 0.534375 0.031250 0.031250
0 0.678125 0.584375 0.031250 0.031250
0 0.320312 0.670312 0.028125 0.028125
0 0.815625 0.904687 0.031250 0.028125
0 0.373437 0.415625 0.028125 0.031250
0 0.732812 0.476562 0.028125 0.028125
0 0.685937 0.670312 0.028125 0.028125
0 0.946875 0.392188 0.031250 0.034375
0 0.817187 0.675000 0.028125 0.031250
0 0.773438 0.704688 0.028125 0.028125
0 0.671875 0.703125 0.031250 0.031250
0 0.667188 0.420312 0.028125 0.028125
0 0.618750 0.560937 0.031250 0.028125
0 0.798438 0.420312 0.028125 0.028125
0 0.159375 0.384375 0.031250 0.031250
0 0.909375 0.729688 0.031250 0.028125
0 0.975000 0.675000 0.031250 0.031250
0 0.865625 0.646875 0.031250 0.031250
0 0.126562 0.384375 0.028125 0.031250
0 0.912500 0.671875 0.031250 0.031250
0 0.704688 0.871875 0.028125 0.031250
0 0.765625 0.478125 0.031250 0.031250
0 0.784375 0.890625 0.031250 0.031250
0 0.925000 0.859375 0.031250 0.031250
0 0.110937 0.470313 0.028125 0.028125
0 0.848437 0.676562 0.028125 0.028125
0 0.751563 0.446875 0.028125 0.031250
0 0.746875 0.875000 0.031250 0.031250
0 0.257812 0.442188 0.028125 0.028125
0 0.753125 0.673438 0.031250 0.028125
0 0.635938 0.589063 0.028125 0.028125
0 0.635938 0.417187 0.028125 0.028125
0 0.856250 0.765625 0.031250 0.031250
0 0.734375 0.418750 0.031250 0.031250
0 0.768750 0.360938 0.031250 0.028125
0 0.846875 0.731250 0.031250 0.031250
0 0.831250 0.534375 0.031250 0.031250
0 0.687500 0.729688 0.031250 0.028125
0 0.554688 0.504687 0.028125 0.028125
0 0.764062 0.420312 0.028125 0.028125
0 0.725000 0.850000 0.031250 0.031250
0 0.848437 0.504687 0.028125 0.028125
0 0.570312 0.643750 0.028125 0.031250
0 0.781250 0.828125 0.031250 0.031250
0 0.946875 0.675000 0.031250 0.031250
0 0.845313 0.917188 0.028125 0.028125
0 0.770312 0.645312 0.028125 0.028125
0 0.226562 0.385937 0.028125 0.028125
0 0.832812 0.645312 0.028125 0.028125
0 0.471875 0.645312 0.031250 0.028125
0 0.832812 0.589063 0.028125 0.028125
0 0.603125 0.532813 0.031250 0.028125
0 0.782813 0.856250 0.028125 0.031250
0 0.670312 0.478125 0.028125 0.031250
0 0.767188 0.764062 0.028125 0.028125
0 0.035937 0.767188 0.028125 0.028125
0 0.975000 0.818750 0.031250 0.031250
0 0.192188 0.498437 0.028125 0.028125
0 0.145313 0.470313 0.028125 0.028125
0 0.351562 0.614062 0.028125 0.028125
0 0.789062 0.923438 0.028125 0.028125
0 0.176563 0.526563 0.028125 0.028125
0 0.962500 0.646875 0.031250 0.031250
0 0.778125 0.792188 0.031250 0.028125
0 0.815625 0.560937 0.031250 0.028125
0 0.834375 0.359375 0.031250 0.031250
0 0.145313 0.526563 0.028125 0.028125
0 0.178125 0.356250 0.031250 0.031250
0 0.470313 0.589063 0.028125 0.028125
0 0.717187 0.820312 0.028125 0.028125
0 0.551562 0.446875 0.028125 0.031250
0 0.970313 0.751563 0.034375 0.034375
0 0.704688 0.360938 0.034375 0.034375
0 0.670312 0.357812 0.034375 0.034375
0 0.337500 0.701562 0.031250 0.028125
0 0.023438 0.498437 0.028125 0.028125
0 0.587500 0.392188 0.031250 0.028125
0 0.340625 0.359375 0.031250 0.031250
0 0.273438 0.642188 0.028125 0.028125
0 0.207813 0.471875 0.028125 0.031250
0 0.800000 0.360938 0.031250 0.028125
0 0.143750 0.354687 0.031250 0.034375
0 0.257812 0.614062 0.028125 0.028125
0 0.371875 0.356250 0.031250 0.031250
0 0.243750 0.356250 0.031250 0.031250
0 0.339062 0.642188 0.028125 0.028125
0 0.354687 0.670312 0.028125 0.028125
0 0.906250 0.975000 0.031250 0.031250
0 0.785937 0.675000 0.028125 0.031250
0 0.045312 0.353125 0.034375 0.037500
0 0.504687 0.589063 0.028125 0.028125
0 0.842187 0.882812 0.028125 0.028125
0 0.039062 0.937500 0.028125 0.031250
0 0.304688 0.701562 0.028125 0.028125
0 0.882812 0.673438 0.028125 0.028125
0 0.885938 0.781250 0.028125 0.031250
0 0.242188 0.642188 0.028125 0.028125
0 0.782813 0.392188 0.028125 0.028125
0 0.690625 0.804688 0.031250 0.028125
0 0.367188 0.532813 0.028125 0.028125
0 0.520312 0.673438 0.028125 0.028125
0 0.879687 0.618750 0.028125 0.031250
0 0.553125 0.906250 0.031250 0.031250
0 0.370312 0.587500 0.028125 0.031250
0 0.748437 0.823438 0.028125 0.028125
0 0.570312 0.532813 0.028125 0.028125
0 0.307812 0.529687 0.028125 0.028125
0 0.587500 0.504687 0.031250 0.028125
0 0.978125 0.620313 0.031250 0.028125
0 0.110937 0.354687 0.034375 0.034375
0 0.471875 0.359375 0.031250 0.031250
0 0.948438 0.804688 0.028125 0.028125
0 0.078125 0.356250 0.031250 0.031250
0 0.806250 0.807813 0.031250 0.028125
0 0.437500 0.646875 0.031250 0.031250
0 0.571875 0.359375 0.031250 0.031250
0 0.882812 0.507812 0.028125 0.028125
0 0.053125 0.740625 0.031250 0.031250
0 0.226562 0.501563 0.028125 0.028125
0 0.801562 0.704688 0.028125 0.028125
0 0.603125 0.359375 0.031250 0.031250
0 0.306250 0.473438 0.031250 0.028125
0 0.504687 0.356250 0.034375 0.031250
0 0.946875 0.509375 0.031250 0.031250
0 0.290625 0.670312 0.025000 0.028125
0 0.882812 0.448437 0.028125 0.028125
0 0.540625 0.359375 0.031250 0.031250
0 0.864062 0.706250 0.028125 0.031250
0 0.687500 0.903125 0.031250 0.031250
0 0.043750 0.528125 0.031250 0.031250
0 0.100000 0.606250 0.031250 0.031250
0 0.275000 0.356250 0.031250 0.031250
0 0.323437 0.504687 0.028125 0.028125
0 0.160938 0.554688 0.028125 0.028125
0 0.798438 0.534375 0.028125 0.031250
0 0.635938 0.359375 0.034375 0.031250
0 0.421875 0.446875 0.031250 0.031250
0 0.354687 0.560937 0.028125 0.028125
0 0.976562 0.450000 0.034375 0.031250
0 0.703125 0.931250 0.031250 0.031250
0 0.931250 0.475000 0.031250 0.031250
0 0.929688 0.535937 0.028125 0.028125
0 0.506250 0.759375 0.031250 0.031250
0 0.339062 0.415625 0.028125 0.025000
0 0.504687 0.701562 0.028125 0.028125
0 0.959375 0.481250 0.031250 0.031250
0 0.470313 0.529687 0.028125 0.028125
0 0.337500 0.529687 0.025000 0.028125
0 0.756250 0.906250 0.031250 0.031250
0 0.734375 0.359375 0.031250 0.031250
0 0.734375 0.931250 0.031250 0.031250
0 0.521875 0.906250 0.031250 0.031250
0 0.273438 0.473438 0.028125 0.028125
0 0.946875 0.450000 0.031250 0.031250
0 0.253125 0.906250 0.031250 0.031250
0 0.421875 0.673438 0.031250 0.028125
0 0.829688 0.418750 0.028125 0.031250
0 0.081250 0.632812 0.031250 0.028125
0 0.932813 0.956250 0.028125 0.031250
0 0.071875 0.937500 0.031250 0.031250
0 0.235937 0.932813 0.028125 0.028125
0 0.487500 0.787500 0.031250 0.031250
0 0.056250 0.965625 0.031250 0.031250
0 0.451562 0.560937 0.028125 0.028125
0 0.654687 0.789062 0.028125 0.028125
0 0.914062 0.564063 0.028125 0.028125
0 0.895312 0.645312 0.028125 0.028125
0 0.721875 0.962500 0.031250 0.031250
0 0.846875 0.392188 0.031250 0.028125
0 0.848437 0.450000 0.028125 0.031250
0 0.817187 0.392188 0.028125 0.028125
0 0.704688 0.700000 0.028125 0.031250
0 0.846875 0.948438 0.025000 0.028125
0 0.081250 0.578125 0.031250 0.031250
0 0.112500 0.525000 0.025000 0.025000
0 0.234375 0.878125 0.025000 0.025000
0 0.089063 0.907813 0.028125 0.028125
0 0.023438 0.560937 0.034375 0.034375
0 0.781250 0.448437 0.031250 0.028125
0 0.056250 0.907813 0.031250 0.028125
0 0.931250 0.923438 0.031250 0.034375
0 0.489063 0.729688 0.028125 0.028125
0 0.865625 0.418750 0.031250 0.031250
0 0.815625 0.504687 0.031250 0.028125
0 0.582812 0.451562 0.028125 0.028125
0 0.964063 0.362500 0.034375 0.037500
0 0.473438 0.759375 0.028125 0.031250
0 0.120313 0.906250 0.028125 0.025000
0 0.818750 0.970313 0.031250 0.034375
0 0.521875 0.787500 0.031250 0.031250
0 0.637500 0.757812 0.025000 0.028125
0 0.242188 0.473438 0.028125 0.028125
0 0.503125 0.817187 0.031250 0.028125
0 0.207813 0.700000 0.028125 0.031250
0 0.539062 0.934375 0.028125 0.031250
0 0.070312 0.768750 0.028125 0.031250
0 0.876563 0.964063 0.028125 0.028125
0 0.535937 0.876563 0.028125 0.028125
0 0.687500 0.962500 0.031250 0.031250
0 0.018750 0.739062 0.031250 0.028125
0 0.554688 0.962500 0.034375 0.031250
0 0.975000 0.565625 0.031250 0.031250
0 0.071875 0.879687 0.031250 0.028125
0 0.670312 0.754687 0.028125 0.028125
