0 0.856250 0.934375 0.031250 0.031250
0 0.064062 0.651563 0.028125 0.028125
0 0.656250 0.771875 0.031250 0.031250
0 0.118750 0.851562 0.031250 0.028125
0 0.706250 0.839063 0.031250 0.028125
0 0.682813 0.925000 0.028125 0.031250
0 0.890625 0.828125 0.031250 0.031250
0 0.950000 0.793750 0.031250 0.031250
0 0.740625 0.890625 0.031250 0.031250
0 0.521875 0.871875 0.031250 0.031250
0 0.859375 0.901563 0.031250 0.028125
0 0.704688 0.729688 0.028125 0.028125
0 0.532813 0.907813 0.034375 0.034375
0 0.678125 0.856250 0.031250 0.031250
0 0.393750 0.807813 0.031250 0.028125
0 0.709375 0.871875 0.031250 0.031250
0 0.290625 0.828125 0.031250 0.031250
0 0.920312 0.812500 0.028125 0.031250
0 0.260937 0.843750 0.028125 0.031250
0 0.712500 0.906250 0.031250 0.031250
0 0.768750 0.810937 0.031250 0.028125
0 0.771875 0.878125 0.031250 0.031250
0 0.589063 0.906250 0.034375 0.031250
0 0.487500 0.860938 0.031250 0.028125
0 0.890625 0.890625 0.031250 0.031250
0 0.064062 0.784375 0.028125 0.031250
0 0.831250 0.215625 0.031250 0.031250
0 0.178125 0.821875 0.031250 0.031250
0 0.234375 0.825000 0.031250 0.031250
0 0.654687 0.907813 0.028125 0.028125
0 0.948438 0.829688 0.028125 0.028125
0 0.800000 0.865625 0.031250 0.031250
0 0.892188 0.923438 0.034375 0.034375
0 0.121875 0.753125 0.031250 0.031250
0 0.532813 0.940625 0.028125 0.031250
0 0.156250 0.939063 0.031250 0.034375
0 0.948438 0.271875 0.028125 0.031250
0 0.053125 0.287500 0.031250 0.031250
0 0.089063 0.901563 0.028125 0.028125
0 0.875000 0.434375 0.031250 0.031250
0 0.768750 0.843750 0.031250 0.031250
0 0.206250 0.804688 0.031250 0.028125
0 0.679688 0.412500 0.028125 0.031250
0 0.209375 0.771875 0.031250 0.031250
0 0.712500 0.807813 0.031250 0.028125
0 0.800000 0.800000 0.031250 0.031250
0 0.118750 0.884375 0.031250 0.031250
0 0.725000 0.360938 0.031250 0.034375
0 0.625000 0.928125 0.031250 0.031250
0 0.950000 0.959375 0.031250 0.031250
0 0.873437 0.079687 0.028125 0.028125
0 0.428125 0.792188 0.031250 0.034375
0 0.135937 0.909375 0.028125 0.031250
0 0.676562 0.821875 0.028125 0.031250
0 0.456250 0.885938 0.031250 0.034375
0 0.543750 0.850000 0.031250 0.031250
0 0.889062 0.859375 0.028125 0.031250
0 0.150000 0.285938 0.031250 0.028125
0 0.303125 0.798438 0.031250 0.034375
0 0.904687 0.092188 0.028125 0.028125
0 0.900000 0.059375 0.031250 0.031250
0 0.709375 0.259375 0.031250 0.031250
0 0.148438 0.801562 0.028125 0.028125
0 0.737500 0.856250 0.031250 0.031250
0 0.801562 0.204687 0.028125 0.028125
0 0.743750 0.792188 0.031250 0.028125
0 0.643750 0.839063 0.031250 0.028125
0 0.450000 0.818750 0.031250 0.031250
0 0.575000 0.840625 0.031250 0.031250
0 0.209375 0.737500 0.031250 0.031250
0 0.200000 0.870313 0.031250 0.028125
0 0.418750 0.831250 0.031250 0.031250
0 0.803125 0.235937 0.031250 0.028125
0 0.070312 0.259375 0.028125 0.031250
0 0.835938 0.282813 0.028125 0.028125
0 0.921875 0.909375 0.031250 0.031250
0 0.064062 0.751563 0.028125 0.028125
0 0.407813 0.375000 0.028125 0.031250
0 0.150000 0.871875 0.031250 0.031250
0 0.262500 0.775000 0.031250 0.031250
0 0.184375 0.345313 0.031250 0.028125
0 0.132812 0.259375 0.028125 0.031250
0 0.039062 0.257812 0.028125 0.028125
0 0.712500 0.940625 0.031250 0.031250
0 0.850000 0.481250 0.031250 0.031250
0 0.684375 0.959375 0.031250 0.031250
0 0.776563 0.448437 0.028125 0.028125
0 0.920312 0.845313 0.028125 0.028125
0 0.803125 0.903125 0.031250 0.031250
0 0.587500 0.807813 0.031250 0.028125
0 0.918750 0.776563 0.031250 0.028125
0 0.681250 0.890625 0.031250 0.031250
0 0.450000 0.850000 0.031250 0.031250
0 0.325000 0.831250 0.031250 0.031250
0 0.828125 0.184375 0.031250 0.031250
0 0.610938 0.831250 0.028125 0.031250
0 0.556250 0.881250 0.031250 0.031250
0 0.604688 0.254688 0.028125 0.028125
0 0.746875 0.242188 0.031250 0.028125
0 0.145313 0.835938 0.028125 0.028125
0 0.862500 0.262500 0.031250 0.031250
0 0.132812 0.968750 0.034375 0.031250
0 0.090625 0.800000 0.031250 0.031250
0 0.834375 0.246875 0.031250 0.031250
0 0.593750 0.568750 0.031250 0.031250
0 0.703125 0.137500 0.031250 0.031250
0 0.375000 0.756250 0.031250 0.031250
0 0.237500 0.657813 0.031250 0.028125
0 0.093750 0.767188 0.031250 0.028125
0 0.753125 0.339062 0.031250 0.028125
0 0.740625 0.921875 0.031250 0.031250
0 0.950000 0.728125 0.031250 0.031250
0 0.089063 0.868750 0.028125 0.031250
0 0.682813 0.792188 0.028125 0.028125
0 0.456250 0.346875 0.031250 0.031250
0 0.650000 0.875000 0.031250 0.031250
0 0.340625 0.768750 0.031250 0.031250
0 0.628125 0.962500 0.031250 0.031250
0 0.881250 0.500000 0.031250 0.031250
0 0.700000 0.440625 0.031250 0.031250
0 0.810937 0.301563 0.028125 0.028125
0 0.037500 0.314063 0.031250 0.028125
0 0.782813 0.321875 0.028125 0.031250
0 0.687500 0.282813 0.031250 0.028125
0 0.737500 0.823438 0.031250 0.028125
0 0.034375 0.537500 0.031250 0.031250
0 0.521875 0.287500 0.031250 0.031250
0 0.656250 0.943750 0.031250 0.031250
0 0.039062 0.200000 0.028125 0.031250
0 0.421875 0.407813 0.031250 0.028125
0 0.839063 0.348438 0.028125 0.028125
0 0.781250 0.285938 0.031250 0.028125
0 0.970313 0.565625 0.028125 0.031250
0 0.209375 0.675000 0.031250 0.031250
0 0.237500 0.690625 0.031250 0.031250
0 0.934375 0.626563 0.031250 0.028125
0 0.062500 0.917188 0.031250 0.028125
0 0.353125 0.731250 0.031250 0.031250
0 0.593750 0.400000 0.031250 0.031250
0 0.471875 0.318750 0.031250 0.031250
0 0.921875 0.943750 0.031250 0.031250
0 0.910937 0.157812 0.028125 0.028125
0 0.229687 0.856250 0.028125 0.031250
0 0.153125 0.704688 0.031250 0.028125
0 0.296875 0.765625 0.031250 0.031250
0 0.537500 0.818750 0.031250 0.031250
0 0.070312 0.370312 0.028125 0.028125
0 0.171875 0.900000 0.031250 0.031250
0 0.175000 0.853125 0.031250 0.031250
0 0.265625 0.807813 0.031250 0.028125
0 0.062500 0.851562 0.031250 0.028125
0 0.620313 0.893750 0.028125 0.031250
0 0.556250 0.343750 0.031250 0.031250
0 0.829688 0.881250 0.028125 0.031250
0 0.918750 0.976562 0.031250 0.028125
0 0.890625 0.959375 0.031250 0.031250
0 0.571875 0.543750 0.031250 0.031250
0 0.589063 0.342187 0.028125 0.028125
0 0.385937 0.642188 0.028125 0.028125
0 0.714063 0.775000 0.028125 0.031250
0 0.671875 0.256250 0.031250 0.031250
0 0.387500 0.843750 0.031250 0.031250
0 0.815625 0.401562 0.031250 0.028125
0 0.826562 0.501563 0.028125 0.028125
0 0.090625 0.934375 0.031250 0.031250
0 0.878125 0.465625 0.031250 0.031250
0 0.650000 0.803125 0.031250 0.031250
0 0.760938 0.478125 0.028125 0.031250
0 0.121875 0.720313 0.031250 0.028125
0 0.564063 0.959375 0.034375 0.031250
0 0.087500 0.285938 0.031250 0.028125
0 0.181250 0.721875 0.031250 0.031250
0 0.662500 0.675000 0.031250 0.031250
0 0.564063 0.925000 0.034375 0.031250
0 0.918750 0.290625 0.031250 0.031250
0 0.182812 0.287500 0.028125 0.031250
0 0.200000 0.318750 0.031250 0.031250
0 0.621875 0.284375 0.031250 0.031250
0 0.118750 0.285938 0.031250 0.028125
0 0.396875 0.735938 0.031250 0.028125
0 0.735938 0.495312 0.028125 0.028125
0 0.167187 0.315625 0.028125 0.031250
0 0.062500 0.815625 0.031250 0.031250
0 0.718750 0.225000 0.031250 0.031250
0 0.039062 0.143750 0.028125 0.031250
0 0.737500 0.396875 0.031250 0.031250
0 0.796875 0.834375 0.031250 0.031250
0 0.871875 0.396875 0.031250 0.031250
0 0.615625 0.543750 0.031250 0.031250
0 0.368750 0.790625 0.031250 0.031250
0 0.503125 0.925000 0.031250 0.031250
0 0.150000 0.737500 0.031250 0.031250
0 0.032813 0.867188 0.028125 0.028125
0 0.068750 0.553125 0.031250 0.031250
0 0.856250 0.867188 0.031250 0.028125
0 0.167187 0.259375 0.028125 0.031250
0 0.645312 0.418750 0.028125 0.031250
0 0.618750 0.862500 0.031250 0.031250
0 0.034375 0.768750 0.031250 0.031250
0 0.021875 0.173437 0.031250 0.028125
0 0.887500 0.792188 0.031250 0.028125
0 0.151562 0.343750 0.028125 0.031250
0 0.806250 0.268750 0.031250 0.031250
0 0.737500 0.140625 0.031250 0.031250
0 0.768750 0.157812 0.031250 0.028125
0 0.846875 0.450000 0.031250 0.031250
0 0.506250 0.315625 0.031250 0.031250
0 0.725000 0.325000 0.031250 0.031250
0 0.845313 0.418750 0.028125 0.031250
0 0.053125 0.343750 0.031250 0.031250
0 0.103125 0.259375 0.031250 0.031250
0 0.179688 0.754687 0.028125 0.028125
0 0.831250 0.815625 0.031250 0.031250
0 0.487500 0.764062 0.031250 0.034375
0 0.181250 0.689063 0.031250 0.028125
0 0.490625 0.346875 0.031250 0.031250
0 0.885938 0.529687 0.028125 0.028125
0 0.376563 0.712500 0.028125 0.031250
0 0.639062 0.254688 0.028125 0.028125
0 0.148438 0.770312 0.028125 0.028125
0 0.856250 0.800000 0.031250 0.031250
0 0.237500 0.725000 0.031250 0.031250
0 0.095312 0.735938 0.028125 0.028125
0 0.856250 0.834375 0.031250 0.031250
0 0.859375 0.198437 0.031250 0.028125
0 0.351562 0.690625 0.028125 0.031250
0 0.625000 0.393750 0.031250 0.031250
0 0.743750 0.956250 0.031250 0.031250
0 0.831250 0.915625 0.031250 0.031250
0 0.625000 0.578125 0.031250 0.031250
0 0.918750 0.745313 0.031250 0.028125
0 0.837500 0.315625 0.031250 0.031250
0 0.596875 0.971875 0.031250 0.031250
0 0.092188 0.832812 0.028125 0.028125
0 0.854688 0.517188 0.028125 0.028125
0 0.653125 0.282813 0.031250 0.028125
0 0.179688 0.789062 0.028125 0.028125
0 0.798438 0.168750 0.028125 0.031250
0 0.356250 0.828125 0.031250 0.031250
0 0.715625 0.468750 0.031250 0.031250
0 0.354687 0.659375 0.028125 0.031250
0 0.054688 0.229687 0.028125 0.028125
0 0.659375 0.476562 0.031250 0.028125
0 0.706250 0.393750 0.031250 0.031250
0 0.235937 0.757812 0.028125 0.028125
0 0.117188 0.817187 0.028125 0.028125
0 0.487500 0.893750 0.031250 0.031250
0 0.703125 0.081250 0.031250 0.031250
0 0.854688 0.164062 0.028125 0.028125
0 0.818750 0.437500 0.031250 0.031250
0 0.253125 0.400000 0.031250 0.031250
0 0.212500 0.640625 0.031250 0.031250
0 0.776563 0.948438 0.034375 0.034375
0 0.743750 0.759375 0.031250 0.031250
0 0.892188 0.275000 0.028125 0.031250
0 0.668750 0.312500 0.031250 0.031250
0 0.517188 0.439063 0.034375 0.034375
0 0.903125 0.446875 0.031250 0.031250
0 0.654687 0.226562 0.028125 0.028125
0 0.921875 0.876563 0.031250 0.028125
0 0.204687 0.839063 0.028125 0.028125
0 0.637500 0.740625 0.031250 0.031250
0 0.481250 0.828125 0.031250 0.031250
0 0.056250 0.115625 0.031250 0.031250
0 0.620313 0.767188 0.028125 0.028125
0 0.034375 0.631250 0.031250 0.031250
0 0.948438 0.860938 0.028125 0.028125
0 0.687500 0.756250 0.031250 0.031250
0 0.706250 0.196875 0.031250 0.031250
0 0.323437 0.675000 0.028125 0.031250
0 0.065625 0.421875 0.031250 0.031250
0 0.034375 0.834375 0.031250 0.031250
0 0.771875 0.700000 0.031250 0.031250
0 0.071875 0.689063 0.031250 0.028125
0 0.120313 0.784375 0.028125 0.031250
0 0.756250 0.418750 0.031250 0.031250
0 0.954688 0.596875 0.028125 0.031250
0 0.670312 0.445312 0.028125 0.028125
0 0.589063 0.284375 0.028125 0.031250
0 0.278125 0.871875 0.031250 0.031250
0 0.093750 0.968750 0.031250 0.031250
0 0.951562 0.893750 0.028125 0.031250
0 0.776563 0.254688 0.028125 0.028125
0 0.776563 0.778125 0.028125 0.031250
0 0.937500 0.137500 0.031250 0.031250
0 0.428125 0.756250 0.031250 0.031250
0 0.243750 0.885938 0.031250 0.034375
0 0.704688 0.021875 0.028125 0.031250
0 0.037500 0.735938 0.031250 0.028125
0 0.920312 0.257812 0.028125 0.028125
0 0.040625 0.087500 0.031250 0.031250
0 0.095312 0.668750 0.028125 0.031250
0 0.443750 0.381250 0.031250 0.031250
0 0.612500 0.428125 0.031250 0.031250
0 0.032813 0.800000 0.028125 0.031250
0 0.479687 0.432812 0.034375 0.034375
0 0.928125 0.396875 0.031250 0.031250
0 0.453125 0.771875 0.031250 0.031250
0 0.093750 0.635938 0.031250 0.028125
0 0.475000 0.375000 0.031250 0.031250
0 0.687500 0.223438 0.031250 0.028125
0 0.540625 0.465625 0.031250 0.031250
0 0.512500 0.840625 0.031250 0.031250
0 0.439063 0.318750 0.028125 0.031250
0 0.785937 0.354687 0.028125 0.028125
0 0.950000 0.695312 0.031250 0.028125
0 0.210938 0.706250 0.028125 0.031250
0 0.571875 0.314063 0.031250 0.028125
0 0.975000 0.846875 0.031250 0.031250
0 0.135937 0.315625 0.028125 0.031250
0 0.773438 0.221875 0.028125 0.031250
0 0.793750 0.485938 0.031250 0.028125
0 0.687500 0.110937 0.031250 0.028125
0 0.540625 0.315625 0.031250 0.031250
0 0.510938 0.479687 0.028125 0.028125
0 0.751563 0.306250 0.028125 0.031250
0 0.337500 0.803125 0.031250 0.031250
0 0.570312 0.254688 0.028125 0.028125
0 0.293750 0.690625 0.031250 0.031250
0 0.645312 0.535937 0.028125 0.028125
0 0.203125 0.431250 0.031250 0.031250
0 0.509375 0.371875 0.031250 0.031250
0 0.650000 0.706250 0.031250 0.031250
0 0.862500 0.295312 0.031250 0.028125
0 0.618750 0.800000 0.031250 0.031250
0 0.637500 0.325000 0.031250 0.031250
0 0.526563 0.975000 0.034375 0.031250
0 0.525000 0.403125 0.031250 0.031250
0 0.829688 0.782813 0.028125 0.028125
0 0.060937 0.882812 0.028125 0.028125
0 0.534375 0.506250 0.031250 0.031250
0 0.623437 0.226562 0.028125 0.028125
0 0.443750 0.434375 0.031250 0.031250
0 0.907813 0.126562 0.028125 0.028125
0 0.901563 0.415625 0.028125 0.031250
0 0.771875 0.915625 0.031250 0.031250
0 0.039062 0.706250 0.028125 0.031250
0 0.065625 0.585938 0.031250 0.028125
0 0.595313 0.939063 0.028125 0.028125
0 0.456250 0.934375 0.037500 0.037500
0 0.496875 0.575000 0.031250 0.031250
0 0.682813 0.704688 0.028125 0.028125
0 0.712500 0.518750 0.031250 0.031250
0 0.293750 0.725000 0.031250 0.031250
0 0.800000 0.554688 0.031250 0.028125
0 0.087500 0.173437 0.031250 0.028125
0 0.034375 0.900000 0.031250 0.031250
0 0.220312 0.403125 0.028125 0.031250
0 0.814063 0.370312 0.028125 0.028125
0 0.907813 0.481250 0.034375 0.031250
0 0.740625 0.450000 0.031250 0.031250
0 0.289062 0.618750 0.034375 0.031250
0 0.721875 0.290625 0.031250 0.031250
0 0.231250 0.371875 0.031250 0.031250
0 0.770312 0.190625 0.028125 0.031250
0 0.635938 0.450000 0.028125 0.031250
0 0.595313 0.489063 0.028125 0.028125
0 0.070312 0.200000 0.028125 0.031250
0 0.400000 0.434375 0.031250 0.031250
0 0.065625 0.720313 0.031250 0.028125
0 0.823438 0.151562 0.028125 0.028125
0 0.121875 0.621875 0.031250 0.031250
0 0.267188 0.707812 0.028125 0.028125
0 0.828125 0.850000 0.031250 0.031250
0 0.359375 0.345313 0.031250 0.028125
0 0.057813 0.512500 0.028125 0.031250
0 0.553125 0.284375 0.031250 0.031250
0 0.689063 0.604688 0.028125 0.028125
0 0.164062 0.431250 0.028125 0.031250
0 0.037500 0.568750 0.031250 0.031250
0 0.485938 0.609375 0.028125 0.031250
0 0.307812 0.862500 0.034375 0.031250
0 0.656250 0.565625 0.031250 0.031250
0 0.290625 0.546875 0.031250 0.031250
0 0.400000 0.775000 0.031250 0.031250
0 0.559375 0.757812 0.031250 0.034375
0 0.235937 0.790625 0.028125 0.031250
0 0.234375 0.434375 0.031250 0.031250
0 0.870313 0.362500 0.028125 0.031250
0 0.685937 0.167187 0.028125 0.028125
0 0.767188 0.553125 0.034375 0.031250
0 0.773438 0.746875 0.034375 0.031250
0 0.265625 0.742188 0.031250 0.028125
0 0.054688 0.170313 0.028125 0.028125
0 0.845313 0.065625 0.028125 0.031250
0 0.035937 0.435937 0.028125 0.028125
0 0.920312 0.710938 0.028125 0.028125
0 0.182812 0.403125 0.028125 0.031250
0 0.065625 0.618750 0.031250 0.031250
0 0.557813 0.400000 0.028125 0.031250
0 0.876563 0.112500 0.028125 0.031250
0 0.070312 0.315625 0.028125 0.031250
0 0.440625 0.496875 0.031250 0.031250
0 0.751563 0.275000 0.028125 0.031250
0 0.464062 0.973437 0.034375 0.034375
0 0.021875 0.287500 0.031250 0.031250
0 0.812500 0.021875 0.031250 0.031250
0 0.212500 0.903125 0.031250 0.031250
0 0.589063 0.773438 0.028125 0.028125
0 0.606250 0.314063 0.031250 0.028125
0 0.843750 0.384375 0.031250 0.031250
0 0.784375 0.387500 0.031250 0.031250
0 0.323437 0.465625 0.028125 0.031250
0 0.696875 0.673438 0.031250 0.034375
0 0.167187 0.373437 0.028125 0.028125
0 0.587500 0.871875 0.031250 0.031250
0 0.723437 0.110937 0.028125 0.028125
0 0.323437 0.712500 0.028125 0.031250
0 0.809375 0.939063 0.031250 0.034375
0 0.387500 0.403125 0.031250 0.031250
0 0.035937 0.601562 0.028125 0.028125
0 0.021875 0.229687 0.031250 0.028125
0 0.687500 0.053125 0.031250 0.031250
0 0.103125 0.143750 0.031250 0.031250
0 0.528125 0.568750 0.031250 0.031250
0 0.064062 0.451562 0.028125 0.028125
0 0.267188 0.675000 0.028125 0.031250
0 0.406250 0.696875 0.031250 0.031250
0 0.084375 0.396875 0.031250 0.031250
0 0.103125 0.368750 0.031250 0.031250
0 0.056250 0.057813 0.031250 0.028125
0 0.765625 0.510938 0.031250 0.034375
0 0.626563 0.481250 0.028125 0.031250
0 0.573438 0.370312 0.028125 0.028125
0 0.518750 0.598437 0.031250 0.028125
0 0.428125 0.721875 0.031250 0.031250
0 0.803125 0.975000 0.031250 0.031250
0 0.737500 0.564063 0.031250 0.028125
0 0.062500 0.950000 0.031250 0.031250
0 0.493750 0.957812 0.031250 0.034375
0 0.507812 0.804688 0.034375 0.034375
0 0.243750 0.617188 0.031250 0.034375
0 0.506250 0.543750 0.031250 0.031250
0 0.287500 0.409375 0.031250 0.031250
0 0.640625 0.651563 0.031250 0.028125
0 0.070312 0.143750 0.028125 0.031250
0 0.814063 0.054688 0.028125 0.028125
0 0.668750 0.137500 0.031250 0.031250
0 0.978125 0.878125 0.031250 0.031250
0 0.737500 0.728125 0.031250 0.031250
0 0.803125 0.693750 0.031250 0.031250
0 0.950000 0.928125 0.031250 0.031250
0 0.456250 0.737500 0.031250 0.031250
0 0.265625 0.640625 0.031250 0.031250
0 0.462500 0.407813 0.031250 0.028125
0 0.365625 0.439063 0.031250 0.028125
0 0.746875 0.675000 0.031250 0.031250
0 0.475000 0.796875 0.031250 0.031250
0 0.557813 0.789062 0.028125 0.028125
0 0.756250 0.370312 0.031250 0.028125
0 0.853125 0.131250 0.031250 0.031250
0 0.093750 0.464062 0.031250 0.028125
0 0.392188 0.346875 0.028125 0.031250
0 0.606250 0.368750 0.031250 0.031250
0 0.932813 0.104688 0.028125 0.028125
0 0.135937 0.370312 0.028125 0.028125
0 0.189062 0.929688 0.034375 0.034375
0 0.628125 0.682813 0.031250 0.028125
0 0.487500 0.287500 0.031250 0.031250
0 0.889062 0.243750 0.028125 0.031250
0 0.671875 0.196875 0.031250 0.031250
0 0.500000 0.512500 0.031250 0.031250
0 0.375000 0.376563 0.031250 0.028125
0 0.121875 0.937500 0.031250 0.031250
0 0.676562 0.542188 0.028125 0.028125
0 0.900000 0.378125 0.031250 0.031250
0 0.121875 0.689063 0.031250 0.028125
0 0.275000 0.376563 0.031250 0.028125
0 0.589063 0.228125 0.028125 0.031250
0 0.942187 0.493750 0.034375 0.031250
0 0.071875 0.085938 0.031250 0.028125
0 0.860938 0.229687 0.028125 0.028125
0 0.095312 0.704688 0.028125 0.028125
0 0.715625 0.700000 0.031250 0.031250
0 0.032813 0.931250 0.028125 0.031250
0 0.707812 0.550000 0.028125 0.031250
0 0.740625 0.178125 0.031250 0.031250
0 0.693750 0.637500 0.031250 0.031250
0 0.150000 0.504687 0.031250 0.028125
0 0.818750 0.087500 0.031250 0.031250
0 0.743750 0.209375 0.031250 0.031250
0 0.806250 0.756250 0.031250 0.031250
0 0.978125 0.814063 0.031250 0.034375
0 0.896875 0.618750 0.031250 0.031250
0 0.573438 0.464062 0.028125 0.028125
0 0.945312 0.657813 0.034375 0.034375
0 0.973437 0.218750 0.028125 0.031250
0 0.553125 0.053125 0.031250 0.031250
0 0.796875 0.518750 0.031250 0.031250
0 0.937500 0.565625 0.031250 0.031250
0 0.873437 0.045312 0.028125 0.028125
0 0.829688 0.714063 0.034375 0.034375
0 0.879687 0.143750 0.028125 0.025000
0 0.659375 0.978125 0.031250 0.031250
0 0.621875 0.625000 0.031250 0.031250
0 0.018750 0.343750 0.031250 0.031250
0 0.421875 0.459375 0.031250 0.031250
0 0.803125 0.589063 0.031250 0.028125
0 0.540625 0.373437 0.031250 0.028125
0 0.526563 0.781250 0.034375 0.031250
0 0.289062 0.348438 0.028125 0.028125
0 0.300000 0.584375 0.031250 0.031250
0 0.690625 0.490625 0.031250 0.031250
0 0.662500 0.625000 0.031250 0.031250
0 0.604688 0.457813 0.028125 0.028125
0 0.381250 0.678125 0.031250 0.031250
0 0.334375 0.434375 0.031250 0.031250
0 0.321875 0.346875 0.031250 0.031250
0 0.042188 0.675000 0.028125 0.031250
0 0.634375 0.362500 0.031250 0.031250
0 0.132812 0.535937 0.028125 0.028125
0 0.037500 0.371875 0.031250 0.031250
0 0.948438 0.235937 0.028125 0.028125
0 0.918750 0.678125 0.031250 0.031250
0 0.410938 0.489063 0.028125 0.028125
0 0.151562 0.604688 0.028125 0.028125
0 0.665625 0.343750 0.031250 0.031250
0 0.571875 0.200000 0.031250 0.031250
0 0.725000 0.048438 0.031250 0.028125
0 0.662500 0.509375 0.031250 0.031250
0 0.464062 0.582812 0.028125 0.028125
0 0.564063 0.493750 0.028125 0.031250
0 0.798438 0.723437 0.028125 0.028125
0 0.300000 0.440625 0.031250 0.031250
0 0.734375 0.078125 0.031250 0.031250
0 0.525000 0.343750 0.031250 0.031250
0 0.281250 0.515625 0.031250 0.031250
0 0.298438 0.653125 0.028125 0.031250
0 0.421875 0.346875 0.031250 0.031250
0 0.089063 0.492188 0.028125 0.028125
0 0.503125 0.259375 0.031250 0.031250
0 0.301563 0.492188 0.028125 0.028125
0 0.817187 0.468750 0.034375 0.031250
0 0.768750 0.978125 0.031250 0.031250
0 0.548438 0.431250 0.028125 0.031250
0 0.657813 0.385937 0.028125 0.028125
0 0.321875 0.743750 0.031250 0.031250
0 0.096875 0.432812 0.031250 0.028125
0 0.618750 0.714063 0.031250 0.028125
0 0.715625 0.587500 0.031250 0.031250
0 0.387500 0.465625 0.031250 0.031250
0 0.826562 0.534375 0.028125 0.031250
0 0.040625 0.403125 0.031250 0.031250
0 0.103125 0.545312 0.025000 0.028125
0 0.267188 0.585938 0.034375 0.034375
0 0.521875 0.110937 0.031250 0.028125
0 0.257812 0.348438 0.028125 0.028125
0 0.353125 0.407813 0.031250 0.028125
0 0.493750 0.401562 0.031250 0.028125
0 0.790625 0.417187 0.031250 0.034375
0 0.598437 0.743750 0.028125 0.031250
0 0.918750 0.537500 0.031250 0.031250
0 0.756250 0.059375 0.031250 0.031250
0 0.742188 0.531250 0.028125 0.031250
0 0.032813 0.964063 0.028125 0.028125
0 0.967187 0.151562 0.028125 0.028125
0 0.326562 0.639062 0.034375 0.034375
0 0.239063 0.525000 0.034375 0.031250
0 0.685937 0.573438 0.028125 0.028125
0 0.559375 0.653125 0.031250 0.031250
0 0.215625 0.345313 0.031250 0.028125
0 0.934375 0.460938 0.031250 0.028125
0 0.975000 0.778125 0.031250 0.031250
0 0.598437 0.598437 0.028125 0.028125
0 0.200000 0.376563 0.031250 0.028125
0 0.085938 0.342187 0.028125 0.028125
0 0.181250 0.621875 0.031250 0.031250
0 0.018750 0.659375 0.031250 0.031250
0 0.317188 0.523438 0.034375 0.034375
0 0.328125 0.600000 0.031250 0.031250
0 0.581250 0.432812 0.031250 0.028125
0 0.653125 0.167187 0.031250 0.028125
0 0.951562 0.301563 0.028125 0.028125
0 0.182812 0.651563 0.028125 0.028125
0 0.559375 0.571875 0.031250 0.031250
0 0.821875 0.120313 0.031250 0.028125
0 0.862500 0.975000 0.031250 0.031250
0 0.087500 0.232813 0.031250 0.028125
0 0.793750 0.137500 0.031250 0.031250
0 0.354687 0.470313 0.028125 0.028125
0 0.318750 0.403125 0.031250 0.031250
0 0.110937 0.514062 0.028125 0.028125
0 0.253125 0.493750 0.031250 0.031250
0 0.182812 0.456250 0.028125 0.031250
0 0.089063 0.115625 0.028125 0.031250
0 0.121875 0.485938 0.031250 0.028125
0 0.481250 0.468750 0.031250 0.031250
0 0.840625 0.751563 0.031250 0.034375
0 0.150000 0.231250 0.031250 0.031250
0 0.215625 0.465625 0.031250 0.031250
0 0.526563 0.659375 0.028125 0.031250
0 0.810937 0.337500 0.028125 0.031250
0 0.682813 0.370312 0.028125 0.028125
0 0.256250 0.553125 0.031250 0.031250
0 0.150000 0.400000 0.031250 0.031250
0 0.721875 0.651563 0.031250 0.028125
0 0.470313 0.696875 0.034375 0.031250
0 0.540625 0.628125 0.031250 0.031250
0 0.951562 0.335938 0.028125 0.028125
0 0.831250 0.962500 0.031250 0.031250
0 0.537500 0.537500 0.031250 0.031250
0 0.789062 0.073438 0.028125 0.028125
0 0.339062 0.378125 0.028125 0.031250
0 0.412500 0.662500 0.031250 0.031250
0 0.975000 0.387500 0.031250 0.031250
0 0.095312 0.576562 0.028125 0.028125
0 0.921875 0.356250 0.031250 0.031250
0 0.101562 0.314063 0.028125 0.028125
0 0.964063 0.118750 0.034375 0.031250
0 0.537500 0.084375 0.031250 0.031250
0 0.517188 0.748437 0.034375 0.034375
0 0.842187 0.034375 0.028125 0.031250
0 0.450000 0.637500 0.031250 0.031250
0 0.953125 0.537500 0.031250 0.031250
0 0.942187 0.170313 0.028125 0.028125
0 0.060937 0.482812 0.028125 0.028125
0 0.125000 0.565625 0.031250 0.031250
0 0.029687 0.495312 0.028125 0.028125
0 0.725000 0.421875 0.031250 0.031250
0 0.353125 0.620313 0.031250 0.028125
0 0.848437 0.098437 0.028125 0.028125
0 0.417187 0.629687 0.028125 0.028125
0 0.771875 0.606250 0.031250 0.031250
0 0.746875 0.026562 0.031250 0.034375
0 0.865625 0.678125 0.031250 0.031250
0 0.943750 0.203125 0.031250 0.031250
0 0.931250 0.075000 0.031250 0.031250
0 0.946875 0.370312 0.031250 0.034375
0 0.334375 0.495312 0.031250 0.028125
0 0.359375 0.589063 0.031250 0.034375
0 0.229687 0.579688 0.034375 0.034375
0 0.878125 0.645312 0.031250 0.028125
0 0.553125 0.112500 0.031250 0.031250
0 0.484375 0.646875 0.031250 0.031250
0 0.671875 0.731250 0.031250 0.031250
0 0.635938 0.139063 0.028125 0.028125
0 0.487500 0.725000 0.031250 0.031250
0 0.275000 0.321875 0.031250 0.031250
0 0.450000 0.465625 0.031250 0.031250
0 0.851562 0.548438 0.028125 0.028125
0 0.782813 0.637500 0.028125 0.031250
0 0.882812 0.176563 0.028125 0.028125
0 0.828125 0.567187 0.031250 0.028125
0 0.550000 0.684375 0.031250 0.031250
0 0.515625 0.704688 0.031250 0.034375
0 0.978125 0.714063 0.031250 0.028125
0 0.307812 0.376563 0.028125 0.028125
0 0.214062 0.500000 0.028125 0.031250
0 0.978125 0.315625 0.031250 0.031250
0 0.887500 0.762500 0.031250 0.031250
0 0.246875 0.462500 0.031250 0.031250
0 0.268750 0.084375 0.031250 0.031250
0 0.815625 0.637500 0.031250 0.031250
0 0.234375 0.028125 0.031250 0.031250
0 0.281250 0.465625 0.031250 0.031250
0 0.970313 0.182812 0.028125 0.028125
0 0.442188 0.671875 0.034375 0.031250
0 0.117188 0.342187 0.028125 0.028125
0 0.976562 0.746875 0.028125 0.031250
0 0.921875 0.595313 0.031250 0.028125
0 0.092188 0.607812 0.028125 0.028125
0 0.267188 0.435937 0.028125 0.028125
0 0.978125 0.978125 0.031250 0.031250
0 0.195312 0.251563 0.028125 0.028125
0 0.720313 0.620313 0.028125 0.028125
0 0.537500 0.142187 0.031250 0.028125
0 0.778125 0.668750 0.031250 0.031250
0 0.896875 0.028125 0.031250 0.031250
0 0.306250 0.317188 0.031250 0.028125
0 0.089063 0.056250 0.028125 0.031250
0 0.975000 0.618750 0.031250 0.031250
0 0.212500 0.604688 0.031250 0.028125
0 0.978125 0.946875 0.031250 0.031250
0 0.120313 0.593750 0.028125 0.031250
0 0.507812 0.629687 0.028125 0.028125
0 0.253125 0.056250 0.031250 0.031250
0 0.021875 0.115625 0.031250 0.031250
0 0.329688 0.565625 0.034375 0.031250
0 0.620313 0.514062 0.028125 0.028125
0 0.968750 0.512500 0.031250 0.031250
0 0.082812 0.525000 0.028125 0.025000
0 0.565625 0.603125 0.031250 0.031250
0 0.468750 0.521875 0.031250 0.031250
0 0.971875 0.356250 0.031250 0.031250
0 0.303125 0.084375 0.031250 0.031250
0 0.975000 0.682813 0.031250 0.034375
0 0.571875 0.081250 0.031250 0.031250
0 0.376563 0.562500 0.028125 0.031250
0 0.781250 0.040625 0.031250 0.031250
0 0.418750 0.520312 0.031250 0.028125
0 0.556250 0.168750 0.031250 0.031250
0 0.520312 0.054688 0.028125 0.028125
0 0.975000 0.250000 0.031250 0.031250
0 0.693750 0.339062 0.031250 0.028125
0 0.443750 0.557813 0.031250 0.034375
0 0.862500 0.600000 0.031250 0.031250
0 0.153125 0.468750 0.031250 0.031250
0 0.828125 0.667188 0.031250 0.034375
0 0.715625 0.167187 0.031250 0.028125
0 0.035937 0.467187 0.028125 0.028125
0 0.587500 0.631250 0.031250 0.031250
0 0.929688 0.429688 0.028125 0.028125
0 0.353125 0.534375 0.031250 0.031250
0 0.910937 0.645312 0.028125 0.028125
0 0.537500 0.725000 0.031250 0.031250
0 0.920312 0.323437 0.028125 0.028125
0 0.443750 0.606250 0.031250 0.031250
0 0.182812 0.518750 0.034375 0.031250
0 0.339062 0.317188 0.028125 0.028125
0 0.184375 0.589063 0.031250 0.028125
0 0.470313 0.260937 0.028125 0.028125
0 0.604688 0.082812 0.028125 0.028125
0 0.750000 0.635938 0.031250 0.034375
0 0.237500 0.082812 0.031250 0.028125
0 0.504687 0.142187 0.028125 0.028125
0 0.123438 0.454688 0.028125 0.028125
0 0.476562 0.553125 0.028125 0.031250
0 0.975000 0.912500 0.031250 0.031250
0 0.979688 0.282813 0.034375 0.034375
0 0.592187 0.520312 0.028125 0.028125
0 0.120313 0.173437 0.028125 0.028125
0 0.535937 0.026562 0.028125 0.028125
0 0.570312 0.026562 0.028125 0.028125
0 0.151562 0.671875 0.028125 0.031250
