0 0.557813 0.545312 0.034375 0.034375
0 0.546875 0.617188 0.037500 0.034375
0 0.509375 0.731250 0.031250 0.031250
0 0.221875 0.851562 0.031250 0.028125
0 0.332813 0.820312 0.028125 0.028125
0 0.670312 0.792188 0.028125 0.028125
0 0.317188 0.679688 0.028125 0.028125
0 0.607812 0.685937 0.028125 0.028125
0 0.623437 0.757812 0.034375 0.034375
0 0.129688 0.851562 0.028125 0.028125
0 0.364063 0.817187 0.028125 0.028125
0 0.357812 0.395313 0.034375 0.034375
0 0.142187 0.596875 0.028125 0.031250
0 0.643750 0.610938 0.031250 0.028125
0 0.473438 0.898438 0.028125 0.028125
0 0.740625 0.646875 0.031250 0.031250
0 0.192188 0.851562 0.028125 0.028125
0 0.143750 0.879687 0.031250 0.028125
0 0.517188 0.557813 0.028125 0.028125
0 0.478125 0.620313 0.031250 0.028125
0 0.460938 0.815625 0.028125 0.031250
0 0.612500 0.621875 0.031250 0.031250
0 0.060937 0.398438 0.028125 0.028125
0 0.690625 0.768750 0.031250 0.031250
0 0.284375 0.792188 0.031250 0.028125
0 0.523438 0.873437 0.028125 0.028125
0 0.542188 0.734375 0.028125 0.031250
0 0.445312 0.789062 0.028125 0.028125
0 0.635938 0.673438 0.028125 0.028125
0 0.609375 0.468750 0.031250 0.031250
0 0.687500 0.820312 0.031250 0.028125
0 0.204687 0.542188 0.028125 0.028125
0 0.160938 0.851562 0.028125 0.028125
0 0.301563 0.820312 0.028125 0.028125
0 0.284375 0.848437 0.031250 0.028125
0 0.075000 0.481250 0.031250 0.031250
0 0.779687 0.765625 0.028125 0.031250
0 0.579688 0.637500 0.028125 0.031250
0 0.396875 0.418750 0.031250 0.031250
0 0.237500 0.764062 0.031250 0.028125
0 0.175000 0.879687 0.031250 0.028125
0 0.379688 0.623437 0.028125 0.028125
0 0.700000 0.692187 0.031250 0.028125
0 0.153125 0.456250 0.031250 0.031250
0 0.476562 0.789062 0.028125 0.028125
0 0.301563 0.762500 0.028125 0.031250
0 0.445312 0.734375 0.028125 0.031250
0 0.254688 0.848437 0.028125 0.028125
0 0.625000 0.528125 0.031250 0.031250
0 0.603125 0.506250 0.031250 0.031250
0 0.706250 0.796875 0.031250 0.031250
0 0.334375 0.428125 0.031250 0.031250
0 0.754687 0.675000 0.028125 0.031250
0 0.239063 0.598437 0.028125 0.028125
0 0.317188 0.790625 0.028125 0.031250
0 0.220312 0.514062 0.028125 0.028125
0 0.668750 0.637500 0.031250 0.031250
0 0.332813 0.706250 0.028125 0.031250
0 0.395313 0.760938 0.028125 0.028125
0 0.479687 0.564063 0.028125 0.028125
0 0.254688 0.904687 0.028125 0.028125
0 0.348438 0.901563 0.028125 0.028125
0 0.107813 0.426563 0.028125 0.028125
0 0.204687 0.935937 0.028125 0.028125
0 0.457813 0.926562 0.028125 0.028125
0 0.239063 0.821875 0.028125 0.031250
0 0.268750 0.878125 0.031250 0.031250
0 0.792188 0.828125 0.028125 0.031250
0 0.332813 0.650000 0.028125 0.031250
0 0.557813 0.760938 0.028125 0.028125
0 0.495312 0.534375 0.028125 0.031250
0 0.185938 0.456250 0.028125 0.031250
0 0.112500 0.878125 0.031250 0.031250
0 0.207813 0.823438 0.028125 0.028125
0 0.139063 0.482812 0.028125 0.028125
0 0.410938 0.789062 0.028125 0.028125
0 0.571875 0.510938 0.031250 0.028125
0 0.107813 0.484375 0.028125 0.031250
0 0.551562 0.470313 0.028125 0.028125
0 0.379688 0.679688 0.028125 0.028125
0 0.742188 0.728125 0.028125 0.031250
0 0.426563 0.870313 0.028125 0.028125
0 0.525000 0.760938 0.031250 0.028125
0 0.776563 0.734375 0.028125 0.031250
0 0.412500 0.360938 0.031250 0.028125
0 0.251563 0.514062 0.028125 0.028125
0 0.365625 0.428125 0.031250 0.031250
0 0.650000 0.731250 0.031250 0.031250
0 0.492188 0.760938 0.028125 0.028125
0 0.221875 0.795312 0.031250 0.028125
0 0.462500 0.535937 0.031250 0.028125
0 0.315625 0.901563 0.025000 0.028125
0 0.657813 0.764062 0.028125 0.028125
0 0.301563 0.931250 0.028125 0.031250
0 0.060937 0.901563 0.028125 0.028125
0 0.190625 0.793750 0.031250 0.031250
0 0.460938 0.650000 0.028125 0.031250
0 0.478125 0.676562 0.031250 0.028125
0 0.364063 0.873437 0.028125 0.028125
0 0.428125 0.815625 0.031250 0.031250
0 0.637500 0.642188 0.031250 0.028125
0 0.237500 0.879687 0.031250 0.028125
0 0.237500 0.540625 0.031250 0.031250
0 0.718750 0.753125 0.031250 0.031250
0 0.578125 0.704688 0.031250 0.028125
0 0.379688 0.514062 0.028125 0.028125
0 0.378125 0.456250 0.031250 0.031250
0 0.270313 0.820312 0.028125 0.028125
0 0.476562 0.842187 0.028125 0.028125
0 0.442188 0.842187 0.028125 0.028125
0 0.139063 0.426563 0.028125 0.028125
0 0.785937 0.795312 0.028125 0.028125
0 0.442188 0.898438 0.028125 0.028125
0 0.631250 0.490625 0.031250 0.031250
0 0.510938 0.617188 0.028125 0.028125
0 0.732812 0.698438 0.028125 0.028125
0 0.429688 0.760938 0.028125 0.028125
0 0.631250 0.709375 0.031250 0.031250
0 0.285938 0.679688 0.028125 0.028125
0 0.460938 0.593750 0.028125 0.031250
0 0.284375 0.567187 0.031250 0.028125
0 0.285938 0.904687 0.028125 0.028125
0 0.176563 0.823438 0.028125 0.028125
0 0.348438 0.567187 0.028125 0.028125
0 0.270313 0.596875 0.028125 0.031250
0 0.690625 0.612500 0.031250 0.031250
0 0.095312 0.904687 0.028125 0.028125
0 0.507812 0.789062 0.028125 0.028125
0 0.301563 0.707812 0.028125 0.028125
0 0.446875 0.564063 0.031250 0.028125
0 0.270313 0.707812 0.028125 0.028125
0 0.317188 0.567187 0.028125 0.028125
0 0.189062 0.567187 0.028125 0.028125
0 0.362500 0.485938 0.031250 0.028125
0 0.107813 0.595313 0.028125 0.028125
0 0.090625 0.398438 0.031250 0.028125
0 0.395313 0.929688 0.028125 0.028125
0 0.504687 0.898438 0.028125 0.028125
0 0.678125 0.668750 0.031250 0.031250
0 0.504687 0.506250 0.028125 0.031250
0 0.221875 0.567187 0.025000 0.028125
0 0.539062 0.900000 0.028125 0.031250
0 0.509375 0.676562 0.031250 0.028125
0 0.492188 0.648438 0.028125 0.028125
0 0.640625 0.578125 0.031250 0.031250
0 0.429688 0.535937 0.028125 0.028125
0 0.539062 0.789062 0.028125 0.028125
0 0.239063 0.932813 0.028125 0.028125
0 0.348438 0.514062 0.028125 0.028125
0 0.604688 0.728125 0.028125 0.031250
0 0.556250 0.579688 0.031250 0.028125
0 0.253125 0.793750 0.031250 0.031250
0 0.348438 0.846875 0.028125 0.031250
0 0.492188 0.815625 0.028125 0.031250
0 0.173437 0.429688 0.028125 0.028125
0 0.123438 0.454688 0.028125 0.028125
0 0.414062 0.620313 0.028125 0.028125
0 0.445312 0.507812 0.028125 0.028125
0 0.025000 0.398438 0.031250 0.028125
0 0.607812 0.654687 0.028125 0.028125
0 0.206250 0.765625 0.031250 0.031250
0 0.460938 0.704688 0.028125 0.028125
0 0.412500 0.678125 0.031250 0.031250
0 0.662500 0.693750 0.031250 0.031250
0 0.332813 0.873437 0.028125 0.028125
0 0.282813 0.345313 0.028125 0.028125
0 0.254688 0.570312 0.028125 0.028125
0 0.204687 0.485938 0.028125 0.028125
0 0.379688 0.845313 0.028125 0.028125
0 0.520312 0.473438 0.028125 0.028125
0 0.765625 0.956250 0.031250 0.031250
0 0.314063 0.401562 0.028125 0.028125
0 0.268750 0.764062 0.031250 0.028125
0 0.575000 0.734375 0.031250 0.031250
0 0.773438 0.851562 0.028125 0.028125
0 0.301563 0.596875 0.028125 0.031250
0 0.126562 0.626563 0.028125 0.028125
0 0.701562 0.643750 0.028125 0.031250
0 0.348438 0.789062 0.028125 0.028125
0 0.270313 0.935937 0.028125 0.028125
0 0.379688 0.734375 0.028125 0.031250
0 0.445312 0.620313 0.028125 0.028125
0 0.282813 0.457813 0.028125 0.028125
0 0.076563 0.425000 0.028125 0.031250
0 0.207813 0.651563 0.028125 0.028125
0 0.639062 0.790625 0.028125 0.031250
0 0.507812 0.842187 0.028125 0.028125
0 0.267188 0.373437 0.028125 0.028125
0 0.060937 0.451562 0.028125 0.028125
0 0.581250 0.598437 0.031250 0.028125
0 0.720313 0.668750 0.028125 0.031250
0 0.651563 0.820312 0.028125 0.028125
0 0.096875 0.851562 0.031250 0.028125
0 0.346875 0.456250 0.031250 0.031250
0 0.393750 0.485938 0.031250 0.028125
0 0.317188 0.848437 0.028125 0.028125
0 0.592187 0.535937 0.028125 0.028125
0 0.426563 0.650000 0.028125 0.031250
0 0.540625 0.500000 0.031250 0.031250
0 0.364063 0.651563 0.028125 0.028125
0 0.331250 0.375000 0.031250 0.031250
0 0.282813 0.514062 0.028125 0.028125
0 0.612500 0.590625 0.031250 0.031250
0 0.410938 0.843750 0.028125 0.031250
0 0.268750 0.654687 0.025000 0.028125
0 0.239063 0.651563 0.028125 0.028125
0 0.207813 0.878125 0.028125 0.031250
0 0.710938 0.723437 0.028125 0.028125
0 0.584375 0.448437 0.031250 0.028125
0 0.460938 0.760938 0.028125 0.028125
0 0.379688 0.901563 0.028125 0.028125
0 0.251563 0.457813 0.028125 0.028125
0 0.379688 0.790625 0.028125 0.031250
0 0.314063 0.514062 0.028125 0.028125
0 0.417187 0.393750 0.028125 0.031250
0 0.492188 0.590625 0.028125 0.031250
0 0.192188 0.679688 0.028125 0.028125
0 0.253125 0.960938 0.031250 0.028125
0 0.092188 0.514062 0.028125 0.028125
0 0.137500 0.371875 0.031250 0.031250
0 0.395313 0.817187 0.028125 0.028125
0 0.501563 0.446875 0.028125 0.031250
0 0.414062 0.564063 0.028125 0.028125
0 0.348438 0.732812 0.028125 0.028125
0 0.364063 0.539062 0.028125 0.028125
0 0.143750 0.821875 0.031250 0.031250
0 0.301563 0.485938 0.028125 0.028125
0 0.573438 0.789062 0.028125 0.028125
0 0.476562 0.507812 0.028125 0.028125
0 0.270313 0.542188 0.028125 0.028125
0 0.207813 0.707812 0.028125 0.028125
0 0.223438 0.681250 0.028125 0.031250
0 0.410938 0.731250 0.028125 0.031250
0 0.523438 0.815625 0.028125 0.031250
0 0.045312 0.423438 0.028125 0.028125
0 0.081250 0.876563 0.031250 0.028125
0 0.315625 0.457813 0.031250 0.028125
0 0.248438 0.342187 0.028125 0.028125
0 0.556250 0.817187 0.031250 0.028125
0 0.489063 0.870313 0.028125 0.028125
0 0.398438 0.592187 0.028125 0.028125
0 0.604688 0.789062 0.028125 0.028125
0 0.584375 0.568750 0.031250 0.031250
0 0.298438 0.429688 0.028125 0.028125
0 0.765625 0.704688 0.031250 0.028125
0 0.484375 0.418750 0.031250 0.031250
0 0.126562 0.907813 0.028125 0.028125
0 0.217188 0.456250 0.028125 0.031250
0 0.331250 0.485938 0.031250 0.028125
0 0.748437 0.759375 0.028125 0.031250
0 0.159375 0.570312 0.031250 0.028125
0 0.204687 0.373437 0.028125 0.028125
0 0.478125 0.734375 0.031250 0.031250
0 0.364063 0.760938 0.028125 0.028125
0 0.581250 0.482812 0.031250 0.028125
0 0.526563 0.704688 0.028125 0.028125
0 0.412500 0.453125 0.031250 0.031250
0 0.301563 0.876563 0.028125 0.028125
0 0.170313 0.485938 0.028125 0.028125
0 0.765625 0.925000 0.031250 0.031250
0 0.107813 0.539062 0.028125 0.028125
0 0.204687 0.595313 0.028125 0.028125
0 0.237500 0.485938 0.031250 0.028125
0 0.410938 0.898438 0.028125 0.028125
0 0.173437 0.651563 0.028125 0.028125
0 0.139063 0.539062 0.028125 0.028125
0 0.760938 0.820312 0.028125 0.028125
0 0.457813 0.870313 0.028125 0.028125
0 0.732812 0.810937 0.028125 0.028125
0 0.364063 0.706250 0.028125 0.031250
0 0.332813 0.764062 0.028125 0.028125
0 0.442188 0.370312 0.028125 0.028125
0 0.154688 0.400000 0.028125 0.031250
0 0.492188 0.704688 0.028125 0.028125
0 0.315625 0.346875 0.031250 0.031250
0 0.682813 0.737500 0.028125 0.025000
0 0.754687 0.790625 0.028125 0.031250
0 0.125000 0.398438 0.031250 0.028125
0 0.123438 0.567187 0.028125 0.028125
0 0.189062 0.962500 0.028125 0.031250
0 0.579688 0.670312 0.028125 0.028125
0 0.298438 0.373437 0.028125 0.028125
0 0.204687 0.429688 0.028125 0.028125
0 0.160938 0.910937 0.028125 0.028125
0 0.239063 0.707812 0.028125 0.028125
0 0.189062 0.623437 0.028125 0.028125
0 0.564063 0.956250 0.028125 0.031250
0 0.142187 0.935937 0.028125 0.028125
0 0.157812 0.623437 0.028125 0.028125
0 0.379688 0.567187 0.028125 0.028125
0 0.656250 0.550000 0.031250 0.031250
0 0.589063 0.764062 0.028125 0.028125
0 0.539062 0.845313 0.028125 0.028125
0 0.489063 0.926562 0.028125 0.028125
0 0.265625 0.429688 0.031250 0.028125
0 0.092188 0.567187 0.028125 0.028125
0 0.410938 0.514062 0.028125 0.028125
0 0.254688 0.735938 0.028125 0.028125
0 0.559375 0.925000 0.031250 0.031250
0 0.348438 0.676562 0.028125 0.028125
0 0.232813 0.429688 0.028125 0.028125
0 0.395313 0.706250 0.028125 0.031250
0 0.721875 0.620313 0.031250 0.028125
0 0.553125 0.687500 0.031250 0.031250
0 0.395313 0.873437 0.028125 0.028125
0 0.285938 0.626563 0.028125 0.028125
0 0.317188 0.735938 0.028125 0.028125
0 0.532813 0.442188 0.028125 0.028125
0 0.176563 0.595313 0.028125 0.028125
0 0.364063 0.929688 0.028125 0.028125
0 0.348438 0.623437 0.028125 0.028125
0 0.520312 0.926562 0.028125 0.028125
0 0.426563 0.926562 0.028125 0.028125
0 0.092188 0.454688 0.028125 0.028125
0 0.429688 0.704688 0.028125 0.028125
0 0.173437 0.540625 0.028125 0.025000
0 0.040625 0.373437 0.031250 0.028125
0 0.192188 0.907813 0.028125 0.028125
0 0.175000 0.935937 0.025000 0.028125
0 0.614062 0.560937 0.028125 0.028125
0 0.123438 0.514062 0.028125 0.028125
0 0.789062 0.876563 0.034375 0.034375
0 0.428125 0.425000 0.031250 0.031250
0 0.029687 0.451562 0.028125 0.028125
0 0.364063 0.595313 0.028125 0.028125
0 0.431250 0.592187 0.031250 0.028125
0 0.234375 0.314063 0.031250 0.028125
0 0.217188 0.342187 0.028125 0.028125
0 0.787500 0.681250 0.031250 0.031250
0 0.332813 0.929688 0.028125 0.028125
0 0.332813 0.596875 0.028125 0.031250
0 0.189062 0.514062 0.028125 0.028125
0 0.301563 0.539062 0.028125 0.028125
0 0.714063 0.837500 0.028125 0.031250
0 0.554688 0.873437 0.028125 0.028125
0 0.076563 0.370312 0.028125 0.028125
0 0.395313 0.650000 0.028125 0.031250
0 0.048438 0.931250 0.028125 0.031250
0 0.157812 0.514062 0.028125 0.028125
0 0.254688 0.679688 0.028125 0.028125
0 0.301563 0.651563 0.028125 0.028125
0 0.668750 0.587500 0.031250 0.031250
0 0.753125 0.876563 0.025000 0.028125
0 0.270313 0.485938 0.028125 0.028125
0 0.157812 0.962500 0.028125 0.031250
0 0.029687 0.903125 0.028125 0.031250
0 0.529687 0.529687 0.028125 0.028125
0 0.637500 0.454688 0.031250 0.034375
0 0.112500 0.821875 0.031250 0.031250
0 0.076563 0.932813 0.028125 0.028125
0 0.235937 0.370312 0.028125 0.028125
0 0.253125 0.623437 0.025000 0.028125
0 0.653125 0.515625 0.031250 0.031250
0 0.740625 0.903125 0.031250 0.031250
0 0.532813 0.953125 0.028125 0.031250
0 0.453125 0.406250 0.031250 0.031250
0 0.806250 0.745313 0.031250 0.028125
0 0.217188 0.400000 0.028125 0.031250
0 0.442188 0.676562 0.028125 0.028125
0 0.590625 0.970313 0.031250 0.028125
0 0.521875 0.650000 0.031250 0.031250
0 0.059375 0.512500 0.031250 0.031250
0 0.523438 0.589063 0.028125 0.028125
0 0.792188 0.942187 0.028125 0.028125
0 0.332813 0.540625 0.028125 0.031250
0 0.614062 0.431250 0.034375 0.031250
0 0.265625 0.315625 0.031250 0.031250
0 0.075000 0.539062 0.031250 0.028125
0 0.442188 0.954688 0.028125 0.028125
0 0.792188 0.976562 0.028125 0.028125
0 0.743750 0.842187 0.025000 0.028125
0 0.426563 0.482812 0.028125 0.028125
0 0.473438 0.384375 0.028125 0.031250
0 0.185938 0.400000 0.028125 0.031250
0 0.737500 0.970313 0.031250 0.028125
0 0.348438 0.348438 0.028125 0.028125
0 0.793750 0.909375 0.031250 0.031250
0 0.128125 0.796875 0.031250 0.031250
0 0.221875 0.907813 0.025000 0.028125
0 0.818750 0.959375 0.031250 0.031250
0 0.057813 0.343750 0.028125 0.031250
0 0.185938 0.342187 0.028125 0.028125
0 0.107813 0.370312 0.028125 0.028125
0 0.221875 0.964063 0.031250 0.028125
0 0.470313 0.453125 0.028125 0.031250
0 0.503125 0.951562 0.031250 0.028125
0 0.379688 0.356250 0.028125 0.031250
0 0.159375 0.795312 0.031250 0.028125
0 0.734375 0.937500 0.031250 0.031250
0 0.709375 0.590625 0.031250 0.031250
0 0.589063 0.935937 0.028125 0.028125
0 0.110937 0.932813 0.028125 0.028125
0 0.434375 0.339062 0.031250 0.034375
0 0.489063 0.476562 0.028125 0.028125
0 0.409375 0.959375 0.031250 0.031250
0 0.817187 0.807813 0.034375 0.034375
0 0.395313 0.539062 0.028125 0.028125
0 0.110937 0.651563 0.028125 0.028125
0 0.223438 0.735938 0.028125 0.028125
0 0.820312 0.873437 0.034375 0.034375
0 0.775000 0.650000 0.031250 0.031250
0 0.389062 0.387500 0.028125 0.031250
0 0.251563 0.401562 0.028125 0.028125
0 0.473438 0.954688 0.028125 0.028125
0 0.812500 0.776563 0.031250 0.028125
0 0.090625 0.340625 0.031250 0.031250
0 0.201563 0.314063 0.028125 0.028125
0 0.723437 0.867188 0.028125 0.028125
0 0.684375 0.975000 0.031250 0.031250
0 0.285938 0.735938 0.028125 0.028125
0 0.348438 0.962500 0.034375 0.031250
0 0.457813 0.479687 0.028125 0.028125
0 0.550000 0.656250 0.031250 0.031250
0 0.818750 0.928125 0.031250 0.031250
0 0.501563 0.396875 0.028125 0.031250
0 0.689063 0.562500 0.034375 0.031250
0 0.121875 0.343750 0.025000 0.025000
0 0.218750 0.623437 0.025000 0.028125
0 0.646875 0.962500 0.031250 0.031250
0 0.673438 0.945312 0.028125 0.028125
0 0.081250 0.821875 0.031250 0.031250
0 0.021875 0.343750 0.025000 0.025000
0 0.126562 0.962500 0.028125 0.031250
0 0.170313 0.370312 0.028125 0.028125
0 0.793750 0.714063 0.031250 0.034375
0 0.559375 0.428125 0.031250 0.031250
0 0.315625 0.626563 0.025000 0.028125
0 0.279687 0.403125 0.028125 0.031250
0 0.617188 0.948438 0.028125 0.028125
0 0.046875 0.540625 0.031250 0.031250
0 0.582812 0.906250 0.028125 0.031250
0 0.467187 0.348438 0.034375 0.034375
0 0.045312 0.876563 0.028125 0.028125
0 0.698438 0.926562 0.021875 0.021875
0 0.332813 0.317188 0.034375 0.034375
0 0.531250 0.412500 0.031250 0.031250
0 0.820312 0.845313 0.028125 0.028125
0 0.300000 0.318750 0.031250 0.031250
0 0.570312 0.845313 0.028125 0.028125
