0 0.660937 0.851562 0.028125 0.028125
0 0.637500 0.710938 0.031250 0.028125
0 0.529687 0.739062 0.028125 0.028125
0 0.510938 0.712500 0.028125 0.031250
0 0.709375 0.876563 0.031250 0.028125
0 0.214062 0.481250 0.028125 0.031250
0 0.625000 0.793750 0.031250 0.031250
0 0.246875 0.540625 0.031250 0.031250
0 0.671875 0.709375 0.031250 0.031250
0 0.692187 0.848437 0.028125 0.028125
0 0.656250 0.737500 0.031250 0.031250
0 0.248438 0.598437 0.028125 0.028125
0 0.593750 0.793750 0.031250 0.031250
0 0.164062 0.451562 0.028125 0.028125
0 0.414062 0.712500 0.028125 0.031250
0 0.482812 0.767188 0.028125 0.028125
0 0.560937 0.739062 0.028125 0.028125
0 0.673438 0.653125 0.028125 0.031250
0 0.429688 0.739062 0.028125 0.028125
0 0.448437 0.767188 0.028125 0.028125
0 0.592187 0.737500 0.028125 0.031250
0 0.229687 0.453125 0.028125 0.031250
0 0.196875 0.451562 0.031250 0.028125
0 0.514062 0.767188 0.028125 0.028125
0 0.245312 0.421875 0.028125 0.031250
0 0.379688 0.598437 0.028125 0.028125
0 0.301563 0.793750 0.028125 0.031250
0 0.498437 0.795312 0.028125 0.028125
0 0.446875 0.712500 0.031250 0.031250
0 0.495312 0.739062 0.028125 0.028125
0 0.609375 0.821875 0.031250 0.031250
0 0.467187 0.795312 0.028125 0.028125
0 0.676562 0.821875 0.028125 0.031250
0 0.740625 0.818750 0.031250 0.031250
0 0.231250 0.570312 0.031250 0.028125
0 0.281250 0.542188 0.031250 0.028125
0 0.559375 0.793750 0.031250 0.031250
0 0.656250 0.681250 0.031250 0.031250
0 0.217188 0.595313 0.028125 0.028125
0 0.198437 0.392188 0.028125 0.028125
0 0.464062 0.739062 0.028125 0.028125
0 0.414062 0.654687 0.028125 0.028125
0 0.671875 0.765625 0.031250 0.031250
0 0.573438 0.657813 0.028125 0.028125
0 0.685937 0.682813 0.028125 0.028125
0 0.317188 0.768750 0.028125 0.031250
0 0.576562 0.767188 0.028125 0.028125
0 0.229687 0.392188 0.028125 0.028125
0 0.376563 0.489063 0.028125 0.028125
0 0.181250 0.479687 0.031250 0.028125
0 0.576562 0.710938 0.028125 0.028125
0 0.262500 0.510938 0.031250 0.028125
0 0.284375 0.768750 0.031250 0.031250
0 0.284375 0.823438 0.031250 0.028125
0 0.725000 0.850000 0.031250 0.031250
0 0.431250 0.682813 0.031250 0.028125
0 0.543750 0.821875 0.031250 0.031250
0 0.689063 0.740625 0.028125 0.031250
0 0.325000 0.459375 0.031250 0.031250
0 0.417187 0.823438 0.028125 0.028125
0 0.557813 0.682813 0.028125 0.028125
0 0.345313 0.601562 0.028125 0.028125
0 0.398438 0.739062 0.028125 0.028125
0 0.542188 0.712500 0.028125 0.031250
0 0.657813 0.793750 0.028125 0.031250
0 0.721875 0.792188 0.031250 0.028125
0 0.639062 0.767188 0.028125 0.028125
0 0.132812 0.450000 0.028125 0.031250
0 0.309375 0.485938 0.031250 0.028125
0 0.703125 0.709375 0.031250 0.031250
0 0.278125 0.481250 0.031250 0.031250
0 0.690625 0.792188 0.031250 0.028125
0 0.479687 0.710938 0.028125 0.028125
0 0.692187 0.907813 0.028125 0.028125
0 0.384375 0.767188 0.031250 0.028125
0 0.367188 0.795312 0.028125 0.028125
0 0.726562 0.904687 0.028125 0.028125
0 0.309375 0.425000 0.031250 0.031250
0 0.432812 0.795312 0.028125 0.028125
0 0.134375 0.392188 0.031250 0.028125
0 0.526563 0.682813 0.028125 0.028125
0 0.343750 0.489063 0.031250 0.028125
0 0.343750 0.431250 0.031250 0.031250
0 0.740625 0.878125 0.031250 0.031250
0 0.150000 0.420312 0.031250 0.028125
0 0.293750 0.515625 0.031250 0.031250
0 0.350000 0.767188 0.031250 0.028125
0 0.728125 0.734375 0.031250 0.031250
0 0.576562 0.821875 0.028125 0.031250
0 0.357812 0.518750 0.028125 0.031250
0 0.520312 0.518750 0.028125 0.031250
0 0.476562 0.601562 0.028125 0.028125
0 0.410938 0.598437 0.028125 0.028125
0 0.512500 0.823438 0.031250 0.028125
0 0.496875 0.853125 0.031250 0.031250
0 0.639062 0.654687 0.028125 0.028125
0 0.560937 0.853125 0.028125 0.031250
0 0.359375 0.462500 0.031250 0.031250
0 0.707812 0.820312 0.028125 0.028125
0 0.165625 0.392188 0.031250 0.028125
0 0.185938 0.598437 0.028125 0.028125
0 0.332813 0.796875 0.028125 0.031250
0 0.492188 0.628125 0.028125 0.031250
0 0.398438 0.682813 0.028125 0.028125
0 0.264062 0.795312 0.028125 0.028125
0 0.279687 0.598437 0.028125 0.028125
0 0.410938 0.489063 0.028125 0.028125
0 0.642188 0.821875 0.028125 0.031250
0 0.251563 0.823438 0.028125 0.028125
0 0.709375 0.659375 0.031250 0.031250
0 0.476562 0.654687 0.028125 0.028125
0 0.493750 0.685937 0.031250 0.028125
0 0.448437 0.823438 0.028125 0.028125
0 0.482812 0.823438 0.028125 0.028125
0 0.756250 0.850000 0.031250 0.031250
0 0.523438 0.629687 0.028125 0.028125
0 0.753125 0.790625 0.031250 0.031250
0 0.198437 0.570312 0.028125 0.028125
0 0.364063 0.570312 0.028125 0.028125
0 0.509375 0.654687 0.031250 0.028125
0 0.248438 0.767188 0.028125 0.028125
0 0.607812 0.710938 0.028125 0.028125
0 0.098437 0.454688 0.028125 0.028125
0 0.462500 0.682813 0.025000 0.028125
0 0.326562 0.514062 0.028125 0.028125
0 0.592187 0.685937 0.028125 0.028125
0 0.539062 0.545312 0.028125 0.028125
0 0.707812 0.764062 0.028125 0.028125
0 0.232813 0.626563 0.028125 0.028125
0 0.623437 0.737500 0.028125 0.031250
0 0.329688 0.570312 0.028125 0.028125
0 0.595313 0.851562 0.028125 0.028125
0 0.623437 0.681250 0.028125 0.031250
0 0.329688 0.629687 0.028125 0.028125
0 0.295312 0.570312 0.028125 0.028125
0 0.651563 0.628125 0.028125 0.031250
0 0.392188 0.462500 0.028125 0.031250
0 0.201563 0.623437 0.028125 0.028125
0 0.310937 0.542188 0.028125 0.028125
0 0.529687 0.853125 0.028125 0.031250
0 0.625000 0.568750 0.031250 0.031250
0 0.473438 0.489063 0.028125 0.028125
0 0.618750 0.628125 0.031250 0.031250
0 0.085938 0.425000 0.028125 0.031250
0 0.456250 0.520312 0.025000 0.028125
0 0.325000 0.395313 0.031250 0.028125
0 0.423438 0.460938 0.028125 0.028125
0 0.312500 0.601562 0.031250 0.028125
0 0.631250 0.600000 0.031250 0.031250
0 0.514062 0.882812 0.028125 0.028125
0 0.293750 0.453125 0.031250 0.031250
0 0.182812 0.420312 0.028125 0.028125
0 0.031250 0.390625 0.031250 0.031250
0 0.415625 0.767188 0.025000 0.028125
0 0.401562 0.795312 0.028125 0.028125
0 0.375000 0.434375 0.031250 0.031250
0 0.571875 0.545312 0.031250 0.028125
0 0.331250 0.740625 0.031250 0.031250
0 0.625000 0.853125 0.031250 0.031250
0 0.607812 0.764062 0.028125 0.028125
0 0.293750 0.395313 0.031250 0.028125
0 0.545312 0.767188 0.028125 0.028125
0 0.314063 0.654687 0.028125 0.028125
0 0.440625 0.492188 0.025000 0.028125
0 0.212500 0.423438 0.031250 0.028125
0 0.504687 0.492188 0.028125 0.028125
0 0.743750 0.934375 0.031250 0.031250
0 0.264062 0.626563 0.028125 0.028125
0 0.117188 0.420312 0.028125 0.028125
0 0.265625 0.571875 0.031250 0.031250
0 0.229687 0.510938 0.028125 0.028125
0 0.676562 0.879687 0.028125 0.028125
0 0.300000 0.740625 0.031250 0.031250
0 0.739062 0.760938 0.028125 0.028125
0 0.262500 0.454688 0.031250 0.028125
0 0.214062 0.362500 0.034375 0.031250
0 0.246875 0.481250 0.031250 0.031250
0 0.682813 0.623437 0.028125 0.028125
0 0.392188 0.520312 0.028125 0.028125
0 0.489063 0.518750 0.028125 0.031250
0 0.507812 0.601562 0.028125 0.028125
0 0.262500 0.393750 0.031250 0.031250
0 0.115625 0.540625 0.031250 0.031250
0 0.535937 0.493750 0.028125 0.031250
0 0.454688 0.464062 0.028125 0.028125
0 0.659375 0.906250 0.031250 0.031250
0 0.068750 0.390625 0.031250 0.031250
0 0.445312 0.654687 0.028125 0.028125
0 0.400000 0.909375 0.031250 0.031250
0 0.043750 0.421875 0.031250 0.031250
0 0.589063 0.628125 0.028125 0.031250
0 0.643750 0.934375 0.031250 0.031250
0 0.051562 0.360938 0.034375 0.034375
0 0.587500 0.518750 0.031250 0.031250
0 0.376563 0.545312 0.028125 0.028125
0 0.356250 0.401562 0.031250 0.028125
0 0.442188 0.601562 0.028125 0.028125
0 0.167187 0.623437 0.028125 0.028125
0 0.460938 0.628125 0.028125 0.031250
0 0.345313 0.545312 0.028125 0.028125
0 0.382812 0.823438 0.028125 0.028125
0 0.759375 0.903125 0.031250 0.031250
0 0.417187 0.882812 0.028125 0.028125
0 0.539062 0.654687 0.028125 0.028125
0 0.429688 0.628125 0.028125 0.031250
0 0.665625 0.596875 0.031250 0.031250
0 0.182812 0.653125 0.028125 0.031250
0 0.554688 0.628125 0.028125 0.031250
0 0.406250 0.434375 0.031250 0.031250
0 0.482812 0.884375 0.028125 0.031250
0 0.046875 0.710938 0.031250 0.028125
0 0.164062 0.507812 0.028125 0.028125
0 0.567187 0.493750 0.028125 0.031250
0 0.364063 0.682813 0.028125 0.028125
0 0.150000 0.362500 0.031250 0.031250
0 0.332813 0.682813 0.028125 0.028125
0 0.232813 0.795312 0.028125 0.028125
0 0.065625 0.681250 0.031250 0.031250
0 0.295312 0.626563 0.028125 0.028125
0 0.440625 0.434375 0.031250 0.031250
0 0.554688 0.520312 0.028125 0.028125
0 0.487500 0.462500 0.031250 0.031250
0 0.318750 0.825000 0.031250 0.031250
0 0.096875 0.678125 0.031250 0.031250
0 0.181250 0.360938 0.031250 0.034375
0 0.723437 0.687500 0.028125 0.031250
0 0.604688 0.545312 0.028125 0.028125
0 0.553125 0.465625 0.031250 0.031250
0 0.675000 0.935937 0.031250 0.028125
0 0.165625 0.567187 0.031250 0.028125
0 0.279687 0.423438 0.028125 0.028125
0 0.307812 0.368750 0.028125 0.031250
0 0.246875 0.365625 0.031250 0.031250
0 0.081250 0.709375 0.031250 0.031250
0 0.364063 0.967187 0.034375 0.034375
0 0.029687 0.451562 0.028125 0.028125
0 0.662500 0.565625 0.031250 0.031250
0 0.098437 0.396875 0.028125 0.031250
0 0.096875 0.509375 0.031250 0.031250
0 0.034375 0.970313 0.031250 0.028125
0 0.278125 0.365625 0.031250 0.031250
0 0.267188 0.739062 0.028125 0.028125
0 0.017188 0.362500 0.034375 0.031250
0 0.100000 0.568750 0.031250 0.031250
0 0.395313 0.570312 0.028125 0.028125
0 0.339062 0.368750 0.028125 0.031250
0 0.659375 0.964063 0.031250 0.028125
0 0.396875 0.853125 0.031250 0.031250
0 0.712500 0.625000 0.031250 0.031250
0 0.134375 0.509375 0.031250 0.031250
0 0.604688 0.657813 0.028125 0.028125
0 0.395313 0.629687 0.028125 0.028125
0 0.235937 0.853125 0.028125 0.031250
0 0.065625 0.970313 0.031250 0.028125
0 0.546875 0.884375 0.031250 0.031250
0 0.521875 0.465625 0.031250 0.031250
0 0.351562 0.823438 0.028125 0.028125
0 0.148438 0.540625 0.028125 0.031250
0 0.778125 0.931250 0.031250 0.031250
0 0.214062 0.540625 0.028125 0.031250
0 0.693750 0.593750 0.031250 0.031250
0 0.639062 0.542188 0.028125 0.028125
