0 0.631250 0.631250 0.031250 0.031250
0 0.496875 0.914062 0.031250 0.028125
0 0.254688 0.828125 0.028125 0.031250
0 0.289062 0.828125 0.028125 0.031250
0 0.596875 0.784375 0.031250 0.031250
0 0.448437 0.885938 0.028125 0.028125
0 0.587500 0.887500 0.031250 0.031250
0 0.648438 0.859375 0.028125 0.031250
0 0.764062 0.864062 0.028125 0.028125
0 0.189062 0.828125 0.028125 0.031250
0 0.500000 0.800000 0.031250 0.031250
0 0.468750 0.800000 0.031250 0.031250
0 0.090625 0.540625 0.031250 0.031250
0 0.609375 0.815625 0.031250 0.031250
0 0.140625 0.628125 0.031250 0.031250
0 0.226562 0.884375 0.028125 0.031250
0 0.532813 0.798438 0.028125 0.028125
0 0.256250 0.771875 0.031250 0.031250
0 0.450000 0.829688 0.031250 0.028125
0 0.654687 0.925000 0.028125 0.031250
0 0.270313 0.854688 0.028125 0.028125
0 0.320312 0.771875 0.028125 0.031250
0 0.546875 0.831250 0.031250 0.031250
0 0.417187 0.773438 0.028125 0.028125
0 0.367188 0.634375 0.028125 0.031250
0 0.568750 0.912500 0.031250 0.031250
0 0.800000 0.909375 0.031250 0.031250
0 0.596875 0.685937 0.031250 0.028125
0 0.481250 0.773438 0.031250 0.028125
0 0.514062 0.828125 0.028125 0.031250
0 0.240625 0.968750 0.031250 0.031250
0 0.498437 0.743750 0.028125 0.031250
0 0.651563 0.604688 0.028125 0.028125
0 0.432812 0.857812 0.028125 0.028125
0 0.706250 0.881250 0.031250 0.031250
0 0.515625 0.770312 0.031250 0.028125
0 0.432812 0.800000 0.028125 0.031250
0 0.434375 0.745313 0.031250 0.028125
0 0.689063 0.784375 0.028125 0.031250
0 0.784375 0.812500 0.031250 0.031250
0 0.240625 0.912500 0.031250 0.031250
0 0.514062 0.717187 0.028125 0.028125
0 0.795312 0.876563 0.028125 0.028125
0 0.464062 0.915625 0.028125 0.031250
0 0.239063 0.798438 0.028125 0.028125
0 0.190625 0.884375 0.031250 0.031250
0 0.759375 0.831250 0.031250 0.031250
0 0.512500 0.940625 0.031250 0.031250
0 0.353125 0.885938 0.031250 0.028125
0 0.385937 0.770312 0.028125 0.028125
0 0.220312 0.712500 0.028125 0.031250
0 0.140625 0.570312 0.031250 0.028125
0 0.157812 0.654687 0.028125 0.028125
0 0.400000 0.857812 0.031250 0.028125
0 0.173437 0.628125 0.028125 0.031250
0 0.320312 0.942187 0.028125 0.028125
0 0.159375 0.943750 0.031250 0.031250
0 0.448437 0.773438 0.028125 0.028125
0 0.400000 0.635938 0.031250 0.028125
0 0.157812 0.884375 0.028125 0.031250
0 0.351562 0.773438 0.028125 0.028125
0 0.384375 0.884375 0.031250 0.031250
0 0.481250 0.885938 0.031250 0.028125
0 0.776563 0.781250 0.028125 0.031250
0 0.732812 0.856250 0.028125 0.031250
0 0.173437 0.857812 0.028125 0.028125
0 0.612500 0.604688 0.031250 0.028125
0 0.223438 0.940625 0.028125 0.031250
0 0.701562 0.846875 0.028125 0.031250
0 0.320312 0.828125 0.028125 0.031250
0 0.546875 0.715625 0.031250 0.031250
0 0.257812 0.940625 0.028125 0.031250
0 0.367188 0.914062 0.028125 0.028125
0 0.548438 0.768750 0.028125 0.031250
0 0.467187 0.743750 0.028125 0.031250
0 0.531250 0.742188 0.031250 0.028125
0 0.382812 0.660937 0.028125 0.028125
0 0.578125 0.825000 0.031250 0.031250
0 0.384375 0.945312 0.031250 0.028125
0 0.106250 0.570312 0.031250 0.028125
0 0.332813 0.632812 0.028125 0.028125
0 0.790625 0.843750 0.031250 0.031250
0 0.718750 0.703125 0.031250 0.031250
0 0.221875 0.828125 0.031250 0.031250
0 0.335938 0.743750 0.028125 0.031250
0 0.353125 0.826562 0.031250 0.028125
0 0.562500 0.631250 0.031250 0.031250
0 0.090625 0.596875 0.031250 0.031250
0 0.304688 0.854688 0.028125 0.028125
0 0.417187 0.885938 0.028125 0.028125
0 0.401562 0.915625 0.028125 0.031250
0 0.650000 0.892188 0.031250 0.028125
0 0.042188 0.567187 0.028125 0.028125
0 0.273438 0.910937 0.028125 0.028125
0 0.140625 0.456250 0.031250 0.031250
0 0.564063 0.689063 0.028125 0.028125
0 0.495312 0.857812 0.028125 0.028125
0 0.200000 0.515625 0.031250 0.031250
0 0.818750 0.823438 0.031250 0.034375
0 0.337500 0.856250 0.031250 0.031250
0 0.529687 0.689063 0.028125 0.028125
0 0.317188 0.715625 0.028125 0.031250
0 0.257812 0.884375 0.028125 0.031250
0 0.235937 0.571875 0.028125 0.031250
0 0.187500 0.543750 0.031250 0.031250
0 0.121875 0.428125 0.031250 0.031250
0 0.448437 0.664062 0.028125 0.028125
0 0.618750 0.879687 0.031250 0.028125
0 0.771875 0.975000 0.031250 0.031250
0 0.207813 0.912500 0.028125 0.031250
0 0.107813 0.626563 0.028125 0.028125
0 0.217188 0.487500 0.028125 0.031250
0 0.253125 0.601562 0.031250 0.028125
0 0.234375 0.457813 0.031250 0.028125
0 0.481250 0.604688 0.031250 0.028125
0 0.710938 0.960938 0.034375 0.034375
0 0.545312 0.604688 0.028125 0.028125
0 0.482812 0.717187 0.028125 0.028125
0 0.579688 0.659375 0.028125 0.031250
0 0.270313 0.798438 0.028125 0.028125
0 0.700000 0.678125 0.031250 0.031250
0 0.282813 0.545312 0.028125 0.028125
0 0.562500 0.578125 0.031250 0.031250
0 0.528125 0.859375 0.031250 0.031250
0 0.684375 0.939063 0.031250 0.028125
0 0.417187 0.717187 0.028125 0.028125
0 0.335938 0.914062 0.028125 0.028125
0 0.104688 0.454688 0.028125 0.028125
0 0.237500 0.684375 0.031250 0.031250
0 0.239063 0.854688 0.028125 0.028125
0 0.681250 0.709375 0.031250 0.031250
0 0.514062 0.660937 0.028125 0.028125
0 0.304688 0.798438 0.028125 0.028125
0 0.185938 0.598437 0.028125 0.028125
0 0.315625 0.662500 0.031250 0.031250
0 0.220312 0.598437 0.028125 0.028125
0 0.479687 0.660937 0.028125 0.028125
0 0.596875 0.578125 0.031250 0.031250
0 0.673438 0.628125 0.028125 0.031250
0 0.643750 0.550000 0.031250 0.031250
0 0.670312 0.837500 0.028125 0.031250
0 0.270313 0.685937 0.028125 0.028125
0 0.667188 0.573438 0.028125 0.028125
0 0.634375 0.793750 0.031250 0.031250
0 0.417187 0.826562 0.028125 0.028125
0 0.351562 0.715625 0.028125 0.031250
0 0.206250 0.798438 0.031250 0.028125
0 0.335938 0.800000 0.028125 0.031250
0 0.737500 0.737500 0.031250 0.031250
0 0.515625 0.885938 0.031250 0.028125
0 0.598437 0.926562 0.028125 0.028125
0 0.184375 0.485938 0.031250 0.028125
0 0.285938 0.940625 0.028125 0.031250
0 0.481250 0.943750 0.031250 0.031250
0 0.234375 0.400000 0.031250 0.031250
0 0.720313 0.793750 0.028125 0.031250
0 0.625000 0.912500 0.031250 0.031250
0 0.200000 0.456250 0.031250 0.031250
0 0.298438 0.517188 0.028125 0.028125
0 0.384375 0.607812 0.031250 0.028125
0 0.206250 0.628125 0.031250 0.031250
0 0.768750 0.898438 0.031250 0.028125
0 0.289062 0.882812 0.028125 0.028125
0 0.587500 0.856250 0.031250 0.031250
0 0.303125 0.970313 0.031250 0.034375
0 0.537500 0.921875 0.031250 0.031250
0 0.168750 0.515625 0.031250 0.031250
0 0.348438 0.664062 0.028125 0.028125
0 0.618750 0.709375 0.031250 0.031250
0 0.285938 0.715625 0.028125 0.031250
0 0.332813 0.578125 0.028125 0.031250
0 0.315625 0.550000 0.031250 0.031250
0 0.040625 0.396875 0.031250 0.031250
0 0.568750 0.793750 0.031250 0.031250
0 0.639062 0.828125 0.028125 0.031250
0 0.771875 0.745313 0.031250 0.028125
0 0.220312 0.657813 0.028125 0.028125
0 0.217188 0.545312 0.028125 0.028125
0 0.221875 0.771875 0.031250 0.031250
0 0.154688 0.826562 0.028125 0.028125
0 0.687500 0.596875 0.031250 0.031250
0 0.206250 0.970313 0.031250 0.034375
0 0.360938 0.467187 0.028125 0.028125
0 0.431250 0.914062 0.025000 0.028125
0 0.123438 0.598437 0.028125 0.028125
0 0.200000 0.398438 0.031250 0.028125
0 0.025000 0.595313 0.031250 0.028125
0 0.579688 0.496875 0.028125 0.031250
0 0.123438 0.654687 0.028125 0.028125
0 0.451562 0.717187 0.028125 0.028125
0 0.285938 0.770312 0.028125 0.028125
0 0.595313 0.632812 0.028125 0.028125
0 0.270313 0.743750 0.028125 0.031250
0 0.107813 0.512500 0.028125 0.031250
0 0.270313 0.631250 0.028125 0.031250
0 0.204687 0.743750 0.028125 0.031250
0 0.042188 0.625000 0.028125 0.031250
0 0.529687 0.576562 0.028125 0.028125
0 0.745313 0.768750 0.028125 0.031250
0 0.770312 0.928125 0.028125 0.031250
0 0.409375 0.551562 0.031250 0.028125
0 0.367188 0.801562 0.028125 0.028125
0 0.495312 0.634375 0.028125 0.031250
0 0.707812 0.915625 0.028125 0.031250
0 0.398438 0.689063 0.028125 0.028125
0 0.417187 0.945312 0.028125 0.028125
0 0.400000 0.743750 0.031250 0.031250
0 0.409375 0.493750 0.031250 0.031250
0 0.417187 0.660937 0.028125 0.028125
0 0.142187 0.854688 0.028125 0.028125
0 0.579688 0.551562 0.028125 0.028125
0 0.431250 0.412500 0.031250 0.031250
0 0.332813 0.689063 0.028125 0.028125
0 0.264062 0.514062 0.028125 0.028125
0 0.378125 0.493750 0.031250 0.031250
0 0.318750 0.885938 0.031250 0.028125
0 0.614062 0.659375 0.028125 0.031250
0 0.154688 0.542188 0.028125 0.028125
0 0.157812 0.768750 0.028125 0.031250
0 0.303125 0.912500 0.031250 0.031250
0 0.398438 0.800000 0.028125 0.031250
0 0.090625 0.484375 0.031250 0.031250
0 0.121875 0.484375 0.031250 0.031250
0 0.656250 0.656250 0.031250 0.031250
0 0.617188 0.850000 0.028125 0.031250
0 0.498437 0.689063 0.028125 0.028125
0 0.706250 0.623437 0.031250 0.028125
0 0.625000 0.943750 0.031250 0.031250
0 0.345313 0.493750 0.028125 0.031250
0 0.237500 0.742188 0.031250 0.028125
0 0.104688 0.398438 0.028125 0.028125
0 0.153125 0.428125 0.031250 0.031250
0 0.435937 0.690625 0.028125 0.031250
0 0.301563 0.685937 0.028125 0.028125
0 0.206250 0.854688 0.031250 0.028125
0 0.706250 0.732812 0.031250 0.028125
0 0.593750 0.525000 0.031250 0.031250
0 0.432812 0.634375 0.028125 0.031250
0 0.301563 0.745313 0.028125 0.028125
0 0.448437 0.943750 0.028125 0.031250
0 0.635938 0.682813 0.028125 0.028125
0 0.384375 0.829688 0.031250 0.028125
0 0.482812 0.829688 0.028125 0.028125
0 0.237500 0.629687 0.031250 0.028125
0 0.232813 0.514062 0.028125 0.028125
0 0.171875 0.571875 0.031250 0.031250
0 0.395313 0.523438 0.028125 0.028125
0 0.467187 0.689063 0.028125 0.028125
0 0.579688 0.604688 0.028125 0.028125
0 0.351562 0.604688 0.028125 0.028125
0 0.679688 0.904687 0.028125 0.028125
0 0.746875 0.948438 0.031250 0.028125
0 0.073438 0.396875 0.028125 0.031250
0 0.678125 0.975000 0.031250 0.031250
0 0.253125 0.657813 0.031250 0.028125
0 0.362500 0.406250 0.031250 0.031250
0 0.695312 0.815625 0.028125 0.031250
0 0.135937 0.512500 0.028125 0.031250
0 0.593750 0.745313 0.031250 0.028125
0 0.246875 0.429688 0.031250 0.028125
0 0.281250 0.487500 0.031250 0.031250
0 0.514062 0.604688 0.028125 0.028125
0 0.546875 0.550000 0.031250 0.031250
0 0.464062 0.857812 0.028125 0.028125
0 0.751563 0.800000 0.028125 0.031250
0 0.809375 0.792188 0.031250 0.034375
0 0.714063 0.764062 0.028125 0.028125
0 0.173437 0.798438 0.028125 0.028125
0 0.793750 0.950000 0.031250 0.031250
0 0.425000 0.523438 0.031250 0.028125
0 0.154688 0.598437 0.028125 0.028125
0 0.123438 0.542188 0.028125 0.028125
0 0.201563 0.571875 0.028125 0.031250
0 0.417187 0.607812 0.028125 0.028125
0 0.060937 0.595313 0.028125 0.028125
0 0.378125 0.439063 0.031250 0.028125
0 0.168750 0.398438 0.031250 0.028125
0 0.739062 0.678125 0.028125 0.031250
0 0.073438 0.568750 0.028125 0.031250
0 0.564063 0.742188 0.028125 0.028125
0 0.268750 0.573438 0.031250 0.028125
0 0.368750 0.743750 0.031250 0.031250
0 0.721875 0.651563 0.031250 0.028125
0 0.632812 0.578125 0.028125 0.031250
0 0.670312 0.682813 0.028125 0.028125
0 0.025000 0.484375 0.031250 0.031250
0 0.025000 0.426563 0.031250 0.028125
0 0.475000 0.440625 0.031250 0.031250
0 0.564063 0.468750 0.028125 0.031250
0 0.464062 0.576562 0.028125 0.028125
0 0.345313 0.432812 0.028125 0.028125
0 0.654687 0.960938 0.028125 0.028125
0 0.448437 0.607812 0.028125 0.028125
0 0.498437 0.576562 0.028125 0.028125
0 0.187500 0.426563 0.031250 0.028125
0 0.581250 0.717187 0.031250 0.028125
0 0.678125 0.540625 0.031250 0.031250
0 0.625000 0.765625 0.031250 0.031250
0 0.042188 0.512500 0.028125 0.031250
0 0.384375 0.717187 0.031250 0.028125
0 0.546875 0.892188 0.031250 0.028125
0 0.171875 0.457813 0.031250 0.028125
0 0.396875 0.412500 0.031250 0.031250
0 0.442188 0.551562 0.028125 0.028125
0 0.360938 0.523438 0.028125 0.028125
0 0.570312 0.978125 0.028125 0.031250
0 0.204687 0.682813 0.028125 0.028125
0 0.175000 0.971875 0.031250 0.031250
0 0.400000 0.581250 0.031250 0.031250
0 0.353125 0.942187 0.031250 0.028125
0 0.137500 0.396875 0.031250 0.031250
0 0.298438 0.457813 0.028125 0.028125
0 0.467187 0.634375 0.028125 0.031250
0 0.828125 0.890625 0.031250 0.031250
0 0.314063 0.431250 0.028125 0.031250
0 0.739062 0.889062 0.028125 0.028125
0 0.510938 0.550000 0.028125 0.031250
0 0.410938 0.439063 0.028125 0.028125
0 0.442188 0.440625 0.028125 0.031250
0 0.173437 0.742188 0.028125 0.028125
0 0.092188 0.654687 0.028125 0.028125
0 0.651563 0.710938 0.028125 0.028125
0 0.057813 0.425000 0.028125 0.031250
0 0.720313 0.593750 0.034375 0.031250
0 0.664062 0.804688 0.028125 0.028125
0 0.251563 0.545312 0.028125 0.028125
0 0.175000 0.914062 0.031250 0.028125
0 0.801562 0.759375 0.034375 0.031250
0 0.625000 0.521875 0.031250 0.031250
0 0.154688 0.485938 0.028125 0.028125
0 0.825000 0.925000 0.031250 0.031250
0 0.170313 0.685937 0.028125 0.028125
0 0.142187 0.915625 0.028125 0.031250
0 0.568750 0.943750 0.031250 0.031250
0 0.512500 0.975000 0.031250 0.031250
0 0.060937 0.540625 0.028125 0.031250
0 0.750000 0.709375 0.031250 0.031250
0 0.540625 0.957812 0.031250 0.028125
0 0.598437 0.960938 0.028125 0.028125
0 0.392188 0.467187 0.028125 0.028125
0 0.545312 0.659375 0.028125 0.031250
0 0.612500 0.550000 0.031250 0.031250
0 0.300000 0.632812 0.031250 0.028125
0 0.753125 0.648438 0.031250 0.028125
0 0.057813 0.485938 0.028125 0.028125
0 0.071875 0.456250 0.031250 0.031250
0 0.317188 0.604688 0.028125 0.028125
0 0.559375 0.862500 0.031250 0.031250
0 0.367188 0.578125 0.028125 0.031250
0 0.823438 0.859375 0.034375 0.031250
0 0.248438 0.487500 0.028125 0.031250
0 0.367188 0.689063 0.028125 0.028125
0 0.026562 0.540625 0.028125 0.031250
0 0.625000 0.976562 0.031250 0.028125
0 0.285938 0.601562 0.028125 0.028125
0 0.039062 0.454688 0.028125 0.028125
0 0.378125 0.551562 0.031250 0.028125
0 0.254688 0.714063 0.028125 0.028125
0 0.329688 0.462500 0.028125 0.031250
0 0.770312 0.676562 0.034375 0.034375
0 0.329688 0.523438 0.028125 0.028125
0 0.312500 0.487500 0.031250 0.031250
0 0.056250 0.368750 0.031250 0.031250
0 0.676562 0.873437 0.028125 0.028125
0 0.825000 0.956250 0.031250 0.031250
0 0.526563 0.632812 0.028125 0.028125
0 0.460938 0.470313 0.028125 0.028125
0 0.621875 0.490625 0.031250 0.031250
0 0.531250 0.468750 0.031250 0.031250
0 0.126562 0.884375 0.028125 0.031250
0 0.429688 0.579688 0.028125 0.028125
0 0.142187 0.971875 0.028125 0.031250
0 0.546875 0.495312 0.031250 0.028125
0 0.189062 0.657813 0.028125 0.028125
0 0.335938 0.970313 0.028125 0.028125
0 0.089063 0.367188 0.034375 0.034375
0 0.089063 0.426563 0.028125 0.028125
0 0.076563 0.623437 0.028125 0.028125
0 0.331250 0.401562 0.031250 0.028125
0 0.562500 0.521875 0.031250 0.031250
0 0.120313 0.368750 0.028125 0.031250
0 0.368750 0.973437 0.031250 0.028125
0 0.270313 0.970313 0.028125 0.028125
0 0.742188 0.917188 0.028125 0.028125
0 0.726562 0.826562 0.028125 0.028125
0 0.700000 0.568750 0.031250 0.031250
0 0.185938 0.714063 0.028125 0.028125
0 0.279687 0.429688 0.028125 0.028125
0 0.367188 0.857812 0.028125 0.028125
0 0.023438 0.367188 0.034375 0.034375
0 0.284375 0.659375 0.031250 0.031250
0 0.265625 0.401562 0.031250 0.028125
0 0.140625 0.742188 0.031250 0.028125
0 0.657813 0.773438 0.028125 0.028125
0 0.456250 0.975000 0.031250 0.031250
0 0.265625 0.457813 0.031250 0.028125
0 0.218750 0.371875 0.031250 0.031250
0 0.442188 0.495312 0.028125 0.028125
0 0.215625 0.431250 0.031250 0.031250
0 0.426563 0.467187 0.028125 0.028125
0 0.737500 0.978125 0.025000 0.025000
0 0.346875 0.550000 0.031250 0.031250
0 0.107813 0.682813 0.028125 0.028125
0 0.506250 0.450000 0.031250 0.031250
0 0.682813 0.753125 0.028125 0.031250
0 0.298438 0.401562 0.028125 0.028125
0 0.459375 0.401562 0.031250 0.034375
0 0.381250 0.381250 0.031250 0.031250
0 0.184375 0.365625 0.031250 0.031250
0 0.137500 0.798438 0.031250 0.028125
0 0.737500 0.620313 0.031250 0.028125
0 0.412500 0.387500 0.031250 0.031250
0 0.782813 0.710938 0.034375 0.034375
0 0.192188 0.940625 0.028125 0.025000
0 0.528125 0.523438 0.031250 0.028125
0 0.490625 0.412500 0.031250 0.031250
0 0.650000 0.740625 0.031250 0.031250
0 0.596875 0.470313 0.031250 0.028125
0 0.656250 0.518750 0.031250 0.031250
0 0.059375 0.768750 0.031250 0.031250
0 0.025000 0.828125 0.031250 0.031250
0 0.076563 0.510938 0.028125 0.028125
0 0.153125 0.367188 0.031250 0.034375
0 0.109375 0.856250 0.031250 0.031250
0 0.348438 0.375000 0.028125 0.031250
0 0.317188 0.371875 0.028125 0.031250
0 0.525000 0.423438 0.031250 0.028125
0 0.250000 0.370312 0.031250 0.034375
0 0.025000 0.653125 0.031250 0.031250
0 0.090625 0.710938 0.031250 0.028125
