0 0.214062 0.843750 0.034375 0.031250
0 0.093750 0.843750 0.031250 0.031250
0 0.684375 0.878125 0.031250 0.031250
0 0.192188 0.235937 0.034375 0.034375
0 0.090625 0.878125 0.031250 0.031250
0 0.298438 0.798438 0.028125 0.028125
0 0.096875 0.773438 0.031250 0.034375
0 0.898438 0.054688 0.028125 0.028125
0 0.204687 0.809375 0.028125 0.031250
0 0.756250 0.823438 0.031250 0.034375
0 0.153125 0.334375 0.031250 0.031250
0 0.334375 0.493750 0.031250 0.031250
0 0.084375 0.912500 0.031250 0.031250
0 0.231250 0.746875 0.031250 0.031250
0 0.153125 0.814063 0.031250 0.034375
0 0.064062 0.653125 0.028125 0.031250
0 0.146875 0.881250 0.031250 0.031250
0 0.370312 0.810937 0.034375 0.034375
0 0.528125 0.928125 0.031250 0.031250
0 0.862500 0.753125 0.031250 0.031250
0 0.065625 0.687500 0.031250 0.031250
0 0.621875 0.918750 0.031250 0.031250
0 0.271875 0.821875 0.031250 0.031250
0 0.214062 0.923438 0.034375 0.034375
0 0.150000 0.145313 0.031250 0.028125
0 0.153125 0.434375 0.031250 0.031250
0 0.934375 0.803125 0.031250 0.031250
0 0.121875 0.829688 0.031250 0.028125
0 0.059375 0.892188 0.031250 0.028125
0 0.243750 0.262500 0.031250 0.031250
0 0.189062 0.709375 0.028125 0.031250
0 0.084375 0.146875 0.031250 0.031250
0 0.292187 0.292187 0.028125 0.028125
0 0.121875 0.687500 0.031250 0.031250
0 0.200000 0.737500 0.031250 0.031250
0 0.237500 0.818750 0.031250 0.031250
0 0.343750 0.839063 0.031250 0.034375
0 0.215625 0.293750 0.031250 0.031250
0 0.521875 0.896875 0.031250 0.031250
0 0.928125 0.521875 0.031250 0.031250
0 0.087500 0.600000 0.031250 0.031250
0 0.184375 0.315625 0.031250 0.031250
0 0.248438 0.951562 0.034375 0.034375
0 0.146875 0.850000 0.031250 0.031250
0 0.634375 0.831250 0.031250 0.031250
0 0.067187 0.450000 0.028125 0.031250
0 0.115625 0.900000 0.031250 0.031250
0 0.740625 0.887500 0.031250 0.031250
0 0.328125 0.350000 0.031250 0.031250
0 0.225000 0.714063 0.031250 0.028125
0 0.670312 0.779687 0.034375 0.034375
0 0.803125 0.871875 0.031250 0.031250
0 0.118750 0.862500 0.031250 0.031250
0 0.573438 0.848437 0.028125 0.028125
0 0.082812 0.087500 0.028125 0.031250
0 0.643750 0.798438 0.031250 0.028125
0 0.037500 0.671875 0.031250 0.031250
0 0.204687 0.771875 0.028125 0.031250
0 0.490625 0.881250 0.031250 0.031250
0 0.137500 0.923438 0.031250 0.034375
0 0.095312 0.534375 0.028125 0.031250
0 0.064062 0.859375 0.028125 0.031250
0 0.975000 0.859375 0.031250 0.031250
0 0.117188 0.087500 0.028125 0.031250
0 0.781250 0.850000 0.031250 0.031250
0 0.692187 0.845313 0.028125 0.028125
0 0.101562 0.117188 0.028125 0.028125
0 0.284375 0.606250 0.031250 0.031250
0 0.709375 0.900000 0.031250 0.031250
0 0.037500 0.501563 0.031250 0.028125
0 0.068750 0.418750 0.031250 0.031250
0 0.289062 0.731250 0.028125 0.031250
0 0.176563 0.868750 0.034375 0.031250
0 0.659375 0.853125 0.031250 0.031250
0 0.175000 0.756250 0.031250 0.031250
0 0.762500 0.678125 0.031250 0.031250
0 0.093750 0.637500 0.031250 0.031250
0 0.095312 0.434375 0.028125 0.031250
0 0.306250 0.831250 0.031250 0.031250
0 0.156250 0.234375 0.031250 0.031250
0 0.182812 0.350000 0.028125 0.031250
0 0.068750 0.178125 0.031250 0.031250
0 0.278125 0.204687 0.031250 0.028125
0 0.246875 0.854688 0.031250 0.034375
0 0.065625 0.823438 0.031250 0.028125
0 0.182812 0.678125 0.028125 0.031250
0 0.221875 0.595313 0.031250 0.028125
0 0.771875 0.881250 0.031250 0.031250
0 0.096875 0.706250 0.031250 0.031250
0 0.181250 0.482812 0.031250 0.028125
0 0.962500 0.109375 0.031250 0.031250
0 0.281250 0.856250 0.031250 0.031250
0 0.426563 0.942187 0.034375 0.034375
0 0.037500 0.171875 0.031250 0.031250
0 0.509375 0.853125 0.031250 0.031250
0 0.914062 0.081250 0.028125 0.031250
0 0.814063 0.839063 0.028125 0.028125
0 0.950000 0.945312 0.031250 0.028125
0 0.198437 0.615625 0.028125 0.031250
0 0.125000 0.796875 0.031250 0.031250
0 0.037500 0.771875 0.031250 0.031250
0 0.350000 0.870313 0.031250 0.034375
0 0.343750 0.262500 0.031250 0.031250
0 0.153125 0.568750 0.031250 0.031250
0 0.184375 0.387500 0.031250 0.031250
0 0.162500 0.728125 0.031250 0.031250
0 0.309375 0.262500 0.031250 0.031250
0 0.157812 0.600000 0.034375 0.031250
0 0.945312 0.081250 0.028125 0.031250
0 0.296875 0.765625 0.031250 0.031250
0 0.179688 0.451562 0.028125 0.028125
0 0.962500 0.054688 0.031250 0.028125
0 0.312500 0.206250 0.031250 0.031250
0 0.037500 0.203125 0.031250 0.031250
0 0.801562 0.903125 0.028125 0.031250
0 0.928125 0.578125 0.031250 0.031250
0 0.070312 0.114062 0.028125 0.028125
0 0.725000 0.834375 0.031250 0.031250
0 0.212500 0.204687 0.031250 0.028125
0 0.129688 0.175000 0.034375 0.031250
0 0.126562 0.385937 0.028125 0.028125
0 0.432812 0.907813 0.028125 0.028125
0 0.303125 0.493750 0.031250 0.031250
0 0.459375 0.884375 0.031250 0.031250
0 0.095312 0.737500 0.028125 0.031250
0 0.071875 0.943750 0.031250 0.031250
0 0.343750 0.206250 0.031250 0.031250
0 0.896875 0.745313 0.031250 0.028125
0 0.064062 0.621875 0.028125 0.031250
0 0.240625 0.428125 0.031250 0.031250
0 0.095312 0.807813 0.028125 0.028125
0 0.381250 0.528125 0.031250 0.031250
0 0.240625 0.659375 0.031250 0.031250
0 0.095312 0.465625 0.028125 0.031250
0 0.153125 0.300000 0.031250 0.031250
0 0.128125 0.721875 0.031250 0.031250
0 0.604688 0.842187 0.028125 0.028125
0 0.121875 0.653125 0.031250 0.031250
0 0.396875 0.556250 0.031250 0.031250
0 0.250000 0.090625 0.031250 0.031250
0 0.964063 0.225000 0.028125 0.031250
0 0.187500 0.584375 0.031250 0.031250
0 0.093750 0.671875 0.031250 0.031250
0 0.125000 0.750000 0.031250 0.031250
0 0.121875 0.515625 0.031250 0.031250
0 0.037500 0.839063 0.031250 0.028125
0 0.806250 0.725000 0.031250 0.031250
0 0.578125 0.815625 0.031250 0.031250
0 0.845313 0.725000 0.028125 0.031250
0 0.182812 0.418750 0.028125 0.031250
0 0.879687 0.023438 0.028125 0.028125
0 0.846875 0.829688 0.031250 0.028125
0 0.065625 0.253125 0.031250 0.031250
0 0.631250 0.865625 0.031250 0.031250
0 0.887500 0.415625 0.031250 0.031250
0 0.918750 0.964063 0.031250 0.028125
0 0.260937 0.234375 0.028125 0.031250
0 0.592187 0.937500 0.028125 0.031250
0 0.245312 0.206250 0.028125 0.031250
0 0.929688 0.051562 0.028125 0.028125
0 0.287500 0.518750 0.031250 0.031250
0 0.340625 0.437500 0.031250 0.031250
0 0.181250 0.204687 0.031250 0.028125
0 0.229687 0.626563 0.028125 0.028125
0 0.667188 0.821875 0.028125 0.031250
0 0.895312 0.110937 0.028125 0.028125
0 0.115625 0.615625 0.031250 0.031250
0 0.271875 0.321875 0.031250 0.031250
0 0.453125 0.964063 0.031250 0.034375
0 0.234375 0.059375 0.031250 0.031250
0 0.182812 0.281250 0.034375 0.031250
0 0.318750 0.612500 0.031250 0.031250
0 0.210938 0.365625 0.028125 0.031250
0 0.146875 0.631250 0.031250 0.031250
0 0.375000 0.439063 0.031250 0.028125
0 0.293750 0.234375 0.031250 0.031250
0 0.148438 0.203125 0.028125 0.031250
0 0.307812 0.579688 0.028125 0.028125
0 0.964063 0.167187 0.028125 0.028125
0 0.151562 0.501563 0.028125 0.028125
0 0.357812 0.465625 0.028125 0.031250
0 0.303125 0.673438 0.031250 0.034375
0 0.407813 0.265625 0.028125 0.031250
0 0.546875 0.803125 0.031250 0.031250
0 0.125000 0.250000 0.031250 0.031250
0 0.209375 0.334375 0.031250 0.031250
0 0.256250 0.725000 0.031250 0.031250
0 0.840625 0.781250 0.031250 0.031250
0 0.787500 0.818750 0.031250 0.031250
0 0.378125 0.890625 0.031250 0.031250
0 0.095312 0.401562 0.028125 0.028125
0 0.153125 0.401562 0.031250 0.028125
0 0.065625 0.790625 0.031250 0.031250
0 0.673438 0.909375 0.028125 0.031250
0 0.262500 0.176563 0.031250 0.028125
0 0.457813 0.931250 0.034375 0.031250
0 0.359375 0.407813 0.031250 0.028125
0 0.543750 0.835938 0.031250 0.028125
0 0.370312 0.935937 0.034375 0.034375
0 0.228125 0.882812 0.031250 0.034375
0 0.348438 0.525000 0.028125 0.031250
0 0.039062 0.704688 0.028125 0.028125
0 0.565625 0.881250 0.031250 0.031250
0 0.598437 0.873437 0.028125 0.028125
0 0.050000 0.140625 0.031250 0.031250
0 0.314063 0.870313 0.034375 0.034375
0 0.346875 0.909375 0.037500 0.037500
0 0.176563 0.792188 0.028125 0.028125
0 0.034375 0.873437 0.031250 0.028125
0 0.198437 0.175000 0.028125 0.031250
0 0.715625 0.867188 0.031250 0.028125
0 0.917188 0.771875 0.034375 0.031250
0 0.181250 0.550000 0.031250 0.031250
0 0.293750 0.350000 0.031250 0.031250
0 0.243750 0.568750 0.031250 0.031250
0 0.209375 0.501563 0.031250 0.028125
0 0.475000 0.850000 0.031250 0.031250
0 0.296875 0.640625 0.031250 0.031250
0 0.262500 0.756250 0.031250 0.031250
0 0.637500 0.765625 0.031250 0.031250
0 0.271875 0.667188 0.031250 0.028125
0 0.209375 0.262500 0.031250 0.031250
0 0.037500 0.737500 0.031250 0.031250
0 0.443750 0.443750 0.031250 0.031250
0 0.120313 0.215625 0.034375 0.031250
0 0.889062 0.470313 0.028125 0.028125
0 0.181250 0.832812 0.031250 0.028125
0 0.246875 0.690625 0.031250 0.031250
0 0.946875 0.839063 0.031250 0.034375
0 0.168750 0.907813 0.031250 0.034375
0 0.164062 0.118750 0.028125 0.031250
0 0.931250 0.164062 0.031250 0.028125
0 0.198437 0.892188 0.034375 0.034375
0 0.037500 0.600000 0.031250 0.031250
0 0.065625 0.721875 0.031250 0.031250
0 0.360938 0.235937 0.028125 0.028125
0 0.706250 0.931250 0.031250 0.031250
0 0.646875 0.893750 0.031250 0.031250
0 0.256250 0.459375 0.031250 0.031250
0 0.395313 0.914062 0.034375 0.034375
0 0.182812 0.939063 0.028125 0.028125
0 0.735938 0.612500 0.034375 0.031250
0 0.132812 0.118750 0.028125 0.031250
0 0.345313 0.584375 0.028125 0.031250
0 0.392188 0.409375 0.028125 0.031250
0 0.392188 0.292187 0.028125 0.028125
0 0.939063 0.606250 0.034375 0.031250
0 0.503125 0.790625 0.031250 0.031250
0 0.068750 0.484375 0.031250 0.031250
0 0.267188 0.062500 0.028125 0.031250
0 0.643750 0.946875 0.031250 0.031250
0 0.475000 0.437500 0.031250 0.031250
0 0.278125 0.700000 0.031250 0.031250
0 0.323437 0.464062 0.028125 0.028125
0 0.259375 0.290625 0.031250 0.031250
0 0.153125 0.265625 0.031250 0.031250
0 0.178125 0.642188 0.031250 0.028125
0 0.950000 0.775000 0.031250 0.031250
0 0.615625 0.959375 0.031250 0.031250
0 0.234375 0.784375 0.031250 0.031250
0 0.890625 0.915625 0.031250 0.031250
0 0.917188 0.192188 0.028125 0.028125
0 0.493750 0.948438 0.031250 0.034375
0 0.237500 0.484375 0.031250 0.031250
0 0.065625 0.218750 0.031250 0.031250
0 0.867188 0.800000 0.034375 0.031250
0 0.407813 0.320312 0.028125 0.028125
0 0.884375 0.828125 0.031250 0.031250
0 0.423438 0.470313 0.028125 0.028125
0 0.309375 0.709375 0.031250 0.031250
0 0.428125 0.412500 0.031250 0.031250
0 0.839063 0.860938 0.028125 0.028125
0 0.106250 0.937500 0.031250 0.031250
0 0.442188 0.265625 0.028125 0.031250
0 0.581250 0.970313 0.031250 0.028125
0 0.048438 0.923438 0.028125 0.028125
0 0.832812 0.893750 0.028125 0.031250
0 0.856250 0.693750 0.031250 0.031250
0 0.067187 0.057813 0.028125 0.028125
0 0.262500 0.635938 0.031250 0.028125
0 0.215625 0.403125 0.031250 0.031250
0 0.951562 0.195312 0.028125 0.028125
0 0.750000 0.856250 0.031250 0.031250
0 0.340625 0.715625 0.031250 0.031250
0 0.114062 0.143750 0.028125 0.031250
0 0.371875 0.496875 0.031250 0.031250
0 0.490625 0.912500 0.031250 0.031250
0 0.329688 0.807813 0.028125 0.028125
0 0.156250 0.368750 0.031250 0.031250
0 0.610938 0.809375 0.028125 0.031250
0 0.359375 0.290625 0.031250 0.031250
0 0.035937 0.537500 0.028125 0.031250
0 0.425000 0.292187 0.031250 0.028125
0 0.557813 0.948438 0.028125 0.028125
0 0.151562 0.534375 0.028125 0.031250
0 0.456250 0.475000 0.031250 0.031250
0 0.879687 0.082812 0.028125 0.028125
0 0.125000 0.964063 0.031250 0.034375
0 0.260937 0.403125 0.028125 0.031250
0 0.065625 0.756250 0.031250 0.031250
0 0.178125 0.975000 0.031250 0.031250
0 0.309375 0.318750 0.031250 0.031250
0 0.946875 0.137500 0.031250 0.031250
0 0.425000 0.237500 0.031250 0.031250
0 0.096875 0.268750 0.031250 0.031250
0 0.378125 0.848437 0.031250 0.034375
0 0.265625 0.118750 0.031250 0.031250
0 0.934375 0.740625 0.031250 0.031250
0 0.095312 0.567187 0.028125 0.028125
0 0.325000 0.292187 0.031250 0.028125
0 0.282813 0.089063 0.028125 0.028125
0 0.126562 0.315625 0.028125 0.031250
0 0.039062 0.468750 0.028125 0.031250
0 0.231250 0.178125 0.031250 0.031250
0 0.121875 0.550000 0.031250 0.031250
0 0.945312 0.550000 0.028125 0.031250
0 0.209375 0.956250 0.031250 0.031250
0 0.343750 0.378125 0.031250 0.031250
0 0.096875 0.368750 0.031250 0.031250
0 0.376563 0.206250 0.028125 0.031250
0 0.295312 0.900000 0.034375 0.037500
0 0.917188 0.898438 0.028125 0.028125
0 0.065625 0.517188 0.031250 0.028125
0 0.696875 0.812500 0.031250 0.031250
0 0.412500 0.439063 0.031250 0.028125
0 0.917188 0.829688 0.028125 0.028125
0 0.151562 0.665625 0.028125 0.031250
0 0.153125 0.953125 0.031250 0.031250
0 0.920312 0.931250 0.028125 0.031250
0 0.296875 0.178125 0.031250 0.031250
0 0.317188 0.523438 0.028125 0.028125
0 0.512500 0.821875 0.031250 0.031250
0 0.215625 0.090625 0.031250 0.031250
0 0.126562 0.282813 0.028125 0.028125
0 0.070312 0.384375 0.028125 0.031250
0 0.407813 0.209375 0.028125 0.031250
0 0.434375 0.500000 0.031250 0.031250
0 0.165625 0.173437 0.031250 0.028125
0 0.392188 0.235937 0.028125 0.028125
0 0.271875 0.371875 0.031250 0.031250
0 0.039062 0.432812 0.028125 0.028125
0 0.901563 0.800000 0.028125 0.031250
0 0.876563 0.721875 0.028125 0.031250
0 0.904687 0.445312 0.028125 0.028125
0 0.037500 0.059375 0.031250 0.031250
0 0.209375 0.437500 0.031250 0.031250
0 0.409375 0.381250 0.031250 0.031250
0 0.917188 0.865625 0.028125 0.031250
0 0.290625 0.462500 0.031250 0.031250
0 0.412500 0.587500 0.031250 0.031250
0 0.070312 0.317188 0.028125 0.028125
0 0.826562 0.753125 0.028125 0.031250
0 0.093750 0.200000 0.031250 0.031250
0 0.756250 0.637500 0.031250 0.031250
0 0.153125 0.468750 0.031250 0.031250
0 0.328125 0.551562 0.031250 0.028125
0 0.725000 0.646875 0.031250 0.031250
0 0.210938 0.468750 0.028125 0.031250
0 0.440625 0.321875 0.031250 0.031250
0 0.067187 0.287500 0.028125 0.031250
0 0.325000 0.406250 0.031250 0.031250
0 0.359375 0.778125 0.031250 0.031250
0 0.910937 0.548438 0.028125 0.028125
0 0.821875 0.700000 0.031250 0.031250
0 0.040625 0.335938 0.031250 0.028125
0 0.792188 0.756250 0.028125 0.031250
0 0.793750 0.937500 0.031250 0.031250
0 0.887500 0.882812 0.031250 0.028125
0 0.042188 0.956250 0.028125 0.031250
0 0.328125 0.643750 0.031250 0.031250
0 0.343750 0.318750 0.031250 0.031250
0 0.328125 0.235937 0.031250 0.028125
0 0.739062 0.921875 0.028125 0.031250
0 0.215625 0.682813 0.031250 0.028125
0 0.315625 0.089063 0.031250 0.028125
0 0.515625 0.659375 0.031250 0.031250
0 0.357812 0.743750 0.034375 0.031250
0 0.037500 0.112500 0.031250 0.031250
0 0.262500 0.543750 0.031250 0.031250
0 0.265625 0.787500 0.031250 0.031250
0 0.931250 0.221875 0.031250 0.031250
0 0.040625 0.301563 0.031250 0.028125
0 0.240625 0.381250 0.031250 0.031250
0 0.964063 0.525000 0.028125 0.031250
0 0.914062 0.026562 0.028125 0.028125
0 0.295312 0.548438 0.028125 0.028125
0 0.362500 0.176563 0.031250 0.028125
0 0.912500 0.715625 0.031250 0.031250
0 0.403125 0.496875 0.031250 0.031250
0 0.390625 0.468750 0.031250 0.031250
0 0.973437 0.892188 0.028125 0.028125
0 0.425000 0.876563 0.031250 0.034375
0 0.342187 0.675000 0.034375 0.031250
0 0.248438 0.910937 0.034375 0.034375
0 0.732812 0.795312 0.034375 0.034375
0 0.320312 0.742188 0.028125 0.028125
0 0.034375 0.637500 0.031250 0.031250
0 0.612500 0.746875 0.031250 0.031250
0 0.093750 0.235937 0.031250 0.028125
0 0.856250 0.918750 0.031250 0.031250
0 0.146875 0.775000 0.031250 0.031250
0 0.360938 0.351562 0.028125 0.028125
0 0.481250 0.820312 0.031250 0.028125
0 0.039062 0.237500 0.028125 0.031250
0 0.040625 0.365625 0.031250 0.031250
0 0.179688 0.092188 0.028125 0.028125
0 0.456250 0.528125 0.031250 0.031250
0 0.121875 0.484375 0.031250 0.031250
0 0.703125 0.618750 0.031250 0.031250
0 0.493750 0.634375 0.031250 0.031250
0 0.123438 0.417187 0.028125 0.028125
0 0.245312 0.350000 0.028125 0.031250
0 0.421875 0.615625 0.031250 0.031250
0 0.276562 0.432812 0.028125 0.028125
0 0.914062 0.135937 0.028125 0.028125
0 0.631250 0.496875 0.031250 0.031250
0 0.492188 0.410938 0.028125 0.028125
0 0.532813 0.773438 0.028125 0.028125
0 0.053125 0.031250 0.031250 0.031250
0 0.307812 0.435937 0.028125 0.028125
0 0.628125 0.718750 0.031250 0.031250
0 0.559375 0.915625 0.031250 0.031250
0 0.668750 0.971875 0.031250 0.031250
0 0.253125 0.034375 0.031250 0.031250
0 0.637500 0.600000 0.031250 0.031250
0 0.526563 0.410938 0.028125 0.028125
0 0.768750 0.734375 0.031250 0.031250
0 0.525000 0.621875 0.031250 0.031250
0 0.978125 0.081250 0.031250 0.031250
0 0.331250 0.059375 0.031250 0.031250
0 0.090625 0.973437 0.031250 0.034375
0 0.121875 0.584375 0.031250 0.031250
0 0.875000 0.442188 0.031250 0.028125
0 0.425000 0.351562 0.031250 0.028125
0 0.039062 0.567187 0.028125 0.028125
0 0.903125 0.601562 0.031250 0.028125
0 0.592187 0.904687 0.028125 0.028125
0 0.715625 0.525000 0.031250 0.031250
0 0.746875 0.709375 0.031250 0.031250
0 0.376563 0.379688 0.028125 0.028125
0 0.890625 0.690625 0.031250 0.031250
0 0.273438 0.576562 0.028125 0.028125
0 0.462500 0.621875 0.031250 0.031250
0 0.182812 0.146875 0.028125 0.031250
0 0.098437 0.057813 0.028125 0.028125
0 0.328125 0.775000 0.031250 0.031250
0 0.253125 0.600000 0.031250 0.031250
0 0.376563 0.582812 0.028125 0.028125
0 0.240625 0.318750 0.031250 0.031250
0 0.207813 0.651563 0.028125 0.028125
0 0.857812 0.467187 0.028125 0.028125
0 0.375000 0.714063 0.031250 0.028125
0 0.459375 0.237500 0.031250 0.031250
0 0.537500 0.868750 0.031250 0.031250
0 0.281250 0.146875 0.031250 0.031250
0 0.376563 0.265625 0.028125 0.031250
0 0.156250 0.696875 0.031250 0.031250
0 0.228125 0.232813 0.031250 0.028125
0 0.051562 0.084375 0.028125 0.031250
0 0.250000 0.512500 0.031250 0.031250
0 0.581250 0.735938 0.031250 0.028125
0 0.418750 0.528125 0.031250 0.031250
0 0.148438 0.089063 0.028125 0.028125
0 0.509375 0.440625 0.031250 0.031250
0 0.196875 0.118750 0.031250 0.031250
0 0.329688 0.176563 0.028125 0.028125
0 0.898438 0.164062 0.028125 0.028125
0 0.868750 0.165625 0.031250 0.031250
0 0.040625 0.268750 0.031250 0.031250
0 0.093750 0.500000 0.031250 0.031250
0 0.650000 0.634375 0.031250 0.031250
0 0.443750 0.381250 0.031250 0.031250
0 0.675000 0.940625 0.031250 0.031250
0 0.393750 0.960938 0.031250 0.034375
0 0.945312 0.878125 0.028125 0.031250
0 0.384375 0.615625 0.031250 0.031250
0 0.342187 0.971875 0.034375 0.037500
0 0.603125 0.778125 0.031250 0.031250
0 0.831250 0.665625 0.031250 0.031250
0 0.392188 0.351562 0.028125 0.028125
0 0.132812 0.059375 0.028125 0.031250
0 0.659375 0.706250 0.031250 0.031250
0 0.457813 0.295312 0.028125 0.028125
0 0.712500 0.087500 0.031250 0.031250
0 0.701562 0.768750 0.034375 0.031250
0 0.270313 0.487500 0.028125 0.031250
0 0.476562 0.384375 0.028125 0.031250
0 0.510938 0.381250 0.028125 0.031250
0 0.223438 0.531250 0.034375 0.031250
0 0.126562 0.351562 0.028125 0.028125
0 0.035937 0.806250 0.028125 0.031250
0 0.584375 0.700000 0.031250 0.031250
0 0.742188 0.757812 0.034375 0.034375
0 0.448437 0.818750 0.028125 0.031250
0 0.490625 0.470313 0.031250 0.028125
0 0.842187 0.435937 0.028125 0.028125
0 0.068750 0.553125 0.031250 0.031250
0 0.478125 0.500000 0.031250 0.031250
0 0.360938 0.554688 0.028125 0.028125
0 0.781250 0.704688 0.031250 0.028125
0 0.096875 0.332813 0.031250 0.028125
0 0.681250 0.142187 0.031250 0.028125
0 0.731250 0.954688 0.031250 0.028125
0 0.376563 0.321875 0.028125 0.031250
0 0.515625 0.593750 0.031250 0.031250
0 0.350000 0.618750 0.031250 0.031250
0 0.746875 0.521875 0.031250 0.031250
0 0.521875 0.725000 0.031250 0.031250
0 0.973437 0.823438 0.034375 0.034375
0 0.873437 0.498437 0.028125 0.028125
0 0.917188 0.629687 0.028125 0.028125
0 0.465625 0.790625 0.031250 0.031250
0 0.890625 0.946875 0.031250 0.031250
0 0.350000 0.087500 0.031250 0.031250
0 0.723437 0.728125 0.034375 0.031250
0 0.210938 0.562500 0.028125 0.031250
0 0.125000 0.450000 0.031250 0.031250
0 0.709375 0.318750 0.031250 0.031250
0 0.460938 0.410938 0.028125 0.028125
0 0.443750 0.850000 0.031250 0.031250
0 0.770312 0.915625 0.028125 0.031250
0 0.698438 0.114062 0.028125 0.028125
0 0.618750 0.575000 0.031250 0.031250
0 0.864062 0.054688 0.028125 0.028125
0 0.393750 0.776563 0.031250 0.034375
0 0.657813 0.740625 0.034375 0.031250
0 0.889062 0.525000 0.034375 0.031250
0 0.948438 0.910937 0.028125 0.028125
0 0.021875 0.901563 0.031250 0.034375
0 0.925000 0.470313 0.031250 0.028125
0 0.704688 0.701562 0.034375 0.034375
0 0.964063 0.745313 0.034375 0.034375
0 0.676562 0.317188 0.028125 0.028125
0 0.681250 0.087500 0.031250 0.031250
0 0.818750 0.806250 0.031250 0.031250
0 0.070312 0.351562 0.028125 0.028125
0 0.553125 0.714063 0.031250 0.028125
0 0.959375 0.579688 0.031250 0.028125
0 0.326562 0.939063 0.034375 0.034375
0 0.939063 0.392188 0.028125 0.028125
0 0.396875 0.740625 0.031250 0.031250
0 0.565625 0.776563 0.031250 0.028125
0 0.553125 0.746875 0.031250 0.031250
0 0.951562 0.978125 0.028125 0.031250
0 0.487500 0.301563 0.031250 0.028125
0 0.584375 0.631250 0.031250 0.031250
0 0.040625 0.401562 0.031250 0.028125
0 0.557813 0.610938 0.034375 0.034375
0 0.179688 0.517188 0.028125 0.028125
0 0.700000 0.965625 0.031250 0.031250
0 0.506250 0.693750 0.031250 0.031250
0 0.403125 0.693750 0.031250 0.031250
0 0.643750 0.675000 0.031250 0.031250
0 0.590625 0.553125 0.031250 0.031250
0 0.945312 0.026562 0.028125 0.028125
0 0.210938 0.039062 0.028125 0.028125
0 0.665625 0.112500 0.031250 0.031250
0 0.526563 0.959375 0.028125 0.031250
0 0.689063 0.651563 0.034375 0.034375
0 0.523438 0.473438 0.034375 0.034375
0 0.392188 0.176563 0.028125 0.028125
0 0.360938 0.646875 0.028125 0.031250
0 0.096875 0.300000 0.031250 0.031250
0 0.618750 0.631250 0.031250 0.031250
0 0.507812 0.554688 0.034375 0.034375
0 0.392188 0.650000 0.034375 0.031250
0 0.664062 0.403125 0.028125 0.031250
0 0.890625 0.571875 0.031250 0.031250
0 0.873437 0.385937 0.028125 0.028125
0 0.834375 0.053125 0.031250 0.031250
0 0.848437 0.082812 0.028125 0.028125
0 0.948438 0.251563 0.028125 0.028125
0 0.920312 0.417187 0.028125 0.028125
0 0.962500 0.631250 0.031250 0.031250
0 0.765625 0.782813 0.031250 0.034375
0 0.867188 0.110937 0.028125 0.028125
0 0.693750 0.737500 0.031250 0.031250
0 0.378125 0.150000 0.031250 0.031250
0 0.671875 0.609375 0.031250 0.031250
0 0.473438 0.267188 0.028125 0.028125
0 0.443750 0.590625 0.031250 0.031250
0 0.803125 0.646875 0.031250 0.031250
0 0.292187 0.406250 0.028125 0.031250
0 0.196875 0.064062 0.031250 0.028125
0 0.921875 0.362500 0.031250 0.031250
0 0.714063 0.139063 0.028125 0.028125
0 0.939063 0.651563 0.028125 0.028125
0 0.828125 0.925000 0.031250 0.031250
0 0.800000 0.678125 0.031250 0.031250
0 0.892188 0.978125 0.028125 0.031250
0 0.682813 0.579688 0.034375 0.034375
0 0.735938 0.565625 0.034375 0.031250
0 0.728125 0.678125 0.031250 0.031250
0 0.018750 0.932813 0.031250 0.028125
0 0.679688 0.432812 0.034375 0.034375
0 0.929688 0.110937 0.028125 0.028125
0 0.471875 0.559375 0.031250 0.031250
0 0.887500 0.628125 0.031250 0.031250
0 0.978125 0.137500 0.031250 0.031250
0 0.600000 0.517188 0.031250 0.034375
0 0.165625 0.064062 0.031250 0.028125
0 0.778125 0.584375 0.031250 0.031250
0 0.859375 0.953125 0.031250 0.031250
0 0.868750 0.854688 0.031250 0.028125
0 0.084375 0.031250 0.031250 0.031250
0 0.684375 0.465625 0.031250 0.031250
0 0.646875 0.465625 0.031250 0.031250
0 0.568750 0.526563 0.031250 0.034375
0 0.782813 0.525000 0.034375 0.031250
0 0.181250 0.034375 0.031250 0.031250
0 0.862500 0.604688 0.031250 0.034375
0 0.475000 0.587500 0.031250 0.031250
0 0.851562 0.139063 0.028125 0.028125
0 0.762500 0.548438 0.031250 0.028125
0 0.975000 0.925000 0.031250 0.031250
0 0.865625 0.553125 0.031250 0.031250
0 0.900000 0.657813 0.031250 0.028125
0 0.279687 0.264062 0.028125 0.028125
0 0.550000 0.492188 0.031250 0.028125
0 0.018750 0.031250 0.031250 0.031250
0 0.665625 0.057813 0.031250 0.028125
0 0.546875 0.646875 0.031250 0.031250
0 0.406250 0.807813 0.031250 0.034375
0 0.948438 0.495312 0.028125 0.028125
0 0.653125 0.562500 0.031250 0.031250
0 0.362500 0.050000 0.031250 0.031250
0 0.842187 0.379688 0.028125 0.028125
0 0.696875 0.287500 0.031250 0.031250
0 0.300000 0.059375 0.031250 0.031250
0 0.601562 0.659375 0.028125 0.031250
0 0.434375 0.787500 0.031250 0.031250
0 0.295312 0.951562 0.034375 0.034375
0 0.440625 0.209375 0.031250 0.031250
0 0.975000 0.026562 0.031250 0.034375
0 0.542188 0.571875 0.034375 0.037500
0 0.979688 0.196875 0.028125 0.031250
0 0.648438 0.434375 0.034375 0.031250
0 0.779687 0.617188 0.034375 0.034375
0 0.889062 0.360938 0.028125 0.028125
0 0.421875 0.978125 0.031250 0.031250
0 0.700000 0.493750 0.031250 0.031250
0 0.535937 0.520312 0.034375 0.034375
0 0.612500 0.689063 0.031250 0.028125
0 0.782813 0.081250 0.028125 0.031250
0 0.631250 0.350000 0.031250 0.031250
0 0.826562 0.960938 0.034375 0.034375
0 0.604688 0.600000 0.028125 0.031250
0 0.665625 0.346875 0.031250 0.031250
0 0.428125 0.559375 0.031250 0.031250
0 0.715625 0.465625 0.031250 0.031250
0 0.310937 0.378125 0.028125 0.031250
0 0.506250 0.753125 0.031250 0.031250
0 0.762500 0.946875 0.031250 0.031250
0 0.729688 0.112500 0.028125 0.031250
0 0.840625 0.578125 0.031250 0.031250
0 0.379688 0.020313 0.028125 0.028125
0 0.584375 0.490625 0.031250 0.031250
0 0.621875 0.540625 0.031250 0.031250
0 0.284375 0.032813 0.031250 0.034375
0 0.971875 0.659375 0.031250 0.031250
0 0.954688 0.365625 0.028125 0.031250
0 0.714063 0.587500 0.028125 0.031250
0 0.800000 0.054688 0.031250 0.028125
0 0.550000 0.978125 0.025000 0.025000
0 0.678125 0.375000 0.031250 0.031250
0 0.698438 0.057813 0.028125 0.028125
0 0.509375 0.503125 0.031250 0.031250
0 0.706250 0.554688 0.031250 0.028125
0 0.812500 0.593750 0.031250 0.031250
0 0.317188 0.031250 0.034375 0.031250
0 0.882812 0.192188 0.028125 0.028125
0 0.921875 0.678125 0.031250 0.031250
0 0.904687 0.389062 0.028125 0.028125
0 0.487500 0.528125 0.031250 0.031250
0 0.295312 0.118750 0.028125 0.025000
0 0.648438 0.317188 0.028125 0.028125
0 0.678125 0.678125 0.031250 0.031250
0 0.965625 0.278125 0.031250 0.031250
0 0.542188 0.439063 0.028125 0.028125
0 0.742188 0.323437 0.028125 0.028125
0 0.426563 0.650000 0.034375 0.031250
0 0.612500 0.470313 0.031250 0.034375
0 0.978125 0.959375 0.031250 0.031250
0 0.410938 0.840625 0.028125 0.031250
0 0.804688 0.492188 0.028125 0.028125
0 0.846875 0.025000 0.031250 0.031250
0 0.854688 0.523438 0.028125 0.028125
0 0.578125 0.584375 0.031250 0.031250
0 0.815625 0.026562 0.031250 0.028125
0 0.826562 0.467187 0.028125 0.028125
0 0.568750 0.671875 0.031250 0.031250
0 0.537500 0.681250 0.031250 0.031250
0 0.817187 0.082812 0.028125 0.028125
0 0.793750 0.789062 0.031250 0.028125
0 0.865625 0.656250 0.031250 0.031250
0 0.503125 0.275000 0.031250 0.031250
0 0.696875 0.170313 0.031250 0.028125
0 0.910937 0.495312 0.028125 0.028125
0 0.487500 0.978125 0.031250 0.031250
0 0.798438 0.970313 0.034375 0.034375
0 0.826562 0.354687 0.028125 0.028125
0 0.648438 0.142187 0.028125 0.028125
0 0.740625 0.487500 0.031250 0.031250
0 0.370312 0.684375 0.028125 0.031250
0 0.232813 0.976562 0.028125 0.028125
0 0.365625 0.115625 0.031250 0.031250
0 0.681250 0.535937 0.031250 0.028125
