0 0.760938 0.945312 0.028125 0.028125
0 0.131250 0.465625 0.031250 0.031250
0 0.203125 0.698438 0.031250 0.028125
0 0.164062 0.867188 0.028125 0.028125
0 0.239063 0.812500 0.028125 0.031250
0 0.239063 0.778125 0.028125 0.031250
0 0.031250 0.407813 0.031250 0.028125
0 0.096875 0.525000 0.031250 0.031250
0 0.235937 0.587500 0.028125 0.031250
0 0.526563 0.651563 0.034375 0.034375
0 0.132812 0.695312 0.028125 0.028125
0 0.637500 0.781250 0.031250 0.031250
0 0.165625 0.753125 0.031250 0.031250
0 0.132812 0.639062 0.028125 0.028125
0 0.584375 0.750000 0.031250 0.031250
0 0.498437 0.764062 0.028125 0.028125
0 0.379688 0.603125 0.028125 0.031250
0 0.529687 0.782813 0.028125 0.028125
0 0.693750 0.718750 0.031250 0.031250
0 0.639062 0.718750 0.028125 0.031250
0 0.064062 0.407813 0.028125 0.028125
0 0.167187 0.810937 0.028125 0.028125
0 0.582812 0.653125 0.028125 0.031250
0 0.112500 0.437500 0.031250 0.031250
0 0.526563 0.748437 0.028125 0.028125
0 0.262500 0.528125 0.031250 0.031250
0 0.529687 0.814063 0.028125 0.028125
0 0.721875 0.800000 0.031250 0.031250
0 0.790625 0.896875 0.031250 0.031250
0 0.079687 0.378125 0.028125 0.031250
0 0.639062 0.685937 0.028125 0.028125
0 0.781250 0.831250 0.031250 0.031250
0 0.731250 0.893750 0.031250 0.031250
0 0.560937 0.926562 0.028125 0.028125
0 0.131250 0.409375 0.031250 0.031250
0 0.210938 0.762500 0.028125 0.031250
0 0.582812 0.815625 0.028125 0.031250
0 0.584375 0.850000 0.031250 0.031250
0 0.440625 0.734375 0.031250 0.031250
0 0.293750 0.475000 0.031250 0.031250
0 0.210938 0.828125 0.028125 0.031250
0 0.309375 0.440625 0.031250 0.031250
0 0.212500 0.379688 0.031250 0.028125
0 0.696875 0.684375 0.031250 0.031250
0 0.667188 0.635938 0.028125 0.028125
0 0.181250 0.839063 0.031250 0.028125
0 0.498437 0.734375 0.028125 0.031250
0 0.195312 0.525000 0.028125 0.031250
0 0.098437 0.695312 0.028125 0.028125
0 0.498437 0.798438 0.028125 0.028125
0 0.495312 0.700000 0.028125 0.031250
0 0.096875 0.407813 0.031250 0.028125
0 0.665625 0.703125 0.031250 0.031250
0 0.182812 0.782813 0.028125 0.028125
0 0.610938 0.734375 0.028125 0.031250
0 0.575000 0.589063 0.031250 0.028125
0 0.048438 0.607812 0.028125 0.028125
0 0.528125 0.850000 0.031250 0.031250
0 0.268750 0.601562 0.031250 0.028125
0 0.531250 0.910937 0.031250 0.028125
0 0.606250 0.501563 0.031250 0.028125
0 0.693750 0.782813 0.031250 0.028125
0 0.696875 0.651563 0.031250 0.034375
0 0.239063 0.682813 0.028125 0.028125
0 0.193750 0.581250 0.031250 0.031250
0 0.723437 0.706250 0.028125 0.031250
0 0.440625 0.764062 0.031250 0.028125
0 0.759375 0.878125 0.031250 0.031250
0 0.610938 0.798438 0.028125 0.028125
0 0.296875 0.553125 0.031250 0.031250
0 0.468750 0.418750 0.031250 0.031250
0 0.646875 0.943750 0.031250 0.031250
0 0.667188 0.670312 0.028125 0.028125
0 0.440625 0.437500 0.031250 0.031250
0 0.148438 0.723437 0.028125 0.028125
0 0.732812 0.929688 0.028125 0.028125
0 0.079687 0.495312 0.028125 0.028125
0 0.268750 0.764062 0.031250 0.028125
0 0.326562 0.570312 0.028125 0.028125
0 0.790625 0.928125 0.031250 0.031250
0 0.243750 0.439063 0.031250 0.028125
0 0.267188 0.796875 0.028125 0.031250
0 0.723437 0.765625 0.028125 0.031250
0 0.695312 0.750000 0.028125 0.031250
0 0.787500 0.862500 0.031250 0.031250
0 0.465625 0.490625 0.031250 0.031250
0 0.526563 0.717187 0.028125 0.028125
0 0.107813 0.951562 0.028125 0.028125
0 0.465625 0.684375 0.031250 0.031250
0 0.132812 0.810937 0.028125 0.028125
0 0.129688 0.525000 0.028125 0.031250
0 0.210938 0.796875 0.028125 0.031250
0 0.492188 0.606250 0.028125 0.031250
0 0.212500 0.667188 0.031250 0.028125
0 0.607812 0.701562 0.028125 0.028125
0 0.032813 0.639062 0.028125 0.028125
0 0.468750 0.718750 0.031250 0.031250
0 0.098437 0.637500 0.028125 0.031250
0 0.557813 0.895312 0.028125 0.028125
0 0.414062 0.751563 0.028125 0.028125
0 0.079687 0.437500 0.028125 0.031250
0 0.114062 0.495312 0.028125 0.028125
0 0.610938 0.635938 0.028125 0.028125
0 0.650000 0.975000 0.031250 0.031250
0 0.046875 0.437500 0.031250 0.031250
0 0.528125 0.509375 0.031250 0.031250
0 0.578125 0.553125 0.031250 0.031250
0 0.521875 0.550000 0.031250 0.031250
0 0.081250 0.667188 0.031250 0.028125
0 0.818750 0.846875 0.031250 0.031250
0 0.065625 0.637500 0.031250 0.031250
0 0.164062 0.695312 0.028125 0.028125
0 0.353125 0.453125 0.031250 0.031250
0 0.407813 0.620313 0.028125 0.028125
0 0.709375 0.621875 0.031250 0.031250
0 0.229687 0.409375 0.028125 0.031250
0 0.351562 0.485938 0.028125 0.028125
0 0.637500 0.584375 0.031250 0.031250
0 0.146875 0.437500 0.031250 0.031250
0 0.665625 0.732812 0.031250 0.028125
0 0.323437 0.501563 0.028125 0.028125
0 0.150000 0.784375 0.031250 0.031250
0 0.550000 0.532813 0.031250 0.028125
0 0.820312 0.917188 0.034375 0.034375
0 0.164062 0.639062 0.028125 0.028125
0 0.437500 0.403125 0.031250 0.031250
0 0.434375 0.603125 0.031250 0.031250
0 0.267188 0.698438 0.028125 0.028125
0 0.753125 0.814063 0.031250 0.028125
0 0.196875 0.640625 0.031250 0.031250
0 0.470313 0.748437 0.028125 0.028125
0 0.214062 0.729688 0.028125 0.028125
0 0.529687 0.442188 0.028125 0.028125
0 0.435937 0.571875 0.028125 0.031250
0 0.298438 0.520312 0.028125 0.028125
0 0.384375 0.439063 0.031250 0.028125
0 0.645312 0.910937 0.028125 0.028125
0 0.323437 0.701562 0.028125 0.028125
0 0.439063 0.700000 0.028125 0.031250
0 0.575000 0.515625 0.031250 0.031250
0 0.179688 0.554688 0.028125 0.028125
0 0.754687 0.845313 0.028125 0.028125
0 0.131250 0.868750 0.031250 0.031250
0 0.212500 0.609375 0.031250 0.031250
0 0.434375 0.535937 0.031250 0.028125
0 0.096875 0.465625 0.031250 0.031250
0 0.226562 0.523438 0.028125 0.028125
0 0.117188 0.726562 0.028125 0.028125
0 0.379688 0.635938 0.028125 0.028125
0 0.554688 0.734375 0.028125 0.031250
0 0.603125 0.534375 0.031250 0.031250
0 0.270313 0.732812 0.028125 0.028125
0 0.148438 0.609375 0.028125 0.031250
0 0.610938 0.603125 0.028125 0.031250
0 0.412500 0.456250 0.031250 0.031250
0 0.275000 0.498437 0.031250 0.028125
0 0.414062 0.782813 0.028125 0.028125
0 0.760938 0.976562 0.028125 0.028125
0 0.582812 0.620313 0.028125 0.028125
0 0.639062 0.620313 0.028125 0.028125
0 0.379688 0.535937 0.028125 0.028125
0 0.212500 0.554688 0.031250 0.028125
0 0.164062 0.406250 0.028125 0.031250
0 0.501563 0.895312 0.028125 0.028125
0 0.179688 0.723437 0.028125 0.028125
0 0.504687 0.926562 0.028125 0.028125
0 0.384375 0.798438 0.031250 0.028125
0 0.550000 0.570312 0.031250 0.028125
0 0.531250 0.945312 0.031250 0.028125
0 0.632812 0.481250 0.034375 0.031250
0 0.529687 0.878125 0.028125 0.031250
0 0.412500 0.490625 0.031250 0.031250
0 0.212500 0.495312 0.031250 0.028125
0 0.526563 0.689063 0.028125 0.028125
0 0.500000 0.829688 0.031250 0.028125
0 0.468750 0.456250 0.031250 0.031250
0 0.115625 0.610938 0.031250 0.028125
0 0.814063 0.814063 0.034375 0.034375
0 0.501563 0.862500 0.028125 0.031250
0 0.046875 0.378125 0.031250 0.031250
0 0.725000 0.862500 0.031250 0.031250
0 0.462500 0.556250 0.031250 0.031250
0 0.145313 0.551562 0.028125 0.028125
0 0.309375 0.382812 0.031250 0.028125
0 0.639062 0.651563 0.028125 0.028125
0 0.489063 0.575000 0.028125 0.031250
0 0.556250 0.831250 0.031250 0.031250
0 0.112500 0.378125 0.031250 0.031250
0 0.132812 0.753125 0.028125 0.031250
0 0.631250 0.521875 0.031250 0.031250
0 0.379688 0.503125 0.028125 0.031250
0 0.268750 0.831250 0.031250 0.031250
0 0.323437 0.667188 0.028125 0.028125
0 0.590625 0.975000 0.031250 0.031250
0 0.764062 0.910937 0.028125 0.028125
0 0.412500 0.423438 0.031250 0.034375
0 0.614062 0.829688 0.028125 0.028125
0 0.582812 0.685937 0.028125 0.028125
0 0.556250 0.634375 0.031250 0.031250
0 0.382812 0.471875 0.028125 0.031250
0 0.462500 0.587500 0.031250 0.031250
0 0.667188 0.800000 0.028125 0.025000
0 0.584375 0.478125 0.031250 0.031250
0 0.556250 0.798438 0.031250 0.028125
0 0.460938 0.620313 0.028125 0.028125
0 0.032813 0.581250 0.028125 0.031250
0 0.379688 0.567187 0.028125 0.028125
0 0.276562 0.381250 0.028125 0.031250
0 0.195312 0.407813 0.028125 0.028125
0 0.742188 0.676562 0.034375 0.034375
0 0.226562 0.467187 0.028125 0.028125
0 0.560937 0.960938 0.028125 0.028125
0 0.496875 0.517188 0.031250 0.028125
0 0.178125 0.378125 0.031250 0.031250
0 0.468750 0.782813 0.031250 0.028125
0 0.128125 0.923438 0.031250 0.028125
0 0.139063 0.951562 0.028125 0.028125
0 0.239063 0.748437 0.028125 0.028125
0 0.612500 0.862500 0.031250 0.031250
0 0.493750 0.668750 0.031250 0.031250
0 0.267188 0.665625 0.028125 0.031250
0 0.351562 0.585938 0.028125 0.028125
0 0.112500 0.895312 0.031250 0.028125
0 0.260937 0.468750 0.028125 0.031250
0 0.412500 0.718750 0.031250 0.031250
0 0.587500 0.945312 0.031250 0.028125
0 0.735938 0.735938 0.028125 0.028125
0 0.325000 0.470313 0.031250 0.028125
0 0.582812 0.781250 0.028125 0.031250
0 0.148438 0.839063 0.028125 0.028125
0 0.243750 0.495312 0.031250 0.028125
0 0.351562 0.520312 0.028125 0.028125
0 0.614062 0.895312 0.028125 0.028125
0 0.604688 0.571875 0.028125 0.031250
0 0.614062 0.926562 0.028125 0.028125
0 0.095312 0.925000 0.028125 0.031250
0 0.439063 0.668750 0.028125 0.031250
0 0.557813 0.864062 0.028125 0.028125
0 0.614062 0.670312 0.028125 0.028125
0 0.556250 0.670312 0.031250 0.028125
0 0.323437 0.410938 0.028125 0.028125
0 0.384375 0.734375 0.031250 0.031250
0 0.435937 0.639062 0.028125 0.028125
0 0.242188 0.618750 0.028125 0.031250
0 0.640625 0.846875 0.031250 0.031250
0 0.164062 0.465625 0.028125 0.031250
0 0.585938 0.879687 0.028125 0.028125
0 0.204687 0.865625 0.028125 0.031250
0 0.028125 0.525000 0.031250 0.031250
0 0.245312 0.378125 0.028125 0.031250
0 0.146875 0.378125 0.031250 0.031250
0 0.665625 0.603125 0.031250 0.031250
0 0.271875 0.568750 0.031250 0.031250
0 0.179688 0.610938 0.028125 0.028125
0 0.276562 0.443750 0.028125 0.031250
0 0.298438 0.717187 0.028125 0.028125
0 0.767188 0.735938 0.028125 0.028125
0 0.554688 0.701562 0.028125 0.028125
0 0.821875 0.881250 0.031250 0.031250
0 0.465625 0.523438 0.031250 0.028125
0 0.556250 0.767188 0.031250 0.028125
0 0.356250 0.845313 0.031250 0.028125
0 0.582812 0.717187 0.028125 0.028125
0 0.439063 0.503125 0.028125 0.031250
0 0.240625 0.714063 0.031250 0.028125
0 0.465625 0.384375 0.031250 0.031250
0 0.325000 0.831250 0.031250 0.031250
0 0.473438 0.914062 0.028125 0.028125
0 0.196875 0.350000 0.031250 0.031250
0 0.639062 0.748437 0.028125 0.028125
0 0.160938 0.579688 0.028125 0.028125
0 0.500000 0.425000 0.031250 0.031250
0 0.323437 0.632812 0.028125 0.028125
0 0.631250 0.553125 0.031250 0.031250
0 0.084375 0.610938 0.031250 0.028125
0 0.062500 0.925000 0.031250 0.031250
0 0.326562 0.732812 0.028125 0.028125
0 0.667188 0.764062 0.028125 0.028125
0 0.082812 0.725000 0.028125 0.031250
0 0.129688 0.348438 0.034375 0.034375
0 0.045312 0.951562 0.028125 0.028125
0 0.442188 0.798438 0.028125 0.028125
0 0.354687 0.421875 0.028125 0.031250
0 0.776563 0.767188 0.028125 0.028125
0 0.229687 0.350000 0.034375 0.031250
0 0.467187 0.651563 0.028125 0.028125
0 0.242188 0.554688 0.028125 0.028125
0 0.439063 0.470313 0.028125 0.028125
0 0.065625 0.696875 0.031250 0.031250
0 0.556250 0.460938 0.031250 0.028125
0 0.329688 0.862500 0.028125 0.031250
0 0.790625 0.959375 0.031250 0.031250
0 0.295312 0.685937 0.028125 0.028125
0 0.554688 0.492188 0.028125 0.028125
0 0.117188 0.667188 0.028125 0.028125
0 0.065625 0.348438 0.031250 0.034375
0 0.500000 0.459375 0.031250 0.031250
0 0.343750 0.384375 0.031250 0.031250
0 0.781250 0.798438 0.031250 0.028125
0 0.671875 0.571875 0.031250 0.031250
0 0.520312 0.617188 0.028125 0.028125
0 0.050000 0.553125 0.031250 0.031250
0 0.262500 0.350000 0.031250 0.031250
0 0.731250 0.962500 0.031250 0.031250
0 0.520312 0.585938 0.028125 0.028125
0 0.179688 0.493750 0.028125 0.031250
0 0.375000 0.395313 0.031250 0.034375
0 0.064062 0.467187 0.028125 0.028125
0 0.385937 0.767188 0.028125 0.028125
0 0.181250 0.667188 0.031250 0.028125
0 0.143750 0.893750 0.031250 0.031250
0 0.529687 0.476562 0.028125 0.028125
0 0.500000 0.487500 0.031250 0.031250
0 0.548438 0.604688 0.028125 0.028125
0 0.351562 0.551562 0.028125 0.028125
0 0.296875 0.814063 0.031250 0.028125
0 0.406250 0.390625 0.031250 0.031250
0 0.098437 0.348438 0.034375 0.034375
0 0.639062 0.814063 0.028125 0.028125
0 0.298438 0.585938 0.028125 0.028125
0 0.351562 0.651563 0.028125 0.028125
0 0.148438 0.667188 0.028125 0.028125
0 0.471875 0.881250 0.031250 0.031250
0 0.407813 0.585938 0.028125 0.028125
0 0.162500 0.350000 0.031250 0.031250
0 0.145313 0.495312 0.028125 0.028125
0 0.618750 0.960938 0.031250 0.028125
0 0.260937 0.409375 0.028125 0.031250
0 0.076563 0.954688 0.028125 0.028125
0 0.328125 0.353125 0.031250 0.031250
0 0.270313 0.632812 0.028125 0.028125
0 0.492188 0.639062 0.028125 0.028125
0 0.045312 0.498437 0.028125 0.028125
0 0.050000 0.667188 0.031250 0.028125
0 0.292187 0.414062 0.028125 0.028125
0 0.354687 0.814063 0.028125 0.028125
0 0.237500 0.845313 0.031250 0.028125
0 0.353125 0.717187 0.031250 0.028125
0 0.585938 0.910937 0.028125 0.028125
0 0.434375 0.371875 0.031250 0.031250
0 0.704688 0.978125 0.028125 0.031250
0 0.754687 0.706250 0.028125 0.031250
0 0.407813 0.554688 0.028125 0.028125
0 0.295312 0.748437 0.028125 0.028125
0 0.159375 0.923438 0.031250 0.028125
0 0.065625 0.581250 0.031250 0.031250
0 0.062500 0.525000 0.031250 0.031250
0 0.414062 0.814063 0.028125 0.028125
0 0.675000 0.960938 0.031250 0.028125
0 0.750000 0.781250 0.031250 0.031250
0 0.164062 0.525000 0.028125 0.031250
0 0.293750 0.351562 0.031250 0.034375
0 0.490625 0.546875 0.031250 0.031250
0 0.678125 0.521875 0.031250 0.031250
0 0.657813 0.501563 0.028125 0.028125
0 0.385937 0.829688 0.028125 0.028125
0 0.326562 0.535937 0.028125 0.028125
0 0.050000 0.723437 0.031250 0.028125
0 0.237500 0.650000 0.031250 0.031250
0 0.326562 0.603125 0.028125 0.025000
0 0.029687 0.467187 0.028125 0.028125
0 0.526563 0.409375 0.028125 0.031250
0 0.034375 0.695312 0.031250 0.028125
0 0.032813 0.346875 0.034375 0.037500
0 0.409375 0.520312 0.031250 0.028125
0 0.496875 0.393750 0.031250 0.031250
0 0.329688 0.896875 0.028125 0.031250
0 0.657813 0.543750 0.028125 0.031250
0 0.728125 0.831250 0.031250 0.031250
0 0.584375 0.443750 0.031250 0.031250
0 0.787500 0.709375 0.031250 0.031250
0 0.776563 0.681250 0.028125 0.031250
0 0.096875 0.865625 0.031250 0.031250
0 0.746875 0.625000 0.031250 0.031250
0 0.609375 0.460938 0.031250 0.034375
0 0.029687 0.926562 0.028125 0.028125
0 0.695312 0.595313 0.028125 0.028125
0 0.351562 0.620313 0.028125 0.028125
0 0.796875 0.742188 0.031250 0.034375
0 0.695312 0.548438 0.028125 0.028125
0 0.762500 0.653125 0.031250 0.031250
0 0.171875 0.953125 0.031250 0.031250
0 0.806250 0.781250 0.031250 0.031250
0 0.673438 0.928125 0.028125 0.031250
0 0.504687 0.960938 0.028125 0.028125
0 0.300000 0.876563 0.031250 0.028125
0 0.017188 0.378125 0.028125 0.031250
0 0.476562 0.945312 0.028125 0.028125
0 0.356250 0.878125 0.031250 0.031250
0 0.296875 0.850000 0.031250 0.031250
0 0.114062 0.839063 0.028125 0.028125
0 0.610938 0.764062 0.028125 0.028125
0 0.298438 0.651563 0.028125 0.028125
0 0.556250 0.425000 0.031250 0.031250
0 0.017188 0.609375 0.028125 0.031250
0 0.528125 0.978125 0.031250 0.031250
0 0.704688 0.945312 0.028125 0.028125
0 0.642188 0.878125 0.028125 0.031250
0 0.015625 0.954688 0.025000 0.028125
