0 0.760938 0.093750 0.028125 0.031250
0 0.703125 0.796875 0.031250 0.031250
0 0.764062 0.326562 0.028125 0.028125
0 0.614062 0.845313 0.028125 0.028125
0 0.646875 0.093750 0.031250 0.031250
0 0.789062 0.845313 0.028125 0.028125
0 0.787500 0.643750 0.031250 0.031250
0 0.728125 0.878125 0.031250 0.031250
0 0.501563 0.875000 0.028125 0.031250
0 0.701562 0.762500 0.028125 0.031250
0 0.732812 0.078125 0.028125 0.031250
0 0.093750 0.132812 0.031250 0.028125
0 0.671875 0.812500 0.031250 0.031250
0 0.760938 0.126562 0.028125 0.028125
0 0.570312 0.890625 0.034375 0.031250
0 0.560937 0.142187 0.034375 0.034375
0 0.473438 0.857812 0.028125 0.028125
0 0.614062 0.812500 0.028125 0.031250
0 0.528125 0.859375 0.031250 0.031250
0 0.731250 0.110937 0.031250 0.028125
0 0.615625 0.937500 0.031250 0.031250
0 0.643750 0.826562 0.031250 0.028125
0 0.729688 0.910937 0.028125 0.028125
0 0.734375 0.376563 0.031250 0.028125
0 0.673438 0.845313 0.028125 0.028125
0 0.785937 0.878125 0.028125 0.031250
0 0.790625 0.345313 0.031250 0.028125
0 0.818750 0.562500 0.031250 0.031250
0 0.787500 0.543750 0.031250 0.031250
0 0.620313 0.176563 0.028125 0.028125
0 0.071875 0.848437 0.031250 0.028125
0 0.757812 0.860938 0.028125 0.028125
0 0.815625 0.862500 0.031250 0.031250
0 0.620313 0.142187 0.028125 0.028125
0 0.587500 0.862500 0.031250 0.031250
0 0.764062 0.060937 0.028125 0.028125
0 0.620313 0.273438 0.028125 0.028125
0 0.584375 0.953125 0.031250 0.031250
0 0.706250 0.359375 0.031250 0.031250
0 0.614062 0.879687 0.028125 0.028125
0 0.593750 0.126562 0.031250 0.028125
0 0.787500 0.578125 0.031250 0.031250
0 0.734375 0.643750 0.031250 0.031250
0 0.615625 0.075000 0.031250 0.031250
0 0.734375 0.309375 0.031250 0.031250
0 0.359375 0.917188 0.031250 0.028125
0 0.154688 0.185938 0.028125 0.028125
0 0.537500 0.921875 0.031250 0.031250
0 0.473438 0.889062 0.028125 0.028125
0 0.701562 0.860938 0.028125 0.028125
0 0.650000 0.125000 0.031250 0.031250
0 0.620313 0.242188 0.028125 0.028125
0 0.759375 0.893750 0.031250 0.031250
0 0.557813 0.045312 0.028125 0.028125
0 0.564063 0.371875 0.028125 0.031250
0 0.529687 0.060937 0.028125 0.028125
0 0.671875 0.975000 0.031250 0.031250
0 0.757812 0.828125 0.028125 0.031250
0 0.701562 0.829688 0.028125 0.028125
0 0.059375 0.190625 0.031250 0.031250
0 0.760938 0.360938 0.028125 0.028125
0 0.592187 0.226562 0.028125 0.028125
0 0.031250 0.132812 0.031250 0.028125
0 0.760938 0.626563 0.028125 0.028125
0 0.785937 0.814063 0.028125 0.028125
0 0.507812 0.306250 0.028125 0.031250
0 0.620313 0.110937 0.028125 0.028125
0 0.757812 0.796875 0.028125 0.031250
0 0.506250 0.906250 0.031250 0.031250
0 0.560937 0.076563 0.028125 0.028125
0 0.568750 0.923438 0.031250 0.034375
0 0.706250 0.326562 0.031250 0.028125
0 0.821875 0.362500 0.031250 0.031250
0 0.445312 0.873437 0.028125 0.028125
0 0.820312 0.329688 0.034375 0.034375
0 0.790625 0.110937 0.031250 0.028125
0 0.535937 0.357812 0.028125 0.028125
0 0.790625 0.078125 0.031250 0.031250
0 0.643750 0.795312 0.031250 0.028125
0 0.446875 0.937500 0.031250 0.031250
0 0.559375 0.845313 0.031250 0.028125
0 0.593750 0.159375 0.031250 0.031250
0 0.059375 0.912500 0.031250 0.031250
0 0.107813 0.160938 0.028125 0.028125
0 0.592187 0.259375 0.028125 0.031250
0 0.592187 0.357812 0.028125 0.028125
0 0.704688 0.159375 0.028125 0.031250
0 0.818750 0.593750 0.031250 0.031250
0 0.787500 0.143750 0.031250 0.031250
0 0.818750 0.765625 0.031250 0.031250
0 0.189062 0.882812 0.028125 0.028125
0 0.764062 0.393750 0.028125 0.031250
0 0.818750 0.798438 0.031250 0.028125
0 0.706250 0.292187 0.031250 0.028125
0 0.529687 0.093750 0.028125 0.031250
0 0.479687 0.357812 0.028125 0.028125
0 0.389062 0.935937 0.028125 0.028125
0 0.535937 0.890625 0.028125 0.031250
0 0.729688 0.779687 0.028125 0.028125
0 0.701562 0.893750 0.028125 0.031250
0 0.046875 0.878125 0.031250 0.031250
0 0.592187 0.323437 0.028125 0.028125
0 0.728125 0.845313 0.031250 0.028125
0 0.139063 0.103125 0.028125 0.031250
0 0.615625 0.745313 0.031250 0.028125
0 0.564063 0.307812 0.028125 0.028125
0 0.676562 0.175000 0.028125 0.031250
0 0.785937 0.910937 0.028125 0.028125
0 0.585938 0.764062 0.028125 0.028125
0 0.507812 0.339062 0.028125 0.028125
0 0.329688 0.965625 0.028125 0.031250
0 0.704688 0.093750 0.028125 0.031250
0 0.703125 0.126562 0.031250 0.028125
0 0.760938 0.526563 0.028125 0.028125
0 0.762500 0.493750 0.031250 0.031250
0 0.734375 0.409375 0.031250 0.031250
0 0.445312 0.839063 0.028125 0.028125
0 0.414062 0.951562 0.028125 0.028125
0 0.075000 0.251563 0.031250 0.034375
0 0.092188 0.189062 0.028125 0.028125
0 0.046875 0.268750 0.031250 0.031250
0 0.821875 0.526563 0.031250 0.034375
0 0.123438 0.189062 0.028125 0.028125
0 0.642188 0.059375 0.028125 0.031250
0 0.671875 0.778125 0.031250 0.031250
0 0.564063 0.210938 0.028125 0.028125
0 0.184375 0.189062 0.031250 0.028125
0 0.479687 0.323437 0.028125 0.028125
0 0.675000 0.142187 0.031250 0.028125
0 0.787500 0.745313 0.031250 0.028125
0 0.159375 0.803125 0.031250 0.031250
0 0.075000 0.159375 0.031250 0.031250
0 0.503125 0.076563 0.031250 0.028125
0 0.587500 0.826562 0.031250 0.028125
0 0.031250 0.939063 0.031250 0.034375
0 0.593750 0.195312 0.031250 0.028125
0 0.650000 0.157812 0.031250 0.028125
0 0.789062 0.610938 0.028125 0.028125
0 0.790625 0.043750 0.031250 0.031250
0 0.137500 0.159375 0.031250 0.031250
0 0.159375 0.898438 0.031250 0.028125
0 0.095312 0.073438 0.028125 0.028125
0 0.215625 0.835938 0.031250 0.028125
0 0.818750 0.662500 0.031250 0.031250
0 0.642188 0.959375 0.028125 0.031250
0 0.787500 0.443750 0.031250 0.031250
0 0.818750 0.828125 0.031250 0.031250
0 0.451562 0.373437 0.028125 0.028125
0 0.614062 0.779687 0.028125 0.028125
0 0.645312 0.764062 0.028125 0.028125
0 0.784375 0.943750 0.031250 0.031250
0 0.392188 0.207813 0.028125 0.028125
0 0.168750 0.215625 0.031250 0.031250
0 0.560937 0.106250 0.028125 0.031250
0 0.442188 0.904687 0.028125 0.028125
0 0.592187 0.292187 0.028125 0.028125
0 0.815625 0.700000 0.031250 0.031250
0 0.648438 0.190625 0.028125 0.031250
0 0.587500 0.059375 0.031250 0.031250
0 0.646875 0.259375 0.031250 0.031250
0 0.734375 0.343750 0.031250 0.031250
0 0.759375 0.593750 0.031250 0.031250
0 0.587500 0.095312 0.031250 0.028125
0 0.392188 0.143750 0.028125 0.031250
0 0.592187 0.454688 0.028125 0.028125
0 0.734375 0.478125 0.031250 0.031250
0 0.818750 0.896875 0.031250 0.031250
0 0.567187 0.339062 0.028125 0.028125
0 0.501563 0.043750 0.028125 0.031250
0 0.028125 0.075000 0.031250 0.031250
0 0.392188 0.175000 0.028125 0.031250
0 0.101562 0.837500 0.028125 0.031250
0 0.535937 0.289062 0.028125 0.028125
0 0.818750 0.628125 0.031250 0.031250
0 0.242188 0.917188 0.028125 0.028125
0 0.592187 0.389062 0.028125 0.028125
0 0.818750 0.731250 0.031250 0.031250
0 0.787500 0.678125 0.031250 0.031250
0 0.139063 0.217188 0.028125 0.028125
0 0.789062 0.781250 0.028125 0.031250
0 0.815625 0.928125 0.031250 0.031250
0 0.759375 0.660937 0.031250 0.028125
0 0.701562 0.956250 0.028125 0.031250
0 0.562500 0.178125 0.031250 0.031250
0 0.729688 0.814063 0.028125 0.028125
0 0.476562 0.126562 0.028125 0.028125
0 0.479687 0.389062 0.028125 0.028125
0 0.185938 0.848437 0.028125 0.028125
0 0.417187 0.889062 0.028125 0.028125
0 0.704688 0.259375 0.028125 0.031250
0 0.673438 0.909375 0.028125 0.031250
0 0.032813 0.971875 0.034375 0.031250
0 0.129688 0.820312 0.028125 0.028125
0 0.043750 0.225000 0.031250 0.031250
0 0.420312 0.389062 0.028125 0.028125
0 0.476562 0.223438 0.028125 0.028125
0 0.329688 0.932813 0.028125 0.028125
0 0.535937 0.323437 0.028125 0.028125
0 0.473438 0.060937 0.028125 0.028125
0 0.395313 0.339062 0.028125 0.028125
0 0.507812 0.373437 0.028125 0.028125
0 0.645312 0.857812 0.028125 0.028125
0 0.731250 0.173437 0.031250 0.028125
0 0.703125 0.193750 0.031250 0.031250
0 0.362500 0.159375 0.031250 0.031250
0 0.704688 0.225000 0.028125 0.031250
0 0.117188 0.945312 0.028125 0.028125
0 0.792188 0.478125 0.028125 0.031250
0 0.612500 0.971875 0.031250 0.031250
0 0.110937 0.103125 0.028125 0.031250
0 0.592187 0.420312 0.028125 0.028125
0 0.123438 0.129688 0.028125 0.028125
0 0.393750 0.373437 0.025000 0.028125
0 0.417187 0.854688 0.028125 0.028125
0 0.389062 0.901563 0.028125 0.028125
0 0.046875 0.103125 0.031250 0.031250
0 0.731250 0.043750 0.031250 0.031250
0 0.126562 0.073438 0.028125 0.028125
0 0.367188 0.354687 0.028125 0.028125
0 0.178125 0.943750 0.031250 0.031250
0 0.759375 0.559375 0.031250 0.031250
0 0.564063 0.406250 0.028125 0.031250
0 0.157812 0.132812 0.028125 0.028125
0 0.073438 0.220312 0.028125 0.028125
0 0.759375 0.762500 0.031250 0.031250
0 0.762500 0.460938 0.031250 0.028125
0 0.673438 0.745313 0.028125 0.028125
0 0.589063 0.487500 0.028125 0.031250
0 0.103125 0.771875 0.031250 0.031250
0 0.062500 0.075000 0.031250 0.031250
0 0.367188 0.323437 0.028125 0.028125
0 0.393750 0.242188 0.031250 0.028125
0 0.600000 0.907813 0.031250 0.028125
0 0.473438 0.823438 0.028125 0.028125
0 0.535937 0.389062 0.028125 0.028125
0 0.185938 0.915625 0.028125 0.031250
0 0.115625 0.914062 0.031250 0.034375
0 0.215625 0.932813 0.031250 0.028125
0 0.448437 0.207813 0.028125 0.028125
0 0.678125 0.110937 0.031250 0.028125
0 0.764062 0.426563 0.028125 0.028125
0 0.423438 0.323437 0.028125 0.028125
0 0.790625 0.309375 0.031250 0.031250
0 0.025000 0.907813 0.031250 0.034375
0 0.676562 0.340625 0.028125 0.031250
0 0.128125 0.789062 0.031250 0.028125
0 0.615625 0.043750 0.031250 0.031250
0 0.756250 0.959375 0.031250 0.031250
0 0.332813 0.901563 0.028125 0.028125
0 0.101562 0.804688 0.028125 0.028125
0 0.479687 0.290625 0.028125 0.031250
0 0.734375 0.275000 0.031250 0.031250
0 0.676562 0.275000 0.028125 0.031250
0 0.731250 0.207813 0.031250 0.028125
0 0.423438 0.354687 0.028125 0.028125
0 0.023438 0.248438 0.028125 0.028125
0 0.620313 0.307812 0.028125 0.028125
0 0.790625 0.378125 0.031250 0.031250
0 0.300000 0.915625 0.031250 0.031250
0 0.620313 0.342187 0.028125 0.028125
0 0.443750 0.968750 0.031250 0.031250
0 0.676562 0.207813 0.028125 0.028125
0 0.471875 0.031250 0.031250 0.031250
0 0.090625 0.965625 0.031250 0.031250
0 0.785937 0.714063 0.028125 0.028125
0 0.818750 0.493750 0.031250 0.031250
0 0.728125 0.942187 0.031250 0.028125
0 0.160938 0.867188 0.028125 0.028125
0 0.060937 0.129688 0.028125 0.028125
0 0.731250 0.240625 0.031250 0.031250
0 0.421875 0.223438 0.031250 0.028125
0 0.357812 0.948438 0.028125 0.028125
0 0.062500 0.950000 0.031250 0.031250
0 0.557813 0.965625 0.028125 0.031250
0 0.501563 0.935937 0.028125 0.028125
0 0.818750 0.462500 0.031250 0.031250
0 0.734375 0.443750 0.031250 0.031250
0 0.818750 0.068750 0.031250 0.031250
0 0.584375 0.028125 0.031250 0.031250
0 0.395313 0.307812 0.028125 0.028125
0 0.478125 0.257812 0.031250 0.028125
0 0.129688 0.850000 0.028125 0.031250
0 0.146875 0.928125 0.031250 0.031250
0 0.385937 0.967187 0.028125 0.028125
0 0.068750 0.815625 0.031250 0.031250
0 0.759375 0.028125 0.031250 0.031250
0 0.362500 0.190625 0.031250 0.031250
0 0.701562 0.926562 0.028125 0.028125
0 0.562500 0.439063 0.031250 0.028125
0 0.476562 0.093750 0.028125 0.031250
0 0.670312 0.942187 0.028125 0.028125
0 0.106250 0.218750 0.031250 0.031250
0 0.451562 0.404687 0.028125 0.028125
0 0.729688 0.748437 0.028125 0.028125
0 0.732812 0.610938 0.028125 0.028125
0 0.446875 0.175000 0.031250 0.031250
0 0.643750 0.925000 0.031250 0.031250
0 0.364063 0.223438 0.028125 0.028125
0 0.087500 0.931250 0.031250 0.031250
0 0.564063 0.273438 0.028125 0.028125
0 0.528125 0.028125 0.031250 0.031250
0 0.759375 0.157812 0.031250 0.028125
0 0.792188 0.510938 0.028125 0.028125
0 0.451562 0.242188 0.028125 0.028125
0 0.421875 0.159375 0.031250 0.031250
0 0.734375 0.510938 0.031250 0.028125
0 0.815625 0.960938 0.031250 0.034375
0 0.507812 0.242188 0.028125 0.028125
0 0.760938 0.292187 0.028125 0.028125
0 0.078125 0.103125 0.031250 0.031250
0 0.501563 0.107813 0.028125 0.028125
0 0.620313 0.373437 0.028125 0.028125
0 0.185938 0.820312 0.028125 0.028125
0 0.356250 0.884375 0.031250 0.031250
0 0.415625 0.920312 0.025000 0.028125
0 0.473438 0.951562 0.028125 0.028125
0 0.046875 0.740625 0.031250 0.031250
0 0.818750 0.396875 0.031250 0.031250
0 0.043750 0.160938 0.031250 0.028125
0 0.112500 0.043750 0.031250 0.031250
0 0.732812 0.576562 0.028125 0.028125
0 0.445312 0.145313 0.028125 0.028125
0 0.528125 0.954688 0.031250 0.028125
0 0.676562 0.243750 0.028125 0.031250
0 0.217188 0.900000 0.028125 0.031250
0 0.045312 0.301563 0.028125 0.028125
0 0.143750 0.043750 0.031250 0.031250
0 0.146875 0.959375 0.031250 0.031250
0 0.337500 0.207813 0.031250 0.028125
0 0.157812 0.835938 0.028125 0.028125
0 0.273438 0.962500 0.028125 0.031250
0 0.189062 0.129688 0.028125 0.028125
0 0.242188 0.948438 0.028125 0.028125
0 0.535937 0.226562 0.028125 0.028125
0 0.559375 0.745313 0.025000 0.028125
0 0.500000 0.970313 0.031250 0.028125
0 0.706250 0.525000 0.031250 0.031250
0 0.271875 0.903125 0.031250 0.031250
0 0.623437 0.207813 0.028125 0.028125
0 0.646875 0.892188 0.031250 0.028125
0 0.300000 0.948438 0.031250 0.028125
0 0.507812 0.273438 0.028125 0.028125
0 0.471875 0.920312 0.031250 0.028125
0 0.704688 0.629687 0.028125 0.028125
0 0.757812 0.926562 0.028125 0.028125
0 0.728125 0.975000 0.031250 0.031250
0 0.501563 0.842187 0.028125 0.028125
0 0.704688 0.664062 0.028125 0.028125
0 0.618750 0.504687 0.031250 0.028125
0 0.648438 0.359375 0.028125 0.031250
0 0.178125 0.978125 0.031250 0.031250
0 0.120313 0.978125 0.028125 0.031250
0 0.121875 0.245312 0.031250 0.028125
0 0.700000 0.729688 0.031250 0.028125
0 0.451562 0.339062 0.028125 0.028125
0 0.132812 0.882812 0.028125 0.028125
0 0.207813 0.962500 0.034375 0.031250
0 0.173437 0.101562 0.028125 0.028125
0 0.335938 0.306250 0.028125 0.031250
0 0.589063 0.729688 0.028125 0.028125
0 0.157812 0.771875 0.028125 0.031250
0 0.564063 0.243750 0.028125 0.025000
0 0.790625 0.410938 0.031250 0.028125
0 0.507812 0.207813 0.028125 0.028125
0 0.301563 0.976562 0.028125 0.028125
0 0.704688 0.392188 0.028125 0.028125
0 0.071875 0.285938 0.031250 0.028125
0 0.015625 0.281250 0.031250 0.031250
0 0.335938 0.273438 0.028125 0.028125
0 0.420312 0.192188 0.028125 0.028125
0 0.157812 0.073438 0.028125 0.028125
0 0.184375 0.246875 0.031250 0.031250
0 0.335938 0.176563 0.028125 0.028125
0 0.507812 0.404687 0.028125 0.028125
0 0.818750 0.428125 0.031250 0.031250
0 0.734375 0.543750 0.031250 0.031250
0 0.243750 0.820312 0.031250 0.028125
0 0.475000 0.159375 0.031250 0.031250
0 0.242188 0.882812 0.028125 0.028125
0 0.028125 0.187500 0.031250 0.031250
0 0.021875 0.856250 0.031250 0.031250
0 0.784375 0.978125 0.031250 0.031250
0 0.451562 0.306250 0.028125 0.031250
0 0.648438 0.223438 0.028125 0.028125
0 0.173437 0.160938 0.028125 0.028125
0 0.671875 0.075000 0.031250 0.031250
0 0.242188 0.851562 0.028125 0.028125
0 0.335938 0.339062 0.028125 0.028125
0 0.476562 0.192188 0.028125 0.028125
0 0.364063 0.289062 0.028125 0.028125
0 0.217188 0.868750 0.028125 0.031250
0 0.670312 0.878125 0.028125 0.031250
0 0.215625 0.803125 0.031250 0.031250
0 0.732812 0.142187 0.028125 0.028125
0 0.446875 0.807813 0.031250 0.028125
0 0.021875 0.759375 0.031250 0.031250
0 0.309375 0.193750 0.031250 0.031250
0 0.820312 0.029687 0.034375 0.034375
0 0.560937 0.471875 0.028125 0.031250
0 0.364063 0.257812 0.028125 0.028125
0 0.703125 0.593750 0.031250 0.031250
0 0.104688 0.867188 0.028125 0.028125
0 0.704688 0.425000 0.028125 0.031250
0 0.301563 0.884375 0.028125 0.031250
0 0.582812 0.795312 0.028125 0.028125
0 0.820312 0.117188 0.034375 0.034375
0 0.645312 0.729688 0.028125 0.028125
0 0.706250 0.492188 0.031250 0.028125
0 0.420312 0.420312 0.028125 0.028125
0 0.445312 0.045312 0.028125 0.028125
0 0.528125 0.826562 0.025000 0.028125
0 0.359375 0.062500 0.031250 0.031250
0 0.535937 0.420312 0.028125 0.028125
0 0.201563 0.159375 0.028125 0.031250
0 0.050000 0.775000 0.031250 0.031250
0 0.129688 0.751563 0.028125 0.028125
0 0.096875 0.017188 0.031250 0.028125
0 0.151562 0.245312 0.028125 0.028125
0 0.703125 0.562500 0.031250 0.031250
0 0.131250 0.018750 0.031250 0.031250
0 0.075000 0.756250 0.031250 0.031250
0 0.018750 0.318750 0.031250 0.031250
0 0.417187 0.820312 0.028125 0.028125
0 0.015625 0.104688 0.031250 0.028125
0 0.078125 0.881250 0.031250 0.031250
0 0.670312 0.714063 0.028125 0.028125
0 0.534375 0.190625 0.031250 0.031250
0 0.217188 0.129688 0.028125 0.028125
0 0.562500 0.712500 0.031250 0.031250
0 0.329688 0.043750 0.028125 0.031250
0 0.162500 0.271875 0.031250 0.031250
