0 0.753125 0.737500 0.031250 0.031250
0 0.765625 0.204687 0.031250 0.028125
0 0.089063 0.734375 0.028125 0.031250
0 0.773438 0.165625 0.034375 0.031250
0 0.321875 0.912500 0.031250 0.031250
0 0.117188 0.685937 0.028125 0.028125
0 0.737500 0.225000 0.031250 0.031250
0 0.182812 0.245312 0.028125 0.028125
0 0.479687 0.842187 0.028125 0.028125
0 0.129688 0.212500 0.028125 0.031250
0 0.268750 0.201563 0.031250 0.028125
0 0.350000 0.150000 0.031250 0.031250
0 0.089063 0.829688 0.028125 0.028125
0 0.089063 0.764062 0.028125 0.028125
0 0.243750 0.940625 0.031250 0.031250
0 0.210938 0.295312 0.028125 0.028125
0 0.451562 0.920312 0.028125 0.028125
0 0.173437 0.562500 0.028125 0.031250
0 0.118750 0.784375 0.031250 0.031250
0 0.704688 0.864062 0.028125 0.028125
0 0.117188 0.720313 0.028125 0.028125
0 0.068750 0.225000 0.031250 0.031250
0 0.123438 0.167187 0.028125 0.028125
0 0.451562 0.889062 0.028125 0.028125
0 0.451562 0.856250 0.028125 0.031250
0 0.729688 0.879687 0.028125 0.028125
0 0.181250 0.279687 0.025000 0.028125
0 0.239063 0.217188 0.028125 0.028125
0 0.660937 0.140625 0.028125 0.031250
0 0.339062 0.885938 0.028125 0.028125
0 0.559375 0.864062 0.031250 0.028125
0 0.173437 0.882812 0.028125 0.028125
0 0.534375 0.848437 0.031250 0.028125
0 0.304688 0.945312 0.028125 0.028125
0 0.729688 0.914062 0.028125 0.028125
0 0.426563 0.839063 0.028125 0.028125
0 0.592187 0.118750 0.028125 0.031250
0 0.273438 0.942187 0.028125 0.028125
0 0.193750 0.518750 0.031250 0.031250
0 0.646875 0.112500 0.031250 0.031250
0 0.692187 0.185938 0.028125 0.028125
0 0.557813 0.929688 0.028125 0.028125
0 0.081250 0.253125 0.031250 0.031250
0 0.060937 0.810937 0.028125 0.028125
0 0.259375 0.907813 0.031250 0.028125
0 0.034375 0.829688 0.031250 0.028125
0 0.226562 0.914062 0.028125 0.028125
0 0.229687 0.851562 0.028125 0.028125
0 0.785937 0.784375 0.028125 0.031250
0 0.367188 0.868750 0.028125 0.031250
0 0.645312 0.853125 0.028125 0.031250
0 0.118750 0.751563 0.031250 0.028125
0 0.189062 0.114062 0.028125 0.028125
0 0.084375 0.425000 0.031250 0.031250
0 0.676562 0.239063 0.028125 0.028125
0 0.617188 0.868750 0.028125 0.031250
0 0.060937 0.164062 0.028125 0.028125
0 0.206250 0.331250 0.031250 0.031250
0 0.560937 0.895312 0.028125 0.028125
0 0.148438 0.609375 0.028125 0.031250
0 0.395313 0.821875 0.028125 0.031250
0 0.089063 0.701562 0.028125 0.028125
0 0.756250 0.768750 0.031250 0.031250
0 0.695312 0.267188 0.028125 0.028125
0 0.676562 0.848437 0.028125 0.028125
0 0.554688 0.960938 0.034375 0.034375
0 0.048438 0.248438 0.028125 0.028125
0 0.670312 0.207813 0.028125 0.028125
0 0.085938 0.585938 0.028125 0.028125
0 0.207813 0.940625 0.028125 0.031250
0 0.704688 0.801562 0.028125 0.028125
0 0.346875 0.050000 0.031250 0.031250
0 0.060937 0.779687 0.028125 0.028125
0 0.535937 0.785937 0.028125 0.028125
0 0.164062 0.528125 0.028125 0.031250
0 0.062500 0.051562 0.031250 0.028125
0 0.590625 0.817187 0.031250 0.028125
0 0.617188 0.100000 0.028125 0.031250
0 0.812500 0.768750 0.031250 0.031250
0 0.118750 0.592187 0.031250 0.028125
0 0.664062 0.170313 0.028125 0.028125
0 0.290625 0.971875 0.031250 0.031250
0 0.104688 0.195312 0.028125 0.028125
0 0.173437 0.817187 0.028125 0.028125
0 0.317188 0.051562 0.028125 0.028125
0 0.239063 0.248438 0.028125 0.028125
0 0.256250 0.971875 0.031250 0.031250
0 0.193750 0.909375 0.031250 0.031250
0 0.729688 0.784375 0.028125 0.031250
0 0.453125 0.823438 0.031250 0.028125
0 0.479687 0.810937 0.028125 0.028125
0 0.476562 0.904687 0.028125 0.028125
0 0.120313 0.626563 0.028125 0.028125
0 0.117188 0.340625 0.028125 0.031250
0 0.350000 0.112500 0.031250 0.031250
0 0.157812 0.114062 0.028125 0.028125
0 0.237500 0.146875 0.031250 0.031250
0 0.475000 0.943750 0.031250 0.031250
0 0.096875 0.364063 0.031250 0.028125
0 0.110937 0.564063 0.028125 0.028125
0 0.759375 0.862500 0.031250 0.031250
0 0.814063 0.350000 0.040625 0.037500
0 0.204687 0.085938 0.028125 0.028125
0 0.720313 0.198437 0.028125 0.028125
0 0.559375 0.075000 0.031250 0.031250
0 0.237500 0.082812 0.031250 0.028125
0 0.079687 0.554688 0.028125 0.028125
0 0.393750 0.884375 0.031250 0.031250
0 0.059375 0.750000 0.031250 0.031250
0 0.717187 0.245312 0.028125 0.028125
0 0.125000 0.376563 0.031250 0.028125
0 0.784375 0.751563 0.031250 0.028125
0 0.351562 0.923438 0.028125 0.028125
0 0.367188 0.835938 0.028125 0.028125
0 0.210938 0.232813 0.028125 0.028125
0 0.092188 0.282813 0.028125 0.028125
0 0.148438 0.704688 0.028125 0.028125
0 0.520312 0.020313 0.028125 0.028125
0 0.476562 0.873437 0.028125 0.028125
0 0.390625 0.923438 0.031250 0.028125
0 0.756250 0.284375 0.031250 0.031250
0 0.145313 0.832812 0.028125 0.028125
0 0.026562 0.164062 0.028125 0.028125
0 0.818750 0.178125 0.031250 0.031250
0 0.501563 0.926562 0.028125 0.028125
0 0.504687 0.893750 0.028125 0.031250
0 0.367188 0.804688 0.028125 0.028125
0 0.507812 0.829688 0.028125 0.028125
0 0.145313 0.673438 0.028125 0.028125
0 0.589063 0.085938 0.028125 0.028125
0 0.270313 0.082812 0.028125 0.028125
0 0.701562 0.770312 0.028125 0.028125
0 0.676562 0.882812 0.028125 0.028125
0 0.107813 0.139063 0.028125 0.028125
0 0.728125 0.751563 0.031250 0.028125
0 0.229687 0.882812 0.028125 0.028125
0 0.635938 0.157812 0.028125 0.028125
0 0.573438 0.145313 0.028125 0.028125
0 0.089063 0.860938 0.028125 0.028125
0 0.034375 0.796875 0.031250 0.031250
0 0.759375 0.832812 0.031250 0.028125
0 0.210938 0.264062 0.028125 0.028125
0 0.564063 0.104688 0.028125 0.028125
0 0.145313 0.768750 0.028125 0.031250
0 0.154688 0.260937 0.028125 0.028125
0 0.592187 0.851562 0.028125 0.028125
0 0.184375 0.181250 0.031250 0.031250
0 0.098437 0.226562 0.028125 0.028125
0 0.285938 0.054688 0.028125 0.028125
0 0.792188 0.092188 0.028125 0.028125
0 0.704688 0.832812 0.028125 0.028125
0 0.564063 0.832812 0.028125 0.028125
0 0.785937 0.721875 0.028125 0.031250
0 0.425000 0.075000 0.031250 0.031250
0 0.257812 0.868750 0.028125 0.031250
0 0.284375 0.659375 0.031250 0.031250
0 0.532813 0.879687 0.028125 0.028125
0 0.226562 0.560937 0.028125 0.028125
0 0.089063 0.796875 0.028125 0.031250
0 0.676562 0.820312 0.028125 0.028125
0 0.535937 0.815625 0.028125 0.031250
0 0.301563 0.081250 0.028125 0.031250
0 0.290625 0.915625 0.031250 0.031250
0 0.759375 0.893750 0.031250 0.031250
0 0.054688 0.442188 0.028125 0.028125
0 0.717187 0.165625 0.028125 0.025000
0 0.146875 0.578125 0.031250 0.031250
0 0.701562 0.898438 0.028125 0.028125
0 0.432812 0.134375 0.028125 0.031250
0 0.028125 0.462500 0.031250 0.031250
0 0.239063 0.185938 0.028125 0.028125
0 0.156250 0.168750 0.031250 0.031250
0 0.126562 0.245312 0.028125 0.028125
0 0.157812 0.198437 0.028125 0.028125
0 0.110937 0.082812 0.028125 0.028125
0 0.590625 0.785937 0.031250 0.028125
0 0.185938 0.214062 0.028125 0.028125
0 0.029687 0.051562 0.028125 0.028125
0 0.221875 0.112500 0.031250 0.031250
0 0.131250 0.484375 0.031250 0.031250
0 0.092188 0.640625 0.028125 0.031250
0 0.815625 0.737500 0.031250 0.031250
0 0.646875 0.821875 0.031250 0.031250
0 0.073438 0.306250 0.028125 0.031250
0 0.285938 0.885938 0.028125 0.028125
0 0.145313 0.801562 0.028125 0.028125
0 0.048438 0.407813 0.028125 0.028125
0 0.618750 0.768750 0.031250 0.031250
0 0.314063 0.675000 0.028125 0.031250
0 0.050000 0.506250 0.031250 0.031250
0 0.223438 0.968750 0.028125 0.031250
0 0.173437 0.142187 0.028125 0.028125
0 0.042188 0.932813 0.028125 0.028125
0 0.409375 0.112500 0.031250 0.031250
0 0.071875 0.392188 0.031250 0.028125
0 0.146875 0.865625 0.031250 0.031250
0 0.175000 0.689063 0.031250 0.028125
0 0.123438 0.276562 0.028125 0.028125
0 0.821875 0.209375 0.031250 0.031250
0 0.764062 0.315625 0.028125 0.031250
0 0.142187 0.139063 0.028125 0.028125
0 0.489063 0.018750 0.028125 0.031250
0 0.698438 0.075000 0.028125 0.031250
0 0.073438 0.190625 0.028125 0.031250
0 0.076563 0.137500 0.028125 0.031250
0 0.457813 0.076563 0.028125 0.028125
0 0.420312 0.901563 0.028125 0.028125
0 0.646875 0.784375 0.031250 0.031250
0 0.815625 0.706250 0.031250 0.031250
0 0.234375 0.470313 0.031250 0.028125
0 0.378125 0.167187 0.031250 0.028125
0 0.785937 0.815625 0.028125 0.031250
0 0.060937 0.276562 0.028125 0.028125
0 0.351562 0.185938 0.028125 0.028125
0 0.223438 0.406250 0.028125 0.031250
0 0.418750 0.931250 0.031250 0.031250
0 0.142187 0.401562 0.028125 0.028125
0 0.587500 0.914062 0.025000 0.028125
0 0.618750 0.835938 0.031250 0.028125
0 0.115625 0.425000 0.031250 0.031250
0 0.473438 0.048438 0.028125 0.028125
0 0.192188 0.965625 0.028125 0.031250
0 0.285938 0.692187 0.028125 0.028125
0 0.757812 0.800000 0.028125 0.031250
0 0.379688 0.050000 0.028125 0.031250
0 0.254688 0.546875 0.028125 0.031250
0 0.035937 0.700000 0.028125 0.031250
0 0.528125 0.940625 0.031250 0.031250
0 0.267188 0.139063 0.028125 0.028125
0 0.176563 0.592187 0.028125 0.028125
0 0.235937 0.345313 0.028125 0.028125
0 0.507812 0.860938 0.028125 0.028125
0 0.092188 0.165625 0.028125 0.031250
0 0.785937 0.879687 0.028125 0.028125
0 0.792188 0.125000 0.028125 0.031250
0 0.529687 0.910937 0.028125 0.028125
0 0.310937 0.870313 0.028125 0.028125
0 0.079687 0.084375 0.028125 0.031250
0 0.095312 0.054688 0.028125 0.028125
0 0.379688 0.229687 0.028125 0.028125
0 0.675000 0.789062 0.025000 0.028125
0 0.076563 0.931250 0.028125 0.031250
0 0.564063 0.801562 0.028125 0.028125
0 0.643750 0.081250 0.031250 0.031250
0 0.504687 0.048438 0.028125 0.028125
0 0.768750 0.235937 0.031250 0.028125
0 0.785937 0.910937 0.028125 0.028125
0 0.314063 0.707812 0.028125 0.028125
0 0.200000 0.578125 0.031250 0.031250
0 0.206250 0.489063 0.031250 0.028125
0 0.395313 0.076563 0.028125 0.028125
0 0.175000 0.657813 0.031250 0.028125
0 0.159375 0.498437 0.031250 0.028125
0 0.314063 0.835938 0.028125 0.028125
0 0.395313 0.789062 0.028125 0.028125
0 0.364063 0.023438 0.028125 0.028125
0 0.107813 0.309375 0.028125 0.031250
0 0.095312 0.109375 0.028125 0.031250
0 0.339062 0.851562 0.028125 0.028125
0 0.623437 0.129688 0.028125 0.028125
0 0.675000 0.292187 0.031250 0.028125
0 0.089063 0.670312 0.028125 0.028125
0 0.025000 0.595313 0.031250 0.028125
0 0.143750 0.082812 0.031250 0.028125
0 0.457813 0.020313 0.028125 0.028125
0 0.425000 0.806250 0.031250 0.031250
0 0.043750 0.134375 0.031250 0.031250
0 0.520312 0.076563 0.028125 0.028125
0 0.317188 0.106250 0.028125 0.031250
0 0.228125 0.592187 0.025000 0.028125
0 0.442188 0.954688 0.028125 0.028125
0 0.735938 0.085938 0.028125 0.028125
0 0.642188 0.917188 0.028125 0.028125
0 0.426563 0.020313 0.028125 0.028125
0 0.048438 0.081250 0.028125 0.031250
0 0.367188 0.773438 0.028125 0.028125
0 0.200000 0.835938 0.031250 0.028125
0 0.698438 0.217188 0.028125 0.028125
0 0.059375 0.906250 0.031250 0.031250
0 0.101562 0.395313 0.028125 0.028125
0 0.254688 0.056250 0.028125 0.031250
0 0.229687 0.689063 0.028125 0.028125
0 0.818750 0.143750 0.031250 0.031250
0 0.267188 0.170313 0.028125 0.028125
0 0.173437 0.754687 0.028125 0.028125
0 0.154688 0.229687 0.028125 0.028125
0 0.423438 0.870313 0.028125 0.028125
0 0.232813 0.310937 0.028125 0.028125
0 0.210938 0.201563 0.028125 0.028125
0 0.060937 0.651563 0.028125 0.028125
0 0.175000 0.851562 0.031250 0.028125
0 0.342187 0.820312 0.028125 0.028125
0 0.060937 0.717187 0.028125 0.028125
0 0.332813 0.023438 0.028125 0.028125
0 0.368750 0.742188 0.031250 0.028125
0 0.370312 0.951562 0.028125 0.028125
0 0.818750 0.109375 0.031250 0.031250
0 0.532813 0.103125 0.028125 0.031250
0 0.342187 0.721875 0.028125 0.031250
0 0.084375 0.459375 0.031250 0.031250
0 0.603125 0.154688 0.031250 0.028125
0 0.117188 0.817187 0.028125 0.028125
0 0.268750 0.026562 0.031250 0.028125
0 0.034375 0.860938 0.031250 0.028125
0 0.079687 0.521875 0.028125 0.031250
0 0.192188 0.056250 0.028125 0.031250
0 0.745313 0.181250 0.028125 0.031250
0 0.589063 0.882812 0.028125 0.028125
0 0.034375 0.667188 0.031250 0.028125
0 0.239063 0.279687 0.028125 0.028125
0 0.145313 0.737500 0.028125 0.031250
0 0.135937 0.548438 0.028125 0.028125
0 0.120313 0.454688 0.028125 0.028125
0 0.404687 0.150000 0.028125 0.031250
0 0.684375 0.121875 0.031250 0.031250
0 0.503125 0.956250 0.031250 0.031250
0 0.815625 0.803125 0.031250 0.031250
0 0.157812 0.057813 0.028125 0.028125
0 0.257812 0.676562 0.028125 0.028125
0 0.148438 0.642188 0.028125 0.028125
0 0.031250 0.276562 0.031250 0.028125
0 0.117188 0.654687 0.028125 0.028125
0 0.462500 0.145313 0.031250 0.028125
0 0.507812 0.800000 0.028125 0.031250
0 0.085938 0.335938 0.028125 0.028125
0 0.175000 0.085938 0.031250 0.028125
0 0.815625 0.515625 0.031250 0.031250
0 0.125000 0.959375 0.031250 0.031250
0 0.487500 0.076563 0.025000 0.028125
0 0.126562 0.056250 0.028125 0.031250
0 0.043750 0.303125 0.031250 0.031250
0 0.643750 0.884375 0.031250 0.031250
0 0.267188 0.232813 0.028125 0.028125
0 0.564063 0.768750 0.028125 0.031250
0 0.792188 0.192188 0.028125 0.028125
0 0.784375 0.940625 0.031250 0.031250
0 0.732812 0.846875 0.028125 0.025000
0 0.760938 0.704688 0.028125 0.028125
0 0.642188 0.746875 0.028125 0.031250
0 0.585938 0.946875 0.028125 0.031250
0 0.253125 0.110937 0.031250 0.028125
0 0.818750 0.387500 0.031250 0.031250
0 0.337500 0.951562 0.031250 0.028125
0 0.229687 0.437500 0.028125 0.031250
0 0.615625 0.731250 0.031250 0.031250
0 0.471875 0.104688 0.031250 0.028125
0 0.223438 0.531250 0.028125 0.031250
0 0.126562 0.110937 0.028125 0.028125
0 0.368750 0.707812 0.031250 0.028125
0 0.732812 0.817187 0.028125 0.028125
0 0.203125 0.737500 0.031250 0.031250
0 0.442188 0.048438 0.028125 0.028125
0 0.815625 0.418750 0.031250 0.031250
0 0.154688 0.295312 0.028125 0.028125
0 0.056250 0.585938 0.031250 0.028125
0 0.023438 0.431250 0.028125 0.031250
0 0.650000 0.257812 0.031250 0.028125
0 0.673438 0.095312 0.028125 0.028125
0 0.059375 0.959375 0.031250 0.031250
0 0.059375 0.876563 0.031250 0.028125
0 0.034375 0.765625 0.031250 0.031250
0 0.301563 0.023438 0.028125 0.028125
0 0.704688 0.300000 0.028125 0.031250
0 0.071875 0.614062 0.031250 0.028125
0 0.410938 0.048438 0.028125 0.028125
0 0.539062 0.050000 0.028125 0.031250
0 0.673438 0.910937 0.028125 0.028125
0 0.037500 0.634375 0.031250 0.031250
0 0.517188 0.146875 0.028125 0.031250
0 0.753125 0.378125 0.037500 0.037500
0 0.034375 0.220312 0.031250 0.028125
0 0.090625 0.959375 0.031250 0.031250
0 0.545312 0.129688 0.028125 0.028125
0 0.060937 0.845313 0.028125 0.028125
0 0.206250 0.139063 0.031250 0.028125
0 0.395313 0.854688 0.028125 0.028125
0 0.042188 0.190625 0.028125 0.031250
0 0.201563 0.706250 0.028125 0.031250
0 0.712500 0.135937 0.031250 0.028125
0 0.787500 0.371875 0.031250 0.031250
0 0.381250 0.104688 0.031250 0.028125
0 0.689063 0.154688 0.028125 0.028125
0 0.201563 0.673438 0.028125 0.028125
0 0.093750 0.903125 0.031250 0.031250
0 0.618750 0.804688 0.031250 0.028125
0 0.368750 0.900000 0.031250 0.031250
0 0.201563 0.867188 0.028125 0.028125
0 0.795312 0.226562 0.028125 0.028125
0 0.267188 0.264062 0.028125 0.028125
0 0.293750 0.151562 0.031250 0.028125
0 0.364063 0.076563 0.028125 0.028125
0 0.504687 0.101562 0.028125 0.028125
0 0.028125 0.900000 0.031250 0.031250
0 0.487500 0.129688 0.031250 0.028125
0 0.175000 0.339062 0.025000 0.028125
0 0.260937 0.296875 0.028125 0.031250
0 0.685937 0.326562 0.028125 0.028125
0 0.671875 0.756250 0.031250 0.031250
0 0.378125 0.264062 0.031250 0.028125
0 0.181250 0.310937 0.025000 0.028125
0 0.214062 0.170313 0.028125 0.028125
0 0.026562 0.959375 0.028125 0.031250
0 0.395313 0.020313 0.028125 0.028125
0 0.710938 0.104688 0.028125 0.028125
0 0.742188 0.150000 0.028125 0.031250
0 0.176563 0.935937 0.028125 0.028125
0 0.221875 0.375000 0.031250 0.031250
0 0.285938 0.854688 0.028125 0.028125
0 0.765625 0.104688 0.031250 0.028125
0 0.815625 0.546875 0.031250 0.031250
0 0.028125 0.532813 0.031250 0.028125
0 0.223438 0.056250 0.028125 0.031250
0 0.396875 0.756250 0.031250 0.031250
0 0.320312 0.170313 0.028125 0.028125
0 0.257812 0.610938 0.028125 0.028125
0 0.200000 0.426563 0.031250 0.028125
0 0.440625 0.104688 0.031250 0.028125
0 0.726562 0.276562 0.028125 0.028125
0 0.815625 0.675000 0.031250 0.031250
0 0.310937 0.642188 0.028125 0.028125
0 0.614062 0.898438 0.028125 0.028125
0 0.232813 0.498437 0.028125 0.028125
0 0.175000 0.031250 0.031250 0.031250
0 0.065625 0.360938 0.031250 0.028125
0 0.118750 0.846875 0.025000 0.025000
0 0.775000 0.345313 0.031250 0.028125
0 0.251563 0.389062 0.028125 0.028125
0 0.764062 0.076563 0.028125 0.028125
0 0.790625 0.257812 0.031250 0.028125
0 0.142187 0.028125 0.028125 0.031250
0 0.021875 0.331250 0.031250 0.031250
0 0.042188 0.378125 0.028125 0.031250
0 0.106250 0.532813 0.031250 0.028125
0 0.407813 0.245312 0.028125 0.028125
0 0.148438 0.354687 0.028125 0.028125
0 0.721875 0.720313 0.031250 0.028125
0 0.351562 0.217188 0.028125 0.028125
0 0.148438 0.325000 0.028125 0.031250
0 0.570312 0.176563 0.028125 0.028125
0 0.739062 0.117188 0.028125 0.028125
0 0.320312 0.201563 0.028125 0.028125
0 0.739062 0.054688 0.028125 0.028125
0 0.701562 0.926562 0.028125 0.028125
0 0.237500 0.029687 0.031250 0.028125
0 0.285938 0.112500 0.028125 0.031250
0 0.815625 0.484375 0.031250 0.031250
0 0.612500 0.931250 0.025000 0.025000
0 0.054688 0.471875 0.028125 0.031250
0 0.787500 0.287500 0.031250 0.031250
0 0.323437 0.135937 0.028125 0.028125
0 0.060937 0.107813 0.028125 0.028125
0 0.110937 0.929688 0.028125 0.028125
0 0.321875 0.976562 0.031250 0.028125
0 0.079687 0.489063 0.028125 0.028125
0 0.378125 0.135937 0.031250 0.028125
0 0.592187 0.229687 0.028125 0.028125
0 0.064062 0.682813 0.028125 0.028125
0 0.046875 0.025000 0.031250 0.031250
0 0.034375 0.734375 0.031250 0.031250
0 0.726562 0.942187 0.028125 0.028125
0 0.295312 0.217188 0.028125 0.028125
0 0.584375 0.056250 0.031250 0.031250
0 0.787500 0.850000 0.031250 0.031250
0 0.254688 0.576562 0.028125 0.028125
0 0.814063 0.893750 0.034375 0.031250
0 0.132812 0.517188 0.028125 0.028125
0 0.401562 0.954688 0.028125 0.028125
0 0.732812 0.307812 0.028125 0.028125
0 0.696875 0.739062 0.031250 0.028125
0 0.784375 0.975000 0.031250 0.031250
0 0.745313 0.254688 0.028125 0.028125
0 0.535937 0.753125 0.028125 0.031250
0 0.195312 0.364063 0.028125 0.028125
0 0.175000 0.720313 0.031250 0.028125
0 0.617188 0.245312 0.028125 0.028125
0 0.567187 0.212500 0.028125 0.031250
0 0.173437 0.446875 0.028125 0.031250
0 0.404687 0.214062 0.028125 0.028125
0 0.378125 0.200000 0.025000 0.025000
0 0.159375 0.962500 0.031250 0.031250
0 0.787500 0.403125 0.031250 0.031250
0 0.620313 0.212500 0.028125 0.031250
0 0.645312 0.226562 0.028125 0.028125
0 0.260937 0.329688 0.028125 0.028125
0 0.785937 0.562500 0.028125 0.031250
0 0.339062 0.657813 0.028125 0.028125
0 0.365625 0.675000 0.031250 0.031250
0 0.729688 0.973437 0.028125 0.028125
0 0.332813 0.079687 0.028125 0.028125
0 0.204687 0.457813 0.028125 0.028125
0 0.396875 0.725000 0.031250 0.031250
0 0.029687 0.107813 0.028125 0.028125
0 0.206250 0.028125 0.031250 0.031250
0 0.282813 0.564063 0.028125 0.028125
0 0.173437 0.623437 0.028125 0.028125
0 0.451562 0.792188 0.028125 0.028125
0 0.656250 0.318750 0.031250 0.031250
0 0.489063 0.164062 0.028125 0.028125
0 0.590625 0.753125 0.031250 0.031250
0 0.693750 0.354687 0.031250 0.028125
0 0.509375 0.767188 0.031250 0.028125
0 0.789062 0.690625 0.028125 0.031250
0 0.423438 0.773438 0.028125 0.028125
0 0.165625 0.379688 0.031250 0.028125
0 0.795312 0.320312 0.028125 0.028125
0 0.404687 0.182812 0.028125 0.028125
0 0.551562 0.020313 0.028125 0.028125
0 0.420312 0.978125 0.028125 0.031250
0 0.818750 0.271875 0.031250 0.031250
0 0.642188 0.195312 0.028125 0.028125
0 0.110937 0.028125 0.028125 0.031250
0 0.698438 0.387500 0.028125 0.031250
0 0.175000 0.784375 0.031250 0.031250
0 0.664062 0.348438 0.028125 0.028125
0 0.789062 0.531250 0.028125 0.031250
0 0.160938 0.910937 0.028125 0.028125
0 0.460938 0.245312 0.028125 0.028125
0 0.295312 0.185938 0.028125 0.028125
0 0.756250 0.959375 0.031250 0.031250
0 0.254688 0.418750 0.028125 0.031250
0 0.201563 0.612500 0.028125 0.031250
0 0.612500 0.068750 0.031250 0.031250
0 0.812500 0.928125 0.031250 0.031250
0 0.021875 0.562500 0.031250 0.031250
0 0.759375 0.926562 0.025000 0.028125
0 0.668750 0.378125 0.031250 0.031250
0 0.525000 0.978125 0.031250 0.031250
0 0.787500 0.659375 0.031250 0.031250
0 0.260937 0.514062 0.028125 0.028125
0 0.017188 0.246875 0.028125 0.031250
0 0.342187 0.692187 0.028125 0.028125
0 0.078125 0.025000 0.031250 0.031250
0 0.145313 0.435937 0.028125 0.028125
0 0.128125 0.907813 0.031250 0.028125
0 0.432812 0.264062 0.028125 0.028125
0 0.585938 0.978125 0.028125 0.031250
0 0.114062 0.878125 0.028125 0.031250
0 0.435937 0.167187 0.028125 0.028125
0 0.815625 0.451562 0.031250 0.028125
0 0.339062 0.789062 0.028125 0.028125
0 0.760938 0.675000 0.028125 0.031250
0 0.632812 0.367188 0.028125 0.028125
0 0.201563 0.639062 0.028125 0.028125
0 0.592187 0.198437 0.028125 0.028125
0 0.203125 0.770312 0.031250 0.028125
0 0.617188 0.179688 0.028125 0.028125
0 0.795312 0.060937 0.028125 0.028125
0 0.015625 0.400000 0.031250 0.031250
0 0.203125 0.803125 0.031250 0.031250
0 0.054688 0.332813 0.028125 0.028125
0 0.432812 0.229687 0.028125 0.028125
0 0.295312 0.248438 0.028125 0.028125
