0 0.176563 0.207813 0.034375 0.034375
0 0.567187 0.921875 0.028125 0.031250
0 0.803125 0.090625 0.031250 0.031250
0 0.425000 0.935937 0.031250 0.028125
0 0.773438 0.106250 0.028125 0.031250
0 0.800000 0.890625 0.031250 0.031250
0 0.687500 0.090625 0.031250 0.031250
0 0.773438 0.840625 0.028125 0.031250
0 0.625000 0.921875 0.031250 0.031250
0 0.717187 0.076563 0.028125 0.028125
0 0.253125 0.106250 0.031250 0.031250
0 0.395313 0.885938 0.028125 0.028125
0 0.081250 0.934375 0.031250 0.031250
0 0.401562 0.317188 0.028125 0.028125
0 0.775000 0.140625 0.031250 0.031250
0 0.110937 0.918750 0.028125 0.031250
0 0.771875 0.604688 0.031250 0.028125
0 0.542188 0.137500 0.028125 0.031250
0 0.487500 0.106250 0.031250 0.031250
0 0.567187 0.887500 0.028125 0.031250
0 0.601562 0.106250 0.028125 0.031250
0 0.803125 0.290625 0.031250 0.031250
0 0.509375 0.918750 0.031250 0.031250
0 0.831250 0.843750 0.031250 0.031250
0 0.081250 0.065625 0.031250 0.031250
0 0.401562 0.092188 0.028125 0.028125
0 0.771875 0.540625 0.031250 0.031250
0 0.714063 0.604688 0.028125 0.028125
0 0.628125 0.090625 0.031250 0.031250
0 0.454688 0.889062 0.028125 0.028125
0 0.770312 0.873437 0.028125 0.028125
0 0.654687 0.939063 0.028125 0.028125
0 0.687500 0.421875 0.031250 0.031250
0 0.687500 0.454688 0.031250 0.028125
0 0.223438 0.920312 0.028125 0.028125
0 0.221875 0.118750 0.031250 0.031250
0 0.539062 0.703125 0.028125 0.031250
0 0.571875 0.125000 0.031250 0.031250
0 0.803125 0.156250 0.031250 0.031250
0 0.182812 0.112500 0.028125 0.031250
0 0.515625 0.090625 0.031250 0.031250
0 0.600000 0.204687 0.031250 0.028125
0 0.771875 0.075000 0.031250 0.031250
0 0.510938 0.854688 0.028125 0.028125
0 0.775000 0.406250 0.031250 0.031250
0 0.543750 0.171875 0.031250 0.031250
0 0.339062 0.885938 0.028125 0.028125
0 0.803125 0.689063 0.031250 0.028125
0 0.048438 0.065625 0.028125 0.031250
0 0.454688 0.854688 0.028125 0.028125
0 0.803125 0.625000 0.031250 0.031250
0 0.195312 0.837500 0.028125 0.031250
0 0.459375 0.156250 0.031250 0.031250
0 0.714063 0.571875 0.028125 0.031250
0 0.601562 0.337500 0.028125 0.031250
0 0.714063 0.471875 0.028125 0.031250
0 0.453125 0.921875 0.031250 0.031250
0 0.771875 0.706250 0.031250 0.031250
0 0.598437 0.270313 0.028125 0.028125
0 0.803125 0.756250 0.031250 0.031250
0 0.571875 0.221875 0.031250 0.031250
0 0.253125 0.901563 0.031250 0.028125
0 0.685937 0.189062 0.028125 0.028125
0 0.515625 0.121875 0.031250 0.031250
0 0.773438 0.573438 0.028125 0.028125
0 0.051562 0.921875 0.028125 0.031250
0 0.512500 0.517188 0.031250 0.028125
0 0.687500 0.059375 0.031250 0.031250
0 0.228125 0.545312 0.031250 0.028125
0 0.571875 0.189062 0.031250 0.028125
0 0.223438 0.853125 0.028125 0.031250
0 0.051562 0.885938 0.028125 0.028125
0 0.600000 0.240625 0.031250 0.031250
0 0.368750 0.870313 0.031250 0.028125
0 0.771875 0.637500 0.031250 0.031250
0 0.539062 0.935937 0.028125 0.028125
0 0.396875 0.953125 0.031250 0.031250
0 0.150000 0.114062 0.031250 0.028125
0 0.167187 0.885938 0.028125 0.028125
0 0.742188 0.890625 0.028125 0.031250
0 0.145313 0.059375 0.028125 0.031250
0 0.107813 0.953125 0.028125 0.031250
0 0.682813 0.585938 0.028125 0.028125
0 0.656250 0.568750 0.031250 0.031250
0 0.745313 0.421875 0.028125 0.031250
0 0.628125 0.157812 0.031250 0.028125
0 0.656250 0.601562 0.031250 0.028125
0 0.656250 0.171875 0.031250 0.031250
0 0.629687 0.387500 0.028125 0.031250
0 0.484375 0.837500 0.031250 0.031250
0 0.482812 0.870313 0.028125 0.028125
0 0.314063 0.171875 0.028125 0.031250
0 0.259375 0.137500 0.031250 0.031250
0 0.542188 0.073438 0.028125 0.028125
0 0.801562 0.825000 0.028125 0.031250
0 0.831250 0.809375 0.031250 0.031250
0 0.685937 0.551562 0.028125 0.028125
0 0.071875 0.206250 0.031250 0.031250
0 0.656250 0.042188 0.031250 0.034375
0 0.401562 0.123438 0.028125 0.028125
0 0.168750 0.515625 0.031250 0.031250
0 0.539062 0.906250 0.028125 0.031250
0 0.537500 0.970313 0.031250 0.028125
0 0.195312 0.904687 0.028125 0.028125
0 0.090625 0.178125 0.031250 0.031250
0 0.485938 0.171875 0.028125 0.031250
0 0.196875 0.084375 0.031250 0.031250
0 0.657813 0.137500 0.028125 0.031250
0 0.682813 0.617188 0.028125 0.028125
0 0.775000 0.807813 0.031250 0.028125
0 0.565625 0.954688 0.031250 0.028125
0 0.743750 0.521875 0.031250 0.031250
0 0.375000 0.075000 0.031250 0.031250
0 0.200000 0.231250 0.031250 0.031250
0 0.743750 0.090625 0.031250 0.031250
0 0.309375 0.837500 0.031250 0.031250
0 0.601562 0.171875 0.028125 0.031250
0 0.481250 0.970313 0.031250 0.028125
0 0.801562 0.556250 0.028125 0.031250
0 0.429688 0.106250 0.028125 0.031250
0 0.628125 0.421875 0.031250 0.031250
0 0.457813 0.121875 0.028125 0.031250
0 0.709375 0.971875 0.031250 0.031250
0 0.740625 0.953125 0.031250 0.031250
0 0.743750 0.059375 0.031250 0.031250
0 0.743750 0.589063 0.031250 0.028125
0 0.426563 0.434375 0.028125 0.031250
0 0.426563 0.904687 0.028125 0.028125
0 0.743750 0.621875 0.031250 0.031250
0 0.801562 0.720313 0.028125 0.028125
0 0.801562 0.459375 0.028125 0.031250
0 0.657813 0.403125 0.028125 0.031250
0 0.371875 0.367188 0.031250 0.028125
0 0.256250 0.203125 0.031250 0.031250
0 0.542188 0.107813 0.028125 0.028125
0 0.775000 0.439063 0.031250 0.028125
0 0.514062 0.484375 0.028125 0.031250
0 0.025000 0.870313 0.031250 0.028125
0 0.081250 0.837500 0.031250 0.031250
0 0.401562 0.384375 0.028125 0.031250
0 0.601562 0.370312 0.028125 0.028125
0 0.596875 0.971875 0.031250 0.031250
0 0.426563 0.870313 0.028125 0.028125
0 0.801562 0.589063 0.028125 0.028125
0 0.745313 0.757812 0.028125 0.028125
0 0.596875 0.904687 0.031250 0.028125
0 0.598437 0.437500 0.028125 0.031250
0 0.229687 0.084375 0.028125 0.031250
0 0.800000 0.523438 0.031250 0.028125
0 0.595313 0.939063 0.028125 0.028125
0 0.056250 0.415625 0.031250 0.031250
0 0.765625 0.276562 0.031250 0.034375
0 0.168750 0.546875 0.031250 0.031250
0 0.831250 0.575000 0.031250 0.031250
0 0.712500 0.271875 0.031250 0.031250
0 0.539062 0.665625 0.028125 0.031250
0 0.507812 0.889062 0.028125 0.028125
0 0.656250 0.073438 0.031250 0.028125
0 0.715625 0.406250 0.031250 0.031250
0 0.771875 0.975000 0.031250 0.031250
0 0.314063 0.137500 0.028125 0.031250
0 0.742188 0.125000 0.028125 0.031250
0 0.318750 0.106250 0.031250 0.031250
0 0.112500 0.064062 0.031250 0.028125
0 0.165625 0.171875 0.031250 0.031250
0 0.459375 0.056250 0.031250 0.031250
0 0.068750 0.095312 0.031250 0.028125
0 0.231250 0.218750 0.031250 0.031250
0 0.714063 0.042188 0.028125 0.028125
0 0.682813 0.956250 0.028125 0.025000
0 0.253125 0.870313 0.031250 0.028125
0 0.139063 0.837500 0.028125 0.031250
0 0.804688 0.125000 0.028125 0.031250
0 0.056250 0.240625 0.031250 0.031250
0 0.510938 0.685937 0.028125 0.028125
0 0.053125 0.125000 0.031250 0.031250
0 0.803125 0.057813 0.031250 0.028125
0 0.535937 0.871875 0.028125 0.031250
0 0.284375 0.220312 0.031250 0.028125
0 0.085938 0.120313 0.028125 0.028125
0 0.568750 0.090625 0.031250 0.031250
0 0.253125 0.837500 0.031250 0.031250
0 0.685937 0.157812 0.028125 0.028125
0 0.775000 0.306250 0.031250 0.031250
0 0.598437 0.304688 0.028125 0.028125
0 0.768750 0.907813 0.031250 0.028125
0 0.801562 0.790625 0.028125 0.031250
0 0.200000 0.140625 0.031250 0.031250
0 0.565625 0.854688 0.031250 0.028125
0 0.567187 0.648438 0.028125 0.028125
0 0.484375 0.501563 0.031250 0.028125
0 0.625000 0.954688 0.031250 0.028125
0 0.425000 0.970313 0.031250 0.028125
0 0.685937 0.518750 0.028125 0.031250
0 0.457813 0.189062 0.028125 0.028125
0 0.742188 0.556250 0.028125 0.031250
0 0.510938 0.617188 0.028125 0.028125
0 0.051562 0.854688 0.028125 0.028125
0 0.717187 0.439063 0.028125 0.028125
0 0.025000 0.903125 0.031250 0.031250
0 0.798438 0.925000 0.028125 0.031250
0 0.287500 0.089063 0.031250 0.028125
0 0.259375 0.076563 0.031250 0.028125
0 0.598437 0.404687 0.028125 0.028125
0 0.200000 0.267188 0.031250 0.028125
0 0.835938 0.112500 0.034375 0.031250
0 0.279687 0.920312 0.028125 0.028125
0 0.056250 0.176563 0.031250 0.028125
0 0.315625 0.301563 0.031250 0.028125
0 0.800000 0.956250 0.031250 0.031250
0 0.257812 0.529687 0.028125 0.028125
0 0.087500 0.332813 0.031250 0.028125
0 0.229687 0.514062 0.028125 0.028125
0 0.712500 0.506250 0.031250 0.031250
0 0.510938 0.951562 0.028125 0.028125
0 0.037500 0.209375 0.031250 0.031250
0 0.771875 0.471875 0.031250 0.031250
0 0.771875 0.506250 0.031250 0.031250
0 0.426563 0.500000 0.028125 0.031250
0 0.685937 0.123438 0.028125 0.028125
0 0.025000 0.839063 0.031250 0.028125
0 0.318750 0.073438 0.031250 0.034375
0 0.743750 0.823438 0.031250 0.028125
0 0.542188 0.204687 0.028125 0.028125
0 0.625000 0.887500 0.031250 0.031250
0 0.540625 0.598437 0.031250 0.028125
0 0.515625 0.285938 0.031250 0.028125
0 0.371875 0.335938 0.031250 0.028125
0 0.628125 0.518750 0.031250 0.031250
0 0.601562 0.075000 0.028125 0.031250
0 0.831250 0.737500 0.031250 0.031250
0 0.685937 0.254688 0.028125 0.028125
0 0.345313 0.317188 0.028125 0.028125
0 0.542188 0.467187 0.028125 0.028125
0 0.087500 0.265625 0.031250 0.031250
0 0.395313 0.918750 0.028125 0.031250
0 0.571875 0.353125 0.031250 0.031250
0 0.456250 0.484375 0.031250 0.031250
0 0.457813 0.089063 0.028125 0.028125
0 0.598437 0.632812 0.028125 0.028125
0 0.775000 0.740625 0.031250 0.031250
0 0.343750 0.351562 0.031250 0.028125
0 0.510938 0.720313 0.028125 0.028125
0 0.626563 0.582812 0.028125 0.028125
0 0.743750 0.653125 0.031250 0.031250
0 0.800000 0.490625 0.031250 0.031250
0 0.229687 0.482812 0.028125 0.028125
0 0.134375 0.148438 0.031250 0.028125
0 0.803125 0.657813 0.031250 0.028125
0 0.514062 0.353125 0.028125 0.031250
0 0.714063 0.539062 0.028125 0.028125
0 0.400000 0.482812 0.031250 0.028125
0 0.515625 0.189062 0.031250 0.028125
0 0.287500 0.187500 0.031250 0.031250
0 0.628125 0.285938 0.031250 0.028125
0 0.373437 0.435937 0.028125 0.028125
0 0.339062 0.853125 0.028125 0.031250
0 0.595313 0.871875 0.028125 0.031250
0 0.568750 0.059375 0.031250 0.031250
0 0.132812 0.089063 0.028125 0.028125
0 0.653125 0.971875 0.031250 0.031250
0 0.426563 0.465625 0.028125 0.031250
0 0.771875 0.940625 0.031250 0.031250
0 0.710938 0.907813 0.028125 0.028125
0 0.195312 0.935937 0.028125 0.028125
0 0.565625 0.681250 0.031250 0.031250
0 0.401562 0.057813 0.028125 0.028125
0 0.803125 0.425000 0.031250 0.031250
0 0.685937 0.389062 0.028125 0.028125
0 0.456250 0.221875 0.031250 0.031250
0 0.628125 0.125000 0.031250 0.031250
0 0.834375 0.540625 0.031250 0.031250
0 0.656250 0.106250 0.031250 0.031250
0 0.656250 0.437500 0.031250 0.031250
0 0.487500 0.073438 0.031250 0.028125
0 0.257812 0.237500 0.028125 0.031250
0 0.740625 0.292187 0.031250 0.028125
0 0.229687 0.415625 0.028125 0.031250
0 0.428125 0.206250 0.031250 0.031250
0 0.426563 0.837500 0.028125 0.031250
0 0.740625 0.253125 0.031250 0.031250
0 0.740625 0.487500 0.031250 0.031250
0 0.117188 0.348438 0.028125 0.028125
0 0.373437 0.401562 0.028125 0.028125
0 0.373437 0.109375 0.028125 0.031250
0 0.542188 0.532813 0.028125 0.028125
0 0.834375 0.706250 0.031250 0.031250
0 0.485938 0.204687 0.028125 0.028125
0 0.285938 0.318750 0.028125 0.031250
0 0.056250 0.451562 0.031250 0.028125
0 0.598437 0.567187 0.028125 0.028125
0 0.739062 0.923438 0.028125 0.028125
0 0.142187 0.203125 0.034375 0.031250
0 0.225000 0.184375 0.031250 0.031250
0 0.053125 0.818750 0.031250 0.031250
0 0.600000 0.043750 0.031250 0.031250
0 0.831250 0.606250 0.031250 0.031250
0 0.571875 0.384375 0.031250 0.031250
0 0.803125 0.392188 0.031250 0.028125
0 0.571875 0.320312 0.031250 0.028125
0 0.657813 0.501563 0.028125 0.028125
0 0.510938 0.650000 0.028125 0.031250
0 0.745313 0.792188 0.028125 0.028125
0 0.089063 0.234375 0.034375 0.031250
0 0.310937 0.873437 0.028125 0.028125
0 0.251563 0.804688 0.028125 0.028125
0 0.287500 0.287500 0.031250 0.031250
0 0.487500 0.140625 0.031250 0.031250
0 0.834375 0.081250 0.031250 0.031250
0 0.251563 0.935937 0.028125 0.028125
0 0.512500 0.550000 0.031250 0.031250
0 0.173437 0.284375 0.028125 0.031250
0 0.831250 0.671875 0.031250 0.031250
0 0.223438 0.820312 0.028125 0.028125
0 0.803125 0.325000 0.031250 0.031250
0 0.598437 0.601562 0.028125 0.028125
0 0.228125 0.251563 0.031250 0.028125
0 0.626563 0.059375 0.028125 0.031250
0 0.225000 0.021875 0.031250 0.031250
0 0.403125 0.284375 0.031250 0.031250
0 0.195312 0.804688 0.028125 0.028125
0 0.225000 0.787500 0.031250 0.031250
0 0.656250 0.271875 0.031250 0.031250
0 0.081250 0.901563 0.031250 0.028125
0 0.773438 0.671875 0.028125 0.031250
0 0.400000 0.225000 0.031250 0.031250
0 0.371875 0.303125 0.031250 0.031250
0 0.284375 0.481250 0.031250 0.031250
0 0.654687 0.632812 0.028125 0.028125
0 0.829688 0.907813 0.034375 0.034375
0 0.510938 0.753125 0.028125 0.031250
0 0.629687 0.320312 0.028125 0.028125
0 0.453125 0.954688 0.031250 0.028125
0 0.257812 0.300000 0.028125 0.031250
0 0.101562 0.092188 0.028125 0.028125
0 0.804688 0.226562 0.034375 0.034375
0 0.401562 0.417187 0.028125 0.028125
0 0.345313 0.092188 0.028125 0.028125
0 0.196875 0.173437 0.031250 0.028125
0 0.459375 0.253125 0.031250 0.031250
0 0.368750 0.837500 0.031250 0.031250
0 0.139063 0.498437 0.028125 0.028125
0 0.571875 0.451562 0.031250 0.028125
0 0.164062 0.087500 0.028125 0.031250
0 0.429688 0.401562 0.028125 0.028125
0 0.654687 0.904687 0.028125 0.028125
0 0.601562 0.140625 0.028125 0.031250
0 0.745313 0.723437 0.028125 0.028125
0 0.485938 0.401562 0.028125 0.028125
0 0.717187 0.107813 0.028125 0.028125
0 0.209375 0.053125 0.031250 0.031250
0 0.257812 0.267188 0.028125 0.028125
0 0.712500 0.940625 0.031250 0.031250
0 0.743750 0.454688 0.031250 0.028125
0 0.223438 0.885938 0.028125 0.028125
0 0.137500 0.870313 0.031250 0.028125
0 0.107813 0.853125 0.028125 0.031250
0 0.398438 0.517188 0.028125 0.028125
0 0.281250 0.821875 0.031250 0.031250
0 0.831250 0.771875 0.031250 0.031250
0 0.834375 0.473438 0.031250 0.034375
0 0.771875 0.043750 0.031250 0.031250
0 0.137500 0.806250 0.031250 0.031250
0 0.167187 0.820312 0.028125 0.028125
0 0.628125 0.253125 0.031250 0.031250
0 0.223438 0.951562 0.028125 0.028125
0 0.514062 0.820312 0.028125 0.028125
0 0.628125 0.485938 0.031250 0.028125
0 0.167187 0.854688 0.028125 0.028125
0 0.343750 0.153125 0.031250 0.031250
0 0.829688 0.971875 0.034375 0.031250
0 0.712500 0.237500 0.031250 0.031250
0 0.540625 0.567187 0.031250 0.028125
0 0.429688 0.073438 0.028125 0.028125
0 0.370312 0.501563 0.028125 0.028125
0 0.056250 0.515625 0.031250 0.031250
0 0.685937 0.220312 0.028125 0.028125
0 0.743750 0.856250 0.031250 0.031250
0 0.515625 0.256250 0.031250 0.031250
0 0.687500 0.485938 0.031250 0.028125
0 0.079687 0.970313 0.028125 0.028125
0 0.485938 0.270313 0.028125 0.028125
0 0.021875 0.771875 0.031250 0.031250
0 0.542188 0.304688 0.028125 0.028125
0 0.373437 0.173437 0.028125 0.028125
0 0.629687 0.354687 0.028125 0.028125
0 0.170313 0.382812 0.028125 0.028125
0 0.401562 0.351562 0.028125 0.028125
0 0.257812 0.564063 0.028125 0.028125
0 0.628125 0.550000 0.031250 0.031250
0 0.429688 0.140625 0.028125 0.031250
0 0.514062 0.320312 0.028125 0.028125
0 0.026562 0.498437 0.028125 0.028125
0 0.118750 0.120313 0.031250 0.028125
0 0.489063 0.301563 0.028125 0.028125
0 0.539062 0.632812 0.028125 0.028125
0 0.482812 0.935937 0.028125 0.028125
0 0.834375 0.509375 0.031250 0.031250
0 0.540625 0.837500 0.031250 0.031250
0 0.570312 0.584375 0.028125 0.031250
0 0.120313 0.178125 0.028125 0.031250
0 0.768750 0.237500 0.031250 0.031250
0 0.743750 0.689063 0.031250 0.028125
0 0.071875 0.150000 0.031250 0.031250
0 0.082812 0.496875 0.028125 0.031250
0 0.143750 0.364063 0.031250 0.028125
0 0.345313 0.284375 0.028125 0.031250
0 0.287500 0.121875 0.031250 0.031250
0 0.343750 0.189062 0.031250 0.028125
0 0.539062 0.737500 0.028125 0.031250
0 0.262500 0.043750 0.031250 0.031250
0 0.109375 0.209375 0.031250 0.031250
0 0.428125 0.243750 0.031250 0.031250
0 0.682813 0.923438 0.028125 0.028125
0 0.715625 0.206250 0.031250 0.031250
0 0.746875 0.325000 0.031250 0.031250
0 0.285938 0.153125 0.028125 0.031250
0 0.317188 0.335938 0.028125 0.028125
0 0.167187 0.143750 0.028125 0.031250
0 0.229687 0.151562 0.028125 0.028125
0 0.479687 0.904687 0.028125 0.028125
0 0.589063 0.698438 0.028125 0.028125
0 0.139063 0.529687 0.028125 0.028125
0 0.775000 0.206250 0.031250 0.031250
0 0.571875 0.154688 0.031250 0.028125
0 0.228125 0.284375 0.031250 0.031250
0 0.598437 0.667188 0.028125 0.028125
0 0.801562 0.356250 0.028125 0.031250
0 0.485938 0.370312 0.028125 0.028125
0 0.485938 0.235937 0.028125 0.028125
0 0.228125 0.348438 0.031250 0.028125
0 0.831250 0.876563 0.031250 0.034375
0 0.542188 0.367188 0.028125 0.028125
0 0.034375 0.265625 0.031250 0.031250
0 0.712500 0.875000 0.031250 0.031250
0 0.226562 0.451562 0.028125 0.028125
0 0.112500 0.479687 0.031250 0.028125
0 0.145313 0.398438 0.028125 0.028125
0 0.281250 0.787500 0.031250 0.031250
0 0.571875 0.550000 0.031250 0.031250
0 0.284375 0.545312 0.031250 0.028125
0 0.170313 0.482812 0.028125 0.028125
0 0.253125 0.970313 0.031250 0.034375
0 0.201563 0.526563 0.028125 0.028125
0 0.314063 0.467187 0.028125 0.028125
0 0.510938 0.582812 0.028125 0.028125
0 0.775000 0.773438 0.031250 0.028125
0 0.656250 0.537500 0.031250 0.031250
0 0.195312 0.970313 0.028125 0.028125
0 0.314063 0.268750 0.028125 0.031250
0 0.542188 0.435937 0.028125 0.028125
0 0.101562 0.148438 0.028125 0.028125
0 0.370312 0.467187 0.028125 0.028125
0 0.173437 0.348438 0.028125 0.028125
0 0.200000 0.300000 0.031250 0.031250
0 0.343750 0.517188 0.031250 0.028125
0 0.571875 0.253125 0.031250 0.031250
0 0.107813 0.820312 0.028125 0.028125
0 0.110937 0.884375 0.028125 0.031250
0 0.542188 0.498437 0.028125 0.028125
0 0.829688 0.940625 0.034375 0.031250
0 0.285938 0.253125 0.028125 0.031250
0 0.062500 0.035937 0.031250 0.034375
0 0.457813 0.418750 0.028125 0.031250
0 0.142187 0.300000 0.028125 0.031250
0 0.800000 0.025000 0.031250 0.031250
0 0.775000 0.373437 0.031250 0.028125
0 0.054688 0.548438 0.028125 0.028125
0 0.343750 0.121875 0.031250 0.031250
0 0.712500 0.140625 0.031250 0.031250
0 0.057813 0.350000 0.028125 0.031250
0 0.112500 0.514062 0.031250 0.028125
0 0.454688 0.820312 0.028125 0.028125
0 0.259375 0.498437 0.031250 0.028125
0 0.457813 0.450000 0.028125 0.031250
0 0.026562 0.465625 0.028125 0.031250
0 0.709375 0.309375 0.031250 0.031250
0 0.801562 0.857812 0.028125 0.028125
0 0.171875 0.315625 0.031250 0.031250
0 0.314063 0.532813 0.028125 0.028125
0 0.429688 0.532813 0.028125 0.028125
0 0.515625 0.156250 0.031250 0.031250
0 0.570312 0.617188 0.028125 0.028125
0 0.745313 0.389062 0.028125 0.028125
0 0.457813 0.514062 0.028125 0.028125
0 0.398438 0.451562 0.028125 0.028125
0 0.792188 0.259375 0.028125 0.031250
0 0.431250 0.368750 0.031250 0.031250
0 0.037500 0.095312 0.031250 0.028125
0 0.165625 0.951562 0.025000 0.028125
0 0.481250 0.634375 0.031250 0.031250
0 0.685937 0.289062 0.028125 0.028125
0 0.285938 0.515625 0.028125 0.031250
0 0.657813 0.470313 0.028125 0.028125
0 0.515625 0.220312 0.031250 0.028125
0 0.026562 0.400000 0.028125 0.031250
0 0.459375 0.318750 0.031250 0.031250
0 0.198437 0.495312 0.028125 0.028125
0 0.167187 0.920312 0.028125 0.028125
0 0.837500 0.143750 0.031250 0.031250
0 0.540625 0.042188 0.031250 0.028125
0 0.600000 0.537500 0.031250 0.031250
0 0.571875 0.285938 0.031250 0.028125
0 0.682813 0.892188 0.028125 0.028125
0 0.543750 0.273438 0.031250 0.028125
0 0.062500 0.282813 0.031250 0.028125
0 0.023438 0.806250 0.028125 0.031250
0 0.285938 0.351562 0.028125 0.028125
0 0.176563 0.057813 0.028125 0.028125
0 0.117188 0.282813 0.028125 0.028125
0 0.803125 0.190625 0.031250 0.031250
0 0.489063 0.335938 0.028125 0.028125
0 0.200000 0.432812 0.031250 0.028125
0 0.775000 0.339062 0.031250 0.028125
0 0.831250 0.640625 0.031250 0.031250
0 0.087500 0.300000 0.031250 0.031250
0 0.142187 0.467187 0.028125 0.028125
0 0.456250 0.384375 0.031250 0.031250
0 0.198437 0.560937 0.028125 0.028125
0 0.173437 0.250000 0.028125 0.031250
0 0.345313 0.059375 0.028125 0.031250
0 0.139063 0.904687 0.028125 0.028125
0 0.257812 0.168750 0.028125 0.031250
0 0.025000 0.937500 0.031250 0.031250
0 0.684375 0.028125 0.031250 0.031250
0 0.229687 0.317188 0.028125 0.028125
0 0.279687 0.854688 0.028125 0.028125
0 0.656250 0.240625 0.031250 0.031250
0 0.229687 0.384375 0.028125 0.031250
0 0.021875 0.234375 0.031250 0.031250
0 0.201563 0.368750 0.028125 0.031250
0 0.570312 0.418750 0.028125 0.031250
0 0.657813 0.370312 0.028125 0.028125
0 0.029687 0.364063 0.028125 0.028125
0 0.376563 0.032813 0.034375 0.034375
0 0.026562 0.431250 0.028125 0.031250
0 0.143750 0.334375 0.031250 0.031250
0 0.371875 0.140625 0.031250 0.031250
0 0.625000 0.028125 0.031250 0.031250
0 0.743750 0.028125 0.031250 0.031250
0 0.431250 0.042188 0.031250 0.028125
0 0.028125 0.568750 0.031250 0.031250
0 0.257812 0.332813 0.028125 0.028125
0 0.085938 0.364063 0.028125 0.028125
0 0.601562 0.467187 0.028125 0.028125
0 0.484375 0.803125 0.031250 0.031250
0 0.032813 0.334375 0.028125 0.031250
0 0.312500 0.034375 0.031250 0.031250
0 0.026562 0.532813 0.028125 0.028125
0 0.342187 0.481250 0.028125 0.031250
0 0.029687 0.039062 0.034375 0.034375
0 0.192188 0.025000 0.028125 0.031250
0 0.429688 0.332813 0.028125 0.028125
0 0.117188 0.314063 0.028125 0.028125
0 0.201563 0.464062 0.028125 0.028125
0 0.139063 0.935937 0.028125 0.028125
0 0.023438 0.179688 0.028125 0.028125
0 0.398438 0.854688 0.028125 0.028125
0 0.485938 0.532813 0.028125 0.028125
0 0.018750 0.121875 0.031250 0.031250
0 0.342187 0.451562 0.028125 0.028125
0 0.054688 0.482812 0.028125 0.028125
0 0.345313 0.382812 0.028125 0.028125
0 0.342187 0.417187 0.028125 0.028125
0 0.082812 0.870313 0.028125 0.028125
0 0.195312 0.873437 0.028125 0.028125
0 0.339062 0.818750 0.028125 0.031250
0 0.082812 0.464062 0.028125 0.028125
0 0.226562 0.579688 0.028125 0.028125
0 0.290625 0.057813 0.031250 0.028125
0 0.165625 0.787500 0.031250 0.031250
0 0.775000 0.173437 0.031250 0.028125
0 0.457813 0.285938 0.028125 0.028125
0 0.485938 0.040625 0.028125 0.031250
0 0.656250 0.206250 0.031250 0.031250
0 0.367188 0.904687 0.028125 0.028125
0 0.314063 0.201563 0.028125 0.028125
0 0.314063 0.496875 0.028125 0.031250
0 0.117188 0.382812 0.028125 0.028125
0 0.340625 0.028125 0.031250 0.031250
0 0.514062 0.451562 0.028125 0.028125
0 0.198437 0.332813 0.028125 0.028125
0 0.310937 0.237500 0.028125 0.031250
0 0.406250 0.021875 0.031250 0.031250
0 0.539062 0.804688 0.028125 0.028125
0 0.109375 0.787500 0.031250 0.031250
0 0.051562 0.954688 0.028125 0.028125
0 0.170313 0.451562 0.028125 0.028125
0 0.510938 0.785937 0.028125 0.028125
0 0.093750 0.034375 0.031250 0.031250
0 0.137500 0.970313 0.031250 0.028125
0 0.279687 0.885938 0.028125 0.028125
0 0.396875 0.818750 0.031250 0.031250
0 0.079687 0.803125 0.028125 0.031250
0 0.082812 0.431250 0.028125 0.031250
0 0.484375 0.468750 0.031250 0.031250
0 0.257812 0.434375 0.028125 0.031250
0 0.173437 0.414062 0.028125 0.028125
0 0.162500 0.031250 0.031250 0.031250
0 0.623437 0.679688 0.028125 0.028125
0 0.254688 0.467187 0.028125 0.028125
0 0.126562 0.032813 0.034375 0.034375
0 0.512500 0.057813 0.031250 0.028125
0 0.654687 0.304688 0.028125 0.028125
0 0.628125 0.190625 0.031250 0.031250
0 0.057813 0.315625 0.028125 0.031250
0 0.201563 0.400000 0.028125 0.031250
0 0.567187 0.720313 0.028125 0.028125
0 0.542188 0.335938 0.028125 0.028125
0 0.428125 0.803125 0.031250 0.031250
0 0.545312 0.235937 0.028125 0.028125
0 0.050000 0.787500 0.031250 0.031250
0 0.426563 0.173437 0.028125 0.028125
0 0.309375 0.803125 0.031250 0.031250
0 0.628125 0.221875 0.031250 0.031250
0 0.251563 0.771875 0.028125 0.031250
0 0.284375 0.579688 0.031250 0.028125
0 0.279687 0.953125 0.028125 0.031250
0 0.317188 0.432812 0.028125 0.028125
0 0.628125 0.454688 0.031250 0.028125
0 0.375000 0.268750 0.031250 0.031250
0 0.035937 0.150000 0.028125 0.031250
0 0.257812 0.398438 0.028125 0.028125
0 0.398438 0.548438 0.028125 0.028125
0 0.457813 0.353125 0.028125 0.031250
0 0.315625 0.368750 0.025000 0.025000
0 0.835938 0.273438 0.034375 0.034375
0 0.837500 0.050000 0.031250 0.031250
0 0.720313 0.778125 0.028125 0.031250
0 0.568750 0.026562 0.031250 0.034375
0 0.626563 0.617188 0.028125 0.028125
0 0.032813 0.298438 0.028125 0.028125
0 0.145313 0.267188 0.028125 0.028125
0 0.832812 0.442188 0.034375 0.034375
0 0.539062 0.771875 0.028125 0.031250
0 0.057813 0.382812 0.028125 0.028125
0 0.257812 0.367188 0.028125 0.028125
0 0.021875 0.600000 0.031250 0.031250
0 0.429688 0.301563 0.028125 0.028125
0 0.118750 0.250000 0.031250 0.031250
0 0.832812 0.306250 0.034375 0.031250
0 0.021875 0.737500 0.031250 0.031250
0 0.221875 0.756250 0.031250 0.031250
0 0.482812 0.667188 0.028125 0.028125
0 0.015625 0.068750 0.031250 0.031250
0 0.087500 0.398438 0.031250 0.028125
0 0.046875 0.753125 0.031250 0.031250
0 0.623437 0.650000 0.028125 0.025000
0 0.398438 0.154688 0.028125 0.028125
0 0.198437 0.589063 0.028125 0.028125
0 0.284375 0.451562 0.031250 0.028125
0 0.487500 0.434375 0.031250 0.031250
0 0.373437 0.206250 0.028125 0.031250
0 0.398438 0.189062 0.028125 0.028125
0 0.310937 0.904687 0.028125 0.028125
0 0.193750 0.771875 0.031250 0.031250
0 0.165625 0.581250 0.031250 0.031250
0 0.309375 0.970313 0.031250 0.034375
0 0.712500 0.637500 0.031250 0.031250
0 0.021875 0.968750 0.031250 0.031250
0 0.482812 0.735938 0.028125 0.028125
0 0.426563 0.565625 0.028125 0.031250
0 0.684375 0.795312 0.025000 0.028125
0 0.482812 0.601562 0.028125 0.028125
0 0.367188 0.971875 0.028125 0.031250
0 0.684375 0.653125 0.031250 0.031250
