0 0.671875 0.625000 0.031250 0.031250
0 0.765625 0.548438 0.031250 0.028125
0 0.482812 0.184375 0.028125 0.031250
0 0.073438 0.764062 0.028125 0.028125
0 0.740625 0.106250 0.031250 0.031250
0 0.731250 0.562500 0.031250 0.031250
0 0.829688 0.157812 0.034375 0.034375
0 0.653125 0.153125 0.031250 0.031250
0 0.021875 0.053125 0.031250 0.031250
0 0.709375 0.153125 0.031250 0.031250
0 0.104688 0.845313 0.028125 0.028125
0 0.800000 0.137500 0.031250 0.031250
0 0.682813 0.235937 0.028125 0.028125
0 0.193750 0.215625 0.031250 0.031250
0 0.625000 0.137500 0.031250 0.031250
0 0.278125 0.200000 0.031250 0.031250
0 0.245312 0.767188 0.028125 0.028125
0 0.303125 0.637500 0.031250 0.031250
0 0.740625 0.137500 0.031250 0.031250
0 0.134375 0.246875 0.031250 0.031250
0 0.453125 0.234375 0.031250 0.031250
0 0.537500 0.121875 0.031250 0.031250
0 0.453125 0.267188 0.031250 0.028125
0 0.643750 0.575000 0.031250 0.031250
0 0.073438 0.639062 0.028125 0.028125
0 0.621875 0.103125 0.031250 0.031250
0 0.310937 0.185938 0.028125 0.028125
0 0.589063 0.746875 0.034375 0.031250
0 0.568750 0.135937 0.031250 0.028125
0 0.275000 0.751563 0.031250 0.028125
0 0.423438 0.215625 0.028125 0.031250
0 0.703125 0.512500 0.031250 0.031250
0 0.671875 0.657813 0.031250 0.028125
0 0.567187 0.071875 0.028125 0.031250
0 0.385937 0.717187 0.028125 0.028125
0 0.217188 0.750000 0.028125 0.031250
0 0.625000 0.234375 0.031250 0.031250
0 0.567187 0.235937 0.028125 0.028125
0 0.482812 0.217188 0.028125 0.028125
0 0.614062 0.689063 0.028125 0.028125
0 0.587500 0.706250 0.031250 0.031250
0 0.481250 0.250000 0.031250 0.031250
0 0.245312 0.732812 0.028125 0.028125
0 0.681250 0.137500 0.031250 0.031250
0 0.110937 0.068750 0.028125 0.031250
0 0.501563 0.687500 0.028125 0.031250
0 0.246875 0.831250 0.031250 0.031250
0 0.654687 0.282813 0.028125 0.028125
0 0.654687 0.251563 0.028125 0.028125
0 0.159375 0.781250 0.031250 0.031250
0 0.625000 0.071875 0.031250 0.031250
0 0.567187 0.203125 0.028125 0.031250
0 0.596875 0.184375 0.031250 0.031250
0 0.445312 0.687500 0.028125 0.031250
0 0.800000 0.171875 0.031250 0.031250
0 0.500000 0.718750 0.031250 0.031250
0 0.771875 0.189062 0.031250 0.034375
0 0.653125 0.087500 0.031250 0.031250
0 0.625000 0.298438 0.031250 0.028125
0 0.537500 0.218750 0.031250 0.031250
0 0.700000 0.578125 0.031250 0.031250
0 0.668750 0.690625 0.031250 0.031250
0 0.134375 0.314063 0.031250 0.028125
0 0.050000 0.200000 0.031250 0.031250
0 0.164062 0.231250 0.028125 0.031250
0 0.589063 0.478125 0.028125 0.031250
0 0.385937 0.751563 0.028125 0.028125
0 0.701562 0.545312 0.028125 0.028125
0 0.654687 0.120313 0.028125 0.028125
0 0.710938 0.121875 0.028125 0.031250
0 0.768750 0.351562 0.031250 0.028125
0 0.307812 0.250000 0.028125 0.031250
0 0.075000 0.282813 0.031250 0.028125
0 0.560937 0.523438 0.028125 0.028125
0 0.823438 0.418750 0.028125 0.031250
0 0.159375 0.718750 0.031250 0.031250
0 0.307812 0.218750 0.028125 0.031250
0 0.050000 0.134375 0.031250 0.031250
0 0.365625 0.250000 0.031250 0.031250
0 0.365625 0.282813 0.031250 0.028125
0 0.135937 0.182812 0.028125 0.028125
0 0.510938 0.267188 0.028125 0.028125
0 0.501563 0.653125 0.028125 0.031250
0 0.595313 0.282813 0.028125 0.028125
0 0.537500 0.153125 0.031250 0.031250
0 0.101562 0.654687 0.028125 0.028125
0 0.250000 0.246875 0.031250 0.031250
0 0.246875 0.865625 0.031250 0.031250
0 0.362500 0.410938 0.031250 0.028125
0 0.771875 0.125000 0.031250 0.031250
0 0.614062 0.656250 0.028125 0.031250
0 0.189062 0.795312 0.028125 0.028125
0 0.301563 0.703125 0.028125 0.031250
0 0.223438 0.067187 0.028125 0.028125
0 0.215625 0.684375 0.031250 0.031250
0 0.245312 0.798438 0.028125 0.028125
0 0.740625 0.168750 0.031250 0.031250
0 0.278125 0.265625 0.031250 0.031250
0 0.160938 0.687500 0.028125 0.031250
0 0.585938 0.673438 0.028125 0.028125
0 0.648438 0.381250 0.028125 0.031250
0 0.453125 0.200000 0.031250 0.031250
0 0.245312 0.639062 0.028125 0.028125
0 0.081250 0.085938 0.031250 0.028125
0 0.162500 0.428125 0.031250 0.031250
0 0.481250 0.282813 0.031250 0.028125
0 0.796875 0.240625 0.031250 0.031250
0 0.337500 0.295312 0.031250 0.028125
0 0.704688 0.479687 0.028125 0.028125
0 0.676562 0.460938 0.028125 0.028125
0 0.104688 0.231250 0.028125 0.031250
0 0.251563 0.182812 0.028125 0.028125
0 0.223438 0.134375 0.028125 0.031250
0 0.682813 0.104688 0.028125 0.028125
0 0.337500 0.201563 0.031250 0.028125
0 0.425000 0.250000 0.031250 0.031250
0 0.593750 0.379688 0.031250 0.028125
0 0.737500 0.334375 0.031250 0.031250
0 0.450000 0.298438 0.031250 0.028125
0 0.425000 0.087500 0.031250 0.031250
0 0.189062 0.639062 0.028125 0.028125
0 0.073438 0.701562 0.028125 0.028125
0 0.278125 0.298438 0.031250 0.028125
0 0.568750 0.171875 0.031250 0.031250
0 0.471875 0.734375 0.031250 0.031250
0 0.800000 0.537500 0.031250 0.031250
0 0.104688 0.262500 0.028125 0.031250
0 0.109375 0.103125 0.031250 0.031250
0 0.360938 0.637500 0.028125 0.031250
0 0.712500 0.220312 0.031250 0.028125
0 0.078125 0.184375 0.031250 0.031250
0 0.164062 0.298438 0.028125 0.028125
0 0.079687 0.118750 0.028125 0.031250
0 0.481250 0.120313 0.031250 0.028125
0 0.770312 0.156250 0.028125 0.031250
0 0.275000 0.685937 0.031250 0.028125
0 0.560937 0.592187 0.028125 0.028125
0 0.442188 0.718750 0.028125 0.031250
0 0.109375 0.135937 0.031250 0.028125
0 0.415625 0.800000 0.031250 0.031250
0 0.596875 0.120313 0.031250 0.028125
0 0.443750 0.815625 0.031250 0.031250
0 0.253125 0.118750 0.031250 0.031250
0 0.729688 0.595313 0.028125 0.028125
0 0.393750 0.234375 0.031250 0.031250
0 0.595313 0.153125 0.028125 0.031250
0 0.765625 0.253125 0.031250 0.031250
0 0.101562 0.623437 0.028125 0.028125
0 0.626563 0.168750 0.028125 0.031250
0 0.800000 0.106250 0.031250 0.031250
0 0.615625 0.725000 0.031250 0.031250
0 0.625000 0.203125 0.031250 0.031250
0 0.701562 0.610938 0.028125 0.028125
0 0.385937 0.817187 0.028125 0.028125
0 0.129688 0.703125 0.028125 0.031250
0 0.193750 0.250000 0.031250 0.031250
0 0.732812 0.529687 0.028125 0.028125
0 0.218750 0.850000 0.031250 0.031250
0 0.221875 0.200000 0.031250 0.031250
0 0.528125 0.668750 0.031250 0.031250
0 0.589063 0.510938 0.028125 0.028125
0 0.104688 0.331250 0.028125 0.031250
0 0.615625 0.765625 0.031250 0.031250
0 0.301563 0.607812 0.028125 0.028125
0 0.565625 0.103125 0.031250 0.031250
0 0.160938 0.656250 0.028125 0.031250
0 0.076563 0.732812 0.028125 0.028125
0 0.393750 0.329688 0.031250 0.028125
0 0.276562 0.462500 0.028125 0.031250
0 0.073438 0.670312 0.028125 0.028125
0 0.275000 0.918750 0.031250 0.031250
0 0.481250 0.151562 0.031250 0.028125
0 0.221875 0.167187 0.031250 0.028125
0 0.537500 0.315625 0.031250 0.031250
0 0.506250 0.331250 0.031250 0.031250
0 0.679688 0.364063 0.028125 0.028125
0 0.712500 0.189062 0.031250 0.028125
0 0.590625 0.787500 0.031250 0.031250
0 0.104688 0.396875 0.028125 0.031250
0 0.642188 0.743750 0.028125 0.031250
0 0.109375 0.200000 0.031250 0.031250
0 0.195312 0.051562 0.028125 0.028125
0 0.385937 0.782813 0.028125 0.028125
0 0.731250 0.660937 0.031250 0.028125
0 0.276562 0.881250 0.028125 0.031250
0 0.828125 0.321875 0.031250 0.031250
0 0.275000 0.815625 0.031250 0.031250
0 0.304688 0.539062 0.028125 0.028125
0 0.617188 0.557813 0.028125 0.028125
0 0.593750 0.315625 0.031250 0.031250
0 0.509375 0.135937 0.031250 0.028125
0 0.190625 0.314063 0.031250 0.028125
0 0.273438 0.592187 0.028125 0.028125
0 0.453125 0.037500 0.031250 0.031250
0 0.189062 0.829688 0.028125 0.028125
0 0.798438 0.337500 0.028125 0.031250
0 0.539062 0.087500 0.028125 0.031250
0 0.643750 0.609375 0.031250 0.031250
0 0.164062 0.265625 0.028125 0.031250
0 0.673438 0.528125 0.028125 0.031250
0 0.104688 0.493750 0.028125 0.031250
0 0.104688 0.462500 0.028125 0.031250
0 0.764062 0.415625 0.028125 0.031250
0 0.471875 0.671875 0.031250 0.031250
0 0.595313 0.087500 0.028125 0.031250
0 0.160938 0.460938 0.028125 0.028125
0 0.076563 0.542188 0.028125 0.028125
0 0.078125 0.892188 0.031250 0.028125
0 0.304688 0.473438 0.028125 0.028125
0 0.771875 0.610938 0.031250 0.034375
0 0.509375 0.070312 0.031250 0.028125
0 0.701562 0.642188 0.028125 0.028125
0 0.643750 0.514062 0.031250 0.028125
0 0.132812 0.890625 0.028125 0.031250
0 0.793750 0.401562 0.031250 0.028125
0 0.134375 0.640625 0.031250 0.031250
0 0.250000 0.281250 0.031250 0.031250
0 0.048438 0.331250 0.028125 0.031250
0 0.818750 0.453125 0.031250 0.031250
0 0.106250 0.298438 0.031250 0.028125
0 0.396875 0.037500 0.031250 0.031250
0 0.245312 0.476562 0.028125 0.028125
0 0.051562 0.103125 0.028125 0.031250
0 0.654687 0.218750 0.028125 0.031250
0 0.642188 0.673438 0.028125 0.028125
0 0.103125 0.779687 0.025000 0.028125
0 0.301563 0.576562 0.028125 0.028125
0 0.771875 0.287500 0.031250 0.031250
0 0.073438 0.826562 0.028125 0.028125
0 0.220312 0.231250 0.028125 0.031250
0 0.160938 0.845313 0.028125 0.028125
0 0.728125 0.628125 0.031250 0.031250
0 0.329688 0.784375 0.028125 0.031250
0 0.417187 0.573438 0.028125 0.028125
0 0.103125 0.429688 0.031250 0.028125
0 0.334375 0.362500 0.031250 0.031250
0 0.104688 0.560937 0.028125 0.028125
0 0.454688 0.103125 0.028125 0.031250
0 0.585938 0.640625 0.028125 0.031250
0 0.510938 0.235937 0.028125 0.028125
0 0.740625 0.040625 0.031250 0.031250
0 0.798438 0.075000 0.028125 0.031250
0 0.365625 0.215625 0.031250 0.031250
0 0.165625 0.134375 0.031250 0.031250
0 0.503125 0.589063 0.031250 0.028125
0 0.218750 0.815625 0.031250 0.031250
0 0.423438 0.182812 0.028125 0.028125
0 0.335938 0.231250 0.028125 0.031250
0 0.248438 0.509375 0.028125 0.031250
0 0.614062 0.623437 0.028125 0.028125
0 0.535937 0.346875 0.028125 0.031250
0 0.245312 0.412500 0.028125 0.031250
0 0.415625 0.670312 0.031250 0.028125
0 0.076563 0.510938 0.028125 0.028125
0 0.642188 0.640625 0.028125 0.031250
0 0.045312 0.495312 0.028125 0.028125
0 0.504687 0.395313 0.028125 0.028125
0 0.676562 0.431250 0.028125 0.031250
0 0.160938 0.557813 0.028125 0.028125
0 0.190625 0.410938 0.031250 0.028125
0 0.587500 0.573438 0.031250 0.028125
0 0.442188 0.782813 0.028125 0.028125
0 0.045312 0.817187 0.028125 0.028125
0 0.829688 0.189062 0.034375 0.034375
0 0.051562 0.068750 0.028125 0.031250
0 0.425000 0.054688 0.031250 0.028125
0 0.365625 0.346875 0.031250 0.031250
0 0.556250 0.750000 0.031250 0.031250
0 0.448437 0.493750 0.028125 0.031250
0 0.557813 0.623437 0.028125 0.028125
0 0.275000 0.784375 0.031250 0.031250
0 0.253125 0.053125 0.031250 0.031250
0 0.159375 0.878125 0.031250 0.031250
0 0.800000 0.040625 0.031250 0.031250
0 0.682813 0.201563 0.028125 0.028125
0 0.740625 0.204687 0.031250 0.028125
0 0.190625 0.445312 0.031250 0.028125
0 0.673438 0.559375 0.028125 0.031250
0 0.565625 0.298438 0.031250 0.028125
0 0.162500 0.396875 0.031250 0.031250
0 0.107813 0.167187 0.028125 0.028125
0 0.471875 0.767188 0.031250 0.028125
0 0.795312 0.370312 0.028125 0.028125
0 0.414062 0.831250 0.028125 0.031250
0 0.712500 0.089063 0.031250 0.028125
0 0.564063 0.398438 0.028125 0.028125
0 0.621875 0.798438 0.031250 0.028125
0 0.532813 0.509375 0.028125 0.031250
0 0.331250 0.589063 0.031250 0.028125
0 0.185938 0.765625 0.028125 0.031250
0 0.454688 0.135937 0.028125 0.028125
0 0.078125 0.314063 0.031250 0.028125
0 0.135937 0.217188 0.028125 0.028125
0 0.535937 0.410938 0.028125 0.028125
0 0.564063 0.364063 0.028125 0.028125
0 0.707812 0.253125 0.028125 0.031250
0 0.048438 0.398438 0.028125 0.028125
0 0.103125 0.717187 0.025000 0.028125
0 0.768750 0.317188 0.031250 0.028125
0 0.740625 0.303125 0.031250 0.031250
0 0.329688 0.654687 0.028125 0.028125
0 0.448437 0.457813 0.028125 0.028125
0 0.759375 0.581250 0.031250 0.031250
0 0.331250 0.623437 0.031250 0.028125
0 0.050000 0.165625 0.031250 0.031250
0 0.654687 0.054688 0.028125 0.028125
0 0.771875 0.089063 0.031250 0.028125
0 0.021875 0.215625 0.031250 0.031250
0 0.620313 0.364063 0.028125 0.028125
0 0.189062 0.670312 0.028125 0.028125
0 0.676562 0.398438 0.028125 0.028125
0 0.448437 0.331250 0.028125 0.031250
0 0.335938 0.329688 0.028125 0.028125
0 0.539062 0.054688 0.028125 0.028125
0 0.539062 0.184375 0.028125 0.031250
0 0.454688 0.071875 0.028125 0.031250
0 0.048438 0.234375 0.028125 0.031250
0 0.359375 0.703125 0.031250 0.031250
0 0.307812 0.282813 0.028125 0.028125
0 0.334375 0.393750 0.031250 0.031250
0 0.565625 0.331250 0.031250 0.031250
0 0.331250 0.685937 0.031250 0.028125
0 0.707812 0.315625 0.028125 0.031250
0 0.798438 0.306250 0.028125 0.031250
0 0.132812 0.576562 0.028125 0.028125
0 0.101562 0.814063 0.028125 0.028125
0 0.453125 0.168750 0.031250 0.031250
0 0.251563 0.151562 0.028125 0.028125
0 0.707812 0.348438 0.028125 0.028125
0 0.426563 0.120313 0.028125 0.028125
0 0.510938 0.201563 0.028125 0.028125
0 0.643750 0.545312 0.031250 0.028125
0 0.076563 0.857812 0.028125 0.028125
0 0.079687 0.151562 0.028125 0.028125
0 0.614062 0.592187 0.028125 0.028125
0 0.385937 0.654687 0.028125 0.028125
0 0.792188 0.435937 0.028125 0.028125
0 0.362500 0.314063 0.031250 0.028125
0 0.787500 0.506250 0.031250 0.031250
0 0.540625 0.251563 0.031250 0.028125
0 0.273438 0.557813 0.028125 0.028125
0 0.164062 0.362500 0.028125 0.031250
0 0.245312 0.701562 0.028125 0.028125
0 0.510938 0.103125 0.028125 0.031250
0 0.192188 0.182812 0.028125 0.028125
0 0.076563 0.575000 0.028125 0.031250
0 0.190625 0.346875 0.031250 0.031250
0 0.250000 0.375000 0.031250 0.031250
0 0.796875 0.206250 0.031250 0.031250
0 0.301563 0.735938 0.028125 0.028125
0 0.498437 0.748437 0.028125 0.028125
0 0.275000 0.717187 0.031250 0.028125
0 0.167187 0.037500 0.028125 0.031250
0 0.387500 0.878125 0.031250 0.031250
0 0.217188 0.495312 0.028125 0.028125
0 0.479687 0.314063 0.028125 0.028125
0 0.537500 0.284375 0.031250 0.031250
0 0.562500 0.429688 0.031250 0.028125
0 0.304688 0.442188 0.028125 0.028125
0 0.768750 0.057813 0.031250 0.028125
0 0.104688 0.362500 0.028125 0.031250
0 0.385937 0.846875 0.028125 0.031250
0 0.228125 0.918750 0.031250 0.031250
0 0.470313 0.701562 0.028125 0.028125
0 0.134375 0.442188 0.031250 0.028125
0 0.134375 0.281250 0.031250 0.031250
0 0.075000 0.446875 0.031250 0.031250
0 0.332813 0.493750 0.028125 0.031250
0 0.507812 0.362500 0.028125 0.031250
0 0.053125 0.034375 0.031250 0.031250
0 0.160938 0.493750 0.028125 0.031250
0 0.331250 0.718750 0.031250 0.031250
0 0.650000 0.778125 0.031250 0.031250
0 0.446875 0.557813 0.031250 0.028125
0 0.276562 0.331250 0.028125 0.031250
0 0.357812 0.864062 0.028125 0.028125
0 0.768750 0.220312 0.031250 0.028125
0 0.048438 0.265625 0.028125 0.031250
0 0.567187 0.267188 0.028125 0.028125
0 0.617188 0.464062 0.028125 0.028125
0 0.567187 0.039062 0.028125 0.028125
0 0.104688 0.526563 0.028125 0.028125
0 0.414062 0.735938 0.028125 0.028125
0 0.415625 0.767188 0.031250 0.028125
0 0.304688 0.831250 0.028125 0.031250
0 0.535937 0.379688 0.028125 0.028125
0 0.132812 0.732812 0.028125 0.028125
0 0.760938 0.448437 0.028125 0.028125
0 0.814063 0.487500 0.034375 0.031250
0 0.673438 0.593750 0.028125 0.031250
0 0.732812 0.464062 0.028125 0.028125
0 0.220312 0.393750 0.028125 0.031250
0 0.706250 0.382812 0.031250 0.028125
0 0.189062 0.892188 0.028125 0.028125
0 0.735938 0.398438 0.028125 0.028125
0 0.825000 0.356250 0.031250 0.031250
0 0.529687 0.637500 0.028125 0.031250
0 0.618750 0.431250 0.031250 0.031250
0 0.529687 0.732812 0.028125 0.028125
0 0.556250 0.685937 0.031250 0.028125
0 0.139063 0.118750 0.028125 0.031250
0 0.759375 0.515625 0.031250 0.031250
0 0.220312 0.884375 0.028125 0.031250
0 0.625000 0.039062 0.031250 0.028125
0 0.132812 0.828125 0.028125 0.031250
0 0.045312 0.529687 0.028125 0.028125
0 0.828125 0.387500 0.031250 0.031250
0 0.790625 0.571875 0.031250 0.031250
0 0.676562 0.495312 0.028125 0.028125
0 0.560937 0.493750 0.028125 0.031250
0 0.195312 0.118750 0.028125 0.031250
0 0.215625 0.782813 0.031250 0.028125
0 0.537500 0.021875 0.031250 0.031250
0 0.442188 0.620313 0.028125 0.028125
0 0.104688 0.876563 0.028125 0.028125
0 0.045312 0.560937 0.028125 0.028125
0 0.829688 0.121875 0.034375 0.031250
0 0.504687 0.429688 0.028125 0.028125
0 0.329688 0.748437 0.028125 0.028125
0 0.159375 0.623437 0.031250 0.028125
0 0.442188 0.751563 0.028125 0.028125
0 0.589063 0.542188 0.028125 0.028125
0 0.045312 0.689063 0.028125 0.028125
0 0.785937 0.467187 0.028125 0.028125
0 0.364063 0.507812 0.028125 0.028125
0 0.385937 0.685937 0.028125 0.028125
0 0.645312 0.479687 0.028125 0.028125
0 0.425000 0.151562 0.031250 0.028125
0 0.470313 0.798438 0.028125 0.028125
0 0.245312 0.670312 0.028125 0.028125
0 0.165625 0.101562 0.031250 0.028125
0 0.045312 0.462500 0.028125 0.031250
0 0.362500 0.478125 0.031250 0.031250
0 0.357812 0.831250 0.028125 0.031250
0 0.829688 0.220312 0.034375 0.034375
0 0.642188 0.709375 0.028125 0.031250
0 0.304688 0.378125 0.028125 0.031250
0 0.396875 0.267188 0.031250 0.028125
0 0.682813 0.170313 0.028125 0.028125
0 0.101562 0.685937 0.028125 0.028125
0 0.654687 0.187500 0.028125 0.031250
0 0.217188 0.623437 0.028125 0.028125
0 0.414062 0.701562 0.028125 0.028125
0 0.529687 0.764062 0.028125 0.028125
0 0.739062 0.073438 0.028125 0.028125
0 0.159375 0.526563 0.031250 0.028125
0 0.592187 0.414062 0.028125 0.028125
0 0.648438 0.445312 0.028125 0.028125
0 0.276562 0.362500 0.028125 0.031250
0 0.278125 0.234375 0.031250 0.031250
0 0.132812 0.346875 0.028125 0.031250
0 0.589063 0.448437 0.028125 0.028125
0 0.735938 0.365625 0.028125 0.031250
0 0.189062 0.701562 0.028125 0.028125
0 0.045312 0.784375 0.028125 0.031250
0 0.045312 0.592187 0.028125 0.028125
0 0.681250 0.331250 0.031250 0.031250
0 0.334375 0.428125 0.031250 0.031250
0 0.596875 0.218750 0.031250 0.031250
0 0.740625 0.237500 0.031250 0.031250
0 0.139063 0.150000 0.028125 0.031250
0 0.073438 0.795312 0.028125 0.028125
0 0.281250 0.070312 0.031250 0.028125
0 0.504687 0.492188 0.028125 0.028125
0 0.132812 0.796875 0.028125 0.031250
0 0.018750 0.381250 0.031250 0.031250
0 0.275000 0.846875 0.031250 0.031250
0 0.045312 0.848437 0.028125 0.028125
0 0.103125 0.918750 0.031250 0.031250
0 0.421875 0.346875 0.031250 0.031250
0 0.476562 0.542188 0.028125 0.028125
0 0.557813 0.654687 0.028125 0.028125
0 0.332813 0.557813 0.028125 0.028125
0 0.423438 0.314063 0.028125 0.028125
0 0.396875 0.103125 0.031250 0.031250
0 0.534375 0.445312 0.031250 0.028125
0 0.423438 0.282813 0.028125 0.028125
0 0.479687 0.054688 0.028125 0.028125
0 0.593750 0.348438 0.031250 0.028125
0 0.101562 0.592187 0.028125 0.028125
0 0.425000 0.018750 0.031250 0.031250
0 0.473438 0.573438 0.028125 0.028125
0 0.332813 0.460938 0.028125 0.028125
0 0.075000 0.218750 0.031250 0.031250
0 0.759375 0.481250 0.031250 0.031250
0 0.132812 0.542188 0.028125 0.028125
0 0.221875 0.101562 0.031250 0.028125
0 0.307812 0.154688 0.028125 0.028125
0 0.560937 0.557813 0.028125 0.028125
0 0.279687 0.167187 0.028125 0.028125
0 0.165625 0.167187 0.031250 0.028125
0 0.710938 0.057813 0.028125 0.028125
0 0.650000 0.348438 0.031250 0.028125
0 0.732812 0.498437 0.028125 0.028125
0 0.446875 0.525000 0.031250 0.031250
0 0.025000 0.084375 0.031250 0.031250
0 0.587500 0.607812 0.031250 0.028125
0 0.414062 0.639062 0.028125 0.028125
0 0.329688 0.815625 0.028125 0.031250
0 0.048438 0.429688 0.028125 0.028125
0 0.504687 0.526563 0.028125 0.028125
0 0.018750 0.246875 0.031250 0.031250
0 0.357812 0.735938 0.028125 0.028125
0 0.273438 0.623437 0.028125 0.028125
0 0.679688 0.268750 0.028125 0.031250
0 0.445312 0.651563 0.028125 0.028125
0 0.532813 0.573438 0.028125 0.028125
0 0.532813 0.476562 0.028125 0.028125
0 0.301563 0.767188 0.028125 0.028125
0 0.132812 0.670312 0.028125 0.028125
0 0.596875 0.054688 0.031250 0.028125
0 0.273438 0.654687 0.028125 0.028125
0 0.217188 0.429688 0.028125 0.028125
0 0.756250 0.640625 0.031250 0.031250
0 0.509375 0.300000 0.031250 0.031250
0 0.250000 0.900000 0.031250 0.031250
0 0.132812 0.765625 0.028125 0.031250
0 0.045312 0.720313 0.028125 0.028125
0 0.185938 0.732812 0.028125 0.028125
0 0.681250 0.071875 0.031250 0.031250
0 0.360938 0.607812 0.028125 0.028125
0 0.679688 0.300000 0.028125 0.031250
0 0.303125 0.901563 0.031250 0.028125
0 0.246875 0.445312 0.031250 0.028125
0 0.445312 0.589063 0.028125 0.028125
0 0.356250 0.768750 0.031250 0.031250
0 0.220312 0.331250 0.028125 0.031250
0 0.018750 0.412500 0.031250 0.031250
0 0.473438 0.637500 0.028125 0.031250
0 0.220312 0.265625 0.028125 0.031250
0 0.218750 0.298438 0.031250 0.028125
0 0.300000 0.670312 0.031250 0.028125
0 0.510938 0.168750 0.028125 0.031250
0 0.734375 0.431250 0.031250 0.031250
0 0.529687 0.701562 0.028125 0.028125
0 0.079687 0.051562 0.028125 0.028125
0 0.217188 0.717187 0.028125 0.028125
0 0.620313 0.332813 0.028125 0.028125
0 0.473438 0.607812 0.028125 0.028125
0 0.132812 0.860938 0.028125 0.028125
0 0.501563 0.620313 0.028125 0.028125
0 0.076563 0.479687 0.028125 0.028125
0 0.704688 0.446875 0.028125 0.031250
0 0.357812 0.670312 0.028125 0.028125
0 0.595313 0.251563 0.028125 0.028125
0 0.048438 0.298438 0.028125 0.028125
0 0.190625 0.381250 0.031250 0.031250
0 0.075000 0.250000 0.031250 0.031250
0 0.304688 0.864062 0.028125 0.028125
0 0.557813 0.717187 0.028125 0.028125
0 0.360938 0.573438 0.028125 0.028125
0 0.417187 0.542188 0.028125 0.028125
0 0.482812 0.087500 0.028125 0.031250
0 0.250000 0.312500 0.031250 0.031250
0 0.132812 0.604688 0.028125 0.028125
0 0.504687 0.460938 0.028125 0.028125
0 0.393750 0.298438 0.031250 0.028125
0 0.395313 0.067187 0.028125 0.028125
0 0.337500 0.264062 0.031250 0.028125
0 0.389062 0.493750 0.028125 0.031250
0 0.623437 0.267188 0.028125 0.028125
0 0.020313 0.151562 0.034375 0.034375
0 0.132812 0.510938 0.028125 0.028125
0 0.417187 0.867188 0.028125 0.028125
0 0.304688 0.348438 0.028125 0.028125
0 0.356250 0.798438 0.031250 0.028125
0 0.045312 0.753125 0.028125 0.031250
0 0.481250 0.020313 0.031250 0.028125
0 0.392188 0.426563 0.028125 0.028125
0 0.509375 0.035937 0.031250 0.028125
0 0.245312 0.607812 0.028125 0.028125
0 0.165625 0.198437 0.031250 0.028125
0 0.476562 0.476562 0.028125 0.028125
0 0.498437 0.781250 0.028125 0.031250
0 0.529687 0.542188 0.028125 0.028125
0 0.559375 0.843750 0.031250 0.031250
0 0.304688 0.314063 0.028125 0.028125
0 0.251563 0.085938 0.028125 0.028125
0 0.329688 0.848437 0.028125 0.028125
0 0.339062 0.167187 0.028125 0.028125
0 0.767188 0.384375 0.028125 0.031250
0 0.159375 0.748437 0.031250 0.028125
0 0.101562 0.748437 0.028125 0.028125
0 0.529687 0.604688 0.028125 0.028125
0 0.073438 0.607812 0.028125 0.028125
0 0.417187 0.510938 0.028125 0.028125
0 0.362500 0.445312 0.031250 0.028125
0 0.043750 0.657813 0.031250 0.028125
0 0.651563 0.317188 0.028125 0.028125
0 0.418750 0.445312 0.031250 0.028125
0 0.276562 0.426563 0.028125 0.028125
0 0.132812 0.476562 0.028125 0.028125
0 0.531250 0.796875 0.031250 0.031250
0 0.682813 0.040625 0.028125 0.031250
0 0.185938 0.607812 0.028125 0.028125
0 0.279687 0.103125 0.028125 0.031250
0 0.560937 0.460938 0.028125 0.028125
0 0.710938 0.284375 0.028125 0.031250
0 0.450000 0.362500 0.031250 0.031250
0 0.273438 0.492188 0.028125 0.028125
0 0.043750 0.625000 0.031250 0.031250
0 0.392188 0.362500 0.028125 0.031250
0 0.617188 0.495312 0.028125 0.028125
0 0.218750 0.360938 0.031250 0.028125
0 0.596875 0.818750 0.031250 0.031250
0 0.048438 0.364063 0.028125 0.028125
0 0.276562 0.395313 0.028125 0.028125
0 0.360938 0.542188 0.028125 0.028125
0 0.417187 0.900000 0.034375 0.031250
0 0.389062 0.462500 0.028125 0.031250
0 0.281250 0.134375 0.031250 0.031250
0 0.706250 0.415625 0.031250 0.031250
0 0.476562 0.379688 0.028125 0.028125
0 0.159375 0.814063 0.031250 0.028125
0 0.221875 0.034375 0.031250 0.031250
0 0.018750 0.315625 0.031250 0.031250
0 0.828125 0.059375 0.031250 0.031250
0 0.339062 0.034375 0.028125 0.031250
0 0.356250 0.896875 0.031250 0.031250
0 0.393750 0.203125 0.031250 0.031250
0 0.217188 0.462500 0.028125 0.031250
0 0.365625 0.381250 0.031250 0.031250
0 0.134375 0.378125 0.031250 0.031250
0 0.725000 0.693750 0.031250 0.031250
0 0.450000 0.892188 0.031250 0.034375
0 0.192188 0.281250 0.028125 0.031250
0 0.698438 0.673438 0.028125 0.028125
0 0.329688 0.918750 0.034375 0.031250
0 0.800000 0.273438 0.031250 0.028125
0 0.645312 0.414062 0.028125 0.028125
0 0.160938 0.331250 0.028125 0.031250
0 0.195312 0.085938 0.028125 0.028125
0 0.332813 0.526563 0.028125 0.028125
0 0.673438 0.756250 0.028125 0.031250
0 0.304688 0.507812 0.028125 0.028125
0 0.620313 0.398438 0.028125 0.028125
0 0.306250 0.409375 0.031250 0.031250
0 0.309375 0.118750 0.031250 0.031250
0 0.385937 0.909375 0.028125 0.031250
0 0.139063 0.085938 0.028125 0.028125
0 0.276562 0.523438 0.028125 0.028125
0 0.132812 0.410938 0.028125 0.028125
0 0.595313 0.023438 0.028125 0.028125
0 0.417187 0.476562 0.028125 0.028125
0 0.162500 0.917188 0.031250 0.034375
0 0.564063 0.812500 0.028125 0.031250
0 0.387500 0.590625 0.031250 0.031250
0 0.617188 0.526563 0.028125 0.028125
0 0.160938 0.589063 0.028125 0.028125
0 0.021875 0.182812 0.031250 0.028125
0 0.189062 0.860938 0.028125 0.028125
0 0.245312 0.542188 0.028125 0.028125
0 0.043750 0.881250 0.031250 0.031250
0 0.714063 0.026562 0.028125 0.028125
0 0.529687 0.828125 0.028125 0.031250
0 0.192188 0.476562 0.028125 0.028125
0 0.250000 0.345313 0.031250 0.028125
0 0.017188 0.704688 0.028125 0.028125
0 0.337500 0.135937 0.031250 0.028125
0 0.503125 0.557813 0.025000 0.028125
0 0.309375 0.021875 0.031250 0.031250
0 0.189062 0.514062 0.028125 0.028125
0 0.167187 0.070312 0.028125 0.028125
0 0.018750 0.510938 0.031250 0.028125
0 0.040625 0.918750 0.031250 0.031250
0 0.531250 0.859375 0.031250 0.031250
0 0.192188 0.151562 0.028125 0.028125
0 0.368750 0.020313 0.031250 0.028125
0 0.017188 0.545312 0.028125 0.028125
0 0.021875 0.115625 0.031250 0.031250
0 0.668750 0.725000 0.031250 0.031250
0 0.828125 0.090625 0.031250 0.031250
0 0.737500 0.271875 0.031250 0.031250
0 0.251563 0.021875 0.028125 0.031250
0 0.442188 0.846875 0.028125 0.031250
0 0.476562 0.507812 0.028125 0.028125
0 0.468750 0.865625 0.031250 0.031250
0 0.193750 0.921875 0.031250 0.031250
0 0.071875 0.921875 0.031250 0.031250
0 0.389062 0.560937 0.028125 0.028125
0 0.137500 0.021875 0.031250 0.031250
0 0.248438 0.576562 0.028125 0.028125
0 0.417187 0.604688 0.028125 0.028125
0 0.075000 0.410938 0.031250 0.028125
0 0.500000 0.875000 0.031250 0.031250
0 0.770312 0.025000 0.028125 0.031250
0 0.301563 0.800000 0.028125 0.031250
0 0.076563 0.378125 0.028125 0.031250
0 0.076563 0.346875 0.028125 0.031250
0 0.448437 0.395313 0.028125 0.028125
0 0.217188 0.526563 0.028125 0.028125
0 0.390625 0.395313 0.031250 0.028125
0 0.025000 0.018750 0.031250 0.031250
0 0.110937 0.034375 0.028125 0.031250
0 0.420312 0.379688 0.028125 0.028125
0 0.017188 0.768750 0.028125 0.031250
0 0.389062 0.623437 0.028125 0.028125
0 0.557813 0.781250 0.028125 0.031250
0 0.389062 0.526563 0.028125 0.028125
0 0.017188 0.737500 0.028125 0.031250
0 0.018750 0.281250 0.031250 0.031250
0 0.329688 0.882812 0.028125 0.028125
0 0.281250 0.037500 0.031250 0.031250
0 0.195312 0.020313 0.028125 0.028125
0 0.421875 0.412500 0.031250 0.031250
0 0.478125 0.348438 0.025000 0.028125
0 0.448437 0.426563 0.028125 0.028125
0 0.079687 0.020313 0.028125 0.028125
0 0.476562 0.410938 0.028125 0.028125
0 0.398438 0.134375 0.028125 0.031250
0 0.017188 0.607812 0.028125 0.028125
0 0.139063 0.054688 0.028125 0.028125
0 0.828125 0.256250 0.031250 0.031250
0 0.134375 0.921875 0.031250 0.031250
0 0.829688 0.287500 0.034375 0.031250
0 0.367188 0.120313 0.028125 0.028125
0 0.501563 0.810937 0.028125 0.028125
0 0.653125 0.021875 0.031250 0.031250
0 0.017188 0.673438 0.028125 0.028125
0 0.020313 0.346875 0.028125 0.031250
0 0.018750 0.865625 0.031250 0.031250
0 0.189062 0.545312 0.028125 0.028125
0 0.367188 0.051562 0.028125 0.028125
0 0.014063 0.576562 0.028125 0.028125
0 0.017188 0.834375 0.028125 0.031250
0 0.248438 0.217188 0.028125 0.028125
0 0.500000 0.843750 0.031250 0.031250
0 0.018750 0.443750 0.031250 0.031250
0 0.018750 0.478125 0.031250 0.031250
