0 0.729688 0.890625 0.028125 0.031250
0 0.229687 0.828125 0.028125 0.031250
0 0.220312 0.795312 0.028125 0.028125
0 0.137500 0.918750 0.031250 0.031250
0 0.075000 0.703125 0.031250 0.031250
0 0.148438 0.953125 0.028125 0.031250
0 0.696875 0.882812 0.031250 0.028125
0 0.259375 0.725000 0.031250 0.031250
0 0.771875 0.928125 0.031250 0.031250
0 0.173437 0.703125 0.028125 0.031250
0 0.706250 0.914062 0.031250 0.028125
0 0.131250 0.796875 0.031250 0.031250
0 0.640625 0.637500 0.031250 0.031250
0 0.079687 0.759375 0.028125 0.031250
0 0.287500 0.815625 0.031250 0.031250
0 0.565625 0.764062 0.031250 0.028125
0 0.096875 0.881250 0.031250 0.031250
0 0.514062 0.607812 0.028125 0.028125
0 0.185938 0.875000 0.028125 0.031250
0 0.210938 0.764062 0.028125 0.028125
0 0.693750 0.970313 0.031250 0.034375
0 0.078125 0.584375 0.031250 0.031250
0 0.126562 0.617188 0.028125 0.028125
0 0.664062 0.876563 0.028125 0.028125
0 0.331250 0.768750 0.031250 0.031250
0 0.317188 0.904687 0.028125 0.028125
0 0.751563 0.953125 0.028125 0.031250
0 0.682813 0.935937 0.028125 0.028125
0 0.198437 0.731250 0.028125 0.031250
0 0.120313 0.856250 0.028125 0.031250
0 0.421875 0.407813 0.031250 0.028125
0 0.484375 0.687500 0.031250 0.031250
0 0.210938 0.531250 0.028125 0.031250
0 0.793750 0.901563 0.031250 0.034375
0 0.395313 0.782813 0.028125 0.028125
0 0.739062 0.921875 0.028125 0.031250
0 0.292187 0.929688 0.028125 0.028125
0 0.504687 0.576562 0.028125 0.028125
0 0.651563 0.842187 0.028125 0.028125
0 0.110937 0.700000 0.028125 0.031250
0 0.651563 0.581250 0.028125 0.031250
0 0.253125 0.804688 0.031250 0.028125
0 0.684375 0.760938 0.031250 0.028125
0 0.503125 0.839063 0.031250 0.028125
0 0.495312 0.459375 0.028125 0.031250
0 0.501563 0.750000 0.028125 0.031250
0 0.362500 0.862500 0.031250 0.031250
0 0.598437 0.684375 0.028125 0.031250
0 0.459375 0.796875 0.031250 0.031250
0 0.771875 0.839063 0.031250 0.028125
0 0.515625 0.870313 0.031250 0.028125
0 0.059375 0.614062 0.031250 0.028125
0 0.546875 0.878125 0.031250 0.031250
0 0.660937 0.612500 0.028125 0.031250
0 0.260937 0.504687 0.028125 0.028125
0 0.632812 0.690625 0.028125 0.031250
0 0.718750 0.859375 0.031250 0.031250
0 0.578125 0.798438 0.031250 0.028125
0 0.179688 0.587500 0.028125 0.031250
0 0.387500 0.493750 0.031250 0.031250
0 0.412500 0.468750 0.031250 0.031250
0 0.167187 0.812500 0.028125 0.031250
0 0.565625 0.676562 0.031250 0.028125
0 0.554688 0.557813 0.028125 0.028125
0 0.523438 0.639062 0.028125 0.028125
0 0.525000 0.551562 0.031250 0.028125
0 0.640625 0.550000 0.031250 0.031250
0 0.534375 0.670312 0.031250 0.028125
0 0.239063 0.415625 0.028125 0.031250
0 0.370312 0.895312 0.028125 0.028125
0 0.609375 0.806250 0.031250 0.031250
0 0.545312 0.701562 0.028125 0.028125
0 0.598437 0.859375 0.028125 0.031250
0 0.278125 0.696875 0.031250 0.031250
0 0.128125 0.559375 0.031250 0.031250
0 0.351562 0.829688 0.028125 0.028125
0 0.323437 0.737500 0.028125 0.031250
0 0.209375 0.475000 0.031250 0.031250
0 0.673438 0.907813 0.028125 0.028125
0 0.053125 0.925000 0.031250 0.031250
0 0.578125 0.534375 0.031250 0.031250
0 0.143750 0.834375 0.031250 0.031250
0 0.354687 0.745313 0.028125 0.028125
0 0.437500 0.821875 0.031250 0.031250
0 0.484375 0.425000 0.031250 0.031250
0 0.110937 0.643750 0.028125 0.031250
0 0.557813 0.823438 0.028125 0.028125
0 0.246875 0.892188 0.031250 0.028125
0 0.610938 0.893750 0.028125 0.031250
0 0.356250 0.392188 0.031250 0.028125
0 0.339062 0.885938 0.028125 0.028125
0 0.323437 0.565625 0.028125 0.031250
0 0.384375 0.839063 0.031250 0.028125
0 0.268750 0.756250 0.031250 0.031250
0 0.239063 0.859375 0.028125 0.031250
0 0.192188 0.559375 0.028125 0.031250
0 0.439063 0.735938 0.028125 0.028125
0 0.095312 0.501563 0.028125 0.028125
0 0.354687 0.484375 0.028125 0.031250
0 0.715625 0.768750 0.031250 0.031250
0 0.609375 0.715625 0.031250 0.031250
0 0.242188 0.589063 0.028125 0.028125
0 0.042188 0.703125 0.028125 0.031250
0 0.670312 0.732812 0.028125 0.028125
0 0.429688 0.531250 0.028125 0.031250
0 0.356250 0.570312 0.031250 0.028125
0 0.235937 0.700000 0.028125 0.031250
0 0.526563 0.814063 0.028125 0.028125
0 0.100000 0.787500 0.031250 0.031250
0 0.403125 0.815625 0.031250 0.031250
0 0.453125 0.415625 0.031250 0.031250
0 0.378125 0.459375 0.031250 0.031250
0 0.082812 0.937500 0.028125 0.031250
0 0.576562 0.710938 0.028125 0.028125
0 0.179688 0.757812 0.028125 0.028125
0 0.043750 0.642188 0.031250 0.028125
0 0.429688 0.701562 0.028125 0.028125
0 0.057813 0.837500 0.034375 0.031250
0 0.093750 0.673438 0.031250 0.028125
0 0.046875 0.585938 0.031250 0.028125
0 0.178125 0.475000 0.031250 0.031250
0 0.043750 0.412500 0.031250 0.031250
0 0.448437 0.767188 0.028125 0.028125
0 0.642188 0.810937 0.028125 0.028125
0 0.471875 0.570312 0.031250 0.028125
0 0.282813 0.900000 0.028125 0.031250
0 0.587500 0.654687 0.031250 0.028125
0 0.784375 0.871875 0.031250 0.031250
0 0.714063 0.684375 0.028125 0.031250
0 0.126562 0.731250 0.028125 0.031250
0 0.367188 0.517188 0.028125 0.028125
0 0.175000 0.842187 0.031250 0.028125
0 0.693750 0.793750 0.031250 0.031250
0 0.189062 0.789062 0.028125 0.028125
0 0.385937 0.751563 0.028125 0.028125
0 0.629687 0.779687 0.028125 0.028125
0 0.145313 0.589063 0.028125 0.028125
0 0.117188 0.945312 0.028125 0.028125
0 0.515625 0.520312 0.031250 0.028125
0 0.470313 0.826562 0.028125 0.028125
0 0.078125 0.643750 0.031250 0.031250
0 0.278125 0.784375 0.031250 0.031250
0 0.373437 0.806250 0.028125 0.031250
0 0.268750 0.951562 0.031250 0.028125
0 0.334375 0.681250 0.031250 0.031250
0 0.159375 0.729688 0.031250 0.028125
0 0.632812 0.867188 0.028125 0.028125
0 0.300000 0.671875 0.031250 0.031250
0 0.651563 0.756250 0.028125 0.031250
0 0.535937 0.845313 0.028125 0.028125
0 0.609375 0.543750 0.031250 0.031250
0 0.323437 0.937500 0.028125 0.031250
0 0.159375 0.618750 0.031250 0.031250
0 0.556250 0.732812 0.031250 0.028125
0 0.651563 0.931250 0.028125 0.025000
0 0.323437 0.387500 0.028125 0.031250
0 0.493750 0.807813 0.031250 0.028125
0 0.546875 0.526563 0.031250 0.028125
0 0.207813 0.851562 0.028125 0.028125
0 0.142187 0.415625 0.028125 0.031250
0 0.223438 0.617188 0.028125 0.028125
0 0.609375 0.629687 0.031250 0.028125
0 0.342187 0.800000 0.028125 0.031250
0 0.210938 0.589063 0.028125 0.028125
0 0.060937 0.498437 0.028125 0.028125
0 0.370312 0.421875 0.028125 0.031250
0 0.726562 0.800000 0.028125 0.031250
0 0.309375 0.487500 0.031250 0.031250
0 0.334375 0.509375 0.031250 0.031250
0 0.095312 0.729688 0.028125 0.028125
0 0.746875 0.776563 0.031250 0.028125
0 0.195312 0.906250 0.028125 0.031250
0 0.089063 0.846875 0.028125 0.031250
0 0.151562 0.864062 0.028125 0.028125
0 0.242188 0.773438 0.028125 0.028125
0 0.192188 0.503125 0.028125 0.031250
0 0.190625 0.617188 0.031250 0.028125
0 0.059375 0.673438 0.031250 0.028125
0 0.143750 0.475000 0.031250 0.031250
0 0.062500 0.787500 0.031250 0.031250
0 0.576562 0.885938 0.028125 0.028125
0 0.673438 0.817187 0.028125 0.028125
0 0.482812 0.514062 0.028125 0.028125
0 0.315625 0.456250 0.031250 0.031250
0 0.514062 0.696875 0.028125 0.031250
0 0.079687 0.471875 0.028125 0.031250
0 0.292187 0.728125 0.028125 0.031250
0 0.310937 0.792188 0.028125 0.028125
0 0.471875 0.654687 0.031250 0.028125
0 0.545312 0.614062 0.028125 0.028125
0 0.195312 0.820312 0.028125 0.028125
0 0.439063 0.560937 0.028125 0.028125
0 0.739062 0.745313 0.028125 0.028125
0 0.664062 0.785937 0.028125 0.028125
0 0.029687 0.614062 0.028125 0.028125
0 0.226562 0.503125 0.028125 0.031250
0 0.073438 0.901563 0.028125 0.028125
0 0.671875 0.642188 0.031250 0.028125
0 0.028125 0.442188 0.031250 0.028125
0 0.273438 0.589063 0.028125 0.028125
0 0.143750 0.531250 0.031250 0.031250
0 0.457813 0.710938 0.028125 0.028125
0 0.451562 0.504687 0.028125 0.028125
0 0.256250 0.675000 0.031250 0.031250
0 0.062500 0.442188 0.031250 0.028125
0 0.296875 0.846875 0.031250 0.031250
0 0.448437 0.592187 0.028125 0.028125
0 0.395313 0.870313 0.028125 0.028125
0 0.240625 0.475000 0.031250 0.031250
0 0.260937 0.920312 0.028125 0.028125
0 0.175000 0.645312 0.031250 0.028125
0 0.398438 0.698438 0.028125 0.028125
0 0.515625 0.782813 0.031250 0.028125
0 0.525000 0.728125 0.031250 0.031250
0 0.484375 0.776563 0.031250 0.028125
0 0.182812 0.959375 0.028125 0.031250
0 0.464062 0.450000 0.028125 0.031250
0 0.620313 0.835938 0.028125 0.028125
0 0.306250 0.415625 0.031250 0.031250
0 0.223438 0.559375 0.028125 0.031250
0 0.401562 0.901563 0.028125 0.028125
0 0.728125 0.975000 0.031250 0.031250
0 0.275000 0.476562 0.031250 0.028125
0 0.093750 0.614062 0.031250 0.028125
0 0.110937 0.415625 0.028125 0.031250
0 0.426563 0.790625 0.028125 0.031250
0 0.346875 0.628125 0.031250 0.031250
0 0.062500 0.731250 0.031250 0.031250
0 0.367188 0.603125 0.028125 0.031250
0 0.714063 0.587500 0.028125 0.031250
0 0.460938 0.884375 0.028125 0.031250
0 0.640625 0.723437 0.031250 0.028125
0 0.095312 0.384375 0.028125 0.031250
0 0.492188 0.545312 0.028125 0.028125
0 0.618750 0.746875 0.031250 0.031250
0 0.684375 0.851562 0.031250 0.028125
0 0.628125 0.607812 0.031250 0.028125
0 0.693750 0.615625 0.031250 0.031250
0 0.601562 0.509375 0.028125 0.031250
0 0.237500 0.942187 0.031250 0.028125
0 0.345313 0.712500 0.028125 0.031250
0 0.045312 0.759375 0.028125 0.031250
0 0.678125 0.678125 0.031250 0.031250
0 0.142187 0.701562 0.028125 0.028125
0 0.112500 0.475000 0.031250 0.031250
0 0.096875 0.559375 0.031250 0.031250
0 0.157812 0.445312 0.028125 0.028125
0 0.417187 0.759375 0.028125 0.031250
0 0.034375 0.860938 0.031250 0.028125
0 0.306250 0.532813 0.031250 0.028125
0 0.753125 0.864062 0.031250 0.028125
0 0.289062 0.389062 0.028125 0.028125
0 0.460938 0.539062 0.028125 0.028125
0 0.706250 0.826562 0.031250 0.028125
0 0.112500 0.587500 0.031250 0.031250
0 0.260937 0.835938 0.028125 0.028125
0 0.223438 0.671875 0.028125 0.031250
0 0.160938 0.559375 0.028125 0.031250
0 0.190625 0.445312 0.031250 0.028125
0 0.400000 0.435937 0.031250 0.028125
0 0.159375 0.895312 0.031250 0.028125
0 0.473438 0.482812 0.028125 0.028125
0 0.223438 0.445312 0.028125 0.028125
0 0.387500 0.581250 0.031250 0.031250
0 0.207813 0.646875 0.028125 0.031250
0 0.156250 0.778125 0.031250 0.031250
0 0.175000 0.531250 0.031250 0.031250
0 0.026562 0.826562 0.034375 0.034375
0 0.545312 0.790625 0.028125 0.031250
0 0.142187 0.643750 0.028125 0.031250
0 0.125000 0.442188 0.031250 0.028125
0 0.226562 0.385937 0.028125 0.028125
0 0.367188 0.689063 0.028125 0.028125
0 0.107813 0.528125 0.028125 0.031250
0 0.257812 0.560937 0.028125 0.028125
0 0.217188 0.882812 0.028125 0.028125
0 0.126562 0.385937 0.028125 0.028125
0 0.290625 0.562500 0.031250 0.031250
0 0.078125 0.353125 0.031250 0.031250
0 0.492188 0.720313 0.028125 0.028125
0 0.703125 0.656250 0.031250 0.031250
0 0.206250 0.700000 0.031250 0.031250
0 0.160938 0.501563 0.028125 0.028125
0 0.307812 0.876563 0.028125 0.028125
0 0.270313 0.865625 0.028125 0.031250
0 0.482812 0.601562 0.028125 0.028125
0 0.692187 0.707812 0.028125 0.028125
0 0.106250 0.910937 0.031250 0.028125
0 0.817187 0.951562 0.034375 0.034375
0 0.556250 0.645312 0.031250 0.028125
0 0.617188 0.576562 0.028125 0.028125
0 0.417187 0.673438 0.028125 0.028125
0 0.756250 0.807813 0.031250 0.028125
0 0.567187 0.501563 0.028125 0.028125
0 0.081250 0.815625 0.031250 0.031250
0 0.065625 0.870313 0.031250 0.028125
0 0.825000 0.921875 0.031250 0.031250
0 0.317188 0.823438 0.028125 0.028125
0 0.112500 0.823438 0.031250 0.028125
0 0.414062 0.845313 0.028125 0.028125
0 0.026562 0.670312 0.028125 0.028125
0 0.028125 0.381250 0.031250 0.031250
0 0.214062 0.968750 0.028125 0.031250
0 0.128125 0.503125 0.031250 0.031250
0 0.596875 0.598437 0.031250 0.028125
0 0.321875 0.650000 0.031250 0.031250
0 0.787500 0.960938 0.031250 0.034375
0 0.092188 0.968750 0.028125 0.031250
0 0.707812 0.739062 0.028125 0.028125
0 0.417187 0.587500 0.028125 0.031250
0 0.642188 0.898438 0.028125 0.028125
0 0.312500 0.704688 0.031250 0.028125
0 0.489063 0.892188 0.028125 0.028125
0 0.117188 0.760938 0.028125 0.028125
0 0.259375 0.385937 0.031250 0.028125
0 0.348438 0.917188 0.028125 0.028125
0 0.671875 0.553125 0.031250 0.031250
0 0.585938 0.739062 0.028125 0.028125
0 0.717187 0.942187 0.028125 0.028125
0 0.618750 0.660937 0.031250 0.028125
0 0.503125 0.489063 0.031250 0.028125
0 0.043750 0.893750 0.031250 0.031250
0 0.254688 0.445312 0.028125 0.028125
0 0.300000 0.759375 0.031250 0.031250
0 0.535937 0.582812 0.028125 0.028125
0 0.021875 0.918750 0.031250 0.031250
0 0.159375 0.385937 0.031250 0.028125
0 0.362500 0.776563 0.031250 0.028125
0 0.407813 0.642188 0.028125 0.028125
0 0.376563 0.635938 0.028125 0.028125
0 0.078125 0.414062 0.031250 0.028125
0 0.439063 0.650000 0.028125 0.031250
0 0.739062 0.835938 0.028125 0.028125
0 0.587500 0.565625 0.031250 0.031250
0 0.407813 0.726562 0.028125 0.028125
0 0.231250 0.737500 0.031250 0.031250
0 0.576562 0.623437 0.028125 0.028125
0 0.190625 0.673438 0.031250 0.028125
0 0.503125 0.664062 0.031250 0.028125
0 0.028125 0.950000 0.031250 0.031250
0 0.175000 0.414062 0.031250 0.028125
0 0.764062 0.895312 0.028125 0.028125
0 0.534375 0.754687 0.031250 0.028125
0 0.728125 0.714063 0.031250 0.028125
0 0.378125 0.546875 0.031250 0.031250
0 0.207813 0.415625 0.028125 0.031250
0 0.535937 0.496875 0.028125 0.031250
0 0.112500 0.353125 0.031250 0.031250
0 0.429688 0.617188 0.028125 0.028125
0 0.520312 0.434375 0.034375 0.031250
0 0.375000 0.720313 0.031250 0.028125
0 0.028125 0.557813 0.031250 0.028125
0 0.660937 0.703125 0.028125 0.031250
0 0.662500 0.965625 0.031250 0.031250
0 0.239063 0.645312 0.028125 0.028125
0 0.300000 0.959375 0.031250 0.031250
0 0.631250 0.521875 0.031250 0.031250
0 0.192188 0.385937 0.028125 0.028125
0 0.526563 0.465625 0.028125 0.031250
0 0.598437 0.770312 0.028125 0.028125
0 0.435937 0.907813 0.028125 0.028125
0 0.129688 0.889062 0.028125 0.028125
0 0.385937 0.667188 0.028125 0.028125
0 0.245312 0.976562 0.028125 0.028125
0 0.492188 0.632812 0.028125 0.028125
0 0.651563 0.664062 0.028125 0.028125
0 0.557813 0.470313 0.028125 0.028125
0 0.589063 0.829688 0.028125 0.028125
0 0.254688 0.617188 0.028125 0.028125
0 0.350000 0.450000 0.031250 0.031250
0 0.470313 0.742188 0.028125 0.028125
0 0.343750 0.359375 0.031250 0.031250
0 0.409375 0.556250 0.031250 0.031250
0 0.334375 0.968750 0.031250 0.031250
0 0.060937 0.385937 0.028125 0.028125
0 0.790625 0.812500 0.031250 0.031250
0 0.226562 0.915625 0.028125 0.031250
0 0.390625 0.395313 0.031250 0.028125
0 0.431250 0.442188 0.031250 0.028125
0 0.354687 0.659375 0.028125 0.031250
0 0.242188 0.532813 0.028125 0.028125
0 0.451562 0.679688 0.028125 0.028125
0 0.592187 0.478125 0.028125 0.031250
0 0.681250 0.585938 0.031250 0.028125
0 0.271875 0.646875 0.031250 0.031250
0 0.479687 0.860938 0.028125 0.028125
0 0.304688 0.592187 0.028125 0.028125
0 0.154688 0.673438 0.028125 0.028125
0 0.565625 0.590625 0.031250 0.031250
0 0.146875 0.354687 0.031250 0.034375
0 0.567187 0.854688 0.028125 0.028125
0 0.343750 0.540625 0.031250 0.031250
0 0.460938 0.625000 0.028125 0.031250
0 0.379688 0.923438 0.028125 0.028125
0 0.398438 0.610938 0.028125 0.028125
0 0.332813 0.854688 0.028125 0.028125
0 0.453125 0.968750 0.031250 0.031250
0 0.468750 0.915625 0.031250 0.031250
0 0.170313 0.926562 0.028125 0.028125
0 0.125000 0.976562 0.031250 0.028125
0 0.398438 0.523438 0.028125 0.028125
0 0.628125 0.953125 0.031250 0.031250
0 0.620313 0.920312 0.028125 0.028125
0 0.410938 0.371875 0.034375 0.031250
0 0.309375 0.359375 0.031250 0.031250
0 0.815625 0.856250 0.031250 0.031250
0 0.443750 0.939063 0.031250 0.028125
0 0.287500 0.620313 0.031250 0.028125
0 0.273438 0.532813 0.028125 0.028125
0 0.335938 0.598437 0.028125 0.028125
0 0.414062 0.931250 0.028125 0.031250
0 0.046875 0.353125 0.031250 0.031250
0 0.446875 0.854688 0.031250 0.028125
0 0.275000 0.417187 0.031250 0.028125
0 0.076563 0.529687 0.028125 0.028125
0 0.337500 0.418750 0.031250 0.031250
0 0.046875 0.528125 0.031250 0.031250
0 0.826562 0.885938 0.034375 0.034375
0 0.092188 0.445312 0.028125 0.028125
0 0.285938 0.446875 0.028125 0.031250
0 0.443750 0.381250 0.031250 0.031250
0 0.243750 0.356250 0.031250 0.031250
0 0.425000 0.876563 0.031250 0.028125
0 0.123438 0.673438 0.028125 0.028125
0 0.420312 0.501563 0.028125 0.028125
0 0.278125 0.356250 0.031250 0.031250
0 0.212500 0.354687 0.031250 0.034375
0 0.062500 0.960938 0.031250 0.028125
0 0.725000 0.631250 0.031250 0.031250
0 0.207813 0.939063 0.028125 0.028125
0 0.773438 0.753125 0.028125 0.031250
0 0.670312 0.520312 0.034375 0.034375
0 0.028125 0.790625 0.031250 0.031250
0 0.476562 0.392188 0.028125 0.028125
0 0.703125 0.559375 0.031250 0.031250
0 0.442188 0.476562 0.028125 0.028125
0 0.060937 0.557813 0.028125 0.028125
0 0.818750 0.823438 0.031250 0.028125
0 0.178125 0.354687 0.031250 0.034375
0 0.028125 0.734375 0.031250 0.031250
0 0.045312 0.471875 0.028125 0.031250
0 0.028125 0.500000 0.031250 0.031250
0 0.523438 0.901563 0.028125 0.028125
0 0.478125 0.948438 0.025000 0.028125
0 0.812500 0.790625 0.031250 0.031250
0 0.804688 0.757812 0.021875 0.021875
