0 0.146875 0.100000 0.031250 0.031250
0 0.162500 0.131250 0.031250 0.031250
0 0.137500 0.068750 0.031250 0.031250
0 0.706250 0.062500 0.031250 0.031250
0 0.643750 0.917188 0.031250 0.028125
0 0.456250 0.325000 0.031250 0.031250
0 0.731250 0.934375 0.031250 0.031250
0 0.503125 0.862500 0.031250 0.031250
0 0.739062 0.071875 0.028125 0.031250
0 0.051562 0.075000 0.028125 0.031250
0 0.751563 0.103125 0.028125 0.031250
0 0.531250 0.914062 0.031250 0.028125
0 0.415625 0.940625 0.031250 0.031250
0 0.765625 0.715625 0.031250 0.031250
0 0.273438 0.920312 0.028125 0.028125
0 0.473438 0.878125 0.028125 0.031250
0 0.796875 0.562500 0.031250 0.031250
0 0.448437 0.860938 0.028125 0.028125
0 0.821875 0.787500 0.031250 0.031250
0 0.531250 0.881250 0.031250 0.031250
0 0.203125 0.173437 0.031250 0.028125
0 0.729688 0.039062 0.028125 0.028125
0 0.737500 0.768750 0.031250 0.031250
0 0.281250 0.048438 0.031250 0.028125
0 0.184375 0.314063 0.031250 0.028125
0 0.787500 0.109375 0.031250 0.031250
0 0.184375 0.106250 0.031250 0.031250
0 0.420312 0.876563 0.028125 0.028125
0 0.618750 0.412500 0.031250 0.031250
0 0.195312 0.140625 0.028125 0.031250
0 0.237500 0.093750 0.031250 0.031250
0 0.615625 0.371875 0.031250 0.031250
0 0.535937 0.748437 0.028125 0.028125
0 0.771875 0.078125 0.031250 0.031250
0 0.578125 0.329688 0.031250 0.028125
0 0.593750 0.465625 0.031250 0.031250
0 0.554688 0.353125 0.028125 0.031250
0 0.467187 0.357812 0.028125 0.028125
0 0.721875 0.212500 0.031250 0.031250
0 0.615625 0.865625 0.031250 0.031250
0 0.765625 0.750000 0.031250 0.031250
0 0.359375 0.939063 0.031250 0.028125
0 0.614062 0.932813 0.028125 0.028125
0 0.739062 0.665625 0.028125 0.031250
0 0.793750 0.734375 0.031250 0.031250
0 0.475000 0.912500 0.031250 0.031250
0 0.737500 0.734375 0.031250 0.031250
0 0.417187 0.907813 0.028125 0.028125
0 0.392188 0.310937 0.028125 0.028125
0 0.125000 0.126562 0.031250 0.028125
0 0.565625 0.451562 0.031250 0.028125
0 0.503125 0.276562 0.031250 0.028125
0 0.289062 0.367188 0.028125 0.028125
0 0.760938 0.132812 0.028125 0.028125
0 0.764062 0.681250 0.028125 0.031250
0 0.795312 0.698438 0.028125 0.028125
0 0.423438 0.315625 0.028125 0.031250
0 0.560937 0.895312 0.028125 0.028125
0 0.314063 0.346875 0.028125 0.031250
0 0.317188 0.054688 0.028125 0.028125
0 0.195312 0.346875 0.028125 0.031250
0 0.200000 0.259375 0.031250 0.031250
0 0.714063 0.179688 0.028125 0.028125
0 0.709375 0.329688 0.031250 0.028125
0 0.768750 0.296875 0.031250 0.031250
0 0.735938 0.157812 0.028125 0.028125
0 0.412500 0.975000 0.031250 0.031250
0 0.565625 0.701562 0.031250 0.028125
0 0.796875 0.526563 0.031250 0.028125
0 0.693750 0.121875 0.031250 0.031250
0 0.793750 0.767188 0.031250 0.028125
0 0.489063 0.331250 0.028125 0.031250
0 0.246875 0.126562 0.031250 0.028125
0 0.267188 0.392188 0.028125 0.028125
0 0.190625 0.228125 0.031250 0.031250
0 0.476562 0.846875 0.028125 0.031250
0 0.564063 0.767188 0.028125 0.028125
0 0.198437 0.460938 0.028125 0.028125
0 0.760938 0.953125 0.028125 0.031250
0 0.328125 0.292187 0.031250 0.028125
0 0.593750 0.432812 0.031250 0.028125
0 0.246875 0.040625 0.031250 0.031250
0 0.682813 0.085938 0.028125 0.028125
0 0.703125 0.953125 0.031250 0.031250
0 0.048438 0.456250 0.028125 0.031250
0 0.734375 0.903125 0.031250 0.031250
0 0.767188 0.581250 0.028125 0.031250
0 0.792188 0.665625 0.028125 0.031250
0 0.743750 0.315625 0.031250 0.031250
0 0.737500 0.243750 0.031250 0.031250
0 0.784375 0.021875 0.031250 0.031250
0 0.532813 0.782813 0.028125 0.028125
0 0.825000 0.509375 0.031250 0.031250
0 0.432812 0.348438 0.028125 0.028125
0 0.021875 0.068750 0.031250 0.031250
0 0.257812 0.157812 0.028125 0.028125
0 0.765625 0.518750 0.031250 0.031250
0 0.106250 0.062500 0.031250 0.031250
0 0.389062 0.925000 0.028125 0.031250
0 0.557813 0.864062 0.028125 0.028125
0 0.746875 0.187500 0.031250 0.031250
0 0.504687 0.829688 0.028125 0.028125
0 0.170313 0.370312 0.028125 0.028125
0 0.368750 0.332813 0.031250 0.028125
0 0.587500 0.360938 0.031250 0.028125
0 0.821875 0.820312 0.031250 0.034375
0 0.401562 0.339062 0.028125 0.028125
0 0.523438 0.339062 0.028125 0.028125
0 0.384375 0.278125 0.031250 0.031250
0 0.770312 0.329688 0.028125 0.028125
0 0.767188 0.648438 0.028125 0.028125
0 0.737500 0.348438 0.031250 0.028125
0 0.529687 0.946875 0.028125 0.031250
0 0.148438 0.185938 0.028125 0.028125
0 0.620313 0.451562 0.028125 0.028125
0 0.446875 0.892188 0.031250 0.028125
0 0.557813 0.929688 0.028125 0.028125
0 0.764062 0.045312 0.028125 0.028125
0 0.557813 0.964063 0.028125 0.028125
0 0.176563 0.282813 0.028125 0.028125
0 0.378125 0.362500 0.031250 0.031250
0 0.398438 0.221875 0.028125 0.031250
0 0.179688 0.401562 0.028125 0.028125
0 0.250000 0.329688 0.031250 0.028125
0 0.221875 0.235937 0.031250 0.028125
0 0.085938 0.087500 0.028125 0.031250
0 0.223438 0.150000 0.028125 0.031250
0 0.587500 0.915625 0.031250 0.031250
0 0.792188 0.837500 0.028125 0.031250
0 0.593750 0.393750 0.031250 0.031250
0 0.232813 0.181250 0.028125 0.031250
0 0.471875 0.976562 0.031250 0.028125
0 0.645312 0.948438 0.028125 0.028125
0 0.512500 0.309375 0.031250 0.031250
0 0.240625 0.298438 0.031250 0.028125
0 0.823438 0.546875 0.034375 0.031250
0 0.743750 0.276562 0.031250 0.028125
0 0.117188 0.176563 0.028125 0.028125
0 0.689063 0.204687 0.028125 0.028125
0 0.414062 0.284375 0.028125 0.031250
0 0.157812 0.220312 0.028125 0.028125
0 0.796875 0.490625 0.031250 0.031250
0 0.301563 0.904687 0.028125 0.028125
0 0.767188 0.615625 0.028125 0.031250
0 0.618750 0.834375 0.031250 0.031250
0 0.257812 0.362500 0.028125 0.031250
0 0.771875 0.393750 0.031250 0.031250
0 0.410938 0.370312 0.028125 0.028125
0 0.767188 0.362500 0.028125 0.031250
0 0.796875 0.278125 0.031250 0.031250
0 0.792188 0.142187 0.028125 0.028125
0 0.329688 0.920312 0.028125 0.028125
0 0.189062 0.835938 0.028125 0.028125
0 0.793750 0.421875 0.031250 0.031250
0 0.762500 0.853125 0.031250 0.031250
0 0.179688 0.195312 0.028125 0.028125
0 0.732812 0.968750 0.028125 0.031250
0 0.281250 0.337500 0.031250 0.031250
0 0.823438 0.471875 0.028125 0.031250
0 0.421875 0.400000 0.031250 0.031250
0 0.212500 0.204687 0.031250 0.028125
0 0.673438 0.056250 0.028125 0.031250
0 0.470313 0.387500 0.028125 0.031250
0 0.546875 0.318750 0.031250 0.031250
0 0.646875 0.393750 0.031250 0.031250
0 0.359375 0.971875 0.031250 0.031250
0 0.300000 0.939063 0.031250 0.028125
0 0.678125 0.345313 0.031250 0.028125
0 0.407813 0.253125 0.028125 0.031250
0 0.445312 0.925000 0.028125 0.031250
0 0.504687 0.798438 0.028125 0.028125
0 0.323437 0.378125 0.028125 0.031250
0 0.387500 0.190625 0.031250 0.031250
0 0.739062 0.632812 0.028125 0.028125
0 0.735938 0.473438 0.028125 0.028125
0 0.718750 0.095312 0.031250 0.028125
0 0.825000 0.296875 0.031250 0.031250
0 0.096875 0.028125 0.031250 0.031250
0 0.681250 0.173437 0.031250 0.028125
0 0.028125 0.101562 0.031250 0.028125
0 0.075000 0.053125 0.031250 0.031250
0 0.671875 0.965625 0.031250 0.031250
0 0.704688 0.459375 0.028125 0.031250
0 0.373437 0.245312 0.028125 0.028125
0 0.800000 0.384375 0.031250 0.031250
0 0.765625 0.485938 0.031250 0.028125
0 0.339062 0.034375 0.028125 0.031250
0 0.712500 0.267188 0.031250 0.034375
0 0.215625 0.118750 0.031250 0.031250
0 0.329688 0.954688 0.028125 0.028125
0 0.243750 0.903125 0.031250 0.031250
0 0.232813 0.385937 0.028125 0.028125
0 0.359375 0.301563 0.031250 0.028125
0 0.117188 0.095312 0.028125 0.028125
0 0.564063 0.735938 0.028125 0.028125
0 0.354687 0.385937 0.028125 0.028125
0 0.159375 0.851562 0.031250 0.028125
0 0.646875 0.428125 0.031250 0.031250
0 0.535937 0.717187 0.028125 0.028125
0 0.595313 0.687500 0.028125 0.031250
0 0.270313 0.954688 0.028125 0.028125
0 0.279687 0.134375 0.028125 0.031250
0 0.292187 0.079687 0.028125 0.028125
0 0.298438 0.971875 0.028125 0.031250
0 0.790625 0.870313 0.031250 0.028125
0 0.823438 0.889062 0.034375 0.034375
0 0.437500 0.262500 0.031250 0.031250
0 0.825000 0.578125 0.031250 0.031250
0 0.479687 0.300000 0.028125 0.031250
0 0.825000 0.650000 0.031250 0.031250
0 0.167187 0.250000 0.028125 0.031250
0 0.378125 0.157812 0.031250 0.028125
0 0.729688 0.407813 0.028125 0.028125
0 0.243750 0.414062 0.025000 0.028125
0 0.065625 0.021875 0.031250 0.031250
0 0.025000 0.479687 0.031250 0.028125
0 0.821875 0.751563 0.031250 0.034375
0 0.709375 0.615625 0.031250 0.031250
0 0.698438 0.235937 0.028125 0.028125
0 0.615625 0.964063 0.031250 0.028125
0 0.501563 0.392188 0.028125 0.028125
0 0.767188 0.784375 0.028125 0.031250
0 0.184375 0.025000 0.031250 0.031250
0 0.728125 0.126562 0.031250 0.028125
0 0.529687 0.978125 0.028125 0.031250
0 0.092188 0.117188 0.028125 0.028125
0 0.464062 0.151562 0.028125 0.028125
0 0.796875 0.312500 0.031250 0.031250
0 0.429688 0.231250 0.028125 0.031250
0 0.542188 0.114062 0.028125 0.028125
0 0.170313 0.165625 0.028125 0.031250
0 0.450000 0.828125 0.031250 0.031250
0 0.137500 0.153125 0.031250 0.031250
0 0.392188 0.020313 0.028125 0.028125
0 0.446875 0.089063 0.031250 0.028125
0 0.642188 0.050000 0.028125 0.031250
0 0.254688 0.446875 0.028125 0.031250
0 0.709375 0.715625 0.031250 0.031250
0 0.532813 0.815625 0.028125 0.031250
0 0.231250 0.267188 0.031250 0.028125
0 0.032813 0.750000 0.028125 0.031250
0 0.221875 0.439063 0.031250 0.028125
0 0.768750 0.550000 0.031250 0.031250
0 0.432812 0.145313 0.028125 0.028125
0 0.229687 0.470313 0.028125 0.028125
0 0.759375 0.220312 0.031250 0.034375
0 0.585938 0.946875 0.028125 0.031250
0 0.435937 0.056250 0.028125 0.031250
0 0.459375 0.034375 0.031250 0.031250
0 0.710938 0.650000 0.028125 0.031250
0 0.345313 0.354687 0.028125 0.028125
0 0.260937 0.071875 0.028125 0.031250
0 0.662500 0.112500 0.031250 0.031250
0 0.796875 0.631250 0.031250 0.031250
0 0.454688 0.118750 0.028125 0.031250
0 0.176563 0.485938 0.028125 0.028125
0 0.164062 0.339062 0.028125 0.028125
0 0.737500 0.535937 0.031250 0.028125
0 0.735938 0.503125 0.028125 0.031250
0 0.389062 0.393750 0.028125 0.031250
0 0.539062 0.435937 0.028125 0.028125
0 0.760938 0.423438 0.028125 0.028125
0 0.701562 0.150000 0.028125 0.031250
0 0.039062 0.425000 0.028125 0.031250
0 0.401562 0.050000 0.028125 0.031250
0 0.043750 0.881250 0.031250 0.031250
0 0.226562 0.353125 0.028125 0.031250
0 0.507812 0.732812 0.028125 0.028125
0 0.218750 0.323437 0.031250 0.028125
0 0.535937 0.467187 0.028125 0.028125
0 0.468750 0.065625 0.031250 0.031250
0 0.370312 0.042188 0.028125 0.028125
0 0.737500 0.701562 0.031250 0.028125
0 0.793750 0.053125 0.031250 0.031250
0 0.335938 0.323437 0.028125 0.028125
0 0.043750 0.543750 0.031250 0.031250
0 0.645312 0.851562 0.028125 0.028125
0 0.217188 0.853125 0.028125 0.031250
0 0.343750 0.237500 0.031250 0.031250
0 0.793750 0.181250 0.031250 0.031250
0 0.192188 0.432812 0.028125 0.028125
0 0.737500 0.598437 0.031250 0.028125
0 0.300000 0.110937 0.031250 0.028125
0 0.593750 0.720313 0.031250 0.028125
0 0.532813 0.846875 0.028125 0.031250
0 0.671875 0.934375 0.031250 0.031250
0 0.445312 0.292187 0.028125 0.028125
0 0.062500 0.109375 0.031250 0.031250
0 0.245312 0.210938 0.028125 0.028125
0 0.651563 0.082812 0.028125 0.028125
0 0.821875 0.853125 0.031250 0.031250
0 0.664062 0.026562 0.028125 0.028125
0 0.195312 0.056250 0.028125 0.031250
0 0.043750 0.042188 0.031250 0.028125
0 0.764062 0.885938 0.028125 0.028125
0 0.693750 0.032813 0.031250 0.034375
0 0.535937 0.498437 0.028125 0.028125
0 0.765625 0.820312 0.031250 0.028125
0 0.331250 0.890625 0.031250 0.031250
0 0.243750 0.937500 0.031250 0.031250
0 0.325000 0.087500 0.031250 0.031250
0 0.409375 0.167187 0.031250 0.028125
0 0.140625 0.362500 0.031250 0.031250
0 0.767188 0.165625 0.028125 0.031250
0 0.610938 0.042188 0.028125 0.028125
0 0.796875 0.350000 0.031250 0.031250
0 0.445312 0.957812 0.028125 0.028125
0 0.567187 0.482812 0.028125 0.028125
0 0.614062 0.900000 0.028125 0.031250
0 0.537500 0.287500 0.031250 0.031250
0 0.035937 0.131250 0.028125 0.031250
0 0.823438 0.681250 0.028125 0.031250
0 0.418750 0.845313 0.031250 0.028125
0 0.717187 0.298438 0.028125 0.028125
0 0.707812 0.362500 0.028125 0.031250
0 0.301563 0.401562 0.028125 0.028125
0 0.028125 0.571875 0.031250 0.031250
0 0.268750 0.101562 0.031250 0.028125
0 0.507812 0.765625 0.028125 0.031250
0 0.592187 0.498437 0.028125 0.028125
0 0.709375 0.751563 0.031250 0.028125
0 0.501563 0.895312 0.028125 0.028125
0 0.351562 0.268750 0.028125 0.031250
0 0.112500 0.265625 0.031250 0.031250
0 0.470313 0.268750 0.028125 0.031250
0 0.171875 0.078125 0.031250 0.031250
0 0.048438 0.781250 0.028125 0.031250
0 0.792188 0.906250 0.028125 0.031250
0 0.454688 0.448437 0.028125 0.028125
0 0.273438 0.306250 0.028125 0.031250
0 0.101562 0.148438 0.028125 0.028125
0 0.162500 0.818750 0.031250 0.031250
0 0.734375 0.442188 0.031250 0.028125
0 0.271875 0.018750 0.031250 0.031250
0 0.498437 0.360938 0.028125 0.028125
0 0.737500 0.801562 0.031250 0.028125
0 0.740625 0.381250 0.031250 0.031250
0 0.825000 0.615625 0.031250 0.031250
0 0.204687 0.376563 0.028125 0.028125
0 0.565625 0.670312 0.025000 0.028125
0 0.139063 0.626563 0.028125 0.028125
0 0.210938 0.290625 0.028125 0.031250
0 0.385937 0.957812 0.028125 0.028125
0 0.796875 0.456250 0.031250 0.031250
0 0.450000 0.209375 0.031250 0.031250
0 0.518750 0.135937 0.031250 0.028125
0 0.207813 0.492188 0.028125 0.028125
0 0.646875 0.362500 0.031250 0.031250
0 0.042188 0.946875 0.028125 0.031250
0 0.593750 0.656250 0.031250 0.031250
0 0.440625 0.175000 0.031250 0.031250
0 0.159375 0.046875 0.031250 0.031250
0 0.126562 0.212500 0.028125 0.031250
0 0.448437 0.482812 0.028125 0.028125
0 0.512500 0.018750 0.031250 0.031250
0 0.501563 0.926562 0.028125 0.028125
0 0.821875 0.714063 0.031250 0.034375
0 0.304688 0.314063 0.028125 0.028125
0 0.823438 0.439063 0.034375 0.034375
0 0.132812 0.800000 0.028125 0.031250
0 0.501563 0.960938 0.028125 0.028125
0 0.425000 0.432812 0.031250 0.028125
0 0.589063 0.851562 0.028125 0.028125
0 0.487500 0.128125 0.031250 0.031250
0 0.185938 0.868750 0.028125 0.031250
0 0.387500 0.890625 0.031250 0.031250
0 0.106250 0.781250 0.031250 0.031250
0 0.546875 0.028125 0.031250 0.031250
0 0.509375 0.421875 0.031250 0.031250
0 0.590625 0.753125 0.031250 0.031250
0 0.306250 0.026562 0.031250 0.028125
0 0.529687 0.370312 0.028125 0.028125
0 0.214062 0.884375 0.028125 0.025000
0 0.682813 0.632812 0.028125 0.028125
0 0.651563 0.657813 0.028125 0.028125
0 0.473438 0.942187 0.028125 0.028125
0 0.567187 0.293750 0.028125 0.031250
0 0.462500 0.239063 0.031250 0.028125
0 0.703125 0.428125 0.031250 0.031250
0 0.479687 0.746875 0.028125 0.031250
0 0.284375 0.454688 0.031250 0.028125
0 0.587500 0.884375 0.031250 0.031250
0 0.332813 0.407813 0.028125 0.028125
0 0.709375 0.521875 0.031250 0.031250
0 0.707812 0.489063 0.028125 0.028125
0 0.273438 0.889062 0.028125 0.028125
0 0.578125 0.034375 0.031250 0.031250
0 0.132812 0.832812 0.028125 0.028125
0 0.651563 0.626563 0.028125 0.028125
0 0.123438 0.417187 0.028125 0.028125
0 0.610938 0.335938 0.028125 0.028125
0 0.393750 0.425000 0.031250 0.031250
0 0.143750 0.660937 0.031250 0.028125
0 0.134375 0.243750 0.031250 0.031250
0 0.214062 0.525000 0.028125 0.031250
0 0.214062 0.407813 0.028125 0.028125
0 0.307812 0.432812 0.028125 0.028125
0 0.226562 0.064062 0.028125 0.028125
0 0.567187 0.415625 0.028125 0.031250
0 0.796875 0.596875 0.031250 0.031250
0 0.490625 0.042188 0.031250 0.028125
0 0.420312 0.196875 0.028125 0.031250
0 0.073438 0.603125 0.028125 0.031250
0 0.703125 0.918750 0.031250 0.031250
0 0.421875 0.464062 0.031250 0.028125
0 0.553125 0.146875 0.031250 0.031250
0 0.567187 0.607812 0.028125 0.028125
0 0.320312 0.260937 0.028125 0.028125
0 0.764062 0.920312 0.028125 0.028125
0 0.576562 0.123438 0.028125 0.028125
0 0.675000 0.445312 0.031250 0.028125
0 0.248438 0.529687 0.028125 0.028125
0 0.790625 0.212500 0.031250 0.031250
0 0.089063 0.631250 0.028125 0.031250
0 0.070312 0.142187 0.028125 0.028125
0 0.567187 0.639062 0.028125 0.028125
0 0.192188 0.545312 0.028125 0.028125
0 0.157812 0.426563 0.028125 0.028125
0 0.117188 0.385937 0.028125 0.028125
0 0.362500 0.415625 0.031250 0.031250
0 0.128125 0.037500 0.031250 0.031250
0 0.043750 0.843750 0.031250 0.031250
0 0.146875 0.693750 0.031250 0.031250
0 0.268750 0.504687 0.031250 0.028125
0 0.267188 0.189062 0.028125 0.028125
0 0.739062 0.565625 0.028125 0.031250
0 0.150000 0.392188 0.025000 0.028125
0 0.517188 0.226562 0.028125 0.028125
0 0.479687 0.431250 0.028125 0.031250
0 0.034375 0.512500 0.031250 0.031250
0 0.785937 0.245312 0.034375 0.034375
0 0.042188 0.912500 0.028125 0.031250
0 0.670312 0.143750 0.028125 0.031250
0 0.190625 0.803125 0.031250 0.031250
0 0.273438 0.420312 0.028125 0.028125
0 0.420312 0.495312 0.028125 0.028125
0 0.379688 0.073438 0.028125 0.028125
0 0.676562 0.481250 0.028125 0.031250
0 0.670312 0.901563 0.028125 0.028125
0 0.154688 0.510938 0.028125 0.028125
0 0.790625 0.970313 0.031250 0.034375
0 0.346875 0.065625 0.031250 0.031250
0 0.507812 0.700000 0.028125 0.031250
0 0.648438 0.465625 0.028125 0.031250
0 0.765625 0.454688 0.031250 0.028125
0 0.215625 0.031250 0.031250 0.031250
0 0.623437 0.482812 0.028125 0.028125
0 0.623437 0.673438 0.028125 0.028125
0 0.242188 0.873437 0.028125 0.028125
0 0.479687 0.714063 0.028125 0.028125
0 0.335938 0.435937 0.028125 0.028125
0 0.239063 0.501563 0.028125 0.028125
0 0.562500 0.548438 0.031250 0.034375
0 0.117188 0.648438 0.028125 0.028125
0 0.646875 0.818750 0.031250 0.031250
0 0.360938 0.907813 0.028125 0.028125
0 0.042188 0.601562 0.028125 0.028125
0 0.648438 0.167187 0.028125 0.028125
0 0.623437 0.643750 0.028125 0.031250
0 0.790625 0.935937 0.031250 0.028125
0 0.615625 0.803125 0.031250 0.031250
0 0.648438 0.884375 0.028125 0.031250
0 0.585938 0.978125 0.028125 0.031250
0 0.535937 0.403125 0.028125 0.031250
0 0.632812 0.018750 0.028125 0.031250
0 0.337500 0.115625 0.031250 0.031250
0 0.145313 0.273438 0.028125 0.028125
0 0.731250 0.868750 0.031250 0.031250
0 0.071875 0.931250 0.031250 0.031250
0 0.134375 0.448437 0.025000 0.028125
0 0.089063 0.660937 0.028125 0.028125
0 0.478125 0.814063 0.031250 0.028125
0 0.537500 0.684375 0.031250 0.031250
0 0.598437 0.098437 0.028125 0.028125
0 0.479687 0.467187 0.028125 0.028125
0 0.826562 0.332813 0.034375 0.034375
0 0.160938 0.784375 0.028125 0.031250
0 0.540625 0.201563 0.031250 0.028125
0 0.509375 0.453125 0.031250 0.031250
0 0.160938 0.542188 0.028125 0.028125
0 0.079687 0.464062 0.028125 0.028125
0 0.021875 0.184375 0.031250 0.031250
0 0.564063 0.514062 0.028125 0.028125
0 0.264062 0.476562 0.028125 0.028125
0 0.676562 0.835938 0.028125 0.028125
0 0.131250 0.865625 0.031250 0.031250
0 0.826562 0.071875 0.034375 0.031250
0 0.110937 0.715625 0.028125 0.031250
0 0.479687 0.098437 0.028125 0.028125
0 0.451562 0.415625 0.028125 0.031250
0 0.253125 0.243750 0.031250 0.031250
0 0.167187 0.456250 0.028125 0.031250
0 0.531250 0.562500 0.031250 0.031250
0 0.825000 0.265625 0.031250 0.031250
0 0.054688 0.489063 0.028125 0.028125
0 0.039062 0.814063 0.028125 0.028125
0 0.617188 0.071875 0.028125 0.031250
0 0.495312 0.248438 0.028125 0.028125
0 0.560937 0.382812 0.028125 0.028125
0 0.537500 0.593750 0.031250 0.031250
0 0.371875 0.450000 0.031250 0.031250
0 0.117188 0.679688 0.028125 0.028125
0 0.662500 0.318750 0.031250 0.031250
0 0.367188 0.217188 0.028125 0.028125
0 0.820312 0.954688 0.034375 0.034375
0 0.823438 0.406250 0.028125 0.031250
0 0.017188 0.448437 0.028125 0.028125
0 0.392188 0.475000 0.028125 0.031250
0 0.684375 0.293750 0.031250 0.031250
0 0.368750 0.125000 0.031250 0.031250
0 0.070312 0.432812 0.028125 0.028125
0 0.507812 0.484375 0.028125 0.031250
0 0.059375 0.571875 0.031250 0.031250
0 0.628125 0.103125 0.031250 0.031250
0 0.592187 0.785937 0.028125 0.028125
0 0.448437 0.514062 0.028125 0.028125
0 0.153125 0.015625 0.031250 0.031250
0 0.185938 0.517188 0.028125 0.028125
0 0.076563 0.795312 0.028125 0.028125
0 0.043750 0.164062 0.031250 0.028125
0 0.206250 0.087500 0.031250 0.031250
0 0.042188 0.978125 0.028125 0.031250
0 0.065625 0.518750 0.031250 0.031250
0 0.037500 0.668750 0.031250 0.031250
0 0.598437 0.304688 0.028125 0.028125
0 0.109375 0.354687 0.031250 0.034375
0 0.817187 0.101562 0.034375 0.034375
0 0.170313 0.576562 0.028125 0.028125
0 0.064062 0.745313 0.028125 0.028125
0 0.534375 0.528125 0.031250 0.031250
0 0.226562 0.556250 0.028125 0.031250
0 0.414062 0.081250 0.028125 0.031250
0 0.678125 0.771875 0.031250 0.031250
0 0.242188 0.970313 0.028125 0.028125
0 0.159375 0.884375 0.025000 0.025000
0 0.017188 0.964063 0.028125 0.028125
0 0.100000 0.950000 0.031250 0.031250
0 0.303125 0.875000 0.031250 0.031250
0 0.526563 0.257812 0.028125 0.028125
0 0.187500 0.900000 0.025000 0.025000
0 0.073438 0.712500 0.028125 0.031250
0 0.262500 0.556250 0.031250 0.031250
0 0.818750 0.921875 0.031250 0.031250
0 0.031250 0.392188 0.031250 0.028125
0 0.792188 0.801562 0.028125 0.028125
0 0.295312 0.485938 0.028125 0.028125
0 0.314063 0.464062 0.028125 0.028125
0 0.825000 0.035937 0.031250 0.034375
0 0.015625 0.034375 0.031250 0.031250
0 0.017188 0.896875 0.028125 0.031250
0 0.442188 0.378125 0.028125 0.031250
0 0.287500 0.165625 0.031250 0.031250
0 0.592187 0.532813 0.028125 0.028125
