0 0.732812 0.076563 0.028125 0.028125
0 0.803125 0.306250 0.031250 0.031250
0 0.271875 0.251563 0.031250 0.028125
0 0.717187 0.354687 0.028125 0.028125
0 0.775000 0.292187 0.031250 0.028125
0 0.750000 0.243750 0.031250 0.031250
0 0.339062 0.262500 0.028125 0.031250
0 0.776563 0.259375 0.028125 0.031250
0 0.645312 0.076563 0.028125 0.028125
0 0.690625 0.271875 0.031250 0.031250
0 0.679688 0.064062 0.028125 0.028125
0 0.209375 0.234375 0.031250 0.031250
0 0.803125 0.471875 0.031250 0.031250
0 0.051562 0.884375 0.028125 0.031250
0 0.803125 0.171875 0.031250 0.031250
0 0.498437 0.062500 0.028125 0.031250
0 0.773438 0.651563 0.028125 0.028125
0 0.248438 0.275000 0.028125 0.031250
0 0.534375 0.170313 0.031250 0.028125
0 0.078125 0.932813 0.031250 0.028125
0 0.481250 0.321875 0.031250 0.031250
0 0.775000 0.421875 0.031250 0.031250
0 0.753125 0.128125 0.031250 0.031250
0 0.745313 0.339062 0.028125 0.028125
0 0.135937 0.104688 0.028125 0.028125
0 0.745313 0.439063 0.028125 0.028125
0 0.204687 0.120313 0.028125 0.028125
0 0.776563 0.150000 0.028125 0.031250
0 0.459375 0.262500 0.031250 0.031250
0 0.687500 0.339062 0.031250 0.028125
0 0.717187 0.454688 0.028125 0.028125
0 0.487500 0.243750 0.031250 0.031250
0 0.579688 0.095312 0.028125 0.028125
0 0.657813 0.321875 0.028125 0.031250
0 0.760938 0.212500 0.028125 0.031250
0 0.687500 0.439063 0.031250 0.028125
0 0.659375 0.387500 0.031250 0.031250
0 0.540625 0.815625 0.031250 0.031250
0 0.115625 0.128125 0.031250 0.031250
0 0.125000 0.159375 0.031250 0.031250
0 0.235937 0.126562 0.028125 0.028125
0 0.801562 0.371875 0.028125 0.031250
0 0.803125 0.703125 0.031250 0.031250
0 0.745313 0.275000 0.028125 0.031250
0 0.804688 0.570312 0.028125 0.028125
0 0.773438 0.620313 0.028125 0.028125
0 0.559375 0.189062 0.031250 0.028125
0 0.714063 0.421875 0.028125 0.031250
0 0.425000 0.256250 0.031250 0.031250
0 0.759375 0.096875 0.031250 0.031250
0 0.400000 0.481250 0.031250 0.031250
0 0.367188 0.632812 0.028125 0.028125
0 0.512500 0.335938 0.031250 0.028125
0 0.048438 0.851562 0.028125 0.028125
0 0.059375 0.059375 0.031250 0.031250
0 0.021875 0.901563 0.031250 0.028125
0 0.687500 0.470313 0.031250 0.028125
0 0.687500 0.306250 0.031250 0.031250
0 0.687500 0.371875 0.031250 0.031250
0 0.682813 0.800000 0.028125 0.031250
0 0.257812 0.104688 0.028125 0.028125
0 0.071875 0.092188 0.031250 0.028125
0 0.714063 0.782813 0.028125 0.028125
0 0.803125 0.203125 0.031250 0.031250
0 0.770312 0.181250 0.028125 0.031250
0 0.573438 0.275000 0.028125 0.031250
0 0.573438 0.470313 0.028125 0.028125
0 0.485938 0.487500 0.028125 0.031250
0 0.242188 0.242188 0.028125 0.028125
0 0.743750 0.603125 0.031250 0.031250
0 0.171875 0.314063 0.031250 0.028125
0 0.654687 0.043750 0.028125 0.031250
0 0.482812 0.814063 0.028125 0.028125
0 0.743750 0.371875 0.031250 0.031250
0 0.395313 0.893750 0.028125 0.031250
0 0.790625 0.087500 0.031250 0.031250
0 0.771875 0.390625 0.031250 0.031250
0 0.510938 0.303125 0.028125 0.031250
0 0.803125 0.340625 0.031250 0.031250
0 0.714063 0.389062 0.028125 0.028125
0 0.542188 0.135937 0.028125 0.028125
0 0.095312 0.067187 0.028125 0.028125
0 0.284375 0.575000 0.031250 0.031250
0 0.604688 0.114062 0.028125 0.028125
0 0.034375 0.253125 0.031250 0.031250
0 0.454688 0.348438 0.028125 0.028125
0 0.126562 0.362500 0.028125 0.031250
0 0.743750 0.831250 0.031250 0.031250
0 0.718750 0.292187 0.031250 0.028125
0 0.734375 0.190625 0.031250 0.031250
0 0.723437 0.221875 0.028125 0.031250
0 0.520312 0.114062 0.028125 0.028125
0 0.295312 0.228125 0.028125 0.031250
0 0.310937 0.667188 0.028125 0.028125
0 0.550000 0.104688 0.031250 0.028125
0 0.337500 0.067187 0.031250 0.028125
0 0.714063 0.620313 0.028125 0.028125
0 0.312500 0.375000 0.031250 0.031250
0 0.196875 0.290625 0.031250 0.031250
0 0.573438 0.129688 0.028125 0.028125
0 0.568750 0.568750 0.031250 0.031250
0 0.512500 0.437500 0.031250 0.031250
0 0.743750 0.537500 0.031250 0.031250
0 0.162500 0.084375 0.031250 0.031250
0 0.745313 0.160938 0.028125 0.028125
0 0.707812 0.054688 0.028125 0.028125
0 0.304688 0.546875 0.028125 0.031250
0 0.048438 0.917188 0.028125 0.028125
0 0.598437 0.618750 0.028125 0.031250
0 0.834375 0.521875 0.031250 0.031250
0 0.670312 0.095312 0.028125 0.028125
0 0.637500 0.262500 0.031250 0.031250
0 0.620313 0.054688 0.028125 0.028125
0 0.743750 0.403125 0.031250 0.031250
0 0.595313 0.032813 0.028125 0.028125
0 0.256250 0.189062 0.031250 0.028125
0 0.020313 0.868750 0.028125 0.031250
0 0.740625 0.800000 0.031250 0.031250
0 0.712500 0.846875 0.031250 0.031250
0 0.028125 0.340625 0.031250 0.031250
0 0.250000 0.073438 0.031250 0.028125
0 0.464062 0.295312 0.028125 0.028125
0 0.773438 0.325000 0.028125 0.031250
0 0.104688 0.096875 0.028125 0.031250
0 0.418750 0.340625 0.031250 0.031250
0 0.782813 0.118750 0.028125 0.031250
0 0.590625 0.062500 0.031250 0.031250
0 0.448437 0.231250 0.028125 0.031250
0 0.132812 0.478125 0.028125 0.031250
0 0.834375 0.390625 0.031250 0.031250
0 0.115625 0.331250 0.031250 0.031250
0 0.628125 0.023438 0.031250 0.028125
0 0.657813 0.421875 0.028125 0.031250
0 0.510938 0.798438 0.028125 0.028125
0 0.685937 0.767188 0.028125 0.028125
0 0.570312 0.635938 0.028125 0.028125
0 0.109375 0.917188 0.031250 0.028125
0 0.048438 0.948438 0.028125 0.028125
0 0.685937 0.831250 0.028125 0.031250
0 0.525000 0.082812 0.031250 0.028125
0 0.773438 0.359375 0.028125 0.031250
0 0.629687 0.373437 0.028125 0.028125
0 0.425000 0.521875 0.031250 0.031250
0 0.573438 0.339062 0.028125 0.028125
0 0.392188 0.248438 0.028125 0.028125
0 0.775000 0.553125 0.031250 0.031250
0 0.279687 0.081250 0.028125 0.031250
0 0.801562 0.535937 0.028125 0.028125
0 0.050000 0.818750 0.031250 0.031250
0 0.529687 0.201563 0.028125 0.028125
0 0.079687 0.837500 0.028125 0.031250
0 0.284375 0.281250 0.031250 0.031250
0 0.687500 0.406250 0.031250 0.031250
0 0.175000 0.228125 0.031250 0.031250
0 0.532813 0.050000 0.028125 0.031250
0 0.257812 0.389062 0.028125 0.028125
0 0.107813 0.501563 0.028125 0.028125
0 0.629687 0.535937 0.028125 0.028125
0 0.717187 0.323437 0.028125 0.028125
0 0.182812 0.345313 0.028125 0.028125
0 0.660937 0.285938 0.028125 0.028125
0 0.167187 0.196875 0.028125 0.025000
0 0.775000 0.487500 0.031250 0.031250
0 0.453125 0.893750 0.031250 0.031250
0 0.517188 0.501563 0.028125 0.028125
0 0.273438 0.050000 0.028125 0.031250
0 0.056250 0.431250 0.031250 0.031250
0 0.459375 0.178125 0.031250 0.031250
0 0.395313 0.928125 0.028125 0.031250
0 0.487500 0.123438 0.031250 0.028125
0 0.081250 0.120313 0.031250 0.028125
0 0.451562 0.142187 0.028125 0.028125
0 0.070312 0.376563 0.028125 0.028125
0 0.573438 0.539062 0.028125 0.028125
0 0.773438 0.585938 0.028125 0.028125
0 0.710938 0.168750 0.028125 0.031250
0 0.628125 0.767188 0.031250 0.028125
0 0.804688 0.406250 0.028125 0.031250
0 0.481250 0.421875 0.031250 0.031250
0 0.771875 0.521875 0.031250 0.031250
0 0.340625 0.612500 0.031250 0.031250
0 0.281250 0.610938 0.031250 0.034375
0 0.323437 0.117188 0.028125 0.028125
0 0.803125 0.439063 0.031250 0.028125
0 0.485938 0.354687 0.028125 0.028125
0 0.742188 0.635938 0.028125 0.028125
0 0.745313 0.307812 0.028125 0.028125
0 0.318750 0.203125 0.031250 0.031250
0 0.428125 0.456250 0.031250 0.031250
0 0.042188 0.282813 0.028125 0.028125
0 0.351562 0.414062 0.028125 0.028125
0 0.712500 0.814063 0.031250 0.028125
0 0.425000 0.909375 0.031250 0.031250
0 0.801562 0.671875 0.028125 0.031250
0 0.565625 0.157812 0.031250 0.028125
0 0.685937 0.032813 0.028125 0.028125
0 0.217188 0.267188 0.028125 0.028125
0 0.221875 0.181250 0.031250 0.031250
0 0.443750 0.407813 0.031250 0.028125
0 0.718750 0.485938 0.031250 0.028125
0 0.276562 0.165625 0.028125 0.031250
0 0.318750 0.709375 0.031250 0.031250
0 0.020313 0.837500 0.028125 0.031250
0 0.539062 0.782813 0.028125 0.028125
0 0.396875 0.537500 0.031250 0.031250
0 0.192188 0.932813 0.028125 0.028125
0 0.339062 0.651563 0.028125 0.028125
0 0.171875 0.112500 0.031250 0.031250
0 0.479687 0.153125 0.028125 0.031250
0 0.481250 0.846875 0.031250 0.031250
0 0.628125 0.503125 0.031250 0.031250
0 0.701562 0.085938 0.028125 0.028125
0 0.489063 0.276562 0.028125 0.028125
0 0.192188 0.901563 0.028125 0.028125
0 0.629687 0.404687 0.028125 0.028125
0 0.657813 0.454688 0.028125 0.028125
0 0.281250 0.642188 0.031250 0.028125
0 0.515625 0.470313 0.031250 0.028125
0 0.495312 0.092188 0.028125 0.028125
0 0.714063 0.520312 0.028125 0.028125
0 0.600000 0.521875 0.031250 0.031250
0 0.726562 0.107813 0.028125 0.028125
0 0.106250 0.882812 0.031250 0.028125
0 0.193750 0.968750 0.031250 0.031250
0 0.351562 0.500000 0.028125 0.031250
0 0.346875 0.295312 0.031250 0.028125
0 0.743750 0.668750 0.031250 0.031250
0 0.107813 0.851562 0.028125 0.028125
0 0.370312 0.565625 0.028125 0.031250
0 0.573438 0.373437 0.028125 0.028125
0 0.542188 0.587500 0.028125 0.031250
0 0.803125 0.503125 0.031250 0.031250
0 0.501563 0.181250 0.028125 0.031250
0 0.603125 0.356250 0.031250 0.031250
0 0.487500 0.520312 0.031250 0.028125
0 0.075000 0.965625 0.031250 0.031250
0 0.743750 0.471875 0.031250 0.031250
0 0.232813 0.210938 0.028125 0.028125
0 0.126562 0.073438 0.028125 0.028125
0 0.632812 0.340625 0.028125 0.031250
0 0.543750 0.485938 0.031250 0.028125
0 0.195312 0.089063 0.028125 0.028125
0 0.765625 0.065625 0.031250 0.031250
0 0.720313 0.256250 0.028125 0.031250
0 0.459375 0.470313 0.031250 0.028125
0 0.090625 0.151562 0.031250 0.028125
0 0.468750 0.068750 0.031250 0.031250
0 0.370312 0.598437 0.028125 0.028125
0 0.376563 0.390625 0.028125 0.031250
0 0.343750 0.382812 0.031250 0.028125
0 0.328125 0.523438 0.031250 0.028125
0 0.806250 0.273438 0.031250 0.028125
0 0.603125 0.325000 0.031250 0.031250
0 0.189062 0.173437 0.028125 0.028125
0 0.167187 0.485938 0.028125 0.028125
0 0.570312 0.734375 0.028125 0.031250
0 0.257812 0.304688 0.028125 0.028125
0 0.667188 0.246875 0.028125 0.031250
0 0.570312 0.700000 0.028125 0.031250
0 0.198437 0.204687 0.028125 0.028125
0 0.629687 0.570312 0.028125 0.028125
0 0.453125 0.437500 0.031250 0.031250
0 0.657813 0.585938 0.028125 0.028125
0 0.175000 0.517188 0.031250 0.028125
0 0.517188 0.368750 0.028125 0.031250
0 0.639062 0.104688 0.028125 0.028125
0 0.148438 0.135937 0.028125 0.028125
0 0.771875 0.812500 0.031250 0.031250
0 0.629687 0.439063 0.028125 0.028125
0 0.185938 0.260937 0.028125 0.028125
0 0.135937 0.868750 0.028125 0.031250
0 0.723437 0.139063 0.028125 0.028125
0 0.328125 0.234375 0.031250 0.031250
0 0.510938 0.148438 0.028125 0.028125
0 0.421875 0.943750 0.031250 0.031250
0 0.659375 0.489063 0.031250 0.028125
0 0.660937 0.357812 0.028125 0.028125
0 0.740625 0.765625 0.031250 0.031250
0 0.142187 0.509375 0.028125 0.031250
0 0.632812 0.300000 0.034375 0.031250
0 0.264062 0.420312 0.028125 0.028125
0 0.109375 0.818750 0.031250 0.031250
0 0.401562 0.601562 0.028125 0.028125
0 0.600000 0.293750 0.031250 0.031250
0 0.079687 0.901563 0.028125 0.028125
0 0.135937 0.190625 0.028125 0.031250
0 0.101562 0.387500 0.028125 0.031250
0 0.773438 0.456250 0.028125 0.031250
0 0.023438 0.221875 0.028125 0.031250
0 0.182812 0.060937 0.028125 0.028125
0 0.739062 0.045312 0.028125 0.028125
0 0.482812 0.781250 0.028125 0.031250
0 0.654687 0.782813 0.028125 0.028125
0 0.059375 0.346875 0.031250 0.031250
0 0.834375 0.553125 0.031250 0.031250
0 0.242188 0.157812 0.028125 0.028125
0 0.682813 0.862500 0.028125 0.031250
0 0.456250 0.539062 0.031250 0.028125
0 0.556250 0.073438 0.031250 0.028125
0 0.026562 0.053125 0.028125 0.031250
0 0.401562 0.570312 0.028125 0.028125
0 0.415625 0.226562 0.031250 0.028125
0 0.543750 0.454688 0.031250 0.028125
0 0.078125 0.206250 0.031250 0.031250
0 0.425000 0.878125 0.031250 0.031250
0 0.285938 0.196875 0.028125 0.031250
0 0.775000 0.718750 0.031250 0.031250
0 0.214062 0.151562 0.028125 0.028125
0 0.800000 0.896875 0.031250 0.031250
0 0.785937 0.229687 0.028125 0.028125
0 0.571875 0.307812 0.031250 0.028125
0 0.073438 0.292187 0.028125 0.028125
0 0.521875 0.406250 0.031250 0.031250
0 0.479687 0.914062 0.028125 0.028125
0 0.564063 0.042188 0.028125 0.028125
0 0.410938 0.310937 0.028125 0.028125
0 0.743750 0.504687 0.031250 0.028125
0 0.264062 0.220312 0.028125 0.028125
0 0.226562 0.753125 0.028125 0.031250
0 0.596875 0.751563 0.025000 0.028125
0 0.237500 0.329688 0.031250 0.028125
0 0.570312 0.764062 0.028125 0.028125
0 0.687500 0.503125 0.031250 0.031250
0 0.601562 0.585938 0.028125 0.028125
0 0.320312 0.404687 0.028125 0.028125
0 0.045312 0.398438 0.028125 0.028125
0 0.046875 0.198437 0.031250 0.028125
0 0.164062 0.948438 0.028125 0.028125
0 0.450000 0.960938 0.031250 0.028125
0 0.773438 0.685937 0.028125 0.028125
0 0.835938 0.487500 0.034375 0.031250
0 0.215625 0.068750 0.031250 0.031250
0 0.596875 0.146875 0.031250 0.031250
0 0.082812 0.325000 0.028125 0.031250
0 0.490625 0.387500 0.031250 0.031250
0 0.168750 0.400000 0.031250 0.031250
0 0.573438 0.504687 0.028125 0.028125
0 0.421875 0.978125 0.031250 0.031250
0 0.614062 0.085938 0.028125 0.028125
0 0.657813 0.551562 0.028125 0.028125
0 0.298438 0.429688 0.028125 0.028125
0 0.023438 0.423438 0.028125 0.028125
0 0.771875 0.750000 0.031250 0.031250
0 0.165625 0.884375 0.031250 0.031250
0 0.298438 0.142187 0.028125 0.028125
0 0.542188 0.320312 0.028125 0.028125
0 0.362500 0.534375 0.031250 0.031250
0 0.035937 0.370312 0.028125 0.028125
0 0.220312 0.917188 0.028125 0.028125
0 0.329688 0.435937 0.028125 0.028125
0 0.368750 0.073438 0.031250 0.028125
0 0.835938 0.454688 0.034375 0.034375
0 0.192188 0.376563 0.028125 0.028125
0 0.351562 0.212500 0.028125 0.031250
0 0.601562 0.485938 0.028125 0.028125
0 0.157812 0.164062 0.028125 0.028125
0 0.040625 0.082812 0.031250 0.028125
0 0.339062 0.551562 0.028125 0.028125
0 0.604688 0.264062 0.028125 0.028125
0 0.357812 0.042188 0.028125 0.028125
0 0.695312 0.234375 0.028125 0.031250
0 0.382812 0.218750 0.028125 0.031250
0 0.417187 0.425000 0.028125 0.031250
0 0.554688 0.221875 0.028125 0.031250
0 0.159375 0.370312 0.031250 0.028125
0 0.771875 0.850000 0.031250 0.031250
0 0.267188 0.135937 0.028125 0.028125
0 0.151562 0.339062 0.028125 0.028125
0 0.831250 0.684375 0.031250 0.031250
0 0.701562 0.201563 0.028125 0.028125
0 0.625000 0.168750 0.031250 0.031250
0 0.657813 0.518750 0.028125 0.031250
0 0.228125 0.298438 0.025000 0.028125
0 0.173437 0.028125 0.028125 0.031250
0 0.370312 0.270313 0.028125 0.028125
0 0.314063 0.742188 0.028125 0.028125
0 0.314063 0.085938 0.028125 0.028125
0 0.485938 0.551562 0.028125 0.028125
0 0.179688 0.142187 0.028125 0.028125
0 0.289062 0.398438 0.028125 0.028125
0 0.381250 0.509375 0.031250 0.031250
0 0.426563 0.170313 0.028125 0.028125
0 0.475000 0.037500 0.031250 0.031250
0 0.164062 0.282813 0.028125 0.028125
0 0.087500 0.525000 0.025000 0.025000
0 0.287500 0.725000 0.031250 0.031250
0 0.428125 0.375000 0.031250 0.031250
0 0.226562 0.384375 0.028125 0.031250
0 0.629687 0.601562 0.028125 0.028125
0 0.204687 0.320312 0.028125 0.028125
0 0.382812 0.420312 0.028125 0.028125
0 0.510938 0.829688 0.028125 0.028125
0 0.543750 0.287500 0.031250 0.031250
0 0.629687 0.471875 0.028125 0.031250
0 0.829688 0.915625 0.034375 0.031250
0 0.592187 0.179688 0.028125 0.028125
0 0.601562 0.551562 0.028125 0.028125
0 0.092188 0.354687 0.028125 0.028125
0 0.656250 0.751563 0.031250 0.028125
0 0.432812 0.289062 0.028125 0.028125
0 0.460938 0.507812 0.028125 0.028125
0 0.198437 0.768750 0.028125 0.031250
0 0.603125 0.454688 0.031250 0.028125
0 0.101562 0.471875 0.028125 0.031250
0 0.318750 0.575000 0.031250 0.031250
0 0.279687 0.368750 0.028125 0.031250
0 0.101562 0.182812 0.028125 0.028125
0 0.200000 0.734375 0.031250 0.031250
0 0.507812 0.929688 0.028125 0.028125
0 0.248438 0.360938 0.028125 0.028125
0 0.539062 0.748437 0.028125 0.028125
0 0.835938 0.192188 0.034375 0.034375
0 0.337500 0.684375 0.031250 0.031250
0 0.581250 0.242188 0.031250 0.028125
0 0.346875 0.096875 0.031250 0.031250
0 0.598437 0.651563 0.028125 0.028125
0 0.309375 0.460938 0.031250 0.028125
0 0.678125 0.181250 0.031250 0.031250
0 0.468750 0.209375 0.031250 0.031250
0 0.401562 0.279687 0.028125 0.028125
0 0.306250 0.257812 0.031250 0.028125
0 0.220312 0.554688 0.028125 0.028125
0 0.426563 0.779687 0.028125 0.028125
0 0.743750 0.567187 0.031250 0.028125
0 0.076563 0.867188 0.028125 0.028125
0 0.390625 0.050000 0.031250 0.031250
0 0.834375 0.421875 0.031250 0.031250
0 0.367188 0.668750 0.028125 0.031250
0 0.273438 0.540625 0.028125 0.031250
0 0.501563 0.212500 0.028125 0.031250
0 0.070312 0.175000 0.028125 0.031250
0 0.407813 0.395313 0.028125 0.028125
0 0.545312 0.617188 0.028125 0.028125
0 0.165625 0.915625 0.031250 0.031250
0 0.545312 0.354687 0.028125 0.028125
0 0.715625 0.025000 0.031250 0.031250
0 0.740625 0.865625 0.031250 0.031250
0 0.339062 0.792188 0.028125 0.028125
0 0.203125 0.407813 0.031250 0.028125
0 0.398438 0.632812 0.028125 0.028125
0 0.429688 0.554688 0.028125 0.028125
0 0.445312 0.317188 0.028125 0.028125
0 0.570312 0.601562 0.028125 0.028125
0 0.310937 0.635938 0.028125 0.028125
0 0.771875 0.782813 0.031250 0.028125
0 0.251563 0.628125 0.028125 0.031250
0 0.476562 0.978125 0.028125 0.031250
0 0.506250 0.028125 0.031250 0.031250
0 0.585938 0.210938 0.028125 0.028125
0 0.237500 0.042188 0.031250 0.028125
0 0.803125 0.603125 0.031250 0.031250
0 0.268750 0.337500 0.031250 0.031250
0 0.292187 0.110937 0.028125 0.028125
0 0.820312 0.098437 0.034375 0.034375
0 0.160938 0.568750 0.028125 0.031250
0 0.310937 0.775000 0.028125 0.031250
0 0.206250 0.525000 0.031250 0.031250
0 0.037500 0.168750 0.031250 0.031250
0 0.220312 0.948438 0.028125 0.028125
0 0.807813 0.139063 0.028125 0.028125
0 0.601562 0.389062 0.028125 0.028125
0 0.204687 0.034375 0.028125 0.031250
0 0.432812 0.489063 0.028125 0.028125
0 0.312500 0.604688 0.031250 0.028125
0 0.235937 0.415625 0.028125 0.025000
0 0.673438 0.214062 0.028125 0.028125
0 0.692187 0.118750 0.028125 0.031250
0 0.137500 0.803125 0.031250 0.031250
0 0.542188 0.651563 0.028125 0.028125
0 0.018750 0.307812 0.031250 0.028125
0 0.398438 0.765625 0.028125 0.031250
0 0.107813 0.948438 0.028125 0.028125
0 0.510938 0.767188 0.028125 0.028125
0 0.365625 0.975000 0.031250 0.031250
0 0.714063 0.587500 0.028125 0.031250
0 0.392188 0.960938 0.028125 0.028125
0 0.434375 0.115625 0.031250 0.031250
0 0.057813 0.228125 0.028125 0.031250
0 0.834375 0.718750 0.031250 0.031250
0 0.151562 0.539062 0.028125 0.028125
0 0.479687 0.879687 0.028125 0.028125
0 0.193750 0.575000 0.031250 0.031250
0 0.051562 0.315625 0.028125 0.031250
0 0.454688 0.767188 0.028125 0.028125
0 0.189062 0.462500 0.028125 0.025000
0 0.628125 0.632812 0.025000 0.028125
0 0.210938 0.439063 0.028125 0.028125
0 0.714063 0.750000 0.028125 0.031250
0 0.682813 0.735938 0.028125 0.028125
0 0.276562 0.889062 0.028125 0.028125
0 0.570312 0.670312 0.028125 0.028125
0 0.257812 0.739062 0.028125 0.028125
0 0.334375 0.350000 0.031250 0.031250
0 0.229687 0.720313 0.028125 0.028125
0 0.145313 0.220312 0.028125 0.028125
0 0.393750 0.164062 0.031250 0.028125
0 0.367188 0.779687 0.028125 0.028125
0 0.834375 0.584375 0.031250 0.031250
0 0.800000 0.929688 0.025000 0.028125
0 0.179688 0.432812 0.028125 0.028125
0 0.648438 0.190625 0.028125 0.031250
0 0.485938 0.454688 0.028125 0.028125
0 0.570312 0.798438 0.028125 0.028125
0 0.076563 0.492188 0.028125 0.028125
0 0.800000 0.865625 0.031250 0.031250
0 0.534375 0.978125 0.031250 0.031250
0 0.420312 0.139063 0.028125 0.028125
0 0.135937 0.835938 0.028125 0.028125
0 0.050000 0.028125 0.031250 0.031250
0 0.398438 0.364063 0.028125 0.028125
0 0.256250 0.771875 0.031250 0.031250
0 0.379688 0.018750 0.028125 0.031250
0 0.337500 0.956250 0.031250 0.031250
0 0.740625 0.896875 0.031250 0.031250
0 0.112500 0.214062 0.025000 0.028125
0 0.342187 0.760938 0.028125 0.028125
0 0.595313 0.881250 0.034375 0.031250
0 0.832812 0.357812 0.034375 0.034375
0 0.506250 0.962500 0.031250 0.031250
0 0.514062 0.603125 0.028125 0.025000
0 0.365625 0.843750 0.031250 0.031250
0 0.460938 0.379688 0.028125 0.028125
0 0.339062 0.857812 0.028125 0.028125
0 0.018750 0.932813 0.031250 0.028125
0 0.479687 0.945312 0.028125 0.028125
0 0.307812 0.171875 0.028125 0.031250
0 0.464062 0.101562 0.028125 0.028125
0 0.610938 0.231250 0.028125 0.031250
0 0.084375 0.037500 0.031250 0.031250
0 0.373437 0.185938 0.028125 0.028125
0 0.834375 0.221875 0.031250 0.031250
0 0.268750 0.675000 0.031250 0.031250
0 0.320312 0.492188 0.028125 0.028125
0 0.542188 0.682813 0.028125 0.028125
0 0.395313 0.448437 0.028125 0.028125
0 0.135937 0.964063 0.028125 0.028125
0 0.521875 0.265625 0.031250 0.031250
0 0.284375 0.790625 0.031250 0.031250
0 0.167187 0.820312 0.028125 0.028125
0 0.443750 0.032813 0.031250 0.034375
0 0.451562 0.929688 0.028125 0.028125
0 0.629687 0.137500 0.028125 0.031250
0 0.259375 0.707812 0.031250 0.028125
0 0.367188 0.942187 0.028125 0.028125
0 0.396875 0.665625 0.031250 0.031250
0 0.487500 0.585938 0.025000 0.028125
0 0.135937 0.898438 0.028125 0.028125
0 0.407813 0.196875 0.028125 0.031250
0 0.304688 0.057813 0.028125 0.028125
0 0.315625 0.289062 0.025000 0.028125
0 0.379688 0.301563 0.028125 0.028125
0 0.139063 0.306250 0.028125 0.031250
0 0.640625 0.221875 0.031250 0.031250
0 0.065625 0.260937 0.031250 0.028125
0 0.231250 0.689063 0.031250 0.028125
0 0.221875 0.853125 0.031250 0.031250
0 0.239063 0.532813 0.028125 0.028125
0 0.248438 0.870313 0.028125 0.028125
0 0.428125 0.750000 0.031250 0.031250
0 0.456250 0.632812 0.025000 0.028125
0 0.800000 0.635938 0.031250 0.028125
0 0.198437 0.493750 0.028125 0.025000
0 0.079687 0.806250 0.028125 0.031250
0 0.220312 0.885938 0.028125 0.028125
0 0.076563 0.404687 0.028125 0.028125
0 0.106250 0.300000 0.031250 0.031250
0 0.296875 0.512500 0.031250 0.031250
0 0.410938 0.023438 0.028125 0.028125
0 0.484375 0.750000 0.031250 0.031250
0 0.800000 0.056250 0.031250 0.031250
0 0.537500 0.946875 0.031250 0.031250
0 0.307812 0.876563 0.028125 0.028125
0 0.225000 0.587500 0.031250 0.031250
0 0.021875 0.806250 0.031250 0.031250
0 0.123438 0.446875 0.028125 0.031250
0 0.770312 0.912500 0.028125 0.031250
0 0.545312 0.384375 0.028125 0.031250
0 0.139063 0.932813 0.028125 0.028125
0 0.065625 0.462500 0.031250 0.031250
0 0.429688 0.618750 0.028125 0.025000
0 0.248438 0.564063 0.028125 0.028125
0 0.209375 0.667188 0.031250 0.034375
0 0.339062 0.923438 0.028125 0.028125
0 0.243750 0.446875 0.025000 0.025000
0 0.104688 0.978125 0.028125 0.031250
0 0.439063 0.082812 0.028125 0.028125
0 0.835938 0.253125 0.034375 0.031250
0 0.381250 0.103125 0.031250 0.031250
0 0.342187 0.467187 0.028125 0.028125
0 0.829688 0.946875 0.034375 0.031250
0 0.717187 0.654687 0.028125 0.028125
0 0.164062 0.851562 0.028125 0.028125
0 0.279687 0.823438 0.028125 0.028125
0 0.120313 0.534375 0.028125 0.031250
0 0.542188 0.021875 0.028125 0.031250
0 0.221875 0.635938 0.031250 0.028125
0 0.029687 0.659375 0.028125 0.031250
0 0.364063 0.442188 0.028125 0.028125
0 0.617188 0.200000 0.028125 0.031250
0 0.770312 0.882812 0.028125 0.028125
0 0.829688 0.881250 0.034375 0.031250
0 0.437500 0.203125 0.031250 0.031250
0 0.064062 0.548438 0.028125 0.028125
0 0.345313 0.725000 0.028125 0.031250
0 0.128125 0.565625 0.031250 0.031250
0 0.095312 0.556250 0.028125 0.031250
0 0.384375 0.135937 0.031250 0.028125
0 0.285938 0.757812 0.028125 0.028125
0 0.290625 0.692187 0.031250 0.028125
0 0.217188 0.351562 0.028125 0.028125
0 0.509375 0.896875 0.031250 0.031250
