0 0.856250 0.896875 0.031250 0.031250
0 0.823438 0.837500 0.028125 0.031250
0 0.103125 0.776563 0.031250 0.028125
0 0.857812 0.835938 0.028125 0.028125
0 0.890625 0.896875 0.031250 0.031250
0 0.882812 0.353125 0.028125 0.031250
0 0.398438 0.834375 0.028125 0.031250
0 0.921875 0.781250 0.031250 0.031250
0 0.821875 0.896875 0.031250 0.031250
0 0.134375 0.776563 0.031250 0.028125
0 0.859375 0.721875 0.031250 0.031250
0 0.781250 0.465625 0.031250 0.031250
0 0.234375 0.318750 0.031250 0.031250
0 0.929688 0.098437 0.028125 0.028125
0 0.937500 0.809375 0.031250 0.031250
0 0.250000 0.746875 0.031250 0.031250
0 0.678125 0.750000 0.031250 0.031250
0 0.828125 0.493750 0.031250 0.031250
0 0.089063 0.131250 0.028125 0.031250
0 0.812500 0.246875 0.031250 0.031250
0 0.281250 0.862500 0.031250 0.031250
0 0.493750 0.837500 0.031250 0.031250
0 0.068750 0.890625 0.031250 0.031250
0 0.862500 0.381250 0.031250 0.031250
0 0.053125 0.803125 0.031250 0.031250
0 0.034375 0.890625 0.031250 0.031250
0 0.662500 0.606250 0.031250 0.031250
0 0.053125 0.687500 0.031250 0.031250
0 0.531250 0.093750 0.031250 0.031250
0 0.412500 0.750000 0.031250 0.031250
0 0.828125 0.664062 0.031250 0.028125
0 0.729688 0.493750 0.028125 0.031250
0 0.918750 0.240625 0.031250 0.031250
0 0.051562 0.745313 0.028125 0.028125
0 0.234375 0.603125 0.031250 0.031250
0 0.807813 0.867188 0.028125 0.028125
0 0.871875 0.865625 0.031250 0.031250
0 0.796875 0.437500 0.031250 0.031250
0 0.867188 0.212500 0.028125 0.031250
0 0.231250 0.834375 0.031250 0.031250
0 0.365625 0.776563 0.031250 0.028125
0 0.646875 0.126562 0.031250 0.028125
0 0.710938 0.807813 0.028125 0.028125
0 0.184375 0.287500 0.031250 0.031250
0 0.070312 0.775000 0.028125 0.031250
0 0.198437 0.892188 0.028125 0.028125
0 0.846875 0.409375 0.031250 0.031250
0 0.150000 0.862500 0.031250 0.031250
0 0.510938 0.806250 0.028125 0.031250
0 0.037500 0.775000 0.031250 0.031250
0 0.578125 0.750000 0.031250 0.031250
0 0.890625 0.781250 0.031250 0.031250
0 0.875000 0.693750 0.031250 0.031250
0 0.759375 0.839063 0.031250 0.028125
0 0.839063 0.807813 0.028125 0.028125
0 0.578125 0.925000 0.031250 0.031250
0 0.204687 0.228125 0.028125 0.031250
0 0.828125 0.553125 0.031250 0.031250
0 0.775000 0.807813 0.031250 0.028125
0 0.215625 0.517188 0.031250 0.028125
0 0.515625 0.064062 0.031250 0.028125
0 0.760938 0.271875 0.028125 0.031250
0 0.151562 0.804688 0.028125 0.028125
0 0.500000 0.093750 0.031250 0.031250
0 0.695312 0.837500 0.028125 0.031250
0 0.314063 0.804688 0.028125 0.028125
0 0.478125 0.867188 0.031250 0.028125
0 0.510938 0.867188 0.028125 0.028125
0 0.795312 0.609375 0.028125 0.031250
0 0.756250 0.896875 0.031250 0.031250
0 0.909375 0.525000 0.031250 0.031250
0 0.864062 0.325000 0.028125 0.031250
0 0.625000 0.778125 0.031250 0.031250
0 0.771875 0.928125 0.031250 0.031250
0 0.037500 0.484375 0.031250 0.031250
0 0.146875 0.064062 0.031250 0.028125
0 0.143750 0.196875 0.031250 0.031250
0 0.595313 0.604688 0.028125 0.028125
0 0.860938 0.550000 0.028125 0.031250
0 0.428125 0.893750 0.031250 0.031250
0 0.464062 0.776563 0.028125 0.028125
0 0.664062 0.039062 0.028125 0.028125
0 0.035937 0.715625 0.028125 0.031250
0 0.412500 0.862500 0.031250 0.031250
0 0.921875 0.839063 0.031250 0.028125
0 0.831250 0.218750 0.031250 0.031250
0 0.115625 0.220312 0.031250 0.034375
0 0.675000 0.809375 0.031250 0.031250
0 0.925000 0.551562 0.031250 0.028125
0 0.215625 0.746875 0.031250 0.031250
0 0.839063 0.864062 0.028125 0.028125
0 0.048438 0.243750 0.034375 0.031250
0 0.900000 0.268750 0.031250 0.031250
0 0.379688 0.462500 0.028125 0.031250
0 0.417187 0.064062 0.028125 0.028125
0 0.581250 0.121875 0.031250 0.031250
0 0.429688 0.835938 0.028125 0.028125
0 0.762500 0.214062 0.031250 0.028125
0 0.578125 0.578125 0.031250 0.031250
0 0.907813 0.637500 0.028125 0.031250
0 0.082812 0.804688 0.028125 0.028125
0 0.812500 0.523438 0.031250 0.028125
0 0.215625 0.345313 0.031250 0.028125
0 0.104688 0.256250 0.028125 0.031250
0 0.528125 0.840625 0.031250 0.031250
0 0.953125 0.781250 0.031250 0.031250
0 0.100000 0.893750 0.031250 0.031250
0 0.893750 0.495312 0.031250 0.028125
0 0.878125 0.523438 0.031250 0.028125
0 0.643750 0.807813 0.031250 0.028125
0 0.246875 0.631250 0.031250 0.031250
0 0.898438 0.381250 0.028125 0.031250
0 0.550000 0.065625 0.031250 0.031250
0 0.381250 0.575000 0.031250 0.031250
0 0.265625 0.718750 0.031250 0.031250
0 0.510938 0.634375 0.028125 0.031250
0 0.692187 0.778125 0.028125 0.031250
0 0.740625 0.807813 0.031250 0.028125
0 0.250000 0.403125 0.031250 0.031250
0 0.875000 0.751563 0.031250 0.028125
0 0.265625 0.204687 0.031250 0.034375
0 0.676562 0.867188 0.028125 0.028125
0 0.942187 0.523438 0.028125 0.028125
0 0.450000 0.064062 0.031250 0.028125
0 0.645312 0.067187 0.028125 0.028125
0 0.053125 0.281250 0.031250 0.031250
0 0.859375 0.606250 0.031250 0.031250
0 0.151562 0.746875 0.028125 0.031250
0 0.842187 0.751563 0.028125 0.028125
0 0.612500 0.578125 0.031250 0.031250
0 0.165625 0.892188 0.031250 0.028125
0 0.926562 0.495312 0.028125 0.028125
0 0.679688 0.067187 0.028125 0.028125
0 0.434375 0.090625 0.031250 0.031250
0 0.296875 0.892188 0.031250 0.028125
0 0.659375 0.720313 0.031250 0.028125
0 0.118750 0.687500 0.031250 0.031250
0 0.812500 0.409375 0.031250 0.031250
0 0.531250 0.150000 0.031250 0.031250
0 0.039062 0.600000 0.028125 0.031250
0 0.379688 0.746875 0.028125 0.031250
0 0.903125 0.928125 0.031250 0.031250
0 0.542188 0.925000 0.028125 0.031250
0 0.879687 0.409375 0.028125 0.031250
0 0.746875 0.465625 0.031250 0.031250
0 0.346875 0.575000 0.031250 0.031250
0 0.312500 0.925000 0.031250 0.031250
0 0.200000 0.718750 0.031250 0.031250
0 0.200000 0.659375 0.031250 0.031250
0 0.428125 0.662500 0.031250 0.031250
0 0.089063 0.196875 0.028125 0.031250
0 0.760938 0.606250 0.028125 0.031250
0 0.626563 0.720313 0.028125 0.028125
0 0.876563 0.579688 0.028125 0.028125
0 0.231250 0.662500 0.031250 0.031250
0 0.759375 0.662500 0.031250 0.031250
0 0.962500 0.100000 0.031250 0.031250
0 0.645312 0.181250 0.028125 0.031250
0 0.117188 0.181250 0.028125 0.031250
0 0.548438 0.121875 0.028125 0.031250
0 0.726562 0.665625 0.028125 0.031250
0 0.776563 0.521875 0.028125 0.031250
0 0.510938 0.750000 0.028125 0.031250
0 0.412500 0.690625 0.031250 0.031250
0 0.595313 0.550000 0.028125 0.031250
0 0.200000 0.487500 0.031250 0.031250
0 0.593750 0.778125 0.031250 0.031250
0 0.790625 0.721875 0.031250 0.031250
0 0.932813 0.268750 0.028125 0.031250
0 0.478125 0.575000 0.031250 0.031250
0 0.167187 0.834375 0.028125 0.031250
0 0.090625 0.062500 0.031250 0.031250
0 0.814063 0.465625 0.028125 0.031250
0 0.712500 0.353125 0.031250 0.031250
0 0.021875 0.687500 0.031250 0.031250
0 0.528125 0.896875 0.031250 0.031250
0 0.085938 0.631250 0.028125 0.031250
0 0.776563 0.635938 0.028125 0.028125
0 0.859375 0.665625 0.031250 0.031250
0 0.087500 0.400000 0.031250 0.031250
0 0.059375 0.212500 0.031250 0.031250
0 0.579688 0.181250 0.028125 0.031250
0 0.848437 0.296875 0.028125 0.031250
0 0.298438 0.834375 0.028125 0.031250
0 0.135937 0.603125 0.028125 0.031250
0 0.915625 0.353125 0.031250 0.031250
0 0.559375 0.896875 0.031250 0.031250
0 0.462500 0.896875 0.031250 0.031250
0 0.368750 0.090625 0.031250 0.031250
0 0.903125 0.868750 0.031250 0.031250
0 0.806250 0.929688 0.031250 0.034375
0 0.037500 0.314063 0.031250 0.028125
0 0.892188 0.609375 0.028125 0.031250
0 0.681250 0.296875 0.031250 0.031250
0 0.575000 0.865625 0.031250 0.031250
0 0.528125 0.720313 0.031250 0.028125
0 0.726562 0.839063 0.028125 0.028125
0 0.728125 0.325000 0.031250 0.031250
0 0.679688 0.578125 0.028125 0.031250
0 0.515625 0.120313 0.031250 0.028125
0 0.070312 0.600000 0.028125 0.031250
0 0.759375 0.721875 0.031250 0.031250
0 0.725000 0.896875 0.031250 0.031250
0 0.796875 0.493750 0.031250 0.031250
0 0.395313 0.778125 0.028125 0.031250
0 0.812500 0.353125 0.031250 0.031250
0 0.231250 0.043750 0.031250 0.031250
0 0.664062 0.210938 0.028125 0.028125
0 0.378125 0.806250 0.031250 0.031250
0 0.823438 0.721875 0.028125 0.031250
0 0.431250 0.321875 0.031250 0.031250
0 0.864062 0.435937 0.028125 0.028125
0 0.090625 0.096875 0.031250 0.031250
0 0.645312 0.578125 0.028125 0.031250
0 0.625000 0.896875 0.031250 0.031250
0 0.825000 0.609375 0.031250 0.031250
0 0.151562 0.285938 0.028125 0.028125
0 0.200000 0.259375 0.031250 0.031250
0 0.493750 0.664062 0.031250 0.028125
0 0.151562 0.689063 0.028125 0.028125
0 0.021875 0.515625 0.031250 0.031250
0 0.381250 0.350000 0.031250 0.031250
0 0.298438 0.489063 0.028125 0.028125
0 0.314063 0.690625 0.028125 0.031250
0 0.559375 0.778125 0.031250 0.031250
0 0.796875 0.325000 0.031250 0.031250
0 0.315625 0.289062 0.031250 0.028125
0 0.893750 0.551562 0.031250 0.028125
0 0.281250 0.632812 0.031250 0.028125
0 0.660937 0.664062 0.028125 0.028125
0 0.034375 0.831250 0.031250 0.031250
0 0.478125 0.690625 0.031250 0.031250
0 0.201563 0.160938 0.028125 0.028125
0 0.948438 0.353125 0.028125 0.031250
0 0.479687 0.407813 0.028125 0.028125
0 0.085938 0.687500 0.028125 0.031250
0 0.401562 0.090625 0.028125 0.031250
0 0.412500 0.350000 0.031250 0.031250
0 0.021875 0.284375 0.031250 0.031250
0 0.696875 0.212500 0.031250 0.031250
0 0.842187 0.579688 0.028125 0.028125
0 0.062500 0.079687 0.031250 0.028125
0 0.495312 0.204687 0.028125 0.028125
0 0.906250 0.807813 0.031250 0.028125
0 0.381250 0.406250 0.031250 0.031250
0 0.779687 0.579688 0.028125 0.028125
0 0.578125 0.634375 0.031250 0.031250
0 0.364063 0.835938 0.028125 0.028125
0 0.175000 0.212500 0.031250 0.031250
0 0.462500 0.378125 0.031250 0.031250
0 0.642188 0.750000 0.028125 0.031250
0 0.495312 0.437500 0.028125 0.031250
0 0.070312 0.715625 0.028125 0.031250
0 0.118750 0.145313 0.031250 0.028125
0 0.564063 0.095312 0.028125 0.028125
0 0.906250 0.695312 0.031250 0.028125
0 0.318750 0.234375 0.031250 0.031250
0 0.940625 0.579688 0.031250 0.028125
0 0.728125 0.268750 0.031250 0.031250
0 0.642188 0.928125 0.028125 0.031250
0 0.200000 0.431250 0.031250 0.031250
0 0.267188 0.432812 0.028125 0.028125
0 0.282813 0.234375 0.028125 0.031250
0 0.729688 0.212500 0.028125 0.031250
0 0.428125 0.718750 0.031250 0.031250
0 0.021875 0.343750 0.031250 0.031250
0 0.265625 0.834375 0.031250 0.031250
0 0.054688 0.570312 0.028125 0.028125
0 0.857812 0.779687 0.028125 0.028125
0 0.346875 0.462500 0.031250 0.031250
0 0.331250 0.717187 0.031250 0.028125
0 0.182812 0.862500 0.028125 0.031250
0 0.826562 0.779687 0.028125 0.028125
0 0.334375 0.150000 0.031250 0.031250
0 0.103125 0.831250 0.031250 0.031250
0 0.479687 0.176563 0.028125 0.028125
0 0.812500 0.293750 0.031250 0.031250
0 0.546875 0.293750 0.031250 0.031250
0 0.298438 0.548438 0.028125 0.028125
0 0.118750 0.345313 0.031250 0.028125
0 0.729688 0.379688 0.028125 0.028125
0 0.965625 0.157812 0.031250 0.028125
0 0.921875 0.898438 0.031250 0.028125
0 0.167187 0.371875 0.028125 0.031250
0 0.940625 0.635938 0.031250 0.028125
0 0.059375 0.179688 0.031250 0.028125
0 0.173437 0.179688 0.028125 0.028125
0 0.234375 0.546875 0.031250 0.031250
0 0.398438 0.320312 0.028125 0.028125
0 0.459375 0.834375 0.031250 0.031250
0 0.395313 0.662500 0.028125 0.031250
0 0.215625 0.401562 0.031250 0.028125
0 0.218750 0.459375 0.031250 0.031250
0 0.612500 0.520312 0.031250 0.028125
0 0.037500 0.656250 0.031250 0.031250
0 0.200000 0.318750 0.031250 0.031250
0 0.609375 0.925000 0.031250 0.031250
0 0.971875 0.753125 0.031250 0.031250
0 0.775000 0.753125 0.031250 0.031250
0 0.562500 0.834375 0.031250 0.031250
0 0.432812 0.146875 0.028125 0.031250
0 0.021875 0.454688 0.031250 0.028125
0 0.764062 0.493750 0.028125 0.031250
0 0.690625 0.895312 0.031250 0.028125
0 0.231250 0.375000 0.031250 0.031250
0 0.118750 0.804688 0.031250 0.028125
0 0.089063 0.165625 0.028125 0.031250
0 0.070312 0.312500 0.028125 0.031250
0 0.446875 0.806250 0.031250 0.031250
0 0.198437 0.834375 0.028125 0.031250
0 0.496875 0.150000 0.031250 0.031250
0 0.971875 0.637500 0.031250 0.031250
0 0.546875 0.178125 0.031250 0.031250
0 0.214062 0.806250 0.028125 0.031250
0 0.181250 0.923438 0.031250 0.028125
0 0.790625 0.837500 0.031250 0.031250
0 0.957812 0.551562 0.028125 0.028125
0 0.714063 0.464062 0.028125 0.028125
0 0.790625 0.900000 0.031250 0.031250
0 0.659375 0.837500 0.031250 0.031250
0 0.182812 0.401562 0.028125 0.028125
0 0.331250 0.832812 0.031250 0.028125
0 0.115625 0.862500 0.031250 0.031250
0 0.267188 0.776563 0.028125 0.028125
0 0.346875 0.748437 0.031250 0.028125
0 0.662500 0.548438 0.031250 0.028125
0 0.759375 0.778125 0.031250 0.031250
0 0.481250 0.120313 0.031250 0.028125
0 0.725000 0.778125 0.031250 0.031250
0 0.842187 0.692187 0.028125 0.028125
0 0.764062 0.379688 0.028125 0.028125
0 0.103125 0.659375 0.031250 0.031250
0 0.932813 0.212500 0.028125 0.031250
0 0.892188 0.667188 0.028125 0.028125
0 0.871875 0.928125 0.031250 0.031250
0 0.182812 0.459375 0.028125 0.031250
0 0.084375 0.859375 0.031250 0.031250
0 0.214062 0.629687 0.028125 0.028125
0 0.346875 0.518750 0.031250 0.031250
0 0.934375 0.928125 0.031250 0.031250
0 0.765625 0.325000 0.031250 0.031250
0 0.150000 0.632812 0.031250 0.028125
0 0.410938 0.806250 0.028125 0.031250
0 0.512500 0.578125 0.031250 0.031250
0 0.745313 0.298438 0.028125 0.028125
0 0.264062 0.546875 0.028125 0.031250
0 0.032813 0.062500 0.028125 0.031250
0 0.714063 0.409375 0.028125 0.031250
0 0.512500 0.178125 0.031250 0.031250
0 0.609375 0.807813 0.031250 0.028125
0 0.495312 0.720313 0.028125 0.028125
0 0.296875 0.660937 0.031250 0.028125
0 0.890625 0.721875 0.031250 0.031250
0 0.053125 0.859375 0.031250 0.031250
0 0.510938 0.520312 0.028125 0.028125
0 0.265625 0.093750 0.031250 0.031250
0 0.495312 0.492188 0.028125 0.028125
0 0.659375 0.778125 0.031250 0.031250
0 0.807813 0.635938 0.028125 0.028125
0 0.484375 0.064062 0.031250 0.028125
0 0.315625 0.346875 0.031250 0.031250
0 0.167187 0.256250 0.028125 0.031250
0 0.764062 0.435937 0.028125 0.028125
0 0.062500 0.145313 0.031250 0.028125
0 0.696875 0.434375 0.031250 0.031250
0 0.021875 0.396875 0.031250 0.031250
0 0.364063 0.492188 0.028125 0.028125
0 0.675000 0.925000 0.031250 0.031250
0 0.229687 0.178125 0.028125 0.031250
0 0.315625 0.462500 0.031250 0.031250
0 0.712500 0.242188 0.031250 0.028125
0 0.167187 0.776563 0.028125 0.028125
0 0.446875 0.690625 0.031250 0.031250
0 0.364063 0.262500 0.028125 0.031250
0 0.173437 0.112500 0.028125 0.031250
0 0.165625 0.601562 0.031250 0.028125
0 0.512500 0.351562 0.031250 0.028125
0 0.267188 0.603125 0.028125 0.031250
0 0.664062 0.379688 0.028125 0.028125
0 0.346875 0.290625 0.031250 0.031250
0 0.829688 0.381250 0.028125 0.031250
0 0.070312 0.657813 0.028125 0.028125
0 0.676562 0.693750 0.028125 0.031250
0 0.231250 0.431250 0.031250 0.031250
0 0.032813 0.192188 0.028125 0.028125
0 0.234375 0.778125 0.031250 0.031250
0 0.117188 0.629687 0.028125 0.028125
0 0.396875 0.606250 0.031250 0.031250
0 0.215625 0.689063 0.031250 0.028125
0 0.951562 0.239063 0.028125 0.028125
0 0.120313 0.457813 0.028125 0.028125
0 0.495312 0.893750 0.028125 0.031250
0 0.446875 0.348438 0.031250 0.028125
0 0.118750 0.285938 0.031250 0.028125
0 0.778125 0.243750 0.031250 0.031250
0 0.395313 0.489063 0.028125 0.028125
0 0.837500 0.928125 0.031250 0.031250
0 0.229687 0.145313 0.028125 0.028125
0 0.562500 0.379688 0.031250 0.028125
0 0.745313 0.242188 0.028125 0.028125
0 0.143750 0.164062 0.031250 0.028125
0 0.181250 0.804688 0.031250 0.028125
0 0.462500 0.720313 0.031250 0.028125
0 0.267188 0.317188 0.028125 0.028125
0 0.462500 0.320312 0.031250 0.028125
0 0.528125 0.662500 0.031250 0.031250
0 0.907813 0.748437 0.028125 0.028125
0 0.846875 0.353125 0.031250 0.031250
0 0.446875 0.634375 0.031250 0.031250
0 0.103125 0.485938 0.031250 0.028125
0 0.118750 0.746875 0.031250 0.031250
0 0.910937 0.467187 0.028125 0.028125
0 0.379688 0.632812 0.028125 0.028125
0 0.951562 0.296875 0.028125 0.031250
0 0.151562 0.515625 0.028125 0.031250
0 0.748437 0.353125 0.028125 0.031250
0 0.564063 0.150000 0.028125 0.031250
0 0.362500 0.432812 0.031250 0.028125
0 0.231250 0.209375 0.031250 0.031250
0 0.612500 0.353125 0.031250 0.031250
0 0.528125 0.321875 0.031250 0.031250
0 0.448437 0.175000 0.028125 0.031250
0 0.367188 0.148438 0.028125 0.028125
0 0.953125 0.896875 0.031250 0.031250
0 0.662500 0.093750 0.031250 0.031250
0 0.495312 0.604688 0.028125 0.028125
0 0.645312 0.237500 0.028125 0.031250
0 0.829688 0.437500 0.028125 0.031250
0 0.298438 0.720313 0.028125 0.028125
0 0.282813 0.290625 0.028125 0.031250
0 0.681250 0.182812 0.031250 0.028125
0 0.054688 0.340625 0.028125 0.031250
0 0.182812 0.517188 0.028125 0.028125
0 0.762500 0.550000 0.031250 0.031250
0 0.543750 0.750000 0.031250 0.031250
0 0.900000 0.325000 0.031250 0.031250
0 0.528125 0.548438 0.031250 0.028125
0 0.203125 0.131250 0.031250 0.031250
0 0.917188 0.298438 0.028125 0.028125
0 0.282813 0.746875 0.028125 0.031250
0 0.351562 0.120313 0.028125 0.028125
0 0.245312 0.921875 0.028125 0.031250
0 0.135937 0.375000 0.028125 0.031250
0 0.564063 0.209375 0.028125 0.031250
0 0.198437 0.371875 0.028125 0.031250
0 0.050000 0.923438 0.031250 0.034375
0 0.939063 0.751563 0.028125 0.028125
0 0.381250 0.235937 0.031250 0.028125
0 0.118750 0.401562 0.031250 0.028125
0 0.298438 0.432812 0.028125 0.028125
0 0.314063 0.865625 0.028125 0.031250
0 0.146875 0.131250 0.031250 0.031250
0 0.232813 0.892188 0.028125 0.028125
0 0.085938 0.745313 0.028125 0.028125
0 0.150000 0.229687 0.031250 0.028125
0 0.793750 0.551562 0.031250 0.028125
0 0.414062 0.578125 0.028125 0.031250
0 0.609375 0.865625 0.031250 0.031250
0 0.431250 0.262500 0.031250 0.031250
0 0.465625 0.090625 0.031250 0.031250
0 0.329688 0.604688 0.028125 0.028125
0 0.134375 0.487500 0.031250 0.031250
0 0.542188 0.806250 0.028125 0.031250
0 0.173437 0.145313 0.028125 0.028125
0 0.559375 0.606250 0.031250 0.031250
0 0.134375 0.543750 0.031250 0.031250
0 0.528125 0.262500 0.031250 0.031250
0 0.334375 0.034375 0.031250 0.031250
0 0.531250 0.206250 0.031250 0.031250
0 0.446875 0.407813 0.031250 0.028125
0 0.135937 0.257812 0.028125 0.028125
0 0.512500 0.690625 0.031250 0.031250
0 0.560937 0.548438 0.028125 0.028125
0 0.314063 0.632812 0.028125 0.028125
0 0.446875 0.748437 0.031250 0.028125
0 0.067187 0.831250 0.028125 0.031250
0 0.546875 0.578125 0.031250 0.031250
0 0.695312 0.035937 0.028125 0.028125
0 0.882812 0.239063 0.028125 0.028125
0 0.415625 0.292187 0.031250 0.028125
0 0.446875 0.464062 0.031250 0.028125
0 0.531250 0.037500 0.031250 0.031250
0 0.364063 0.320312 0.028125 0.028125
0 0.593750 0.893750 0.031250 0.031250
0 0.965625 0.381250 0.031250 0.031250
0 0.039062 0.542188 0.028125 0.028125
0 0.351562 0.178125 0.028125 0.031250
0 0.809375 0.695312 0.031250 0.028125
0 0.643750 0.635938 0.031250 0.028125
0 0.712500 0.578125 0.031250 0.031250
0 0.032813 0.096875 0.028125 0.031250
0 0.181250 0.632812 0.031250 0.028125
0 0.381250 0.292187 0.031250 0.028125
0 0.246875 0.864062 0.031250 0.028125
0 0.396875 0.265625 0.031250 0.031250
0 0.712500 0.068750 0.031250 0.031250
0 0.745313 0.635938 0.028125 0.028125
0 0.184375 0.573438 0.031250 0.028125
0 0.779687 0.353125 0.028125 0.031250
0 0.956250 0.725000 0.031250 0.031250
0 0.712500 0.635938 0.031250 0.028125
0 0.546875 0.521875 0.031250 0.031250
0 0.415625 0.234375 0.031250 0.031250
0 0.923438 0.723437 0.028125 0.028125
0 0.546875 0.351562 0.031250 0.028125
0 0.875000 0.637500 0.031250 0.031250
0 0.512500 0.464062 0.031250 0.028125
0 0.265625 0.489063 0.031250 0.028125
0 0.462500 0.604688 0.031250 0.028125
0 0.945312 0.068750 0.028125 0.031250
0 0.707812 0.867188 0.028125 0.028125
0 0.843750 0.523438 0.031250 0.028125
0 0.678125 0.240625 0.031250 0.031250
0 0.256250 0.064062 0.031250 0.028125
0 0.629687 0.035937 0.028125 0.028125
0 0.707812 0.692187 0.028125 0.028125
0 0.512500 0.234375 0.031250 0.031250
0 0.965625 0.267188 0.031250 0.028125
0 0.495312 0.776563 0.028125 0.028125
0 0.021875 0.743750 0.031250 0.031250
0 0.084375 0.229687 0.031250 0.028125
0 0.901563 0.212500 0.028125 0.031250
0 0.593750 0.834375 0.031250 0.031250
0 0.215625 0.290625 0.031250 0.031250
0 0.793750 0.778125 0.031250 0.031250
0 0.314063 0.576562 0.028125 0.028125
0 0.478125 0.806250 0.031250 0.031250
0 0.496875 0.265625 0.031250 0.031250
0 0.298438 0.373437 0.028125 0.028125
0 0.595313 0.493750 0.028125 0.031250
0 0.967187 0.325000 0.028125 0.031250
0 0.946875 0.126562 0.031250 0.028125
0 0.298438 0.317188 0.028125 0.028125
0 0.331250 0.376563 0.031250 0.028125
0 0.167187 0.315625 0.028125 0.031250
0 0.626563 0.837500 0.028125 0.031250
0 0.173437 0.046875 0.028125 0.031250
0 0.365625 0.206250 0.031250 0.031250
0 0.151562 0.457813 0.028125 0.028125
0 0.303125 0.204687 0.031250 0.028125
0 0.103125 0.431250 0.031250 0.031250
0 0.348438 0.234375 0.028125 0.031250
0 0.314063 0.746875 0.028125 0.031250
0 0.428125 0.434375 0.031250 0.031250
0 0.464062 0.204687 0.028125 0.028125
0 0.873437 0.807813 0.028125 0.028125
0 0.907813 0.581250 0.028125 0.031250
0 0.331250 0.660937 0.031250 0.028125
0 0.806250 0.807813 0.031250 0.028125
0 0.612500 0.634375 0.031250 0.031250
0 0.545312 0.235937 0.028125 0.028125
0 0.167187 0.718750 0.028125 0.031250
0 0.529687 0.435937 0.028125 0.028125
0 0.479687 0.464062 0.028125 0.028125
0 0.796875 0.215625 0.031250 0.031250
0 0.062500 0.112500 0.031250 0.031250
0 0.510938 0.292187 0.028125 0.028125
0 0.134375 0.720313 0.031250 0.028125
0 0.329688 0.776563 0.028125 0.028125
0 0.431250 0.604688 0.031250 0.028125
0 0.346875 0.406250 0.031250 0.031250
0 0.607812 0.748437 0.028125 0.028125
0 0.200000 0.600000 0.031250 0.031250
0 0.167187 0.487500 0.028125 0.031250
0 0.629687 0.379688 0.028125 0.028125
0 0.581250 0.067187 0.031250 0.028125
0 0.215625 0.867188 0.031250 0.028125
0 0.598437 0.039062 0.028125 0.028125
0 0.250000 0.806250 0.031250 0.031250
0 0.203125 0.031250 0.031250 0.031250
0 0.234375 0.262500 0.031250 0.031250
0 0.646875 0.409375 0.031250 0.031250
0 0.118750 0.046875 0.031250 0.031250
0 0.200000 0.776563 0.031250 0.028125
0 0.657813 0.896875 0.028125 0.031250
0 0.414062 0.464062 0.028125 0.028125
0 0.146875 0.095312 0.031250 0.028125
0 0.478125 0.634375 0.031250 0.031250
0 0.562500 0.720313 0.031250 0.028125
0 0.396875 0.432812 0.031250 0.028125
0 0.462500 0.435937 0.031250 0.028125
0 0.431250 0.206250 0.031250 0.031250
0 0.646875 0.521875 0.031250 0.031250
0 0.543750 0.867188 0.031250 0.028125
0 0.446875 0.576562 0.031250 0.028125
0 0.104688 0.600000 0.028125 0.031250
0 0.282813 0.518750 0.028125 0.031250
0 0.200000 0.546875 0.031250 0.031250
0 0.103125 0.373437 0.031250 0.028125
0 0.912500 0.409375 0.031250 0.031250
0 0.479687 0.520312 0.028125 0.028125
0 0.937500 0.868750 0.031250 0.031250
0 0.932813 0.323437 0.028125 0.028125
0 0.956250 0.667188 0.031250 0.028125
0 0.250000 0.518750 0.031250 0.031250
0 0.843750 0.635938 0.031250 0.028125
0 0.965625 0.209375 0.031250 0.031250
0 0.792188 0.665625 0.028125 0.031250
0 0.034375 0.128125 0.031250 0.031250
0 0.629687 0.210938 0.028125 0.028125
0 0.087500 0.515625 0.031250 0.031250
0 0.396875 0.890625 0.031250 0.031250
0 0.464062 0.264062 0.028125 0.028125
0 0.748437 0.409375 0.028125 0.031250
0 0.146875 0.923438 0.031250 0.028125
0 0.381250 0.521875 0.031250 0.031250
0 0.132812 0.659375 0.028125 0.031250
0 0.578125 0.351562 0.031250 0.028125
0 0.331250 0.320312 0.031250 0.028125
0 0.267188 0.260937 0.028125 0.028125
0 0.742188 0.750000 0.028125 0.031250
0 0.250000 0.462500 0.031250 0.031250
0 0.331250 0.492188 0.031250 0.028125
0 0.429688 0.492188 0.028125 0.028125
0 0.282813 0.403125 0.028125 0.031250
0 0.465625 0.034375 0.031250 0.031250
0 0.246875 0.234375 0.031250 0.031250
0 0.256250 0.128125 0.031250 0.031250
0 0.850000 0.240625 0.031250 0.031250
0 0.631250 0.550000 0.031250 0.031250
0 0.018750 0.859375 0.031250 0.031250
0 0.135937 0.314063 0.028125 0.028125
0 0.054688 0.514062 0.028125 0.028125
0 0.231250 0.490625 0.031250 0.031250
0 0.732812 0.435937 0.028125 0.028125
0 0.250000 0.689063 0.031250 0.028125
0 0.578125 0.465625 0.031250 0.031250
0 0.781250 0.187500 0.031250 0.031250
0 0.314063 0.406250 0.028125 0.031250
0 0.300000 0.146875 0.031250 0.031250
0 0.973437 0.523438 0.028125 0.028125
0 0.385937 0.120313 0.028125 0.028125
0 0.862500 0.493750 0.031250 0.031250
0 0.250000 0.345313 0.031250 0.028125
0 0.743750 0.523438 0.031250 0.028125
0 0.364063 0.376563 0.028125 0.028125
0 0.948438 0.184375 0.028125 0.031250
0 0.834375 0.271875 0.031250 0.031250
0 0.167187 0.543750 0.028125 0.031250
0 0.462500 0.492188 0.031250 0.028125
0 0.923438 0.665625 0.028125 0.031250
0 0.362500 0.660937 0.031250 0.028125
0 0.895312 0.435937 0.028125 0.028125
0 0.346875 0.689063 0.031250 0.028125
0 0.281250 0.806250 0.031250 0.031250
0 0.431250 0.776563 0.031250 0.028125
0 0.184375 0.689063 0.031250 0.028125
0 0.018750 0.803125 0.031250 0.031250
0 0.417187 0.120313 0.028125 0.028125
0 0.679688 0.353125 0.028125 0.031250
0 0.728125 0.550000 0.031250 0.031250
0 0.331250 0.892188 0.031250 0.028125
0 0.946875 0.409375 0.031250 0.031250
0 0.970313 0.812500 0.034375 0.031250
0 0.495312 0.548438 0.028125 0.028125
0 0.481250 0.348438 0.031250 0.028125
0 0.281250 0.462500 0.031250 0.031250
0 0.039062 0.426563 0.028125 0.028125
0 0.478125 0.235937 0.031250 0.028125
0 0.101562 0.715625 0.028125 0.031250
0 0.117188 0.514062 0.028125 0.028125
0 0.745313 0.579688 0.028125 0.028125
0 0.070312 0.371875 0.028125 0.031250
0 0.629687 0.096875 0.028125 0.031250
0 0.212500 0.925000 0.031250 0.031250
0 0.614062 0.065625 0.028125 0.031250
0 0.565625 0.035937 0.031250 0.028125
0 0.331250 0.548438 0.031250 0.028125
0 0.368750 0.034375 0.031250 0.031250
0 0.279687 0.576562 0.028125 0.028125
0 0.182812 0.746875 0.028125 0.031250
0 0.495312 0.378125 0.028125 0.031250
0 0.810937 0.579688 0.028125 0.028125
0 0.593750 0.720313 0.031250 0.028125
0 0.962500 0.040625 0.031250 0.031250
0 0.960938 0.493750 0.028125 0.031250
0 0.278125 0.925000 0.031250 0.031250
0 0.695312 0.664062 0.028125 0.028125
0 0.234375 0.720313 0.031250 0.028125
0 0.545312 0.464062 0.028125 0.028125
0 0.118750 0.078125 0.031250 0.031250
0 0.132812 0.892188 0.028125 0.028125
0 0.101562 0.310937 0.028125 0.028125
0 0.740625 0.693750 0.031250 0.031250
0 0.135937 0.834375 0.028125 0.031250
0 0.362500 0.604688 0.031250 0.028125
0 0.678125 0.635938 0.031250 0.028125
0 0.346875 0.632812 0.031250 0.028125
0 0.279687 0.689063 0.028125 0.028125
0 0.781250 0.407813 0.031250 0.028125
0 0.346875 0.862500 0.031250 0.031250
0 0.529687 0.492188 0.028125 0.028125
0 0.401562 0.034375 0.028125 0.031250
0 0.725000 0.721875 0.031250 0.031250
0 0.462500 0.660937 0.031250 0.028125
0 0.021875 0.568750 0.031250 0.031250
0 0.465625 0.148438 0.031250 0.028125
0 0.332813 0.204687 0.028125 0.028125
0 0.346875 0.806250 0.031250 0.031250
0 0.970313 0.929688 0.034375 0.034375
0 0.085938 0.284375 0.028125 0.031250
0 0.429688 0.378125 0.028125 0.031250
0 0.479687 0.748437 0.028125 0.028125
0 0.831250 0.325000 0.031250 0.031250
0 0.353125 0.064062 0.031250 0.028125
0 0.645312 0.293750 0.028125 0.031250
0 0.660937 0.323437 0.028125 0.028125
0 0.412500 0.178125 0.031250 0.031250
0 0.560937 0.439063 0.028125 0.028125
0 0.056250 0.400000 0.031250 0.031250
0 0.748437 0.185938 0.028125 0.028125
0 0.429688 0.548438 0.028125 0.028125
0 0.264062 0.660937 0.028125 0.028125
0 0.645312 0.351562 0.028125 0.028125
0 0.182812 0.345313 0.028125 0.028125
0 0.628125 0.606250 0.031250 0.031250
0 0.298438 0.260937 0.028125 0.028125
0 0.085938 0.342187 0.028125 0.028125
0 0.448437 0.292187 0.028125 0.028125
0 0.450000 0.120313 0.031250 0.028125
0 0.931250 0.157812 0.031250 0.028125
0 0.915625 0.184375 0.031250 0.031250
0 0.053125 0.631250 0.031250 0.031250
0 0.942187 0.467187 0.028125 0.028125
0 0.579688 0.521875 0.028125 0.031250
0 0.543750 0.634375 0.031250 0.031250
0 0.796875 0.379688 0.031250 0.028125
0 0.432812 0.034375 0.028125 0.031250
0 0.331250 0.432812 0.031250 0.028125
0 0.725000 0.606250 0.031250 0.031250
0 0.643750 0.690625 0.031250 0.031250
0 0.776563 0.693750 0.028125 0.031250
0 0.201563 0.195312 0.028125 0.028125
0 0.379688 0.862500 0.028125 0.031250
0 0.882812 0.298438 0.028125 0.028125
0 0.081250 0.921875 0.031250 0.031250
0 0.696875 0.379688 0.031250 0.028125
0 0.446875 0.862500 0.031250 0.031250
0 0.728125 0.039062 0.031250 0.028125
0 0.056250 0.456250 0.031250 0.031250
0 0.528125 0.604688 0.031250 0.028125
0 0.610938 0.692187 0.028125 0.028125
0 0.414062 0.518750 0.028125 0.031250
0 0.265625 0.375000 0.031250 0.031250
0 0.173437 0.081250 0.028125 0.031250
0 0.295312 0.776563 0.028125 0.028125
0 0.400000 0.204687 0.031250 0.028125
0 0.578125 0.807813 0.031250 0.028125
0 0.660937 0.153125 0.028125 0.031250
0 0.562500 0.321875 0.031250 0.031250
0 0.528125 0.778125 0.031250 0.031250
0 0.070312 0.426563 0.028125 0.028125
0 0.739062 0.868750 0.028125 0.031250
0 0.546875 0.407813 0.031250 0.028125
0 0.021875 0.628125 0.031250 0.031250
0 0.396875 0.720313 0.031250 0.028125
0 0.415625 0.406250 0.031250 0.031250
0 0.282813 0.345313 0.028125 0.028125
0 0.167187 0.662500 0.028125 0.031250
0 0.251563 0.289062 0.028125 0.028125
0 0.692187 0.721875 0.028125 0.031250
0 0.134375 0.429688 0.031250 0.028125
0 0.978125 0.128125 0.031250 0.031250
0 0.890625 0.837500 0.031250 0.031250
0 0.660937 0.267188 0.028125 0.028125
0 0.398438 0.376563 0.028125 0.028125
0 0.151562 0.345313 0.028125 0.028125
0 0.931250 0.381250 0.031250 0.031250
0 0.118750 0.571875 0.031250 0.031250
0 0.259375 0.162500 0.031250 0.031250
0 0.385937 0.060937 0.028125 0.028125
0 0.815625 0.187500 0.031250 0.031250
0 0.514062 0.409375 0.028125 0.031250
0 0.070312 0.543750 0.028125 0.031250
0 0.379688 0.690625 0.028125 0.031250
0 0.350000 0.350000 0.031250 0.031250
0 0.596875 0.153125 0.031250 0.031250
0 0.956250 0.610938 0.031250 0.028125
0 0.039062 0.370312 0.028125 0.028125
0 0.264062 0.893750 0.028125 0.031250
0 0.976562 0.468750 0.028125 0.031250
0 0.331250 0.260937 0.031250 0.028125
0 0.782813 0.296875 0.034375 0.031250
0 0.531250 0.381250 0.031250 0.031250
0 0.709375 0.750000 0.031250 0.031250
0 0.151562 0.573438 0.028125 0.028125
0 0.696875 0.096875 0.031250 0.031250
0 0.479687 0.292187 0.028125 0.028125
0 0.410938 0.634375 0.028125 0.031250
0 0.298438 0.604688 0.028125 0.028125
0 0.087500 0.457813 0.031250 0.028125
0 0.315625 0.518750 0.031250 0.031250
0 0.865625 0.268750 0.031250 0.031250
0 0.089063 0.031250 0.028125 0.031250
0 0.595313 0.378125 0.028125 0.031250
0 0.953125 0.840625 0.031250 0.031250
0 0.382812 0.178125 0.028125 0.031250
0 0.679688 0.126562 0.028125 0.028125
0 0.629687 0.323437 0.028125 0.028125
0 0.217188 0.573438 0.028125 0.028125
0 0.151562 0.401562 0.028125 0.028125
0 0.362500 0.548438 0.031250 0.028125
0 0.146875 0.031250 0.031250 0.031250
0 0.087500 0.573438 0.031250 0.028125
0 0.681250 0.521875 0.031250 0.031250
0 0.250000 0.575000 0.031250 0.031250
0 0.878125 0.465625 0.031250 0.031250
0 0.695312 0.323437 0.028125 0.028125
0 0.679688 0.407813 0.028125 0.028125
0 0.910937 0.070312 0.028125 0.028125
0 0.960938 0.439063 0.028125 0.028125
0 0.975000 0.068750 0.031250 0.031250
0 0.614062 0.121875 0.028125 0.031250
0 0.115625 0.925000 0.031250 0.031250
0 0.512500 0.928125 0.031250 0.031250
0 0.446875 0.520312 0.031250 0.028125
0 0.062500 0.046875 0.031250 0.031250
0 0.970313 0.868750 0.034375 0.031250
0 0.303125 0.034375 0.031250 0.031250
0 0.598437 0.095312 0.028125 0.028125
0 0.165625 0.431250 0.031250 0.031250
0 0.284375 0.178125 0.031250 0.031250
0 0.939063 0.693750 0.028125 0.031250
0 0.398438 0.548438 0.028125 0.028125
0 0.643750 0.867188 0.031250 0.028125
0 0.614062 0.179688 0.028125 0.028125
0 0.500000 0.034375 0.031250 0.031250
0 0.696875 0.492188 0.031250 0.028125
0 0.317188 0.176563 0.028125 0.028125
0 0.562500 0.262500 0.031250 0.031250
0 0.229687 0.079687 0.028125 0.028125
0 0.228125 0.110937 0.031250 0.028125
0 0.971875 0.696875 0.031250 0.031250
0 0.973437 0.579688 0.028125 0.028125
0 0.598437 0.207813 0.028125 0.028125
0 0.103125 0.543750 0.031250 0.031250
0 0.626563 0.660937 0.028125 0.028125
0 0.362500 0.892188 0.031250 0.028125
0 0.559375 0.493750 0.031250 0.031250
0 0.203125 0.096875 0.031250 0.031250
0 0.203125 0.064062 0.031250 0.028125
0 0.664062 0.435937 0.028125 0.028125
0 0.896875 0.043750 0.031250 0.031250
0 0.710938 0.520312 0.028125 0.028125
0 0.707812 0.925000 0.028125 0.031250
0 0.015625 0.253125 0.031250 0.031250
0 0.775000 0.867188 0.031250 0.028125
0 0.581250 0.237500 0.031250 0.031250
0 0.260937 0.032813 0.034375 0.034375
0 0.117188 0.114062 0.028125 0.028125
0 0.032813 0.160938 0.028125 0.028125
0 0.350000 0.925000 0.031250 0.031250
0 0.629687 0.435937 0.028125 0.028125
0 0.462500 0.548438 0.025000 0.028125
0 0.712500 0.182812 0.031250 0.028125
0 0.915625 0.128125 0.031250 0.031250
0 0.362500 0.720313 0.031250 0.028125
0 0.929688 0.040625 0.028125 0.031250
0 0.070312 0.482812 0.028125 0.028125
0 0.845313 0.464062 0.028125 0.028125
0 0.923438 0.609375 0.028125 0.031250
0 0.695312 0.606250 0.028125 0.031250
0 0.765625 0.159375 0.031250 0.031250
0 0.696875 0.550000 0.031250 0.031250
0 0.628125 0.267188 0.031250 0.028125
0 0.034375 0.028125 0.031250 0.031250
0 0.929688 0.439063 0.028125 0.028125
0 0.496875 0.321875 0.031250 0.031250
0 0.807813 0.751563 0.028125 0.028125
0 0.398438 0.145313 0.028125 0.028125
0 0.696875 0.268750 0.031250 0.031250
0 0.896875 0.100000 0.031250 0.031250
0 0.714063 0.295312 0.028125 0.028125
0 0.740625 0.928125 0.031250 0.031250
0 0.628125 0.154688 0.031250 0.028125
0 0.381250 0.925000 0.031250 0.031250
0 0.018750 0.923438 0.031250 0.034375
0 0.848437 0.185938 0.028125 0.028125
0 0.543750 0.690625 0.031250 0.031250
0 0.171875 0.015625 0.031250 0.031250
0 0.479687 0.925000 0.028125 0.031250
0 0.445312 0.232813 0.028125 0.028125
0 0.629687 0.493750 0.028125 0.031250
0 0.578125 0.412500 0.031250 0.031250
0 0.287500 0.062500 0.031250 0.031250
0 0.320312 0.064062 0.028125 0.028125
0 0.075000 0.256250 0.031250 0.031250
0 0.414062 0.926562 0.034375 0.034375
0 0.978125 0.409375 0.031250 0.031250
0 0.287500 0.121875 0.031250 0.031250
0 0.610938 0.467187 0.028125 0.028125
0 0.745313 0.067187 0.028125 0.028125
0 0.609375 0.409375 0.031250 0.031250
0 0.015625 0.221875 0.031250 0.031250
0 0.978125 0.354687 0.031250 0.028125
0 0.595313 0.439063 0.028125 0.028125
0 0.746875 0.128125 0.031250 0.031250
0 0.728125 0.098437 0.025000 0.028125
0 0.882812 0.185938 0.028125 0.028125
0 0.115625 0.015625 0.031250 0.031250
0 0.446875 0.925000 0.031250 0.031250
