0 0.792188 0.095312 0.028125 0.028125
0 0.646875 0.078125 0.031250 0.031250
0 0.729688 0.760938 0.028125 0.028125
0 0.643750 0.842187 0.031250 0.028125
0 0.612500 0.064062 0.031250 0.028125
0 0.703125 0.876563 0.031250 0.028125
0 0.109375 0.087500 0.031250 0.031250
0 0.729688 0.825000 0.028125 0.031250
0 0.135937 0.168750 0.028125 0.031250
0 0.762500 0.048438 0.031250 0.028125
0 0.792188 0.064062 0.028125 0.028125
0 0.153125 0.262500 0.031250 0.031250
0 0.557813 0.956250 0.028125 0.031250
0 0.129688 0.206250 0.034375 0.031250
0 0.432812 0.121875 0.028125 0.031250
0 0.021875 0.162500 0.031250 0.031250
0 0.529687 0.873437 0.028125 0.028125
0 0.646875 0.112500 0.031250 0.031250
0 0.182812 0.248438 0.028125 0.028125
0 0.787500 0.892188 0.031250 0.028125
0 0.614062 0.823438 0.028125 0.028125
0 0.185938 0.279687 0.028125 0.028125
0 0.212500 0.226562 0.031250 0.028125
0 0.764062 0.143750 0.028125 0.031250
0 0.271875 0.325000 0.031250 0.031250
0 0.131250 0.112500 0.031250 0.031250
0 0.500000 0.125000 0.031250 0.031250
0 0.182812 0.134375 0.028125 0.031250
0 0.184375 0.309375 0.031250 0.031250
0 0.095312 0.209375 0.034375 0.031250
0 0.675000 0.192188 0.031250 0.028125
0 0.043750 0.243750 0.031250 0.031250
0 0.589063 0.239063 0.028125 0.028125
0 0.081250 0.237500 0.031250 0.031250
0 0.531250 0.112500 0.031250 0.031250
0 0.589063 0.610938 0.028125 0.028125
0 0.764062 0.079687 0.028125 0.028125
0 0.243750 0.276562 0.031250 0.028125
0 0.160938 0.106250 0.028125 0.031250
0 0.529687 0.904687 0.028125 0.028125
0 0.703125 0.678125 0.031250 0.031250
0 0.329688 0.292187 0.028125 0.028125
0 0.790625 0.128125 0.031250 0.031250
0 0.410938 0.096875 0.028125 0.031250
0 0.790625 0.928125 0.031250 0.031250
0 0.125000 0.240625 0.031250 0.031250
0 0.703125 0.710938 0.031250 0.028125
0 0.260937 0.090625 0.028125 0.031250
0 0.031250 0.271875 0.031250 0.031250
0 0.389062 0.071875 0.028125 0.031250
0 0.053125 0.296875 0.031250 0.031250
0 0.756250 0.843750 0.031250 0.031250
0 0.701562 0.745313 0.028125 0.028125
0 0.673438 0.825000 0.028125 0.031250
0 0.185938 0.343750 0.028125 0.031250
0 0.560937 0.923438 0.028125 0.028125
0 0.617188 0.857812 0.028125 0.028125
0 0.675000 0.128125 0.031250 0.031250
0 0.073438 0.182812 0.028125 0.028125
0 0.329688 0.228125 0.028125 0.031250
0 0.314063 0.110937 0.028125 0.028125
0 0.732812 0.726562 0.028125 0.028125
0 0.046875 0.362500 0.031250 0.031250
0 0.587500 0.973437 0.031250 0.028125
0 0.157812 0.193750 0.028125 0.031250
0 0.510938 0.087500 0.028125 0.031250
0 0.087500 0.296875 0.031250 0.031250
0 0.100000 0.265625 0.031250 0.031250
0 0.787500 0.959375 0.031250 0.031250
0 0.618750 0.096875 0.031250 0.031250
0 0.156250 0.359375 0.031250 0.031250
0 0.096875 0.381250 0.031250 0.031250
0 0.790625 0.159375 0.031250 0.031250
0 0.557813 0.857812 0.028125 0.028125
0 0.193750 0.184375 0.031250 0.031250
0 0.731250 0.193750 0.031250 0.031250
0 0.637500 0.045312 0.031250 0.034375
0 0.475000 0.146875 0.031250 0.031250
0 0.734375 0.065625 0.031250 0.031250
0 0.078125 0.090625 0.031250 0.031250
0 0.385937 0.160938 0.028125 0.028125
0 0.245312 0.120313 0.028125 0.028125
0 0.732812 0.889062 0.028125 0.028125
0 0.562500 0.126562 0.031250 0.028125
0 0.448437 0.162500 0.028125 0.031250
0 0.067187 0.267188 0.028125 0.028125
0 0.531250 0.939063 0.031250 0.028125
0 0.820312 0.907813 0.034375 0.034375
0 0.348438 0.023438 0.028125 0.028125
0 0.620313 0.160938 0.028125 0.028125
0 0.478125 0.087500 0.031250 0.031250
0 0.059375 0.215625 0.031250 0.031250
0 0.789062 0.859375 0.028125 0.031250
0 0.678125 0.065625 0.031250 0.031250
0 0.126562 0.282813 0.028125 0.028125
0 0.387500 0.925000 0.031250 0.031250
0 0.465625 0.115625 0.031250 0.031250
0 0.825000 0.106250 0.031250 0.031250
0 0.182812 0.214062 0.028125 0.028125
0 0.242188 0.212500 0.028125 0.031250
0 0.370312 0.048438 0.028125 0.028125
0 0.089063 0.596875 0.034375 0.031250
0 0.301563 0.309375 0.028125 0.031250
0 0.557813 0.889062 0.028125 0.028125
0 0.587500 0.807813 0.031250 0.028125
0 0.215625 0.392188 0.031250 0.028125
0 0.239063 0.065625 0.028125 0.031250
0 0.587500 0.046875 0.031250 0.031250
0 0.114062 0.346875 0.034375 0.031250
0 0.642188 0.975000 0.028125 0.031250
0 0.301563 0.375000 0.028125 0.031250
0 0.764062 0.114062 0.028125 0.028125
0 0.387500 0.193750 0.031250 0.031250
0 0.043750 0.096875 0.031250 0.031250
0 0.087500 0.062500 0.031250 0.031250
0 0.701562 0.842187 0.028125 0.028125
0 0.120313 0.057813 0.028125 0.028125
0 0.243750 0.307812 0.031250 0.028125
0 0.732812 0.228125 0.028125 0.031250
0 0.156250 0.229687 0.031250 0.028125
0 0.332813 0.257812 0.028125 0.028125
0 0.267188 0.142187 0.028125 0.028125
0 0.078125 0.354687 0.031250 0.028125
0 0.618750 0.131250 0.031250 0.031250
0 0.764062 0.207813 0.028125 0.028125
0 0.354687 0.165625 0.028125 0.031250
0 0.560937 0.825000 0.028125 0.031250
0 0.118750 0.142187 0.031250 0.028125
0 0.703125 0.940625 0.031250 0.031250
0 0.300000 0.139063 0.031250 0.028125
0 0.648438 0.175000 0.028125 0.031250
0 0.359375 0.075000 0.031250 0.031250
0 0.700000 0.907813 0.031250 0.028125
0 0.557813 0.659375 0.028125 0.031250
0 0.225000 0.182812 0.031250 0.034375
0 0.560937 0.695312 0.028125 0.028125
0 0.271875 0.198437 0.031250 0.028125
0 0.676562 0.160938 0.028125 0.028125
0 0.034375 0.131250 0.031250 0.031250
0 0.345313 0.104688 0.028125 0.028125
0 0.534375 0.143750 0.031250 0.031250
0 0.303125 0.340625 0.031250 0.031250
0 0.585938 0.842187 0.028125 0.028125
0 0.068750 0.034375 0.031250 0.031250
0 0.790625 0.031250 0.031250 0.031250
0 0.085938 0.150000 0.028125 0.031250
0 0.706250 0.175000 0.031250 0.031250
0 0.106250 0.175000 0.031250 0.031250
0 0.065625 0.421875 0.031250 0.031250
0 0.059375 0.454688 0.031250 0.034375
0 0.729688 0.660937 0.028125 0.028125
0 0.673438 0.760938 0.028125 0.028125
0 0.065625 0.121875 0.031250 0.031250
0 0.520312 0.056250 0.028125 0.031250
0 0.734375 0.096875 0.031250 0.031250
0 0.415625 0.975000 0.031250 0.031250
0 0.359375 0.340625 0.031250 0.031250
0 0.242188 0.245312 0.028125 0.028125
0 0.585938 0.940625 0.028125 0.031250
0 0.387500 0.892188 0.031250 0.028125
0 0.589063 0.145313 0.028125 0.028125
0 0.587500 0.643750 0.031250 0.031250
0 0.403125 0.043750 0.031250 0.031250
0 0.301563 0.246875 0.028125 0.031250
0 0.187500 0.471875 0.031250 0.031250
0 0.329688 0.323437 0.028125 0.028125
0 0.250000 0.037500 0.031250 0.031250
0 0.125000 0.315625 0.031250 0.031250
0 0.157812 0.392188 0.028125 0.028125
0 0.210938 0.260937 0.028125 0.028125
0 0.760938 0.776563 0.028125 0.028125
0 0.215625 0.328125 0.031250 0.031250
0 0.618750 0.223438 0.031250 0.028125
0 0.054688 0.157812 0.028125 0.028125
0 0.764062 0.275000 0.028125 0.031250
0 0.359375 0.940625 0.031250 0.031250
0 0.137500 0.512500 0.031250 0.031250
0 0.054688 0.065625 0.028125 0.031250
0 0.703125 0.081250 0.031250 0.031250
0 0.285938 0.170313 0.028125 0.028125
0 0.100000 0.031250 0.031250 0.031250
0 0.673438 0.795312 0.028125 0.028125
0 0.398438 0.126562 0.028125 0.028125
0 0.367188 0.132812 0.028125 0.028125
0 0.759375 0.678125 0.031250 0.031250
0 0.226562 0.095312 0.028125 0.028125
0 0.337500 0.050000 0.031250 0.031250
0 0.325000 0.079687 0.031250 0.028125
0 0.675000 0.096875 0.031250 0.031250
0 0.268750 0.229687 0.031250 0.028125
0 0.184375 0.407813 0.031250 0.028125
0 0.085938 0.629687 0.028125 0.028125
0 0.643750 0.939063 0.031250 0.028125
0 0.668750 0.037500 0.031250 0.031250
0 0.706250 0.207813 0.031250 0.028125
0 0.531250 0.840625 0.031250 0.031250
0 0.273438 0.260937 0.028125 0.028125
0 0.759375 0.710938 0.031250 0.028125
0 0.329688 0.357812 0.028125 0.028125
0 0.106250 0.501563 0.031250 0.028125
0 0.173437 0.526563 0.028125 0.028125
0 0.614062 0.956250 0.028125 0.031250
0 0.818750 0.976562 0.031250 0.034375
0 0.759375 0.807813 0.031250 0.028125
0 0.590625 0.110937 0.031250 0.028125
0 0.417187 0.150000 0.028125 0.031250
0 0.150000 0.139063 0.031250 0.028125
0 0.618750 0.254688 0.031250 0.028125
0 0.457813 0.064062 0.028125 0.028125
0 0.700000 0.046875 0.031250 0.031250
0 0.762500 0.242188 0.031250 0.028125
0 0.387500 0.323437 0.031250 0.028125
0 0.759375 0.875000 0.031250 0.031250
0 0.131250 0.378125 0.031250 0.031250
0 0.673438 0.728125 0.028125 0.031250
0 0.732812 0.696875 0.028125 0.031250
0 0.615625 0.693750 0.031250 0.031250
0 0.734375 0.162500 0.031250 0.031250
0 0.445312 0.090625 0.028125 0.031250
0 0.242188 0.373437 0.028125 0.028125
0 0.300000 0.214062 0.031250 0.028125
0 0.615625 0.628125 0.031250 0.031250
0 0.062500 0.387500 0.031250 0.031250
0 0.214062 0.423438 0.028125 0.028125
0 0.729688 0.925000 0.028125 0.031250
0 0.476562 0.176563 0.028125 0.028125
0 0.673438 0.695312 0.028125 0.028125
0 0.729688 0.860938 0.028125 0.028125
0 0.357812 0.307812 0.028125 0.028125
0 0.818750 0.875000 0.031250 0.031250
0 0.201563 0.071875 0.028125 0.031250
0 0.273438 0.392188 0.028125 0.028125
0 0.214062 0.521875 0.028125 0.031250
0 0.759375 0.907813 0.031250 0.028125
0 0.142187 0.081250 0.028125 0.031250
0 0.068750 0.542188 0.031250 0.034375
0 0.273438 0.359375 0.028125 0.031250
0 0.362500 0.214062 0.031250 0.028125
0 0.415625 0.940625 0.031250 0.031250
0 0.643750 0.807813 0.025000 0.028125
0 0.164062 0.020313 0.028125 0.028125
0 0.034375 0.040625 0.031250 0.031250
0 0.021875 0.075000 0.031250 0.031250
0 0.584375 0.079687 0.031250 0.028125
0 0.614062 0.926562 0.028125 0.028125
0 0.671875 0.956250 0.031250 0.031250
0 0.553125 0.050000 0.031250 0.031250
0 0.560937 0.628125 0.028125 0.031250
0 0.151562 0.051562 0.028125 0.028125
0 0.792188 0.393750 0.028125 0.031250
0 0.645312 0.676562 0.028125 0.028125
0 0.384375 0.018750 0.031250 0.031250
0 0.792188 0.259375 0.028125 0.031250
0 0.270313 0.060937 0.028125 0.028125
0 0.534375 0.175000 0.031250 0.031250
0 0.028125 0.335938 0.031250 0.034375
0 0.332813 0.135937 0.028125 0.028125
0 0.648438 0.146875 0.028125 0.031250
0 0.184375 0.375000 0.031250 0.031250
0 0.360938 0.909375 0.028125 0.031250
0 0.501563 0.857812 0.028125 0.028125
0 0.731250 0.034375 0.031250 0.031250
0 0.817187 0.842187 0.034375 0.034375
0 0.759375 0.939063 0.031250 0.028125
0 0.435937 0.039062 0.028125 0.028125
0 0.292187 0.085938 0.028125 0.028125
0 0.618750 0.192188 0.031250 0.028125
0 0.764062 0.176563 0.028125 0.028125
0 0.034375 0.428125 0.031250 0.031250
0 0.617188 0.659375 0.028125 0.031250
0 0.760938 0.646875 0.028125 0.031250
0 0.207813 0.153125 0.028125 0.031250
0 0.762500 0.407813 0.031250 0.028125
0 0.100000 0.415625 0.031250 0.031250
0 0.615625 0.593750 0.031250 0.031250
0 0.185938 0.045312 0.028125 0.028125
0 0.704688 0.239063 0.028125 0.028125
0 0.703125 0.112500 0.031250 0.031250
0 0.643750 0.907813 0.025000 0.028125
0 0.157812 0.295312 0.028125 0.028125
0 0.028125 0.396875 0.031250 0.031250
0 0.673438 0.857812 0.028125 0.028125
0 0.587500 0.675000 0.025000 0.025000
0 0.385937 0.357812 0.028125 0.028125
0 0.137500 0.481250 0.031250 0.031250
0 0.673438 0.662500 0.028125 0.031250
0 0.417187 0.907813 0.028125 0.028125
0 0.645312 0.210938 0.028125 0.028125
0 0.378125 0.103125 0.031250 0.031250
0 0.173437 0.076563 0.028125 0.028125
0 0.787500 0.292187 0.031250 0.028125
0 0.532813 0.707812 0.028125 0.028125
0 0.026562 0.218750 0.028125 0.031250
0 0.528125 0.975000 0.031250 0.031250
0 0.078125 0.479687 0.031250 0.028125
0 0.059375 0.328125 0.031250 0.031250
0 0.701562 0.810937 0.028125 0.028125
0 0.676562 0.254688 0.028125 0.028125
0 0.789062 0.825000 0.028125 0.031250
0 0.300000 0.279687 0.031250 0.028125
0 0.106250 0.468750 0.031250 0.031250
0 0.196875 0.550000 0.031250 0.031250
0 0.676562 0.223438 0.028125 0.028125
0 0.820312 0.942187 0.034375 0.034375
0 0.040625 0.528125 0.031250 0.031250
0 0.792188 0.360938 0.028125 0.028125
0 0.787500 0.562500 0.031250 0.031250
0 0.170313 0.164062 0.028125 0.028125
0 0.820312 0.279687 0.034375 0.034375
0 0.231250 0.550000 0.031250 0.031250
0 0.468750 0.031250 0.031250 0.031250
0 0.360938 0.276562 0.028125 0.028125
0 0.214062 0.123438 0.028125 0.028125
0 0.446875 0.223438 0.025000 0.028125
0 0.531250 0.676562 0.031250 0.028125
0 0.262500 0.584375 0.031250 0.031250
0 0.242188 0.342187 0.028125 0.028125
0 0.490625 0.057813 0.031250 0.028125
0 0.443750 0.925000 0.031250 0.031250
0 0.217188 0.042188 0.028125 0.028125
0 0.564063 0.020313 0.028125 0.028125
0 0.671875 0.923438 0.031250 0.028125
0 0.217188 0.295312 0.028125 0.028125
0 0.417187 0.212500 0.028125 0.031250
0 0.096875 0.117188 0.031250 0.028125
0 0.304688 0.054688 0.028125 0.028125
0 0.196875 0.584375 0.031250 0.031250
0 0.385937 0.259375 0.028125 0.031250
0 0.228125 0.581250 0.031250 0.031250
0 0.648438 0.242188 0.028125 0.028125
0 0.532813 0.207813 0.028125 0.028125
0 0.303125 0.975000 0.031250 0.031250
0 0.282813 0.114062 0.028125 0.028125
0 0.473438 0.210938 0.028125 0.028125
0 0.389062 0.290625 0.028125 0.031250
0 0.587500 0.576562 0.031250 0.028125
0 0.189062 0.440625 0.028125 0.025000
0 0.560937 0.159375 0.028125 0.031250
0 0.821875 0.345313 0.031250 0.034375
0 0.273438 0.295312 0.028125 0.028125
0 0.265625 0.550000 0.031250 0.031250
0 0.585938 0.707812 0.028125 0.028125
0 0.560937 0.254688 0.028125 0.028125
0 0.360938 0.973437 0.028125 0.028125
0 0.821875 0.312500 0.031250 0.031250
0 0.212500 0.612500 0.031250 0.031250
0 0.275000 0.957812 0.031250 0.028125
0 0.592187 0.173437 0.028125 0.028125
0 0.825000 0.075000 0.031250 0.031250
0 0.329688 0.392188 0.028125 0.028125
0 0.703125 0.646875 0.031250 0.031250
0 0.821875 0.042188 0.031250 0.034375
0 0.217188 0.456250 0.028125 0.031250
0 0.545312 0.081250 0.028125 0.031250
0 0.584375 0.775000 0.031250 0.031250
0 0.706250 0.273438 0.025000 0.028125
0 0.117188 0.617188 0.028125 0.028125
0 0.215625 0.487500 0.031250 0.031250
0 0.243750 0.407813 0.025000 0.028125
0 0.093750 0.564063 0.031250 0.028125
0 0.331250 0.959375 0.031250 0.031250
0 0.089063 0.914062 0.028125 0.028125
0 0.760938 0.743750 0.028125 0.031250
0 0.760938 0.440625 0.028125 0.031250
0 0.214062 0.359375 0.028125 0.031250
0 0.589063 0.273438 0.028125 0.028125
0 0.418750 0.182812 0.031250 0.028125
0 0.195312 0.098437 0.028125 0.028125
0 0.078125 0.512500 0.031250 0.031250
0 0.823438 0.140625 0.028125 0.031250
0 0.057813 0.960938 0.028125 0.028125
0 0.089063 0.446875 0.028125 0.031250
0 0.042188 0.189062 0.028125 0.028125
0 0.557813 0.726562 0.028125 0.028125
0 0.385937 0.957812 0.028125 0.028125
0 0.793750 0.325000 0.031250 0.031250
0 0.142187 0.754687 0.028125 0.028125
0 0.759375 0.612500 0.031250 0.031250
0 0.426563 0.067187 0.028125 0.028125
0 0.242188 0.504687 0.028125 0.028125
0 0.787500 0.193750 0.031250 0.031250
0 0.128125 0.443750 0.031250 0.031250
0 0.282813 0.032813 0.028125 0.028125
0 0.732812 0.129688 0.028125 0.028125
0 0.165625 0.498437 0.031250 0.028125
0 0.048438 0.493750 0.034375 0.031250
0 0.157812 0.325000 0.028125 0.031250
0 0.504687 0.189062 0.028125 0.028125
0 0.089063 0.325000 0.028125 0.031250
0 0.792188 0.426563 0.028125 0.028125
0 0.129688 0.407813 0.028125 0.028125
0 0.759375 0.973437 0.031250 0.028125
0 0.196875 0.018750 0.031250 0.031250
0 0.615625 0.790625 0.031250 0.031250
0 0.732812 0.290625 0.028125 0.031250
0 0.256250 0.171875 0.031250 0.031250
0 0.056250 0.931250 0.031250 0.031250
0 0.701562 0.776563 0.028125 0.028125
0 0.050000 0.665625 0.031250 0.031250
0 0.729688 0.957812 0.028125 0.028125
0 0.112500 0.646875 0.031250 0.031250
0 0.060937 0.607812 0.028125 0.028125
0 0.315625 0.028125 0.031250 0.031250
0 0.698438 0.973437 0.028125 0.028125
0 0.389062 0.228125 0.028125 0.031250
0 0.148438 0.606250 0.028125 0.031250
0 0.735938 0.257812 0.028125 0.028125
0 0.417187 0.340625 0.028125 0.031250
0 0.132812 0.026562 0.028125 0.028125
0 0.337500 0.192188 0.031250 0.028125
0 0.357812 0.245312 0.028125 0.028125
0 0.028125 0.690625 0.031250 0.031250
0 0.706250 0.143750 0.031250 0.031250
0 0.585938 0.742188 0.028125 0.028125
0 0.293750 0.571875 0.031250 0.031250
0 0.059375 0.693750 0.031250 0.031250
0 0.276562 0.926562 0.028125 0.028125
0 0.504687 0.157812 0.028125 0.028125
0 0.531250 0.643750 0.031250 0.031250
0 0.242188 0.439063 0.028125 0.028125
0 0.331250 0.925000 0.031250 0.031250
0 0.789062 0.760938 0.028125 0.028125
0 0.165625 0.737500 0.025000 0.025000
0 0.321875 0.164062 0.031250 0.028125
0 0.059375 0.900000 0.031250 0.031250
0 0.501563 0.695312 0.028125 0.028125
0 0.081250 0.665625 0.031250 0.031250
0 0.787500 0.596875 0.031250 0.031250
0 0.131250 0.693750 0.031250 0.031250
0 0.056250 0.575000 0.031250 0.031250
0 0.143750 0.785937 0.031250 0.028125
0 0.121875 0.584375 0.031250 0.031250
0 0.734375 0.631250 0.031250 0.031250
0 0.443750 0.959375 0.031250 0.031250
0 0.764062 0.579688 0.028125 0.028125
0 0.729688 0.795312 0.028125 0.028125
0 0.676562 0.289062 0.028125 0.028125
0 0.760938 0.543750 0.028125 0.031250
0 0.787500 0.631250 0.031250 0.031250
0 0.504687 0.223438 0.028125 0.028125
0 0.020313 0.551562 0.034375 0.034375
0 0.790625 0.460938 0.031250 0.028125
0 0.246875 0.946875 0.031250 0.031250
0 0.617188 0.562500 0.028125 0.031250
0 0.414062 0.307812 0.028125 0.028125
0 0.817187 0.618750 0.034375 0.031250
0 0.818750 0.475000 0.031250 0.031250
0 0.823438 0.378125 0.028125 0.031250
0 0.042188 0.634375 0.028125 0.031250
0 0.448437 0.195312 0.028125 0.028125
0 0.645312 0.876563 0.028125 0.028125
0 0.139063 0.639062 0.028125 0.028125
0 0.082812 0.942187 0.028125 0.028125
0 0.360938 0.876563 0.028125 0.028125
0 0.143750 0.542188 0.031250 0.028125
0 0.821875 0.168750 0.031250 0.031250
0 0.792188 0.528125 0.034375 0.031250
0 0.532813 0.025000 0.028125 0.025000
0 0.618750 0.287500 0.025000 0.025000
0 0.818750 0.553125 0.031250 0.031250
0 0.498437 0.892188 0.028125 0.028125
0 0.112500 0.935937 0.031250 0.028125
0 0.181250 0.610938 0.031250 0.028125
0 0.087500 0.882812 0.031250 0.028125
0 0.023438 0.607812 0.028125 0.028125
0 0.118750 0.834375 0.031250 0.031250
0 0.028125 0.917188 0.031250 0.028125
0 0.301563 0.943750 0.028125 0.031250
0 0.018750 0.657813 0.031250 0.028125
0 0.415625 0.373437 0.031250 0.028125
0 0.114062 0.739062 0.028125 0.028125
0 0.476562 0.273438 0.028125 0.028125
