0 0.671875 0.137500 0.031250 0.031250
0 0.078125 0.750000 0.031250 0.031250
0 0.246875 0.746875 0.031250 0.031250
0 0.079687 0.815625 0.028125 0.031250
0 0.475000 0.189062 0.031250 0.028125
0 0.575000 0.746875 0.031250 0.031250
0 0.053125 0.696875 0.031250 0.031250
0 0.575000 0.510938 0.031250 0.028125
0 0.415625 0.123438 0.031250 0.028125
0 0.298438 0.481250 0.028125 0.031250
0 0.096875 0.503125 0.037500 0.037500
0 0.557813 0.107813 0.028125 0.028125
0 0.501563 0.173437 0.028125 0.028125
0 0.048438 0.767188 0.028125 0.028125
0 0.785937 0.173437 0.028125 0.028125
0 0.632812 0.478125 0.028125 0.031250
0 0.109375 0.800000 0.031250 0.031250
0 0.612500 0.206250 0.031250 0.031250
0 0.642188 0.121875 0.028125 0.031250
0 0.685937 0.610938 0.028125 0.028125
0 0.529687 0.123438 0.028125 0.028125
0 0.042188 0.435937 0.028125 0.028125
0 0.287500 0.862500 0.031250 0.031250
0 0.048438 0.732812 0.028125 0.028125
0 0.410938 0.814063 0.028125 0.028125
0 0.667188 0.398438 0.028125 0.028125
0 0.520312 0.578125 0.028125 0.031250
0 0.414062 0.781250 0.028125 0.031250
0 0.787500 0.237500 0.031250 0.031250
0 0.785937 0.140625 0.028125 0.031250
0 0.584375 0.220312 0.031250 0.028125
0 0.121875 0.862500 0.031250 0.031250
0 0.818750 0.159375 0.031250 0.031250
0 0.575000 0.675000 0.031250 0.031250
0 0.496875 0.737500 0.031250 0.031250
0 0.137500 0.834375 0.031250 0.031250
0 0.303125 0.157812 0.031250 0.034375
0 0.642188 0.156250 0.028125 0.031250
0 0.357812 0.779687 0.028125 0.028125
0 0.557813 0.139063 0.028125 0.028125
0 0.687500 0.575000 0.031250 0.031250
0 0.385937 0.764062 0.028125 0.028125
0 0.043750 0.500000 0.031250 0.031250
0 0.045312 0.665625 0.028125 0.031250
0 0.495312 0.695312 0.028125 0.028125
0 0.325000 0.796875 0.031250 0.031250
0 0.171875 0.892188 0.031250 0.028125
0 0.785937 0.109375 0.028125 0.031250
0 0.443750 0.140625 0.031250 0.031250
0 0.385937 0.696875 0.028125 0.031250
0 0.495312 0.495312 0.028125 0.028125
0 0.445312 0.175000 0.028125 0.031250
0 0.217188 0.698438 0.028125 0.028125
0 0.629687 0.578125 0.028125 0.031250
0 0.039062 0.535937 0.028125 0.028125
0 0.700000 0.156250 0.031250 0.031250
0 0.548438 0.729688 0.028125 0.028125
0 0.603125 0.528125 0.031250 0.031250
0 0.245312 0.681250 0.028125 0.031250
0 0.687500 0.543750 0.031250 0.031250
0 0.818750 0.125000 0.031250 0.031250
0 0.443750 0.206250 0.031250 0.031250
0 0.389062 0.075000 0.028125 0.031250
0 0.253125 0.862500 0.031250 0.031250
0 0.717187 0.529687 0.028125 0.028125
0 0.129688 0.618750 0.028125 0.031250
0 0.528125 0.156250 0.031250 0.031250
0 0.021875 0.815625 0.031250 0.031250
0 0.382812 0.795312 0.028125 0.028125
0 0.548438 0.559375 0.028125 0.031250
0 0.329688 0.664062 0.028125 0.028125
0 0.190625 0.717187 0.031250 0.028125
0 0.354687 0.484375 0.028125 0.031250
0 0.629687 0.643750 0.028125 0.031250
0 0.553125 0.334375 0.031250 0.031250
0 0.187500 0.617188 0.031250 0.028125
0 0.271875 0.568750 0.031250 0.031250
0 0.698438 0.189062 0.028125 0.028125
0 0.359375 0.090625 0.031250 0.031250
0 0.301563 0.710938 0.028125 0.028125
0 0.471875 0.221875 0.031250 0.031250
0 0.298438 0.450000 0.028125 0.031250
0 0.300000 0.648438 0.031250 0.028125
0 0.757812 0.153125 0.028125 0.031250
0 0.331250 0.173437 0.031250 0.028125
0 0.268750 0.771875 0.031250 0.031250
0 0.104688 0.734375 0.028125 0.031250
0 0.050000 0.832812 0.031250 0.034375
0 0.189062 0.679688 0.028125 0.028125
0 0.714063 0.560937 0.028125 0.028125
0 0.042188 0.570312 0.028125 0.028125
0 0.381250 0.596875 0.031250 0.031250
0 0.156250 0.567187 0.031250 0.028125
0 0.470313 0.317188 0.028125 0.028125
0 0.471875 0.154688 0.031250 0.028125
0 0.245312 0.648438 0.028125 0.028125
0 0.160938 0.734375 0.028125 0.031250
0 0.387500 0.142187 0.031250 0.028125
0 0.728125 0.171875 0.031250 0.031250
0 0.546875 0.659375 0.031250 0.031250
0 0.212500 0.598437 0.031250 0.028125
0 0.518750 0.643750 0.031250 0.031250
0 0.354687 0.579688 0.028125 0.028125
0 0.220312 0.862500 0.028125 0.031250
0 0.492188 0.528125 0.028125 0.031250
0 0.464062 0.679688 0.028125 0.028125
0 0.628125 0.750000 0.031250 0.031250
0 0.171875 0.834375 0.031250 0.031250
0 0.356250 0.221875 0.031250 0.031250
0 0.785937 0.206250 0.028125 0.031250
0 0.575000 0.643750 0.031250 0.031250
0 0.270313 0.465625 0.028125 0.031250
0 0.189062 0.648438 0.028125 0.028125
0 0.040625 0.404687 0.031250 0.028125
0 0.414062 0.090625 0.028125 0.031250
0 0.354687 0.614062 0.028125 0.028125
0 0.053125 0.865625 0.031250 0.031250
0 0.632812 0.512500 0.028125 0.031250
0 0.071875 0.554688 0.031250 0.028125
0 0.184375 0.353125 0.031250 0.031250
0 0.660937 0.495312 0.028125 0.028125
0 0.501563 0.204687 0.028125 0.028125
0 0.104688 0.834375 0.028125 0.031250
0 0.129688 0.585938 0.028125 0.028125
0 0.040625 0.893750 0.031250 0.031250
0 0.546875 0.693750 0.031250 0.031250
0 0.578125 0.543750 0.031250 0.031250
0 0.548438 0.529687 0.028125 0.028125
0 0.298438 0.581250 0.028125 0.031250
0 0.437500 0.562500 0.031250 0.031250
0 0.528125 0.251563 0.031250 0.028125
0 0.576562 0.576562 0.028125 0.028125
0 0.087500 0.862500 0.031250 0.031250
0 0.168750 0.771875 0.031250 0.031250
0 0.157812 0.367188 0.028125 0.028125
0 0.160938 0.665625 0.028125 0.031250
0 0.076563 0.717187 0.028125 0.028125
0 0.703125 0.090625 0.031250 0.031250
0 0.359375 0.812500 0.031250 0.031250
0 0.757812 0.187500 0.028125 0.031250
0 0.701562 0.123438 0.028125 0.028125
0 0.215625 0.207813 0.031250 0.028125
0 0.526563 0.756250 0.028125 0.031250
0 0.657813 0.560937 0.028125 0.028125
0 0.500000 0.237500 0.031250 0.031250
0 0.073438 0.651563 0.028125 0.028125
0 0.493750 0.659375 0.031250 0.031250
0 0.070312 0.420312 0.028125 0.028125
0 0.442188 0.765625 0.028125 0.031250
0 0.414062 0.189062 0.028125 0.028125
0 0.387500 0.043750 0.031250 0.031250
0 0.612500 0.268750 0.031250 0.031250
0 0.523438 0.348438 0.028125 0.028125
0 0.526563 0.284375 0.028125 0.031250
0 0.556250 0.300000 0.031250 0.031250
0 0.414062 0.679688 0.028125 0.028125
0 0.437500 0.628125 0.031250 0.031250
0 0.585938 0.189062 0.028125 0.028125
0 0.718750 0.464062 0.031250 0.028125
0 0.657813 0.593750 0.028125 0.031250
0 0.134375 0.748437 0.031250 0.028125
0 0.385937 0.368750 0.028125 0.031250
0 0.614062 0.140625 0.028125 0.031250
0 0.101562 0.601562 0.028125 0.028125
0 0.301563 0.679688 0.028125 0.028125
0 0.329688 0.142187 0.028125 0.028125
0 0.132812 0.685937 0.028125 0.028125
0 0.325000 0.531250 0.031250 0.031250
0 0.607812 0.495312 0.028125 0.028125
0 0.781250 0.432812 0.031250 0.028125
0 0.245312 0.223438 0.028125 0.028125
0 0.584375 0.253125 0.031250 0.031250
0 0.190625 0.748437 0.031250 0.028125
0 0.614062 0.106250 0.028125 0.031250
0 0.467187 0.479687 0.028125 0.028125
0 0.785937 0.270313 0.028125 0.028125
0 0.493750 0.560937 0.031250 0.028125
0 0.050000 0.798438 0.031250 0.028125
0 0.245312 0.714063 0.028125 0.028125
0 0.435937 0.528125 0.028125 0.031250
0 0.642188 0.189062 0.028125 0.028125
0 0.326562 0.629687 0.028125 0.028125
0 0.729688 0.139063 0.028125 0.028125
0 0.743750 0.548438 0.031250 0.028125
0 0.531250 0.189062 0.031250 0.028125
0 0.135937 0.782813 0.028125 0.028125
0 0.753125 0.414062 0.031250 0.028125
0 0.243750 0.254688 0.031250 0.028125
0 0.073438 0.892188 0.028125 0.028125
0 0.664062 0.462500 0.028125 0.031250
0 0.412500 0.256250 0.031250 0.031250
0 0.470313 0.253125 0.028125 0.031250
0 0.018750 0.682813 0.031250 0.028125
0 0.635938 0.414062 0.028125 0.028125
0 0.489063 0.595313 0.028125 0.028125
0 0.357812 0.317188 0.028125 0.028125
0 0.585938 0.284375 0.028125 0.031250
0 0.585938 0.156250 0.028125 0.031250
0 0.614062 0.237500 0.028125 0.031250
0 0.331250 0.109375 0.031250 0.031250
0 0.709375 0.631250 0.031250 0.031250
0 0.757812 0.220312 0.028125 0.028125
0 0.557813 0.170313 0.028125 0.028125
0 0.665625 0.429688 0.031250 0.028125
0 0.603125 0.623437 0.031250 0.028125
0 0.160938 0.698438 0.028125 0.028125
0 0.582812 0.348438 0.028125 0.028125
0 0.587500 0.121875 0.031250 0.031250
0 0.496875 0.768750 0.031250 0.031250
0 0.546875 0.595313 0.031250 0.028125
0 0.689063 0.510938 0.028125 0.028125
0 0.356250 0.681250 0.031250 0.031250
0 0.523438 0.414062 0.028125 0.028125
0 0.275000 0.729688 0.025000 0.028125
0 0.582812 0.317188 0.028125 0.028125
0 0.682813 0.643750 0.028125 0.031250
0 0.385937 0.731250 0.028125 0.031250
0 0.214062 0.565625 0.028125 0.031250
0 0.106250 0.703125 0.031250 0.031250
0 0.023438 0.714063 0.028125 0.028125
0 0.440625 0.798438 0.031250 0.028125
0 0.268750 0.432812 0.031250 0.028125
0 0.021875 0.850000 0.031250 0.031250
0 0.729688 0.106250 0.028125 0.031250
0 0.603125 0.592187 0.031250 0.028125
0 0.101562 0.635938 0.028125 0.028125
0 0.298438 0.548438 0.028125 0.028125
0 0.298438 0.417187 0.028125 0.028125
0 0.467187 0.546875 0.028125 0.031250
0 0.656250 0.626563 0.031250 0.028125
0 0.728125 0.204687 0.031250 0.028125
0 0.328125 0.465625 0.031250 0.031250
0 0.357812 0.746875 0.028125 0.031250
0 0.235937 0.832812 0.028125 0.028125
0 0.754687 0.253125 0.028125 0.031250
0 0.440625 0.698438 0.031250 0.028125
0 0.045312 0.634375 0.028125 0.031250
0 0.132812 0.717187 0.028125 0.028125
0 0.359375 0.157812 0.031250 0.028125
0 0.021875 0.781250 0.031250 0.031250
0 0.496875 0.303125 0.031250 0.031250
0 0.414062 0.351562 0.028125 0.028125
0 0.325000 0.565625 0.031250 0.031250
0 0.603125 0.729688 0.031250 0.028125
0 0.273438 0.273438 0.028125 0.028125
0 0.021875 0.746875 0.031250 0.031250
0 0.242188 0.548438 0.028125 0.028125
0 0.410938 0.482812 0.028125 0.028125
0 0.354687 0.417187 0.028125 0.028125
0 0.128125 0.521875 0.031250 0.031250
0 0.334375 0.831250 0.031250 0.031250
0 0.500000 0.803125 0.031250 0.031250
0 0.629687 0.610938 0.028125 0.028125
0 0.298438 0.614062 0.028125 0.028125
0 0.132812 0.653125 0.028125 0.031250
0 0.790625 0.075000 0.031250 0.031250
0 0.329688 0.729688 0.028125 0.028125
0 0.189062 0.223438 0.028125 0.028125
0 0.443750 0.106250 0.031250 0.031250
0 0.154688 0.864062 0.028125 0.028125
0 0.040625 0.371875 0.031250 0.031250
0 0.695312 0.381250 0.028125 0.031250
0 0.440625 0.729688 0.031250 0.028125
0 0.612500 0.171875 0.031250 0.031250
0 0.356250 0.385937 0.031250 0.028125
0 0.723437 0.398438 0.028125 0.028125
0 0.300000 0.285938 0.031250 0.028125
0 0.076563 0.782813 0.028125 0.028125
0 0.384375 0.270313 0.031250 0.028125
0 0.303125 0.190625 0.031250 0.031250
0 0.531250 0.089063 0.031250 0.028125
0 0.556250 0.237500 0.031250 0.031250
0 0.184375 0.582812 0.031250 0.028125
0 0.270313 0.598437 0.028125 0.028125
0 0.417187 0.057813 0.028125 0.028125
0 0.468750 0.714063 0.031250 0.028125
0 0.498437 0.332813 0.028125 0.028125
0 0.328125 0.598437 0.031250 0.028125
0 0.748437 0.446875 0.028125 0.031250
0 0.610938 0.365625 0.028125 0.031250
0 0.214062 0.532813 0.028125 0.028125
0 0.357812 0.285938 0.028125 0.028125
0 0.106250 0.892188 0.031250 0.028125
0 0.357812 0.645312 0.028125 0.028125
0 0.587500 0.089063 0.031250 0.028125
0 0.101562 0.670312 0.028125 0.028125
0 0.439063 0.593750 0.028125 0.031250
0 0.468750 0.815625 0.031250 0.031250
0 0.137500 0.892188 0.031250 0.028125
0 0.360938 0.059375 0.028125 0.031250
0 0.204687 0.834375 0.028125 0.031250
0 0.354687 0.546875 0.028125 0.031250
0 0.756250 0.090625 0.031250 0.031250
0 0.656250 0.695312 0.031250 0.028125
0 0.298438 0.515625 0.028125 0.031250
0 0.521875 0.714063 0.031250 0.028125
0 0.518750 0.610938 0.031250 0.028125
0 0.381250 0.837500 0.031250 0.031250
0 0.242188 0.614062 0.028125 0.028125
0 0.551562 0.462500 0.028125 0.031250
0 0.546875 0.626563 0.031250 0.028125
0 0.442188 0.237500 0.028125 0.031250
0 0.384375 0.498437 0.031250 0.028125
0 0.329688 0.268750 0.028125 0.031250
0 0.551562 0.431250 0.028125 0.031250
0 0.779687 0.462500 0.028125 0.031250
0 0.723437 0.431250 0.028125 0.031250
0 0.326562 0.401562 0.028125 0.028125
0 0.743750 0.510938 0.031250 0.028125
0 0.520312 0.545312 0.028125 0.028125
0 0.556250 0.268750 0.031250 0.031250
0 0.770312 0.495312 0.028125 0.028125
0 0.273438 0.695312 0.028125 0.028125
0 0.671875 0.271875 0.031250 0.031250
0 0.439063 0.831250 0.028125 0.031250
0 0.329688 0.760938 0.028125 0.028125
0 0.270313 0.500000 0.028125 0.031250
0 0.301563 0.831250 0.028125 0.031250
0 0.468750 0.782813 0.031250 0.028125
0 0.409375 0.579688 0.031250 0.028125
0 0.642188 0.220312 0.028125 0.028125
0 0.301563 0.382812 0.028125 0.028125
0 0.603125 0.767188 0.031250 0.028125
0 0.382812 0.531250 0.028125 0.031250
0 0.385937 0.237500 0.028125 0.031250
0 0.523438 0.479687 0.028125 0.028125
0 0.104688 0.767188 0.028125 0.028125
0 0.073438 0.587500 0.028125 0.031250
0 0.629687 0.545312 0.028125 0.028125
0 0.329688 0.206250 0.028125 0.031250
0 0.414062 0.320312 0.028125 0.028125
0 0.382812 0.432812 0.028125 0.028125
0 0.670312 0.203125 0.028125 0.031250
0 0.414062 0.714063 0.028125 0.028125
0 0.357812 0.189062 0.028125 0.028125
0 0.301563 0.776563 0.028125 0.028125
0 0.243750 0.514062 0.031250 0.028125
0 0.529687 0.218750 0.028125 0.031250
0 0.414062 0.748437 0.028125 0.028125
0 0.467187 0.576562 0.028125 0.028125
0 0.273438 0.209375 0.028125 0.031250
0 0.525000 0.382812 0.031250 0.028125
0 0.815625 0.190625 0.031250 0.031250
0 0.609375 0.400000 0.031250 0.031250
0 0.270313 0.532813 0.028125 0.028125
0 0.556250 0.201563 0.031250 0.028125
0 0.639062 0.379688 0.028125 0.028125
0 0.671875 0.171875 0.031250 0.031250
0 0.270313 0.370312 0.028125 0.028125
0 0.217188 0.732812 0.028125 0.028125
0 0.815625 0.254688 0.031250 0.028125
0 0.745313 0.476562 0.028125 0.028125
0 0.464062 0.514062 0.028125 0.028125
0 0.523438 0.317188 0.028125 0.028125
0 0.039062 0.467187 0.028125 0.028125
0 0.284375 0.806250 0.031250 0.031250
0 0.642188 0.253125 0.028125 0.031250
0 0.696875 0.414062 0.031250 0.028125
0 0.100000 0.537500 0.031250 0.031250
0 0.276562 0.076563 0.028125 0.028125
0 0.271875 0.893750 0.031250 0.031250
0 0.815625 0.321875 0.031250 0.031250
0 0.276562 0.107813 0.028125 0.028125
0 0.414062 0.157812 0.028125 0.028125
0 0.656250 0.662500 0.031250 0.031250
0 0.576562 0.607812 0.028125 0.028125
0 0.185938 0.860938 0.028125 0.028125
0 0.217188 0.242188 0.028125 0.028125
0 0.556250 0.773438 0.031250 0.028125
0 0.273438 0.239063 0.028125 0.028125
0 0.382812 0.564063 0.028125 0.028125
0 0.160938 0.601562 0.028125 0.028125
0 0.440625 0.367188 0.031250 0.028125
0 0.440625 0.335938 0.031250 0.028125
0 0.582812 0.789062 0.028125 0.028125
0 0.607812 0.432812 0.028125 0.028125
0 0.601562 0.692187 0.028125 0.028125
0 0.214062 0.304688 0.028125 0.028125
0 0.251563 0.804688 0.028125 0.028125
0 0.068750 0.521875 0.031250 0.031250
0 0.498437 0.364063 0.028125 0.028125
0 0.671875 0.106250 0.031250 0.031250
0 0.242188 0.484375 0.028125 0.031250
0 0.359375 0.125000 0.031250 0.031250
0 0.818750 0.057813 0.031250 0.034375
0 0.326562 0.301563 0.028125 0.028125
0 0.495312 0.398438 0.028125 0.028125
0 0.414062 0.285938 0.028125 0.028125
0 0.409375 0.546875 0.031250 0.031250
0 0.301563 0.351562 0.028125 0.028125
0 0.415625 0.221875 0.031250 0.031250
0 0.354687 0.515625 0.028125 0.031250
0 0.685937 0.675000 0.028125 0.031250
0 0.385937 0.204687 0.028125 0.028125
0 0.782813 0.556250 0.034375 0.031250
0 0.717187 0.495312 0.028125 0.028125
0 0.248438 0.095312 0.028125 0.028125
0 0.385937 0.304688 0.028125 0.028125
0 0.245312 0.190625 0.028125 0.031250
0 0.185938 0.385937 0.028125 0.028125
0 0.520312 0.514062 0.028125 0.028125
0 0.643750 0.089063 0.031250 0.028125
0 0.689063 0.476562 0.028125 0.028125
0 0.660937 0.526563 0.028125 0.028125
0 0.017188 0.650000 0.028125 0.031250
0 0.692187 0.445312 0.028125 0.028125
0 0.268750 0.832812 0.031250 0.028125
0 0.326562 0.435937 0.028125 0.028125
0 0.500000 0.268750 0.031250 0.031250
0 0.523438 0.445312 0.028125 0.028125
0 0.242188 0.417187 0.028125 0.028125
0 0.410938 0.385937 0.028125 0.028125
0 0.214062 0.401562 0.028125 0.028125
0 0.767188 0.528125 0.028125 0.031250
0 0.318750 0.860938 0.031250 0.028125
0 0.628125 0.676562 0.031250 0.028125
0 0.357812 0.714063 0.028125 0.028125
0 0.714063 0.662500 0.028125 0.031250
0 0.601562 0.560937 0.028125 0.028125
0 0.217188 0.665625 0.028125 0.031250
0 0.628125 0.709375 0.031250 0.031250
0 0.154688 0.534375 0.028125 0.031250
0 0.803125 0.481250 0.031250 0.031250
0 0.526563 0.789062 0.028125 0.028125
0 0.354687 0.353125 0.028125 0.031250
0 0.740625 0.579688 0.031250 0.028125
0 0.467187 0.643750 0.028125 0.031250
0 0.070312 0.453125 0.028125 0.031250
0 0.667188 0.364063 0.028125 0.028125
0 0.273438 0.664062 0.028125 0.028125
0 0.354687 0.451562 0.028125 0.028125
0 0.126562 0.354687 0.028125 0.028125
0 0.712500 0.593750 0.031250 0.031250
0 0.185938 0.317188 0.028125 0.028125
0 0.301563 0.126562 0.028125 0.028125
0 0.442188 0.270313 0.028125 0.028125
0 0.729688 0.040625 0.028125 0.031250
0 0.409375 0.846875 0.031250 0.031250
0 0.384375 0.665625 0.031250 0.031250
0 0.559375 0.073438 0.031250 0.028125
0 0.243750 0.582812 0.031250 0.028125
0 0.495312 0.462500 0.028125 0.025000
0 0.410938 0.645312 0.028125 0.028125
0 0.326562 0.367188 0.028125 0.028125
0 0.187500 0.550000 0.031250 0.031250
0 0.204687 0.892188 0.028125 0.028125
0 0.053125 0.921875 0.031250 0.031250
0 0.300000 0.745313 0.025000 0.028125
0 0.798438 0.517188 0.034375 0.034375
0 0.759375 0.121875 0.031250 0.031250
0 0.439063 0.460938 0.028125 0.028125
0 0.745313 0.645312 0.034375 0.034375
0 0.440625 0.400000 0.031250 0.031250
0 0.582812 0.414062 0.028125 0.028125
0 0.300000 0.225000 0.031250 0.031250
0 0.409375 0.448437 0.031250 0.028125
0 0.331250 0.075000 0.031250 0.031250
0 0.817187 0.090625 0.034375 0.031250
0 0.126562 0.385937 0.028125 0.028125
0 0.185938 0.420312 0.028125 0.028125
0 0.754687 0.351562 0.028125 0.028125
0 0.492188 0.429688 0.028125 0.028125
0 0.582812 0.382812 0.028125 0.028125
0 0.273438 0.304688 0.028125 0.028125
0 0.651563 0.728125 0.028125 0.031250
0 0.385937 0.107813 0.028125 0.028125
0 0.815625 0.354687 0.031250 0.034375
0 0.101562 0.570312 0.028125 0.028125
0 0.159375 0.275000 0.031250 0.031250
0 0.579688 0.479687 0.028125 0.028125
0 0.328125 0.500000 0.031250 0.031250
0 0.156250 0.807813 0.031250 0.028125
0 0.273438 0.629687 0.028125 0.028125
0 0.815625 0.287500 0.031250 0.031250
0 0.301563 0.256250 0.028125 0.031250
0 0.273438 0.175000 0.028125 0.031250
0 0.214062 0.175000 0.028125 0.031250
0 0.470313 0.351562 0.028125 0.028125
0 0.214062 0.368750 0.028125 0.031250
0 0.409375 0.514062 0.031250 0.028125
0 0.382812 0.467187 0.028125 0.028125
0 0.554688 0.367188 0.028125 0.028125
0 0.787500 0.043750 0.031250 0.031250
0 0.807813 0.450000 0.028125 0.031250
0 0.098437 0.403125 0.028125 0.031250
0 0.382812 0.335938 0.028125 0.028125
0 0.492188 0.626563 0.028125 0.028125
0 0.217188 0.335938 0.028125 0.028125
0 0.754687 0.284375 0.028125 0.031250
0 0.417187 0.026562 0.028125 0.028125
0 0.154688 0.503125 0.028125 0.031250
0 0.184375 0.806250 0.031250 0.031250
0 0.614062 0.073438 0.028125 0.028125
0 0.089063 0.060937 0.028125 0.028125
0 0.270313 0.404687 0.028125 0.028125
0 0.464062 0.612500 0.028125 0.031250
0 0.439063 0.659375 0.028125 0.031250
0 0.726562 0.334375 0.028125 0.031250
0 0.640625 0.350000 0.031250 0.031250
0 0.612500 0.301563 0.031250 0.028125
0 0.548438 0.495312 0.028125 0.028125
0 0.470313 0.285938 0.028125 0.028125
0 0.468750 0.750000 0.031250 0.031250
0 0.217188 0.632812 0.028125 0.028125
0 0.204687 0.778125 0.028125 0.031250
0 0.725000 0.365625 0.031250 0.031250
0 0.329688 0.237500 0.028125 0.031250
0 0.242188 0.451562 0.028125 0.028125
0 0.303125 0.059375 0.031250 0.031250
0 0.410938 0.610938 0.028125 0.028125
0 0.100000 0.465625 0.031250 0.031250
0 0.657813 0.760938 0.028125 0.028125
0 0.728125 0.075000 0.031250 0.031250
0 0.385937 0.173437 0.028125 0.028125
0 0.248438 0.159375 0.028125 0.031250
0 0.326562 0.335938 0.028125 0.028125
0 0.670312 0.237500 0.028125 0.031250
0 0.128125 0.551562 0.031250 0.028125
0 0.554688 0.398438 0.028125 0.028125
0 0.520312 0.676562 0.028125 0.028125
0 0.353125 0.856250 0.031250 0.031250
0 0.601562 0.659375 0.028125 0.031250
0 0.726562 0.273438 0.028125 0.028125
0 0.610938 0.332813 0.028125 0.028125
0 0.759375 0.059375 0.031250 0.031250
0 0.248438 0.126562 0.028125 0.028125
0 0.189062 0.192188 0.028125 0.028125
0 0.273438 0.335938 0.028125 0.028125
0 0.773438 0.585938 0.034375 0.034375
0 0.754687 0.384375 0.028125 0.031250
0 0.576562 0.712500 0.028125 0.031250
0 0.384375 0.401562 0.025000 0.028125
0 0.359375 0.254688 0.031250 0.028125
0 0.098437 0.434375 0.028125 0.031250
0 0.382812 0.629687 0.028125 0.028125
0 0.782813 0.368750 0.028125 0.031250
0 0.818750 0.225000 0.031250 0.031250
0 0.220312 0.804688 0.028125 0.028125
0 0.634375 0.784375 0.031250 0.031250
0 0.193750 0.925000 0.031250 0.031250
0 0.701562 0.057813 0.028125 0.028125
0 0.670312 0.076563 0.028125 0.028125
0 0.470313 0.382812 0.028125 0.028125
0 0.303125 0.093750 0.031250 0.031250
0 0.042188 0.603125 0.028125 0.031250
0 0.410938 0.420312 0.028125 0.028125
0 0.443750 0.075000 0.031250 0.031250
0 0.060937 0.048438 0.028125 0.028125
0 0.070312 0.385937 0.028125 0.028125
0 0.442188 0.301563 0.028125 0.028125
0 0.642188 0.057813 0.028125 0.028125
0 0.073438 0.620313 0.028125 0.028125
0 0.632812 0.445312 0.028125 0.028125
0 0.726562 0.301563 0.028125 0.028125
0 0.232813 0.776563 0.028125 0.028125
0 0.304688 0.892188 0.028125 0.028125
0 0.604688 0.464062 0.028125 0.028125
0 0.467187 0.448437 0.028125 0.028125
0 0.054688 0.076563 0.028125 0.028125
0 0.439063 0.498437 0.028125 0.028125
0 0.696875 0.348438 0.031250 0.028125
0 0.129688 0.290625 0.028125 0.031250
0 0.220312 0.143750 0.028125 0.031250
0 0.439063 0.429688 0.028125 0.028125
0 0.098437 0.370312 0.028125 0.028125
0 0.581250 0.448437 0.025000 0.028125
0 0.250000 0.062500 0.031250 0.031250
0 0.189062 0.285938 0.028125 0.028125
0 0.696875 0.318750 0.031250 0.031250
0 0.242188 0.289062 0.028125 0.028125
0 0.128125 0.321875 0.031250 0.031250
0 0.531250 0.056250 0.031250 0.031250
0 0.114062 0.046875 0.028125 0.031250
0 0.273438 0.142187 0.028125 0.028125
0 0.189062 0.257812 0.028125 0.028125
0 0.326562 0.695312 0.028125 0.028125
0 0.157812 0.632812 0.028125 0.028125
0 0.500000 0.137500 0.031250 0.031250
0 0.128125 0.484375 0.031250 0.031250
0 0.017188 0.617188 0.028125 0.028125
0 0.215625 0.273438 0.031250 0.028125
0 0.782813 0.400000 0.028125 0.031250
0 0.300000 0.320312 0.025000 0.028125
0 0.528125 0.025000 0.031250 0.031250
0 0.703125 0.028125 0.031250 0.031250
0 0.242188 0.382812 0.028125 0.028125
0 0.159375 0.242188 0.031250 0.028125
0 0.020313 0.925000 0.028125 0.031250
0 0.185938 0.518750 0.028125 0.031250
0 0.360938 0.026562 0.028125 0.028125
0 0.029687 0.065625 0.028125 0.031250
0 0.734375 0.612500 0.031250 0.031250
0 0.762500 0.615625 0.031250 0.031250
0 0.439063 0.864062 0.028125 0.028125
0 0.814063 0.385937 0.034375 0.034375
0 0.295312 0.923438 0.034375 0.034375
0 0.812500 0.417187 0.031250 0.034375
0 0.525000 0.823438 0.031250 0.028125
0 0.468750 0.850000 0.031250 0.031250
0 0.554688 0.807813 0.028125 0.028125
0 0.040625 0.340625 0.031250 0.031250
0 0.696875 0.287500 0.031250 0.031250
0 0.612500 0.803125 0.031250 0.031250
0 0.557813 0.040625 0.028125 0.031250
0 0.015625 0.518750 0.031250 0.031250
0 0.467187 0.415625 0.028125 0.025000
0 0.245312 0.320312 0.028125 0.028125
0 0.139063 0.067187 0.028125 0.028125
0 0.031250 0.034375 0.031250 0.031250
0 0.714063 0.695312 0.034375 0.034375
0 0.082812 0.092188 0.028125 0.028125
0 0.443750 0.042188 0.031250 0.028125
0 0.029687 0.098437 0.028125 0.028125
0 0.818750 0.026562 0.031250 0.034375
0 0.014063 0.482812 0.028125 0.028125
