0 0.725000 0.771875 0.031250 0.031250
0 0.578125 0.696875 0.031250 0.031250
0 0.684375 0.635938 0.031250 0.028125
0 0.190625 0.450000 0.031250 0.031250
0 0.667188 0.904687 0.028125 0.028125
0 0.220312 0.470313 0.028125 0.028125
0 0.573438 0.792188 0.028125 0.028125
0 0.640625 0.918750 0.031250 0.031250
0 0.198437 0.831250 0.028125 0.031250
0 0.587500 0.853125 0.031250 0.031250
0 0.670312 0.935937 0.028125 0.028125
0 0.117188 0.814063 0.028125 0.028125
0 0.600000 0.809375 0.031250 0.031250
0 0.275000 0.503125 0.031250 0.031250
0 0.487500 0.801562 0.031250 0.028125
0 0.696875 0.823438 0.031250 0.028125
0 0.696875 0.920312 0.031250 0.028125
0 0.723437 0.807813 0.028125 0.028125
0 0.257812 0.798438 0.028125 0.028125
0 0.542188 0.839063 0.028125 0.028125
0 0.120313 0.779687 0.028125 0.028125
0 0.693750 0.790625 0.031250 0.031250
0 0.417187 0.560937 0.028125 0.028125
0 0.665625 0.662500 0.031250 0.031250
0 0.362500 0.396875 0.031250 0.031250
0 0.723437 0.842187 0.028125 0.028125
0 0.751563 0.859375 0.028125 0.031250
0 0.123438 0.545312 0.028125 0.028125
0 0.092188 0.796875 0.028125 0.031250
0 0.779687 0.840625 0.028125 0.031250
0 0.385937 0.676562 0.028125 0.028125
0 0.117188 0.882812 0.028125 0.028125
0 0.500000 0.581250 0.031250 0.031250
0 0.568750 0.825000 0.031250 0.031250
0 0.404687 0.779687 0.028125 0.028125
0 0.229687 0.779687 0.028125 0.028125
0 0.095312 0.732812 0.028125 0.028125
0 0.557813 0.898438 0.028125 0.028125
0 0.767188 0.668750 0.028125 0.031250
0 0.220312 0.439063 0.028125 0.028125
0 0.778125 0.698438 0.031250 0.028125
0 0.089063 0.829688 0.028125 0.028125
0 0.695312 0.889062 0.028125 0.028125
0 0.528125 0.534375 0.031250 0.031250
0 0.226562 0.814063 0.028125 0.028125
0 0.437500 0.735938 0.031250 0.028125
0 0.751563 0.890625 0.028125 0.031250
0 0.221875 0.404687 0.031250 0.028125
0 0.751563 0.923438 0.028125 0.028125
0 0.360938 0.626563 0.028125 0.028125
0 0.096875 0.565625 0.031250 0.031250
0 0.345313 0.753125 0.028125 0.031250
0 0.150000 0.560937 0.031250 0.028125
0 0.703125 0.664062 0.031250 0.028125
0 0.465625 0.723437 0.031250 0.028125
0 0.170313 0.848437 0.028125 0.028125
0 0.639062 0.889062 0.028125 0.028125
0 0.635938 0.607812 0.028125 0.028125
0 0.170313 0.882812 0.028125 0.028125
0 0.064062 0.779687 0.028125 0.028125
0 0.251563 0.832812 0.028125 0.028125
0 0.117188 0.846875 0.028125 0.031250
0 0.362500 0.557813 0.031250 0.028125
0 0.401562 0.814063 0.028125 0.028125
0 0.464062 0.754687 0.028125 0.028125
0 0.723437 0.904687 0.028125 0.028125
0 0.471875 0.564063 0.031250 0.028125
0 0.670312 0.870313 0.028125 0.028125
0 0.632812 0.726562 0.028125 0.028125
0 0.442188 0.576562 0.028125 0.028125
0 0.723437 0.873437 0.028125 0.028125
0 0.139063 0.932813 0.028125 0.028125
0 0.315625 0.735938 0.031250 0.028125
0 0.198437 0.864062 0.028125 0.028125
0 0.362500 0.426563 0.031250 0.028125
0 0.112500 0.915625 0.031250 0.031250
0 0.303125 0.518750 0.031250 0.031250
0 0.634375 0.664062 0.031250 0.028125
0 0.034375 0.829688 0.031250 0.028125
0 0.284375 0.815625 0.031250 0.031250
0 0.046875 0.601562 0.031250 0.028125
0 0.123438 0.514062 0.028125 0.028125
0 0.745313 0.698438 0.028125 0.028125
0 0.173437 0.782813 0.028125 0.028125
0 0.126562 0.581250 0.028125 0.031250
0 0.143750 0.864062 0.031250 0.028125
0 0.585938 0.884375 0.028125 0.031250
0 0.339062 0.845313 0.028125 0.028125
0 0.370312 0.800000 0.028125 0.031250
0 0.414062 0.592187 0.028125 0.028125
0 0.087500 0.932813 0.031250 0.028125
0 0.420312 0.529687 0.028125 0.028125
0 0.389062 0.575000 0.028125 0.031250
0 0.337500 0.576562 0.031250 0.028125
0 0.170313 0.815625 0.028125 0.031250
0 0.531250 0.470313 0.031250 0.028125
0 0.154688 0.464062 0.028125 0.028125
0 0.204687 0.560937 0.028125 0.028125
0 0.334375 0.537500 0.031250 0.031250
0 0.714063 0.692187 0.028125 0.028125
0 0.634375 0.695312 0.031250 0.028125
0 0.193750 0.385937 0.031250 0.028125
0 0.259375 0.529687 0.031250 0.028125
0 0.498437 0.612500 0.028125 0.031250
0 0.668750 0.807813 0.031250 0.028125
0 0.198437 0.798438 0.028125 0.028125
0 0.723437 0.935937 0.028125 0.028125
0 0.573438 0.760938 0.028125 0.028125
0 0.470313 0.626563 0.028125 0.028125
0 0.576562 0.728125 0.028125 0.031250
0 0.368750 0.832812 0.025000 0.028125
0 0.145313 0.831250 0.028125 0.031250
0 0.526563 0.567187 0.028125 0.028125
0 0.065625 0.748437 0.031250 0.028125
0 0.192188 0.420312 0.028125 0.028125
0 0.582812 0.504687 0.028125 0.028125
0 0.306250 0.423438 0.031250 0.028125
0 0.331250 0.475000 0.031250 0.031250
0 0.442188 0.607812 0.028125 0.028125
0 0.071875 0.582812 0.031250 0.028125
0 0.529687 0.501563 0.028125 0.028125
0 0.228125 0.607812 0.025000 0.028125
0 0.064062 0.814063 0.028125 0.028125
0 0.073438 0.510938 0.028125 0.028125
0 0.435937 0.770312 0.028125 0.028125
0 0.706250 0.556250 0.031250 0.031250
0 0.607812 0.618750 0.028125 0.031250
0 0.514062 0.821875 0.028125 0.031250
0 0.229687 0.645312 0.028125 0.028125
0 0.753125 0.790625 0.031250 0.031250
0 0.504687 0.421875 0.028125 0.031250
0 0.457813 0.815625 0.028125 0.031250
0 0.656250 0.581250 0.031250 0.031250
0 0.601562 0.773438 0.028125 0.028125
0 0.456250 0.846875 0.031250 0.031250
0 0.501563 0.517188 0.028125 0.028125
0 0.257812 0.560937 0.028125 0.028125
0 0.551562 0.617188 0.028125 0.028125
0 0.704688 0.745313 0.028125 0.028125
0 0.450000 0.418750 0.031250 0.031250
0 0.201563 0.595313 0.028125 0.028125
0 0.050000 0.532813 0.031250 0.028125
0 0.429688 0.826562 0.028125 0.028125
0 0.562500 0.454688 0.031250 0.028125
0 0.229687 0.546875 0.028125 0.031250
0 0.553125 0.584375 0.031250 0.031250
0 0.335938 0.504687 0.028125 0.028125
0 0.498437 0.643750 0.028125 0.031250
0 0.648438 0.634375 0.028125 0.031250
0 0.342187 0.814063 0.028125 0.028125
0 0.128125 0.479687 0.031250 0.028125
0 0.312500 0.562500 0.031250 0.031250
0 0.473438 0.532813 0.028125 0.028125
0 0.504687 0.451562 0.028125 0.028125
0 0.364063 0.595313 0.028125 0.028125
0 0.101562 0.429688 0.028125 0.028125
0 0.479687 0.401562 0.028125 0.028125
0 0.445312 0.545312 0.028125 0.028125
0 0.706250 0.610938 0.031250 0.028125
0 0.371875 0.770312 0.031250 0.028125
0 0.614062 0.870313 0.028125 0.028125
0 0.128125 0.448437 0.031250 0.028125
0 0.451562 0.878125 0.028125 0.031250
0 0.748437 0.825000 0.028125 0.031250
0 0.503125 0.482812 0.031250 0.028125
0 0.470313 0.659375 0.028125 0.031250
0 0.451562 0.451562 0.028125 0.028125
0 0.221875 0.370312 0.031250 0.028125
0 0.557813 0.485938 0.028125 0.028125
0 0.604688 0.681250 0.028125 0.031250
0 0.145313 0.798438 0.028125 0.028125
0 0.234375 0.515625 0.031250 0.031250
0 0.395313 0.451562 0.028125 0.028125
0 0.640625 0.821875 0.031250 0.031250
0 0.164062 0.432812 0.028125 0.028125
0 0.500000 0.548438 0.031250 0.028125
0 0.510938 0.854688 0.028125 0.028125
0 0.106250 0.400000 0.031250 0.031250
0 0.615625 0.837500 0.031250 0.031250
0 0.112500 0.948438 0.031250 0.028125
0 0.414062 0.692187 0.028125 0.028125
0 0.176563 0.545312 0.028125 0.028125
0 0.035937 0.795312 0.028125 0.028125
0 0.779687 0.907813 0.028125 0.028125
0 0.179688 0.482812 0.028125 0.028125
0 0.276562 0.406250 0.028125 0.031250
0 0.362500 0.460938 0.031250 0.028125
0 0.579688 0.664062 0.028125 0.028125
0 0.548438 0.710938 0.028125 0.028125
0 0.640625 0.854688 0.031250 0.028125
0 0.696875 0.857812 0.031250 0.028125
0 0.148438 0.764062 0.028125 0.028125
0 0.248438 0.420312 0.028125 0.028125
0 0.098437 0.598437 0.028125 0.028125
0 0.175000 0.614062 0.031250 0.028125
0 0.304688 0.454688 0.028125 0.028125
0 0.167187 0.948438 0.028125 0.028125
0 0.807813 0.920312 0.028125 0.028125
0 0.473438 0.500000 0.028125 0.031250
0 0.485938 0.835938 0.028125 0.028125
0 0.070312 0.651563 0.028125 0.028125
0 0.554688 0.551562 0.028125 0.028125
0 0.306250 0.389062 0.031250 0.028125
0 0.175000 0.579688 0.031250 0.028125
0 0.229687 0.579688 0.028125 0.028125
0 0.254688 0.623437 0.028125 0.028125
0 0.020313 0.579688 0.028125 0.028125
0 0.556250 0.518750 0.031250 0.031250
0 0.779687 0.939063 0.028125 0.028125
0 0.517188 0.789062 0.028125 0.028125
0 0.532813 0.878125 0.028125 0.031250
0 0.548438 0.742188 0.028125 0.028125
0 0.726562 0.721875 0.028125 0.031250
0 0.551562 0.679688 0.028125 0.028125
0 0.101562 0.464062 0.028125 0.028125
0 0.542188 0.807813 0.028125 0.028125
0 0.587500 0.471875 0.031250 0.031250
0 0.432812 0.798438 0.028125 0.028125
0 0.310937 0.831250 0.028125 0.031250
0 0.546875 0.775000 0.031250 0.031250
0 0.101562 0.495312 0.028125 0.028125
0 0.667188 0.839063 0.028125 0.028125
0 0.326562 0.704688 0.028125 0.028125
0 0.392188 0.417187 0.028125 0.028125
0 0.423438 0.401562 0.028125 0.028125
0 0.142187 0.900000 0.028125 0.031250
0 0.442188 0.643750 0.028125 0.031250
0 0.204687 0.629687 0.028125 0.028125
0 0.151562 0.601562 0.028125 0.028125
0 0.248438 0.485938 0.028125 0.028125
0 0.765625 0.760938 0.031250 0.028125
0 0.478125 0.434375 0.031250 0.031250
0 0.492188 0.742188 0.028125 0.028125
0 0.290625 0.753125 0.031250 0.031250
0 0.398438 0.845313 0.028125 0.028125
0 0.470313 0.596875 0.028125 0.031250
0 0.389062 0.610938 0.028125 0.028125
0 0.151562 0.529687 0.028125 0.028125
0 0.664062 0.712500 0.028125 0.031250
0 0.420312 0.432812 0.028125 0.028125
0 0.017188 0.615625 0.028125 0.031250
0 0.692187 0.717187 0.028125 0.028125
0 0.696875 0.951562 0.031250 0.028125
0 0.276562 0.470313 0.028125 0.028125
0 0.628125 0.792188 0.025000 0.028125
0 0.778125 0.871875 0.031250 0.031250
0 0.420312 0.495312 0.028125 0.028125
0 0.387500 0.642188 0.031250 0.028125
0 0.335938 0.412500 0.028125 0.031250
0 0.195312 0.898438 0.028125 0.028125
0 0.414062 0.660937 0.028125 0.028125
0 0.254688 0.664062 0.028125 0.028125
0 0.178125 0.750000 0.031250 0.031250
0 0.601562 0.742188 0.028125 0.028125
0 0.789062 0.642188 0.034375 0.034375
0 0.498437 0.676562 0.028125 0.028125
0 0.332813 0.442188 0.028125 0.028125
0 0.276562 0.848437 0.028125 0.028125
0 0.067187 0.684375 0.028125 0.031250
0 0.359375 0.659375 0.031250 0.031250
0 0.248438 0.864062 0.028125 0.028125
0 0.607812 0.710938 0.028125 0.028125
0 0.048438 0.564063 0.028125 0.028125
0 0.640625 0.546875 0.031250 0.031250
0 0.290625 0.720313 0.031250 0.028125
0 0.551562 0.648438 0.028125 0.028125
0 0.135937 0.417187 0.028125 0.028125
0 0.420312 0.464062 0.028125 0.028125
0 0.389062 0.542188 0.028125 0.028125
0 0.382812 0.707812 0.028125 0.028125
0 0.610938 0.904687 0.028125 0.028125
0 0.039062 0.698438 0.028125 0.028125
0 0.520312 0.728125 0.028125 0.031250
0 0.610938 0.587500 0.028125 0.031250
0 0.392188 0.479687 0.028125 0.028125
0 0.301563 0.689063 0.028125 0.028125
0 0.362500 0.493750 0.031250 0.031250
0 0.581250 0.601562 0.031250 0.028125
0 0.168750 0.917188 0.031250 0.028125
0 0.045312 0.632812 0.028125 0.028125
0 0.757812 0.728125 0.028125 0.031250
0 0.304688 0.487500 0.028125 0.031250
0 0.753125 0.639062 0.031250 0.028125
0 0.201563 0.767188 0.028125 0.028125
0 0.092188 0.764062 0.028125 0.028125
0 0.440625 0.704688 0.031250 0.028125
0 0.725000 0.584375 0.031250 0.031250
0 0.343750 0.782813 0.031250 0.028125
0 0.021875 0.548438 0.031250 0.028125
0 0.314063 0.798438 0.028125 0.028125
0 0.042188 0.665625 0.028125 0.031250
0 0.462500 0.785937 0.025000 0.028125
0 0.335938 0.376563 0.028125 0.028125
0 0.070312 0.617188 0.028125 0.028125
0 0.178125 0.650000 0.031250 0.031250
0 0.732812 0.667188 0.028125 0.028125
0 0.409375 0.748437 0.031250 0.028125
0 0.495312 0.707812 0.028125 0.028125
0 0.279687 0.642188 0.028125 0.028125
0 0.532813 0.439063 0.028125 0.028125
0 0.532813 0.915625 0.028125 0.031250
0 0.379688 0.739062 0.028125 0.028125
0 0.392188 0.514062 0.028125 0.028125
0 0.523438 0.598437 0.028125 0.028125
0 0.560937 0.867188 0.028125 0.028125
0 0.364063 0.523438 0.028125 0.028125
0 0.206250 0.500000 0.031250 0.031250
0 0.023438 0.484375 0.028125 0.031250
0 0.285938 0.546875 0.028125 0.031250
0 0.164062 0.398438 0.028125 0.028125
0 0.582812 0.567187 0.028125 0.028125
0 0.426563 0.857812 0.028125 0.028125
0 0.354687 0.721875 0.028125 0.031250
0 0.742188 0.609375 0.028125 0.031250
0 0.329688 0.878125 0.028125 0.031250
0 0.276562 0.914062 0.028125 0.028125
0 0.534375 0.407813 0.031250 0.028125
0 0.668750 0.970313 0.031250 0.028125
0 0.276562 0.371875 0.028125 0.031250
0 0.276562 0.879687 0.028125 0.028125
0 0.467187 0.690625 0.028125 0.031250
0 0.078125 0.384375 0.031250 0.031250
0 0.285938 0.782813 0.028125 0.028125
0 0.076563 0.479687 0.028125 0.028125
0 0.251563 0.357812 0.028125 0.028125
0 0.778125 0.971875 0.031250 0.031250
0 0.607812 0.650000 0.028125 0.031250
0 0.204687 0.529687 0.028125 0.028125
0 0.518750 0.757812 0.025000 0.028125
0 0.504687 0.885938 0.028125 0.028125
0 0.629687 0.760938 0.028125 0.028125
0 0.523438 0.629687 0.028125 0.028125
0 0.281250 0.609375 0.031250 0.031250
0 0.478125 0.898438 0.025000 0.028125
0 0.207813 0.667188 0.028125 0.028125
0 0.248438 0.389062 0.028125 0.028125
0 0.226562 0.848437 0.028125 0.028125
0 0.612500 0.492188 0.031250 0.028125
0 0.417187 0.629687 0.028125 0.028125
0 0.660937 0.745313 0.028125 0.028125
0 0.332813 0.643750 0.028125 0.031250
0 0.582812 0.917188 0.028125 0.028125
0 0.223438 0.914062 0.028125 0.028125
0 0.582812 0.539062 0.028125 0.028125
0 0.579688 0.632812 0.028125 0.028125
0 0.725000 0.637500 0.031250 0.031250
0 0.257812 0.767188 0.028125 0.028125
0 0.315625 0.770312 0.031250 0.028125
0 0.301563 0.862500 0.028125 0.031250
0 0.357812 0.690625 0.028125 0.031250
0 0.139063 0.967187 0.028125 0.028125
0 0.618750 0.459375 0.031250 0.031250
0 0.393750 0.385937 0.031250 0.028125
0 0.670312 0.607812 0.028125 0.028125
0 0.248438 0.451562 0.028125 0.028125
0 0.453125 0.385937 0.031250 0.028125
0 0.800000 0.673438 0.031250 0.034375
0 0.123438 0.617188 0.028125 0.028125
0 0.076563 0.446875 0.028125 0.031250
0 0.279687 0.673438 0.028125 0.028125
0 0.284375 0.576562 0.025000 0.028125
0 0.076563 0.545312 0.028125 0.028125
0 0.476562 0.467187 0.028125 0.028125
0 0.310937 0.595313 0.028125 0.028125
0 0.367188 0.864062 0.028125 0.028125
0 0.306250 0.623437 0.025000 0.028125
0 0.448437 0.482812 0.028125 0.028125
0 0.448437 0.909375 0.028125 0.031250
0 0.425000 0.368750 0.031250 0.031250
0 0.362500 0.359375 0.031250 0.031250
0 0.689063 0.582812 0.028125 0.028125
0 0.775000 0.612500 0.031250 0.031250
0 0.039062 0.764062 0.028125 0.028125
0 0.276562 0.437500 0.028125 0.031250
0 0.806250 0.956250 0.031250 0.031250
0 0.048438 0.403125 0.028125 0.031250
0 0.682813 0.685937 0.028125 0.028125
0 0.482812 0.864062 0.028125 0.028125
0 0.248438 0.898438 0.028125 0.028125
0 0.089063 0.898438 0.028125 0.028125
0 0.525000 0.660937 0.025000 0.028125
0 0.501563 0.917188 0.028125 0.028125
0 0.223438 0.946875 0.028125 0.031250
0 0.120313 0.748437 0.028125 0.028125
0 0.223438 0.884375 0.028125 0.031250
0 0.057813 0.946875 0.028125 0.031250
0 0.354687 0.892188 0.028125 0.028125
0 0.135937 0.385937 0.028125 0.028125
0 0.562500 0.421875 0.031250 0.031250
0 0.017188 0.648438 0.028125 0.028125
0 0.023438 0.514062 0.028125 0.028125
0 0.148438 0.734375 0.028125 0.031250
0 0.307812 0.657813 0.028125 0.028125
0 0.048438 0.464062 0.028125 0.028125
0 0.832812 0.939063 0.028125 0.028125
0 0.795312 0.757812 0.034375 0.034375
0 0.082812 0.964063 0.028125 0.028125
0 0.307812 0.359375 0.028125 0.031250
0 0.356250 0.921875 0.031250 0.031250
0 0.610938 0.523438 0.028125 0.028125
0 0.196875 0.935937 0.025000 0.028125
0 0.034375 0.371875 0.031250 0.031250
0 0.153125 0.500000 0.031250 0.031250
0 0.834375 0.907813 0.031250 0.034375
0 0.193750 0.350000 0.031250 0.031250
0 0.687500 0.528125 0.031250 0.031250
0 0.148438 0.632812 0.028125 0.028125
0 0.718750 0.528125 0.031250 0.031250
0 0.018750 0.415625 0.031250 0.031250
0 0.176563 0.515625 0.028125 0.031250
0 0.075000 0.417187 0.031250 0.028125
0 0.643750 0.479687 0.031250 0.028125
0 0.590625 0.440625 0.031250 0.031250
0 0.725000 0.970313 0.031250 0.028125
0 0.065625 0.714063 0.025000 0.028125
0 0.610938 0.554688 0.028125 0.028125
0 0.232813 0.685937 0.028125 0.028125
0 0.042188 0.729688 0.028125 0.028125
0 0.520312 0.695312 0.028125 0.028125
0 0.800000 0.818750 0.031250 0.031250
0 0.164062 0.368750 0.028125 0.031250
0 0.106250 0.368750 0.031250 0.031250
0 0.393750 0.968750 0.031250 0.031250
0 0.251563 0.960938 0.028125 0.028125
0 0.442188 0.675000 0.028125 0.031250
0 0.362500 0.954688 0.031250 0.028125
0 0.335938 0.610938 0.028125 0.028125
0 0.785937 0.728125 0.028125 0.031250
0 0.471875 0.931250 0.031250 0.031250
0 0.654687 0.779687 0.028125 0.028125
0 0.251563 0.929688 0.028125 0.028125
0 0.740625 0.553125 0.031250 0.031250
0 0.193750 0.965625 0.031250 0.031250
0 0.098437 0.526563 0.028125 0.028125
0 0.818750 0.850000 0.031250 0.031250
0 0.492188 0.773438 0.028125 0.028125
0 0.640625 0.512500 0.031250 0.031250
0 0.221875 0.978125 0.031250 0.031250
0 0.790625 0.790625 0.031250 0.031250
0 0.201563 0.732812 0.028125 0.028125
0 0.331250 0.675000 0.025000 0.025000
0 0.756250 0.581250 0.031250 0.031250
0 0.526563 0.946875 0.028125 0.031250
0 0.201563 0.701562 0.028125 0.028125
0 0.671875 0.553125 0.031250 0.031250
0 0.496875 0.950000 0.031250 0.031250
0 0.515625 0.359375 0.031250 0.031250
0 0.134375 0.356250 0.031250 0.031250
0 0.045312 0.501563 0.028125 0.028125
0 0.034375 0.860938 0.025000 0.028125
0 0.048438 0.432812 0.028125 0.028125
0 0.506250 0.390625 0.031250 0.031250
0 0.806250 0.890625 0.031250 0.031250
0 0.254688 0.595313 0.028125 0.028125
0 0.095312 0.698438 0.028125 0.028125
