0 0.235937 0.142187 0.028125 0.028125
0 0.218750 0.173437 0.031250 0.028125
0 0.271875 0.134375 0.031250 0.031250
0 0.829688 0.159375 0.028125 0.031250
0 0.379688 0.192188 0.028125 0.028125
0 0.084375 0.053125 0.031250 0.031250
0 0.054688 0.353125 0.028125 0.031250
0 0.234375 0.051562 0.031250 0.028125
0 0.646875 0.109375 0.031250 0.031250
0 0.740625 0.134375 0.031250 0.031250
0 0.718750 0.735938 0.031250 0.028125
0 0.346875 0.193750 0.031250 0.031250
0 0.462500 0.110937 0.031250 0.028125
0 0.870313 0.760938 0.028125 0.028125
0 0.120313 0.050000 0.028125 0.031250
0 0.245312 0.256250 0.028125 0.031250
0 0.481250 0.137500 0.031250 0.031250
0 0.671875 0.309375 0.031250 0.031250
0 0.860938 0.156250 0.028125 0.031250
0 0.318750 0.084375 0.031250 0.031250
0 0.481250 0.084375 0.031250 0.031250
0 0.381250 0.135937 0.031250 0.028125
0 0.557813 0.223438 0.028125 0.028125
0 0.737500 0.046875 0.031250 0.031250
0 0.021875 0.062500 0.031250 0.031250
0 0.432812 0.051562 0.028125 0.028125
0 0.435937 0.765625 0.028125 0.031250
0 0.578125 0.196875 0.031250 0.031250
0 0.075000 0.687500 0.031250 0.031250
0 0.203125 0.204687 0.031250 0.028125
0 0.515625 0.084375 0.031250 0.031250
0 0.860938 0.046875 0.028125 0.031250
0 0.067187 0.320312 0.028125 0.028125
0 0.829688 0.048438 0.028125 0.028125
0 0.218750 0.087500 0.031250 0.031250
0 0.196875 0.150000 0.031250 0.031250
0 0.779687 0.079687 0.028125 0.028125
0 0.295312 0.217188 0.028125 0.028125
0 0.103125 0.081250 0.031250 0.031250
0 0.573438 0.364063 0.028125 0.028125
0 0.298438 0.110937 0.028125 0.028125
0 0.226562 0.290625 0.028125 0.031250
0 0.156250 0.101562 0.031250 0.028125
0 0.090625 0.110937 0.031250 0.028125
0 0.615625 0.143750 0.031250 0.031250
0 0.453125 0.737500 0.031250 0.031250
0 0.501563 0.112500 0.028125 0.031250
0 0.600000 0.171875 0.031250 0.031250
0 0.542188 0.196875 0.028125 0.031250
0 0.770312 0.192188 0.028125 0.028125
0 0.168750 0.065625 0.031250 0.031250
0 0.039062 0.239063 0.028125 0.028125
0 0.764062 0.364063 0.028125 0.028125
0 0.689063 0.062500 0.028125 0.031250
0 0.621875 0.282813 0.031250 0.028125
0 0.851562 0.473438 0.028125 0.028125
0 0.232813 0.348438 0.028125 0.028125
0 0.389062 0.023438 0.028125 0.028125
0 0.381250 0.081250 0.031250 0.031250
0 0.806250 0.504687 0.031250 0.028125
0 0.215625 0.262500 0.031250 0.031250
0 0.103125 0.170313 0.031250 0.028125
0 0.887500 0.729688 0.031250 0.028125
0 0.667188 0.764062 0.028125 0.028125
0 0.121875 0.656250 0.031250 0.031250
0 0.210938 0.118750 0.028125 0.031250
0 0.203125 0.057813 0.031250 0.028125
0 0.081250 0.148438 0.031250 0.028125
0 0.140625 0.073438 0.031250 0.028125
0 0.292187 0.273438 0.028125 0.028125
0 0.157812 0.392188 0.028125 0.028125
0 0.837500 0.760938 0.031250 0.028125
0 0.331250 0.051562 0.031250 0.028125
0 0.164062 0.243750 0.028125 0.031250
0 0.462500 0.165625 0.031250 0.031250
0 0.843750 0.128125 0.031250 0.031250
0 0.121875 0.771875 0.031250 0.031250
0 0.437500 0.709375 0.031250 0.031250
0 0.087500 0.204687 0.031250 0.028125
0 0.189062 0.771875 0.028125 0.031250
0 0.098437 0.317188 0.028125 0.028125
0 0.912500 0.662500 0.031250 0.031250
0 0.950000 0.715625 0.031250 0.031250
0 0.057813 0.773438 0.028125 0.028125
0 0.532813 0.112500 0.028125 0.031250
0 0.092188 0.404687 0.028125 0.028125
0 0.368750 0.050000 0.031250 0.031250
0 0.360938 0.221875 0.028125 0.031250
0 0.329688 0.165625 0.028125 0.031250
0 0.350000 0.081250 0.031250 0.031250
0 0.734375 0.706250 0.031250 0.031250
0 0.553125 0.087500 0.031250 0.031250
0 0.112500 0.134375 0.031250 0.031250
0 0.093750 0.714063 0.031250 0.028125
0 0.370312 0.767188 0.028125 0.028125
0 0.639062 0.254688 0.028125 0.028125
0 0.567187 0.707812 0.028125 0.028125
0 0.732812 0.368750 0.028125 0.031250
0 0.901563 0.700000 0.028125 0.031250
0 0.748437 0.079687 0.028125 0.028125
0 0.406250 0.542188 0.031250 0.028125
0 0.279687 0.368750 0.028125 0.031250
0 0.143750 0.129688 0.031250 0.028125
0 0.807813 0.190625 0.028125 0.031250
0 0.037500 0.556250 0.031250 0.031250
0 0.179688 0.331250 0.028125 0.031250
0 0.287500 0.740625 0.031250 0.031250
0 0.268750 0.050000 0.031250 0.031250
0 0.873437 0.126562 0.028125 0.028125
0 0.385937 0.737500 0.028125 0.031250
0 0.573438 0.253125 0.028125 0.031250
0 0.892188 0.046875 0.028125 0.031250
0 0.904687 0.759375 0.028125 0.031250
0 0.132812 0.160938 0.028125 0.028125
0 0.168750 0.743750 0.031250 0.031250
0 0.351562 0.442188 0.028125 0.028125
0 0.792188 0.217188 0.028125 0.028125
0 0.356250 0.268750 0.031250 0.031250
0 0.842187 0.189062 0.028125 0.028125
0 0.514062 0.142187 0.028125 0.028125
0 0.335938 0.767188 0.028125 0.028125
0 0.326562 0.214062 0.028125 0.028125
0 0.873437 0.185938 0.028125 0.028125
0 0.125000 0.712500 0.031250 0.031250
0 0.021875 0.214062 0.031250 0.028125
0 0.160938 0.306250 0.028125 0.031250
0 0.714063 0.395313 0.028125 0.028125
0 0.485938 0.737500 0.028125 0.031250
0 0.364063 0.109375 0.028125 0.031250
0 0.156250 0.773438 0.031250 0.028125
0 0.339062 0.298438 0.028125 0.028125
0 0.037500 0.031250 0.031250 0.031250
0 0.810937 0.560937 0.028125 0.028125
0 0.051562 0.439063 0.028125 0.028125
0 0.104688 0.229687 0.028125 0.028125
0 0.729688 0.101562 0.028125 0.028125
0 0.445312 0.192188 0.028125 0.028125
0 0.300000 0.051562 0.031250 0.028125
0 0.048438 0.153125 0.028125 0.031250
0 0.162500 0.712500 0.031250 0.031250
0 0.467187 0.764062 0.028125 0.028125
0 0.810937 0.134375 0.028125 0.031250
0 0.089063 0.771875 0.028125 0.031250
0 0.635938 0.367188 0.028125 0.028125
0 0.145313 0.278125 0.028125 0.031250
0 0.251563 0.081250 0.028125 0.031250
0 0.060937 0.407813 0.028125 0.028125
0 0.620313 0.337500 0.028125 0.031250
0 0.584375 0.737500 0.031250 0.031250
0 0.337500 0.243750 0.031250 0.031250
0 0.720313 0.787500 0.034375 0.031250
0 0.604688 0.254688 0.028125 0.028125
0 0.559375 0.171875 0.031250 0.031250
0 0.351562 0.020313 0.028125 0.028125
0 0.271875 0.771875 0.031250 0.031250
0 0.526563 0.279687 0.028125 0.028125
0 0.362500 0.165625 0.031250 0.031250
0 0.148438 0.190625 0.028125 0.031250
0 0.025000 0.773438 0.031250 0.028125
0 0.085938 0.348438 0.028125 0.028125
0 0.604688 0.310937 0.028125 0.028125
0 0.287500 0.081250 0.031250 0.031250
0 0.445312 0.081250 0.028125 0.031250
0 0.423438 0.567187 0.028125 0.028125
0 0.582812 0.679688 0.028125 0.028125
0 0.060937 0.493750 0.028125 0.031250
0 0.573438 0.057813 0.028125 0.028125
0 0.646875 0.146875 0.031250 0.031250
0 0.357812 0.498437 0.028125 0.028125
0 0.112500 0.284375 0.031250 0.031250
0 0.070312 0.631250 0.028125 0.031250
0 0.179688 0.271875 0.028125 0.031250
0 0.109375 0.684375 0.031250 0.031250
0 0.059375 0.715625 0.031250 0.031250
0 0.764062 0.592187 0.028125 0.028125
0 0.625000 0.228125 0.031250 0.031250
0 0.170313 0.360938 0.028125 0.028125
0 0.828125 0.103125 0.031250 0.031250
0 0.592187 0.279687 0.028125 0.028125
0 0.918750 0.731250 0.031250 0.031250
0 0.164062 0.154688 0.028125 0.028125
0 0.307812 0.301563 0.028125 0.028125
0 0.276562 0.189062 0.028125 0.028125
0 0.603125 0.765625 0.031250 0.031250
0 0.501563 0.707812 0.028125 0.028125
0 0.137500 0.740625 0.031250 0.031250
0 0.398438 0.109375 0.028125 0.031250
0 0.414062 0.079687 0.028125 0.028125
0 0.185938 0.385937 0.028125 0.028125
0 0.748437 0.339062 0.028125 0.028125
0 0.578125 0.146875 0.031250 0.031250
0 0.542188 0.364063 0.028125 0.028125
0 0.248438 0.373437 0.028125 0.028125
0 0.770312 0.762500 0.028125 0.031250
0 0.737500 0.760938 0.031250 0.028125
0 0.775000 0.509375 0.031250 0.031250
0 0.320312 0.739062 0.028125 0.028125
0 0.873437 0.073438 0.028125 0.028125
0 0.129688 0.309375 0.028125 0.031250
0 0.517188 0.679688 0.028125 0.028125
0 0.295312 0.509375 0.028125 0.031250
0 0.065625 0.179688 0.031250 0.028125
0 0.195312 0.298438 0.028125 0.028125
0 0.229687 0.221875 0.028125 0.031250
0 0.181250 0.181250 0.031250 0.031250
0 0.259375 0.164062 0.031250 0.028125
0 0.717187 0.073438 0.028125 0.028125
0 0.509375 0.195312 0.031250 0.028125
0 0.106250 0.018750 0.031250 0.031250
0 0.242188 0.315625 0.028125 0.031250
0 0.260937 0.218750 0.028125 0.031250
0 0.195312 0.235937 0.028125 0.028125
0 0.173437 0.212500 0.028125 0.031250
0 0.034375 0.328125 0.031250 0.031250
0 0.285938 0.456250 0.028125 0.031250
0 0.651563 0.339062 0.028125 0.028125
0 0.503125 0.764062 0.031250 0.028125
0 0.148438 0.337500 0.028125 0.031250
0 0.518750 0.735938 0.031250 0.028125
0 0.820312 0.476562 0.028125 0.028125
0 0.040625 0.384375 0.031250 0.031250
0 0.639062 0.310937 0.028125 0.028125
0 0.701562 0.762500 0.028125 0.031250
0 0.570312 0.765625 0.028125 0.031250
0 0.842187 0.076563 0.028125 0.028125
0 0.796875 0.590625 0.031250 0.031250
0 0.417187 0.025000 0.028125 0.031250
0 0.264062 0.342187 0.028125 0.028125
0 0.667188 0.367188 0.028125 0.028125
0 0.139063 0.367188 0.028125 0.028125
0 0.609375 0.067187 0.031250 0.028125
0 0.181250 0.034375 0.031250 0.031250
0 0.526563 0.335938 0.028125 0.028125
0 0.798438 0.043750 0.028125 0.031250
0 0.429688 0.220312 0.028125 0.028125
0 0.089063 0.657813 0.028125 0.028125
0 0.140625 0.220312 0.031250 0.028125
0 0.257812 0.282813 0.028125 0.028125
0 0.125000 0.256250 0.031250 0.031250
0 0.595313 0.034375 0.028125 0.031250
0 0.323437 0.331250 0.028125 0.031250
0 0.443750 0.425000 0.031250 0.031250
0 0.201563 0.354687 0.028125 0.028125
0 0.304688 0.242188 0.028125 0.028125
0 0.431250 0.109375 0.031250 0.031250
0 0.059375 0.125000 0.031250 0.031250
0 0.601562 0.709375 0.028125 0.031250
0 0.618750 0.735938 0.031250 0.028125
0 0.631250 0.173437 0.031250 0.028125
0 0.604688 0.367188 0.028125 0.028125
0 0.610938 0.200000 0.028125 0.031250
0 0.275000 0.310937 0.031250 0.028125
0 0.853125 0.731250 0.031250 0.031250
0 0.429688 0.275000 0.028125 0.031250
0 0.934375 0.760938 0.031250 0.028125
0 0.207813 0.410938 0.028125 0.028125
0 0.331250 0.110937 0.031250 0.028125
0 0.857812 0.101562 0.028125 0.028125
0 0.314063 0.137500 0.028125 0.031250
0 0.557813 0.279687 0.028125 0.028125
0 0.090625 0.259375 0.031250 0.031250
0 0.470313 0.707812 0.028125 0.028125
0 0.550000 0.737500 0.031250 0.031250
0 0.523438 0.393750 0.028125 0.031250
0 0.081250 0.600000 0.031250 0.031250
0 0.039062 0.471875 0.028125 0.031250
0 0.042188 0.689063 0.028125 0.028125
0 0.431250 0.484375 0.031250 0.031250
0 0.317188 0.448437 0.028125 0.028125
0 0.810937 0.076563 0.028125 0.028125
0 0.654687 0.282813 0.028125 0.028125
0 0.323437 0.270313 0.028125 0.028125
0 0.034375 0.184375 0.031250 0.031250
0 0.150000 0.040625 0.031250 0.031250
0 0.584375 0.393750 0.031250 0.031250
0 0.525000 0.221875 0.031250 0.031250
0 0.398438 0.164062 0.028125 0.028125
0 0.054688 0.059375 0.028125 0.031250
0 0.056250 0.207813 0.031250 0.028125
0 0.484375 0.678125 0.031250 0.031250
0 0.398438 0.051562 0.028125 0.028125
0 0.795312 0.107813 0.028125 0.028125
0 0.546875 0.143750 0.031250 0.031250
0 0.300000 0.393750 0.031250 0.031250
0 0.804688 0.762500 0.028125 0.031250
0 0.670312 0.085938 0.028125 0.028125
0 0.584375 0.793750 0.031250 0.031250
0 0.045312 0.295312 0.028125 0.028125
0 0.495312 0.332813 0.028125 0.028125
0 0.103125 0.626563 0.031250 0.028125
0 0.292187 0.159375 0.028125 0.031250
0 0.217188 0.379688 0.028125 0.028125
0 0.445312 0.248438 0.028125 0.028125
0 0.453125 0.509375 0.031250 0.031250
0 0.478125 0.192188 0.031250 0.028125
0 0.414062 0.190625 0.028125 0.031250
0 0.254688 0.460938 0.028125 0.028125
0 0.479687 0.248438 0.028125 0.028125
0 0.534375 0.707812 0.031250 0.028125
0 0.445312 0.137500 0.028125 0.031250
0 0.540625 0.307812 0.031250 0.028125
0 0.296875 0.425000 0.031250 0.031250
0 0.317188 0.025000 0.028125 0.031250
0 0.179688 0.123438 0.028125 0.028125
0 0.810937 0.248438 0.028125 0.028125
0 0.071875 0.235937 0.031250 0.028125
0 0.495312 0.164062 0.028125 0.028125
0 0.195312 0.725000 0.028125 0.031250
0 0.700000 0.293750 0.031250 0.031250
0 0.067187 0.548438 0.028125 0.028125
0 0.210938 0.323437 0.028125 0.028125
0 0.079687 0.518750 0.028125 0.031250
0 0.304688 0.768750 0.028125 0.031250
0 0.446875 0.456250 0.031250 0.031250
0 0.781250 0.390625 0.031250 0.031250
0 0.309375 0.187500 0.031250 0.031250
0 0.212500 0.748437 0.031250 0.028125
0 0.557813 0.335938 0.028125 0.028125
0 0.060937 0.265625 0.028125 0.031250
0 0.071875 0.464062 0.031250 0.028125
0 0.907813 0.071875 0.028125 0.031250
0 0.401562 0.709375 0.028125 0.031250
0 0.453125 0.678125 0.031250 0.031250
0 0.779687 0.564063 0.028125 0.028125
0 0.964063 0.745313 0.034375 0.034375
0 0.106250 0.803125 0.031250 0.031250
0 0.401562 0.767188 0.028125 0.028125
0 0.764062 0.279687 0.028125 0.028125
0 0.187500 0.093750 0.031250 0.031250
0 0.665625 0.706250 0.031250 0.031250
0 0.662500 0.178125 0.031250 0.031250
0 0.509375 0.306250 0.031250 0.031250
0 0.503125 0.650000 0.031250 0.031250
0 0.535937 0.767188 0.028125 0.028125
0 0.643750 0.203125 0.031250 0.031250
0 0.056250 0.659375 0.031250 0.031250
0 0.379688 0.520312 0.028125 0.028125
0 0.760938 0.107813 0.028125 0.028125
0 0.398438 0.220312 0.028125 0.028125
0 0.868750 0.703125 0.031250 0.031250
0 0.439063 0.539062 0.028125 0.028125
0 0.273438 0.248438 0.028125 0.028125
0 0.353125 0.737500 0.031250 0.031250
0 0.045312 0.525000 0.028125 0.031250
0 0.326562 0.503125 0.028125 0.031250
0 0.420312 0.735938 0.028125 0.028125
0 0.573438 0.307812 0.028125 0.028125
0 0.201563 0.442188 0.028125 0.028125
0 0.462500 0.276562 0.031250 0.028125
0 0.285938 0.020313 0.028125 0.028125
0 0.753125 0.734375 0.031250 0.031250
0 0.071875 0.087500 0.031250 0.031250
0 0.629687 0.043750 0.028125 0.031250
0 0.854688 0.217188 0.028125 0.028125
0 0.734375 0.650000 0.031250 0.031250
0 0.251563 0.023438 0.028125 0.028125
0 0.753125 0.793750 0.031250 0.031250
0 0.700000 0.707812 0.031250 0.028125
0 0.757812 0.309375 0.028125 0.031250
0 0.698438 0.367188 0.028125 0.028125
0 0.382812 0.246875 0.028125 0.031250
0 0.726562 0.314063 0.028125 0.028125
0 0.795312 0.276562 0.028125 0.028125
0 0.123438 0.398438 0.028125 0.028125
0 0.635938 0.764062 0.028125 0.028125
0 0.779687 0.335938 0.028125 0.028125
0 0.884375 0.212500 0.031250 0.031250
0 0.470313 0.535937 0.028125 0.028125
0 0.509375 0.048438 0.031250 0.034375
0 0.026562 0.715625 0.028125 0.031250
0 0.717187 0.679688 0.028125 0.028125
0 0.114062 0.429688 0.028125 0.028125
0 0.459375 0.392188 0.031250 0.028125
0 0.418750 0.512500 0.031250 0.031250
0 0.531250 0.018750 0.031250 0.031250
0 0.203125 0.695312 0.031250 0.028125
0 0.495312 0.276562 0.028125 0.028125
0 0.823438 0.217188 0.028125 0.028125
0 0.456250 0.565625 0.031250 0.031250
0 0.292187 0.335938 0.028125 0.028125
0 0.550000 0.679688 0.031250 0.028125
0 0.751563 0.393750 0.028125 0.031250
0 0.659375 0.232813 0.031250 0.028125
0 0.310937 0.357812 0.028125 0.028125
0 0.589063 0.226562 0.028125 0.028125
0 0.042188 0.743750 0.028125 0.031250
0 0.081250 0.290625 0.031250 0.031250
0 0.682813 0.339062 0.028125 0.028125
0 0.090625 0.571875 0.031250 0.031250
0 0.567187 0.651563 0.028125 0.028125
0 0.368750 0.704688 0.031250 0.034375
0 0.421875 0.681250 0.031250 0.031250
0 0.153125 0.653125 0.031250 0.031250
0 0.551562 0.451562 0.028125 0.028125
0 0.454688 0.621875 0.028125 0.031250
0 0.659375 0.051562 0.031250 0.028125
0 0.464062 0.054688 0.028125 0.028125
0 0.106250 0.743750 0.031250 0.031250
0 0.760938 0.535937 0.028125 0.028125
0 0.057813 0.581250 0.028125 0.031250
0 0.706250 0.264062 0.031250 0.028125
0 0.118750 0.198437 0.031250 0.028125
0 0.618750 0.395313 0.031250 0.028125
0 0.682813 0.732812 0.028125 0.028125
0 0.696875 0.096875 0.031250 0.031250
0 0.339062 0.473438 0.028125 0.028125
0 0.092188 0.487500 0.028125 0.031250
0 0.262500 0.431250 0.031250 0.031250
0 0.850000 0.675000 0.031250 0.031250
0 0.104688 0.373437 0.028125 0.028125
0 0.553125 0.793750 0.031250 0.031250
0 0.223438 0.467187 0.028125 0.028125
0 0.115625 0.596875 0.031250 0.031250
0 0.242188 0.492188 0.028125 0.028125
0 0.121875 0.106250 0.031250 0.031250
0 0.040625 0.620313 0.031250 0.034375
0 0.789062 0.479687 0.028125 0.028125
0 0.529687 0.170313 0.028125 0.028125
0 0.235937 0.690625 0.028125 0.031250
0 0.585938 0.089063 0.028125 0.028125
0 0.345313 0.135937 0.028125 0.028125
0 0.881250 0.671875 0.031250 0.031250
0 0.393750 0.493750 0.031250 0.031250
0 0.348438 0.529687 0.028125 0.028125
0 0.028125 0.118750 0.031250 0.031250
0 0.137500 0.800000 0.031250 0.031250
0 0.939063 0.068750 0.028125 0.031250
0 0.873437 0.242188 0.028125 0.028125
0 0.923438 0.042188 0.028125 0.028125
0 0.287500 0.796875 0.031250 0.031250
0 0.215625 0.028125 0.031250 0.031250
0 0.595313 0.120313 0.028125 0.028125
0 0.073438 0.743750 0.028125 0.031250
0 0.231250 0.437500 0.031250 0.031250
0 0.650000 0.395313 0.031250 0.028125
0 0.843750 0.557813 0.031250 0.028125
0 0.243750 0.192188 0.031250 0.028125
0 0.492188 0.221875 0.028125 0.031250
0 0.767188 0.050000 0.028125 0.031250
0 0.028125 0.268750 0.031250 0.031250
0 0.634375 0.709375 0.031250 0.031250
0 0.534375 0.651563 0.031250 0.028125
0 0.334375 0.712500 0.031250 0.031250
0 0.117188 0.342187 0.028125 0.028125
0 0.478125 0.304688 0.031250 0.028125
0 0.675000 0.120313 0.025000 0.028125
0 0.864062 0.445312 0.028125 0.028125
0 0.615625 0.678125 0.031250 0.031250
0 0.715625 0.340625 0.031250 0.031250
0 0.082812 0.435937 0.028125 0.028125
0 0.795312 0.160938 0.028125 0.028125
0 0.918750 0.790625 0.031250 0.031250
0 0.917188 0.209375 0.028125 0.031250
0 0.232813 0.523438 0.028125 0.028125
0 0.842187 0.242188 0.028125 0.028125
0 0.796875 0.362500 0.031250 0.031250
0 0.414062 0.139063 0.028125 0.028125
0 0.485938 0.507812 0.028125 0.028125
0 0.887500 0.790625 0.031250 0.031250
0 0.450000 0.793750 0.031250 0.031250
0 0.679688 0.206250 0.028125 0.031250
0 0.025000 0.590625 0.031250 0.031250
0 0.564063 0.118750 0.028125 0.031250
0 0.589063 0.335938 0.028125 0.028125
0 0.437500 0.650000 0.031250 0.031250
0 0.904687 0.239063 0.028125 0.028125
0 0.787500 0.792188 0.031250 0.034375
0 0.931250 0.690625 0.031250 0.031250
0 0.776563 0.132812 0.028125 0.028125
0 0.103125 0.457813 0.031250 0.028125
0 0.639062 0.073438 0.028125 0.028125
0 0.682813 0.395313 0.028125 0.028125
0 0.789062 0.306250 0.028125 0.031250
0 0.029687 0.414062 0.028125 0.028125
0 0.264062 0.514062 0.028125 0.028125
0 0.734375 0.282813 0.031250 0.028125
0 0.765625 0.162500 0.031250 0.031250
0 0.285938 0.539062 0.028125 0.028125
0 0.759375 0.223438 0.031250 0.028125
0 0.239063 0.406250 0.028125 0.031250
0 0.140625 0.684375 0.031250 0.031250
0 0.126562 0.482812 0.028125 0.028125
0 0.429688 0.165625 0.028125 0.031250
0 0.171875 0.803125 0.031250 0.031250
0 0.510938 0.362500 0.028125 0.031250
0 0.354687 0.325000 0.028125 0.031250
0 0.554688 0.396875 0.028125 0.031250
0 0.629687 0.425000 0.028125 0.031250
0 0.329688 0.385937 0.028125 0.028125
0 0.748437 0.623437 0.028125 0.028125
0 0.276562 0.570312 0.028125 0.028125
0 0.267188 0.687500 0.028125 0.031250
0 0.721875 0.235937 0.031250 0.028125
0 0.170313 0.445312 0.028125 0.028125
0 0.171875 0.684375 0.031250 0.031250
0 0.542188 0.251563 0.028125 0.028125
0 0.567187 0.479687 0.028125 0.028125
0 0.262500 0.718750 0.031250 0.031250
0 0.682813 0.679688 0.028125 0.028125
0 0.075000 0.803125 0.031250 0.031250
0 0.510938 0.251563 0.028125 0.028125
0 0.967187 0.685937 0.028125 0.028125
0 0.517188 0.796875 0.034375 0.031250
0 0.484375 0.793750 0.031250 0.031250
0 0.373437 0.467187 0.028125 0.028125
0 0.814063 0.618750 0.028125 0.031250
0 0.562500 0.028125 0.031250 0.031250
0 0.042188 0.087500 0.028125 0.031250
0 0.678125 0.150000 0.031250 0.031250
0 0.792188 0.535937 0.028125 0.028125
0 0.673438 0.259375 0.028125 0.031250
0 0.826562 0.273438 0.028125 0.028125
0 0.460938 0.220312 0.028125 0.028125
0 0.414062 0.248438 0.028125 0.028125
0 0.207813 0.801562 0.034375 0.034375
0 0.618750 0.793750 0.031250 0.031250
0 0.598437 0.425000 0.028125 0.031250
0 0.857812 0.529687 0.028125 0.028125
0 0.651563 0.792188 0.028125 0.028125
0 0.231250 0.775000 0.031250 0.031250
0 0.068750 0.018750 0.031250 0.031250
0 0.535937 0.479687 0.028125 0.028125
0 0.370312 0.551562 0.028125 0.028125
0 0.201563 0.529687 0.028125 0.028125
0 0.018750 0.443750 0.031250 0.031250
0 0.270313 0.400000 0.028125 0.031250
0 0.073438 0.378125 0.028125 0.031250
0 0.473438 0.592187 0.028125 0.028125
0 0.445312 0.304688 0.028125 0.028125
0 0.307812 0.479687 0.028125 0.028125
0 0.356250 0.412500 0.031250 0.031250
0 0.946875 0.662500 0.031250 0.031250
0 0.754687 0.425000 0.028125 0.031250
0 0.018750 0.360938 0.031250 0.028125
0 0.779687 0.248438 0.028125 0.028125
0 0.817187 0.304688 0.028125 0.028125
0 0.651563 0.735938 0.028125 0.028125
0 0.176563 0.417187 0.028125 0.028125
0 0.470313 0.651563 0.028125 0.028125
0 0.540625 0.050000 0.031250 0.031250
0 0.404687 0.464062 0.028125 0.028125
0 0.585938 0.625000 0.028125 0.031250
0 0.892188 0.098437 0.028125 0.028125
0 0.246875 0.746875 0.031250 0.031250
0 0.601562 0.651563 0.028125 0.028125
0 0.475000 0.418750 0.031250 0.031250
0 0.904687 0.179688 0.028125 0.028125
0 0.781250 0.621875 0.031250 0.031250
0 0.342187 0.357812 0.028125 0.028125
0 0.539062 0.423438 0.028125 0.028125
0 0.660937 0.425000 0.028125 0.031250
0 0.448437 0.026562 0.028125 0.028125
0 0.025000 0.501563 0.031250 0.028125
0 0.390625 0.409375 0.031250 0.031250
0 0.442188 0.592187 0.028125 0.028125
0 0.392188 0.576562 0.028125 0.028125
0 0.317188 0.532813 0.028125 0.028125
0 0.114062 0.510938 0.028125 0.028125
0 0.021875 0.651563 0.031250 0.034375
0 0.382812 0.439063 0.028125 0.028125
0 0.464062 0.332813 0.028125 0.028125
0 0.145313 0.423438 0.028125 0.028125
0 0.450000 0.360938 0.031250 0.028125
0 0.487500 0.621875 0.031250 0.031250
0 0.823438 0.532813 0.028125 0.028125
0 0.245312 0.110937 0.028125 0.028125
0 0.492188 0.389062 0.028125 0.028125
0 0.709375 0.037500 0.031250 0.031250
0 0.581250 0.451562 0.031250 0.028125
0 0.785937 0.425000 0.028125 0.031250
0 0.929688 0.634375 0.028125 0.031250
0 0.770312 0.454688 0.028125 0.028125
0 0.418750 0.796875 0.031250 0.031250
0 0.273438 0.485938 0.028125 0.028125
0 0.709375 0.157812 0.031250 0.028125
0 0.810937 0.332813 0.028125 0.028125
0 0.973437 0.068750 0.028125 0.031250
0 0.328125 0.417187 0.031250 0.028125
0 0.414062 0.434375 0.028125 0.031250
0 0.517188 0.507812 0.028125 0.028125
0 0.567187 0.423438 0.028125 0.028125
0 0.226562 0.721875 0.028125 0.031250
0 0.303125 0.714063 0.031250 0.028125
0 0.890625 0.153125 0.031250 0.031250
0 0.189062 0.557813 0.028125 0.028125
0 0.551562 0.507812 0.028125 0.028125
0 0.832812 0.448437 0.028125 0.028125
0 0.895312 0.637500 0.028125 0.031250
0 0.395313 0.275000 0.028125 0.031250
0 0.210938 0.498437 0.028125 0.028125
0 0.837500 0.503125 0.031250 0.031250
0 0.820312 0.734375 0.028125 0.031250
0 0.139063 0.451562 0.028125 0.028125
0 0.757812 0.481250 0.028125 0.031250
0 0.734375 0.175000 0.031250 0.031250
0 0.801562 0.451562 0.028125 0.028125
0 0.132812 0.623437 0.028125 0.028125
0 0.956250 0.159375 0.031250 0.031250
0 0.617188 0.096875 0.028125 0.031250
0 0.732812 0.595313 0.028125 0.028125
0 0.965625 0.196875 0.031250 0.031250
0 0.339062 0.557813 0.028125 0.028125
0 0.418750 0.403125 0.031250 0.031250
0 0.890625 0.267188 0.031250 0.028125
0 0.954688 0.790625 0.040625 0.037500
0 0.353125 0.796875 0.031250 0.031250
0 0.396875 0.664062 0.031250 0.034375
0 0.507812 0.421875 0.028125 0.031250
0 0.385937 0.796875 0.028125 0.031250
0 0.937500 0.184375 0.031250 0.031250
0 0.834375 0.704688 0.031250 0.028125
0 0.481250 0.028125 0.031250 0.031250
0 0.221875 0.551562 0.025000 0.028125
0 0.821875 0.790625 0.031250 0.031250
0 0.692187 0.232813 0.028125 0.028125
0 0.748437 0.567187 0.028125 0.028125
0 0.254688 0.545312 0.028125 0.028125
0 0.840625 0.018750 0.031250 0.031250
0 0.745313 0.254688 0.028125 0.028125
0 0.482812 0.360938 0.028125 0.028125
0 0.853125 0.790625 0.031250 0.031250
0 0.871875 0.017188 0.031250 0.028125
0 0.906250 0.017188 0.031250 0.028125
0 0.246875 0.660937 0.031250 0.028125
0 0.264062 0.598437 0.028125 0.028125
0 0.253125 0.800000 0.031250 0.031250
0 0.831250 0.646875 0.031250 0.031250
0 0.412500 0.600000 0.031250 0.031250
0 0.360938 0.382812 0.028125 0.028125
0 0.371875 0.296875 0.031250 0.031250
0 0.321875 0.798438 0.031250 0.028125
0 0.684375 0.793750 0.031250 0.031250
0 0.862500 0.646875 0.031250 0.031250
0 0.551562 0.625000 0.028125 0.031250
0 0.956250 0.042188 0.031250 0.028125
0 0.648438 0.018750 0.028125 0.031250
0 0.956250 0.575000 0.031250 0.031250
0 0.707812 0.126562 0.028125 0.028125
0 0.921875 0.265625 0.031250 0.031250
0 0.734375 0.206250 0.031250 0.031250
0 0.245312 0.573438 0.028125 0.028125
0 0.857812 0.270313 0.028125 0.028125
0 0.692187 0.426563 0.028125 0.028125
0 0.828125 0.589063 0.031250 0.028125
0 0.706250 0.190625 0.031250 0.031250
0 0.307812 0.564063 0.028125 0.028125
0 0.468750 0.481250 0.031250 0.031250
0 0.942187 0.603125 0.028125 0.031250
0 0.775000 0.021875 0.031250 0.031250
0 0.103125 0.540625 0.031250 0.031250
0 0.501563 0.535937 0.028125 0.028125
0 0.878125 0.414062 0.025000 0.028125
0 0.164062 0.621875 0.028125 0.031250
0 0.017188 0.153125 0.034375 0.031250
0 0.596875 0.479687 0.025000 0.028125
0 0.956250 0.093750 0.031250 0.031250
0 0.487500 0.564063 0.025000 0.028125
0 0.392188 0.378125 0.028125 0.031250
0 0.895312 0.442188 0.028125 0.028125
0 0.729688 0.539062 0.028125 0.028125
0 0.614062 0.451562 0.028125 0.028125
0 0.254688 0.629687 0.028125 0.028125
0 0.423438 0.375000 0.028125 0.031250
0 0.723437 0.425000 0.028125 0.031250
0 0.371875 0.353125 0.031250 0.031250
0 0.767188 0.650000 0.028125 0.031250
0 0.134375 0.015625 0.031250 0.031250
0 0.785937 0.734375 0.028125 0.031250
0 0.971875 0.121875 0.031250 0.031250
0 0.365625 0.673438 0.031250 0.034375
0 0.743750 0.509375 0.025000 0.025000
0 0.278125 0.656250 0.031250 0.031250
0 0.145313 0.596875 0.028125 0.031250
0 0.882812 0.471875 0.028125 0.031250
0 0.042188 0.801562 0.028125 0.028125
0 0.645312 0.451562 0.028125 0.028125
0 0.750000 0.678125 0.031250 0.031250
0 0.570312 0.596875 0.028125 0.031250
0 0.518750 0.625000 0.031250 0.031250
0 0.017188 0.303125 0.028125 0.031250
0 0.215625 0.662500 0.031250 0.031250
0 0.409375 0.634375 0.031250 0.031250
0 0.300000 0.681250 0.031250 0.031250
0 0.187500 0.646875 0.031250 0.031250
0 0.909375 0.609375 0.031250 0.031250
0 0.167187 0.532813 0.028125 0.028125
0 0.870313 0.498437 0.028125 0.028125
0 0.717187 0.623437 0.028125 0.028125
0 0.676562 0.026562 0.028125 0.028125
0 0.701562 0.651563 0.028125 0.028125
