0 0.418750 0.809375 0.031250 0.031250
0 0.514062 0.935937 0.028125 0.028125
0 0.428125 0.856250 0.031250 0.031250
0 0.570312 0.810937 0.028125 0.028125
0 0.656250 0.892188 0.031250 0.028125
0 0.206250 0.773438 0.031250 0.028125
0 0.354687 0.806250 0.028125 0.031250
0 0.482812 0.921875 0.028125 0.031250
0 0.289062 0.806250 0.028125 0.031250
0 0.239063 0.775000 0.028125 0.031250
0 0.456250 0.839063 0.031250 0.028125
0 0.193750 0.459375 0.031250 0.031250
0 0.335938 0.835938 0.028125 0.028125
0 0.306250 0.832812 0.031250 0.028125
0 0.453125 0.807813 0.031250 0.028125
0 0.765625 0.859375 0.031250 0.031250
0 0.564063 0.564063 0.028125 0.028125
0 0.796875 0.940625 0.031250 0.031250
0 0.371875 0.887500 0.031250 0.031250
0 0.318750 0.921875 0.031250 0.031250
0 0.484375 0.751563 0.031250 0.028125
0 0.173437 0.773438 0.028125 0.028125
0 0.768750 0.825000 0.031250 0.031250
0 0.115625 0.890625 0.031250 0.031250
0 0.398438 0.904687 0.028125 0.028125
0 0.467187 0.504687 0.028125 0.028125
0 0.515625 0.534375 0.031250 0.031250
0 0.681250 0.940625 0.031250 0.031250
0 0.273438 0.842187 0.028125 0.028125
0 0.468750 0.781250 0.031250 0.031250
0 0.709375 0.892188 0.031250 0.028125
0 0.739062 0.781250 0.028125 0.031250
0 0.707812 0.925000 0.028125 0.031250
0 0.239063 0.604688 0.028125 0.028125
0 0.614062 0.645312 0.028125 0.028125
0 0.223438 0.806250 0.028125 0.031250
0 0.242188 0.431250 0.028125 0.031250
0 0.767188 0.925000 0.028125 0.031250
0 0.542188 0.731250 0.028125 0.031250
0 0.793750 0.876563 0.031250 0.028125
0 0.498437 0.670312 0.028125 0.028125
0 0.654687 0.826562 0.028125 0.028125
0 0.435937 0.779687 0.028125 0.028125
0 0.182812 0.920312 0.028125 0.028125
0 0.825000 0.956250 0.031250 0.031250
0 0.737500 0.909375 0.031250 0.031250
0 0.625000 0.875000 0.031250 0.031250
0 0.321875 0.692187 0.031250 0.028125
0 0.304688 0.606250 0.028125 0.031250
0 0.629687 0.675000 0.028125 0.031250
0 0.510938 0.839063 0.028125 0.028125
0 0.370312 0.779687 0.028125 0.028125
0 0.510938 0.904687 0.028125 0.028125
0 0.512500 0.871875 0.031250 0.031250
0 0.798438 0.909375 0.028125 0.031250
0 0.571875 0.714063 0.031250 0.028125
0 0.457813 0.873437 0.028125 0.028125
0 0.385937 0.695312 0.028125 0.028125
0 0.401562 0.837500 0.028125 0.031250
0 0.420312 0.753125 0.028125 0.031250
0 0.126562 0.629687 0.028125 0.028125
0 0.273438 0.775000 0.028125 0.031250
0 0.306250 0.776563 0.031250 0.028125
0 0.207813 0.431250 0.028125 0.031250
0 0.482812 0.889062 0.028125 0.028125
0 0.426563 0.953125 0.028125 0.031250
0 0.270313 0.879687 0.028125 0.028125
0 0.682813 0.845313 0.028125 0.028125
0 0.345313 0.904687 0.028125 0.028125
0 0.498437 0.778125 0.028125 0.031250
0 0.159375 0.804688 0.031250 0.028125
0 0.126562 0.859375 0.028125 0.031250
0 0.385937 0.807813 0.028125 0.028125
0 0.700000 0.673438 0.031250 0.028125
0 0.273438 0.720313 0.028125 0.028125
0 0.209375 0.546875 0.031250 0.031250
0 0.185938 0.857812 0.028125 0.028125
0 0.654687 0.795312 0.028125 0.028125
0 0.712500 0.796875 0.031250 0.031250
0 0.192188 0.401562 0.028125 0.028125
0 0.718750 0.700000 0.031250 0.031250
0 0.598437 0.795312 0.028125 0.028125
0 0.515625 0.970313 0.031250 0.028125
0 0.126562 0.800000 0.028125 0.031250
0 0.457813 0.904687 0.028125 0.028125
0 0.304688 0.493750 0.028125 0.031250
0 0.496875 0.614062 0.031250 0.028125
0 0.385937 0.639062 0.028125 0.028125
0 0.389062 0.751563 0.028125 0.028125
0 0.370312 0.667188 0.028125 0.028125
0 0.510938 0.807813 0.028125 0.028125
0 0.598437 0.764062 0.028125 0.028125
0 0.685937 0.645312 0.028125 0.028125
0 0.257812 0.631250 0.028125 0.031250
0 0.664062 0.620313 0.028125 0.028125
0 0.682813 0.707812 0.028125 0.028125
0 0.320312 0.748437 0.028125 0.028125
0 0.540625 0.793750 0.031250 0.031250
0 0.351562 0.695312 0.028125 0.028125
0 0.645312 0.648438 0.028125 0.028125
0 0.656250 0.731250 0.031250 0.031250
0 0.567187 0.904687 0.028125 0.028125
0 0.529687 0.560937 0.028125 0.028125
0 0.654687 0.857812 0.028125 0.028125
0 0.182812 0.889062 0.028125 0.028125
0 0.682813 0.810937 0.028125 0.028125
0 0.771875 0.793750 0.031250 0.031250
0 0.565625 0.939063 0.031250 0.028125
0 0.254688 0.801562 0.028125 0.028125
0 0.451562 0.754687 0.028125 0.028125
0 0.354687 0.748437 0.028125 0.028125
0 0.225000 0.459375 0.031250 0.031250
0 0.223438 0.575000 0.028125 0.031250
0 0.320312 0.523438 0.028125 0.028125
0 0.648438 0.590625 0.028125 0.031250
0 0.500000 0.504687 0.031250 0.028125
0 0.142187 0.543750 0.028125 0.031250
0 0.095312 0.514062 0.028125 0.028125
0 0.373437 0.920312 0.028125 0.028125
0 0.339062 0.776563 0.028125 0.028125
0 0.320312 0.804688 0.028125 0.028125
0 0.654687 0.923438 0.028125 0.028125
0 0.540625 0.920312 0.031250 0.028125
0 0.740625 0.876563 0.031250 0.028125
0 0.426563 0.889062 0.028125 0.028125
0 0.078125 0.485938 0.031250 0.028125
0 0.614062 0.592187 0.028125 0.028125
0 0.626563 0.781250 0.028125 0.031250
0 0.709375 0.731250 0.031250 0.031250
0 0.548438 0.534375 0.028125 0.031250
0 0.128125 0.515625 0.031250 0.031250
0 0.306250 0.664062 0.031250 0.028125
0 0.739062 0.843750 0.028125 0.031250
0 0.717187 0.645312 0.028125 0.028125
0 0.435937 0.670312 0.028125 0.028125
0 0.515625 0.698438 0.031250 0.028125
0 0.240625 0.546875 0.031250 0.031250
0 0.564063 0.673438 0.028125 0.028125
0 0.190625 0.743750 0.031250 0.031250
0 0.515625 0.751563 0.031250 0.028125
0 0.218750 0.846875 0.031250 0.031250
0 0.737500 0.940625 0.031250 0.031250
0 0.682813 0.910937 0.028125 0.028125
0 0.498437 0.723437 0.028125 0.028125
0 0.712500 0.860938 0.031250 0.028125
0 0.192188 0.573438 0.028125 0.028125
0 0.685937 0.779687 0.028125 0.028125
0 0.451562 0.696875 0.028125 0.031250
0 0.287500 0.934375 0.031250 0.031250
0 0.110937 0.487500 0.028125 0.031250
0 0.404687 0.779687 0.028125 0.028125
0 0.539062 0.826562 0.028125 0.028125
0 0.656250 0.762500 0.031250 0.031250
0 0.482812 0.698438 0.028125 0.028125
0 0.403125 0.723437 0.031250 0.028125
0 0.467187 0.670312 0.028125 0.028125
0 0.828125 0.925000 0.031250 0.031250
0 0.210938 0.490625 0.028125 0.031250
0 0.626563 0.715625 0.028125 0.031250
0 0.256250 0.689063 0.031250 0.028125
0 0.160938 0.401562 0.028125 0.028125
0 0.739062 0.812500 0.028125 0.031250
0 0.481250 0.818750 0.031250 0.031250
0 0.335938 0.723437 0.028125 0.028125
0 0.401562 0.614062 0.028125 0.028125
0 0.596875 0.920312 0.031250 0.028125
0 0.207813 0.603125 0.028125 0.031250
0 0.668750 0.673438 0.031250 0.028125
0 0.540625 0.890625 0.031250 0.031250
0 0.157812 0.870313 0.028125 0.028125
0 0.543750 0.698438 0.031250 0.028125
0 0.417187 0.696875 0.028125 0.031250
0 0.426563 0.920312 0.028125 0.028125
0 0.482812 0.642188 0.028125 0.028125
0 0.767188 0.959375 0.028125 0.031250
0 0.289062 0.690625 0.028125 0.031250
0 0.809375 0.807813 0.043750 0.040625
0 0.110937 0.601562 0.028125 0.028125
0 0.290625 0.520312 0.031250 0.028125
0 0.578125 0.643750 0.031250 0.031250
0 0.581250 0.535937 0.031250 0.028125
0 0.289062 0.578125 0.028125 0.031250
0 0.226562 0.401562 0.028125 0.028125
0 0.289062 0.748437 0.028125 0.028125
0 0.367188 0.835938 0.028125 0.028125
0 0.632812 0.618750 0.028125 0.031250
0 0.484375 0.954688 0.031250 0.028125
0 0.335938 0.664062 0.028125 0.028125
0 0.320312 0.635938 0.028125 0.028125
0 0.464062 0.726562 0.028125 0.028125
0 0.151562 0.901563 0.028125 0.028125
0 0.400000 0.870313 0.031250 0.028125
0 0.562500 0.971875 0.031250 0.031250
0 0.710938 0.762500 0.028125 0.031250
0 0.062500 0.400000 0.031250 0.031250
0 0.514062 0.642188 0.028125 0.028125
0 0.159375 0.459375 0.031250 0.031250
0 0.145313 0.429688 0.028125 0.028125
0 0.257812 0.748437 0.028125 0.028125
0 0.570312 0.779687 0.028125 0.028125
0 0.500000 0.562500 0.031250 0.031250
0 0.796875 0.975000 0.031250 0.031250
0 0.598437 0.732812 0.028125 0.028125
0 0.435937 0.614062 0.028125 0.028125
0 0.456250 0.968750 0.031250 0.031250
0 0.626563 0.810937 0.028125 0.028125
0 0.110937 0.429688 0.028125 0.028125
0 0.467187 0.614062 0.028125 0.028125
0 0.481250 0.587500 0.031250 0.031250
0 0.750000 0.643750 0.031250 0.031250
0 0.226562 0.517188 0.028125 0.028125
0 0.273438 0.660937 0.028125 0.028125
0 0.701562 0.618750 0.028125 0.031250
0 0.273438 0.492188 0.028125 0.028125
0 0.682813 0.748437 0.028125 0.028125
0 0.192188 0.828125 0.028125 0.031250
0 0.385937 0.582812 0.028125 0.028125
0 0.367188 0.610938 0.028125 0.028125
0 0.207813 0.714063 0.028125 0.028125
0 0.240625 0.928125 0.031250 0.031250
0 0.095312 0.457813 0.028125 0.028125
0 0.625000 0.940625 0.031250 0.031250
0 0.259375 0.460938 0.031250 0.028125
0 0.400000 0.935937 0.025000 0.028125
0 0.079687 0.829688 0.028125 0.028125
0 0.737500 0.973437 0.031250 0.028125
0 0.175000 0.546875 0.031250 0.031250
0 0.417187 0.642188 0.028125 0.028125
0 0.545312 0.764062 0.028125 0.028125
0 0.354687 0.582812 0.028125 0.028125
0 0.457813 0.935937 0.028125 0.028125
0 0.257812 0.518750 0.028125 0.031250
0 0.254688 0.576562 0.028125 0.028125
0 0.570312 0.748437 0.028125 0.028125
0 0.210938 0.910937 0.028125 0.028125
0 0.448437 0.585938 0.028125 0.028125
0 0.767188 0.892188 0.028125 0.028125
0 0.598437 0.857812 0.028125 0.028125
0 0.345313 0.935937 0.028125 0.028125
0 0.092188 0.857812 0.028125 0.028125
0 0.679688 0.593750 0.028125 0.031250
0 0.242188 0.717187 0.028125 0.028125
0 0.612500 0.535937 0.031250 0.028125
0 0.734375 0.673438 0.031250 0.028125
0 0.651563 0.701562 0.028125 0.028125
0 0.570312 0.845313 0.028125 0.028125
0 0.417187 0.585938 0.028125 0.028125
0 0.242188 0.893750 0.028125 0.031250
0 0.176563 0.601562 0.028125 0.028125
0 0.595313 0.670312 0.028125 0.028125
0 0.142187 0.831250 0.028125 0.031250
0 0.760938 0.712500 0.040625 0.043750
0 0.564063 0.507812 0.028125 0.028125
0 0.273438 0.604688 0.028125 0.028125
0 0.629687 0.564063 0.028125 0.028125
0 0.268750 0.910937 0.031250 0.028125
0 0.545312 0.589063 0.028125 0.028125
0 0.529687 0.670312 0.028125 0.028125
0 0.214062 0.878125 0.028125 0.031250
0 0.596875 0.618750 0.031250 0.031250
0 0.259375 0.950000 0.031250 0.031250
0 0.320312 0.467187 0.028125 0.028125
0 0.126562 0.457813 0.028125 0.028125
0 0.435937 0.726562 0.028125 0.028125
0 0.076563 0.431250 0.028125 0.031250
0 0.768750 0.759375 0.031250 0.031250
0 0.075000 0.601562 0.031250 0.028125
0 0.740625 0.746875 0.031250 0.031250
0 0.596875 0.892188 0.031250 0.028125
0 0.242188 0.489063 0.028125 0.028125
0 0.515625 0.589063 0.031250 0.028125
0 0.712500 0.829688 0.031250 0.028125
0 0.239063 0.659375 0.028125 0.031250
0 0.142187 0.601562 0.028125 0.028125
0 0.681250 0.878125 0.031250 0.031250
0 0.370312 0.721875 0.028125 0.031250
0 0.626563 0.746875 0.028125 0.031250
0 0.245312 0.829688 0.028125 0.028125
0 0.245312 0.864062 0.028125 0.028125
0 0.107813 0.545312 0.028125 0.028125
0 0.095312 0.801562 0.028125 0.028125
0 0.531250 0.614062 0.031250 0.028125
0 0.401562 0.670312 0.028125 0.028125
0 0.598437 0.826562 0.028125 0.028125
0 0.579688 0.592187 0.028125 0.028125
0 0.417187 0.476562 0.028125 0.028125
0 0.651563 0.954688 0.028125 0.028125
0 0.320312 0.581250 0.028125 0.031250
0 0.304688 0.551562 0.028125 0.028125
0 0.045312 0.429688 0.028125 0.028125
0 0.298438 0.864062 0.028125 0.028125
0 0.223438 0.689063 0.028125 0.028125
0 0.451562 0.642188 0.028125 0.028125
0 0.126562 0.921875 0.028125 0.031250
0 0.450000 0.476562 0.031250 0.028125
0 0.092188 0.401562 0.028125 0.028125
0 0.595313 0.956250 0.028125 0.031250
0 0.710938 0.957812 0.028125 0.028125
0 0.693750 0.562500 0.031250 0.031250
0 0.078125 0.771875 0.031250 0.031250
0 0.275000 0.548438 0.031250 0.028125
0 0.351562 0.639062 0.028125 0.028125
0 0.335938 0.554688 0.028125 0.028125
0 0.143750 0.487500 0.031250 0.031250
0 0.060937 0.514062 0.028125 0.028125
0 0.825000 0.892188 0.031250 0.028125
0 0.306250 0.435937 0.025000 0.028125
0 0.484375 0.478125 0.031250 0.031250
0 0.625000 0.907813 0.031250 0.028125
0 0.767188 0.670312 0.034375 0.034375
0 0.598437 0.564063 0.028125 0.028125
0 0.157812 0.745313 0.028125 0.028125
0 0.126562 0.573438 0.028125 0.028125
0 0.159375 0.629687 0.031250 0.028125
0 0.192188 0.798438 0.028125 0.028125
0 0.173437 0.715625 0.028125 0.031250
0 0.026562 0.687500 0.028125 0.031250
0 0.714063 0.587500 0.028125 0.031250
0 0.532813 0.451562 0.028125 0.028125
0 0.351562 0.862500 0.028125 0.031250
0 0.551562 0.476562 0.028125 0.028125
0 0.060937 0.457813 0.028125 0.028125
0 0.435937 0.448437 0.028125 0.028125
0 0.289062 0.462500 0.028125 0.031250
0 0.223438 0.743750 0.028125 0.031250
0 0.625000 0.843750 0.031250 0.031250
0 0.532813 0.504687 0.028125 0.028125
0 0.156250 0.934375 0.031250 0.031250
0 0.325000 0.882812 0.031250 0.028125
0 0.453125 0.423438 0.031250 0.028125
0 0.176563 0.429688 0.028125 0.028125
0 0.304688 0.720313 0.028125 0.028125
0 0.229687 0.965625 0.034375 0.031250
0 0.028125 0.400000 0.031250 0.031250
0 0.642188 0.534375 0.028125 0.031250
0 0.110937 0.829688 0.028125 0.028125
0 0.029687 0.514062 0.028125 0.028125
0 0.482812 0.857812 0.028125 0.028125
0 0.139063 0.773438 0.028125 0.028125
0 0.598437 0.507812 0.028125 0.028125
0 0.793750 0.843750 0.031250 0.031250
0 0.209375 0.371875 0.031250 0.031250
0 0.468750 0.450000 0.031250 0.031250
0 0.660937 0.564063 0.028125 0.028125
0 0.353125 0.526563 0.031250 0.028125
0 0.567187 0.876563 0.028125 0.028125
0 0.337500 0.607812 0.025000 0.028125
0 0.432812 0.560937 0.028125 0.028125
0 0.679688 0.973437 0.028125 0.028125
0 0.210938 0.939063 0.028125 0.028125
0 0.598437 0.703125 0.028125 0.031250
0 0.482812 0.532813 0.028125 0.028125
0 0.545312 0.643750 0.028125 0.031250
0 0.517188 0.478125 0.028125 0.031250
0 0.160938 0.573438 0.028125 0.028125
0 0.467187 0.560937 0.028125 0.028125
0 0.126562 0.401562 0.028125 0.028125
0 0.317188 0.951562 0.028125 0.028125
0 0.400000 0.970313 0.031250 0.028125
0 0.371875 0.954688 0.031250 0.028125
0 0.045312 0.487500 0.028125 0.031250
0 0.435937 0.503125 0.028125 0.031250
0 0.110937 0.659375 0.028125 0.031250
0 0.500000 0.453125 0.031250 0.031250
0 0.059375 0.745313 0.031250 0.028125
0 0.623437 0.971875 0.028125 0.031250
0 0.110937 0.775000 0.028125 0.031250
0 0.043750 0.718750 0.031250 0.031250
0 0.289062 0.635938 0.028125 0.028125
0 0.142187 0.715625 0.028125 0.031250
0 0.078125 0.371875 0.031250 0.031250
0 0.560937 0.617188 0.028125 0.028125
0 0.031250 0.456250 0.031250 0.031250
0 0.401562 0.445312 0.028125 0.028125
0 0.448437 0.532813 0.028125 0.028125
0 0.273438 0.429688 0.028125 0.028125
0 0.335938 0.498437 0.028125 0.028125
0 0.370312 0.557813 0.028125 0.028125
0 0.418750 0.418750 0.031250 0.031250
0 0.078125 0.885938 0.031250 0.028125
0 0.637500 0.504687 0.031250 0.034375
0 0.298438 0.895312 0.028125 0.028125
0 0.401562 0.557813 0.028125 0.028125
0 0.028125 0.573438 0.031250 0.028125
0 0.542188 0.857812 0.028125 0.028125
0 0.287500 0.403125 0.031250 0.031250
0 0.175000 0.368750 0.031250 0.031250
0 0.739062 0.614062 0.034375 0.034375
0 0.370312 0.440625 0.028125 0.025000
0 0.581250 0.479687 0.031250 0.028125
0 0.045312 0.542188 0.028125 0.028125
0 0.059375 0.803125 0.031250 0.031250
0 0.182812 0.954688 0.028125 0.028125
0 0.257812 0.404687 0.028125 0.028125
0 0.142187 0.660937 0.028125 0.028125
0 0.321875 0.407813 0.025000 0.028125
0 0.242188 0.370312 0.034375 0.034375
0 0.142187 0.371875 0.028125 0.031250
0 0.673438 0.535937 0.034375 0.034375
0 0.801562 0.767188 0.034375 0.034375
0 0.109375 0.371875 0.031250 0.031250
0 0.337500 0.437500 0.025000 0.025000
0 0.612500 0.481250 0.031250 0.031250
