0 0.276562 0.507812 0.028125 0.028125
0 0.193750 0.892188 0.031250 0.028125
0 0.640625 0.768750 0.031250 0.031250
0 0.323437 0.829688 0.028125 0.028125
0 0.262500 0.723437 0.031250 0.028125
0 0.034375 0.781250 0.031250 0.031250
0 0.489063 0.476562 0.034375 0.034375
0 0.418750 0.879687 0.031250 0.028125
0 0.068750 0.725000 0.031250 0.031250
0 0.435937 0.851562 0.028125 0.028125
0 0.207813 0.559375 0.028125 0.031250
0 0.435937 0.909375 0.028125 0.031250
0 0.235937 0.306250 0.028125 0.031250
0 0.482812 0.878125 0.028125 0.031250
0 0.628125 0.898438 0.031250 0.028125
0 0.598437 0.910937 0.028125 0.028125
0 0.765625 0.910937 0.031250 0.034375
0 0.703125 0.750000 0.031250 0.031250
0 0.707812 0.781250 0.028125 0.031250
0 0.289062 0.945312 0.028125 0.028125
0 0.064062 0.526563 0.028125 0.028125
0 0.129688 0.781250 0.028125 0.031250
0 0.256250 0.646875 0.031250 0.031250
0 0.498437 0.851562 0.028125 0.028125
0 0.126562 0.529687 0.028125 0.028125
0 0.339062 0.679688 0.028125 0.028125
0 0.685937 0.929688 0.028125 0.028125
0 0.607812 0.823438 0.028125 0.028125
0 0.065625 0.781250 0.031250 0.031250
0 0.165625 0.723437 0.031250 0.028125
0 0.700000 0.571875 0.037500 0.037500
0 0.420312 0.823438 0.028125 0.028125
0 0.418750 0.706250 0.031250 0.031250
0 0.389062 0.882812 0.028125 0.028125
0 0.242188 0.618750 0.028125 0.031250
0 0.592187 0.851562 0.028125 0.028125
0 0.098437 0.781250 0.028125 0.031250
0 0.117188 0.446875 0.028125 0.031250
0 0.098437 0.837500 0.028125 0.031250
0 0.634375 0.570312 0.031250 0.028125
0 0.098437 0.473438 0.028125 0.028125
0 0.542188 0.820312 0.028125 0.028125
0 0.765625 0.843750 0.031250 0.031250
0 0.114062 0.810937 0.028125 0.028125
0 0.057813 0.271875 0.034375 0.031250
0 0.601562 0.568750 0.028125 0.031250
0 0.475000 0.387500 0.031250 0.031250
0 0.635938 0.514062 0.028125 0.028125
0 0.340625 0.914062 0.031250 0.028125
0 0.385937 0.706250 0.028125 0.031250
0 0.357812 0.650000 0.028125 0.031250
0 0.484375 0.765625 0.031250 0.031250
0 0.565625 0.620313 0.031250 0.028125
0 0.306250 0.735938 0.031250 0.028125
0 0.659375 0.679688 0.025000 0.028125
0 0.154688 0.585938 0.028125 0.028125
0 0.220312 0.275000 0.028125 0.031250
0 0.085938 0.753125 0.028125 0.031250
0 0.578125 0.765625 0.031250 0.031250
0 0.292187 0.887500 0.028125 0.031250
0 0.467187 0.851562 0.028125 0.028125
0 0.145313 0.807813 0.028125 0.028125
0 0.659375 0.742188 0.031250 0.028125
0 0.271875 0.678125 0.031250 0.031250
0 0.560937 0.851562 0.028125 0.028125
0 0.435937 0.795312 0.028125 0.028125
0 0.114062 0.864062 0.028125 0.028125
0 0.707812 0.814063 0.028125 0.028125
0 0.323437 0.885938 0.028125 0.028125
0 0.340625 0.510938 0.031250 0.028125
0 0.209375 0.975000 0.031250 0.031250
0 0.160938 0.529687 0.028125 0.028125
0 0.654687 0.540625 0.028125 0.031250
0 0.665625 0.573438 0.031250 0.028125
0 0.356250 0.940625 0.031250 0.031250
0 0.050000 0.809375 0.031250 0.031250
0 0.546875 0.934375 0.031250 0.031250
0 0.404687 0.909375 0.028125 0.031250
0 0.323437 0.539062 0.028125 0.028125
0 0.039062 0.357812 0.028125 0.028125
0 0.401562 0.793750 0.028125 0.031250
0 0.307812 0.567187 0.028125 0.028125
0 0.164062 0.781250 0.028125 0.031250
0 0.106250 0.304688 0.031250 0.028125
0 0.176563 0.864062 0.028125 0.028125
0 0.357812 0.540625 0.028125 0.031250
0 0.290625 0.648438 0.031250 0.028125
0 0.210938 0.862500 0.028125 0.031250
0 0.500000 0.678125 0.031250 0.031250
0 0.628125 0.860938 0.031250 0.028125
0 0.204687 0.612500 0.028125 0.031250
0 0.181250 0.448437 0.031250 0.028125
0 0.737500 0.860938 0.031250 0.028125
0 0.454688 0.593750 0.028125 0.031250
0 0.198437 0.420312 0.028125 0.028125
0 0.718750 0.604688 0.031250 0.034375
0 0.421875 0.359375 0.031250 0.031250
0 0.373437 0.676562 0.028125 0.028125
0 0.148438 0.751563 0.028125 0.028125
0 0.085938 0.696875 0.028125 0.031250
0 0.218750 0.640625 0.031250 0.031250
0 0.531250 0.620313 0.031250 0.028125
0 0.451562 0.879687 0.028125 0.028125
0 0.173437 0.554688 0.028125 0.028125
0 0.148438 0.695312 0.028125 0.028125
0 0.629687 0.929688 0.028125 0.028125
0 0.195312 0.779687 0.028125 0.028125
0 0.737500 0.931250 0.031250 0.031250
0 0.737500 0.893750 0.031250 0.031250
0 0.529687 0.851562 0.028125 0.028125
0 0.401562 0.853125 0.028125 0.031250
0 0.257812 0.889062 0.028125 0.028125
0 0.323437 0.707812 0.028125 0.028125
0 0.587500 0.479687 0.031250 0.028125
0 0.154688 0.639062 0.028125 0.028125
0 0.760938 0.776563 0.028125 0.028125
0 0.451562 0.651563 0.028125 0.028125
0 0.210938 0.504687 0.028125 0.028125
0 0.403125 0.676562 0.031250 0.028125
0 0.226562 0.589063 0.028125 0.028125
0 0.226562 0.835938 0.028125 0.028125
0 0.101562 0.417187 0.028125 0.028125
0 0.368750 0.325000 0.031250 0.031250
0 0.392188 0.301563 0.028125 0.028125
0 0.343750 0.456250 0.031250 0.031250
0 0.079687 0.867188 0.028125 0.028125
0 0.165625 0.478125 0.031250 0.031250
0 0.681250 0.800000 0.031250 0.031250
0 0.198437 0.667188 0.028125 0.028125
0 0.145313 0.864062 0.028125 0.028125
0 0.465625 0.793750 0.031250 0.031250
0 0.156250 0.271875 0.031250 0.031250
0 0.696875 0.631250 0.031250 0.031250
0 0.034375 0.725000 0.031250 0.031250
0 0.273438 0.917188 0.028125 0.028125
0 0.189062 0.585938 0.028125 0.028125
0 0.496875 0.793750 0.031250 0.031250
0 0.707812 0.879687 0.028125 0.028125
0 0.167187 0.418750 0.028125 0.031250
0 0.107813 0.610938 0.028125 0.028125
0 0.135937 0.667188 0.028125 0.028125
0 0.081250 0.809375 0.031250 0.031250
0 0.360938 0.765625 0.028125 0.031250
0 0.707812 0.846875 0.028125 0.031250
0 0.323437 0.945312 0.028125 0.028125
0 0.231250 0.362500 0.031250 0.031250
0 0.179688 0.807813 0.028125 0.028125
0 0.628125 0.681250 0.031250 0.031250
0 0.665625 0.631250 0.031250 0.031250
0 0.356250 0.828125 0.031250 0.031250
0 0.214062 0.448437 0.028125 0.028125
0 0.200000 0.362500 0.031250 0.031250
0 0.170313 0.301563 0.028125 0.028125
0 0.103125 0.667188 0.031250 0.028125
0 0.185938 0.639062 0.028125 0.028125
0 0.226562 0.534375 0.028125 0.031250
0 0.709375 0.948438 0.031250 0.028125
0 0.387500 0.823438 0.031250 0.028125
0 0.226562 0.889062 0.028125 0.028125
0 0.484375 0.934375 0.031250 0.031250
0 0.484375 0.707812 0.031250 0.028125
0 0.032813 0.837500 0.028125 0.031250
0 0.175000 0.921875 0.031250 0.031250
0 0.675000 0.768750 0.031250 0.031250
0 0.376563 0.398438 0.028125 0.028125
0 0.425000 0.421875 0.031250 0.031250
0 0.642188 0.651563 0.028125 0.028125
0 0.242188 0.918750 0.028125 0.031250
0 0.132812 0.721875 0.028125 0.031250
0 0.514062 0.879687 0.028125 0.028125
0 0.389062 0.539062 0.028125 0.028125
0 0.182812 0.389062 0.028125 0.028125
0 0.089063 0.639062 0.028125 0.028125
0 0.440625 0.450000 0.031250 0.031250
0 0.468750 0.681250 0.031250 0.031250
0 0.403125 0.735938 0.031250 0.028125
0 0.307812 0.915625 0.028125 0.031250
0 0.160938 0.835938 0.028125 0.028125
0 0.065625 0.837500 0.031250 0.031250
0 0.467187 0.560937 0.028125 0.028125
0 0.434375 0.679688 0.031250 0.028125
0 0.681250 0.601562 0.031250 0.028125
0 0.576562 0.935937 0.028125 0.028125
0 0.210938 0.807813 0.028125 0.028125
0 0.340625 0.621875 0.031250 0.031250
0 0.323437 0.481250 0.028125 0.031250
0 0.589063 0.795312 0.028125 0.028125
0 0.139063 0.612500 0.028125 0.031250
0 0.545312 0.764062 0.028125 0.028125
0 0.376563 0.453125 0.028125 0.031250
0 0.420312 0.935937 0.028125 0.028125
0 0.189062 0.273438 0.028125 0.028125
0 0.148438 0.448437 0.028125 0.028125
0 0.226562 0.779687 0.028125 0.028125
0 0.228125 0.478125 0.031250 0.031250
0 0.451562 0.935937 0.028125 0.028125
0 0.487500 0.534375 0.031250 0.031250
0 0.117188 0.695312 0.028125 0.028125
0 0.767188 0.876563 0.028125 0.028125
0 0.389062 0.939063 0.028125 0.028125
0 0.514062 0.934375 0.028125 0.031250
0 0.370312 0.796875 0.028125 0.031250
0 0.582812 0.592187 0.028125 0.028125
0 0.454688 0.360938 0.028125 0.028125
0 0.514062 0.823438 0.028125 0.028125
0 0.729688 0.732812 0.028125 0.028125
0 0.701562 0.715625 0.028125 0.031250
0 0.520312 0.535937 0.028125 0.028125
0 0.226562 0.946875 0.028125 0.031250
0 0.729688 0.634375 0.028125 0.031250
0 0.670312 0.712500 0.028125 0.031250
0 0.090625 0.271875 0.031250 0.031250
0 0.451562 0.823438 0.028125 0.028125
0 0.468750 0.621875 0.031250 0.031250
0 0.289062 0.592187 0.028125 0.028125
0 0.387500 0.481250 0.031250 0.031250
0 0.579688 0.650000 0.028125 0.031250
0 0.240625 0.975000 0.031250 0.031250
0 0.045312 0.920312 0.028125 0.028125
0 0.246875 0.393750 0.031250 0.031250
0 0.440625 0.390625 0.031250 0.031250
0 0.604688 0.878125 0.028125 0.031250
0 0.373437 0.910937 0.028125 0.028125
0 0.437500 0.621875 0.031250 0.031250
0 0.198437 0.723437 0.028125 0.028125
0 0.339062 0.567187 0.028125 0.028125
0 0.307812 0.857812 0.028125 0.028125
0 0.629687 0.456250 0.028125 0.031250
0 0.453125 0.709375 0.031250 0.031250
0 0.389062 0.650000 0.028125 0.031250
0 0.567187 0.567187 0.028125 0.028125
0 0.404687 0.621875 0.028125 0.031250
0 0.129688 0.835938 0.028125 0.028125
0 0.406250 0.509375 0.031250 0.031250
0 0.229687 0.723437 0.028125 0.028125
0 0.573438 0.820312 0.028125 0.028125
0 0.421875 0.535937 0.031250 0.028125
0 0.571875 0.510938 0.031250 0.028125
0 0.564063 0.679688 0.028125 0.028125
0 0.085938 0.389062 0.028125 0.028125
0 0.425000 0.314063 0.031250 0.028125
0 0.340625 0.856250 0.031250 0.031250
0 0.071875 0.301563 0.031250 0.028125
0 0.498437 0.737500 0.028125 0.031250
0 0.564063 0.907813 0.028125 0.028125
0 0.103125 0.362500 0.031250 0.031250
0 0.500000 0.620313 0.031250 0.028125
0 0.551562 0.539062 0.028125 0.028125
0 0.132812 0.473438 0.028125 0.028125
0 0.595313 0.679688 0.028125 0.028125
0 0.529687 0.904687 0.028125 0.028125
0 0.262500 0.421875 0.031250 0.031250
0 0.182812 0.695312 0.028125 0.028125
0 0.498437 0.907813 0.028125 0.028125
0 0.343750 0.396875 0.031250 0.031250
0 0.406250 0.968750 0.031250 0.031250
0 0.101562 0.726562 0.028125 0.028125
0 0.739062 0.826562 0.028125 0.028125
0 0.668750 0.510938 0.031250 0.028125
0 0.214062 0.696875 0.028125 0.031250
0 0.056250 0.329688 0.031250 0.028125
0 0.626563 0.737500 0.028125 0.031250
0 0.253125 0.276562 0.031250 0.028125
0 0.390625 0.365625 0.031250 0.031250
0 0.582812 0.540625 0.028125 0.031250
0 0.082812 0.498437 0.028125 0.028125
0 0.573438 0.878125 0.028125 0.025000
0 0.328125 0.425000 0.031250 0.031250
0 0.248438 0.696875 0.028125 0.031250
0 0.373437 0.567187 0.028125 0.028125
0 0.539062 0.509375 0.028125 0.031250
0 0.143750 0.556250 0.031250 0.031250
0 0.435937 0.565625 0.028125 0.031250
0 0.373437 0.621875 0.028125 0.031250
0 0.420312 0.764062 0.028125 0.028125
0 0.170313 0.614062 0.028125 0.028125
0 0.687500 0.537500 0.031250 0.031250
0 0.485938 0.651563 0.028125 0.028125
0 0.682813 0.898438 0.028125 0.028125
0 0.579688 0.707812 0.028125 0.028125
0 0.132812 0.417187 0.028125 0.028125
0 0.281250 0.337500 0.031250 0.031250
0 0.123438 0.582812 0.028125 0.028125
0 0.354687 0.707812 0.028125 0.028125
0 0.260937 0.535937 0.028125 0.028125
0 0.260937 0.479687 0.028125 0.028125
0 0.309375 0.510938 0.031250 0.028125
0 0.420312 0.595313 0.028125 0.028125
0 0.360938 0.425000 0.028125 0.031250
0 0.514062 0.707812 0.028125 0.028125
0 0.190625 0.946875 0.031250 0.031250
0 0.123438 0.331250 0.028125 0.031250
0 0.064062 0.895312 0.028125 0.028125
0 0.371875 0.970313 0.031250 0.028125
0 0.648438 0.598437 0.028125 0.028125
0 0.562500 0.392188 0.031250 0.028125
0 0.201563 0.304688 0.028125 0.028125
0 0.545312 0.648438 0.028125 0.028125
0 0.578125 0.450000 0.031250 0.031250
0 0.735938 0.796875 0.028125 0.031250
0 0.407813 0.393750 0.028125 0.031250
0 0.339062 0.735938 0.028125 0.028125
0 0.610938 0.707812 0.028125 0.028125
0 0.048438 0.867188 0.028125 0.028125
0 0.229687 0.420312 0.028125 0.028125
0 0.507812 0.387500 0.028125 0.031250
0 0.475000 0.443750 0.031250 0.031250
0 0.767188 0.948438 0.028125 0.028125
0 0.120313 0.639062 0.028125 0.028125
0 0.176563 0.975000 0.028125 0.031250
0 0.210938 0.751563 0.028125 0.028125
0 0.243750 0.862500 0.031250 0.031250
0 0.604688 0.948438 0.028125 0.028125
0 0.501563 0.560937 0.028125 0.028125
0 0.145313 0.920312 0.028125 0.028125
0 0.607812 0.764062 0.028125 0.028125
0 0.243750 0.751563 0.025000 0.028125
0 0.403125 0.565625 0.031250 0.031250
0 0.651563 0.484375 0.028125 0.031250
0 0.139063 0.301563 0.028125 0.028125
0 0.357812 0.882812 0.028125 0.028125
0 0.340625 0.971875 0.031250 0.031250
0 0.620313 0.795312 0.028125 0.028125
0 0.231250 0.668750 0.031250 0.031250
0 0.265625 0.365625 0.031250 0.031250
0 0.051562 0.751563 0.028125 0.028125
0 0.314063 0.339062 0.028125 0.028125
0 0.557813 0.795312 0.028125 0.028125
0 0.507812 0.446875 0.028125 0.031250
0 0.521875 0.417187 0.031250 0.028125
0 0.170313 0.667188 0.028125 0.028125
0 0.482812 0.823438 0.028125 0.028125
0 0.129688 0.895312 0.028125 0.028125
0 0.207813 0.920312 0.028125 0.028125
0 0.678125 0.831250 0.031250 0.031250
0 0.692187 0.685937 0.028125 0.028125
0 0.603125 0.514062 0.031250 0.028125
0 0.079687 0.556250 0.028125 0.031250
0 0.618750 0.485938 0.031250 0.028125
0 0.370312 0.854688 0.028125 0.028125
0 0.276562 0.451562 0.028125 0.028125
0 0.245312 0.450000 0.028125 0.031250
0 0.421875 0.479687 0.031250 0.028125
0 0.296875 0.367188 0.031250 0.028125
0 0.045312 0.498437 0.028125 0.028125
0 0.092188 0.582812 0.028125 0.028125
0 0.523438 0.482812 0.028125 0.028125
0 0.250000 0.337500 0.031250 0.031250
0 0.323437 0.592187 0.028125 0.028125
0 0.110937 0.554688 0.028125 0.028125
0 0.114062 0.753125 0.028125 0.031250
0 0.290625 0.706250 0.031250 0.031250
0 0.420312 0.650000 0.028125 0.031250
0 0.639062 0.829688 0.028125 0.028125
0 0.059375 0.582812 0.031250 0.028125
0 0.737500 0.964063 0.031250 0.028125
0 0.335938 0.800000 0.028125 0.031250
0 0.292187 0.539062 0.028125 0.028125
0 0.629687 0.967187 0.028125 0.028125
0 0.535937 0.373437 0.028125 0.028125
0 0.598437 0.623437 0.028125 0.028125
0 0.610938 0.651563 0.028125 0.028125
0 0.620313 0.540625 0.028125 0.031250
0 0.762500 0.809375 0.031250 0.031250
0 0.157812 0.948438 0.028125 0.028125
0 0.657813 0.948438 0.028125 0.028125
0 0.031250 0.526563 0.031250 0.028125
0 0.532813 0.565625 0.028125 0.031250
0 0.373437 0.510938 0.028125 0.028125
0 0.267188 0.304688 0.028125 0.028125
0 0.218750 0.335938 0.031250 0.028125
0 0.453125 0.535937 0.031250 0.028125
0 0.398438 0.335938 0.028125 0.028125
0 0.614062 0.598437 0.028125 0.028125
0 0.467187 0.735938 0.028125 0.028125
0 0.710938 0.660937 0.028125 0.028125
0 0.357812 0.595313 0.028125 0.028125
0 0.021875 0.387500 0.031250 0.031250
0 0.181250 0.751563 0.025000 0.028125
0 0.307812 0.620313 0.028125 0.028125
0 0.756250 0.743750 0.031250 0.031250
0 0.090625 0.331250 0.031250 0.031250
0 0.435937 0.507812 0.028125 0.028125
0 0.040625 0.300000 0.031250 0.031250
0 0.275000 0.860938 0.025000 0.028125
0 0.356250 0.484375 0.031250 0.031250
0 0.564063 0.964063 0.028125 0.028125
0 0.045312 0.554688 0.028125 0.028125
0 0.306250 0.676562 0.031250 0.028125
0 0.071875 0.357812 0.031250 0.028125
0 0.503125 0.507812 0.031250 0.028125
0 0.467187 0.907813 0.028125 0.028125
0 0.539062 0.454688 0.028125 0.028125
0 0.026562 0.950000 0.028125 0.031250
0 0.639062 0.710938 0.028125 0.028125
0 0.545312 0.706250 0.028125 0.031250
0 0.018750 0.751563 0.031250 0.028125
0 0.145313 0.501563 0.028125 0.028125
0 0.481250 0.343750 0.031250 0.031250
0 0.126562 0.948438 0.028125 0.028125
0 0.245312 0.507812 0.028125 0.028125
0 0.517188 0.592187 0.028125 0.028125
0 0.595313 0.735938 0.028125 0.028125
0 0.609375 0.434375 0.031250 0.031250
0 0.114062 0.501563 0.028125 0.028125
0 0.531250 0.676562 0.031250 0.028125
0 0.276562 0.751563 0.028125 0.028125
0 0.310937 0.451562 0.028125 0.028125
0 0.275000 0.564063 0.025000 0.028125
0 0.192188 0.837500 0.028125 0.031250
0 0.710938 0.910937 0.028125 0.028125
0 0.409375 0.450000 0.031250 0.031250
0 0.051562 0.695312 0.028125 0.028125
0 0.259375 0.946875 0.025000 0.025000
0 0.542188 0.878125 0.028125 0.025000
0 0.392188 0.425000 0.028125 0.031250
0 0.651563 0.801562 0.028125 0.028125
0 0.500000 0.964063 0.031250 0.028125
0 0.331250 0.767188 0.031250 0.028125
0 0.032813 0.471875 0.028125 0.031250
0 0.123438 0.273438 0.028125 0.028125
0 0.243750 0.560937 0.025000 0.028125
0 0.548438 0.592187 0.028125 0.028125
0 0.309375 0.395313 0.031250 0.028125
0 0.259375 0.592187 0.025000 0.028125
0 0.159375 0.892188 0.031250 0.028125
0 0.485938 0.589063 0.028125 0.028125
0 0.370312 0.735938 0.028125 0.028125
0 0.332813 0.312500 0.028125 0.031250
0 0.095312 0.529687 0.028125 0.028125
0 0.179688 0.504687 0.028125 0.028125
0 0.185938 0.332813 0.028125 0.028125
0 0.117188 0.389062 0.028125 0.028125
0 0.509375 0.357812 0.031250 0.028125
0 0.029687 0.892188 0.028125 0.028125
0 0.357812 0.368750 0.028125 0.031250
0 0.556250 0.425000 0.031250 0.031250
0 0.532813 0.735938 0.028125 0.028125
0 0.514062 0.767188 0.028125 0.028125
0 0.243750 0.807813 0.025000 0.028125
0 0.451562 0.767188 0.028125 0.028125
0 0.042188 0.610938 0.028125 0.028125
0 0.296875 0.423438 0.031250 0.028125
0 0.051562 0.389062 0.028125 0.028125
0 0.281250 0.396875 0.031250 0.031250
0 0.732812 0.764062 0.028125 0.028125
0 0.217188 0.392188 0.028125 0.028125
0 0.529687 0.795312 0.028125 0.028125
0 0.065625 0.471875 0.031250 0.031250
0 0.721875 0.692187 0.025000 0.028125
0 0.326562 0.370312 0.028125 0.028125
0 0.073438 0.610938 0.028125 0.028125
0 0.467187 0.507812 0.028125 0.028125
0 0.492188 0.417187 0.028125 0.028125
0 0.276562 0.973437 0.028125 0.028125
0 0.360938 0.293750 0.028125 0.031250
0 0.392188 0.764062 0.028125 0.028125
0 0.025000 0.329688 0.025000 0.028125
0 0.135937 0.360938 0.028125 0.028125
0 0.067187 0.414062 0.028125 0.028125
0 0.095312 0.950000 0.028125 0.031250
0 0.554688 0.482812 0.028125 0.028125
0 0.629687 0.623437 0.028125 0.028125
0 0.531250 0.964063 0.031250 0.028125
0 0.062500 0.950000 0.031250 0.031250
0 0.017188 0.810937 0.028125 0.028125
0 0.195312 0.476562 0.028125 0.028125
0 0.298438 0.310937 0.028125 0.028125
0 0.437500 0.737500 0.031250 0.031250
0 0.026562 0.582812 0.028125 0.028125
0 0.275000 0.618750 0.025000 0.025000
0 0.457813 0.417187 0.028125 0.028125
0 0.453125 0.328125 0.031250 0.031250
0 0.679688 0.867188 0.028125 0.028125
0 0.310937 0.973437 0.028125 0.028125
0 0.679688 0.654687 0.028125 0.028125
0 0.145313 0.978125 0.028125 0.031250
0 0.195312 0.532813 0.028125 0.028125
0 0.389062 0.595313 0.028125 0.028125
0 0.300000 0.770312 0.031250 0.028125
0 0.585938 0.414062 0.028125 0.028125
0 0.435937 0.967187 0.028125 0.028125
0 0.082812 0.442188 0.028125 0.028125
0 0.654687 0.914062 0.028125 0.028125
0 0.450000 0.481250 0.031250 0.031250
0 0.682813 0.967187 0.028125 0.028125
0 0.110937 0.978125 0.028125 0.025000
0 0.467187 0.964063 0.028125 0.028125
0 0.260937 0.781250 0.028125 0.031250
0 0.304688 0.801562 0.028125 0.028125
0 0.285938 0.281250 0.028125 0.031250
0 0.021875 0.696875 0.031250 0.031250
0 0.342187 0.342187 0.028125 0.028125
0 0.295312 0.479687 0.028125 0.028125
0 0.045312 0.978125 0.028125 0.031250
0 0.154688 0.331250 0.028125 0.025000
0 0.023438 0.639062 0.028125 0.028125
0 0.654687 0.882812 0.028125 0.028125
0 0.514062 0.648438 0.028125 0.028125
0 0.318750 0.284375 0.031250 0.031250
0 0.070312 0.670312 0.028125 0.028125
0 0.748437 0.706250 0.028125 0.031250
0 0.323437 0.650000 0.028125 0.031250
0 0.562500 0.735938 0.025000 0.028125
0 0.079687 0.976562 0.028125 0.028125
0 0.656250 0.853125 0.031250 0.031250
0 0.025000 0.271875 0.031250 0.031250
0 0.107813 0.920312 0.028125 0.028125
0 0.014063 0.923438 0.028125 0.028125
