0 0.764062 0.717187 0.028125 0.028125
0 0.037500 0.428125 0.031250 0.031250
0 0.868750 0.878125 0.031250 0.031250
0 0.104688 0.895312 0.028125 0.028125
0 0.235937 0.893750 0.028125 0.031250
0 0.057813 0.868750 0.028125 0.031250
0 0.932813 0.937500 0.028125 0.031250
0 0.209375 0.912500 0.031250 0.031250
0 0.092188 0.868750 0.028125 0.031250
0 0.204687 0.878125 0.028125 0.031250
0 0.178125 0.896875 0.031250 0.031250
0 0.071875 0.898438 0.031250 0.028125
0 0.907813 0.734375 0.028125 0.031250
0 0.735938 0.700000 0.028125 0.031250
0 0.096875 0.807813 0.031250 0.028125
0 0.057813 0.812500 0.028125 0.031250
0 0.846875 0.906250 0.031250 0.031250
0 0.359375 0.703125 0.031250 0.031250
0 0.234375 0.860938 0.031250 0.028125
0 0.820312 0.715625 0.028125 0.031250
0 0.848437 0.732812 0.028125 0.028125
0 0.725000 0.934375 0.031250 0.031250
0 0.765625 0.684375 0.031250 0.031250
0 0.193750 0.465625 0.031250 0.031250
0 0.734375 0.800000 0.031250 0.031250
0 0.906250 0.667188 0.031250 0.028125
0 0.162500 0.578125 0.031250 0.031250
0 0.900000 0.821875 0.031250 0.031250
0 0.792188 0.732812 0.028125 0.028125
0 0.084375 0.396875 0.031250 0.031250
0 0.121875 0.628125 0.031250 0.031250
0 0.935937 0.685937 0.028125 0.028125
0 0.040625 0.839063 0.031250 0.028125
0 0.932813 0.878125 0.028125 0.031250
0 0.156250 0.839063 0.031250 0.028125
0 0.109375 0.954688 0.031250 0.028125
0 0.085938 0.571875 0.028125 0.031250
0 0.025000 0.700000 0.031250 0.031250
0 0.040625 0.898438 0.031250 0.028125
0 0.100000 0.425000 0.031250 0.031250
0 0.932813 0.765625 0.034375 0.031250
0 0.753125 0.925000 0.031250 0.031250
0 0.932813 0.823438 0.028125 0.028125
0 0.728125 0.896875 0.031250 0.031250
0 0.253125 0.437500 0.031250 0.031250
0 0.040625 0.668750 0.031250 0.031250
0 0.057813 0.695312 0.028125 0.028125
0 0.915625 0.906250 0.031250 0.031250
0 0.075000 0.725000 0.031250 0.031250
0 0.253125 0.403125 0.031250 0.031250
0 0.025000 0.868750 0.031250 0.031250
0 0.023438 0.810937 0.028125 0.028125
0 0.062500 0.753125 0.031250 0.031250
0 0.707812 0.682813 0.028125 0.028125
0 0.103125 0.704688 0.031250 0.028125
0 0.671875 0.900000 0.031250 0.031250
0 0.184375 0.854688 0.031250 0.028125
0 0.118750 0.512500 0.031250 0.031250
0 0.126562 0.860938 0.028125 0.028125
0 0.951562 0.907813 0.028125 0.028125
0 0.153125 0.515625 0.031250 0.031250
0 0.070312 0.656250 0.028125 0.031250
0 0.129688 0.789062 0.028125 0.028125
0 0.967187 0.823438 0.028125 0.028125
0 0.026562 0.925000 0.028125 0.031250
0 0.073438 0.839063 0.028125 0.028125
0 0.087500 0.512500 0.031250 0.031250
0 0.848437 0.765625 0.028125 0.031250
0 0.270313 0.778125 0.028125 0.031250
0 0.851562 0.701562 0.028125 0.028125
0 0.196875 0.434375 0.031250 0.031250
0 0.276562 0.617188 0.028125 0.028125
0 0.817187 0.851562 0.028125 0.028125
0 0.240625 0.928125 0.031250 0.031250
0 0.742188 0.501563 0.028125 0.028125
0 0.131250 0.725000 0.031250 0.031250
0 0.143750 0.953125 0.031250 0.031250
0 0.225000 0.418750 0.031250 0.031250
0 0.818750 0.684375 0.031250 0.031250
0 0.070312 0.484375 0.028125 0.031250
0 0.851562 0.848437 0.028125 0.028125
0 0.134375 0.600000 0.031250 0.031250
0 0.192188 0.564063 0.028125 0.028125
0 0.192188 0.596875 0.028125 0.031250
0 0.118750 0.456250 0.031250 0.031250
0 0.868750 0.821875 0.031250 0.031250
0 0.890625 0.432812 0.031250 0.028125
0 0.092188 0.925000 0.028125 0.031250
0 0.023438 0.512500 0.028125 0.031250
0 0.070312 0.426563 0.028125 0.028125
0 0.042188 0.782813 0.028125 0.028125
0 0.190625 0.628125 0.031250 0.031250
0 0.792188 0.764062 0.028125 0.028125
0 0.054688 0.512500 0.028125 0.031250
0 0.298438 0.732812 0.028125 0.028125
0 0.281250 0.485938 0.031250 0.028125
0 0.696875 0.950000 0.031250 0.031250
0 0.278125 0.553125 0.031250 0.031250
0 0.768750 0.484375 0.031250 0.031250
0 0.101562 0.601562 0.028125 0.028125
0 0.189062 0.659375 0.028125 0.031250
0 0.948438 0.850000 0.028125 0.031250
0 0.057813 0.926562 0.028125 0.028125
0 0.764062 0.748437 0.028125 0.028125
0 0.884375 0.850000 0.031250 0.031250
0 0.021875 0.456250 0.031250 0.031250
0 0.164062 0.609375 0.028125 0.031250
0 0.876563 0.746875 0.028125 0.031250
0 0.640625 0.946875 0.031250 0.031250
0 0.251563 0.503125 0.028125 0.031250
0 0.100000 0.771875 0.031250 0.031250
0 0.284375 0.390625 0.031250 0.031250
0 0.056250 0.628125 0.031250 0.031250
0 0.217188 0.676562 0.028125 0.028125
0 0.103125 0.659375 0.031250 0.031250
0 0.687500 0.537500 0.031250 0.031250
0 0.304688 0.632812 0.028125 0.028125
0 0.250000 0.629687 0.031250 0.028125
0 0.053125 0.396875 0.031250 0.031250
0 0.189062 0.692187 0.028125 0.028125
0 0.117188 0.395313 0.028125 0.028125
0 0.159375 0.706250 0.031250 0.031250
0 0.360938 0.668750 0.028125 0.031250
0 0.771875 0.812500 0.031250 0.031250
0 0.135937 0.892188 0.028125 0.028125
0 0.167187 0.543750 0.028125 0.031250
0 0.159375 0.770312 0.031250 0.028125
0 0.128125 0.818750 0.031250 0.031250
0 0.042188 0.728125 0.028125 0.031250
0 0.073438 0.782813 0.028125 0.028125
0 0.196875 0.531250 0.031250 0.031250
0 0.331250 0.651563 0.031250 0.028125
0 0.364063 0.604688 0.028125 0.028125
0 0.162500 0.642188 0.031250 0.028125
0 0.934375 0.464062 0.031250 0.028125
0 0.101562 0.542188 0.028125 0.028125
0 0.070312 0.542188 0.028125 0.028125
0 0.614062 0.898438 0.028125 0.028125
0 0.514062 0.439063 0.028125 0.028125
0 0.617188 0.862500 0.028125 0.031250
0 0.309375 0.409375 0.031250 0.031250
0 0.210938 0.807813 0.028125 0.028125
0 0.878125 0.682813 0.031250 0.028125
0 0.968750 0.518750 0.031250 0.031250
0 0.292187 0.964063 0.028125 0.028125
0 0.900000 0.937500 0.031250 0.031250
0 0.921875 0.434375 0.031250 0.031250
0 0.768750 0.518750 0.031250 0.031250
0 0.882812 0.906250 0.028125 0.031250
0 0.103125 0.484375 0.031250 0.031250
0 0.273438 0.681250 0.028125 0.031250
0 0.218750 0.645312 0.031250 0.028125
0 0.628125 0.439063 0.031250 0.028125
0 0.865625 0.934375 0.031250 0.031250
0 0.087500 0.629687 0.031250 0.028125
0 0.039062 0.542188 0.028125 0.028125
0 0.792188 0.698438 0.028125 0.028125
0 0.821875 0.748437 0.031250 0.028125
0 0.153125 0.453125 0.031250 0.031250
0 0.129688 0.754687 0.028125 0.028125
0 0.734375 0.765625 0.031250 0.031250
0 0.237500 0.962500 0.031250 0.031250
0 0.021875 0.568750 0.031250 0.031250
0 0.153125 0.918750 0.031250 0.031250
0 0.217188 0.710938 0.028125 0.028125
0 0.039062 0.484375 0.028125 0.031250
0 0.932813 0.651563 0.028125 0.028125
0 0.085938 0.456250 0.028125 0.031250
0 0.301563 0.698438 0.028125 0.028125
0 0.329688 0.718750 0.028125 0.031250
0 0.276562 0.650000 0.028125 0.031250
0 0.132812 0.689063 0.028125 0.028125
0 0.725000 0.865625 0.031250 0.031250
0 0.159375 0.675000 0.031250 0.031250
0 0.121875 0.925000 0.031250 0.031250
0 0.834375 0.821875 0.031250 0.031250
0 0.785937 0.845313 0.028125 0.028125
0 0.735938 0.734375 0.028125 0.031250
0 0.934375 0.587500 0.031250 0.031250
0 0.304688 0.667188 0.028125 0.028125
0 0.181250 0.395313 0.031250 0.028125
0 0.220312 0.581250 0.028125 0.031250
0 0.967187 0.935937 0.028125 0.028125
0 0.803125 0.818750 0.031250 0.031250
0 0.265625 0.846875 0.031250 0.031250
0 0.182812 0.928125 0.028125 0.031250
0 0.673438 0.864062 0.028125 0.028125
0 0.884375 0.787500 0.031250 0.031250
0 0.645312 0.882812 0.028125 0.028125
0 0.321875 0.948438 0.031250 0.028125
0 0.185938 0.823438 0.028125 0.028125
0 0.512500 0.406250 0.031250 0.031250
0 0.068750 0.365625 0.031250 0.031250
0 0.965625 0.881250 0.031250 0.031250
0 0.104688 0.839063 0.028125 0.028125
0 0.245312 0.695312 0.028125 0.028125
0 0.307812 0.503125 0.028125 0.031250
0 0.298438 0.764062 0.028125 0.028125
0 0.162500 0.484375 0.031250 0.031250
0 0.793750 0.431250 0.031250 0.031250
0 0.270313 0.745313 0.028125 0.028125
0 0.160938 0.739062 0.028125 0.028125
0 0.665625 0.967187 0.031250 0.028125
0 0.134375 0.426563 0.031250 0.028125
0 0.698438 0.850000 0.028125 0.031250
0 0.917188 0.793750 0.028125 0.031250
0 0.026562 0.640625 0.028125 0.031250
0 0.701562 0.882812 0.028125 0.028125
0 0.040625 0.601562 0.031250 0.028125
0 0.040625 0.954688 0.025000 0.028125
0 0.800000 0.465625 0.031250 0.031250
0 0.646875 0.850000 0.031250 0.031250
0 0.220312 0.612500 0.028125 0.031250
0 0.157812 0.870313 0.028125 0.028125
0 0.193750 0.500000 0.031250 0.031250
0 0.764062 0.779687 0.028125 0.028125
0 0.339062 0.398438 0.028125 0.028125
0 0.332813 0.589063 0.028125 0.028125
0 0.767188 0.618750 0.028125 0.031250
0 0.181250 0.960938 0.031250 0.028125
0 0.739062 0.632812 0.028125 0.028125
0 0.331250 0.685937 0.031250 0.028125
0 0.951562 0.492188 0.028125 0.028125
0 0.815625 0.896875 0.031250 0.031250
0 0.698438 0.915625 0.028125 0.031250
0 0.712500 0.485938 0.031250 0.028125
0 0.793750 0.500000 0.031250 0.031250
0 0.118750 0.571875 0.031250 0.031250
0 0.542188 0.423438 0.028125 0.028125
0 0.134375 0.657813 0.031250 0.028125
0 0.670312 0.932813 0.028125 0.028125
0 0.307812 0.535937 0.028125 0.028125
0 0.103125 0.737500 0.031250 0.031250
0 0.821875 0.782813 0.031250 0.028125
0 0.879687 0.651563 0.028125 0.028125
0 0.054688 0.571875 0.028125 0.031250
0 0.865625 0.462500 0.031250 0.031250
0 0.281250 0.423438 0.031250 0.028125
0 0.728125 0.834375 0.031250 0.031250
0 0.100000 0.365625 0.031250 0.031250
0 0.951562 0.795312 0.028125 0.028125
0 0.848437 0.667188 0.028125 0.028125
0 0.267188 0.810937 0.028125 0.028125
0 0.248438 0.664062 0.028125 0.028125
0 0.250000 0.568750 0.031250 0.031250
0 0.242188 0.796875 0.028125 0.031250
0 0.856250 0.429688 0.031250 0.028125
0 0.917188 0.848437 0.028125 0.028125
0 0.939063 0.556250 0.028125 0.031250
0 0.265625 0.910937 0.031250 0.028125
0 0.364063 0.573438 0.028125 0.028125
0 0.390625 0.621875 0.031250 0.031250
0 0.148438 0.395313 0.028125 0.028125
0 0.767188 0.418750 0.028125 0.031250
0 0.598437 0.426563 0.028125 0.028125
0 0.968750 0.460938 0.031250 0.028125
0 0.840625 0.403125 0.031250 0.031250
0 0.279687 0.582812 0.028125 0.028125
0 0.770312 0.453125 0.028125 0.031250
0 0.034375 0.365625 0.031250 0.031250
0 0.759375 0.865625 0.031250 0.031250
0 0.389062 0.720313 0.028125 0.028125
0 0.707812 0.717187 0.028125 0.028125
0 0.904687 0.634375 0.028125 0.031250
0 0.018750 0.396875 0.031250 0.031250
0 0.309375 0.440625 0.031250 0.031250
0 0.904687 0.403125 0.028125 0.031250
0 0.023438 0.754687 0.028125 0.028125
0 0.210938 0.946875 0.028125 0.031250
0 0.239063 0.828125 0.028125 0.031250
0 0.826562 0.435937 0.028125 0.028125
0 0.739062 0.601562 0.028125 0.028125
0 0.304688 0.570312 0.028125 0.028125
0 0.793750 0.567187 0.031250 0.028125
0 0.787500 0.662500 0.031250 0.031250
0 0.959375 0.668750 0.031250 0.031250
0 0.221875 0.550000 0.031250 0.031250
0 0.273438 0.714063 0.028125 0.028125
0 0.165625 0.425000 0.031250 0.031250
0 0.850000 0.793750 0.031250 0.031250
0 0.387500 0.687500 0.031250 0.031250
0 0.737500 0.665625 0.031250 0.031250
0 0.332813 0.620313 0.028125 0.028125
0 0.682813 0.567187 0.028125 0.028125
0 0.134375 0.542188 0.031250 0.028125
0 0.304688 0.601562 0.028125 0.028125
0 0.709375 0.584375 0.031250 0.031250
0 0.225000 0.517188 0.031250 0.028125
0 0.934375 0.520312 0.031250 0.028125
0 0.279687 0.454688 0.028125 0.028125
0 0.335938 0.556250 0.028125 0.031250
0 0.915625 0.493750 0.031250 0.031250
0 0.782813 0.942187 0.028125 0.028125
0 0.932813 0.714063 0.028125 0.028125
0 0.364063 0.542188 0.028125 0.028125
0 0.612500 0.929688 0.025000 0.028125
0 0.587500 0.878125 0.031250 0.031250
0 0.851562 0.603125 0.028125 0.031250
0 0.656250 0.518750 0.031250 0.031250
0 0.953125 0.434375 0.031250 0.031250
0 0.073438 0.956250 0.028125 0.031250
0 0.656250 0.454688 0.031250 0.028125
0 0.225000 0.454688 0.031250 0.028125
0 0.954688 0.739062 0.034375 0.034375
0 0.381250 0.950000 0.031250 0.031250
0 0.295312 0.798438 0.028125 0.028125
0 0.570312 0.439063 0.028125 0.028125
0 0.248438 0.596875 0.028125 0.031250
0 0.685937 0.503125 0.028125 0.031250
0 0.907813 0.701562 0.028125 0.028125
0 0.903125 0.462500 0.031250 0.031250
0 0.962500 0.703125 0.031250 0.031250
0 0.568750 0.407813 0.031250 0.028125
0 0.714063 0.420312 0.028125 0.028125
0 0.157812 0.806250 0.028125 0.025000
0 0.657813 0.387500 0.028125 0.031250
0 0.307812 0.367188 0.034375 0.034375
0 0.351562 0.968750 0.028125 0.031250
0 0.484375 0.454688 0.031250 0.028125
0 0.484375 0.425000 0.031250 0.031250
0 0.189062 0.726562 0.028125 0.028125
0 0.504687 0.726562 0.028125 0.028125
0 0.367188 0.414062 0.028125 0.028125
0 0.967187 0.573438 0.028125 0.028125
0 0.131250 0.365625 0.031250 0.031250
0 0.739062 0.404687 0.028125 0.028125
0 0.900000 0.878125 0.031250 0.031250
0 0.642188 0.914062 0.028125 0.028125
0 0.795312 0.598437 0.028125 0.028125
0 0.975000 0.603125 0.031250 0.031250
0 0.056250 0.454688 0.031250 0.028125
0 0.281250 0.521875 0.031250 0.031250
0 0.714063 0.454688 0.028125 0.028125
0 0.417187 0.737500 0.028125 0.031250
0 0.790625 0.878125 0.031250 0.031250
0 0.162500 0.365625 0.031250 0.031250
0 0.221875 0.484375 0.031250 0.031250
0 0.350000 0.934375 0.031250 0.031250
0 0.673438 0.831250 0.028125 0.031250
0 0.326562 0.751563 0.028125 0.028125
0 0.703125 0.812500 0.031250 0.031250
0 0.629687 0.404687 0.028125 0.028125
0 0.721875 0.970313 0.031250 0.028125
0 0.251563 0.534375 0.028125 0.031250
0 0.706250 0.782813 0.031250 0.028125
0 0.134375 0.485938 0.031250 0.028125
0 0.906250 0.604688 0.031250 0.028125
0 0.796875 0.534375 0.031250 0.031250
0 0.684375 0.437500 0.031250 0.031250
0 0.935937 0.620313 0.028125 0.028125
0 0.292187 0.931250 0.028125 0.031250
0 0.878125 0.714063 0.031250 0.028125
0 0.832812 0.465625 0.028125 0.031250
0 0.682813 0.404687 0.028125 0.028125
0 0.879687 0.587500 0.028125 0.031250
0 0.656250 0.421875 0.031250 0.031250
0 0.265625 0.878125 0.031250 0.031250
0 0.873437 0.401562 0.028125 0.028125
0 0.585938 0.910937 0.028125 0.028125
0 0.370312 0.382812 0.028125 0.028125
0 0.759375 0.893750 0.031250 0.031250
0 0.070312 0.598437 0.028125 0.028125
0 0.865625 0.965625 0.031250 0.031250
0 0.392188 0.592187 0.028125 0.028125
0 0.262500 0.368750 0.031250 0.031250
0 0.210938 0.839063 0.028125 0.028125
0 0.506250 0.693750 0.031250 0.031250
0 0.709375 0.615625 0.031250 0.031250
0 0.185938 0.790625 0.028125 0.031250
0 0.709375 0.387500 0.031250 0.031250
0 0.656250 0.550000 0.031250 0.031250
0 0.825000 0.495312 0.031250 0.028125
0 0.206250 0.978125 0.031250 0.031250
0 0.765625 0.584375 0.031250 0.031250
0 0.615625 0.828125 0.031250 0.031250
0 0.339062 0.429688 0.028125 0.028125
0 0.250000 0.470313 0.031250 0.028125
0 0.710938 0.520312 0.028125 0.028125
0 0.784375 0.909375 0.031250 0.031250
0 0.393750 0.560937 0.031250 0.028125
0 0.837500 0.873437 0.031250 0.028125
0 0.739062 0.468750 0.028125 0.031250
0 0.740625 0.437500 0.031250 0.031250
0 0.339062 0.493750 0.028125 0.031250
0 0.906250 0.571875 0.031250 0.031250
0 0.407813 0.970313 0.028125 0.028125
0 0.357812 0.639062 0.028125 0.028125
0 0.679688 0.698438 0.028125 0.028125
0 0.196875 0.365625 0.031250 0.031250
0 0.962500 0.634375 0.031250 0.031250
0 0.309375 0.473438 0.031250 0.028125
0 0.707812 0.650000 0.028125 0.031250
0 0.185938 0.757812 0.028125 0.028125
0 0.584375 0.943750 0.031250 0.031250
0 0.879687 0.617188 0.028125 0.028125
0 0.510938 0.470313 0.028125 0.028125
0 0.267188 0.945312 0.028125 0.028125
0 0.340625 0.367188 0.031250 0.034375
0 0.387500 0.656250 0.031250 0.031250
0 0.778125 0.975000 0.031250 0.031250
0 0.325000 0.782813 0.031250 0.028125
0 0.610938 0.962500 0.028125 0.031250
0 0.393750 0.528125 0.031250 0.031250
0 0.909375 0.539062 0.031250 0.028125
0 0.762500 0.385937 0.031250 0.028125
0 0.803125 0.403125 0.031250 0.031250
0 0.968750 0.767188 0.031250 0.028125
0 0.335938 0.525000 0.028125 0.031250
0 0.937500 0.406250 0.031250 0.031250
0 0.395313 0.432812 0.028125 0.028125
0 0.756250 0.834375 0.031250 0.031250
0 0.545312 0.392188 0.028125 0.028125
0 0.264062 0.978125 0.028125 0.025000
0 0.396875 0.401562 0.031250 0.028125
0 0.839063 0.946875 0.028125 0.031250
0 0.915625 0.965625 0.031250 0.031250
0 0.826562 0.554688 0.028125 0.028125
0 0.810937 0.929688 0.028125 0.028125
0 0.367188 0.512500 0.028125 0.031250
0 0.364063 0.446875 0.028125 0.031250
0 0.565625 0.470313 0.031250 0.028125
0 0.229687 0.368750 0.034375 0.031250
0 0.884375 0.490625 0.031250 0.031250
0 0.854688 0.504687 0.028125 0.028125
0 0.210938 0.393750 0.028125 0.031250
0 0.581250 0.978125 0.031250 0.031250
0 0.418750 0.609375 0.031250 0.031250
0 0.428125 0.418750 0.031250 0.031250
0 0.445312 0.721875 0.028125 0.031250
0 0.481250 0.396875 0.031250 0.031250
0 0.475000 0.709375 0.031250 0.031250
0 0.684375 0.371875 0.031250 0.031250
0 0.809375 0.962500 0.031250 0.031250
0 0.823438 0.585938 0.028125 0.028125
0 0.635938 0.978125 0.028125 0.025000
0 0.540625 0.454688 0.025000 0.028125
0 0.712500 0.550000 0.031250 0.031250
0 0.901563 0.765625 0.028125 0.031250
0 0.979688 0.793750 0.028125 0.031250
0 0.889062 0.373437 0.028125 0.028125
0 0.412500 0.937500 0.031250 0.031250
0 0.464062 0.975000 0.034375 0.031250
0 0.454688 0.435937 0.028125 0.028125
0 0.851562 0.632812 0.028125 0.028125
0 0.482812 0.485938 0.028125 0.028125
0 0.598437 0.398438 0.028125 0.028125
0 0.682813 0.470313 0.028125 0.028125
0 0.414062 0.768750 0.028125 0.031250
0 0.679688 0.664062 0.028125 0.028125
0 0.657813 0.487500 0.028125 0.031250
0 0.082812 0.685937 0.028125 0.028125
0 0.532813 0.712500 0.028125 0.025000
0 0.567187 0.370312 0.034375 0.034375
0 0.539062 0.485938 0.028125 0.028125
0 0.823438 0.526563 0.028125 0.028125
0 0.850000 0.571875 0.031250 0.031250
0 0.979688 0.907813 0.028125 0.028125
0 0.443750 0.756250 0.031250 0.031250
0 0.557813 0.734375 0.028125 0.031250
0 0.453125 0.500000 0.031250 0.031250
0 0.293750 0.831250 0.031250 0.031250
0 0.520312 0.370312 0.034375 0.034375
0 0.631250 0.370312 0.031250 0.034375
0 0.979688 0.546875 0.028125 0.031250
0 0.589063 0.845313 0.028125 0.028125
0 0.596875 0.456250 0.025000 0.025000
0 0.618750 0.764062 0.025000 0.028125
0 0.321875 0.978125 0.025000 0.025000
0 0.854688 0.371875 0.028125 0.031250
0 0.792188 0.370312 0.034375 0.034375
0 0.381250 0.918750 0.031250 0.031250
0 0.978125 0.962500 0.031250 0.031250
0 0.615625 0.796875 0.031250 0.031250
0 0.509375 0.662500 0.031250 0.031250
0 0.451562 0.404687 0.028125 0.028125
