0 0.281250 0.881250 0.031250 0.031250
0 0.346875 0.890625 0.031250 0.031250
0 0.084375 0.765625 0.031250 0.031250
0 0.685937 0.904687 0.028125 0.028125
0 0.065625 0.906250 0.031250 0.031250
0 0.429688 0.885938 0.028125 0.028125
0 0.714063 0.889062 0.028125 0.028125
0 0.626563 0.870313 0.028125 0.028125
0 0.768750 0.925000 0.031250 0.031250
0 0.100000 0.907813 0.031250 0.028125
0 0.481250 0.690625 0.031250 0.031250
0 0.245312 0.520312 0.028125 0.028125
0 0.082812 0.823438 0.028125 0.028125
0 0.245312 0.882812 0.028125 0.028125
0 0.485938 0.889062 0.028125 0.028125
0 0.354687 0.775000 0.028125 0.031250
0 0.293750 0.909375 0.031250 0.031250
0 0.737500 0.806250 0.031250 0.031250
0 0.709375 0.856250 0.031250 0.031250
0 0.654687 0.889062 0.028125 0.028125
0 0.601562 0.918750 0.028125 0.031250
0 0.565625 0.643750 0.031250 0.031250
0 0.210938 0.629687 0.028125 0.028125
0 0.385937 0.835938 0.028125 0.028125
0 0.573438 0.935937 0.028125 0.028125
0 0.457813 0.904687 0.028125 0.028125
0 0.742188 0.875000 0.028125 0.031250
0 0.489063 0.953125 0.028125 0.031250
0 0.592187 0.790625 0.028125 0.031250
0 0.517188 0.935937 0.028125 0.028125
0 0.551562 0.587500 0.028125 0.031250
0 0.195312 0.548438 0.028125 0.028125
0 0.198437 0.851562 0.028125 0.028125
0 0.379688 0.890625 0.028125 0.031250
0 0.425000 0.823438 0.031250 0.028125
0 0.368750 0.804688 0.031250 0.028125
0 0.509375 0.675000 0.031250 0.031250
0 0.376563 0.920312 0.028125 0.028125
0 0.132812 0.795312 0.028125 0.028125
0 0.598437 0.854688 0.028125 0.028125
0 0.507812 0.742188 0.028125 0.028125
0 0.264062 0.909375 0.028125 0.031250
0 0.450000 0.729688 0.031250 0.028125
0 0.210938 0.576562 0.028125 0.028125
0 0.082812 0.878125 0.028125 0.031250
0 0.328125 0.917188 0.031250 0.028125
0 0.623437 0.806250 0.028125 0.031250
0 0.101562 0.489063 0.028125 0.028125
0 0.457813 0.873437 0.028125 0.028125
0 0.473438 0.757812 0.028125 0.028125
0 0.301563 0.856250 0.028125 0.031250
0 0.126562 0.603125 0.028125 0.031250
0 0.503125 0.520312 0.031250 0.028125
0 0.265625 0.853125 0.031250 0.031250
0 0.515625 0.903125 0.031250 0.031250
0 0.182812 0.879687 0.028125 0.028125
0 0.510938 0.839063 0.028125 0.028125
0 0.098437 0.851562 0.028125 0.028125
0 0.375000 0.692187 0.031250 0.028125
0 0.114062 0.823438 0.028125 0.028125
0 0.287500 0.829688 0.031250 0.028125
0 0.167187 0.492188 0.028125 0.028125
0 0.132812 0.489063 0.028125 0.028125
0 0.271875 0.800000 0.031250 0.031250
0 0.542188 0.920312 0.028125 0.028125
0 0.489063 0.921875 0.028125 0.031250
0 0.681250 0.839063 0.031250 0.028125
0 0.259375 0.717187 0.025000 0.028125
0 0.628125 0.904687 0.031250 0.028125
0 0.257812 0.771875 0.028125 0.031250
0 0.535937 0.692187 0.028125 0.028125
0 0.198437 0.493750 0.028125 0.031250
0 0.535937 0.726562 0.028125 0.028125
0 0.295312 0.664062 0.028125 0.028125
0 0.143750 0.629687 0.031250 0.028125
0 0.304688 0.801562 0.028125 0.028125
0 0.320312 0.773438 0.028125 0.028125
0 0.335938 0.859375 0.028125 0.031250
0 0.571875 0.904687 0.031250 0.028125
0 0.523438 0.573438 0.028125 0.028125
0 0.448437 0.698438 0.028125 0.028125
0 0.335938 0.804688 0.028125 0.028125
0 0.739062 0.907813 0.028125 0.028125
0 0.112500 0.703125 0.031250 0.031250
0 0.085938 0.685937 0.028125 0.028125
0 0.056250 0.667188 0.031250 0.028125
0 0.418750 0.718750 0.031250 0.031250
0 0.281250 0.407813 0.031250 0.028125
0 0.307812 0.692187 0.028125 0.028125
0 0.098437 0.795312 0.028125 0.028125
0 0.229687 0.907813 0.028125 0.028125
0 0.598437 0.885938 0.028125 0.028125
0 0.431250 0.854688 0.031250 0.028125
0 0.176563 0.629687 0.028125 0.028125
0 0.434375 0.759375 0.031250 0.031250
0 0.192188 0.659375 0.028125 0.031250
0 0.512500 0.871875 0.031250 0.031250
0 0.654687 0.821875 0.028125 0.031250
0 0.357812 0.720313 0.028125 0.028125
0 0.210938 0.935937 0.028125 0.028125
0 0.325000 0.550000 0.031250 0.031250
0 0.429688 0.614062 0.028125 0.028125
0 0.564063 0.676562 0.028125 0.028125
0 0.473438 0.535937 0.028125 0.028125
0 0.050000 0.821875 0.031250 0.031250
0 0.509375 0.454688 0.031250 0.028125
0 0.392188 0.667188 0.028125 0.028125
0 0.228125 0.603125 0.031250 0.031250
0 0.276562 0.520312 0.028125 0.028125
0 0.371875 0.637500 0.031250 0.031250
0 0.765625 0.856250 0.031250 0.031250
0 0.460938 0.934375 0.028125 0.031250
0 0.545312 0.953125 0.028125 0.031250
0 0.250000 0.825000 0.031250 0.031250
0 0.210938 0.520312 0.028125 0.028125
0 0.628125 0.965625 0.031250 0.031250
0 0.432812 0.648438 0.028125 0.028125
0 0.229687 0.492188 0.028125 0.028125
0 0.623437 0.837500 0.028125 0.031250
0 0.489063 0.585938 0.028125 0.028125
0 0.340625 0.579688 0.031250 0.028125
0 0.229687 0.657813 0.028125 0.028125
0 0.056250 0.734375 0.031250 0.031250
0 0.276562 0.692187 0.028125 0.028125
0 0.231250 0.853125 0.031250 0.031250
0 0.340625 0.635938 0.031250 0.028125
0 0.596875 0.629687 0.031250 0.028125
0 0.351562 0.831250 0.028125 0.031250
0 0.293750 0.490625 0.031250 0.031250
0 0.403125 0.637500 0.031250 0.031250
0 0.370312 0.748437 0.028125 0.028125
0 0.798438 0.940625 0.028125 0.031250
0 0.737500 0.840625 0.031250 0.031250
0 0.342187 0.692187 0.028125 0.028125
0 0.567187 0.707812 0.028125 0.028125
0 0.245312 0.576562 0.028125 0.028125
0 0.103125 0.737500 0.031250 0.031250
0 0.456250 0.839063 0.031250 0.028125
0 0.276562 0.634375 0.028125 0.031250
0 0.654687 0.920312 0.028125 0.028125
0 0.601562 0.596875 0.028125 0.031250
0 0.181250 0.464062 0.031250 0.028125
0 0.654687 0.854688 0.028125 0.028125
0 0.437500 0.556250 0.031250 0.031250
0 0.517188 0.639062 0.028125 0.028125
0 0.620313 0.710938 0.028125 0.028125
0 0.407813 0.970313 0.028125 0.028125
0 0.768750 0.892188 0.031250 0.028125
0 0.040625 0.432812 0.031250 0.028125
0 0.150000 0.823438 0.031250 0.028125
0 0.260937 0.492188 0.028125 0.028125
0 0.248438 0.406250 0.028125 0.031250
0 0.089063 0.556250 0.028125 0.031250
0 0.537500 0.471875 0.031250 0.031250
0 0.345313 0.525000 0.028125 0.031250
0 0.601562 0.951562 0.028125 0.028125
0 0.132812 0.432812 0.028125 0.028125
0 0.703125 0.692187 0.031250 0.028125
0 0.320312 0.829688 0.028125 0.028125
0 0.082812 0.464062 0.028125 0.028125
0 0.509375 0.807813 0.031250 0.028125
0 0.535937 0.757812 0.028125 0.028125
0 0.409375 0.471875 0.031250 0.031250
0 0.195312 0.603125 0.028125 0.031250
0 0.293750 0.437500 0.031250 0.031250
0 0.400000 0.804688 0.031250 0.028125
0 0.309375 0.521875 0.031250 0.031250
0 0.117188 0.460938 0.028125 0.028125
0 0.585938 0.543750 0.028125 0.031250
0 0.245312 0.685937 0.028125 0.028125
0 0.164062 0.907813 0.028125 0.028125
0 0.289062 0.773438 0.028125 0.028125
0 0.542188 0.889062 0.028125 0.028125
0 0.371875 0.581250 0.031250 0.031250
0 0.132812 0.545312 0.028125 0.028125
0 0.312500 0.407813 0.031250 0.028125
0 0.706250 0.792188 0.031250 0.028125
0 0.260937 0.550000 0.028125 0.031250
0 0.567187 0.870313 0.028125 0.028125
0 0.648438 0.759375 0.028125 0.031250
0 0.276562 0.935937 0.028125 0.028125
0 0.389062 0.720313 0.028125 0.028125
0 0.310937 0.634375 0.028125 0.031250
0 0.645312 0.695312 0.028125 0.028125
0 0.065625 0.848437 0.031250 0.028125
0 0.545312 0.620313 0.028125 0.028125
0 0.356250 0.609375 0.031250 0.031250
0 0.110937 0.667188 0.028125 0.028125
0 0.292187 0.720313 0.028125 0.028125
0 0.337500 0.748437 0.025000 0.028125
0 0.651563 0.790625 0.028125 0.031250
0 0.389062 0.610938 0.028125 0.028125
0 0.067187 0.793750 0.028125 0.031250
0 0.081250 0.651563 0.031250 0.028125
0 0.610938 0.564063 0.028125 0.028125
0 0.421875 0.681250 0.031250 0.031250
0 0.445312 0.523438 0.028125 0.028125
0 0.629687 0.935937 0.028125 0.028125
0 0.420312 0.501563 0.028125 0.028125
0 0.328125 0.495312 0.031250 0.028125
0 0.703125 0.726562 0.031250 0.028125
0 0.404687 0.751563 0.028125 0.028125
0 0.160938 0.603125 0.028125 0.031250
0 0.679688 0.873437 0.028125 0.028125
0 0.648438 0.726562 0.028125 0.028125
0 0.212500 0.464062 0.031250 0.028125
0 0.531250 0.535937 0.031250 0.028125
0 0.173437 0.685937 0.028125 0.028125
0 0.426563 0.789062 0.028125 0.028125
0 0.260937 0.660937 0.028125 0.028125
0 0.485938 0.651563 0.028125 0.028125
0 0.535937 0.659375 0.028125 0.031250
0 0.793750 0.875000 0.031250 0.031250
0 0.450000 0.428125 0.031250 0.031250
0 0.498437 0.554688 0.028125 0.028125
0 0.671875 0.678125 0.031250 0.031250
0 0.210938 0.682813 0.028125 0.028125
0 0.070312 0.435937 0.028125 0.028125
0 0.385937 0.776563 0.028125 0.028125
0 0.582812 0.576562 0.028125 0.028125
0 0.065625 0.493750 0.031250 0.031250
0 0.412500 0.532813 0.031250 0.028125
0 0.034375 0.850000 0.031250 0.031250
0 0.310937 0.579688 0.028125 0.028125
0 0.117188 0.518750 0.028125 0.031250
0 0.592187 0.726562 0.028125 0.028125
0 0.539062 0.823438 0.028125 0.028125
0 0.457813 0.670312 0.028125 0.028125
0 0.671875 0.637500 0.031250 0.031250
0 0.273438 0.745313 0.028125 0.028125
0 0.714063 0.925000 0.028125 0.031250
0 0.032813 0.904687 0.028125 0.028125
0 0.354687 0.665625 0.028125 0.031250
0 0.676562 0.710938 0.028125 0.028125
0 0.520312 0.970313 0.028125 0.028125
0 0.148438 0.518750 0.028125 0.031250
0 0.231250 0.434375 0.031250 0.031250
0 0.315625 0.885938 0.031250 0.028125
0 0.326562 0.435937 0.028125 0.028125
0 0.179688 0.520312 0.028125 0.028125
0 0.165625 0.743750 0.031250 0.031250
0 0.434375 0.953125 0.031250 0.031250
0 0.564063 0.773438 0.028125 0.028125
0 0.398438 0.864062 0.028125 0.028125
0 0.392188 0.556250 0.028125 0.031250
0 0.450000 0.489063 0.031250 0.028125
0 0.145313 0.935937 0.028125 0.028125
0 0.479687 0.440625 0.028125 0.031250
0 0.306250 0.748437 0.025000 0.028125
0 0.562500 0.490625 0.031250 0.031250
0 0.292187 0.604688 0.028125 0.028125
0 0.796875 0.906250 0.031250 0.031250
0 0.085938 0.587500 0.028125 0.031250
0 0.148438 0.462500 0.028125 0.031250
0 0.404687 0.939063 0.028125 0.028125
0 0.425000 0.446875 0.031250 0.031250
0 0.564063 0.742188 0.028125 0.028125
0 0.517188 0.604688 0.028125 0.028125
0 0.201563 0.435937 0.028125 0.028125
0 0.768750 0.956250 0.031250 0.031250
0 0.407813 0.909375 0.028125 0.031250
0 0.412500 0.417187 0.031250 0.028125
0 0.556250 0.554688 0.031250 0.028125
0 0.114062 0.935937 0.028125 0.028125
0 0.056250 0.634375 0.031250 0.031250
0 0.200000 0.743750 0.031250 0.031250
0 0.453125 0.457813 0.031250 0.028125
0 0.464062 0.967187 0.028125 0.028125
0 0.112500 0.634375 0.031250 0.031250
0 0.179688 0.576562 0.028125 0.028125
0 0.696875 0.662500 0.031250 0.031250
0 0.265625 0.375000 0.031250 0.031250
0 0.507812 0.707812 0.028125 0.028125
0 0.509375 0.773438 0.031250 0.028125
0 0.765625 0.825000 0.031250 0.031250
0 0.165625 0.795312 0.031250 0.028125
0 0.167187 0.434375 0.028125 0.031250
0 0.379688 0.414062 0.028125 0.028125
0 0.214062 0.404687 0.028125 0.028125
0 0.479687 0.473438 0.028125 0.028125
0 0.392188 0.440625 0.028125 0.031250
0 0.710938 0.825000 0.028125 0.031250
0 0.245312 0.935937 0.028125 0.028125
0 0.596875 0.820312 0.025000 0.028125
0 0.264062 0.435937 0.028125 0.028125
0 0.325000 0.665625 0.031250 0.031250
0 0.798438 0.975000 0.034375 0.031250
0 0.535937 0.790625 0.028125 0.031250
0 0.196875 0.907813 0.025000 0.028125
0 0.360938 0.442188 0.028125 0.028125
0 0.482812 0.723437 0.028125 0.028125
0 0.359375 0.556250 0.031250 0.031250
0 0.592187 0.692187 0.028125 0.028125
0 0.476562 0.504687 0.028125 0.028125
0 0.131250 0.962500 0.031250 0.031250
0 0.160938 0.657813 0.028125 0.028125
0 0.590625 0.662500 0.031250 0.031250
0 0.056250 0.604688 0.031250 0.028125
0 0.406250 0.582812 0.031250 0.028125
0 0.245312 0.631250 0.028125 0.031250
0 0.489063 0.617188 0.028125 0.028125
0 0.081250 0.937500 0.031250 0.031250
0 0.179688 0.935937 0.028125 0.028125
0 0.618750 0.676562 0.031250 0.028125
0 0.485938 0.854688 0.028125 0.028125
0 0.367188 0.860938 0.028125 0.028125
0 0.462500 0.601562 0.025000 0.028125
0 0.239063 0.745313 0.028125 0.028125
0 0.214062 0.878125 0.028125 0.031250
0 0.162500 0.962500 0.031250 0.031250
0 0.323437 0.720313 0.028125 0.028125
0 0.018750 0.878125 0.031250 0.031250
0 0.292187 0.550000 0.028125 0.031250
0 0.260937 0.604688 0.028125 0.028125
0 0.114062 0.573438 0.028125 0.028125
0 0.534375 0.504687 0.031250 0.028125
0 0.634375 0.585938 0.031250 0.028125
0 0.681250 0.806250 0.031250 0.031250
0 0.684375 0.934375 0.031250 0.031250
0 0.589063 0.759375 0.028125 0.025000
0 0.226562 0.964063 0.028125 0.028125
0 0.589063 0.509375 0.028125 0.031250
0 0.507812 0.489063 0.028125 0.028125
0 0.559375 0.523438 0.031250 0.028125
0 0.103125 0.432812 0.031250 0.028125
0 0.132812 0.907813 0.028125 0.028125
0 0.259375 0.964063 0.025000 0.028125
0 0.389062 0.498437 0.028125 0.028125
0 0.195312 0.962500 0.028125 0.031250
0 0.626563 0.618750 0.028125 0.031250
0 0.085938 0.520312 0.028125 0.028125
0 0.082812 0.620313 0.028125 0.028125
0 0.343750 0.468750 0.031250 0.031250
0 0.228125 0.548438 0.025000 0.028125
0 0.326562 0.607812 0.028125 0.028125
0 0.132812 0.742188 0.028125 0.028125
0 0.048438 0.937500 0.028125 0.031250
0 0.439063 0.585938 0.028125 0.028125
0 0.376563 0.526563 0.028125 0.028125
0 0.573438 0.967187 0.028125 0.028125
0 0.026562 0.651563 0.028125 0.028125
0 0.117188 0.767188 0.028125 0.028125
0 0.054688 0.403125 0.028125 0.031250
0 0.312500 0.464062 0.031250 0.028125
0 0.540625 0.854688 0.025000 0.028125
0 0.323437 0.959375 0.034375 0.031250
0 0.228125 0.717187 0.025000 0.028125
0 0.054688 0.701562 0.028125 0.028125
0 0.165625 0.548438 0.025000 0.028125
0 0.021875 0.403125 0.031250 0.031250
0 0.457813 0.804688 0.028125 0.028125
0 0.028125 0.587500 0.031250 0.031250
0 0.379688 0.954688 0.028125 0.028125
0 0.145313 0.576562 0.028125 0.028125
0 0.618750 0.742188 0.025000 0.028125
0 0.029687 0.618750 0.028125 0.031250
0 0.707812 0.757812 0.028125 0.028125
0 0.276562 0.464062 0.028125 0.028125
0 0.373437 0.470313 0.028125 0.028125
0 0.618750 0.773438 0.031250 0.028125
0 0.298438 0.376563 0.028125 0.028125
0 0.051562 0.462500 0.028125 0.031250
0 0.567187 0.839063 0.028125 0.028125
0 0.051562 0.879687 0.028125 0.028125
0 0.345313 0.409375 0.028125 0.031250
0 0.662500 0.571875 0.031250 0.031250
0 0.057813 0.571875 0.028125 0.031250
0 0.734375 0.771875 0.031250 0.031250
0 0.148438 0.770312 0.028125 0.028125
0 0.276562 0.576562 0.028125 0.028125
0 0.292187 0.964063 0.028125 0.028125
0 0.656250 0.609375 0.031250 0.031250
0 0.115625 0.881250 0.031250 0.031250
0 0.246875 0.462500 0.031250 0.031250
0 0.026562 0.682813 0.028125 0.028125
0 0.460938 0.634375 0.028125 0.031250
0 0.198437 0.710938 0.028125 0.028125
0 0.151562 0.406250 0.028125 0.031250
0 0.142187 0.709375 0.028125 0.031250
0 0.181250 0.823438 0.031250 0.028125
0 0.654687 0.950000 0.028125 0.031250
0 0.231250 0.375000 0.031250 0.031250
0 0.646875 0.662500 0.031250 0.031250
0 0.034375 0.489063 0.031250 0.028125
0 0.018750 0.821875 0.031250 0.031250
0 0.731250 0.742188 0.031250 0.028125
0 0.464062 0.567187 0.028125 0.028125
0 0.828125 0.959375 0.031250 0.031250
0 0.357812 0.498437 0.028125 0.028125
0 0.348438 0.940625 0.028125 0.031250
0 0.828125 0.929688 0.031250 0.034375
0 0.200000 0.375000 0.031250 0.031250
0 0.082812 0.717187 0.028125 0.028125
0 0.037500 0.375000 0.031250 0.031250
0 0.057813 0.537500 0.028125 0.031250
0 0.026562 0.748437 0.028125 0.028125
0 0.679688 0.773438 0.028125 0.028125
0 0.182812 0.406250 0.028125 0.031250
0 0.703125 0.621875 0.031250 0.031250
0 0.731250 0.678125 0.031250 0.031250
0 0.087500 0.406250 0.031250 0.031250
0 0.728125 0.710938 0.031250 0.028125
0 0.562500 0.448437 0.031250 0.034375
0 0.506250 0.421875 0.031250 0.031250
0 0.185938 0.770312 0.028125 0.028125
0 0.725000 0.646875 0.031250 0.031250
0 0.534375 0.434375 0.031250 0.031250
0 0.217188 0.826562 0.028125 0.028125
0 0.573438 0.610938 0.028125 0.028125
0 0.018750 0.932813 0.031250 0.028125
0 0.117188 0.404687 0.028125 0.028125
0 0.050000 0.767188 0.031250 0.028125
0 0.675000 0.743750 0.025000 0.025000
0 0.737500 0.965625 0.031250 0.031250
0 0.479687 0.789062 0.028125 0.028125
0 0.706250 0.959375 0.031250 0.031250
0 0.032813 0.790625 0.028125 0.031250
0 0.615625 0.531250 0.031250 0.031250
0 0.139063 0.679688 0.028125 0.028125
0 0.640625 0.550000 0.031250 0.031250
0 0.351562 0.973437 0.028125 0.028125
0 0.671875 0.537500 0.031250 0.031250
