0 0.468750 0.843750 0.031250 0.031250
0 0.756250 0.828125 0.031250 0.031250
0 0.921875 0.653125 0.031250 0.031250
0 0.937500 0.928125 0.031250 0.031250
0 0.557813 0.882812 0.028125 0.028125
0 0.843750 0.075000 0.031250 0.031250
0 0.771875 0.859375 0.031250 0.031250
0 0.871875 0.512500 0.031250 0.031250
0 0.690625 0.825000 0.031250 0.031250
0 0.879687 0.604688 0.028125 0.028125
0 0.903125 0.929688 0.031250 0.028125
0 0.640625 0.854688 0.031250 0.028125
0 0.698438 0.160938 0.028125 0.028125
0 0.625000 0.828125 0.031250 0.031250
0 0.925000 0.275000 0.031250 0.031250
0 0.781250 0.537500 0.031250 0.031250
0 0.289062 0.904687 0.028125 0.028125
0 0.673438 0.856250 0.028125 0.031250
0 0.803125 0.621875 0.031250 0.031250
0 0.320312 0.890625 0.028125 0.031250
0 0.937500 0.870313 0.031250 0.028125
0 0.292187 0.742188 0.028125 0.028125
0 0.809375 0.075000 0.031250 0.031250
0 0.770312 0.921875 0.028125 0.031250
0 0.889062 0.659375 0.028125 0.031250
0 0.853125 0.896875 0.031250 0.031250
0 0.290625 0.873437 0.031250 0.028125
0 0.590625 0.882812 0.031250 0.028125
0 0.631250 0.620313 0.031250 0.028125
0 0.675000 0.796875 0.031250 0.031250
0 0.525000 0.881250 0.031250 0.031250
0 0.540625 0.909375 0.031250 0.031250
0 0.860938 0.106250 0.028125 0.031250
0 0.843750 0.698438 0.031250 0.034375
0 0.506250 0.793750 0.031250 0.031250
0 0.921875 0.900000 0.031250 0.031250
0 0.828125 0.503125 0.031250 0.031250
0 0.828125 0.104688 0.031250 0.028125
0 0.293750 0.153125 0.031250 0.031250
0 0.714063 0.651563 0.028125 0.028125
0 0.728125 0.048438 0.031250 0.028125
0 0.617188 0.134375 0.028125 0.031250
0 0.862500 0.160938 0.031250 0.028125
0 0.829688 0.735938 0.034375 0.034375
0 0.953125 0.843750 0.031250 0.031250
0 0.812500 0.132812 0.031250 0.028125
0 0.870313 0.925000 0.028125 0.031250
0 0.903125 0.870313 0.031250 0.028125
0 0.850000 0.481250 0.031250 0.031250
0 0.493750 0.501563 0.031250 0.028125
0 0.895312 0.160938 0.028125 0.028125
0 0.901563 0.628125 0.028125 0.031250
0 0.812500 0.706250 0.031250 0.031250
0 0.318750 0.856250 0.031250 0.031250
0 0.739062 0.856250 0.028125 0.031250
0 0.887500 0.900000 0.031250 0.031250
0 0.737500 0.915625 0.031250 0.031250
0 0.876563 0.134375 0.028125 0.031250
0 0.871875 0.868750 0.031250 0.031250
0 0.293750 0.609375 0.031250 0.031250
0 0.932813 0.709375 0.028125 0.031250
0 0.821875 0.768750 0.031250 0.031250
0 0.434375 0.825000 0.031250 0.031250
0 0.878125 0.189062 0.031250 0.028125
0 0.734375 0.165625 0.031250 0.031250
0 0.734375 0.975000 0.031250 0.031250
0 0.771875 0.800000 0.031250 0.031250
0 0.765625 0.621875 0.031250 0.031250
0 0.506250 0.853125 0.031250 0.031250
0 0.832812 0.450000 0.028125 0.031250
0 0.526563 0.823438 0.028125 0.028125
0 0.729688 0.504687 0.028125 0.028125
0 0.970313 0.871875 0.034375 0.031250
0 0.325000 0.562500 0.031250 0.031250
0 0.796875 0.737500 0.031250 0.031250
0 0.909375 0.506250 0.031250 0.031250
0 0.631250 0.446875 0.031250 0.031250
0 0.490625 0.937500 0.031250 0.031250
0 0.687500 0.943750 0.031250 0.031250
0 0.812500 0.532813 0.031250 0.028125
0 0.740625 0.798438 0.031250 0.028125
0 0.784375 0.593750 0.031250 0.031250
0 0.381250 0.725000 0.031250 0.031250
0 0.350000 0.809375 0.031250 0.031250
0 0.900000 0.537500 0.031250 0.031250
0 0.620313 0.940625 0.028125 0.031250
0 0.746875 0.593750 0.031250 0.031250
0 0.764062 0.048438 0.028125 0.028125
0 0.371875 0.162500 0.031250 0.031250
0 0.818750 0.896875 0.031250 0.031250
0 0.646875 0.706250 0.031250 0.031250
0 0.957812 0.103125 0.028125 0.031250
0 0.681250 0.134375 0.031250 0.031250
0 0.573438 0.910937 0.028125 0.028125
0 0.421875 0.446875 0.031250 0.031250
0 0.957812 0.275000 0.028125 0.031250
0 0.750000 0.651563 0.031250 0.028125
0 0.353125 0.610938 0.031250 0.028125
0 0.829688 0.220312 0.028125 0.028125
0 0.934375 0.621875 0.031250 0.031250
0 0.578125 0.531250 0.031250 0.031250
0 0.406250 0.906250 0.031250 0.031250
0 0.912500 0.593750 0.031250 0.031250
0 0.542188 0.795312 0.028125 0.028125
0 0.653125 0.884375 0.031250 0.031250
0 0.548438 0.706250 0.028125 0.031250
0 0.289062 0.939063 0.028125 0.028125
0 0.885938 0.956250 0.028125 0.031250
0 0.379688 0.792188 0.028125 0.028125
0 0.507812 0.909375 0.028125 0.031250
0 0.729688 0.679688 0.028125 0.028125
0 0.323437 0.595313 0.028125 0.028125
0 0.953125 0.903125 0.031250 0.031250
0 0.490625 0.881250 0.031250 0.031250
0 0.653125 0.942187 0.031250 0.028125
0 0.829688 0.276562 0.028125 0.028125
0 0.806250 0.865625 0.031250 0.031250
0 0.671875 0.912500 0.031250 0.031250
0 0.662500 0.562500 0.031250 0.031250
0 0.390625 0.078125 0.031250 0.031250
0 0.564063 0.734375 0.028125 0.031250
0 0.662500 0.506250 0.031250 0.031250
0 0.443750 0.471875 0.031250 0.031250
0 0.918750 0.740625 0.031250 0.031250
0 0.453125 0.134375 0.031250 0.031250
0 0.857812 0.045312 0.028125 0.028125
0 0.410938 0.610938 0.028125 0.028125
0 0.550000 0.248438 0.031250 0.028125
0 0.806250 0.800000 0.031250 0.031250
0 0.371875 0.104688 0.031250 0.028125
0 0.329688 0.167187 0.028125 0.028125
0 0.351562 0.776563 0.028125 0.028125
0 0.384375 0.431250 0.031250 0.031250
0 0.812500 0.246875 0.031250 0.031250
0 0.875000 0.075000 0.031250 0.031250
0 0.612500 0.589063 0.031250 0.028125
0 0.325000 0.334375 0.031250 0.031250
0 0.815625 0.418750 0.031250 0.031250
0 0.650000 0.078125 0.031250 0.031250
0 0.762500 0.507812 0.031250 0.028125
0 0.631250 0.162500 0.031250 0.031250
0 0.292187 0.578125 0.028125 0.031250
0 0.765625 0.445312 0.031250 0.028125
0 0.537500 0.968750 0.031250 0.031250
0 0.968750 0.931250 0.031250 0.031250
0 0.385937 0.190625 0.028125 0.031250
0 0.942187 0.248438 0.028125 0.028125
0 0.878125 0.306250 0.031250 0.031250
0 0.831250 0.392188 0.031250 0.028125
0 0.609375 0.796875 0.031250 0.031250
0 0.798438 0.220312 0.028125 0.028125
0 0.578125 0.590625 0.031250 0.031250
0 0.475000 0.646875 0.031250 0.031250
0 0.323437 0.267188 0.028125 0.028125
0 0.796875 0.506250 0.031250 0.031250
0 0.662500 0.734375 0.031250 0.031250
0 0.581250 0.704688 0.031250 0.028125
0 0.765625 0.220312 0.031250 0.028125
0 0.709375 0.798438 0.031250 0.028125
0 0.629687 0.562500 0.028125 0.031250
0 0.910937 0.682813 0.028125 0.028125
0 0.417187 0.301563 0.028125 0.028125
0 0.781250 0.190625 0.031250 0.031250
0 0.382812 0.931250 0.034375 0.031250
0 0.781250 0.250000 0.031250 0.031250
0 0.756250 0.885938 0.031250 0.028125
0 0.767188 0.565625 0.028125 0.031250
0 0.798438 0.564063 0.028125 0.028125
0 0.731250 0.448437 0.031250 0.028125
0 0.650000 0.190625 0.031250 0.031250
0 0.796875 0.387500 0.031250 0.031250
0 0.900000 0.450000 0.031250 0.031250
0 0.521875 0.939063 0.031250 0.028125
0 0.698438 0.104688 0.028125 0.028125
0 0.470313 0.160938 0.028125 0.028125
0 0.817187 0.953125 0.028125 0.031250
0 0.878125 0.246875 0.031250 0.031250
0 0.450000 0.303125 0.031250 0.031250
0 0.696875 0.678125 0.031250 0.031250
0 0.925000 0.218750 0.031250 0.031250
0 0.621875 0.882812 0.031250 0.028125
0 0.812500 0.476562 0.031250 0.028125
0 0.714063 0.134375 0.028125 0.031250
0 0.632812 0.106250 0.028125 0.031250
0 0.664062 0.446875 0.028125 0.031250
0 0.392188 0.334375 0.028125 0.031250
0 0.690625 0.885938 0.031250 0.028125
0 0.714063 0.534375 0.028125 0.031250
0 0.946875 0.590625 0.031250 0.031250
0 0.696875 0.334375 0.031250 0.031250
0 0.543750 0.587500 0.031250 0.031250
0 0.779687 0.078125 0.028125 0.031250
0 0.959375 0.646875 0.031250 0.031250
0 0.796875 0.162500 0.031250 0.031250
0 0.681250 0.706250 0.031250 0.031250
0 0.648438 0.134375 0.028125 0.031250
0 0.909375 0.245312 0.031250 0.028125
0 0.615625 0.706250 0.031250 0.031250
0 0.612500 0.476562 0.031250 0.028125
0 0.745313 0.075000 0.028125 0.031250
0 0.910937 0.189062 0.028125 0.028125
0 0.959375 0.159375 0.031250 0.031250
0 0.293750 0.512500 0.031250 0.031250
0 0.942187 0.132812 0.028125 0.028125
0 0.293750 0.187500 0.031250 0.031250
0 0.942187 0.189062 0.028125 0.028125
0 0.468750 0.778125 0.031250 0.031250
0 0.787500 0.893750 0.031250 0.031250
0 0.790625 0.828125 0.031250 0.031250
0 0.745313 0.478125 0.028125 0.031250
0 0.892188 0.046875 0.028125 0.031250
0 0.912500 0.418750 0.031250 0.031250
0 0.732812 0.107813 0.028125 0.028125
0 0.473438 0.907813 0.028125 0.028125
0 0.645312 0.476562 0.028125 0.028125
0 0.518750 0.134375 0.031250 0.031250
0 0.678125 0.418750 0.031250 0.031250
0 0.798438 0.448437 0.028125 0.028125
0 0.376563 0.887500 0.028125 0.031250
0 0.714063 0.593750 0.028125 0.031250
0 0.825000 0.668750 0.031250 0.031250
0 0.635938 0.914062 0.028125 0.028125
0 0.510938 0.531250 0.028125 0.031250
0 0.512500 0.590625 0.031250 0.031250
0 0.631250 0.048438 0.031250 0.028125
0 0.321875 0.726562 0.031250 0.028125
0 0.828125 0.046875 0.031250 0.031250
0 0.975000 0.189062 0.031250 0.028125
0 0.642188 0.798438 0.028125 0.028125
0 0.921875 0.564063 0.031250 0.028125
0 0.350000 0.906250 0.031250 0.031250
0 0.721875 0.884375 0.031250 0.031250
0 0.565625 0.276562 0.031250 0.028125
0 0.406250 0.106250 0.031250 0.031250
0 0.559375 0.767188 0.031250 0.028125
0 0.350000 0.843750 0.031250 0.031250
0 0.814063 0.190625 0.028125 0.031250
0 0.714063 0.706250 0.028125 0.031250
0 0.604688 0.909375 0.028125 0.031250
0 0.443750 0.562500 0.031250 0.031250
0 0.946875 0.678125 0.031250 0.031250
0 0.781250 0.418750 0.031250 0.031250
0 0.859375 0.579688 0.031250 0.034375
0 0.953125 0.559375 0.031250 0.031250
0 0.534375 0.104688 0.031250 0.028125
0 0.696875 0.450000 0.031250 0.031250
0 0.751563 0.193750 0.028125 0.031250
0 0.846875 0.362500 0.031250 0.031250
0 0.259375 0.856250 0.031250 0.031250
0 0.320312 0.925000 0.028125 0.031250
0 0.831250 0.559375 0.031250 0.031250
0 0.292187 0.775000 0.028125 0.031250
0 0.378125 0.823438 0.031250 0.028125
0 0.606250 0.854688 0.031250 0.028125
0 0.614062 0.304688 0.028125 0.028125
0 0.646875 0.531250 0.031250 0.031250
0 0.421875 0.190625 0.031250 0.031250
0 0.407813 0.810937 0.028125 0.028125
0 0.700000 0.975000 0.031250 0.031250
0 0.796875 0.276562 0.031250 0.028125
0 0.575000 0.853125 0.031250 0.031250
0 0.323437 0.234375 0.028125 0.031250
0 0.850000 0.954688 0.031250 0.028125
0 0.325000 0.659375 0.031250 0.031250
0 0.762500 0.390625 0.031250 0.031250
0 0.625000 0.767188 0.031250 0.034375
0 0.321875 0.200000 0.031250 0.031250
0 0.615625 0.078125 0.031250 0.031250
0 0.365625 0.218750 0.031250 0.031250
0 0.526563 0.735938 0.028125 0.028125
0 0.645312 0.417187 0.028125 0.028125
0 0.818750 0.590625 0.031250 0.031250
0 0.881250 0.362500 0.031250 0.031250
0 0.729688 0.332813 0.028125 0.028125
0 0.501563 0.218750 0.028125 0.031250
0 0.814063 0.360938 0.028125 0.028125
0 0.665625 0.678125 0.031250 0.031250
0 0.379688 0.759375 0.028125 0.031250
0 0.631250 0.334375 0.031250 0.031250
0 0.510938 0.473438 0.028125 0.028125
0 0.557813 0.823438 0.028125 0.028125
0 0.581250 0.362500 0.031250 0.031250
0 0.595313 0.503125 0.028125 0.031250
0 0.746875 0.134375 0.031250 0.031250
0 0.860938 0.276562 0.028125 0.028125
0 0.439063 0.106250 0.028125 0.031250
0 0.440625 0.631250 0.031250 0.031250
0 0.576562 0.796875 0.028125 0.031250
0 0.681250 0.360938 0.031250 0.028125
0 0.631250 0.678125 0.031250 0.031250
0 0.328125 0.464062 0.031250 0.028125
0 0.465625 0.745313 0.031250 0.028125
0 0.793750 0.678125 0.031250 0.031250
0 0.729688 0.564063 0.028125 0.028125
0 0.562500 0.503125 0.031250 0.031250
0 0.753125 0.948438 0.031250 0.028125
0 0.440625 0.595313 0.031250 0.028125
0 0.439063 0.903125 0.028125 0.031250
0 0.890625 0.573438 0.031250 0.028125
0 0.403125 0.218750 0.031250 0.031250
0 0.612500 0.532813 0.031250 0.028125
0 0.731250 0.621875 0.031250 0.031250
0 0.353125 0.643750 0.031250 0.031250
0 0.681250 0.650000 0.031250 0.031250
0 0.862500 0.332813 0.031250 0.028125
0 0.464062 0.331250 0.028125 0.031250
0 0.520312 0.078125 0.028125 0.031250
0 0.582812 0.134375 0.028125 0.031250
0 0.706250 0.854688 0.031250 0.028125
0 0.354687 0.282813 0.028125 0.028125
0 0.500000 0.275000 0.031250 0.031250
0 0.921875 0.476562 0.031250 0.028125
0 0.590625 0.823438 0.031250 0.028125
0 0.829688 0.159375 0.028125 0.031250
0 0.923438 0.046875 0.028125 0.031250
0 0.468750 0.964063 0.031250 0.028125
0 0.782813 0.650000 0.028125 0.031250
0 0.500000 0.671875 0.031250 0.031250
0 0.587500 0.940625 0.031250 0.031250
0 0.298438 0.446875 0.028125 0.031250
0 0.756250 0.768750 0.031250 0.031250
0 0.601562 0.164062 0.028125 0.028125
0 0.357812 0.020313 0.028125 0.028125
0 0.696875 0.390625 0.031250 0.031250
0 0.404687 0.842187 0.028125 0.028125
0 0.681250 0.593750 0.031250 0.031250
0 0.567187 0.160938 0.028125 0.028125
0 0.867188 0.450000 0.028125 0.031250
0 0.845313 0.190625 0.028125 0.031250
0 0.353125 0.189062 0.031250 0.028125
0 0.862500 0.218750 0.031250 0.031250
0 0.714063 0.476562 0.028125 0.028125
0 0.867188 0.721875 0.028125 0.031250
0 0.778125 0.304688 0.031250 0.028125
0 0.646875 0.590625 0.031250 0.031250
0 0.485938 0.134375 0.028125 0.031250
0 0.259375 0.890625 0.031250 0.031250
0 0.562500 0.559375 0.031250 0.031250
0 0.551562 0.078125 0.028125 0.031250
0 0.546875 0.475000 0.031250 0.031250
0 0.646875 0.650000 0.031250 0.031250
0 0.532813 0.676562 0.028125 0.028125
0 0.879687 0.690625 0.028125 0.031250
0 0.762500 0.740625 0.031250 0.031250
0 0.664062 0.390625 0.028125 0.031250
0 0.942187 0.304688 0.028125 0.028125
0 0.690625 0.767188 0.031250 0.034375
0 0.976562 0.132812 0.028125 0.028125
0 0.868750 0.635938 0.031250 0.028125
0 0.893750 0.218750 0.031250 0.031250
0 0.664062 0.334375 0.028125 0.031250
0 0.950000 0.753125 0.031250 0.031250
0 0.812500 0.304688 0.031250 0.028125
0 0.325000 0.137500 0.031250 0.031250
0 0.354687 0.314063 0.028125 0.028125
0 0.596875 0.735938 0.031250 0.028125
0 0.893750 0.276562 0.031250 0.028125
0 0.789062 0.770312 0.034375 0.034375
0 0.293750 0.220312 0.031250 0.028125
0 0.929688 0.390625 0.028125 0.031250
0 0.909375 0.304688 0.031250 0.028125
0 0.845313 0.246875 0.028125 0.031250
0 0.932813 0.534375 0.028125 0.031250
0 0.348438 0.875000 0.028125 0.031250
0 0.568750 0.968750 0.031250 0.031250
0 0.617188 0.246875 0.028125 0.031250
0 0.293750 0.678125 0.031250 0.031250
0 0.582812 0.248438 0.028125 0.028125
0 0.696875 0.276562 0.031250 0.028125
0 0.821875 0.839063 0.031250 0.034375
0 0.631250 0.735938 0.031250 0.028125
0 0.893750 0.334375 0.031250 0.031250
0 0.973437 0.301563 0.028125 0.028125
0 0.762500 0.104688 0.031250 0.028125
0 0.762500 0.681250 0.031250 0.031250
0 0.454688 0.079687 0.028125 0.028125
0 0.634375 0.220312 0.031250 0.028125
0 0.384375 0.464062 0.031250 0.028125
0 0.779687 0.710938 0.028125 0.028125
0 0.746875 0.535937 0.031250 0.028125
0 0.657813 0.828125 0.028125 0.031250
0 0.493750 0.557813 0.031250 0.028125
0 0.532813 0.276562 0.028125 0.028125
0 0.696875 0.506250 0.031250 0.031250
0 0.293750 0.121875 0.031250 0.031250
0 0.784375 0.951562 0.031250 0.028125
0 0.837500 0.868750 0.031250 0.031250
0 0.432812 0.860938 0.028125 0.028125
0 0.696875 0.620313 0.031250 0.028125
0 0.440625 0.662500 0.031250 0.031250
0 0.435937 0.218750 0.028125 0.031250
0 0.412500 0.646875 0.031250 0.031250
0 0.595313 0.446875 0.028125 0.031250
0 0.909375 0.075000 0.031250 0.031250
0 0.796875 0.332813 0.031250 0.028125
0 0.868750 0.548438 0.031250 0.028125
0 0.926562 0.332813 0.028125 0.028125
0 0.503125 0.104688 0.031250 0.028125
0 0.296875 0.350000 0.031250 0.031250
0 0.779687 0.134375 0.028125 0.031250
0 0.598437 0.332813 0.028125 0.028125
0 0.262500 0.593750 0.031250 0.031250
0 0.478125 0.417187 0.031250 0.028125
0 0.662500 0.621875 0.031250 0.031250
0 0.681250 0.246875 0.031250 0.031250
0 0.292187 0.707812 0.028125 0.028125
0 0.346875 0.940625 0.031250 0.031250
0 0.290625 0.842187 0.031250 0.028125
0 0.412500 0.678125 0.031250 0.031250
0 0.729688 0.737500 0.028125 0.031250
0 0.554688 0.940625 0.028125 0.031250
0 0.406250 0.875000 0.031250 0.031250
0 0.320312 0.792188 0.028125 0.028125
0 0.725000 0.829688 0.031250 0.028125
0 0.500000 0.332813 0.031250 0.028125
0 0.467187 0.385937 0.028125 0.028125
0 0.503125 0.164062 0.031250 0.028125
0 0.354687 0.579688 0.028125 0.028125
0 0.668750 0.971875 0.031250 0.031250
0 0.485938 0.075000 0.028125 0.031250
0 0.887500 0.481250 0.031250 0.031250
0 0.665625 0.276562 0.031250 0.028125
0 0.681250 0.306250 0.031250 0.031250
0 0.970313 0.617188 0.034375 0.034375
0 0.714063 0.362500 0.028125 0.031250
0 0.323437 0.496875 0.028125 0.031250
0 0.471875 0.050000 0.031250 0.031250
0 0.598437 0.220312 0.028125 0.028125
0 0.565625 0.332813 0.031250 0.028125
0 0.518750 0.646875 0.031250 0.031250
0 0.926562 0.159375 0.028125 0.031250
0 0.854688 0.839063 0.028125 0.028125
0 0.384375 0.593750 0.031250 0.031250
0 0.712500 0.190625 0.031250 0.031250
0 0.418750 0.245312 0.031250 0.028125
0 0.545312 0.532813 0.028125 0.028125
0 0.468750 0.615625 0.031250 0.031250
0 0.437500 0.964063 0.031250 0.028125
0 0.565625 0.220312 0.031250 0.028125
0 0.764062 0.332813 0.028125 0.028125
0 0.828125 0.334375 0.031250 0.031250
0 0.943750 0.362500 0.031250 0.031250
0 0.834375 0.923438 0.031250 0.028125
0 0.293750 0.643750 0.031250 0.031250
0 0.534375 0.618750 0.031250 0.031250
0 0.293750 0.543750 0.031250 0.031250
0 0.339062 0.104688 0.028125 0.028125
0 0.435937 0.759375 0.028125 0.031250
0 0.390625 0.134375 0.031250 0.031250
0 0.353125 0.250000 0.031250 0.031250
0 0.384375 0.498437 0.031250 0.028125
0 0.450000 0.246875 0.031250 0.031250
0 0.534375 0.220312 0.031250 0.028125
0 0.401562 0.271875 0.028125 0.031250
0 0.260937 0.790625 0.028125 0.031250
0 0.598437 0.275000 0.028125 0.031250
0 0.476562 0.531250 0.028125 0.031250
0 0.454688 0.935937 0.028125 0.028125
0 0.484375 0.303125 0.031250 0.031250
0 0.900000 0.714063 0.031250 0.028125
0 0.459375 0.878125 0.031250 0.031250
0 0.356250 0.415625 0.031250 0.031250
0 0.628125 0.506250 0.031250 0.031250
0 0.962500 0.723437 0.031250 0.034375
0 0.293750 0.251563 0.031250 0.028125
0 0.412500 0.579688 0.031250 0.028125
0 0.353125 0.676562 0.031250 0.028125
0 0.845313 0.132812 0.028125 0.028125
0 0.484375 0.245312 0.031250 0.028125
0 0.456250 0.020313 0.031250 0.028125
0 0.459375 0.501563 0.031250 0.028125
0 0.528125 0.503125 0.031250 0.031250
0 0.917188 0.959375 0.028125 0.031250
0 0.481250 0.360938 0.031250 0.028125
0 0.712500 0.418750 0.031250 0.031250
0 0.581250 0.304688 0.031250 0.028125
0 0.320312 0.823438 0.028125 0.028125
0 0.259375 0.759375 0.031250 0.031250
0 0.259375 0.921875 0.031250 0.031250
0 0.551562 0.134375 0.028125 0.031250
0 0.910937 0.362500 0.028125 0.031250
0 0.384375 0.398438 0.031250 0.028125
0 0.843750 0.609375 0.031250 0.031250
0 0.778125 0.018750 0.031250 0.031250
0 0.323437 0.628125 0.028125 0.031250
0 0.351562 0.743750 0.028125 0.031250
0 0.598437 0.106250 0.028125 0.031250
0 0.960938 0.218750 0.028125 0.031250
0 0.598437 0.676562 0.028125 0.028125
0 0.681250 0.478125 0.031250 0.031250
0 0.298438 0.057813 0.028125 0.028125
0 0.421875 0.078125 0.031250 0.031250
0 0.260937 0.693750 0.034375 0.031250
0 0.515625 0.704688 0.031250 0.028125
0 0.409375 0.776563 0.031250 0.028125
0 0.665625 0.106250 0.031250 0.031250
0 0.746875 0.710938 0.031250 0.028125
0 0.567187 0.106250 0.028125 0.031250
0 0.343750 0.048438 0.031250 0.028125
0 0.703125 0.915625 0.031250 0.031250
0 0.470313 0.104688 0.028125 0.028125
0 0.731250 0.276562 0.031250 0.028125
0 0.500000 0.621875 0.031250 0.031250
0 0.410938 0.742188 0.028125 0.028125
0 0.446875 0.415625 0.031250 0.031250
0 0.767188 0.976562 0.028125 0.028125
0 0.382812 0.626563 0.028125 0.028125
0 0.320312 0.757812 0.028125 0.028125
0 0.290625 0.807813 0.031250 0.028125
0 0.893750 0.104688 0.031250 0.028125
0 0.845313 0.306250 0.028125 0.031250
0 0.551562 0.306250 0.028125 0.031250
0 0.501563 0.967187 0.028125 0.028125
0 0.665625 0.160938 0.031250 0.028125
0 0.465625 0.275000 0.031250 0.031250
0 0.517188 0.250000 0.028125 0.031250
0 0.579688 0.475000 0.028125 0.031250
0 0.260937 0.662500 0.034375 0.031250
0 0.296875 0.315625 0.031250 0.031250
0 0.384375 0.245312 0.031250 0.028125
0 0.354687 0.346875 0.028125 0.031250
0 0.596875 0.390625 0.031250 0.031250
0 0.323437 0.693750 0.028125 0.031250
0 0.665625 0.218750 0.031250 0.031250
0 0.615625 0.362500 0.031250 0.031250
0 0.795312 0.104688 0.028125 0.028125
0 0.384375 0.528125 0.031250 0.031250
0 0.851562 0.421875 0.028125 0.031250
0 0.385937 0.300000 0.028125 0.031250
0 0.975000 0.693750 0.031250 0.031250
0 0.795312 0.045312 0.028125 0.028125
0 0.382812 0.659375 0.028125 0.031250
0 0.551562 0.020313 0.028125 0.028125
0 0.568750 0.050000 0.031250 0.031250
0 0.378125 0.857812 0.031250 0.028125
0 0.629687 0.390625 0.028125 0.031250
0 0.412500 0.481250 0.031250 0.031250
0 0.412500 0.546875 0.031250 0.031250
0 0.779687 0.476562 0.028125 0.028125
0 0.434375 0.160938 0.031250 0.028125
0 0.495312 0.729688 0.028125 0.028125
0 0.267188 0.071875 0.028125 0.031250
0 0.909375 0.018750 0.031250 0.031250
0 0.354687 0.514062 0.028125 0.028125
0 0.495312 0.821875 0.028125 0.031250
0 0.648438 0.304688 0.028125 0.028125
0 0.409375 0.710938 0.031250 0.028125
0 0.468750 0.678125 0.031250 0.031250
0 0.856250 0.751563 0.031250 0.028125
0 0.940625 0.073438 0.031250 0.028125
0 0.698438 0.735938 0.028125 0.028125
0 0.593750 0.768750 0.031250 0.031250
0 0.634375 0.970313 0.031250 0.028125
0 0.942187 0.503125 0.028125 0.031250
0 0.542188 0.853125 0.028125 0.031250
0 0.476562 0.473438 0.028125 0.028125
0 0.464062 0.445312 0.028125 0.028125
0 0.720313 0.946875 0.028125 0.031250
0 0.925000 0.104688 0.031250 0.028125
0 0.325000 0.398438 0.031250 0.028125
0 0.910937 0.129688 0.028125 0.028125
0 0.956250 0.046875 0.031250 0.031250
0 0.325000 0.365625 0.031250 0.031250
0 0.551562 0.190625 0.028125 0.031250
0 0.745313 0.304688 0.028125 0.028125
0 0.354687 0.134375 0.028125 0.031250
0 0.351562 0.710938 0.028125 0.028125
0 0.260937 0.626563 0.034375 0.034375
0 0.615625 0.193750 0.031250 0.031250
0 0.579688 0.417187 0.028125 0.028125
0 0.598437 0.618750 0.028125 0.031250
0 0.259375 0.823438 0.031250 0.028125
0 0.517188 0.304688 0.028125 0.028125
0 0.296875 0.381250 0.031250 0.031250
0 0.550000 0.648438 0.031250 0.028125
0 0.445312 0.528125 0.028125 0.031250
0 0.582812 0.190625 0.028125 0.031250
0 0.423438 0.020313 0.028125 0.028125
0 0.812500 0.018750 0.031250 0.031250
0 0.404687 0.050000 0.028125 0.031250
0 0.600000 0.968750 0.031250 0.031250
0 0.487500 0.020313 0.031250 0.028125
0 0.526563 0.767188 0.028125 0.028125
0 0.714063 0.304688 0.028125 0.028125
0 0.354687 0.545312 0.028125 0.028125
0 0.648438 0.018750 0.028125 0.031250
0 0.864062 0.392188 0.028125 0.028125
0 0.357812 0.479687 0.028125 0.028125
0 0.325000 0.075000 0.031250 0.031250
0 0.681250 0.534375 0.031250 0.031250
0 0.468750 0.712500 0.031250 0.031250
0 0.434375 0.275000 0.031250 0.031250
0 0.357812 0.076563 0.028125 0.028125
0 0.656250 0.765625 0.031250 0.031250
0 0.403125 0.959375 0.031250 0.031250
0 0.412500 0.512500 0.031250 0.031250
0 0.439063 0.728125 0.028125 0.031250
0 0.265625 0.400000 0.031250 0.031250
0 0.932813 0.446875 0.028125 0.031250
0 0.293750 0.481250 0.031250 0.031250
0 0.328125 0.431250 0.031250 0.031250
0 0.468750 0.215625 0.031250 0.031250
0 0.259375 0.725000 0.031250 0.031250
0 0.560937 0.446875 0.028125 0.031250
0 0.614062 0.418750 0.028125 0.031250
0 0.721875 0.768750 0.031250 0.031250
0 0.765625 0.162500 0.031250 0.031250
0 0.698438 0.562500 0.028125 0.031250
0 0.745313 0.018750 0.028125 0.031250
0 0.354687 0.379688 0.028125 0.028125
0 0.420312 0.134375 0.028125 0.031250
0 0.526563 0.560937 0.028125 0.028125
0 0.520312 0.190625 0.028125 0.031250
0 0.373437 0.050000 0.028125 0.031250
0 0.876563 0.018750 0.028125 0.031250
0 0.965625 0.531250 0.031250 0.031250
0 0.262500 0.267188 0.031250 0.034375
0 0.665625 0.048438 0.031250 0.028125
0 0.779687 0.362500 0.028125 0.031250
0 0.764062 0.276562 0.028125 0.028125
0 0.385937 0.560937 0.028125 0.028125
0 0.698438 0.220312 0.028125 0.028125
0 0.831250 0.640625 0.031250 0.031250
0 0.845313 0.018750 0.028125 0.031250
0 0.504687 0.048438 0.028125 0.028125
0 0.681250 0.018750 0.031250 0.031250
0 0.614062 0.650000 0.028125 0.031250
0 0.801562 0.921875 0.028125 0.031250
0 0.582812 0.648438 0.028125 0.028125
0 0.325000 0.300000 0.031250 0.031250
0 0.485938 0.190625 0.028125 0.031250
0 0.976562 0.245312 0.028125 0.028125
0 0.495312 0.760938 0.028125 0.028125
0 0.262500 0.367188 0.031250 0.034375
0 0.971875 0.073438 0.031250 0.028125
0 0.535937 0.048438 0.028125 0.028125
0 0.712500 0.018750 0.031250 0.031250
0 0.423438 0.932813 0.028125 0.028125
0 0.890625 0.745313 0.031250 0.028125
0 0.262500 0.528125 0.031250 0.031250
0 0.845313 0.531250 0.028125 0.031250
0 0.265625 0.334375 0.031250 0.031250
0 0.431250 0.385937 0.031250 0.028125
0 0.682813 0.076563 0.028125 0.028125
0 0.714063 0.076563 0.028125 0.028125
0 0.356250 0.448437 0.031250 0.028125
0 0.415625 0.356250 0.031250 0.031250
0 0.837500 0.812500 0.031250 0.031250
0 0.495312 0.445312 0.028125 0.028125
0 0.565625 0.676562 0.031250 0.028125
0 0.968750 0.814063 0.031250 0.028125
0 0.895312 0.389062 0.028125 0.028125
0 0.262500 0.434375 0.031250 0.031250
0 0.748437 0.248438 0.028125 0.028125
0 0.682813 0.190625 0.028125 0.031250
0 0.381250 0.365625 0.031250 0.031250
0 0.732812 0.389062 0.028125 0.028125
0 0.296875 0.415625 0.031250 0.031250
0 0.531250 0.332813 0.031250 0.028125
0 0.318750 0.956250 0.031250 0.031250
0 0.585938 0.020313 0.028125 0.028125
0 0.617188 0.018750 0.028125 0.031250
0 0.596875 0.562500 0.031250 0.031250
0 0.412500 0.412500 0.031250 0.031250
0 0.882812 0.421875 0.028125 0.031250
0 0.328125 0.528125 0.031250 0.031250
0 0.520312 0.020313 0.028125 0.028125
0 0.529687 0.445312 0.028125 0.028125
0 0.439063 0.050000 0.028125 0.031250
0 0.940625 0.018750 0.031250 0.031250
0 0.471875 0.581250 0.031250 0.031250
0 0.368750 0.962500 0.031250 0.031250
0 0.448437 0.357812 0.028125 0.028125
0 0.265625 0.103125 0.031250 0.031250
0 0.859375 0.664062 0.031250 0.028125
0 0.431250 0.331250 0.031250 0.031250
0 0.645312 0.362500 0.028125 0.031250
0 0.262500 0.496875 0.031250 0.031250
0 0.435937 0.792188 0.028125 0.028125
0 0.265625 0.171875 0.031250 0.031250
0 0.439063 0.696875 0.028125 0.031250
0 0.957812 0.332813 0.028125 0.028125
0 0.950000 0.959375 0.031250 0.031250
0 0.565625 0.618750 0.031250 0.031250
0 0.748437 0.362500 0.028125 0.031250
0 0.748437 0.420312 0.028125 0.028125
0 0.585938 0.078125 0.028125 0.031250
0 0.534375 0.164062 0.031250 0.028125
0 0.392188 0.020313 0.028125 0.028125
0 0.265625 0.135937 0.031250 0.034375
0 0.262500 0.203125 0.031250 0.031250
0 0.632812 0.276562 0.028125 0.028125
0 0.464062 0.810937 0.028125 0.028125
0 0.946875 0.417187 0.031250 0.034375
0 0.293750 0.089063 0.031250 0.028125
0 0.265625 0.300000 0.031250 0.031250
0 0.917188 0.776563 0.034375 0.034375
0 0.954688 0.471875 0.034375 0.031250
0 0.259375 0.954688 0.031250 0.028125
0 0.695312 0.048438 0.028125 0.028125
0 0.950000 0.787500 0.031250 0.031250
0 0.451562 0.192188 0.028125 0.028125
0 0.265625 0.234375 0.031250 0.031250
0 0.260937 0.562500 0.028125 0.031250
0 0.650000 0.248438 0.031250 0.028125
0 0.262500 0.465625 0.031250 0.031250
0 0.601562 0.050000 0.028125 0.031250
0 0.979688 0.751563 0.028125 0.028125
0 0.406250 0.160938 0.031250 0.028125
0 0.885938 0.839063 0.034375 0.034375
0 0.382812 0.692187 0.028125 0.028125
0 0.965625 0.390625 0.031250 0.031250
0 0.268750 0.039062 0.031250 0.034375
0 0.921875 0.843750 0.031250 0.031250
0 0.545312 0.362500 0.028125 0.031250
0 0.293750 0.284375 0.031250 0.031250
0 0.285938 0.970313 0.028125 0.028125
0 0.934375 0.814063 0.031250 0.034375
0 0.850000 0.784375 0.031250 0.031250
0 0.325000 0.020313 0.031250 0.028125
0 0.714063 0.246875 0.028125 0.031250
0 0.298438 0.025000 0.028125 0.031250
0 0.800000 0.976562 0.025000 0.028125
0 0.495312 0.389062 0.028125 0.028125
0 0.560937 0.389062 0.028125 0.028125
0 0.831250 0.978125 0.025000 0.025000
0 0.732812 0.217188 0.028125 0.028125
0 0.546875 0.417187 0.031250 0.028125
