0 0.114062 0.820312 0.028125 0.028125
0 0.054688 0.882812 0.028125 0.028125
0 0.782813 0.823438 0.028125 0.028125
0 0.067187 0.851562 0.028125 0.028125
0 0.059375 0.507812 0.031250 0.028125
0 0.954688 0.909375 0.028125 0.031250
0 0.129688 0.790625 0.028125 0.031250
0 0.878125 0.651563 0.031250 0.028125
0 0.937500 0.881250 0.031250 0.031250
0 0.051562 0.823438 0.028125 0.028125
0 0.142187 0.478125 0.028125 0.031250
0 0.815625 0.425000 0.031250 0.031250
0 0.312500 0.940625 0.031250 0.031250
0 0.064062 0.679688 0.028125 0.028125
0 0.892188 0.793750 0.028125 0.031250
0 0.254688 0.789062 0.028125 0.028125
0 0.765625 0.793750 0.031250 0.031250
0 0.292187 0.968750 0.028125 0.031250
0 0.035937 0.853125 0.028125 0.031250
0 0.034375 0.793750 0.031250 0.031250
0 0.534375 0.625000 0.031250 0.031250
0 0.878125 0.860938 0.031250 0.034375
0 0.109375 0.418750 0.031250 0.031250
0 0.553125 0.650000 0.031250 0.031250
0 0.125000 0.448437 0.031250 0.028125
0 0.207813 0.759375 0.028125 0.031250
0 0.067187 0.792188 0.028125 0.028125
0 0.604688 0.792188 0.028125 0.028125
0 0.082812 0.821875 0.028125 0.031250
0 0.392188 0.392188 0.028125 0.028125
0 0.910937 0.654687 0.028125 0.028125
0 0.096875 0.678125 0.031250 0.031250
0 0.871875 0.825000 0.031250 0.031250
0 0.157812 0.448437 0.028125 0.028125
0 0.178125 0.418750 0.031250 0.031250
0 0.160938 0.734375 0.028125 0.031250
0 0.798438 0.737500 0.028125 0.031250
0 0.075000 0.421875 0.031250 0.031250
0 0.417187 0.679688 0.028125 0.028125
0 0.078125 0.534375 0.031250 0.031250
0 0.687500 0.820312 0.031250 0.028125
0 0.050000 0.765625 0.031250 0.031250
0 0.209375 0.703125 0.031250 0.031250
0 0.125000 0.507812 0.031250 0.028125
0 0.079687 0.592187 0.028125 0.028125
0 0.734375 0.792188 0.031250 0.028125
0 0.079687 0.764062 0.028125 0.028125
0 0.917188 0.853125 0.028125 0.031250
0 0.704688 0.850000 0.028125 0.031250
0 0.459375 0.450000 0.031250 0.031250
0 0.814063 0.823438 0.028125 0.028125
0 0.685937 0.879687 0.028125 0.028125
0 0.043750 0.478125 0.031250 0.031250
0 0.345313 0.943750 0.028125 0.031250
0 0.148438 0.820312 0.028125 0.028125
0 0.159375 0.506250 0.031250 0.031250
0 0.076563 0.478125 0.028125 0.031250
0 0.034375 0.735938 0.031250 0.028125
0 0.225000 0.506250 0.031250 0.031250
0 0.223438 0.731250 0.028125 0.031250
0 0.668750 0.792188 0.031250 0.028125
0 0.920312 0.909375 0.028125 0.031250
0 0.767188 0.453125 0.028125 0.031250
0 0.340625 0.418750 0.031250 0.031250
0 0.325000 0.392188 0.031250 0.028125
0 0.285938 0.790625 0.028125 0.031250
0 0.107813 0.534375 0.028125 0.031250
0 0.831250 0.396875 0.031250 0.031250
0 0.895312 0.623437 0.028125 0.028125
0 0.359375 0.390625 0.031250 0.031250
0 0.857812 0.909375 0.028125 0.031250
0 0.265625 0.906250 0.031250 0.031250
0 0.370312 0.534375 0.028125 0.031250
0 0.293750 0.390625 0.031250 0.031250
0 0.750000 0.823438 0.031250 0.028125
0 0.112500 0.760938 0.031250 0.028125
0 0.273438 0.703125 0.028125 0.031250
0 0.240625 0.646875 0.031250 0.031250
0 0.145313 0.760938 0.028125 0.028125
0 0.020313 0.823438 0.028125 0.028125
0 0.132812 0.904687 0.028125 0.028125
0 0.962500 0.396875 0.031250 0.031250
0 0.175000 0.476562 0.031250 0.028125
0 0.270313 0.820312 0.028125 0.028125
0 0.275000 0.418750 0.031250 0.031250
0 0.167187 0.906250 0.028125 0.031250
0 0.043750 0.418750 0.031250 0.031250
0 0.817187 0.878125 0.028125 0.031250
0 0.192188 0.617188 0.028125 0.028125
0 0.814063 0.765625 0.028125 0.031250
0 0.045312 0.535937 0.028125 0.028125
0 0.937500 0.939063 0.031250 0.028125
0 0.175000 0.589063 0.031250 0.028125
0 0.023438 0.935937 0.028125 0.028125
0 0.129688 0.731250 0.028125 0.031250
0 0.110937 0.589063 0.028125 0.028125
0 0.570312 0.679688 0.028125 0.028125
0 0.904687 0.939063 0.028125 0.028125
0 0.087500 0.937500 0.031250 0.031250
0 0.159375 0.392188 0.031250 0.028125
0 0.223438 0.789062 0.028125 0.028125
0 0.085938 0.879687 0.028125 0.028125
0 0.526563 0.535937 0.028125 0.028125
0 0.101562 0.848437 0.028125 0.028125
0 0.200000 0.906250 0.031250 0.031250
0 0.462500 0.393750 0.031250 0.031250
0 0.796875 0.396875 0.031250 0.031250
0 0.193750 0.673438 0.031250 0.028125
0 0.048438 0.709375 0.028125 0.031250
0 0.059375 0.390625 0.031250 0.031250
0 0.207813 0.587500 0.028125 0.031250
0 0.735938 0.851562 0.028125 0.028125
0 0.832812 0.851562 0.028125 0.028125
0 0.093750 0.507812 0.031250 0.028125
0 0.368750 0.592187 0.025000 0.028125
0 0.879687 0.596875 0.028125 0.031250
0 0.767188 0.851562 0.028125 0.028125
0 0.784375 0.879687 0.031250 0.028125
0 0.751563 0.878125 0.028125 0.031250
0 0.903125 0.823438 0.031250 0.028125
0 0.164062 0.848437 0.028125 0.028125
0 0.531250 0.678125 0.031250 0.031250
0 0.359375 0.975000 0.031250 0.031250
0 0.795312 0.909375 0.028125 0.031250
0 0.656250 0.820312 0.031250 0.028125
0 0.390625 0.448437 0.031250 0.028125
0 0.478125 0.423438 0.031250 0.028125
0 0.798438 0.795312 0.028125 0.028125
0 0.259375 0.390625 0.031250 0.031250
0 0.848437 0.709375 0.028125 0.031250
0 0.912500 0.428125 0.031250 0.031250
0 0.207813 0.476562 0.028125 0.028125
0 0.109375 0.478125 0.031250 0.031250
0 0.029687 0.620313 0.028125 0.028125
0 0.385937 0.565625 0.028125 0.031250
0 0.464062 0.912500 0.028125 0.031250
0 0.214062 0.935937 0.028125 0.028125
0 0.703125 0.792188 0.031250 0.028125
0 0.734375 0.621875 0.031250 0.031250
0 0.846875 0.595313 0.031250 0.028125
0 0.946875 0.484375 0.031250 0.031250
0 0.862500 0.739062 0.031250 0.028125
0 0.020313 0.879687 0.028125 0.028125
0 0.090625 0.390625 0.031250 0.031250
0 0.309375 0.421875 0.031250 0.031250
0 0.468750 0.878125 0.031250 0.031250
0 0.687500 0.765625 0.031250 0.031250
0 0.962500 0.512500 0.031250 0.031250
0 0.159375 0.560937 0.031250 0.028125
0 0.304688 0.645312 0.028125 0.028125
0 0.210938 0.534375 0.028125 0.031250
0 0.490625 0.703125 0.031250 0.031250
0 0.273438 0.645312 0.028125 0.028125
0 0.309375 0.885938 0.031250 0.034375
0 0.260937 0.965625 0.028125 0.031250
0 0.353125 0.504687 0.031250 0.028125
0 0.589063 0.764062 0.028125 0.028125
0 0.826562 0.909375 0.028125 0.031250
0 0.782813 0.425000 0.028125 0.031250
0 0.525000 0.706250 0.031250 0.031250
0 0.193750 0.392188 0.031250 0.028125
0 0.192188 0.446875 0.028125 0.031250
0 0.831250 0.565625 0.031250 0.031250
0 0.532813 0.393750 0.028125 0.031250
0 0.495312 0.392188 0.028125 0.028125
0 0.698438 0.451562 0.028125 0.028125
0 0.440625 0.478125 0.031250 0.031250
0 0.039062 0.909375 0.028125 0.031250
0 0.701562 0.567187 0.028125 0.028125
0 0.098437 0.792188 0.028125 0.028125
0 0.432812 0.654687 0.028125 0.028125
0 0.059375 0.448437 0.031250 0.028125
0 0.850000 0.875000 0.031250 0.031250
0 0.257812 0.507812 0.028125 0.028125
0 0.093750 0.448437 0.031250 0.028125
0 0.243750 0.418750 0.031250 0.031250
0 0.568750 0.450000 0.031250 0.031250
0 0.125000 0.392188 0.031250 0.028125
0 0.829688 0.795312 0.028125 0.028125
0 0.275000 0.534375 0.031250 0.031250
0 0.476562 0.642188 0.034375 0.034375
0 0.335938 0.703125 0.028125 0.031250
0 0.718750 0.821875 0.031250 0.031250
0 0.601562 0.507812 0.028125 0.028125
0 0.589063 0.595313 0.028125 0.028125
0 0.568750 0.509375 0.031250 0.031250
0 0.515625 0.418750 0.031250 0.031250
0 0.960938 0.570312 0.028125 0.028125
0 0.573438 0.792188 0.028125 0.028125
0 0.192188 0.789062 0.028125 0.028125
0 0.176563 0.360938 0.034375 0.034375
0 0.735938 0.565625 0.028125 0.031250
0 0.800000 0.851562 0.031250 0.028125
0 0.550000 0.421875 0.031250 0.031250
0 0.239063 0.703125 0.028125 0.031250
0 0.517188 0.478125 0.028125 0.031250
0 0.500000 0.881250 0.031250 0.031250
0 0.970313 0.881250 0.028125 0.031250
0 0.943750 0.428125 0.031250 0.031250
0 0.428125 0.392188 0.031250 0.028125
0 0.434375 0.540625 0.031250 0.031250
0 0.882812 0.540625 0.028125 0.031250
0 0.662500 0.393750 0.031250 0.031250
0 0.028125 0.390625 0.031250 0.031250
0 0.304688 0.701562 0.028125 0.028125
0 0.532813 0.448437 0.028125 0.028125
0 0.190625 0.506250 0.031250 0.031250
0 0.860938 0.795312 0.028125 0.028125
0 0.750000 0.765625 0.031250 0.031250
0 0.882812 0.425000 0.028125 0.031250
0 0.860938 0.625000 0.028125 0.031250
0 0.779687 0.767188 0.028125 0.028125
0 0.079687 0.648438 0.028125 0.028125
0 0.321875 0.507812 0.031250 0.028125
0 0.953125 0.853125 0.031250 0.031250
0 0.398438 0.706250 0.028125 0.031250
0 0.304688 0.592187 0.028125 0.028125
0 0.279687 0.939063 0.028125 0.028125
0 0.259375 0.564063 0.031250 0.028125
0 0.556250 0.707812 0.031250 0.028125
0 0.351562 0.729688 0.028125 0.028125
0 0.070312 0.907813 0.028125 0.028125
0 0.814063 0.709375 0.028125 0.031250
0 0.289062 0.617188 0.028125 0.028125
0 0.654687 0.764062 0.028125 0.028125
0 0.257812 0.617188 0.028125 0.028125
0 0.895312 0.679688 0.028125 0.028125
0 0.259375 0.448437 0.031250 0.028125
0 0.112500 0.706250 0.031250 0.031250
0 0.148438 0.876563 0.028125 0.028125
0 0.026562 0.509375 0.028125 0.031250
0 0.926562 0.739062 0.028125 0.028125
0 0.110937 0.648438 0.028125 0.028125
0 0.817187 0.535937 0.028125 0.028125
0 0.770312 0.623437 0.028125 0.028125
0 0.270313 0.759375 0.028125 0.031250
0 0.970313 0.939063 0.028125 0.028125
0 0.192188 0.731250 0.028125 0.031250
0 0.375000 0.418750 0.031250 0.031250
0 0.762500 0.395313 0.031250 0.028125
0 0.670312 0.567187 0.028125 0.028125
0 0.257812 0.732812 0.028125 0.028125
0 0.564063 0.393750 0.028125 0.031250
0 0.325000 0.912500 0.031250 0.031250
0 0.765625 0.737500 0.031250 0.031250
0 0.623437 0.820312 0.028125 0.028125
0 0.143750 0.704688 0.031250 0.028125
0 0.529687 0.879687 0.028125 0.028125
0 0.942187 0.710938 0.028125 0.028125
0 0.848437 0.540625 0.028125 0.031250
0 0.668750 0.735938 0.031250 0.028125
0 0.850000 0.423438 0.031250 0.028125
0 0.289062 0.504687 0.028125 0.028125
0 0.054688 0.935937 0.028125 0.028125
0 0.417187 0.623437 0.028125 0.028125
0 0.801562 0.509375 0.028125 0.031250
0 0.257812 0.675000 0.028125 0.031250
0 0.654687 0.539062 0.028125 0.028125
0 0.225000 0.673438 0.031250 0.028125
0 0.476562 0.732812 0.028125 0.028125
0 0.343750 0.887500 0.031250 0.031250
0 0.132812 0.848437 0.028125 0.028125
0 0.501563 0.446875 0.028125 0.031250
0 0.385937 0.620313 0.028125 0.028125
0 0.715625 0.423438 0.031250 0.028125
0 0.831250 0.625000 0.031250 0.031250
0 0.210938 0.418750 0.028125 0.031250
0 0.865625 0.454688 0.031250 0.028125
0 0.582812 0.421875 0.028125 0.031250
0 0.340625 0.476562 0.031250 0.028125
0 0.325000 0.968750 0.031250 0.031250
0 0.478125 0.562500 0.031250 0.031250
0 0.081250 0.706250 0.031250 0.031250
0 0.484375 0.475000 0.031250 0.031250
0 0.767188 0.509375 0.028125 0.031250
0 0.895312 0.395313 0.028125 0.028125
0 0.551562 0.478125 0.028125 0.031250
0 0.542188 0.567187 0.028125 0.028125
0 0.414062 0.732812 0.028125 0.028125
0 0.910937 0.710938 0.028125 0.028125
0 0.926562 0.512500 0.028125 0.031250
0 0.028125 0.450000 0.031250 0.031250
0 0.465625 0.532813 0.031250 0.028125
0 0.545312 0.851562 0.028125 0.028125
0 0.846875 0.653125 0.031250 0.031250
0 0.142187 0.418750 0.028125 0.031250
0 0.750000 0.481250 0.031250 0.031250
0 0.970313 0.825000 0.028125 0.031250
0 0.687500 0.540625 0.031250 0.031250
0 0.176563 0.760938 0.028125 0.028125
0 0.973437 0.768750 0.028125 0.031250
0 0.409375 0.362500 0.031250 0.031250
0 0.926562 0.682813 0.028125 0.028125
0 0.896875 0.568750 0.031250 0.031250
0 0.182812 0.935937 0.028125 0.028125
0 0.242188 0.478125 0.028125 0.031250
0 0.359375 0.448437 0.031250 0.028125
0 0.585938 0.651563 0.028125 0.028125
0 0.175000 0.704688 0.031250 0.028125
0 0.101562 0.904687 0.028125 0.028125
0 0.354687 0.564063 0.028125 0.028125
0 0.964063 0.456250 0.028125 0.031250
0 0.782813 0.709375 0.028125 0.031250
0 0.401562 0.539062 0.028125 0.028125
0 0.845313 0.767188 0.028125 0.028125
0 0.631250 0.393750 0.031250 0.031250
0 0.060937 0.620313 0.028125 0.028125
0 0.332813 0.757812 0.028125 0.028125
0 0.898438 0.454688 0.028125 0.028125
0 0.207813 0.817187 0.028125 0.028125
0 0.278125 0.881250 0.031250 0.031250
0 0.623437 0.873437 0.028125 0.028125
0 0.846875 0.364063 0.031250 0.034375
0 0.301563 0.757812 0.028125 0.028125
0 0.832812 0.453125 0.028125 0.031250
0 0.195312 0.848437 0.028125 0.028125
0 0.096875 0.735938 0.031250 0.028125
0 0.164062 0.790625 0.028125 0.031250
0 0.910937 0.764062 0.028125 0.028125
0 0.620313 0.764062 0.028125 0.028125
0 0.440625 0.884375 0.031250 0.031250
0 0.226562 0.617188 0.028125 0.028125
0 0.784375 0.482812 0.031250 0.028125
0 0.242188 0.534375 0.028125 0.031250
0 0.639062 0.790625 0.028125 0.031250
0 0.696875 0.393750 0.031250 0.031250
0 0.407813 0.418750 0.028125 0.031250
0 0.231250 0.907813 0.031250 0.028125
0 0.126562 0.560937 0.028125 0.028125
0 0.459375 0.703125 0.031250 0.031250
0 0.603125 0.625000 0.031250 0.031250
0 0.335938 0.592187 0.028125 0.028125
0 0.421875 0.856250 0.031250 0.031250
0 0.889062 0.910937 0.028125 0.028125
0 0.360938 0.914062 0.028125 0.028125
0 0.540625 0.735938 0.031250 0.028125
0 0.273438 0.592187 0.028125 0.028125
0 0.459375 0.671875 0.031250 0.031250
0 0.353125 0.675000 0.031250 0.031250
0 0.901563 0.882812 0.028125 0.028125
0 0.323437 0.564063 0.028125 0.028125
0 0.301563 0.817187 0.028125 0.028125
0 0.376563 0.360938 0.034375 0.034375
0 0.290625 0.448437 0.031250 0.028125
0 0.142187 0.532813 0.028125 0.028125
0 0.814063 0.593750 0.028125 0.031250
0 0.279687 0.360938 0.034375 0.034375
0 0.045312 0.592187 0.028125 0.028125
0 0.245312 0.935937 0.028125 0.028125
0 0.682813 0.423438 0.028125 0.028125
0 0.607812 0.735938 0.028125 0.028125
0 0.479687 0.942187 0.028125 0.028125
0 0.323437 0.448437 0.028125 0.028125
0 0.440625 0.418750 0.031250 0.031250
0 0.228125 0.392188 0.031250 0.028125
0 0.292187 0.850000 0.028125 0.031250
0 0.367188 0.701562 0.028125 0.028125
0 0.862500 0.396875 0.031250 0.031250
0 0.226562 0.560937 0.028125 0.028125
0 0.879687 0.482812 0.028125 0.028125
0 0.957812 0.739062 0.028125 0.028125
0 0.464062 0.603125 0.028125 0.031250
0 0.289062 0.564063 0.028125 0.028125
0 0.878125 0.765625 0.031250 0.031250
0 0.198437 0.964063 0.028125 0.028125
0 0.143750 0.360938 0.031250 0.034375
0 0.935937 0.826562 0.028125 0.028125
0 0.592187 0.821875 0.028125 0.031250
0 0.040625 0.965625 0.031250 0.031250
0 0.581250 0.479687 0.031250 0.028125
0 0.445312 0.364063 0.034375 0.034375
0 0.142187 0.589063 0.028125 0.028125
0 0.239063 0.759375 0.028125 0.031250
0 0.159375 0.675000 0.031250 0.031250
0 0.150000 0.932813 0.025000 0.028125
0 0.367188 0.757812 0.028125 0.028125
0 0.864062 0.567187 0.028125 0.028125
0 0.750000 0.428125 0.031250 0.031250
0 0.671875 0.850000 0.031250 0.031250
0 0.109375 0.360938 0.031250 0.034375
0 0.929688 0.400000 0.028125 0.031250
0 0.640625 0.846875 0.031250 0.031250
0 0.393750 0.917188 0.031250 0.028125
0 0.600000 0.392188 0.031250 0.028125
0 0.128125 0.678125 0.031250 0.031250
0 0.929688 0.625000 0.028125 0.031250
0 0.510938 0.564063 0.028125 0.028125
0 0.206250 0.645312 0.031250 0.028125
0 0.800000 0.679688 0.031250 0.028125
0 0.117188 0.879687 0.028125 0.028125
0 0.046875 0.650000 0.031250 0.031250
0 0.732812 0.451562 0.028125 0.028125
0 0.523438 0.592187 0.028125 0.028125
0 0.092188 0.560937 0.028125 0.028125
0 0.717187 0.879687 0.028125 0.028125
0 0.620313 0.539062 0.028125 0.028125
0 0.448437 0.732812 0.028125 0.028125
0 0.320312 0.673438 0.028125 0.028125
0 0.443750 0.510938 0.031250 0.028125
0 0.175000 0.532813 0.031250 0.028125
0 0.801562 0.623437 0.028125 0.028125
0 0.617188 0.423438 0.028125 0.028125
0 0.309375 0.478125 0.031250 0.031250
0 0.260937 0.851562 0.028125 0.028125
0 0.167187 0.962500 0.028125 0.031250
0 0.192188 0.560937 0.028125 0.028125
0 0.500000 0.620313 0.031250 0.028125
0 0.060937 0.565625 0.028125 0.031250
0 0.289062 0.729688 0.028125 0.028125
0 0.829688 0.737500 0.028125 0.031250
0 0.556250 0.764062 0.031250 0.028125
0 0.492188 0.671875 0.034375 0.031250
0 0.535937 0.507812 0.028125 0.028125
0 0.229687 0.967187 0.028125 0.028125
0 0.914062 0.482812 0.028125 0.028125
0 0.745313 0.934375 0.028125 0.031250
0 0.092188 0.620313 0.028125 0.028125
0 0.376563 0.889062 0.028125 0.028125
0 0.384375 0.503125 0.031250 0.031250
0 0.639062 0.735938 0.028125 0.028125
0 0.417187 0.567187 0.028125 0.028125
0 0.448437 0.940625 0.028125 0.031250
0 0.515625 0.650000 0.031250 0.031250
0 0.859375 0.965625 0.031250 0.031250
0 0.242188 0.592187 0.028125 0.028125
0 0.557813 0.821875 0.028125 0.025000
0 0.831250 0.681250 0.031250 0.031250
0 0.032813 0.681250 0.028125 0.031250
0 0.751563 0.537500 0.028125 0.031250
0 0.239063 0.815625 0.028125 0.031250
0 0.954688 0.796875 0.028125 0.031250
0 0.407813 0.476562 0.028125 0.028125
0 0.729688 0.393750 0.028125 0.031250
0 0.942187 0.596875 0.028125 0.031250
0 0.400000 0.651563 0.031250 0.028125
0 0.510938 0.853125 0.028125 0.031250
0 0.412500 0.509375 0.031250 0.031250
0 0.668750 0.510938 0.031250 0.028125
0 0.304688 0.535937 0.028125 0.028125
0 0.895312 0.510938 0.028125 0.028125
0 0.493750 0.590625 0.031250 0.031250
0 0.382812 0.732812 0.028125 0.028125
0 0.495312 0.915625 0.028125 0.031250
0 0.684375 0.707812 0.031250 0.028125
0 0.928125 0.568750 0.031250 0.031250
0 0.650000 0.423438 0.031250 0.028125
0 0.526563 0.910937 0.028125 0.028125
0 0.940625 0.768750 0.031250 0.031250
0 0.528125 0.971875 0.031250 0.031250
0 0.223438 0.450000 0.028125 0.031250
0 0.401562 0.595313 0.028125 0.028125
0 0.067187 0.735938 0.028125 0.028125
0 0.556250 0.595313 0.031250 0.028125
0 0.845313 0.821875 0.028125 0.031250
0 0.514062 0.360938 0.034375 0.034375
0 0.718750 0.765625 0.031250 0.031250
0 0.029687 0.564063 0.028125 0.028125
0 0.762500 0.909375 0.031250 0.031250
0 0.454688 0.848437 0.028125 0.028125
0 0.931250 0.454688 0.031250 0.028125
0 0.925000 0.796875 0.031250 0.031250
0 0.601562 0.679688 0.028125 0.028125
0 0.943750 0.540625 0.031250 0.031250
0 0.817187 0.482812 0.028125 0.028125
0 0.800000 0.454688 0.031250 0.028125
0 0.492188 0.764062 0.028125 0.028125
0 0.182812 0.876563 0.028125 0.028125
0 0.910937 0.595313 0.028125 0.028125
0 0.542188 0.940625 0.028125 0.031250
0 0.343750 0.362500 0.031250 0.031250
0 0.832812 0.509375 0.028125 0.031250
0 0.654687 0.873437 0.028125 0.028125
0 0.635938 0.623437 0.028125 0.028125
0 0.506250 0.506250 0.031250 0.031250
0 0.587500 0.707812 0.031250 0.028125
0 0.276562 0.478125 0.028125 0.031250
0 0.751563 0.595313 0.028125 0.028125
0 0.495312 0.535937 0.028125 0.028125
0 0.810937 0.651563 0.028125 0.028125
0 0.289062 0.673438 0.028125 0.028125
0 0.479687 0.362500 0.034375 0.031250
0 0.601562 0.451562 0.028125 0.028125
0 0.509375 0.732812 0.031250 0.028125
0 0.346875 0.834375 0.031250 0.031250
0 0.429688 0.914062 0.028125 0.028125
0 0.978125 0.428125 0.031250 0.031250
0 0.376563 0.945312 0.028125 0.028125
0 0.176563 0.817187 0.028125 0.028125
0 0.576562 0.851562 0.028125 0.028125
0 0.842187 0.939063 0.028125 0.028125
0 0.635938 0.567187 0.028125 0.028125
0 0.864062 0.679688 0.028125 0.028125
0 0.976562 0.598437 0.028125 0.028125
0 0.323437 0.856250 0.028125 0.031250
0 0.212500 0.362500 0.031250 0.031250
0 0.312500 0.360938 0.031250 0.034375
0 0.718750 0.539062 0.031250 0.028125
0 0.385937 0.675000 0.028125 0.031250
0 0.514062 0.942187 0.028125 0.028125
0 0.475000 0.503125 0.031250 0.031250
0 0.976562 0.542188 0.028125 0.028125
0 0.814063 0.367188 0.034375 0.034375
0 0.670312 0.679688 0.028125 0.028125
0 0.348438 0.784375 0.028125 0.025000
0 0.071875 0.965625 0.031250 0.031250
0 0.425000 0.448437 0.031250 0.028125
0 0.018750 0.765625 0.031250 0.031250
0 0.576562 0.735938 0.028125 0.028125
0 0.076563 0.357812 0.034375 0.034375
0 0.720313 0.592187 0.028125 0.028125
0 0.126562 0.617188 0.028125 0.028125
0 0.335938 0.535937 0.028125 0.028125
0 0.945312 0.367188 0.034375 0.034375
0 0.782813 0.595313 0.028125 0.028125
0 0.607812 0.848437 0.028125 0.028125
0 0.942187 0.654687 0.028125 0.028125
0 0.409375 0.889062 0.031250 0.028125
0 0.679688 0.364063 0.034375 0.034375
0 0.017188 0.710938 0.028125 0.028125
0 0.557813 0.539062 0.028125 0.028125
0 0.878125 0.367188 0.031250 0.034375
0 0.823438 0.968750 0.028125 0.031250
0 0.476562 0.789062 0.028125 0.028125
0 0.848437 0.482812 0.028125 0.028125
0 0.293750 0.912500 0.031250 0.031250
0 0.320312 0.618750 0.028125 0.031250
0 0.243750 0.360938 0.031250 0.034375
0 0.539062 0.795312 0.028125 0.028125
0 0.460938 0.760938 0.028125 0.028125
0 0.379688 0.837500 0.028125 0.031250
0 0.790625 0.965625 0.031250 0.031250
0 0.682813 0.482812 0.028125 0.028125
0 0.750000 0.709375 0.031250 0.031250
0 0.581250 0.362500 0.031250 0.031250
0 0.620313 0.595313 0.028125 0.028125
0 0.432812 0.595313 0.028125 0.028125
0 0.117188 0.932813 0.028125 0.028125
0 0.953125 0.965625 0.031250 0.031250
0 0.712500 0.365625 0.031250 0.031250
0 0.684375 0.650000 0.031250 0.031250
0 0.614062 0.364063 0.034375 0.034375
0 0.373437 0.476562 0.028125 0.028125
0 0.464062 0.820312 0.028125 0.028125
0 0.364063 0.810937 0.028125 0.028125
0 0.017188 0.592187 0.028125 0.028125
0 0.864062 0.510938 0.028125 0.028125
0 0.431250 0.823438 0.031250 0.028125
0 0.667188 0.451562 0.028125 0.028125
0 0.392188 0.864062 0.028125 0.028125
0 0.448437 0.571875 0.028125 0.031250
0 0.759375 0.965625 0.031250 0.031250
0 0.957812 0.625000 0.028125 0.031250
0 0.782813 0.651563 0.028125 0.028125
0 0.648438 0.364063 0.034375 0.034375
0 0.495312 0.970313 0.028125 0.028125
0 0.973437 0.712500 0.028125 0.031250
0 0.451562 0.628125 0.028125 0.031250
0 0.920312 0.967187 0.028125 0.028125
0 0.320312 0.729688 0.028125 0.028125
0 0.362500 0.864062 0.031250 0.028125
0 0.317188 0.785937 0.028125 0.028125
0 0.714063 0.939063 0.028125 0.028125
0 0.779687 0.939063 0.028125 0.028125
0 0.893750 0.737500 0.031250 0.031250
0 0.560937 0.878125 0.028125 0.031250
0 0.548438 0.362500 0.034375 0.031250
0 0.745313 0.365625 0.034375 0.031250
0 0.975000 0.485938 0.031250 0.034375
0 0.731250 0.965625 0.031250 0.031250
0 0.401562 0.815625 0.028125 0.031250
0 0.040625 0.357812 0.031250 0.034375
0 0.634375 0.509375 0.031250 0.031250
0 0.482812 0.846875 0.028125 0.031250
0 0.781250 0.364063 0.031250 0.034375
0 0.462500 0.970313 0.031250 0.028125
0 0.134375 0.962500 0.031250 0.031250
0 0.810937 0.939063 0.028125 0.028125
0 0.873437 0.935937 0.028125 0.028125
0 0.617188 0.926562 0.028125 0.028125
0 0.570312 0.623437 0.028125 0.028125
0 0.734375 0.907813 0.025000 0.028125
0 0.912500 0.365625 0.031250 0.031250
0 0.879687 0.707812 0.028125 0.028125
0 0.431250 0.706250 0.025000 0.025000
0 0.573438 0.954688 0.028125 0.028125
0 0.975000 0.365625 0.031250 0.031250
0 0.637500 0.901563 0.025000 0.028125
0 0.103125 0.971875 0.031250 0.031250
0 0.889062 0.967187 0.028125 0.028125
0 0.382812 0.785937 0.028125 0.028125
