0 0.087500 0.879687 0.031250 0.028125
0 0.235937 0.800000 0.028125 0.031250
0 0.103125 0.909375 0.031250 0.031250
0 0.151562 0.882812 0.028125 0.028125
0 0.282813 0.717187 0.028125 0.028125
0 0.282813 0.940625 0.028125 0.031250
0 0.301563 0.746875 0.028125 0.031250
0 0.200000 0.854688 0.031250 0.028125
0 0.645312 0.917188 0.028125 0.028125
0 0.217188 0.826562 0.028125 0.028125
0 0.431250 0.806250 0.031250 0.031250
0 0.184375 0.881250 0.031250 0.031250
0 0.184375 0.828125 0.031250 0.031250
0 0.153125 0.825000 0.031250 0.031250
0 0.156250 0.768750 0.031250 0.031250
0 0.223438 0.490625 0.028125 0.031250
0 0.332813 0.801562 0.028125 0.028125
0 0.253125 0.603125 0.031250 0.031250
0 0.479687 0.889062 0.028125 0.028125
0 0.589063 0.854688 0.028125 0.028125
0 0.351562 0.775000 0.028125 0.031250
0 0.085938 0.939063 0.028125 0.028125
0 0.253125 0.659375 0.031250 0.031250
0 0.615625 0.803125 0.031250 0.031250
0 0.104688 0.853125 0.028125 0.031250
0 0.060937 0.654687 0.028125 0.028125
0 0.729688 0.753125 0.028125 0.031250
0 0.445312 0.779687 0.028125 0.028125
0 0.510938 0.835938 0.028125 0.028125
0 0.715625 0.721875 0.031250 0.031250
0 0.560937 0.935937 0.028125 0.028125
0 0.562500 0.807813 0.031250 0.028125
0 0.698438 0.848437 0.028125 0.028125
0 0.220312 0.771875 0.028125 0.031250
0 0.045312 0.623437 0.028125 0.028125
0 0.135937 0.795312 0.028125 0.028125
0 0.187500 0.770312 0.031250 0.028125
0 0.135937 0.909375 0.028125 0.031250
0 0.367188 0.635938 0.028125 0.028125
0 0.701562 0.915625 0.028125 0.031250
0 0.364063 0.914062 0.028125 0.028125
0 0.382812 0.665625 0.028125 0.031250
0 0.203125 0.798438 0.031250 0.028125
0 0.235937 0.854688 0.028125 0.028125
0 0.348438 0.665625 0.028125 0.031250
0 0.528125 0.809375 0.031250 0.031250
0 0.076563 0.739062 0.028125 0.028125
0 0.298438 0.857812 0.028125 0.028125
0 0.065625 0.853125 0.031250 0.031250
0 0.120313 0.882812 0.028125 0.028125
0 0.189062 0.598437 0.028125 0.028125
0 0.673438 0.867188 0.028125 0.028125
0 0.367188 0.692187 0.028125 0.028125
0 0.464062 0.804688 0.028125 0.028125
0 0.589063 0.885938 0.028125 0.028125
0 0.200000 0.968750 0.031250 0.031250
0 0.220312 0.657813 0.028125 0.028125
0 0.448437 0.504687 0.028125 0.028125
0 0.501563 0.867188 0.028125 0.028125
0 0.110937 0.514062 0.028125 0.028125
0 0.070312 0.909375 0.028125 0.031250
0 0.167187 0.854688 0.028125 0.028125
0 0.671875 0.803125 0.031250 0.031250
0 0.617188 0.570312 0.028125 0.028125
0 0.315625 0.660937 0.031250 0.028125
0 0.445312 0.832812 0.028125 0.028125
0 0.235937 0.685937 0.028125 0.028125
0 0.242188 0.462500 0.028125 0.031250
0 0.482812 0.779687 0.028125 0.028125
0 0.120313 0.825000 0.028125 0.031250
0 0.028125 0.651563 0.031250 0.028125
0 0.078125 0.512500 0.031250 0.031250
0 0.239063 0.518750 0.028125 0.031250
0 0.315625 0.885938 0.031250 0.028125
0 0.221875 0.601562 0.031250 0.028125
0 0.123438 0.770312 0.028125 0.028125
0 0.173437 0.628125 0.028125 0.025000
0 0.300000 0.800000 0.031250 0.031250
0 0.560937 0.901563 0.028125 0.028125
0 0.589063 0.917188 0.028125 0.028125
0 0.673438 0.900000 0.028125 0.031250
0 0.543750 0.726562 0.031250 0.028125
0 0.201563 0.685937 0.028125 0.028125
0 0.267188 0.910937 0.028125 0.028125
0 0.367188 0.804688 0.028125 0.028125
0 0.223438 0.545312 0.028125 0.028125
0 0.528125 0.753125 0.031250 0.031250
0 0.642188 0.684375 0.028125 0.031250
0 0.251563 0.717187 0.028125 0.028125
0 0.135937 0.853125 0.028125 0.031250
0 0.650000 0.626563 0.031250 0.028125
0 0.029687 0.860938 0.034375 0.034375
0 0.092188 0.596875 0.028125 0.031250
0 0.232813 0.967187 0.028125 0.028125
0 0.668750 0.596875 0.031250 0.031250
0 0.237500 0.629687 0.031250 0.028125
0 0.587500 0.785937 0.031250 0.028125
0 0.095312 0.482812 0.028125 0.028125
0 0.673438 0.690625 0.028125 0.031250
0 0.367188 0.859375 0.028125 0.031250
0 0.112500 0.398438 0.031250 0.028125
0 0.206250 0.628125 0.031250 0.031250
0 0.110937 0.570312 0.028125 0.028125
0 0.382812 0.776563 0.028125 0.028125
0 0.656250 0.568750 0.031250 0.031250
0 0.510938 0.726562 0.028125 0.028125
0 0.028125 0.596875 0.031250 0.031250
0 0.054688 0.939063 0.028125 0.028125
0 0.248438 0.940625 0.028125 0.031250
0 0.112500 0.456250 0.031250 0.031250
0 0.559375 0.839063 0.031250 0.028125
0 0.137500 0.742188 0.031250 0.028125
0 0.092188 0.540625 0.028125 0.031250
0 0.504687 0.907813 0.028125 0.028125
0 0.675000 0.932813 0.025000 0.028125
0 0.095312 0.426563 0.028125 0.028125
0 0.534375 0.920312 0.025000 0.028125
0 0.128125 0.428125 0.031250 0.031250
0 0.414062 0.779687 0.028125 0.028125
0 0.332813 0.859375 0.028125 0.031250
0 0.206250 0.573438 0.031250 0.028125
0 0.059375 0.710938 0.031250 0.028125
0 0.151562 0.939063 0.028125 0.028125
0 0.448437 0.560937 0.028125 0.028125
0 0.348438 0.831250 0.028125 0.031250
0 0.040625 0.793750 0.031250 0.031250
0 0.479687 0.726562 0.028125 0.028125
0 0.192188 0.545312 0.028125 0.028125
0 0.400000 0.695312 0.031250 0.028125
0 0.617188 0.901563 0.028125 0.028125
0 0.348438 0.887500 0.028125 0.031250
0 0.315625 0.829688 0.031250 0.028125
0 0.168750 0.796875 0.031250 0.031250
0 0.060937 0.593750 0.028125 0.031250
0 0.220312 0.714063 0.028125 0.028125
0 0.364063 0.748437 0.028125 0.028125
0 0.401562 0.476562 0.028125 0.028125
0 0.617188 0.935937 0.028125 0.028125
0 0.432812 0.696875 0.028125 0.031250
0 0.464062 0.864062 0.028125 0.028125
0 0.162500 0.487500 0.031250 0.031250
0 0.043750 0.681250 0.031250 0.031250
0 0.414062 0.667188 0.028125 0.028125
0 0.192188 0.431250 0.028125 0.031250
0 0.532813 0.857812 0.028125 0.028125
0 0.462500 0.917188 0.031250 0.028125
0 0.429688 0.532813 0.028125 0.028125
0 0.595313 0.543750 0.028125 0.031250
0 0.495312 0.807813 0.028125 0.028125
0 0.250000 0.884375 0.031250 0.031250
0 0.398438 0.748437 0.028125 0.028125
0 0.512500 0.671875 0.031250 0.031250
0 0.317188 0.775000 0.028125 0.031250
0 0.564063 0.643750 0.028125 0.031250
0 0.282813 0.882812 0.028125 0.028125
0 0.268750 0.632812 0.031250 0.028125
0 0.604688 0.739062 0.028125 0.028125
0 0.532813 0.889062 0.028125 0.028125
0 0.595313 0.704688 0.028125 0.028125
0 0.581250 0.620313 0.031250 0.028125
0 0.051562 0.882812 0.028125 0.028125
0 0.301563 0.632812 0.028125 0.028125
0 0.173437 0.570312 0.028125 0.028125
0 0.331250 0.915625 0.031250 0.031250
0 0.170313 0.742188 0.028125 0.028125
0 0.645312 0.948438 0.028125 0.028125
0 0.315625 0.715625 0.031250 0.031250
0 0.064062 0.426563 0.028125 0.028125
0 0.332813 0.635938 0.028125 0.028125
0 0.560937 0.485938 0.028125 0.028125
0 0.231250 0.910937 0.031250 0.028125
0 0.628125 0.714063 0.031250 0.028125
0 0.320312 0.551562 0.028125 0.028125
0 0.412500 0.943750 0.031250 0.031250
0 0.618750 0.623437 0.031250 0.028125
0 0.664062 0.657813 0.028125 0.028125
0 0.185938 0.714063 0.028125 0.028125
0 0.429688 0.860938 0.028125 0.028125
0 0.546875 0.567187 0.031250 0.028125
0 0.432812 0.751563 0.028125 0.028125
0 0.707812 0.692187 0.028125 0.028125
0 0.635938 0.745313 0.028125 0.028125
0 0.529687 0.698438 0.028125 0.028125
0 0.617188 0.837500 0.028125 0.031250
0 0.414062 0.832812 0.028125 0.028125
0 0.201563 0.910937 0.028125 0.028125
0 0.284375 0.829688 0.031250 0.028125
0 0.107813 0.739062 0.028125 0.028125
0 0.332813 0.746875 0.028125 0.031250
0 0.207813 0.517188 0.028125 0.028125
0 0.251563 0.773438 0.028125 0.028125
0 0.239063 0.573438 0.028125 0.028125
0 0.701562 0.882812 0.028125 0.028125
0 0.057813 0.767188 0.028125 0.028125
0 0.142187 0.570312 0.028125 0.028125
0 0.270313 0.576562 0.028125 0.028125
0 0.268750 0.801562 0.031250 0.028125
0 0.385937 0.442188 0.028125 0.028125
0 0.382812 0.889062 0.028125 0.028125
0 0.498437 0.698438 0.028125 0.028125
0 0.298438 0.910937 0.028125 0.028125
0 0.128125 0.485938 0.031250 0.028125
0 0.398438 0.804688 0.028125 0.028125
0 0.203125 0.743750 0.031250 0.031250
0 0.031250 0.425000 0.031250 0.031250
0 0.029687 0.540625 0.028125 0.031250
0 0.568750 0.760938 0.031250 0.028125
0 0.579688 0.673438 0.028125 0.028125
0 0.531250 0.646875 0.031250 0.031250
0 0.156250 0.712500 0.031250 0.031250
0 0.029687 0.482812 0.028125 0.028125
0 0.728125 0.898438 0.031250 0.028125
0 0.090625 0.709375 0.031250 0.031250
0 0.092188 0.768750 0.028125 0.031250
0 0.435937 0.420312 0.028125 0.028125
0 0.118750 0.939063 0.025000 0.028125
0 0.510938 0.975000 0.028125 0.031250
0 0.496875 0.535937 0.031250 0.028125
0 0.640625 0.787500 0.031250 0.031250
0 0.643750 0.885938 0.025000 0.028125
0 0.395313 0.915625 0.028125 0.031250
0 0.610938 0.676562 0.028125 0.028125
0 0.346875 0.945312 0.031250 0.028125
0 0.596875 0.648438 0.031250 0.028125
0 0.479687 0.832812 0.028125 0.028125
0 0.629687 0.651563 0.028125 0.028125
0 0.207813 0.460938 0.028125 0.028125
0 0.367188 0.526563 0.028125 0.028125
0 0.254688 0.492188 0.028125 0.028125
0 0.267188 0.970313 0.028125 0.028125
0 0.537500 0.959375 0.031250 0.031250
0 0.543750 0.781250 0.031250 0.031250
0 0.382812 0.720313 0.028125 0.028125
0 0.020313 0.825000 0.034375 0.031250
0 0.104688 0.795312 0.028125 0.028125
0 0.085938 0.828125 0.028125 0.031250
0 0.257812 0.545312 0.028125 0.028125
0 0.578125 0.729688 0.031250 0.028125
0 0.432812 0.639062 0.028125 0.028125
0 0.398438 0.639062 0.028125 0.028125
0 0.420312 0.448437 0.028125 0.028125
0 0.479687 0.564063 0.028125 0.028125
0 0.562500 0.700000 0.031250 0.031250
0 0.479687 0.670312 0.028125 0.028125
0 0.495312 0.645312 0.028125 0.028125
0 0.568750 0.975000 0.031250 0.031250
0 0.060937 0.482812 0.028125 0.028125
0 0.175000 0.517188 0.031250 0.028125
0 0.301563 0.576562 0.028125 0.028125
0 0.670312 0.832812 0.028125 0.028125
0 0.759375 0.948438 0.031250 0.028125
0 0.154688 0.598437 0.028125 0.028125
0 0.251563 0.826562 0.028125 0.028125
0 0.732812 0.931250 0.028125 0.031250
0 0.381250 0.943750 0.031250 0.031250
0 0.578125 0.570312 0.031250 0.028125
0 0.448437 0.670312 0.028125 0.028125
0 0.514062 0.565625 0.028125 0.031250
0 0.712500 0.784375 0.031250 0.031250
0 0.514062 0.779687 0.028125 0.028125
0 0.529687 0.539062 0.028125 0.028125
0 0.756250 0.807813 0.031250 0.028125
0 0.332813 0.581250 0.028125 0.031250
0 0.617188 0.867188 0.028125 0.028125
0 0.170313 0.685937 0.028125 0.028125
0 0.450000 0.946875 0.031250 0.031250
0 0.053125 0.825000 0.031250 0.031250
0 0.432812 0.587500 0.028125 0.031250
0 0.348438 0.717187 0.028125 0.028125
0 0.645312 0.851562 0.028125 0.028125
0 0.282813 0.775000 0.028125 0.031250
0 0.414062 0.723437 0.028125 0.028125
0 0.384375 0.832812 0.031250 0.028125
0 0.139063 0.514062 0.028125 0.028125
0 0.078125 0.568750 0.031250 0.031250
0 0.176563 0.457813 0.028125 0.028125
0 0.464062 0.751563 0.028125 0.028125
0 0.398438 0.585938 0.028125 0.028125
0 0.268750 0.689063 0.025000 0.028125
0 0.284375 0.604688 0.025000 0.028125
0 0.284375 0.660937 0.031250 0.028125
0 0.078125 0.398438 0.031250 0.028125
0 0.126562 0.598437 0.028125 0.028125
0 0.451562 0.723437 0.028125 0.028125
0 0.579688 0.517188 0.028125 0.028125
0 0.593750 0.487500 0.031250 0.031250
0 0.267188 0.857812 0.028125 0.028125
0 0.167187 0.967187 0.028125 0.028125
0 0.298438 0.967187 0.028125 0.028125
0 0.464062 0.696875 0.028125 0.031250
0 0.134375 0.967187 0.025000 0.028125
0 0.512500 0.620313 0.031250 0.028125
0 0.123438 0.542188 0.028125 0.028125
0 0.495312 0.753125 0.028125 0.031250
0 0.601562 0.595313 0.028125 0.028125
0 0.365625 0.968750 0.031250 0.031250
0 0.289062 0.548438 0.028125 0.028125
0 0.560937 0.870313 0.028125 0.028125
0 0.464062 0.642188 0.028125 0.028125
0 0.301563 0.689063 0.028125 0.028125
0 0.076563 0.682813 0.028125 0.028125
0 0.335938 0.525000 0.028125 0.031250
0 0.482812 0.617188 0.028125 0.028125
0 0.635938 0.545312 0.028125 0.028125
0 0.217188 0.939063 0.028125 0.028125
0 0.592187 0.951562 0.028125 0.028125
0 0.757812 0.854688 0.034375 0.034375
0 0.348438 0.607812 0.028125 0.028125
0 0.665625 0.759375 0.031250 0.031250
0 0.154688 0.545312 0.028125 0.028125
0 0.548438 0.457813 0.028125 0.028125
0 0.037500 0.912500 0.031250 0.031250
0 0.445312 0.889062 0.028125 0.028125
0 0.045312 0.510938 0.028125 0.028125
0 0.728125 0.864062 0.031250 0.028125
0 0.548438 0.673438 0.028125 0.028125
0 0.351562 0.556250 0.028125 0.031250
0 0.076563 0.623437 0.028125 0.028125
0 0.510938 0.940625 0.028125 0.031250
0 0.332813 0.690625 0.028125 0.031250
0 0.529687 0.485938 0.028125 0.028125
0 0.273438 0.460938 0.028125 0.028125
0 0.617188 0.967187 0.028125 0.028125
0 0.729688 0.964063 0.028125 0.028125
0 0.226562 0.432812 0.028125 0.028125
0 0.467187 0.532813 0.028125 0.028125
0 0.645312 0.820312 0.028125 0.028125
0 0.270313 0.745313 0.028125 0.028125
0 0.321875 0.435937 0.025000 0.028125
0 0.423438 0.392188 0.028125 0.028125
0 0.400000 0.529687 0.025000 0.028125
0 0.675000 0.967187 0.031250 0.028125
0 0.217188 0.884375 0.028125 0.031250
0 0.046875 0.567187 0.031250 0.028125
0 0.592187 0.821875 0.028125 0.031250
0 0.046875 0.395313 0.031250 0.028125
0 0.095312 0.367188 0.034375 0.034375
0 0.237500 0.743750 0.031250 0.031250
0 0.415625 0.612500 0.025000 0.025000
0 0.517188 0.510938 0.028125 0.028125
0 0.121875 0.712500 0.031250 0.031250
0 0.635938 0.595313 0.028125 0.028125
0 0.184375 0.939063 0.031250 0.028125
0 0.414062 0.560937 0.028125 0.028125
0 0.495312 0.592187 0.028125 0.028125
0 0.304688 0.520312 0.028125 0.028125
0 0.257812 0.435937 0.028125 0.028125
0 0.781250 0.831250 0.031250 0.031250
0 0.429688 0.915625 0.028125 0.031250
0 0.403125 0.415625 0.031250 0.031250
0 0.398438 0.860938 0.028125 0.028125
0 0.045312 0.456250 0.028125 0.031250
0 0.414062 0.889062 0.028125 0.028125
0 0.290625 0.492188 0.031250 0.028125
0 0.692187 0.664062 0.028125 0.028125
0 0.484375 0.956250 0.031250 0.031250
0 0.460938 0.589063 0.028125 0.028125
0 0.079687 0.454688 0.028125 0.028125
0 0.384375 0.556250 0.025000 0.025000
0 0.367188 0.582812 0.028125 0.028125
0 0.320312 0.607812 0.028125 0.028125
0 0.189062 0.657813 0.028125 0.028125
0 0.515625 0.460938 0.031250 0.028125
0 0.315625 0.942187 0.031250 0.028125
0 0.681250 0.721875 0.031250 0.031250
0 0.168750 0.909375 0.025000 0.025000
0 0.496875 0.485938 0.031250 0.028125
0 0.107813 0.623437 0.028125 0.028125
0 0.560937 0.542188 0.028125 0.028125
0 0.426563 0.970313 0.034375 0.034375
0 0.790625 0.934375 0.031250 0.031250
0 0.548438 0.514062 0.028125 0.028125
0 0.701562 0.946875 0.028125 0.031250
0 0.371875 0.410938 0.031250 0.028125
0 0.687500 0.557813 0.031250 0.034375
0 0.465625 0.479687 0.031250 0.028125
0 0.143750 0.398438 0.031250 0.028125
0 0.751563 0.721875 0.028125 0.031250
0 0.331250 0.970313 0.031250 0.028125
0 0.645312 0.512500 0.028125 0.031250
0 0.614062 0.518750 0.028125 0.031250
0 0.414062 0.504687 0.028125 0.028125
0 0.384375 0.501563 0.025000 0.028125
0 0.382812 0.610938 0.028125 0.028125
0 0.695312 0.751563 0.028125 0.028125
0 0.464062 0.431250 0.028125 0.031250
0 0.073438 0.798438 0.028125 0.028125
0 0.353125 0.435937 0.025000 0.028125
0 0.701562 0.814063 0.028125 0.028125
0 0.045312 0.737500 0.028125 0.031250
0 0.745313 0.779687 0.028125 0.028125
0 0.481250 0.459375 0.031250 0.031250
0 0.192188 0.489063 0.028125 0.028125
0 0.432812 0.476562 0.028125 0.028125
0 0.159375 0.431250 0.031250 0.031250
0 0.101562 0.967187 0.028125 0.028125
0 0.787500 0.865625 0.031250 0.031250
0 0.026562 0.764062 0.028125 0.028125
0 0.448437 0.454688 0.028125 0.028125
0 0.665625 0.534375 0.031250 0.031250
0 0.145313 0.457813 0.028125 0.028125
0 0.501563 0.431250 0.028125 0.031250
0 0.740625 0.693750 0.031250 0.031250
0 0.270313 0.520312 0.028125 0.028125
0 0.092188 0.654687 0.028125 0.028125
0 0.545312 0.620313 0.028125 0.028125
0 0.240625 0.406250 0.025000 0.025000
0 0.275000 0.406250 0.025000 0.025000
0 0.812500 0.846875 0.031250 0.031250
0 0.306250 0.462500 0.025000 0.025000
0 0.017188 0.454688 0.028125 0.028125
0 0.459375 0.978125 0.031250 0.031250
0 0.787500 0.896875 0.031250 0.031250
0 0.070312 0.965625 0.028125 0.025000
0 0.395313 0.970313 0.028125 0.028125
0 0.579688 0.459375 0.028125 0.031250
0 0.026562 0.367188 0.034375 0.034375
0 0.560937 0.598437 0.028125 0.028125
0 0.126562 0.367188 0.028125 0.028125
0 0.026562 0.709375 0.028125 0.031250
0 0.021875 0.937500 0.025000 0.025000
0 0.787500 0.964063 0.031250 0.034375
0 0.623437 0.492188 0.028125 0.028125
0 0.342187 0.407813 0.028125 0.028125
0 0.771875 0.693750 0.031250 0.031250
0 0.723437 0.664062 0.034375 0.034375
0 0.532813 0.429688 0.028125 0.028125
0 0.454688 0.398438 0.028125 0.028125
0 0.176563 0.401562 0.028125 0.028125
0 0.290625 0.435937 0.025000 0.028125
0 0.154688 0.654687 0.028125 0.028125
0 0.207813 0.401562 0.028125 0.028125
0 0.060937 0.367188 0.034375 0.034375
0 0.648438 0.978125 0.028125 0.031250
