0 0.050000 0.264062 0.037500 0.034375
0 0.653125 0.612500 0.031250 0.031250
0 0.039062 0.882812 0.028125 0.028125
0 0.776563 0.450000 0.028125 0.031250
0 0.723437 0.481250 0.028125 0.031250
0 0.601562 0.935937 0.028125 0.028125
0 0.385937 0.728125 0.034375 0.037500
0 0.104688 0.771875 0.028125 0.031250
0 0.573438 0.920312 0.028125 0.028125
0 0.723437 0.250000 0.028125 0.031250
0 0.120313 0.803125 0.028125 0.031250
0 0.751563 0.267188 0.028125 0.028125
0 0.090625 0.740625 0.031250 0.031250
0 0.685937 0.857812 0.028125 0.028125
0 0.657813 0.578125 0.028125 0.031250
0 0.685937 0.889062 0.028125 0.028125
0 0.745313 0.792188 0.028125 0.028125
0 0.714063 0.873437 0.028125 0.028125
0 0.623437 0.764062 0.028125 0.028125
0 0.720313 0.550000 0.028125 0.031250
0 0.745313 0.695312 0.028125 0.028125
0 0.073438 0.825000 0.028125 0.031250
0 0.723437 0.314063 0.028125 0.028125
0 0.745313 0.857812 0.028125 0.028125
0 0.081250 0.245312 0.031250 0.028125
0 0.717187 0.742188 0.028125 0.028125
0 0.112500 0.064062 0.031250 0.028125
0 0.625000 0.703125 0.031250 0.031250
0 0.681250 0.754687 0.031250 0.028125
0 0.495312 0.854688 0.028125 0.028125
0 0.695312 0.267188 0.028125 0.028125
0 0.589063 0.292187 0.028125 0.028125
0 0.629687 0.920312 0.028125 0.028125
0 0.098437 0.559375 0.028125 0.031250
0 0.779687 0.185938 0.028125 0.028125
0 0.773438 0.842187 0.028125 0.028125
0 0.184375 0.856250 0.031250 0.031250
0 0.773438 0.612500 0.028125 0.031250
0 0.414062 0.806250 0.028125 0.031250
0 0.153125 0.801562 0.031250 0.028125
0 0.698438 0.362500 0.028125 0.031250
0 0.682813 0.596875 0.028125 0.031250
0 0.804688 0.564063 0.028125 0.028125
0 0.467187 0.870313 0.028125 0.028125
0 0.529687 0.840625 0.028125 0.031250
0 0.473438 0.807813 0.028125 0.028125
0 0.717187 0.710938 0.028125 0.028125
0 0.442188 0.854688 0.028125 0.028125
0 0.776563 0.484375 0.028125 0.031250
0 0.460938 0.904687 0.028125 0.028125
0 0.687500 0.628125 0.031250 0.031250
0 0.629687 0.889062 0.028125 0.028125
0 0.539062 0.681250 0.028125 0.031250
0 0.598437 0.685937 0.028125 0.028125
0 0.057813 0.854688 0.028125 0.028125
0 0.779687 0.151562 0.028125 0.028125
0 0.182812 0.482812 0.028125 0.028125
0 0.748437 0.757812 0.028125 0.028125
0 0.142187 0.048438 0.028125 0.028125
0 0.212500 0.565625 0.031250 0.031250
0 0.620313 0.732812 0.028125 0.028125
0 0.743750 0.596875 0.031250 0.031250
0 0.567187 0.698438 0.028125 0.028125
0 0.717187 0.839063 0.028125 0.028125
0 0.575000 0.456250 0.031250 0.031250
0 0.135937 0.214062 0.028125 0.028125
0 0.660937 0.545312 0.028125 0.028125
0 0.742188 0.920312 0.028125 0.028125
0 0.560937 0.948438 0.028125 0.028125
0 0.564063 0.729688 0.028125 0.028125
0 0.154688 0.857812 0.028125 0.028125
0 0.026562 0.853125 0.028125 0.031250
0 0.696875 0.329688 0.031250 0.028125
0 0.385937 0.692187 0.028125 0.028125
0 0.751563 0.234375 0.028125 0.031250
0 0.717187 0.676562 0.028125 0.028125
0 0.081250 0.179688 0.031250 0.028125
0 0.439063 0.885938 0.028125 0.028125
0 0.531250 0.934375 0.031250 0.031250
0 0.721875 0.517188 0.031250 0.028125
0 0.112500 0.100000 0.031250 0.031250
0 0.807813 0.071875 0.028125 0.031250
0 0.745313 0.660937 0.028125 0.028125
0 0.148438 0.598437 0.028125 0.028125
0 0.514062 0.545312 0.028125 0.028125
0 0.507812 0.729688 0.028125 0.028125
0 0.126562 0.542188 0.028125 0.028125
0 0.215625 0.690625 0.031250 0.031250
0 0.478125 0.712500 0.031250 0.031250
0 0.210938 0.435937 0.028125 0.028125
0 0.592187 0.748437 0.028125 0.028125
0 0.139063 0.831250 0.028125 0.031250
0 0.217188 0.657813 0.028125 0.028125
0 0.628125 0.670312 0.031250 0.028125
0 0.660937 0.648438 0.028125 0.028125
0 0.601562 0.871875 0.028125 0.031250
0 0.270313 0.948438 0.028125 0.028125
0 0.546875 0.903125 0.031250 0.031250
0 0.800000 0.825000 0.031250 0.031250
0 0.689063 0.823438 0.028125 0.028125
0 0.529687 0.779687 0.028125 0.028125
0 0.182812 0.912500 0.028125 0.031250
0 0.657813 0.904687 0.028125 0.028125
0 0.089063 0.914062 0.028125 0.028125
0 0.168750 0.885938 0.031250 0.028125
0 0.212500 0.821875 0.031250 0.031250
0 0.629687 0.856250 0.028125 0.031250
0 0.190625 0.184375 0.031250 0.031250
0 0.440625 0.821875 0.025000 0.025000
0 0.293750 0.418750 0.031250 0.031250
0 0.167187 0.134375 0.028125 0.031250
0 0.329688 0.789062 0.028125 0.028125
0 0.745313 0.823438 0.028125 0.028125
0 0.801562 0.596875 0.028125 0.031250
0 0.778125 0.218750 0.031250 0.031250
0 0.690625 0.784375 0.031250 0.031250
0 0.645312 0.260937 0.028125 0.028125
0 0.657813 0.712500 0.028125 0.031250
0 0.743750 0.953125 0.031250 0.031250
0 0.517188 0.876563 0.028125 0.028125
0 0.685937 0.726562 0.028125 0.028125
0 0.748437 0.532813 0.028125 0.028125
0 0.689063 0.564063 0.028125 0.028125
0 0.056250 0.742188 0.031250 0.028125
0 0.139063 0.775000 0.028125 0.031250
0 0.696875 0.464062 0.031250 0.028125
0 0.054688 0.795312 0.028125 0.028125
0 0.445312 0.790625 0.028125 0.031250
0 0.242188 0.929688 0.028125 0.028125
0 0.168750 0.829688 0.031250 0.028125
0 0.715625 0.581250 0.031250 0.031250
0 0.775000 0.807813 0.031250 0.028125
0 0.589063 0.257812 0.028125 0.028125
0 0.831250 0.515625 0.031250 0.031250
0 0.110937 0.165625 0.028125 0.031250
0 0.775000 0.581250 0.031250 0.031250
0 0.123438 0.576562 0.028125 0.028125
0 0.571875 0.665625 0.031250 0.031250
0 0.151562 0.689063 0.028125 0.028125
0 0.751563 0.432812 0.028125 0.028125
0 0.779687 0.120313 0.028125 0.028125
0 0.726562 0.448437 0.028125 0.028125
0 0.715625 0.612500 0.031250 0.031250
0 0.078125 0.287500 0.031250 0.031250
0 0.120313 0.857812 0.028125 0.028125
0 0.628125 0.951562 0.025000 0.028125
0 0.718750 0.771875 0.031250 0.031250
0 0.354687 0.932813 0.028125 0.028125
0 0.695312 0.498437 0.028125 0.028125
0 0.671875 0.245312 0.031250 0.028125
0 0.834375 0.282813 0.031250 0.028125
0 0.156250 0.501563 0.031250 0.028125
0 0.151562 0.914062 0.028125 0.028125
0 0.753125 0.362500 0.031250 0.031250
0 0.128125 0.664062 0.031250 0.028125
0 0.053125 0.228125 0.031250 0.031250
0 0.270313 0.917188 0.028125 0.028125
0 0.503125 0.823438 0.025000 0.028125
0 0.240625 0.550000 0.031250 0.031250
0 0.546875 0.871875 0.031250 0.031250
0 0.642188 0.298438 0.028125 0.028125
0 0.040625 0.823438 0.031250 0.028125
0 0.670312 0.482812 0.028125 0.028125
0 0.692187 0.529687 0.028125 0.028125
0 0.600000 0.653125 0.031250 0.031250
0 0.385937 0.629687 0.028125 0.028125
0 0.804688 0.135937 0.028125 0.028125
0 0.089063 0.857812 0.028125 0.028125
0 0.253125 0.142187 0.031250 0.028125
0 0.273438 0.723437 0.028125 0.028125
0 0.576562 0.889062 0.028125 0.028125
0 0.629687 0.640625 0.028125 0.031250
0 0.157812 0.270313 0.028125 0.028125
0 0.157812 0.237500 0.028125 0.031250
0 0.778125 0.281250 0.031250 0.031250
0 0.300000 0.707812 0.031250 0.028125
0 0.293750 0.550000 0.031250 0.031250
0 0.326562 0.917188 0.028125 0.028125
0 0.081250 0.214062 0.031250 0.028125
0 0.776563 0.548438 0.028125 0.028125
0 0.107813 0.229687 0.028125 0.028125
0 0.300000 0.676562 0.031250 0.028125
0 0.448437 0.535937 0.028125 0.028125
0 0.781250 0.348438 0.031250 0.028125
0 0.615625 0.276562 0.031250 0.028125
0 0.587500 0.779687 0.031250 0.028125
0 0.745313 0.629687 0.028125 0.028125
0 0.696875 0.295312 0.031250 0.028125
0 0.685937 0.951562 0.028125 0.028125
0 0.743750 0.726562 0.031250 0.028125
0 0.417187 0.775000 0.028125 0.031250
0 0.589063 0.595313 0.028125 0.028125
0 0.448437 0.757812 0.028125 0.028125
0 0.267188 0.535937 0.028125 0.028125
0 0.410938 0.901563 0.028125 0.028125
0 0.598437 0.840625 0.028125 0.031250
0 0.407813 0.495312 0.028125 0.028125
0 0.503125 0.953125 0.031250 0.031250
0 0.657813 0.873437 0.028125 0.028125
0 0.070312 0.542188 0.028125 0.028125
0 0.245312 0.643750 0.028125 0.031250
0 0.742188 0.889062 0.028125 0.028125
0 0.103125 0.268750 0.031250 0.031250
0 0.267188 0.403125 0.028125 0.031250
0 0.628125 0.585938 0.031250 0.028125
0 0.532813 0.439063 0.028125 0.028125
0 0.779687 0.089063 0.028125 0.028125
0 0.645312 0.804688 0.028125 0.028125
0 0.717187 0.807813 0.028125 0.028125
0 0.089063 0.798438 0.028125 0.028125
0 0.218750 0.595313 0.031250 0.028125
0 0.806250 0.104688 0.031250 0.028125
0 0.718750 0.645312 0.031250 0.028125
0 0.135937 0.631250 0.028125 0.031250
0 0.417187 0.681250 0.028125 0.031250
0 0.251563 0.110937 0.028125 0.028125
0 0.415625 0.526563 0.031250 0.028125
0 0.292187 0.454688 0.028125 0.028125
0 0.303125 0.646875 0.031250 0.031250
0 0.210938 0.501563 0.028125 0.028125
0 0.056250 0.910937 0.031250 0.028125
0 0.685937 0.920312 0.028125 0.028125
0 0.154688 0.564063 0.028125 0.028125
0 0.215625 0.915625 0.031250 0.031250
0 0.357812 0.806250 0.028125 0.031250
0 0.168750 0.032813 0.031250 0.028125
0 0.245312 0.900000 0.028125 0.031250
0 0.753125 0.201563 0.031250 0.028125
0 0.040625 0.770312 0.031250 0.028125
0 0.301563 0.901563 0.028125 0.028125
0 0.507812 0.696875 0.028125 0.031250
0 0.085938 0.614062 0.028125 0.028125
0 0.612500 0.315625 0.031250 0.031250
0 0.585938 0.626563 0.028125 0.028125
0 0.557813 0.639062 0.028125 0.028125
0 0.751563 0.298438 0.028125 0.028125
0 0.298438 0.932813 0.028125 0.028125
0 0.476562 0.745313 0.028125 0.028125
0 0.714063 0.967187 0.028125 0.028125
0 0.215625 0.626563 0.031250 0.028125
0 0.482812 0.539062 0.028125 0.028125
0 0.128125 0.451562 0.031250 0.028125
0 0.187500 0.225000 0.031250 0.031250
0 0.535937 0.714063 0.028125 0.028125
0 0.615625 0.612500 0.031250 0.031250
0 0.643750 0.228125 0.031250 0.031250
0 0.770312 0.904687 0.028125 0.028125
0 0.776563 0.517188 0.028125 0.028125
0 0.467187 0.839063 0.028125 0.028125
0 0.329688 0.660937 0.028125 0.028125
0 0.545312 0.467187 0.028125 0.028125
0 0.748437 0.170313 0.028125 0.028125
0 0.470313 0.507812 0.028125 0.028125
0 0.273438 0.789062 0.028125 0.028125
0 0.204687 0.882812 0.028125 0.028125
0 0.654687 0.775000 0.028125 0.031250
0 0.187500 0.675000 0.031250 0.031250
0 0.476562 0.776563 0.028125 0.028125
0 0.068750 0.975000 0.031250 0.031250
0 0.070312 0.770312 0.028125 0.028125
0 0.215625 0.725000 0.031250 0.031250
0 0.771875 0.646875 0.031250 0.031250
0 0.382812 0.823438 0.028125 0.028125
0 0.181250 0.578125 0.031250 0.031250
0 0.698438 0.229687 0.028125 0.028125
0 0.625000 0.825000 0.031250 0.031250
0 0.535937 0.523438 0.028125 0.028125
0 0.770312 0.935937 0.028125 0.028125
0 0.446875 0.696875 0.031250 0.031250
0 0.779687 0.314063 0.028125 0.028125
0 0.696875 0.070312 0.031250 0.028125
0 0.357812 0.773438 0.028125 0.028125
0 0.410938 0.868750 0.028125 0.025000
0 0.806250 0.267188 0.031250 0.028125
0 0.157812 0.532813 0.028125 0.028125
0 0.654687 0.935937 0.028125 0.028125
0 0.168750 0.065625 0.031250 0.031250
0 0.753125 0.329688 0.031250 0.028125
0 0.650000 0.743750 0.031250 0.031250
0 0.640625 0.037500 0.031250 0.031250
0 0.532813 0.748437 0.028125 0.028125
0 0.748437 0.564063 0.028125 0.028125
0 0.329688 0.171875 0.028125 0.031250
0 0.245312 0.612500 0.028125 0.031250
0 0.489063 0.892188 0.028125 0.028125
0 0.440625 0.503125 0.031250 0.031250
0 0.751563 0.501563 0.028125 0.028125
0 0.632812 0.551562 0.028125 0.028125
0 0.689063 0.695312 0.028125 0.028125
0 0.604688 0.535937 0.028125 0.028125
0 0.410938 0.839063 0.028125 0.028125
0 0.273438 0.628125 0.028125 0.031250
0 0.140625 0.081250 0.031250 0.031250
0 0.157812 0.751563 0.028125 0.028125
0 0.385937 0.790625 0.028125 0.031250
0 0.414062 0.648438 0.028125 0.028125
0 0.243750 0.742188 0.031250 0.028125
0 0.728125 0.378125 0.031250 0.031250
0 0.298438 0.964063 0.028125 0.028125
0 0.556250 0.496875 0.031250 0.031250
0 0.654687 0.967187 0.028125 0.028125
0 0.185938 0.420312 0.028125 0.028125
0 0.415625 0.618750 0.031250 0.031250
0 0.098437 0.526563 0.028125 0.028125
0 0.210938 0.404687 0.028125 0.028125
0 0.701562 0.395313 0.028125 0.028125
0 0.770312 0.873437 0.028125 0.028125
0 0.692187 0.173437 0.028125 0.028125
0 0.385937 0.598437 0.028125 0.028125
0 0.531250 0.968750 0.031250 0.031250
0 0.087500 0.079687 0.031250 0.028125
0 0.350000 0.521875 0.031250 0.031250
0 0.184375 0.800000 0.031250 0.031250
0 0.068750 0.712500 0.031250 0.031250
0 0.357812 0.835938 0.028125 0.028125
0 0.775000 0.710938 0.031250 0.028125
0 0.779687 0.248438 0.028125 0.028125
0 0.320312 0.535937 0.028125 0.028125
0 0.326562 0.757812 0.028125 0.028125
0 0.421875 0.743750 0.031250 0.031250
0 0.667188 0.282813 0.028125 0.028125
0 0.557813 0.795312 0.028125 0.028125
0 0.667188 0.020313 0.028125 0.028125
0 0.500000 0.573438 0.031250 0.028125
0 0.023438 0.907813 0.028125 0.028125
0 0.585938 0.964063 0.028125 0.028125
0 0.504687 0.760938 0.028125 0.028125
0 0.831250 0.581250 0.031250 0.031250
0 0.701562 0.426563 0.028125 0.028125
0 0.560937 0.764062 0.028125 0.028125
0 0.643750 0.395313 0.031250 0.028125
0 0.245312 0.579688 0.028125 0.028125
0 0.501563 0.514062 0.028125 0.028125
0 0.560937 0.607812 0.028125 0.028125
0 0.503125 0.792188 0.025000 0.028125
0 0.585938 0.485938 0.028125 0.028125
0 0.671875 0.381250 0.031250 0.031250
0 0.775000 0.412500 0.031250 0.031250
0 0.214062 0.785937 0.028125 0.028125
0 0.589063 0.228125 0.028125 0.031250
0 0.054688 0.160938 0.028125 0.028125
0 0.245312 0.676562 0.028125 0.028125
0 0.473438 0.620313 0.028125 0.028125
0 0.601562 0.904687 0.028125 0.028125
0 0.210938 0.370312 0.028125 0.028125
0 0.243750 0.868750 0.031250 0.031250
0 0.185938 0.387500 0.028125 0.031250
0 0.665625 0.514062 0.031250 0.028125
0 0.073438 0.884375 0.028125 0.031250
0 0.300000 0.614062 0.031250 0.028125
0 0.382812 0.885938 0.028125 0.028125
0 0.585938 0.810937 0.028125 0.028125
0 0.139063 0.181250 0.028125 0.031250
0 0.354687 0.901563 0.028125 0.028125
0 0.656250 0.839063 0.031250 0.028125
0 0.104688 0.831250 0.028125 0.031250
0 0.475000 0.968750 0.031250 0.031250
0 0.601562 0.567187 0.028125 0.028125
0 0.729688 0.409375 0.028125 0.031250
0 0.329688 0.692187 0.028125 0.028125
0 0.751563 0.071875 0.028125 0.031250
0 0.587500 0.331250 0.031250 0.031250
0 0.320312 0.471875 0.028125 0.031250
0 0.356250 0.553125 0.031250 0.031250
0 0.375000 0.506250 0.031250 0.031250
0 0.667188 0.054688 0.028125 0.028125
0 0.529687 0.651563 0.028125 0.028125
0 0.726562 0.215625 0.028125 0.031250
0 0.557813 0.826562 0.028125 0.028125
0 0.779687 0.056250 0.028125 0.031250
0 0.182812 0.768750 0.028125 0.031250
0 0.292187 0.518750 0.028125 0.031250
0 0.771875 0.740625 0.031250 0.031250
0 0.801562 0.760938 0.028125 0.028125
0 0.028125 0.146875 0.031250 0.031250
0 0.721875 0.023438 0.031250 0.028125
0 0.614062 0.795312 0.028125 0.028125
0 0.335938 0.129688 0.034375 0.034375
0 0.523438 0.493750 0.028125 0.031250
0 0.779687 0.379688 0.028125 0.028125
0 0.273438 0.690625 0.028125 0.031250
0 0.045312 0.432812 0.028125 0.028125
0 0.803125 0.468750 0.031250 0.031250
0 0.239063 0.450000 0.028125 0.031250
0 0.804688 0.500000 0.028125 0.031250
0 0.242188 0.707812 0.028125 0.028125
0 0.273438 0.595313 0.028125 0.028125
0 0.445312 0.634375 0.028125 0.031250
0 0.492188 0.484375 0.028125 0.031250
0 0.114062 0.606250 0.028125 0.031250
0 0.048438 0.301563 0.028125 0.028125
0 0.184375 0.943750 0.031250 0.031250
0 0.429688 0.473438 0.028125 0.028125
0 0.531250 0.618750 0.031250 0.031250
0 0.182812 0.517188 0.028125 0.028125
0 0.673438 0.212500 0.028125 0.031250
0 0.214062 0.754687 0.028125 0.028125
0 0.221875 0.064062 0.031250 0.028125
0 0.187500 0.706250 0.031250 0.031250
0 0.157812 0.335938 0.028125 0.028125
0 0.112500 0.132812 0.031250 0.028125
0 0.645312 0.460938 0.028125 0.028125
0 0.357812 0.645312 0.028125 0.028125
0 0.159375 0.720313 0.031250 0.028125
0 0.714063 0.935937 0.028125 0.028125
0 0.126562 0.509375 0.028125 0.031250
0 0.104688 0.639062 0.028125 0.028125
0 0.115625 0.031250 0.031250 0.031250
0 0.085938 0.945312 0.028125 0.028125
0 0.023438 0.210938 0.028125 0.028125
0 0.104688 0.882812 0.028125 0.028125
0 0.192188 0.150000 0.028125 0.031250
0 0.435937 0.920312 0.028125 0.028125
0 0.214062 0.468750 0.028125 0.031250
0 0.185938 0.739062 0.028125 0.028125
0 0.828125 0.843750 0.031250 0.031250
0 0.451562 0.446875 0.028125 0.031250
0 0.689063 0.660937 0.028125 0.028125
0 0.239063 0.387500 0.028125 0.031250
0 0.831250 0.550000 0.031250 0.031250
0 0.265625 0.501563 0.031250 0.028125
0 0.292187 0.487500 0.028125 0.031250
0 0.237500 0.517188 0.031250 0.028125
0 0.242188 0.773438 0.028125 0.028125
0 0.185938 0.321875 0.028125 0.031250
0 0.307812 0.146875 0.028125 0.031250
0 0.139063 0.114062 0.028125 0.028125
0 0.050000 0.368750 0.031250 0.031250
0 0.303125 0.187500 0.031250 0.031250
0 0.110937 0.195312 0.028125 0.028125
0 0.085938 0.112500 0.028125 0.031250
0 0.154688 0.467187 0.028125 0.028125
0 0.451562 0.726562 0.028125 0.028125
0 0.126562 0.745313 0.028125 0.028125
0 0.242188 0.804688 0.028125 0.028125
0 0.159375 0.657813 0.031250 0.028125
0 0.510938 0.462500 0.028125 0.031250
0 0.640625 0.068750 0.031250 0.031250
0 0.806250 0.298438 0.031250 0.028125
0 0.832812 0.315625 0.034375 0.031250
0 0.400000 0.467187 0.031250 0.028125
0 0.300000 0.739062 0.031250 0.028125
0 0.057813 0.095312 0.028125 0.028125
0 0.462500 0.935937 0.031250 0.028125
0 0.184375 0.453125 0.031250 0.031250
0 0.710938 0.904687 0.028125 0.028125
0 0.215625 0.853125 0.031250 0.031250
0 0.239063 0.420312 0.028125 0.028125
0 0.268750 0.339062 0.031250 0.028125
0 0.489063 0.923438 0.028125 0.028125
0 0.210938 0.532813 0.028125 0.028125
0 0.670312 0.085938 0.028125 0.028125
0 0.437500 0.953125 0.031250 0.031250
0 0.129688 0.285938 0.028125 0.028125
0 0.501563 0.301563 0.028125 0.028125
0 0.801562 0.792188 0.028125 0.028125
0 0.775000 0.676562 0.031250 0.028125
0 0.195312 0.114062 0.028125 0.028125
0 0.300000 0.773438 0.031250 0.028125
0 0.281250 0.165625 0.031250 0.031250
0 0.150000 0.945312 0.031250 0.028125
0 0.529687 0.810937 0.028125 0.028125
0 0.482812 0.451562 0.028125 0.028125
0 0.446875 0.665625 0.031250 0.031250
0 0.645312 0.426563 0.028125 0.028125
0 0.096875 0.671875 0.031250 0.031250
0 0.800000 0.857812 0.025000 0.028125
0 0.445312 0.603125 0.028125 0.031250
0 0.385937 0.660937 0.028125 0.028125
0 0.135937 0.884375 0.028125 0.031250
0 0.023438 0.742188 0.028125 0.028125
0 0.592187 0.717187 0.028125 0.028125
0 0.273438 0.660937 0.028125 0.028125
0 0.214062 0.946875 0.028125 0.031250
0 0.329688 0.851562 0.028125 0.028125
0 0.806250 0.329688 0.031250 0.028125
0 0.723437 0.346875 0.028125 0.031250
0 0.120313 0.914062 0.028125 0.028125
0 0.021875 0.240625 0.031250 0.031250
0 0.618750 0.243750 0.031250 0.031250
0 0.582812 0.517188 0.028125 0.028125
0 0.532813 0.587500 0.028125 0.031250
0 0.223438 0.095312 0.028125 0.028125
0 0.187500 0.609375 0.031250 0.031250
0 0.168750 0.098437 0.031250 0.028125
0 0.557813 0.362500 0.028125 0.031250
0 0.412500 0.557813 0.031250 0.028125
0 0.723437 0.279687 0.028125 0.028125
0 0.723437 0.054688 0.028125 0.028125
0 0.501563 0.632812 0.028125 0.028125
0 0.721875 0.151562 0.031250 0.028125
0 0.750000 0.468750 0.031250 0.031250
0 0.695312 0.101562 0.028125 0.028125
0 0.501563 0.332813 0.028125 0.028125
0 0.771875 0.971875 0.031250 0.031250
0 0.273438 0.757812 0.028125 0.028125
0 0.589063 0.367188 0.028125 0.028125
0 0.559375 0.395313 0.031250 0.028125
0 0.268750 0.370312 0.031250 0.028125
0 0.160938 0.304688 0.028125 0.028125
0 0.695312 0.039062 0.028125 0.028125
0 0.053125 0.943750 0.031250 0.031250
0 0.251563 0.175000 0.028125 0.031250
0 0.642188 0.164062 0.028125 0.028125
0 0.829688 0.807813 0.034375 0.034375
0 0.504687 0.364063 0.028125 0.028125
0 0.723437 0.182812 0.028125 0.028125
0 0.778125 0.021875 0.031250 0.031250
0 0.239063 0.485938 0.028125 0.028125
0 0.028125 0.178125 0.031250 0.031250
0 0.329688 0.723437 0.028125 0.028125
0 0.329688 0.882812 0.028125 0.028125
0 0.065625 0.678125 0.031250 0.031250
0 0.214062 0.245312 0.028125 0.028125
0 0.048438 0.335938 0.028125 0.028125
0 0.242188 0.835938 0.028125 0.028125
0 0.187500 0.642188 0.031250 0.028125
0 0.357812 0.676562 0.028125 0.028125
0 0.726562 0.085938 0.028125 0.028125
0 0.420312 0.714063 0.028125 0.028125
0 0.243750 0.264062 0.031250 0.028125
0 0.334375 0.204687 0.031250 0.028125
0 0.128125 0.712500 0.031250 0.031250
0 0.167187 0.165625 0.028125 0.031250
0 0.354687 0.867188 0.028125 0.028125
0 0.215625 0.215625 0.031250 0.031250
0 0.273438 0.821875 0.028125 0.031250
0 0.076563 0.420312 0.028125 0.028125
0 0.659375 0.681250 0.031250 0.031250
0 0.617188 0.179688 0.028125 0.028125
0 0.184375 0.257812 0.031250 0.028125
0 0.267188 0.470313 0.028125 0.028125
0 0.276562 0.062500 0.028125 0.031250
0 0.354687 0.742188 0.028125 0.028125
0 0.557813 0.304688 0.028125 0.028125
0 0.385937 0.760938 0.028125 0.028125
0 0.804688 0.431250 0.028125 0.031250
0 0.418750 0.443750 0.031250 0.031250
0 0.164062 0.201563 0.028125 0.028125
0 0.532813 0.289062 0.028125 0.028125
0 0.082812 0.145313 0.028125 0.028125
0 0.571875 0.854688 0.031250 0.028125
0 0.585938 0.034375 0.028125 0.031250
0 0.573438 0.548438 0.028125 0.028125
0 0.242188 0.964063 0.028125 0.028125
0 0.384375 0.567187 0.031250 0.028125
0 0.832812 0.087500 0.028125 0.031250
0 0.503125 0.398438 0.031250 0.028125
0 0.157812 0.404687 0.028125 0.028125
0 0.673438 0.410938 0.028125 0.028125
0 0.214062 0.276562 0.028125 0.028125
0 0.468750 0.423438 0.031250 0.028125
0 0.056250 0.128125 0.031250 0.031250
0 0.265625 0.439063 0.031250 0.028125
0 0.645312 0.196875 0.028125 0.031250
0 0.592187 0.398438 0.028125 0.028125
0 0.612500 0.018750 0.031250 0.031250
0 0.051562 0.195312 0.028125 0.028125
0 0.331250 0.629687 0.031250 0.028125
0 0.614062 0.504687 0.028125 0.028125
0 0.807813 0.170313 0.028125 0.028125
0 0.371875 0.475000 0.031250 0.031250
0 0.698438 0.132812 0.028125 0.028125
0 0.239063 0.293750 0.028125 0.031250
0 0.831250 0.382812 0.031250 0.034375
0 0.476562 0.648438 0.028125 0.028125
0 0.167187 0.971875 0.028125 0.031250
0 0.801562 0.529687 0.028125 0.028125
0 0.803125 0.631250 0.031250 0.031250
0 0.028125 0.964063 0.031250 0.028125
0 0.385937 0.535937 0.028125 0.028125
0 0.129688 0.251563 0.028125 0.028125
0 0.751563 0.135937 0.028125 0.028125
0 0.048438 0.400000 0.028125 0.025000
0 0.517188 0.907813 0.028125 0.028125
0 0.195312 0.050000 0.028125 0.031250
0 0.248438 0.079687 0.028125 0.028125
0 0.214062 0.304688 0.028125 0.028125
0 0.117188 0.946875 0.028125 0.031250
0 0.021875 0.350000 0.031250 0.031250
0 0.501563 0.604688 0.028125 0.028125
0 0.245312 0.204687 0.028125 0.028125
0 0.185938 0.289062 0.028125 0.028125
0 0.221875 0.126562 0.031250 0.028125
0 0.385937 0.851562 0.028125 0.028125
0 0.673438 0.445312 0.028125 0.028125
0 0.071875 0.575000 0.031250 0.031250
0 0.045312 0.464062 0.028125 0.028125
0 0.615625 0.212500 0.031250 0.031250
0 0.246875 0.046875 0.031250 0.031250
0 0.670312 0.310937 0.028125 0.028125
0 0.618750 0.442188 0.031250 0.028125
0 0.503125 0.664062 0.025000 0.028125
0 0.239063 0.354687 0.028125 0.028125
0 0.617188 0.476562 0.028125 0.028125
0 0.223438 0.154688 0.028125 0.028125
0 0.098437 0.704688 0.028125 0.028125
0 0.500000 0.431250 0.031250 0.031250
0 0.806250 0.040625 0.031250 0.031250
0 0.329688 0.567187 0.028125 0.028125
0 0.185938 0.354687 0.028125 0.028125
0 0.157812 0.435937 0.028125 0.028125
0 0.021875 0.285938 0.031250 0.034375
0 0.560937 0.273438 0.028125 0.028125
0 0.751563 0.040625 0.028125 0.031250
0 0.557813 0.045312 0.028125 0.028125
0 0.670312 0.120313 0.028125 0.028125
0 0.726562 0.118750 0.028125 0.031250
0 0.453125 0.396875 0.031250 0.031250
0 0.775000 0.776563 0.025000 0.028125
0 0.831250 0.481250 0.031250 0.031250
0 0.273438 0.882812 0.028125 0.028125
0 0.139063 0.148438 0.028125 0.028125
0 0.076563 0.650000 0.028125 0.031250
0 0.129688 0.417187 0.028125 0.028125
0 0.831250 0.615625 0.031250 0.031250
0 0.217188 0.339062 0.028125 0.028125
0 0.564063 0.573438 0.028125 0.028125
0 0.300000 0.581250 0.031250 0.031250
0 0.670312 0.150000 0.028125 0.031250
0 0.473438 0.592187 0.028125 0.028125
0 0.301563 0.868750 0.028125 0.031250
0 0.043750 0.528125 0.031250 0.031250
0 0.407813 0.968750 0.028125 0.031250
0 0.195312 0.082812 0.028125 0.028125
0 0.642188 0.132812 0.028125 0.028125
0 0.473438 0.681250 0.028125 0.031250
0 0.804688 0.400000 0.028125 0.031250
0 0.354687 0.710938 0.028125 0.028125
0 0.346875 0.487500 0.031250 0.031250
0 0.028125 0.110937 0.031250 0.028125
0 0.303125 0.110937 0.031250 0.034375
0 0.560937 0.242188 0.028125 0.028125
0 0.087500 0.045312 0.031250 0.028125
0 0.023438 0.634375 0.028125 0.025000
0 0.243750 0.232813 0.031250 0.028125
0 0.501563 0.065625 0.028125 0.031250
0 0.039062 0.714063 0.028125 0.028125
0 0.281250 0.131250 0.031250 0.031250
0 0.242188 0.326562 0.028125 0.028125
0 0.800000 0.953125 0.031250 0.031250
0 0.054688 0.628125 0.028125 0.031250
0 0.346875 0.456250 0.031250 0.031250
0 0.070312 0.514062 0.028125 0.028125
0 0.300000 0.806250 0.031250 0.031250
0 0.834375 0.056250 0.031250 0.031250
0 0.445312 0.570312 0.028125 0.028125
0 0.445312 0.364063 0.028125 0.028125
0 0.431250 0.125000 0.031250 0.031250
0 0.296875 0.387500 0.031250 0.031250
0 0.834375 0.120313 0.031250 0.028125
0 0.182812 0.545312 0.028125 0.028125
0 0.473438 0.317188 0.028125 0.028125
0 0.395313 0.114062 0.028125 0.028125
0 0.045312 0.496875 0.028125 0.031250
0 0.473438 0.346875 0.028125 0.031250
0 0.460938 0.479687 0.028125 0.028125
0 0.378125 0.443750 0.031250 0.031250
0 0.832812 0.248438 0.034375 0.034375
0 0.135937 0.973437 0.028125 0.028125
0 0.359375 0.159375 0.031250 0.031250
0 0.528125 0.348438 0.031250 0.028125
0 0.076563 0.321875 0.028125 0.031250
0 0.610938 0.051562 0.028125 0.028125
0 0.075000 0.385937 0.031250 0.028125
0 0.132812 0.320312 0.028125 0.028125
0 0.103125 0.432812 0.025000 0.028125
0 0.832812 0.153125 0.028125 0.031250
0 0.478125 0.379688 0.031250 0.028125
0 0.542188 0.554688 0.028125 0.028125
0 0.157812 0.370312 0.028125 0.028125
0 0.018750 0.412500 0.031250 0.031250
0 0.320312 0.504687 0.028125 0.028125
0 0.828125 0.778125 0.031250 0.031250
0 0.529687 0.378125 0.028125 0.031250
0 0.415625 0.587500 0.031250 0.031250
0 0.615625 0.381250 0.031250 0.031250
0 0.834375 0.350000 0.031250 0.031250
0 0.214062 0.978125 0.028125 0.031250
0 0.798438 0.921875 0.028125 0.031250
0 0.326562 0.821875 0.028125 0.031250
0 0.592187 0.429688 0.028125 0.028125
0 0.018750 0.318750 0.031250 0.031250
0 0.360938 0.190625 0.028125 0.031250
0 0.362500 0.104688 0.031250 0.028125
0 0.104688 0.304688 0.028125 0.028125
0 0.273438 0.853125 0.028125 0.031250
0 0.503125 0.271875 0.031250 0.031250
0 0.021875 0.553125 0.031250 0.031250
0 0.612500 0.978125 0.025000 0.025000
0 0.560937 0.426563 0.028125 0.028125
0 0.018750 0.381250 0.031250 0.031250
0 0.531250 0.062500 0.031250 0.031250
0 0.271875 0.303125 0.031250 0.031250
0 0.506250 0.034375 0.031250 0.031250
0 0.045312 0.657813 0.028125 0.028125
0 0.326562 0.948438 0.028125 0.028125
0 0.320312 0.437500 0.028125 0.031250
0 0.023438 0.798438 0.028125 0.028125
0 0.828125 0.970313 0.031250 0.034375
0 0.828125 0.937500 0.031250 0.031250
0 0.196875 0.015625 0.031250 0.031250
0 0.559375 0.017188 0.031250 0.028125
0 0.351562 0.967187 0.028125 0.028125
0 0.142187 0.017188 0.028125 0.028125
0 0.535937 0.226562 0.028125 0.028125
0 0.076563 0.451562 0.028125 0.028125
0 0.221875 0.185938 0.025000 0.028125
0 0.800000 0.662500 0.031250 0.031250
0 0.076563 0.351562 0.028125 0.028125
0 0.614062 0.346875 0.028125 0.031250
0 0.326562 0.976562 0.028125 0.028125
0 0.356250 0.614062 0.031250 0.028125
0 0.559375 0.212500 0.031250 0.031250
0 0.270313 0.567187 0.028125 0.028125
0 0.557813 0.332813 0.028125 0.028125
0 0.476562 0.045312 0.028125 0.028125
0 0.103125 0.971875 0.031250 0.031250
0 0.276562 0.203125 0.028125 0.031250
0 0.073438 0.481250 0.028125 0.031250
0 0.276562 0.095312 0.028125 0.028125
0 0.437500 0.418750 0.031250 0.031250
0 0.635938 0.523438 0.028125 0.028125
0 0.801562 0.723437 0.034375 0.034375
0 0.326562 0.026562 0.028125 0.028125
0 0.582812 0.065625 0.028125 0.031250
0 0.221875 0.034375 0.031250 0.031250
0 0.301563 0.835938 0.028125 0.028125
0 0.331250 0.237500 0.031250 0.031250
0 0.528125 0.317188 0.031250 0.028125
0 0.829688 0.745313 0.028125 0.028125
0 0.801562 0.695312 0.028125 0.028125
0 0.270313 0.976562 0.028125 0.028125
0 0.421875 0.385937 0.025000 0.028125
0 0.018750 0.478125 0.031250 0.031250
0 0.496875 0.100000 0.031250 0.031250
0 0.101562 0.401562 0.028125 0.028125
0 0.418750 0.096875 0.031250 0.031250
0 0.409375 0.935937 0.025000 0.028125
0 0.532813 0.029687 0.028125 0.028125
0 0.831250 0.415625 0.031250 0.031250
