0 0.759375 0.682813 0.031250 0.028125
0 0.529687 0.878125 0.028125 0.031250
0 0.087500 0.087500 0.031250 0.031250
0 0.701562 0.814063 0.028125 0.028125
0 0.103125 0.059375 0.031250 0.031250
0 0.184375 0.845313 0.031250 0.028125
0 0.282813 0.145313 0.028125 0.028125
0 0.070312 0.228125 0.028125 0.031250
0 0.214062 0.764062 0.028125 0.028125
0 0.334375 0.287500 0.031250 0.031250
0 0.050000 0.825000 0.031250 0.031250
0 0.500000 0.860938 0.031250 0.034375
0 0.076563 0.842187 0.028125 0.028125
0 0.070312 0.057813 0.028125 0.028125
0 0.214062 0.795312 0.028125 0.028125
0 0.703125 0.651563 0.031250 0.028125
0 0.609375 0.204687 0.031250 0.034375
0 0.729688 0.765625 0.028125 0.031250
0 0.356250 0.843750 0.031250 0.031250
0 0.701562 0.779687 0.028125 0.028125
0 0.484375 0.106250 0.031250 0.031250
0 0.253125 0.317188 0.031250 0.028125
0 0.645312 0.065625 0.028125 0.031250
0 0.054688 0.198437 0.028125 0.028125
0 0.071875 0.285938 0.031250 0.028125
0 0.234375 0.345313 0.031250 0.028125
0 0.048438 0.857812 0.028125 0.028125
0 0.251563 0.259375 0.028125 0.031250
0 0.453125 0.096875 0.031250 0.031250
0 0.759375 0.096875 0.031250 0.031250
0 0.135937 0.059375 0.028125 0.031250
0 0.729688 0.732812 0.028125 0.028125
0 0.270313 0.831250 0.028125 0.031250
0 0.485938 0.143750 0.028125 0.031250
0 0.575000 0.187500 0.031250 0.031250
0 0.135937 0.171875 0.028125 0.031250
0 0.559375 0.051562 0.031250 0.028125
0 0.267188 0.118750 0.028125 0.031250
0 0.157812 0.895312 0.028125 0.028125
0 0.584375 0.220312 0.031250 0.028125
0 0.784375 0.765625 0.031250 0.031250
0 0.756250 0.815625 0.031250 0.031250
0 0.673438 0.050000 0.028125 0.031250
0 0.182812 0.812500 0.028125 0.031250
0 0.562500 0.085938 0.031250 0.028125
0 0.357812 0.810937 0.028125 0.028125
0 0.365625 0.178125 0.031250 0.031250
0 0.385937 0.795312 0.028125 0.028125
0 0.815625 0.751563 0.031250 0.034375
0 0.701562 0.748437 0.028125 0.028125
0 0.348438 0.259375 0.028125 0.031250
0 0.589063 0.067187 0.028125 0.028125
0 0.246875 0.431250 0.031250 0.031250
0 0.529687 0.845313 0.028125 0.028125
0 0.151562 0.200000 0.028125 0.031250
0 0.495312 0.275000 0.028125 0.031250
0 0.212500 0.829688 0.031250 0.028125
0 0.054688 0.257812 0.028125 0.028125
0 0.540625 0.140625 0.031250 0.031250
0 0.451562 0.254688 0.028125 0.028125
0 0.317188 0.373437 0.028125 0.028125
0 0.732812 0.079687 0.028125 0.028125
0 0.151562 0.087500 0.028125 0.031250
0 0.271875 0.893750 0.031250 0.031250
0 0.754687 0.850000 0.028125 0.031250
0 0.300000 0.403125 0.031250 0.031250
0 0.539062 0.107813 0.028125 0.028125
0 0.557813 0.926562 0.028125 0.028125
0 0.557813 0.864062 0.028125 0.028125
0 0.610938 0.237500 0.028125 0.031250
0 0.021875 0.200000 0.031250 0.031250
0 0.242188 0.910937 0.028125 0.028125
0 0.151562 0.142187 0.028125 0.028125
0 0.784375 0.734375 0.031250 0.031250
0 0.701562 0.064062 0.028125 0.028125
0 0.589063 0.035937 0.028125 0.028125
0 0.079687 0.806250 0.028125 0.031250
0 0.643750 0.034375 0.031250 0.031250
0 0.414062 0.814063 0.028125 0.028125
0 0.300000 0.234375 0.031250 0.031250
0 0.581250 0.253125 0.031250 0.031250
0 0.787500 0.831250 0.031250 0.031250
0 0.232813 0.059375 0.028125 0.031250
0 0.490625 0.306250 0.031250 0.031250
0 0.185938 0.914062 0.028125 0.028125
0 0.035937 0.228125 0.028125 0.031250
0 0.070312 0.342187 0.028125 0.028125
0 0.120313 0.142187 0.028125 0.028125
0 0.759375 0.521875 0.031250 0.031250
0 0.200000 0.287500 0.031250 0.031250
0 0.054688 0.087500 0.028125 0.031250
0 0.214062 0.929688 0.028125 0.028125
0 0.645312 0.098437 0.028125 0.028125
0 0.350000 0.037500 0.031250 0.031250
0 0.043750 0.931250 0.031250 0.031250
0 0.117188 0.201563 0.028125 0.028125
0 0.815625 0.784375 0.031250 0.031250
0 0.103125 0.862500 0.031250 0.031250
0 0.367188 0.400000 0.028125 0.031250
0 0.675000 0.114062 0.031250 0.028125
0 0.701562 0.846875 0.028125 0.031250
0 0.185938 0.259375 0.028125 0.031250
0 0.157812 0.931250 0.028125 0.031250
0 0.729688 0.667188 0.028125 0.028125
0 0.731250 0.406250 0.031250 0.031250
0 0.815625 0.456250 0.031250 0.031250
0 0.164062 0.231250 0.028125 0.031250
0 0.106250 0.825000 0.031250 0.031250
0 0.184375 0.878125 0.031250 0.031250
0 0.046875 0.896875 0.031250 0.031250
0 0.218750 0.203125 0.031250 0.031250
0 0.734375 0.439063 0.031250 0.028125
0 0.357812 0.781250 0.028125 0.031250
0 0.131250 0.846875 0.031250 0.031250
0 0.284375 0.315625 0.031250 0.031250
0 0.085938 0.198437 0.028125 0.028125
0 0.510938 0.090625 0.028125 0.031250
0 0.329688 0.893750 0.028125 0.031250
0 0.298438 0.682813 0.028125 0.028125
0 0.328125 0.828125 0.031250 0.031250
0 0.670312 0.798438 0.028125 0.028125
0 0.184375 0.032813 0.031250 0.034375
0 0.242188 0.750000 0.028125 0.031250
0 0.414062 0.254688 0.028125 0.028125
0 0.510938 0.125000 0.028125 0.031250
0 0.282813 0.092188 0.028125 0.028125
0 0.351562 0.315625 0.028125 0.031250
0 0.498437 0.337500 0.028125 0.031250
0 0.478125 0.039062 0.031250 0.028125
0 0.525000 0.317188 0.031250 0.028125
0 0.265625 0.396875 0.031250 0.031250
0 0.114062 0.793750 0.028125 0.031250
0 0.728125 0.046875 0.031250 0.031250
0 0.785937 0.567187 0.028125 0.028125
0 0.379688 0.148438 0.028125 0.028125
0 0.023438 0.314063 0.028125 0.028125
0 0.414062 0.148438 0.028125 0.028125
0 0.021875 0.876563 0.031250 0.028125
0 0.415625 0.312500 0.031250 0.031250
0 0.525000 0.285938 0.031250 0.028125
0 0.617188 0.051562 0.028125 0.028125
0 0.759375 0.715625 0.031250 0.031250
0 0.270313 0.860938 0.028125 0.028125
0 0.231250 0.401562 0.031250 0.028125
0 0.300000 0.910937 0.031250 0.028125
0 0.617188 0.082812 0.028125 0.028125
0 0.443750 0.796875 0.031250 0.031250
0 0.250000 0.089063 0.031250 0.028125
0 0.818750 0.421875 0.031250 0.031250
0 0.732812 0.632812 0.028125 0.028125
0 0.382812 0.370312 0.028125 0.028125
0 0.364063 0.120313 0.028125 0.028125
0 0.118750 0.087500 0.031250 0.031250
0 0.328125 0.667188 0.031250 0.028125
0 0.214062 0.895312 0.028125 0.028125
0 0.253125 0.203125 0.031250 0.031250
0 0.395313 0.229687 0.028125 0.028125
0 0.021875 0.843750 0.031250 0.031250
0 0.553125 0.271875 0.031250 0.031250
0 0.787500 0.800000 0.031250 0.031250
0 0.318750 0.318750 0.031250 0.031250
0 0.534375 0.070312 0.031250 0.028125
0 0.331250 0.175000 0.031250 0.031250
0 0.326562 0.732812 0.028125 0.028125
0 0.182812 0.196875 0.028125 0.031250
0 0.103125 0.965625 0.031250 0.031250
0 0.282813 0.260937 0.028125 0.028125
0 0.382812 0.037500 0.028125 0.031250
0 0.268750 0.698438 0.031250 0.028125
0 0.200000 0.115625 0.031250 0.031250
0 0.210938 0.659375 0.028125 0.031250
0 0.087500 0.257812 0.031250 0.028125
0 0.331250 0.065625 0.031250 0.031250
0 0.557813 0.957812 0.028125 0.028125
0 0.214062 0.626563 0.028125 0.028125
0 0.701562 0.910937 0.028125 0.028125
0 0.553125 0.235937 0.031250 0.034375
0 0.556250 0.893750 0.031250 0.031250
0 0.432812 0.282813 0.028125 0.028125
0 0.412500 0.750000 0.031250 0.031250
0 0.398438 0.284375 0.028125 0.031250
0 0.640625 0.225000 0.031250 0.031250
0 0.464062 0.332813 0.028125 0.028125
0 0.298438 0.062500 0.028125 0.031250
0 0.215625 0.371875 0.031250 0.031250
0 0.756250 0.782813 0.031250 0.028125
0 0.703125 0.485938 0.031250 0.028125
0 0.073438 0.912500 0.028125 0.031250
0 0.270313 0.926562 0.028125 0.028125
0 0.357812 0.876563 0.028125 0.028125
0 0.087500 0.028125 0.031250 0.031250
0 0.335938 0.345313 0.028125 0.028125
0 0.760938 0.420312 0.028125 0.028125
0 0.151562 0.260937 0.028125 0.028125
0 0.135937 0.601562 0.028125 0.028125
0 0.432812 0.228125 0.028125 0.031250
0 0.268750 0.289062 0.031250 0.028125
0 0.615625 0.173437 0.031250 0.028125
0 0.300000 0.876563 0.031250 0.028125
0 0.459375 0.131250 0.031250 0.031250
0 0.212500 0.862500 0.031250 0.031250
0 0.729688 0.471875 0.028125 0.031250
0 0.584375 0.881250 0.031250 0.031250
0 0.545312 0.170313 0.028125 0.028125
0 0.240625 0.846875 0.031250 0.031250
0 0.554688 0.332813 0.028125 0.028125
0 0.348438 0.148438 0.028125 0.028125
0 0.040625 0.284375 0.031250 0.031250
0 0.050000 0.790625 0.031250 0.031250
0 0.281250 0.584375 0.031250 0.031250
0 0.385937 0.829688 0.028125 0.028125
0 0.153125 0.778125 0.031250 0.031250
0 0.367188 0.343750 0.028125 0.031250
0 0.385937 0.764062 0.028125 0.028125
0 0.315625 0.037500 0.031250 0.031250
0 0.759375 0.131250 0.031250 0.031250
0 0.364063 0.229687 0.028125 0.028125
0 0.732812 0.503125 0.028125 0.031250
0 0.414062 0.781250 0.028125 0.031250
0 0.101562 0.229687 0.028125 0.028125
0 0.326562 0.860938 0.028125 0.028125
0 0.567187 0.121875 0.028125 0.031250
0 0.059375 0.759375 0.031250 0.031250
0 0.585938 0.845313 0.028125 0.028125
0 0.382812 0.314063 0.028125 0.028125
0 0.728125 0.865625 0.031250 0.031250
0 0.728125 0.831250 0.031250 0.031250
0 0.332813 0.232813 0.028125 0.028125
0 0.529687 0.910937 0.028125 0.028125
0 0.298438 0.714063 0.028125 0.028125
0 0.757812 0.650000 0.028125 0.031250
0 0.448437 0.307812 0.028125 0.028125
0 0.242188 0.879687 0.028125 0.028125
0 0.300000 0.814063 0.031250 0.028125
0 0.618750 0.114062 0.031250 0.028125
0 0.326562 0.926562 0.028125 0.028125
0 0.284375 0.371875 0.031250 0.031250
0 0.271875 0.796875 0.031250 0.031250
0 0.415625 0.845313 0.031250 0.028125
0 0.300000 0.845313 0.031250 0.028125
0 0.790625 0.081250 0.031250 0.031250
0 0.759375 0.585938 0.031250 0.028125
0 0.485938 0.176563 0.028125 0.028125
0 0.331250 0.118750 0.031250 0.031250
0 0.025000 0.759375 0.031250 0.031250
0 0.432812 0.339062 0.028125 0.028125
0 0.729688 0.701562 0.028125 0.028125
0 0.156250 0.864062 0.031250 0.028125
0 0.364063 0.064062 0.028125 0.028125
0 0.281250 0.428125 0.031250 0.031250
0 0.645312 0.129688 0.028125 0.028125
0 0.348438 0.203125 0.028125 0.031250
0 0.087500 0.143750 0.031250 0.031250
0 0.546875 0.204687 0.031250 0.028125
0 0.039062 0.059375 0.028125 0.031250
0 0.581250 0.284375 0.031250 0.031250
0 0.356250 0.517188 0.031250 0.028125
0 0.090625 0.771875 0.031250 0.031250
0 0.215625 0.315625 0.031250 0.031250
0 0.500000 0.893750 0.031250 0.031250
0 0.271875 0.631250 0.031250 0.031250
0 0.457813 0.196875 0.028125 0.031250
0 0.196875 0.225000 0.031250 0.031250
0 0.110937 0.550000 0.028125 0.031250
0 0.268750 0.731250 0.031250 0.031250
0 0.184375 0.143750 0.031250 0.031250
0 0.789062 0.437500 0.028125 0.031250
0 0.314063 0.585938 0.028125 0.028125
0 0.182812 0.315625 0.028125 0.031250
0 0.167187 0.289062 0.028125 0.028125
0 0.242188 0.945312 0.028125 0.028125
0 0.184375 0.750000 0.031250 0.031250
0 0.298438 0.118750 0.028125 0.031250
0 0.334375 0.400000 0.031250 0.031250
0 0.757812 0.618750 0.028125 0.031250
0 0.726562 0.931250 0.028125 0.031250
0 0.815625 0.715625 0.031250 0.031250
0 0.268750 0.345313 0.031250 0.028125
0 0.673438 0.082812 0.028125 0.028125
0 0.073438 0.878125 0.028125 0.031250
0 0.300000 0.345313 0.031250 0.028125
0 0.354687 0.587500 0.028125 0.031250
0 0.351562 0.373437 0.028125 0.028125
0 0.167187 0.343750 0.028125 0.031250
0 0.818750 0.815625 0.031250 0.031250
0 0.554688 0.301563 0.028125 0.028125
0 0.314063 0.148438 0.028125 0.028125
0 0.156250 0.631250 0.031250 0.031250
0 0.195312 0.464062 0.028125 0.028125
0 0.242188 0.810937 0.028125 0.028125
0 0.668750 0.928125 0.031250 0.031250
0 0.235937 0.292187 0.028125 0.028125
0 0.414062 0.368750 0.028125 0.031250
0 0.395313 0.064062 0.028125 0.028125
0 0.398438 0.175000 0.028125 0.031250
0 0.156250 0.828125 0.031250 0.031250
0 0.701562 0.717187 0.028125 0.028125
0 0.701562 0.095312 0.028125 0.028125
0 0.459375 0.162500 0.031250 0.031250
0 0.759375 0.551562 0.031250 0.028125
0 0.218750 0.265625 0.031250 0.031250
0 0.201563 0.345313 0.028125 0.028125
0 0.615625 0.928125 0.031250 0.031250
0 0.201563 0.059375 0.028125 0.031250
0 0.282813 0.201563 0.028125 0.028125
0 0.701562 0.879687 0.028125 0.028125
0 0.120313 0.257812 0.028125 0.028125
0 0.759375 0.881250 0.031250 0.031250
0 0.273438 0.492188 0.028125 0.028125
0 0.103125 0.285938 0.031250 0.028125
0 0.426563 0.120313 0.028125 0.028125
0 0.215625 0.432812 0.031250 0.028125
0 0.242188 0.679688 0.028125 0.028125
0 0.759375 0.485938 0.031250 0.028125
0 0.300000 0.285938 0.031250 0.028125
0 0.042188 0.964063 0.034375 0.034375
0 0.701562 0.032813 0.028125 0.028125
0 0.101562 0.931250 0.028125 0.031250
0 0.250000 0.034375 0.031250 0.031250
0 0.703125 0.454688 0.031250 0.028125
0 0.671875 0.862500 0.031250 0.031250
0 0.325000 0.531250 0.031250 0.031250
0 0.470313 0.845313 0.028125 0.028125
0 0.287500 0.459375 0.031250 0.031250
0 0.071875 0.948438 0.031250 0.028125
0 0.103125 0.170313 0.031250 0.028125
0 0.398438 0.342187 0.028125 0.028125
0 0.612500 0.831250 0.031250 0.031250
0 0.584375 0.812500 0.031250 0.031250
0 0.315625 0.259375 0.031250 0.031250
0 0.121875 0.762500 0.031250 0.031250
0 0.754687 0.914062 0.028125 0.028125
0 0.121875 0.731250 0.031250 0.031250
0 0.367188 0.284375 0.028125 0.031250
0 0.218750 0.087500 0.031250 0.031250
0 0.134375 0.112500 0.031250 0.031250
0 0.167187 0.115625 0.028125 0.031250
0 0.431250 0.175000 0.031250 0.031250
0 0.267188 0.060937 0.028125 0.028125
0 0.270313 0.665625 0.028125 0.031250
0 0.670312 0.767188 0.028125 0.028125
0 0.476562 0.362500 0.028125 0.031250
0 0.760938 0.389062 0.028125 0.028125
0 0.445312 0.367188 0.028125 0.028125
0 0.528125 0.975000 0.031250 0.031250
0 0.528125 0.942187 0.031250 0.028125
0 0.039062 0.170313 0.028125 0.028125
0 0.153125 0.745313 0.031250 0.028125
0 0.462500 0.068750 0.031250 0.031250
0 0.585938 0.945312 0.028125 0.028125
0 0.726562 0.895312 0.028125 0.028125
0 0.121875 0.634375 0.031250 0.031250
0 0.592187 0.101562 0.028125 0.028125
0 0.193750 0.578125 0.031250 0.031250
0 0.442188 0.829688 0.028125 0.028125
0 0.354687 0.717187 0.028125 0.028125
0 0.251563 0.370312 0.028125 0.028125
0 0.282813 0.034375 0.028125 0.031250
0 0.673438 0.734375 0.028125 0.031250
0 0.498437 0.828125 0.028125 0.031250
0 0.531250 0.037500 0.031250 0.031250
0 0.429688 0.065625 0.028125 0.031250
0 0.732812 0.603125 0.028125 0.031250
0 0.354687 0.943750 0.028125 0.031250
0 0.160938 0.579688 0.028125 0.028125
0 0.506250 0.371875 0.031250 0.031250
0 0.103125 0.112500 0.031250 0.031250
0 0.235937 0.231250 0.028125 0.031250
0 0.159375 0.965625 0.031250 0.031250
0 0.414062 0.035937 0.028125 0.028125
0 0.103125 0.606250 0.031250 0.031250
0 0.268750 0.175000 0.031250 0.031250
0 0.757812 0.290625 0.028125 0.031250
0 0.179688 0.609375 0.028125 0.031250
0 0.401562 0.395313 0.028125 0.028125
0 0.187500 0.087500 0.031250 0.031250
0 0.790625 0.403125 0.031250 0.031250
0 0.185938 0.945312 0.028125 0.028125
0 0.334375 0.559375 0.031250 0.031250
0 0.395313 0.118750 0.028125 0.031250
0 0.054688 0.317188 0.028125 0.028125
0 0.464062 0.226562 0.028125 0.028125
0 0.143750 0.550000 0.031250 0.031250
0 0.356250 0.909375 0.031250 0.031250
0 0.328125 0.959375 0.031250 0.031250
0 0.465625 0.282813 0.031250 0.028125
0 0.643750 0.782813 0.031250 0.028125
0 0.414062 0.092188 0.028125 0.028125
0 0.151562 0.031250 0.028125 0.031250
0 0.732812 0.373437 0.028125 0.028125
0 0.178125 0.550000 0.031250 0.031250
0 0.445312 0.035937 0.028125 0.028125
0 0.379688 0.259375 0.028125 0.031250
0 0.315625 0.204687 0.031250 0.028125
0 0.560937 0.020313 0.028125 0.028125
0 0.301563 0.650000 0.028125 0.031250
0 0.298438 0.975000 0.028125 0.031250
0 0.257812 0.520312 0.028125 0.028125
0 0.381250 0.431250 0.031250 0.031250
0 0.818750 0.390625 0.031250 0.031250
0 0.703125 0.618750 0.031250 0.031250
0 0.354687 0.748437 0.028125 0.028125
0 0.379688 0.092188 0.028125 0.028125
0 0.789062 0.667188 0.028125 0.028125
0 0.100000 0.656250 0.031250 0.031250
0 0.182812 0.782813 0.028125 0.028125
0 0.298438 0.617188 0.028125 0.028125
0 0.610938 0.268750 0.028125 0.031250
0 0.200000 0.403125 0.031250 0.031250
0 0.103125 0.898438 0.031250 0.028125
0 0.085938 0.314063 0.028125 0.028125
0 0.757812 0.746875 0.028125 0.031250
0 0.415625 0.201563 0.031250 0.028125
0 0.471875 0.814063 0.031250 0.028125
0 0.379688 0.204687 0.028125 0.028125
0 0.698438 0.945312 0.028125 0.028125
0 0.785937 0.603125 0.028125 0.031250
0 0.346875 0.092188 0.031250 0.028125
0 0.120313 0.032813 0.028125 0.028125
0 0.132812 0.229687 0.028125 0.028125
0 0.698438 0.978125 0.028125 0.031250
0 0.300000 0.175000 0.031250 0.031250
0 0.381250 0.568750 0.031250 0.031250
0 0.300000 0.553125 0.031250 0.031250
0 0.556250 0.829688 0.031250 0.028125
0 0.123438 0.310937 0.028125 0.028125
0 0.504687 0.057813 0.028125 0.028125
0 0.582812 0.317188 0.028125 0.028125
0 0.642188 0.193750 0.028125 0.031250
0 0.648438 0.160938 0.028125 0.028125
0 0.053125 0.031250 0.031250 0.031250
0 0.785937 0.898438 0.028125 0.028125
0 0.135937 0.343750 0.028125 0.031250
0 0.214062 0.731250 0.028125 0.031250
0 0.754687 0.946875 0.028125 0.031250
0 0.268750 0.764062 0.031250 0.028125
0 0.668750 0.895312 0.031250 0.028125
0 0.815625 0.589063 0.031250 0.034375
0 0.412500 0.521875 0.031250 0.031250
0 0.357812 0.651563 0.028125 0.028125
0 0.160938 0.521875 0.028125 0.031250
0 0.671875 0.700000 0.031250 0.031250
0 0.729688 0.795312 0.028125 0.028125
0 0.784375 0.864062 0.031250 0.028125
0 0.517188 0.190625 0.028125 0.031250
0 0.785937 0.701562 0.028125 0.028125
0 0.785937 0.634375 0.028125 0.031250
0 0.382812 0.732812 0.028125 0.028125
0 0.039062 0.345313 0.028125 0.028125
0 0.668750 0.959375 0.031250 0.031250
0 0.326562 0.795312 0.028125 0.028125
0 0.167187 0.170313 0.028125 0.028125
0 0.585938 0.910937 0.028125 0.028125
0 0.526563 0.814063 0.028125 0.028125
0 0.529687 0.351562 0.028125 0.028125
0 0.489063 0.206250 0.028125 0.031250
0 0.514062 0.159375 0.028125 0.031250
0 0.618750 0.018750 0.031250 0.031250
0 0.118750 0.373437 0.031250 0.028125
0 0.354687 0.685937 0.028125 0.028125
0 0.815625 0.487500 0.031250 0.031250
0 0.267188 0.232813 0.028125 0.028125
0 0.675000 0.664062 0.031250 0.028125
0 0.200000 0.173437 0.031250 0.028125
0 0.518750 0.221875 0.031250 0.031250
0 0.242188 0.782813 0.028125 0.028125
0 0.070312 0.170313 0.028125 0.028125
0 0.317188 0.092188 0.028125 0.028125
0 0.298438 0.512500 0.028125 0.031250
0 0.129688 0.879687 0.028125 0.028125
0 0.640625 0.256250 0.031250 0.031250
0 0.703125 0.684375 0.031250 0.031250
0 0.054688 0.139063 0.028125 0.028125
0 0.493750 0.242188 0.031250 0.028125
0 0.525000 0.254688 0.031250 0.028125
0 0.020313 0.253125 0.028125 0.031250
0 0.465625 0.393750 0.031250 0.031250
0 0.017188 0.909375 0.028125 0.031250
0 0.640625 0.975000 0.031250 0.031250
0 0.165625 0.662500 0.031250 0.031250
0 0.065625 0.726562 0.031250 0.034375
0 0.390625 0.468750 0.031250 0.031250
0 0.412500 0.553125 0.031250 0.031250
0 0.189062 0.976562 0.028125 0.028125
0 0.759375 0.326562 0.031250 0.028125
0 0.787500 0.471875 0.031250 0.031250
0 0.815625 0.553125 0.031250 0.031250
0 0.610938 0.300000 0.028125 0.031250
0 0.232813 0.117188 0.028125 0.028125
0 0.671875 0.015625 0.031250 0.031250
0 0.670312 0.212500 0.028125 0.031250
0 0.215625 0.959375 0.031250 0.031250
0 0.704688 0.518750 0.028125 0.031250
0 0.268750 0.553125 0.031250 0.031250
0 0.785937 0.929688 0.028125 0.028125
0 0.070312 0.112500 0.028125 0.031250
0 0.760938 0.454688 0.028125 0.028125
0 0.789062 0.537500 0.028125 0.031250
0 0.242188 0.648438 0.028125 0.028125
0 0.217188 0.032813 0.028125 0.028125
0 0.128125 0.914062 0.031250 0.028125
0 0.729688 0.112500 0.028125 0.031250
0 0.021875 0.140625 0.031250 0.031250
0 0.673438 0.634375 0.028125 0.025000
0 0.673438 0.179688 0.028125 0.028125
0 0.185938 0.639062 0.028125 0.028125
0 0.326562 0.701562 0.028125 0.028125
0 0.360938 0.485938 0.028125 0.028125
0 0.093750 0.709375 0.031250 0.031250
0 0.787500 0.112500 0.031250 0.031250
0 0.814063 0.850000 0.034375 0.031250
0 0.154688 0.314063 0.028125 0.028125
0 0.759375 0.162500 0.031250 0.031250
0 0.642188 0.910937 0.028125 0.028125
0 0.032813 0.465625 0.028125 0.031250
0 0.270313 0.957812 0.028125 0.028125
0 0.787500 0.046875 0.031250 0.031250
0 0.671875 0.471875 0.031250 0.031250
0 0.329688 0.632812 0.028125 0.028125
0 0.701562 0.420312 0.028125 0.028125
0 0.670312 0.245312 0.028125 0.028125
0 0.235937 0.565625 0.034375 0.031250
0 0.053125 0.437500 0.031250 0.031250
0 0.131250 0.521875 0.031250 0.031250
0 0.675000 0.148438 0.025000 0.028125
0 0.035937 0.112500 0.028125 0.031250
0 0.585938 0.975000 0.028125 0.031250
0 0.701562 0.195312 0.028125 0.028125
0 0.220312 0.596875 0.028125 0.031250
0 0.703125 0.585938 0.031250 0.028125
0 0.787500 0.506250 0.031250 0.031250
0 0.596875 0.139063 0.031250 0.028125
0 0.182812 0.434375 0.028125 0.031250
0 0.314063 0.437500 0.034375 0.031250
0 0.067187 0.645312 0.028125 0.028125
0 0.382812 0.603125 0.028125 0.031250
0 0.726562 0.962500 0.028125 0.031250
0 0.170313 0.057813 0.028125 0.028125
0 0.131250 0.662500 0.031250 0.031250
0 0.434375 0.400000 0.031250 0.031250
0 0.729688 0.339062 0.028125 0.028125
0 0.226562 0.460938 0.028125 0.028125
0 0.501563 0.957812 0.028125 0.028125
0 0.818750 0.093750 0.031250 0.031250
0 0.701562 0.357812 0.028125 0.028125
0 0.815625 0.681250 0.031250 0.031250
0 0.732812 0.567187 0.028125 0.028125
0 0.701562 0.389062 0.028125 0.028125
0 0.696875 0.259375 0.031250 0.031250
0 0.209375 0.548438 0.031250 0.028125
0 0.614062 0.960938 0.028125 0.028125
0 0.332813 0.498437 0.028125 0.028125
0 0.334375 0.465625 0.031250 0.031250
0 0.015625 0.945312 0.031250 0.028125
0 0.675000 0.603125 0.031250 0.031250
0 0.360938 0.456250 0.028125 0.031250
0 0.496875 0.403125 0.031250 0.031250
0 0.021875 0.809375 0.031250 0.031250
0 0.759375 0.065625 0.031250 0.031250
0 0.298438 0.945312 0.028125 0.028125
0 0.031250 0.728125 0.031250 0.031250
0 0.382812 0.667188 0.028125 0.028125
0 0.410938 0.617188 0.028125 0.028125
0 0.501563 0.796875 0.028125 0.031250
0 0.757812 0.226562 0.028125 0.028125
0 0.784375 0.304688 0.031250 0.028125
0 0.179688 0.492188 0.028125 0.028125
0 0.132812 0.948438 0.028125 0.028125
0 0.020313 0.085938 0.028125 0.028125
0 0.073438 0.678125 0.028125 0.031250
0 0.731250 0.178125 0.031250 0.031250
0 0.257812 0.462500 0.028125 0.031250
0 0.384375 0.703125 0.031250 0.031250
0 0.135937 0.285938 0.028125 0.028125
0 0.442188 0.764062 0.028125 0.028125
0 0.096875 0.521875 0.031250 0.031250
0 0.062500 0.465625 0.031250 0.031250
0 0.385937 0.503125 0.028125 0.031250
0 0.382812 0.634375 0.028125 0.031250
0 0.701562 0.326562 0.028125 0.028125
0 0.190625 0.682813 0.031250 0.028125
0 0.614062 0.800000 0.028125 0.031250
0 0.818750 0.521875 0.031250 0.031250
0 0.698438 0.292187 0.028125 0.028125
0 0.356250 0.975000 0.031250 0.031250
0 0.245312 0.975000 0.028125 0.031250
0 0.818750 0.359375 0.031250 0.031250
0 0.673438 0.503125 0.028125 0.031250
0 0.307812 0.484375 0.028125 0.031250
0 0.245312 0.617188 0.028125 0.028125
0 0.789062 0.242188 0.034375 0.034375
0 0.643750 0.943750 0.031250 0.031250
0 0.134375 0.403125 0.031250 0.031250
0 0.237500 0.493750 0.031250 0.031250
0 0.568750 0.153125 0.031250 0.031250
0 0.756250 0.193750 0.031250 0.031250
0 0.500000 0.017188 0.031250 0.034375
0 0.757812 0.259375 0.028125 0.025000
0 0.237500 0.710938 0.025000 0.028125
