0 0.720313 0.675000 0.028125 0.031250
0 0.582812 0.156250 0.028125 0.031250
0 0.300000 0.156250 0.031250 0.031250
0 0.073438 0.162500 0.034375 0.031250
0 0.678125 0.728125 0.031250 0.031250
0 0.400000 0.859375 0.031250 0.031250
0 0.632812 0.771875 0.028125 0.031250
0 0.614062 0.642188 0.028125 0.028125
0 0.667188 0.696875 0.028125 0.031250
0 0.712500 0.470313 0.031250 0.028125
0 0.157812 0.081250 0.028125 0.031250
0 0.704688 0.503125 0.028125 0.031250
0 0.181250 0.903125 0.031250 0.031250
0 0.640625 0.126562 0.031250 0.028125
0 0.528125 0.090625 0.031250 0.031250
0 0.557813 0.076563 0.028125 0.028125
0 0.768750 0.587500 0.031250 0.031250
0 0.500000 0.142187 0.031250 0.028125
0 0.157812 0.046875 0.028125 0.031250
0 0.043750 0.079687 0.031250 0.028125
0 0.043750 0.114062 0.031250 0.034375
0 0.109375 0.246875 0.031250 0.031250
0 0.582812 0.189062 0.028125 0.028125
0 0.634375 0.692187 0.031250 0.028125
0 0.079687 0.903125 0.028125 0.031250
0 0.520312 0.843750 0.028125 0.031250
0 0.328125 0.109375 0.031250 0.031250
0 0.546875 0.692187 0.031250 0.028125
0 0.632812 0.551562 0.028125 0.028125
0 0.779687 0.435937 0.028125 0.028125
0 0.720313 0.403125 0.028125 0.031250
0 0.778125 0.557813 0.031250 0.028125
0 0.551562 0.829688 0.028125 0.028125
0 0.500000 0.204687 0.031250 0.028125
0 0.470313 0.157812 0.028125 0.028125
0 0.634375 0.584375 0.031250 0.031250
0 0.717187 0.435937 0.028125 0.028125
0 0.642188 0.520312 0.028125 0.028125
0 0.640625 0.662500 0.031250 0.031250
0 0.606250 0.793750 0.031250 0.031250
0 0.284375 0.723437 0.031250 0.028125
0 0.701562 0.060937 0.028125 0.028125
0 0.770312 0.501563 0.028125 0.028125
0 0.650000 0.625000 0.031250 0.031250
0 0.714063 0.567187 0.028125 0.028125
0 0.443750 0.142187 0.031250 0.028125
0 0.554688 0.518750 0.028125 0.031250
0 0.732812 0.592187 0.028125 0.028125
0 0.220312 0.750000 0.028125 0.031250
0 0.571875 0.420312 0.031250 0.028125
0 0.725000 0.209375 0.031250 0.031250
0 0.195312 0.820312 0.028125 0.028125
0 0.681250 0.479687 0.031250 0.028125
0 0.079687 0.262500 0.028125 0.031250
0 0.184375 0.621875 0.031250 0.031250
0 0.454688 0.723437 0.028125 0.028125
0 0.754687 0.353125 0.028125 0.031250
0 0.103125 0.146875 0.031250 0.031250
0 0.600000 0.407813 0.031250 0.028125
0 0.790625 0.528125 0.031250 0.031250
0 0.726562 0.175000 0.028125 0.031250
0 0.737500 0.646875 0.031250 0.031250
0 0.382812 0.517188 0.028125 0.028125
0 0.526563 0.251563 0.028125 0.028125
0 0.526563 0.282813 0.028125 0.028125
0 0.557813 0.107813 0.028125 0.028125
0 0.704688 0.646875 0.028125 0.031250
0 0.106250 0.439063 0.031250 0.028125
0 0.670312 0.204687 0.028125 0.028125
0 0.784375 0.143750 0.031250 0.031250
0 0.782813 0.370312 0.028125 0.028125
0 0.535937 0.751563 0.028125 0.028125
0 0.725000 0.537500 0.031250 0.031250
0 0.271875 0.043750 0.031250 0.031250
0 0.612500 0.140625 0.031250 0.031250
0 0.693750 0.537500 0.031250 0.031250
0 0.021875 0.365625 0.031250 0.031250
0 0.048438 0.187500 0.028125 0.031250
0 0.489063 0.857812 0.028125 0.028125
0 0.500000 0.173437 0.031250 0.028125
0 0.695312 0.382812 0.028125 0.028125
0 0.612500 0.173437 0.031250 0.028125
0 0.670312 0.142187 0.028125 0.028125
0 0.103125 0.112500 0.031250 0.031250
0 0.046875 0.903125 0.031250 0.031250
0 0.282813 0.278125 0.028125 0.031250
0 0.756250 0.064062 0.031250 0.028125
0 0.498437 0.792188 0.028125 0.028125
0 0.720313 0.620313 0.028125 0.028125
0 0.053125 0.282813 0.031250 0.028125
0 0.750000 0.417187 0.031250 0.028125
0 0.589063 0.620313 0.028125 0.028125
0 0.809375 0.421875 0.031250 0.031250
0 0.665625 0.543750 0.031250 0.031250
0 0.242188 0.650000 0.028125 0.031250
0 0.685937 0.448437 0.028125 0.028125
0 0.785937 0.046875 0.028125 0.031250
0 0.084375 0.850000 0.031250 0.031250
0 0.746875 0.446875 0.031250 0.031250
0 0.445312 0.785937 0.028125 0.028125
0 0.754687 0.223438 0.028125 0.028125
0 0.578125 0.387500 0.031250 0.031250
0 0.726562 0.079687 0.028125 0.028125
0 0.809375 0.387500 0.031250 0.031250
0 0.470313 0.221875 0.028125 0.031250
0 0.021875 0.300000 0.031250 0.031250
0 0.782813 0.273438 0.028125 0.028125
0 0.054688 0.504687 0.028125 0.028125
0 0.542188 0.432812 0.028125 0.028125
0 0.021875 0.168750 0.031250 0.031250
0 0.482812 0.456250 0.028125 0.031250
0 0.662500 0.593750 0.031250 0.031250
0 0.054688 0.540625 0.028125 0.031250
0 0.298438 0.660937 0.028125 0.028125
0 0.551562 0.660937 0.028125 0.028125
0 0.357812 0.639062 0.028125 0.028125
0 0.329688 0.173437 0.028125 0.028125
0 0.812500 0.321875 0.031250 0.031250
0 0.520312 0.810937 0.028125 0.028125
0 0.117188 0.534375 0.028125 0.031250
0 0.064062 0.712500 0.028125 0.031250
0 0.082812 0.520312 0.028125 0.028125
0 0.181250 0.657813 0.031250 0.028125
0 0.743750 0.478125 0.031250 0.031250
0 0.687500 0.673438 0.031250 0.028125
0 0.753125 0.385937 0.031250 0.028125
0 0.115625 0.568750 0.031250 0.031250
0 0.556250 0.043750 0.031250 0.031250
0 0.609375 0.206250 0.031250 0.031250
0 0.301563 0.773438 0.028125 0.028125
0 0.460938 0.690625 0.028125 0.031250
0 0.754687 0.095312 0.028125 0.028125
0 0.417187 0.325000 0.028125 0.031250
0 0.462500 0.404687 0.031250 0.028125
0 0.184375 0.062500 0.031250 0.031250
0 0.585938 0.125000 0.028125 0.031250
0 0.526563 0.317188 0.028125 0.028125
0 0.443750 0.206250 0.031250 0.031250
0 0.698438 0.126562 0.028125 0.028125
0 0.485938 0.712500 0.028125 0.031250
0 0.581250 0.809375 0.031250 0.031250
0 0.143750 0.903125 0.031250 0.031250
0 0.317188 0.567187 0.028125 0.028125
0 0.670312 0.237500 0.028125 0.031250
0 0.567187 0.601562 0.028125 0.028125
0 0.571875 0.567187 0.031250 0.028125
0 0.254688 0.732812 0.028125 0.028125
0 0.701562 0.092188 0.028125 0.028125
0 0.698438 0.192188 0.028125 0.028125
0 0.043750 0.046875 0.031250 0.031250
0 0.598437 0.592187 0.028125 0.028125
0 0.548438 0.550000 0.028125 0.031250
0 0.050000 0.443750 0.031250 0.031250
0 0.270313 0.075000 0.028125 0.031250
0 0.260937 0.873437 0.028125 0.028125
0 0.595313 0.729688 0.028125 0.028125
0 0.579688 0.681250 0.028125 0.031250
0 0.253125 0.232813 0.031250 0.028125
0 0.304688 0.629687 0.028125 0.028125
0 0.620313 0.610938 0.028125 0.028125
0 0.607812 0.673438 0.028125 0.028125
0 0.812500 0.225000 0.031250 0.031250
0 0.498437 0.331250 0.028125 0.031250
0 0.109375 0.471875 0.031250 0.031250
0 0.609375 0.531250 0.031250 0.031250
0 0.585938 0.093750 0.028125 0.031250
0 0.307812 0.454688 0.028125 0.028125
0 0.528125 0.125000 0.031250 0.031250
0 0.656250 0.750000 0.031250 0.031250
0 0.084375 0.631250 0.031250 0.031250
0 0.812500 0.354687 0.031250 0.034375
0 0.682813 0.571875 0.028125 0.031250
0 0.442188 0.175000 0.028125 0.031250
0 0.493750 0.826562 0.025000 0.028125
0 0.215625 0.906250 0.031250 0.031250
0 0.665625 0.395313 0.031250 0.028125
0 0.473438 0.773438 0.028125 0.028125
0 0.782813 0.401562 0.028125 0.028125
0 0.782813 0.209375 0.028125 0.031250
0 0.354687 0.090625 0.028125 0.031250
0 0.701562 0.704688 0.028125 0.028125
0 0.723437 0.239063 0.028125 0.028125
0 0.528125 0.190625 0.031250 0.031250
0 0.812500 0.190625 0.031250 0.031250
0 0.728125 0.142187 0.031250 0.028125
0 0.690625 0.415625 0.031250 0.031250
0 0.401562 0.710938 0.028125 0.028125
0 0.073438 0.062500 0.028125 0.031250
0 0.504687 0.760938 0.028125 0.028125
0 0.242188 0.062500 0.028125 0.031250
0 0.325000 0.078125 0.031250 0.031250
0 0.753125 0.157812 0.031250 0.028125
0 0.209375 0.693750 0.031250 0.031250
0 0.726562 0.110937 0.028125 0.028125
0 0.112500 0.903125 0.031250 0.031250
0 0.214062 0.043750 0.028125 0.031250
0 0.814063 0.159375 0.034375 0.031250
0 0.282813 0.245312 0.028125 0.028125
0 0.515625 0.703125 0.031250 0.031250
0 0.698438 0.157812 0.028125 0.028125
0 0.379688 0.804688 0.028125 0.028125
0 0.526563 0.782813 0.028125 0.028125
0 0.556250 0.235937 0.031250 0.028125
0 0.248438 0.760938 0.028125 0.028125
0 0.112500 0.742188 0.031250 0.028125
0 0.423438 0.732812 0.028125 0.028125
0 0.603125 0.560937 0.031250 0.028125
0 0.748437 0.560937 0.028125 0.028125
0 0.168750 0.343750 0.031250 0.031250
0 0.753125 0.618750 0.031250 0.031250
0 0.725000 0.368750 0.031250 0.031250
0 0.364063 0.751563 0.028125 0.028125
0 0.414062 0.157812 0.028125 0.028125
0 0.668750 0.650000 0.031250 0.031250
0 0.106250 0.182812 0.031250 0.028125
0 0.410938 0.362500 0.028125 0.031250
0 0.757812 0.532813 0.028125 0.028125
0 0.757812 0.032813 0.028125 0.028125
0 0.309375 0.598437 0.031250 0.028125
0 0.579688 0.315625 0.028125 0.031250
0 0.728125 0.045312 0.031250 0.028125
0 0.471875 0.189062 0.031250 0.028125
0 0.364063 0.607812 0.028125 0.028125
0 0.582812 0.221875 0.028125 0.031250
0 0.289062 0.400000 0.028125 0.031250
0 0.215625 0.631250 0.031250 0.031250
0 0.556250 0.171875 0.031250 0.031250
0 0.159375 0.115625 0.031250 0.031250
0 0.081250 0.490625 0.031250 0.031250
0 0.435937 0.817187 0.028125 0.028125
0 0.467187 0.659375 0.028125 0.031250
0 0.612500 0.109375 0.031250 0.031250
0 0.471875 0.123438 0.031250 0.028125
0 0.032813 0.712500 0.028125 0.031250
0 0.639062 0.376563 0.028125 0.028125
0 0.145313 0.742188 0.028125 0.028125
0 0.029687 0.876563 0.028125 0.028125
0 0.523438 0.528125 0.028125 0.031250
0 0.753125 0.254688 0.031250 0.028125
0 0.551562 0.367188 0.028125 0.028125
0 0.045312 0.739062 0.028125 0.028125
0 0.237500 0.682813 0.031250 0.028125
0 0.303125 0.190625 0.031250 0.031250
0 0.554688 0.139063 0.028125 0.028125
0 0.346875 0.262500 0.031250 0.031250
0 0.685937 0.623437 0.028125 0.028125
0 0.359375 0.218750 0.031250 0.031250
0 0.332813 0.764062 0.028125 0.028125
0 0.273438 0.782813 0.028125 0.028125
0 0.559375 0.487500 0.031250 0.031250
0 0.051562 0.314063 0.028125 0.028125
0 0.160938 0.820312 0.028125 0.028125
0 0.298438 0.062500 0.028125 0.031250
0 0.520312 0.382812 0.028125 0.028125
0 0.342187 0.842187 0.028125 0.028125
0 0.357812 0.785937 0.028125 0.028125
0 0.231250 0.387500 0.031250 0.031250
0 0.581250 0.348438 0.031250 0.028125
0 0.670312 0.512500 0.028125 0.031250
0 0.615625 0.078125 0.031250 0.031250
0 0.173437 0.593750 0.028125 0.031250
0 0.640625 0.190625 0.031250 0.031250
0 0.468750 0.251563 0.031250 0.028125
0 0.053125 0.346875 0.031250 0.031250
0 0.292187 0.692187 0.028125 0.028125
0 0.071875 0.132812 0.031250 0.028125
0 0.240625 0.506250 0.031250 0.031250
0 0.587500 0.504687 0.031250 0.028125
0 0.670312 0.173437 0.028125 0.028125
0 0.042188 0.145313 0.034375 0.034375
0 0.242188 0.790625 0.028125 0.031250
0 0.243750 0.092188 0.025000 0.028125
0 0.554688 0.204687 0.028125 0.028125
0 0.260937 0.378125 0.028125 0.031250
0 0.050000 0.631250 0.031250 0.031250
0 0.148438 0.517188 0.028125 0.028125
0 0.754687 0.190625 0.028125 0.031250
0 0.260937 0.817187 0.028125 0.028125
0 0.585938 0.059375 0.028125 0.031250
0 0.468750 0.806250 0.031250 0.031250
0 0.356250 0.125000 0.031250 0.031250
0 0.214062 0.846875 0.028125 0.025000
0 0.804688 0.457813 0.028125 0.028125
0 0.103125 0.081250 0.031250 0.031250
0 0.200000 0.725000 0.031250 0.031250
0 0.640625 0.159375 0.031250 0.031250
0 0.604688 0.370312 0.028125 0.028125
0 0.106250 0.214062 0.031250 0.028125
0 0.800000 0.492188 0.031250 0.034375
0 0.420312 0.764062 0.028125 0.028125
0 0.370312 0.723437 0.028125 0.028125
0 0.535937 0.467187 0.028125 0.028125
0 0.114062 0.851562 0.028125 0.028125
0 0.670312 0.270313 0.028125 0.028125
0 0.500000 0.300000 0.031250 0.031250
0 0.523438 0.670312 0.028125 0.028125
0 0.404687 0.393750 0.028125 0.031250
0 0.370312 0.576562 0.028125 0.028125
0 0.623437 0.742188 0.028125 0.028125
0 0.021875 0.331250 0.031250 0.031250
0 0.554688 0.300000 0.028125 0.031250
0 0.784375 0.079687 0.031250 0.028125
0 0.500000 0.237500 0.031250 0.031250
0 0.346875 0.414062 0.031250 0.028125
0 0.432812 0.560937 0.028125 0.028125
0 0.667188 0.364063 0.028125 0.028125
0 0.548438 0.400000 0.028125 0.031250
0 0.395313 0.742188 0.028125 0.028125
0 0.320312 0.390625 0.028125 0.031250
0 0.414062 0.795312 0.028125 0.028125
0 0.146875 0.609375 0.031250 0.031250
0 0.128125 0.821875 0.031250 0.031250
0 0.784375 0.242188 0.031250 0.028125
0 0.226562 0.817187 0.028125 0.028125
0 0.164062 0.878125 0.028125 0.031250
0 0.625000 0.470313 0.031250 0.028125
0 0.590625 0.475000 0.031250 0.031250
0 0.554688 0.335938 0.028125 0.028125
0 0.276562 0.207813 0.028125 0.028125
0 0.129688 0.129688 0.028125 0.028125
0 0.696875 0.223438 0.031250 0.028125
0 0.140625 0.360938 0.031250 0.028125
0 0.700000 0.596875 0.031250 0.031250
0 0.079687 0.795312 0.028125 0.028125
0 0.159375 0.768750 0.031250 0.031250
0 0.650000 0.492188 0.031250 0.028125
0 0.275000 0.639062 0.025000 0.028125
0 0.567187 0.742188 0.028125 0.028125
0 0.226562 0.873437 0.028125 0.028125
0 0.031250 0.593750 0.031250 0.031250
0 0.448437 0.754687 0.028125 0.028125
0 0.145313 0.548438 0.028125 0.028125
0 0.134375 0.164062 0.031250 0.028125
0 0.812500 0.256250 0.031250 0.031250
0 0.696875 0.254688 0.031250 0.028125
0 0.137500 0.293750 0.031250 0.031250
0 0.529687 0.639062 0.028125 0.028125
0 0.278125 0.906250 0.031250 0.031250
0 0.303125 0.303125 0.031250 0.031250
0 0.025000 0.559375 0.031250 0.031250
0 0.270313 0.495312 0.028125 0.028125
0 0.137500 0.484375 0.031250 0.031250
0 0.020313 0.429688 0.028125 0.028125
0 0.025000 0.528125 0.031250 0.031250
0 0.342187 0.732812 0.028125 0.028125
0 0.312500 0.850000 0.031250 0.031250
0 0.129688 0.876563 0.028125 0.028125
0 0.414062 0.189062 0.028125 0.028125
0 0.245312 0.473438 0.028125 0.028125
0 0.640625 0.284375 0.031250 0.031250
0 0.429688 0.410938 0.028125 0.028125
0 0.460938 0.548438 0.028125 0.028125
0 0.298438 0.125000 0.028125 0.031250
0 0.435937 0.529687 0.028125 0.028125
0 0.289062 0.548438 0.028125 0.028125
0 0.342187 0.585938 0.028125 0.028125
0 0.584375 0.282813 0.031250 0.028125
0 0.021875 0.267188 0.031250 0.028125
0 0.323437 0.679688 0.028125 0.028125
0 0.050000 0.250000 0.031250 0.031250
0 0.328125 0.043750 0.031250 0.031250
0 0.735938 0.509375 0.028125 0.031250
0 0.137500 0.423438 0.031250 0.028125
0 0.432812 0.701562 0.028125 0.028125
0 0.050000 0.409375 0.031250 0.031250
0 0.439063 0.346875 0.028125 0.031250
0 0.081250 0.739062 0.031250 0.028125
0 0.279687 0.754687 0.028125 0.028125
0 0.668750 0.110937 0.031250 0.028125
0 0.165625 0.471875 0.031250 0.031250
0 0.785937 0.339062 0.028125 0.028125
0 0.400000 0.567187 0.025000 0.028125
0 0.554688 0.268750 0.028125 0.031250
0 0.539062 0.582812 0.028125 0.028125
0 0.529687 0.154688 0.028125 0.028125
0 0.357812 0.495312 0.028125 0.028125
0 0.279687 0.607812 0.028125 0.028125
0 0.487500 0.426563 0.031250 0.028125
0 0.404687 0.826562 0.028125 0.028125
0 0.315625 0.710938 0.025000 0.028125
0 0.601562 0.760938 0.028125 0.028125
0 0.390625 0.629687 0.031250 0.028125
0 0.176563 0.742188 0.028125 0.028125
0 0.354687 0.353125 0.028125 0.031250
0 0.698438 0.028125 0.028125 0.031250
0 0.142187 0.392188 0.028125 0.028125
0 0.329688 0.206250 0.028125 0.031250
0 0.071875 0.096875 0.031250 0.031250
0 0.667188 0.301563 0.028125 0.028125
0 0.050000 0.215625 0.031250 0.031250
0 0.084375 0.328125 0.031250 0.031250
0 0.278125 0.846875 0.031250 0.031250
0 0.268750 0.670312 0.025000 0.028125
0 0.618750 0.498437 0.031250 0.028125
0 0.329688 0.142187 0.028125 0.028125
0 0.245312 0.903125 0.034375 0.031250
0 0.448437 0.610938 0.028125 0.028125
0 0.470313 0.314063 0.028125 0.028125
0 0.534375 0.610938 0.025000 0.028125
0 0.467187 0.514062 0.028125 0.028125
0 0.501563 0.109375 0.028125 0.031250
0 0.351562 0.526563 0.028125 0.028125
0 0.137500 0.228125 0.031250 0.031250
0 0.112500 0.504687 0.031250 0.028125
0 0.079687 0.425000 0.028125 0.031250
0 0.695312 0.320312 0.028125 0.028125
0 0.256250 0.440625 0.031250 0.031250
0 0.492188 0.535937 0.028125 0.028125
0 0.060937 0.876563 0.028125 0.028125
0 0.457813 0.579688 0.028125 0.028125
0 0.389062 0.773438 0.028125 0.028125
0 0.373437 0.837500 0.028125 0.031250
0 0.526563 0.220312 0.028125 0.028125
0 0.098437 0.657813 0.028125 0.028125
0 0.504687 0.476562 0.028125 0.028125
0 0.579688 0.539062 0.028125 0.028125
0 0.164062 0.439063 0.028125 0.028125
0 0.200000 0.390625 0.031250 0.031250
0 0.184375 0.028125 0.031250 0.031250
0 0.173437 0.689063 0.028125 0.028125
0 0.273438 0.142187 0.028125 0.028125
0 0.285938 0.576562 0.028125 0.028125
0 0.076563 0.229687 0.028125 0.028125
0 0.596875 0.443750 0.031250 0.031250
0 0.260937 0.701562 0.028125 0.028125
0 0.571875 0.775000 0.031250 0.031250
0 0.500000 0.268750 0.031250 0.031250
0 0.460938 0.835938 0.028125 0.028125
0 0.784375 0.175000 0.031250 0.031250
0 0.151562 0.640625 0.028125 0.031250
0 0.456250 0.870313 0.031250 0.028125
0 0.498437 0.650000 0.028125 0.031250
0 0.167187 0.246875 0.028125 0.031250
0 0.585938 0.251563 0.028125 0.028125
0 0.582812 0.651563 0.028125 0.028125
0 0.382812 0.664062 0.028125 0.028125
0 0.081250 0.685937 0.031250 0.028125
0 0.339062 0.442188 0.028125 0.028125
0 0.326562 0.792188 0.028125 0.028125
0 0.726562 0.306250 0.028125 0.031250
0 0.051562 0.473438 0.028125 0.028125
0 0.529687 0.060937 0.028125 0.028125
0 0.098437 0.876563 0.028125 0.028125
0 0.645312 0.721875 0.028125 0.031250
0 0.609375 0.334375 0.031250 0.031250
0 0.085938 0.551562 0.028125 0.028125
0 0.356250 0.157812 0.031250 0.028125
0 0.095312 0.820312 0.028125 0.028125
0 0.670312 0.045312 0.028125 0.028125
0 0.564063 0.456250 0.028125 0.031250
0 0.528125 0.028125 0.031250 0.031250
0 0.079687 0.393750 0.028125 0.031250
0 0.145313 0.846875 0.028125 0.031250
0 0.212500 0.660937 0.031250 0.028125
0 0.376563 0.692187 0.028125 0.028125
0 0.610938 0.268750 0.028125 0.031250
0 0.451562 0.467187 0.028125 0.028125
0 0.310937 0.743750 0.028125 0.031250
0 0.329688 0.651563 0.028125 0.028125
0 0.292187 0.364063 0.028125 0.028125
0 0.129688 0.714063 0.028125 0.028125
0 0.603125 0.701562 0.031250 0.028125
0 0.195312 0.457813 0.028125 0.028125
0 0.200000 0.579688 0.031250 0.028125
0 0.118750 0.629687 0.031250 0.028125
0 0.329688 0.328125 0.028125 0.031250
0 0.653125 0.460938 0.031250 0.028125
0 0.332813 0.476562 0.028125 0.028125
0 0.376563 0.545312 0.028125 0.028125
0 0.782813 0.110937 0.028125 0.028125
0 0.320312 0.357812 0.028125 0.028125
0 0.200000 0.360938 0.031250 0.034375
0 0.303125 0.225000 0.031250 0.031250
0 0.525000 0.348438 0.025000 0.028125
0 0.609375 0.303125 0.031250 0.031250
0 0.510938 0.732812 0.028125 0.028125
0 0.215625 0.110937 0.031250 0.028125
0 0.115625 0.600000 0.031250 0.031250
0 0.140625 0.325000 0.031250 0.031250
0 0.414062 0.507812 0.028125 0.028125
0 0.332813 0.620313 0.028125 0.028125
0 0.290625 0.807813 0.031250 0.028125
0 0.551562 0.798438 0.028125 0.028125
0 0.773438 0.467187 0.028125 0.028125
0 0.560937 0.629687 0.028125 0.028125
0 0.129688 0.660937 0.028125 0.028125
0 0.351562 0.670312 0.028125 0.028125
0 0.487500 0.567187 0.031250 0.028125
0 0.185938 0.095312 0.028125 0.028125
0 0.757812 0.320312 0.028125 0.028125
0 0.050000 0.378125 0.031250 0.031250
0 0.143750 0.576562 0.031250 0.028125
0 0.498437 0.507812 0.028125 0.028125
0 0.304688 0.485938 0.028125 0.028125
0 0.023438 0.495312 0.028125 0.028125
0 0.300000 0.028125 0.031250 0.031250
0 0.195312 0.425000 0.028125 0.031250
0 0.667188 0.078125 0.028125 0.031250
0 0.404687 0.682813 0.028125 0.028125
0 0.176563 0.560937 0.028125 0.028125
0 0.110937 0.279687 0.028125 0.028125
0 0.137500 0.260937 0.031250 0.028125
0 0.517188 0.560937 0.028125 0.028125
0 0.354687 0.059375 0.028125 0.031250
0 0.370312 0.432812 0.028125 0.028125
0 0.210938 0.792188 0.028125 0.028125
0 0.081250 0.298438 0.031250 0.028125
0 0.473438 0.628125 0.028125 0.031250
0 0.320312 0.534375 0.028125 0.031250
0 0.331250 0.235937 0.031250 0.028125
0 0.098437 0.712500 0.028125 0.031250
0 0.076563 0.198437 0.028125 0.028125
0 0.510938 0.446875 0.028125 0.031250
0 0.276562 0.464062 0.028125 0.028125
0 0.642188 0.253125 0.028125 0.031250
0 0.018750 0.204687 0.031250 0.034375
0 0.440625 0.303125 0.031250 0.031250
0 0.048438 0.682813 0.028125 0.028125
0 0.164062 0.212500 0.028125 0.031250
0 0.270313 0.109375 0.028125 0.031250
0 0.245312 0.845313 0.028125 0.028125
0 0.095312 0.770312 0.028125 0.028125
0 0.314063 0.267188 0.028125 0.028125
0 0.292187 0.876563 0.028125 0.028125
0 0.314063 0.420312 0.028125 0.028125
0 0.179688 0.848437 0.028125 0.028125
0 0.167187 0.178125 0.034375 0.031250
0 0.345313 0.701562 0.028125 0.028125
0 0.021875 0.396875 0.031250 0.031250
0 0.265625 0.345313 0.031250 0.028125
0 0.245312 0.126562 0.028125 0.028125
0 0.317188 0.821875 0.028125 0.031250
0 0.612500 0.237500 0.031250 0.031250
0 0.259375 0.557813 0.025000 0.028125
0 0.207813 0.518750 0.028125 0.031250
0 0.334375 0.293750 0.031250 0.031250
0 0.520312 0.414062 0.028125 0.028125
0 0.529687 0.498437 0.028125 0.028125
0 0.048438 0.848437 0.028125 0.028125
0 0.167187 0.312500 0.028125 0.031250
0 0.021875 0.237500 0.031250 0.031250
0 0.392188 0.307812 0.028125 0.028125
0 0.812500 0.289062 0.031250 0.028125
0 0.401562 0.426563 0.028125 0.028125
0 0.214062 0.079687 0.028125 0.028125
0 0.454688 0.435937 0.028125 0.028125
0 0.254688 0.589063 0.028125 0.028125
0 0.032813 0.657813 0.028125 0.028125
0 0.387500 0.204687 0.031250 0.028125
0 0.470313 0.284375 0.028125 0.031250
0 0.065625 0.657813 0.031250 0.028125
0 0.253125 0.262500 0.031250 0.031250
0 0.476562 0.485938 0.028125 0.028125
0 0.284375 0.431250 0.031250 0.031250
0 0.637500 0.346875 0.031250 0.031250
0 0.128125 0.028125 0.031250 0.031250
0 0.784375 0.306250 0.025000 0.025000
0 0.642188 0.221875 0.028125 0.031250
0 0.225000 0.246875 0.031250 0.031250
0 0.064062 0.764062 0.028125 0.028125
0 0.348438 0.557813 0.028125 0.028125
0 0.479687 0.598437 0.028125 0.028125
0 0.168750 0.375000 0.031250 0.031250
0 0.437500 0.382812 0.031250 0.028125
0 0.017188 0.059375 0.028125 0.031250
0 0.542188 0.721875 0.028125 0.025000
0 0.251563 0.295312 0.028125 0.028125
0 0.248438 0.620313 0.028125 0.028125
0 0.498437 0.364063 0.028125 0.028125
0 0.332813 0.873437 0.028125 0.028125
0 0.382812 0.370312 0.028125 0.028125
0 0.267188 0.528125 0.028125 0.031250
0 0.165625 0.276562 0.031250 0.028125
0 0.385937 0.139063 0.028125 0.028125
0 0.640625 0.059375 0.031250 0.031250
0 0.492188 0.679688 0.028125 0.028125
0 0.384375 0.076563 0.031250 0.028125
0 0.467187 0.373437 0.028125 0.028125
0 0.275000 0.315625 0.031250 0.031250
0 0.570312 0.710938 0.028125 0.028125
0 0.168750 0.406250 0.031250 0.031250
0 0.223438 0.601562 0.028125 0.028125
0 0.225000 0.214062 0.031250 0.028125
0 0.204687 0.551562 0.028125 0.028125
0 0.389062 0.342187 0.028125 0.028125
0 0.110937 0.795312 0.028125 0.028125
0 0.639062 0.317188 0.028125 0.028125
0 0.162500 0.150000 0.031250 0.031250
0 0.631250 0.407813 0.031250 0.028125
0 0.420312 0.476562 0.028125 0.028125
0 0.242188 0.028125 0.028125 0.031250
0 0.032813 0.768750 0.028125 0.031250
0 0.510938 0.592187 0.028125 0.028125
0 0.109375 0.406250 0.031250 0.031250
0 0.200000 0.325000 0.031250 0.031250
0 0.471875 0.345313 0.031250 0.028125
0 0.034375 0.821875 0.031250 0.031250
0 0.087500 0.582812 0.031250 0.028125
0 0.293750 0.517188 0.031250 0.028125
0 0.442188 0.642188 0.028125 0.028125
0 0.312500 0.900000 0.031250 0.031250
0 0.176563 0.795312 0.028125 0.028125
0 0.362500 0.464062 0.031250 0.028125
0 0.696875 0.285938 0.031250 0.028125
0 0.425000 0.882812 0.031250 0.028125
0 0.723437 0.335938 0.028125 0.028125
0 0.079687 0.362500 0.028125 0.031250
0 0.407813 0.535937 0.028125 0.028125
0 0.429688 0.848437 0.028125 0.028125
0 0.160938 0.717187 0.028125 0.028125
0 0.234375 0.325000 0.031250 0.031250
0 0.110937 0.310937 0.028125 0.028125
0 0.503125 0.620313 0.025000 0.028125
0 0.273438 0.175000 0.028125 0.031250
0 0.353125 0.814063 0.025000 0.028125
0 0.726562 0.273438 0.028125 0.028125
0 0.134375 0.198437 0.031250 0.028125
0 0.757812 0.126562 0.028125 0.028125
0 0.300000 0.335938 0.031250 0.028125
0 0.815625 0.062500 0.031250 0.031250
0 0.628125 0.439063 0.031250 0.028125
0 0.110937 0.345313 0.028125 0.028125
0 0.492188 0.395313 0.028125 0.028125
0 0.232813 0.567187 0.028125 0.028125
0 0.132812 0.098437 0.028125 0.028125
0 0.225000 0.450000 0.031250 0.031250
0 0.695312 0.351562 0.028125 0.028125
0 0.195312 0.873437 0.028125 0.028125
0 0.128125 0.064062 0.031250 0.028125
0 0.298438 0.093750 0.028125 0.031250
0 0.135937 0.451562 0.028125 0.028125
0 0.584375 0.031250 0.031250 0.031250
0 0.660937 0.429688 0.028125 0.028125
0 0.192188 0.767188 0.028125 0.028125
0 0.365625 0.292187 0.031250 0.028125
0 0.435937 0.670312 0.028125 0.028125
0 0.643750 0.093750 0.031250 0.031250
0 0.045312 0.792188 0.028125 0.028125
0 0.326562 0.504687 0.028125 0.028125
0 0.185938 0.126562 0.028125 0.028125
0 0.382812 0.170313 0.028125 0.028125
0 0.064062 0.601562 0.028125 0.028125
0 0.193750 0.234375 0.031250 0.031250
0 0.103125 0.048438 0.031250 0.028125
0 0.073438 0.028125 0.028125 0.031250
0 0.025000 0.462500 0.031250 0.031250
0 0.414062 0.284375 0.028125 0.031250
0 0.362500 0.321875 0.031250 0.031250
0 0.079687 0.457813 0.028125 0.028125
0 0.129688 0.770312 0.028125 0.028125
0 0.390625 0.484375 0.031250 0.031250
0 0.445312 0.495312 0.028125 0.028125
0 0.500000 0.043750 0.031250 0.031250
0 0.195312 0.292187 0.034375 0.034375
0 0.814063 0.126562 0.034375 0.034375
0 0.142187 0.685937 0.028125 0.028125
0 0.017188 0.095312 0.028125 0.028125
0 0.021875 0.025000 0.031250 0.031250
0 0.018750 0.628125 0.031250 0.031250
0 0.112500 0.375000 0.031250 0.031250
0 0.056250 0.573438 0.031250 0.028125
0 0.217188 0.145313 0.028125 0.028125
0 0.257812 0.407813 0.028125 0.028125
0 0.064062 0.823438 0.028125 0.028125
0 0.754687 0.289062 0.028125 0.028125
0 0.426563 0.445312 0.028125 0.028125
0 0.814063 0.095312 0.034375 0.034375
0 0.231250 0.356250 0.031250 0.031250
0 0.243750 0.159375 0.031250 0.031250
0 0.379688 0.401562 0.028125 0.028125
0 0.193750 0.200000 0.031250 0.031250
0 0.143750 0.795312 0.025000 0.028125
0 0.479687 0.742188 0.028125 0.028125
0 0.423438 0.592187 0.028125 0.028125
0 0.382812 0.107813 0.028125 0.028125
0 0.018750 0.684375 0.031250 0.031250
0 0.414062 0.223438 0.028125 0.028125
0 0.231250 0.714063 0.025000 0.028125
0 0.354687 0.026562 0.034375 0.034375
0 0.179688 0.532813 0.028125 0.028125
0 0.017188 0.739062 0.028125 0.028125
0 0.112500 0.685937 0.025000 0.028125
0 0.367188 0.868750 0.028125 0.031250
0 0.351562 0.382812 0.028125 0.028125
0 0.357812 0.185938 0.028125 0.028125
0 0.442188 0.270313 0.028125 0.028125
0 0.232813 0.539062 0.028125 0.028125
0 0.414062 0.650000 0.028125 0.031250
