0 0.312500 0.890625 0.031250 0.031250
0 0.103125 0.875000 0.031250 0.031250
0 0.081250 0.481250 0.031250 0.031250
0 0.148438 0.601562 0.028125 0.028125
0 0.214062 0.657813 0.028125 0.028125
0 0.954688 0.921875 0.028125 0.031250
0 0.100000 0.512500 0.031250 0.031250
0 0.345313 0.948438 0.028125 0.028125
0 0.250000 0.831250 0.031250 0.031250
0 0.278125 0.543750 0.031250 0.031250
0 0.426563 0.804688 0.028125 0.028125
0 0.871875 0.835938 0.031250 0.028125
0 0.165625 0.571875 0.031250 0.031250
0 0.262500 0.803125 0.031250 0.031250
0 0.773438 0.834375 0.028125 0.031250
0 0.064062 0.798438 0.028125 0.028125
0 0.640625 0.659375 0.031250 0.031250
0 0.507812 0.890625 0.028125 0.031250
0 0.043750 0.428125 0.031250 0.031250
0 0.906250 0.892188 0.031250 0.028125
0 0.132812 0.571875 0.028125 0.031250
0 0.854688 0.807813 0.028125 0.028125
0 0.212500 0.831250 0.031250 0.031250
0 0.459375 0.631250 0.031250 0.031250
0 0.260937 0.862500 0.028125 0.031250
0 0.906250 0.778125 0.031250 0.031250
0 0.278125 0.657813 0.031250 0.028125
0 0.525000 0.804688 0.031250 0.028125
0 0.607812 0.603125 0.028125 0.031250
0 0.457813 0.804688 0.028125 0.028125
0 0.023438 0.937500 0.028125 0.031250
0 0.889062 0.920312 0.028125 0.028125
0 0.345313 0.890625 0.028125 0.031250
0 0.360938 0.517188 0.028125 0.028125
0 0.229687 0.746875 0.028125 0.031250
0 0.410938 0.775000 0.028125 0.031250
0 0.328125 0.400000 0.031250 0.031250
0 0.832812 0.431250 0.028125 0.031250
0 0.937500 0.950000 0.031250 0.031250
0 0.857812 0.864062 0.028125 0.028125
0 0.868750 0.431250 0.031250 0.031250
0 0.117188 0.715625 0.028125 0.031250
0 0.293750 0.687500 0.031250 0.031250
0 0.889062 0.807813 0.028125 0.028125
0 0.770312 0.492188 0.028125 0.028125
0 0.309375 0.831250 0.031250 0.031250
0 0.475000 0.834375 0.031250 0.031250
0 0.953125 0.807813 0.031250 0.034375
0 0.040625 0.851562 0.031250 0.028125
0 0.328125 0.745313 0.031250 0.028125
0 0.806250 0.834375 0.031250 0.031250
0 0.296875 0.803125 0.031250 0.031250
0 0.276562 0.890625 0.028125 0.031250
0 0.165625 0.629687 0.031250 0.028125
0 0.073438 0.896875 0.028125 0.031250
0 0.260937 0.629687 0.028125 0.028125
0 0.018750 0.906250 0.031250 0.031250
0 0.606250 0.718750 0.031250 0.031250
0 0.132812 0.684375 0.028125 0.031250
0 0.475000 0.659375 0.031250 0.031250
0 0.839063 0.834375 0.028125 0.031250
0 0.557813 0.804688 0.028125 0.028125
0 0.968750 0.778125 0.031250 0.031250
0 0.656250 0.632812 0.031250 0.028125
0 0.295312 0.860938 0.028125 0.028125
0 0.084375 0.542188 0.031250 0.028125
0 0.065625 0.512500 0.031250 0.031250
0 0.032813 0.784375 0.028125 0.031250
0 0.196875 0.571875 0.031250 0.031250
0 0.937500 0.892188 0.031250 0.028125
0 0.115625 0.484375 0.031250 0.031250
0 0.656250 0.689063 0.031250 0.028125
0 0.229687 0.687500 0.028125 0.031250
0 0.312500 0.543750 0.031250 0.031250
0 0.278125 0.601562 0.031250 0.028125
0 0.445312 0.775000 0.028125 0.031250
0 0.135937 0.920312 0.028125 0.028125
0 0.589063 0.632812 0.028125 0.028125
0 0.937500 0.834375 0.031250 0.031250
0 0.673438 0.718750 0.028125 0.031250
0 0.212500 0.428125 0.031250 0.031250
0 0.312500 0.715625 0.031250 0.031250
0 0.050000 0.485938 0.031250 0.028125
0 0.426563 0.687500 0.028125 0.031250
0 0.493750 0.745313 0.031250 0.028125
0 0.573438 0.660937 0.028125 0.028125
0 0.378125 0.715625 0.031250 0.031250
0 0.540625 0.832812 0.031250 0.028125
0 0.607812 0.659375 0.028125 0.031250
0 0.525000 0.400000 0.031250 0.031250
0 0.096875 0.745313 0.031250 0.034375
0 0.229687 0.395313 0.028125 0.028125
0 0.148438 0.715625 0.028125 0.031250
0 0.107813 0.940625 0.028125 0.031250
0 0.182812 0.485938 0.028125 0.028125
0 0.070312 0.864062 0.028125 0.028125
0 0.806250 0.720313 0.031250 0.028125
0 0.189062 0.878125 0.028125 0.031250
0 0.056250 0.731250 0.031250 0.031250
0 0.640625 0.720313 0.031250 0.028125
0 0.590625 0.746875 0.031250 0.031250
0 0.920312 0.923438 0.028125 0.028125
0 0.117188 0.601562 0.028125 0.028125
0 0.392188 0.860938 0.028125 0.028125
0 0.970313 0.950000 0.028125 0.031250
0 0.050000 0.542188 0.031250 0.028125
0 0.475000 0.546875 0.031250 0.031250
0 0.542188 0.718750 0.028125 0.031250
0 0.212500 0.775000 0.031250 0.031250
0 0.345313 0.715625 0.028125 0.031250
0 0.540625 0.659375 0.031250 0.031250
0 0.032813 0.515625 0.028125 0.031250
0 0.376563 0.659375 0.028125 0.031250
0 0.326562 0.918750 0.028125 0.031250
0 0.459375 0.917188 0.031250 0.034375
0 0.803125 0.546875 0.031250 0.031250
0 0.312500 0.657813 0.031250 0.028125
0 0.262500 0.571875 0.031250 0.031250
0 0.293750 0.573438 0.031250 0.028125
0 0.785937 0.518750 0.028125 0.031250
0 0.589063 0.689063 0.028125 0.028125
0 0.148438 0.542188 0.028125 0.028125
0 0.939063 0.721875 0.028125 0.031250
0 0.492188 0.689063 0.028125 0.028125
0 0.146875 0.484375 0.031250 0.031250
0 0.885938 0.582812 0.028125 0.028125
0 0.490625 0.459375 0.031250 0.031250
0 0.604688 0.429688 0.028125 0.028125
0 0.393750 0.804688 0.031250 0.028125
0 0.921875 0.695312 0.031250 0.028125
0 0.542188 0.775000 0.028125 0.031250
0 0.739062 0.489063 0.028125 0.028125
0 0.121875 0.790625 0.031250 0.031250
0 0.640625 0.546875 0.031250 0.031250
0 0.246875 0.715625 0.031250 0.031250
0 0.590625 0.573438 0.031250 0.028125
0 0.890625 0.865625 0.031250 0.031250
0 0.475000 0.487500 0.031250 0.031250
0 0.920312 0.751563 0.028125 0.028125
0 0.212500 0.598437 0.031250 0.028125
0 0.100000 0.631250 0.031250 0.031250
0 0.250000 0.906250 0.031250 0.031250
0 0.293750 0.918750 0.031250 0.031250
0 0.362500 0.917188 0.031250 0.028125
0 0.953125 0.865625 0.031250 0.031250
0 0.785937 0.460938 0.028125 0.028125
0 0.475000 0.948438 0.031250 0.028125
0 0.881250 0.401562 0.031250 0.028125
0 0.818750 0.521875 0.031250 0.031250
0 0.904687 0.837500 0.028125 0.031250
0 0.132812 0.889062 0.028125 0.028125
0 0.625000 0.689063 0.031250 0.028125
0 0.034375 0.631250 0.031250 0.031250
0 0.790625 0.806250 0.031250 0.031250
0 0.157812 0.867188 0.028125 0.028125
0 0.443750 0.831250 0.031250 0.031250
0 0.525000 0.629687 0.031250 0.028125
0 0.525000 0.573438 0.031250 0.028125
0 0.196875 0.685937 0.031250 0.028125
0 0.132812 0.515625 0.028125 0.031250
0 0.573438 0.546875 0.028125 0.031250
0 0.621875 0.629687 0.031250 0.028125
0 0.245312 0.543750 0.028125 0.031250
0 0.873437 0.893750 0.028125 0.031250
0 0.378125 0.487500 0.031250 0.031250
0 0.145313 0.773438 0.028125 0.028125
0 0.854688 0.695312 0.028125 0.028125
0 0.393750 0.631250 0.031250 0.031250
0 0.196875 0.456250 0.031250 0.031250
0 0.921875 0.865625 0.031250 0.031250
0 0.059375 0.396875 0.031250 0.031250
0 0.096875 0.840625 0.031250 0.031250
0 0.428125 0.860938 0.031250 0.028125
0 0.525000 0.689063 0.031250 0.028125
0 0.376563 0.887500 0.028125 0.031250
0 0.573438 0.487500 0.028125 0.031250
0 0.889062 0.751563 0.028125 0.028125
0 0.476562 0.603125 0.028125 0.031250
0 0.656250 0.518750 0.031250 0.031250
0 0.906250 0.721875 0.031250 0.031250
0 0.557813 0.629687 0.028125 0.028125
0 0.100000 0.453125 0.031250 0.031250
0 0.345313 0.773438 0.028125 0.028125
0 0.721875 0.690625 0.031250 0.031250
0 0.939063 0.778125 0.028125 0.031250
0 0.378125 0.775000 0.031250 0.031250
0 0.076563 0.929688 0.028125 0.028125
0 0.817187 0.460938 0.028125 0.028125
0 0.064062 0.687500 0.028125 0.031250
0 0.179688 0.367188 0.034375 0.034375
0 0.409375 0.715625 0.031250 0.031250
0 0.392188 0.573438 0.028125 0.028125
0 0.190625 0.912500 0.031250 0.031250
0 0.104688 0.909375 0.028125 0.031250
0 0.093750 0.812500 0.031250 0.031250
0 0.278125 0.832812 0.031250 0.028125
0 0.507812 0.429688 0.028125 0.028125
0 0.870313 0.781250 0.028125 0.031250
0 0.393750 0.685937 0.031250 0.028125
0 0.407813 0.659375 0.028125 0.031250
0 0.031250 0.459375 0.031250 0.031250
0 0.906250 0.665625 0.031250 0.031250
0 0.473438 0.715625 0.028125 0.031250
0 0.218750 0.892188 0.031250 0.034375
0 0.196875 0.628125 0.031250 0.031250
0 0.164062 0.685937 0.028125 0.028125
0 0.412500 0.834375 0.031250 0.031250
0 0.509375 0.659375 0.031250 0.031250
0 0.459375 0.859375 0.031250 0.031250
0 0.954688 0.750000 0.028125 0.031250
0 0.262500 0.515625 0.031250 0.031250
0 0.739062 0.718750 0.028125 0.031250
0 0.589063 0.457813 0.028125 0.028125
0 0.053125 0.950000 0.031250 0.031250
0 0.228125 0.515625 0.031250 0.031250
0 0.100000 0.687500 0.031250 0.031250
0 0.132812 0.745313 0.028125 0.028125
0 0.229687 0.571875 0.028125 0.031250
0 0.790625 0.864062 0.031250 0.028125
0 0.050000 0.659375 0.031250 0.031250
0 0.540625 0.543750 0.031250 0.031250
0 0.078125 0.428125 0.031250 0.031250
0 0.476562 0.773438 0.028125 0.028125
0 0.068750 0.631250 0.031250 0.031250
0 0.342187 0.659375 0.028125 0.031250
0 0.443750 0.715625 0.031250 0.031250
0 0.939063 0.665625 0.028125 0.031250
0 0.823438 0.748437 0.028125 0.028125
0 0.081250 0.657813 0.031250 0.028125
0 0.490625 0.403125 0.031250 0.031250
0 0.050000 0.601562 0.031250 0.028125
0 0.312500 0.431250 0.031250 0.031250
0 0.428125 0.459375 0.031250 0.031250
0 0.790625 0.746875 0.031250 0.031250
0 0.673438 0.660937 0.028125 0.028125
0 0.573438 0.603125 0.028125 0.031250
0 0.968750 0.893750 0.031250 0.031250
0 0.376563 0.832812 0.028125 0.028125
0 0.181250 0.543750 0.031250 0.031250
0 0.509375 0.487500 0.031250 0.031250
0 0.164062 0.745313 0.028125 0.028125
0 0.117188 0.542188 0.028125 0.028125
0 0.735938 0.432812 0.028125 0.028125
0 0.428125 0.400000 0.031250 0.031250
0 0.329688 0.629687 0.028125 0.028125
0 0.410938 0.948438 0.028125 0.028125
0 0.921875 0.635938 0.031250 0.028125
0 0.225000 0.860938 0.031250 0.028125
0 0.293750 0.398438 0.031250 0.028125
0 0.328125 0.687500 0.031250 0.031250
0 0.312500 0.600000 0.031250 0.031250
0 0.509375 0.718750 0.031250 0.031250
0 0.673438 0.548438 0.028125 0.028125
0 0.345313 0.601562 0.028125 0.028125
0 0.221875 0.928125 0.031250 0.031250
0 0.670312 0.603125 0.028125 0.031250
0 0.165625 0.512500 0.031250 0.031250
0 0.090625 0.393750 0.031250 0.031250
0 0.214062 0.715625 0.028125 0.031250
0 0.525000 0.457813 0.031250 0.028125
0 0.509375 0.832812 0.031250 0.028125
0 0.246875 0.601562 0.031250 0.028125
0 0.606250 0.546875 0.031250 0.031250
0 0.082812 0.601562 0.028125 0.028125
0 0.542188 0.603125 0.028125 0.031250
0 0.428125 0.517188 0.031250 0.028125
0 0.689063 0.690625 0.028125 0.031250
0 0.689063 0.575000 0.028125 0.031250
0 0.293750 0.743750 0.031250 0.031250
0 0.409375 0.545312 0.031250 0.028125
0 0.360938 0.745313 0.028125 0.028125
0 0.215625 0.365625 0.031250 0.031250
0 0.556250 0.457813 0.031250 0.028125
0 0.025000 0.396875 0.031250 0.031250
0 0.753125 0.460938 0.031250 0.028125
0 0.034375 0.571875 0.031250 0.031250
0 0.428125 0.631250 0.031250 0.031250
0 0.442188 0.948438 0.028125 0.028125
0 0.325000 0.860938 0.031250 0.028125
0 0.589063 0.401562 0.028125 0.028125
0 0.379688 0.545312 0.028125 0.028125
0 0.260937 0.395313 0.028125 0.028125
0 0.025000 0.968750 0.031250 0.031250
0 0.090625 0.778125 0.031250 0.031250
0 0.857812 0.748437 0.028125 0.028125
0 0.768750 0.431250 0.031250 0.031250
0 0.048438 0.917188 0.028125 0.028125
0 0.131250 0.450000 0.031250 0.031250
0 0.492188 0.801562 0.028125 0.028125
0 0.954688 0.693750 0.028125 0.031250
0 0.182812 0.846875 0.028125 0.031250
0 0.540625 0.429688 0.031250 0.028125
0 0.573438 0.775000 0.028125 0.031250
0 0.196875 0.743750 0.031250 0.031250
0 0.179688 0.601562 0.028125 0.028125
0 0.101562 0.571875 0.028125 0.031250
0 0.360938 0.570312 0.028125 0.028125
0 0.035937 0.820312 0.028125 0.028125
0 0.703125 0.490625 0.031250 0.031250
0 0.492188 0.573438 0.028125 0.028125
0 0.362500 0.803125 0.031250 0.031250
0 0.457813 0.400000 0.028125 0.031250
0 0.393750 0.459375 0.031250 0.031250
0 0.253125 0.939063 0.031250 0.028125
0 0.823438 0.806250 0.028125 0.031250
0 0.067187 0.571875 0.028125 0.031250
0 0.823438 0.578125 0.028125 0.031250
0 0.773438 0.776563 0.028125 0.028125
0 0.889062 0.695312 0.028125 0.028125
0 0.801562 0.431250 0.028125 0.031250
0 0.704688 0.660937 0.028125 0.028125
0 0.114062 0.659375 0.028125 0.031250
0 0.360938 0.398438 0.028125 0.028125
0 0.621875 0.401562 0.031250 0.028125
0 0.540625 0.487500 0.031250 0.031250
0 0.625000 0.517188 0.031250 0.028125
0 0.043750 0.885938 0.031250 0.028125
0 0.329688 0.800000 0.028125 0.031250
0 0.059375 0.765625 0.031250 0.031250
0 0.109375 0.975000 0.031250 0.031250
0 0.179688 0.773438 0.028125 0.028125
0 0.835938 0.492188 0.028125 0.028125
0 0.193750 0.946875 0.031250 0.031250
0 0.226562 0.960938 0.028125 0.028125
0 0.687500 0.632812 0.031250 0.028125
0 0.557813 0.573438 0.028125 0.028125
0 0.393750 0.745313 0.031250 0.028125
0 0.343750 0.831250 0.031250 0.031250
0 0.164062 0.935937 0.028125 0.028125
0 0.557813 0.517188 0.028125 0.028125
0 0.460938 0.745313 0.028125 0.028125
0 0.640625 0.490625 0.031250 0.031250
0 0.971875 0.609375 0.031250 0.031250
0 0.851562 0.457813 0.028125 0.028125
0 0.132812 0.629687 0.028125 0.028125
0 0.110937 0.423438 0.028125 0.028125
0 0.442188 0.657813 0.028125 0.028125
0 0.557813 0.400000 0.028125 0.031250
0 0.312500 0.946875 0.031250 0.031250
0 0.393750 0.918750 0.031250 0.031250
0 0.360938 0.862500 0.028125 0.031250
0 0.359375 0.459375 0.031250 0.031250
0 0.804688 0.492188 0.028125 0.028125
0 0.084375 0.715625 0.031250 0.031250
0 0.476562 0.890625 0.028125 0.031250
0 0.246875 0.485938 0.031250 0.028125
0 0.278125 0.775000 0.031250 0.031250
0 0.343750 0.428125 0.031250 0.031250
0 0.378125 0.603125 0.031250 0.031250
0 0.839063 0.720313 0.028125 0.028125
0 0.246875 0.775000 0.031250 0.031250
0 0.457813 0.457813 0.028125 0.028125
0 0.160938 0.901563 0.028125 0.028125
0 0.390625 0.975000 0.031250 0.031250
0 0.476562 0.431250 0.028125 0.031250
0 0.328125 0.517188 0.031250 0.028125
0 0.360938 0.629687 0.028125 0.028125
0 0.637500 0.431250 0.031250 0.031250
0 0.525000 0.745313 0.031250 0.028125
0 0.196875 0.395313 0.031250 0.028125
0 0.262500 0.687500 0.031250 0.031250
0 0.457813 0.687500 0.028125 0.031250
0 0.706250 0.834375 0.031250 0.031250
0 0.179688 0.717187 0.028125 0.028125
0 0.903125 0.950000 0.031250 0.031250
0 0.621875 0.459375 0.031250 0.031250
0 0.837500 0.609375 0.031250 0.031250
0 0.245312 0.657813 0.028125 0.028125
0 0.262500 0.743750 0.031250 0.031250
0 0.523438 0.862500 0.028125 0.031250
0 0.954688 0.637500 0.028125 0.031250
0 0.804688 0.606250 0.028125 0.031250
0 0.081250 0.962500 0.031250 0.031250
0 0.281250 0.365625 0.031250 0.031250
0 0.921875 0.806250 0.031250 0.031250
0 0.032813 0.687500 0.028125 0.031250
0 0.606250 0.490625 0.031250 0.031250
0 0.393750 0.400000 0.031250 0.031250
0 0.360938 0.685937 0.028125 0.028125
0 0.293750 0.629687 0.031250 0.028125
0 0.656250 0.575000 0.031250 0.031250
0 0.442188 0.546875 0.028125 0.031250
0 0.507812 0.773438 0.028125 0.028125
0 0.640625 0.775000 0.031250 0.031250
0 0.065625 0.829688 0.031250 0.028125
0 0.229687 0.801562 0.028125 0.028125
0 0.278125 0.487500 0.031250 0.031250
0 0.168750 0.968750 0.031250 0.031250
0 0.506250 0.546875 0.031250 0.031250
0 0.854688 0.581250 0.028125 0.031250
0 0.378125 0.946875 0.031250 0.031250
0 0.589063 0.517188 0.028125 0.028125
0 0.573438 0.429688 0.028125 0.028125
0 0.884375 0.459375 0.031250 0.031250
0 0.442188 0.601562 0.028125 0.028125
0 0.576562 0.717187 0.028125 0.028125
0 0.806250 0.776563 0.031250 0.028125
0 0.148438 0.657813 0.028125 0.028125
0 0.839063 0.779687 0.028125 0.028125
0 0.064062 0.454688 0.028125 0.028125
0 0.557813 0.745313 0.028125 0.028125
0 0.179688 0.657813 0.028125 0.028125
0 0.195312 0.803125 0.028125 0.031250
0 0.557813 0.689063 0.028125 0.028125
0 0.442188 0.429688 0.028125 0.028125
0 0.493750 0.629687 0.031250 0.028125
0 0.900000 0.500000 0.031250 0.031250
0 0.121875 0.821875 0.031250 0.031250
0 0.245312 0.426563 0.028125 0.028125
0 0.281250 0.948438 0.031250 0.034375
0 0.246875 0.365625 0.031250 0.031250
0 0.028125 0.751563 0.031250 0.034375
0 0.754687 0.864062 0.028125 0.028125
0 0.376563 0.429688 0.028125 0.028125
0 0.425000 0.918750 0.031250 0.031250
0 0.915625 0.401562 0.031250 0.034375
0 0.323437 0.978125 0.028125 0.031250
0 0.689063 0.459375 0.028125 0.031250
0 0.754687 0.748437 0.028125 0.028125
0 0.954688 0.584375 0.034375 0.031250
0 0.212500 0.542188 0.031250 0.028125
0 0.689063 0.517188 0.028125 0.028125
0 0.409375 0.429688 0.031250 0.028125
0 0.493750 0.860938 0.031250 0.028125
0 0.153125 0.834375 0.031250 0.031250
0 0.525000 0.517188 0.031250 0.028125
0 0.345313 0.487500 0.028125 0.031250
0 0.442188 0.487500 0.028125 0.031250
0 0.162500 0.803125 0.031250 0.031250
0 0.842187 0.893750 0.028125 0.031250
0 0.018750 0.600000 0.031250 0.031250
0 0.457813 0.575000 0.028125 0.031250
0 0.920312 0.582812 0.028125 0.028125
0 0.492188 0.920312 0.028125 0.028125
0 0.653125 0.460938 0.031250 0.028125
0 0.459375 0.515625 0.031250 0.031250
0 0.229687 0.628125 0.028125 0.031250
0 0.139063 0.951562 0.028125 0.028125
0 0.773438 0.550000 0.028125 0.031250
0 0.623437 0.573438 0.028125 0.028125
0 0.968750 0.725000 0.031250 0.031250
0 0.639062 0.603125 0.028125 0.031250
0 0.848437 0.401562 0.028125 0.028125
0 0.326562 0.573438 0.028125 0.028125
0 0.820312 0.634375 0.028125 0.031250
0 0.692187 0.748437 0.028125 0.028125
0 0.412500 0.490625 0.031250 0.031250
0 0.278125 0.715625 0.031250 0.031250
0 0.312500 0.775000 0.031250 0.031250
0 0.503125 0.368750 0.031250 0.031250
0 0.673438 0.776563 0.028125 0.028125
0 0.159375 0.417187 0.043750 0.046875
0 0.771875 0.892188 0.031250 0.028125
0 0.904687 0.610938 0.028125 0.028125
0 0.345313 0.546875 0.028125 0.031250
0 0.657813 0.748437 0.028125 0.028125
0 0.196875 0.515625 0.031250 0.031250
0 0.426563 0.976562 0.028125 0.028125
0 0.328125 0.457813 0.031250 0.028125
0 0.706250 0.720313 0.031250 0.028125
0 0.214062 0.485938 0.028125 0.028125
0 0.671875 0.428125 0.031250 0.031250
0 0.721875 0.462500 0.031250 0.031250
0 0.409375 0.890625 0.031250 0.031250
0 0.296875 0.517188 0.031250 0.028125
0 0.937500 0.610938 0.031250 0.028125
0 0.971875 0.665625 0.031250 0.031250
0 0.806250 0.893750 0.031250 0.031250
0 0.671875 0.487500 0.031250 0.031250
0 0.570312 0.368750 0.034375 0.031250
0 0.754687 0.520312 0.028125 0.028125
0 0.971875 0.837500 0.031250 0.031250
0 0.393750 0.517188 0.031250 0.028125
0 0.771875 0.718750 0.031250 0.031250
0 0.623437 0.748437 0.028125 0.028125
0 0.507812 0.603125 0.028125 0.031250
0 0.823438 0.867188 0.028125 0.028125
0 0.690625 0.806250 0.031250 0.031250
0 0.162500 0.456250 0.031250 0.031250
0 0.542188 0.892188 0.028125 0.028125
0 0.426563 0.745313 0.028125 0.028125
0 0.903125 0.553125 0.031250 0.031250
0 0.657813 0.803125 0.028125 0.031250
0 0.653125 0.403125 0.031250 0.031250
0 0.314063 0.365625 0.034375 0.031250
0 0.603125 0.370312 0.031250 0.034375
0 0.312500 0.487500 0.031250 0.031250
0 0.256250 0.971875 0.031250 0.031250
0 0.025000 0.718750 0.031250 0.031250
0 0.700000 0.432812 0.031250 0.028125
0 0.425000 0.573438 0.031250 0.028125
0 0.870313 0.665625 0.028125 0.031250
0 0.457813 0.978125 0.028125 0.031250
0 0.870313 0.490625 0.028125 0.031250
0 0.815625 0.401562 0.031250 0.028125
0 0.721875 0.862500 0.031250 0.031250
0 0.040625 0.364063 0.031250 0.034375
0 0.414062 0.367188 0.034375 0.034375
0 0.915625 0.528125 0.031250 0.031250
0 0.821875 0.920312 0.031250 0.028125
0 0.229687 0.457813 0.028125 0.028125
0 0.704688 0.604688 0.028125 0.028125
0 0.857812 0.920312 0.028125 0.028125
0 0.489063 0.978125 0.028125 0.031250
0 0.492188 0.517188 0.028125 0.028125
0 0.720313 0.403125 0.028125 0.031250
0 0.128125 0.854688 0.031250 0.028125
0 0.873437 0.720313 0.028125 0.028125
0 0.018750 0.659375 0.031250 0.031250
0 0.346875 0.367188 0.031250 0.034375
0 0.687500 0.401562 0.031250 0.028125
0 0.125000 0.393750 0.031250 0.031250
0 0.467187 0.368750 0.034375 0.037500
0 0.557813 0.864062 0.028125 0.028125
0 0.900000 0.429688 0.031250 0.028125
0 0.359375 0.978125 0.031250 0.031250
0 0.107813 0.364063 0.034375 0.034375
0 0.573438 0.832812 0.028125 0.028125
0 0.521875 0.921875 0.031250 0.031250
0 0.837500 0.548438 0.031250 0.028125
0 0.937500 0.557813 0.031250 0.028125
0 0.784375 0.401562 0.031250 0.028125
0 0.932813 0.500000 0.028125 0.031250
0 0.073438 0.364063 0.034375 0.034375
0 0.673438 0.835938 0.028125 0.028125
0 0.921875 0.975000 0.031250 0.031250
0 0.740625 0.834375 0.031250 0.031250
0 0.018750 0.543750 0.031250 0.031250
0 0.787500 0.634375 0.031250 0.031250
0 0.790625 0.578125 0.031250 0.031250
0 0.145313 0.367188 0.034375 0.034375
0 0.954688 0.978125 0.028125 0.031250
0 0.017188 0.871875 0.028125 0.031250
0 0.700000 0.371875 0.031250 0.031250
0 0.537500 0.368750 0.031250 0.031250
0 0.896875 0.375000 0.031250 0.031250
0 0.832812 0.370312 0.034375 0.034375
0 0.509375 0.948438 0.031250 0.028125
0 0.381250 0.368750 0.031250 0.031250
0 0.198437 0.976562 0.028125 0.028125
0 0.634375 0.370312 0.031250 0.034375
0 0.665625 0.368750 0.031250 0.031250
0 0.751563 0.403125 0.028125 0.031250
0 0.623437 0.920312 0.034375 0.034375
0 0.887500 0.978125 0.031250 0.031250
0 0.803125 0.370312 0.031250 0.034375
0 0.968750 0.553125 0.031250 0.031250
0 0.820312 0.976562 0.034375 0.034375
0 0.017188 0.485938 0.028125 0.028125
0 0.867188 0.370312 0.034375 0.034375
0 0.721875 0.576562 0.025000 0.028125
0 0.914062 0.471875 0.028125 0.025000
