0 0.237500 0.843750 0.031250 0.031250
0 0.734375 0.718750 0.031250 0.031250
0 0.085938 0.921875 0.028125 0.031250
0 0.765625 0.406250 0.031250 0.031250
0 0.645312 0.768750 0.028125 0.031250
0 0.032813 0.937500 0.028125 0.031250
0 0.187500 0.098437 0.031250 0.028125
0 0.703125 0.734375 0.031250 0.031250
0 0.164062 0.882812 0.028125 0.028125
0 0.101562 0.864062 0.028125 0.028125
0 0.762500 0.803125 0.031250 0.031250
0 0.126562 0.753125 0.028125 0.031250
0 0.045312 0.879687 0.028125 0.028125
0 0.037500 0.846875 0.031250 0.031250
0 0.709375 0.406250 0.031250 0.031250
0 0.203125 0.921875 0.031250 0.031250
0 0.218750 0.746875 0.031250 0.031250
0 0.765625 0.440625 0.031250 0.031250
0 0.135937 0.071875 0.028125 0.031250
0 0.734375 0.684375 0.031250 0.031250
0 0.323437 0.907813 0.028125 0.028125
0 0.764062 0.670312 0.028125 0.028125
0 0.096875 0.956250 0.031250 0.031250
0 0.682813 0.217188 0.028125 0.028125
0 0.792188 0.556250 0.028125 0.031250
0 0.354687 0.857812 0.028125 0.028125
0 0.240625 0.725000 0.031250 0.031250
0 0.293750 0.921875 0.031250 0.031250
0 0.051562 0.098437 0.028125 0.028125
0 0.675000 0.751563 0.031250 0.028125
0 0.345313 0.792188 0.028125 0.028125
0 0.793750 0.390625 0.031250 0.031250
0 0.618750 0.685937 0.031250 0.028125
0 0.087500 0.098437 0.031250 0.028125
0 0.792188 0.851562 0.028125 0.028125
0 0.792188 0.656250 0.028125 0.031250
0 0.023438 0.901563 0.028125 0.028125
0 0.765625 0.337500 0.031250 0.031250
0 0.318750 0.812500 0.031250 0.031250
0 0.703125 0.768750 0.031250 0.031250
0 0.067187 0.854688 0.028125 0.028125
0 0.304688 0.675000 0.028125 0.031250
0 0.792188 0.620313 0.028125 0.028125
0 0.384375 0.876563 0.031250 0.028125
0 0.793750 0.290625 0.031250 0.031250
0 0.414062 0.829688 0.028125 0.028125
0 0.323437 0.843750 0.028125 0.031250
0 0.039062 0.068750 0.028125 0.031250
0 0.781250 0.106250 0.031250 0.031250
0 0.328125 0.537500 0.031250 0.031250
0 0.706250 0.368750 0.031250 0.031250
0 0.223438 0.778125 0.028125 0.031250
0 0.104688 0.776563 0.028125 0.028125
0 0.354687 0.892188 0.028125 0.028125
0 0.750000 0.215625 0.031250 0.031250
0 0.476562 0.637500 0.028125 0.031250
0 0.678125 0.490625 0.031250 0.031250
0 0.762500 0.134375 0.031250 0.031250
0 0.746875 0.106250 0.031250 0.031250
0 0.250000 0.878125 0.031250 0.031250
0 0.504687 0.620313 0.028125 0.028125
0 0.381250 0.812500 0.031250 0.031250
0 0.764062 0.735938 0.028125 0.028125
0 0.312500 0.778125 0.031250 0.031250
0 0.473438 0.767188 0.028125 0.028125
0 0.103125 0.070312 0.031250 0.028125
0 0.820312 0.051562 0.040625 0.040625
0 0.704688 0.800000 0.028125 0.031250
0 0.698438 0.335938 0.034375 0.034375
0 0.420312 0.639062 0.028125 0.028125
0 0.714063 0.160938 0.028125 0.028125
0 0.135937 0.784375 0.028125 0.031250
0 0.764062 0.768750 0.028125 0.031250
0 0.287500 0.798438 0.031250 0.028125
0 0.354687 0.923438 0.028125 0.028125
0 0.760938 0.832812 0.028125 0.028125
0 0.821875 0.901563 0.031250 0.034375
0 0.617188 0.848437 0.028125 0.028125
0 0.675000 0.718750 0.031250 0.031250
0 0.153125 0.848437 0.031250 0.028125
0 0.592187 0.701562 0.028125 0.028125
0 0.037500 0.128125 0.031250 0.031250
0 0.681250 0.160938 0.031250 0.028125
0 0.701562 0.245312 0.028125 0.028125
0 0.190625 0.771875 0.031250 0.031250
0 0.417187 0.798438 0.028125 0.028125
0 0.185938 0.857812 0.028125 0.028125
0 0.054688 0.910937 0.028125 0.028125
0 0.765625 0.635938 0.031250 0.028125
0 0.096875 0.745313 0.031250 0.028125
0 0.332813 0.690625 0.028125 0.031250
0 0.762500 0.535937 0.031250 0.028125
0 0.732812 0.751563 0.028125 0.028125
0 0.154688 0.098437 0.028125 0.028125
0 0.764062 0.571875 0.028125 0.031250
0 0.306250 0.573438 0.031250 0.028125
0 0.420312 0.764062 0.028125 0.028125
0 0.762500 0.604688 0.031250 0.028125
0 0.775000 0.196875 0.031250 0.031250
0 0.762500 0.865625 0.031250 0.031250
0 0.756250 0.271875 0.031250 0.031250
0 0.334375 0.756250 0.031250 0.031250
0 0.090625 0.834375 0.031250 0.031250
0 0.795312 0.357812 0.028125 0.028125
0 0.823438 0.240625 0.034375 0.031250
0 0.585938 0.865625 0.028125 0.031250
0 0.796875 0.323437 0.031250 0.028125
0 0.079687 0.675000 0.028125 0.031250
0 0.231250 0.812500 0.031250 0.031250
0 0.132812 0.873437 0.028125 0.028125
0 0.562500 0.718750 0.031250 0.031250
0 0.334375 0.721875 0.031250 0.031250
0 0.648438 0.703125 0.028125 0.031250
0 0.706250 0.603125 0.031250 0.031250
0 0.120313 0.098437 0.028125 0.028125
0 0.645312 0.735938 0.028125 0.028125
0 0.281250 0.765625 0.031250 0.031250
0 0.792188 0.917188 0.028125 0.028125
0 0.796875 0.137500 0.031250 0.031250
0 0.087500 0.710938 0.031250 0.028125
0 0.143750 0.814063 0.031250 0.028125
0 0.793750 0.490625 0.031250 0.031250
0 0.675000 0.815625 0.031250 0.031250
0 0.275000 0.628125 0.031250 0.031250
0 0.617188 0.717187 0.028125 0.028125
0 0.064062 0.735938 0.028125 0.028125
0 0.534375 0.668750 0.031250 0.031250
0 0.648438 0.668750 0.028125 0.031250
0 0.195312 0.889062 0.028125 0.028125
0 0.681250 0.456250 0.031250 0.031250
0 0.818750 0.934375 0.031250 0.031250
0 0.235937 0.932813 0.028125 0.028125
0 0.792188 0.784375 0.028125 0.031250
0 0.304688 0.642188 0.028125 0.028125
0 0.476562 0.606250 0.028125 0.031250
0 0.825000 0.471875 0.031250 0.031250
0 0.745313 0.160938 0.028125 0.028125
0 0.250000 0.679688 0.031250 0.028125
0 0.387500 0.590625 0.031250 0.031250
0 0.328125 0.876563 0.031250 0.028125
0 0.764062 0.701562 0.028125 0.028125
0 0.390625 0.751563 0.031250 0.028125
0 0.276562 0.659375 0.028125 0.031250
0 0.228125 0.901563 0.031250 0.028125
0 0.142187 0.696875 0.028125 0.031250
0 0.389062 0.782813 0.028125 0.028125
0 0.707812 0.439063 0.028125 0.028125
0 0.614062 0.882812 0.028125 0.028125
0 0.389062 0.654687 0.028125 0.028125
0 0.351562 0.825000 0.028125 0.031250
0 0.793750 0.221875 0.031250 0.031250
0 0.293750 0.535937 0.031250 0.028125
0 0.675000 0.356250 0.031250 0.031250
0 0.139063 0.904687 0.028125 0.028125
0 0.735938 0.653125 0.028125 0.031250
0 0.087500 0.042188 0.031250 0.028125
0 0.303125 0.606250 0.031250 0.031250
0 0.168750 0.070312 0.031250 0.028125
0 0.200000 0.071875 0.031250 0.031250
0 0.818750 0.768750 0.031250 0.031250
0 0.325000 0.971875 0.031250 0.031250
0 0.384375 0.909375 0.031250 0.031250
0 0.390625 0.687500 0.031250 0.031250
0 0.592187 0.604688 0.028125 0.028125
0 0.226562 0.696875 0.028125 0.031250
0 0.762500 0.368750 0.031250 0.031250
0 0.792188 0.882812 0.028125 0.028125
0 0.360938 0.640625 0.028125 0.031250
0 0.645312 0.800000 0.028125 0.031250
0 0.729688 0.134375 0.028125 0.031250
0 0.267188 0.940625 0.028125 0.031250
0 0.793750 0.423438 0.031250 0.028125
0 0.276562 0.560937 0.028125 0.028125
0 0.823438 0.375000 0.028125 0.031250
0 0.735938 0.245312 0.028125 0.028125
0 0.795312 0.523438 0.028125 0.028125
0 0.159375 0.760938 0.031250 0.028125
0 0.709375 0.475000 0.031250 0.031250
0 0.125000 0.840625 0.031250 0.031250
0 0.635938 0.248438 0.028125 0.028125
0 0.259375 0.909375 0.031250 0.031250
0 0.717187 0.217188 0.028125 0.028125
0 0.242188 0.557813 0.028125 0.028125
0 0.707812 0.504687 0.028125 0.028125
0 0.825000 0.206250 0.031250 0.031250
0 0.070312 0.070312 0.028125 0.028125
0 0.151562 0.729688 0.028125 0.028125
0 0.806250 0.181250 0.031250 0.031250
0 0.107813 0.898438 0.028125 0.028125
0 0.696875 0.079687 0.031250 0.028125
0 0.215625 0.634375 0.031250 0.031250
0 0.507812 0.589063 0.028125 0.028125
0 0.214062 0.570312 0.028125 0.028125
0 0.650000 0.471875 0.031250 0.031250
0 0.767188 0.240625 0.028125 0.031250
0 0.703125 0.865625 0.031250 0.031250
0 0.382812 0.940625 0.028125 0.031250
0 0.732812 0.076563 0.028125 0.028125
0 0.150000 0.935937 0.031250 0.028125
0 0.821875 0.801562 0.031250 0.034375
0 0.507812 0.554688 0.028125 0.028125
0 0.420312 0.670312 0.028125 0.028125
0 0.360938 0.673438 0.028125 0.028125
0 0.735938 0.587500 0.028125 0.031250
0 0.332813 0.657813 0.028125 0.028125
0 0.735938 0.487500 0.028125 0.031250
0 0.400000 0.529687 0.031250 0.028125
0 0.504687 0.687500 0.028125 0.031250
0 0.645312 0.832812 0.028125 0.028125
0 0.389062 0.623437 0.028125 0.028125
0 0.445312 0.814063 0.028125 0.028125
0 0.037500 0.968750 0.031250 0.031250
0 0.201563 0.128125 0.028125 0.031250
0 0.446875 0.687500 0.031250 0.031250
0 0.821875 0.868750 0.031250 0.031250
0 0.445312 0.623437 0.028125 0.028125
0 0.560937 0.815625 0.028125 0.031250
0 0.821875 0.668750 0.031250 0.031250
0 0.792188 0.685937 0.028125 0.028125
0 0.762500 0.504687 0.031250 0.028125
0 0.698438 0.189062 0.028125 0.028125
0 0.825000 0.275000 0.031250 0.031250
0 0.445312 0.785937 0.028125 0.028125
0 0.217188 0.667188 0.028125 0.028125
0 0.362500 0.767188 0.031250 0.028125
0 0.254688 0.789062 0.028125 0.028125
0 0.671875 0.303125 0.031250 0.031250
0 0.331250 0.625000 0.031250 0.031250
0 0.717187 0.273438 0.028125 0.028125
0 0.176563 0.825000 0.028125 0.031250
0 0.335938 0.071875 0.028125 0.031250
0 0.589063 0.832812 0.028125 0.028125
0 0.685937 0.275000 0.028125 0.031250
0 0.189062 0.654687 0.028125 0.028125
0 0.476562 0.734375 0.028125 0.031250
0 0.729688 0.189062 0.028125 0.028125
0 0.206250 0.834375 0.031250 0.031250
0 0.360938 0.576562 0.028125 0.028125
0 0.653125 0.403125 0.031250 0.031250
0 0.262500 0.821875 0.031250 0.031250
0 0.592187 0.571875 0.028125 0.031250
0 0.675000 0.784375 0.031250 0.031250
0 0.168750 0.128125 0.031250 0.031250
0 0.664062 0.192188 0.028125 0.028125
0 0.617188 0.815625 0.028125 0.031250
0 0.021875 0.043750 0.031250 0.031250
0 0.120313 0.042188 0.028125 0.028125
0 0.303125 0.709375 0.031250 0.031250
0 0.479687 0.573438 0.028125 0.028125
0 0.706250 0.635938 0.025000 0.028125
0 0.820312 0.704688 0.034375 0.034375
0 0.389062 0.718750 0.028125 0.031250
0 0.264062 0.534375 0.028125 0.031250
0 0.592187 0.540625 0.028125 0.031250
0 0.704688 0.303125 0.028125 0.031250
0 0.306250 0.740625 0.031250 0.031250
0 0.084375 0.640625 0.031250 0.031250
0 0.448437 0.654687 0.028125 0.028125
0 0.620313 0.654687 0.028125 0.028125
0 0.670312 0.248438 0.028125 0.028125
0 0.765625 0.471875 0.031250 0.031250
0 0.792188 0.720313 0.028125 0.028125
0 0.412500 0.893750 0.031250 0.031250
0 0.823438 0.407813 0.028125 0.028125
0 0.235937 0.975000 0.034375 0.031250
0 0.248438 0.757812 0.028125 0.028125
0 0.821875 0.635938 0.031250 0.034375
0 0.360938 0.609375 0.028125 0.031250
0 0.064062 0.945312 0.028125 0.028125
0 0.821875 0.835938 0.031250 0.034375
0 0.117188 0.640625 0.028125 0.031250
0 0.703125 0.832812 0.031250 0.028125
0 0.825000 0.537500 0.031250 0.031250
0 0.587500 0.800000 0.031250 0.031250
0 0.562500 0.684375 0.031250 0.031250
0 0.043750 0.756250 0.031250 0.031250
0 0.504687 0.717187 0.028125 0.028125
0 0.218750 0.868750 0.031250 0.031250
0 0.118750 0.721875 0.031250 0.031250
0 0.792188 0.751563 0.028125 0.028125
0 0.204687 0.539062 0.028125 0.028125
0 0.764062 0.076563 0.028125 0.028125
0 0.645312 0.864062 0.028125 0.028125
0 0.623437 0.489063 0.028125 0.028125
0 0.384375 0.842187 0.031250 0.028125
0 0.478125 0.701562 0.031250 0.028125
0 0.054688 0.042188 0.028125 0.028125
0 0.651563 0.440625 0.028125 0.031250
0 0.273438 0.595313 0.028125 0.028125
0 0.418750 0.731250 0.031250 0.031250
0 0.792188 0.454688 0.028125 0.028125
0 0.675000 0.848437 0.031250 0.028125
0 0.353125 0.956250 0.031250 0.031250
0 0.412500 0.928125 0.031250 0.031250
0 0.698438 0.132812 0.028125 0.028125
0 0.248438 0.503125 0.028125 0.031250
0 0.212500 0.504687 0.025000 0.028125
0 0.735938 0.520312 0.028125 0.028125
0 0.298438 0.862500 0.028125 0.031250
0 0.821875 0.735938 0.031250 0.034375
0 0.229687 0.476562 0.028125 0.028125
0 0.153125 0.043750 0.031250 0.031250
0 0.410938 0.860938 0.028125 0.028125
0 0.320312 0.098437 0.028125 0.028125
0 0.276562 0.504687 0.028125 0.028125
0 0.132812 0.664062 0.028125 0.028125
0 0.532813 0.703125 0.028125 0.031250
0 0.076563 0.889062 0.028125 0.028125
0 0.825000 0.506250 0.031250 0.031250
0 0.181250 0.739062 0.031250 0.028125
0 0.623437 0.523438 0.028125 0.028125
0 0.423438 0.507812 0.028125 0.028125
0 0.707812 0.571875 0.028125 0.031250
0 0.560937 0.782813 0.028125 0.028125
0 0.440625 0.845313 0.031250 0.028125
0 0.510938 0.392188 0.028125 0.028125
0 0.021875 0.781250 0.031250 0.031250
0 0.823438 0.307812 0.028125 0.028125
0 0.445312 0.589063 0.028125 0.028125
0 0.159375 0.643750 0.031250 0.031250
0 0.796875 0.256250 0.031250 0.031250
0 0.135937 0.128125 0.028125 0.031250
0 0.643750 0.360938 0.031250 0.028125
0 0.825000 0.340625 0.031250 0.031250
0 0.564063 0.589063 0.028125 0.028125
0 0.185938 0.623437 0.028125 0.028125
0 0.362500 0.735938 0.031250 0.028125
0 0.779687 0.164062 0.028125 0.028125
0 0.535937 0.604688 0.028125 0.028125
0 0.603125 0.134375 0.031250 0.031250
0 0.101562 0.128125 0.028125 0.031250
0 0.417187 0.607812 0.028125 0.028125
0 0.735938 0.390625 0.034375 0.031250
0 0.704688 0.703125 0.028125 0.031250
0 0.592187 0.670312 0.028125 0.028125
0 0.282813 0.892188 0.028125 0.028125
0 0.821875 0.571875 0.031250 0.031250
0 0.534375 0.635938 0.025000 0.028125
0 0.525000 0.926562 0.031250 0.028125
0 0.479687 0.542188 0.028125 0.028125
0 0.210938 0.951562 0.028125 0.028125
0 0.792188 0.817187 0.028125 0.028125
0 0.021875 0.159375 0.031250 0.031250
0 0.070312 0.126562 0.028125 0.028125
0 0.646875 0.637500 0.031250 0.031250
0 0.795312 0.589063 0.028125 0.028125
0 0.448437 0.717187 0.028125 0.028125
0 0.734375 0.296875 0.031250 0.031250
0 0.681250 0.390625 0.031250 0.031250
0 0.734375 0.784375 0.031250 0.031250
0 0.473438 0.831250 0.028125 0.031250
0 0.110937 0.687500 0.028125 0.031250
0 0.678125 0.050000 0.031250 0.031250
0 0.262500 0.475000 0.031250 0.031250
0 0.820312 0.970313 0.034375 0.034375
0 0.179688 0.945312 0.028125 0.028125
0 0.360938 0.704688 0.028125 0.028125
0 0.735938 0.421875 0.028125 0.031250
0 0.060937 0.823438 0.028125 0.028125
0 0.734375 0.815625 0.031250 0.031250
0 0.167187 0.793750 0.028125 0.031250
0 0.731250 0.331250 0.031250 0.031250
0 0.031250 0.673438 0.031250 0.034375
0 0.582812 0.898438 0.028125 0.028125
0 0.271875 0.703125 0.031250 0.031250
0 0.476562 0.671875 0.028125 0.031250
0 0.823438 0.606250 0.028125 0.031250
0 0.114062 0.810937 0.028125 0.028125
0 0.534375 0.571875 0.031250 0.031250
0 0.357812 0.545312 0.028125 0.028125
0 0.046875 0.615625 0.031250 0.031250
0 0.765625 0.306250 0.031250 0.031250
0 0.343750 0.506250 0.031250 0.031250
0 0.309375 0.507812 0.031250 0.028125
0 0.029687 0.815625 0.028125 0.031250
0 0.273438 0.734375 0.028125 0.031250
0 0.593750 0.506250 0.031250 0.031250
0 0.521875 0.962500 0.031250 0.031250
0 0.714063 0.107813 0.028125 0.028125
0 0.732812 0.846875 0.028125 0.031250
0 0.535937 0.540625 0.028125 0.031250
0 0.039062 0.185938 0.028125 0.028125
0 0.215625 0.603125 0.031250 0.031250
0 0.295312 0.829688 0.028125 0.028125
0 0.395313 0.492188 0.028125 0.028125
0 0.532813 0.734375 0.028125 0.031250
0 0.426563 0.545312 0.028125 0.028125
0 0.432812 0.357812 0.028125 0.028125
0 0.825000 0.440625 0.031250 0.031250
0 0.417187 0.575000 0.028125 0.031250
0 0.681250 0.423438 0.031250 0.028125
0 0.504687 0.654687 0.028125 0.028125
0 0.187500 0.042188 0.031250 0.028125
0 0.706250 0.539062 0.031250 0.028125
0 0.165625 0.673438 0.031250 0.028125
0 0.618750 0.218750 0.031250 0.031250
0 0.439063 0.975000 0.028125 0.031250
0 0.326562 0.939063 0.028125 0.028125
0 0.620313 0.587500 0.028125 0.031250
0 0.295312 0.954688 0.028125 0.028125
0 0.504687 0.751563 0.028125 0.028125
0 0.585938 0.160938 0.028125 0.028125
0 0.417187 0.326562 0.028125 0.028125
0 0.448437 0.387500 0.028125 0.031250
0 0.650000 0.504687 0.031250 0.028125
0 0.735938 0.620313 0.028125 0.028125
0 0.600000 0.190625 0.031250 0.031250
0 0.620313 0.620313 0.028125 0.028125
0 0.560937 0.751563 0.028125 0.028125
0 0.173437 0.914062 0.028125 0.028125
0 0.203125 0.718750 0.031250 0.031250
0 0.735938 0.454688 0.028125 0.028125
0 0.187500 0.590625 0.031250 0.031250
0 0.679688 0.523438 0.028125 0.028125
0 0.198437 0.801562 0.028125 0.028125
0 0.057813 0.700000 0.028125 0.031250
0 0.400000 0.298438 0.031250 0.028125
0 0.165625 0.975000 0.031250 0.031250
0 0.332813 0.593750 0.028125 0.031250
0 0.493750 0.945312 0.031250 0.028125
0 0.232813 0.529687 0.028125 0.028125
0 0.656250 0.331250 0.031250 0.031250
0 0.726562 0.021875 0.028125 0.031250
0 0.679688 0.107813 0.028125 0.028125
0 0.235937 0.128125 0.028125 0.031250
0 0.537500 0.475000 0.031250 0.031250
0 0.765625 0.900000 0.031250 0.031250
0 0.054688 0.157812 0.028125 0.028125
0 0.506250 0.428125 0.031250 0.031250
0 0.565625 0.460938 0.031250 0.028125
0 0.117188 0.929688 0.028125 0.028125
0 0.551562 0.976562 0.028125 0.028125
0 0.500000 0.354687 0.031250 0.028125
0 0.626563 0.390625 0.028125 0.031250
0 0.585938 0.217188 0.028125 0.028125
0 0.551562 0.945312 0.028125 0.028125
0 0.371875 0.515625 0.031250 0.031250
0 0.735938 0.556250 0.028125 0.031250
0 0.018750 0.639062 0.031250 0.034375
0 0.556250 0.914062 0.031250 0.028125
0 0.735938 0.878125 0.028125 0.031250
0 0.120313 0.604688 0.028125 0.028125
0 0.481250 0.328125 0.031250 0.031250
0 0.793750 0.079687 0.031250 0.028125
0 0.610938 0.914062 0.028125 0.028125
0 0.654687 0.275000 0.028125 0.031250
0 0.464062 0.353125 0.028125 0.031250
0 0.535937 0.509375 0.028125 0.031250
0 0.712500 0.050000 0.031250 0.031250
0 0.251563 0.042188 0.028125 0.028125
0 0.568750 0.190625 0.031250 0.031250
0 0.420312 0.701562 0.028125 0.028125
0 0.823438 0.153125 0.034375 0.031250
0 0.220312 0.045312 0.028125 0.028125
0 0.637500 0.898438 0.031250 0.028125
0 0.268750 0.851562 0.031250 0.028125
0 0.051562 0.646875 0.028125 0.031250
0 0.532813 0.767188 0.028125 0.028125
0 0.792188 0.950000 0.028125 0.031250
0 0.479687 0.379688 0.028125 0.028125
0 0.671875 0.884375 0.031250 0.031250
0 0.665625 0.132812 0.031250 0.028125
0 0.639062 0.301563 0.028125 0.028125
0 0.625000 0.425000 0.031250 0.031250
0 0.381250 0.975000 0.031250 0.031250
0 0.181250 0.559375 0.031250 0.031250
0 0.175000 0.706250 0.031250 0.031250
0 0.445312 0.751563 0.028125 0.028125
0 0.551562 0.160938 0.028125 0.028125
0 0.078125 0.537500 0.031250 0.031250
0 0.451562 0.326562 0.028125 0.028125
0 0.040625 0.546875 0.031250 0.031250
0 0.531250 0.351562 0.031250 0.028125
0 0.318750 0.043750 0.031250 0.031250
0 0.465625 0.959375 0.031250 0.031250
0 0.285938 0.045312 0.028125 0.028125
0 0.476562 0.798438 0.028125 0.028125
0 0.217188 0.098437 0.028125 0.028125
0 0.387500 0.559375 0.031250 0.031250
0 0.384375 0.328125 0.031250 0.031250
0 0.268750 0.971875 0.031250 0.031250
0 0.365625 0.475000 0.031250 0.031250
0 0.650000 0.217188 0.025000 0.028125
0 0.512500 0.325000 0.031250 0.031250
0 0.634375 0.132812 0.025000 0.028125
0 0.409375 0.960938 0.031250 0.028125
0 0.157812 0.609375 0.028125 0.031250
0 0.540625 0.378125 0.031250 0.031250
0 0.131250 0.962500 0.031250 0.031250
0 0.825000 0.120313 0.031250 0.028125
0 0.071875 0.978125 0.031250 0.031250
0 0.432812 0.298438 0.028125 0.028125
0 0.617188 0.784375 0.028125 0.031250
0 0.050000 0.517188 0.031250 0.028125
0 0.293750 0.478125 0.031250 0.031250
0 0.245312 0.645312 0.028125 0.028125
0 0.021875 0.214062 0.031250 0.034375
0 0.451562 0.557813 0.028125 0.028125
0 0.500000 0.881250 0.031250 0.031250
0 0.582812 0.931250 0.028125 0.025000
0 0.245312 0.585938 0.028125 0.028125
0 0.570312 0.135937 0.028125 0.028125
0 0.395313 0.460938 0.028125 0.028125
0 0.200000 0.476562 0.031250 0.028125
0 0.470313 0.131250 0.028125 0.031250
0 0.500000 0.850000 0.031250 0.031250
0 0.617188 0.107813 0.028125 0.028125
0 0.079687 0.798438 0.028125 0.028125
0 0.415625 0.382812 0.025000 0.028125
0 0.492188 0.976562 0.028125 0.028125
0 0.823438 0.089063 0.034375 0.034375
0 0.395313 0.418750 0.028125 0.031250
0 0.709375 0.896875 0.031250 0.031250
0 0.250000 0.446875 0.031250 0.031250
0 0.507812 0.523438 0.028125 0.028125
0 0.678125 0.620313 0.031250 0.028125
0 0.020313 0.595313 0.034375 0.034375
0 0.623437 0.332813 0.028125 0.028125
0 0.203125 0.015625 0.031250 0.031250
0 0.264062 0.420312 0.028125 0.028125
0 0.112500 0.571875 0.031250 0.031250
0 0.439063 0.945312 0.028125 0.028125
0 0.425000 0.410938 0.031250 0.028125
0 0.496875 0.912500 0.031250 0.031250
0 0.620313 0.556250 0.028125 0.031250
0 0.423438 0.476562 0.028125 0.028125
0 0.368750 0.073438 0.031250 0.028125
0 0.453125 0.100000 0.031250 0.031250
0 0.087500 0.157812 0.031250 0.028125
0 0.423438 0.445312 0.028125 0.028125
0 0.335938 0.128125 0.028125 0.031250
0 0.243750 0.618750 0.031250 0.031250
0 0.142187 0.579688 0.028125 0.028125
0 0.450000 0.043750 0.031250 0.031250
0 0.017188 0.873437 0.028125 0.028125
0 0.507812 0.460938 0.028125 0.028125
0 0.465625 0.071875 0.031250 0.031250
0 0.070312 0.185938 0.028125 0.028125
0 0.353125 0.101562 0.025000 0.028125
0 0.053125 0.578125 0.031250 0.031250
0 0.539062 0.442188 0.028125 0.028125
0 0.451562 0.525000 0.028125 0.031250
0 0.737500 0.360938 0.031250 0.028125
0 0.375000 0.442188 0.031250 0.028125
0 0.646875 0.050000 0.025000 0.025000
0 0.584375 0.106250 0.031250 0.031250
0 0.301563 0.128125 0.028125 0.025000
0 0.529687 0.017188 0.028125 0.028125
0 0.792188 0.020313 0.028125 0.028125
0 0.018750 0.521875 0.031250 0.031250
0 0.168750 0.015625 0.031250 0.031250
0 0.268750 0.017188 0.031250 0.028125
0 0.073438 0.768750 0.028125 0.031250
0 0.082812 0.570312 0.028125 0.028125
0 0.567187 0.360938 0.028125 0.028125
0 0.137500 0.015625 0.031250 0.031250
0 0.385937 0.101562 0.028125 0.028125
0 0.514062 0.042188 0.028125 0.028125
