0 0.893750 0.910937 0.031250 0.028125
0 0.100000 0.793750 0.031250 0.031250
0 0.312500 0.881250 0.031250 0.031250
0 0.131250 0.793750 0.031250 0.031250
0 0.084375 0.823438 0.031250 0.028125
0 0.196875 0.679688 0.031250 0.028125
0 0.262500 0.909375 0.031250 0.031250
0 0.082812 0.476562 0.028125 0.028125
0 0.081250 0.765625 0.031250 0.031250
0 0.360938 0.909375 0.028125 0.031250
0 0.426563 0.853125 0.028125 0.031250
0 0.343750 0.765625 0.031250 0.031250
0 0.281250 0.590625 0.031250 0.031250
0 0.940625 0.940625 0.031250 0.031250
0 0.231250 0.679688 0.031250 0.028125
0 0.876563 0.881250 0.028125 0.031250
0 0.329688 0.392188 0.028125 0.028125
0 0.081250 0.937500 0.031250 0.031250
0 0.281250 0.418750 0.031250 0.031250
0 0.050000 0.882812 0.031250 0.028125
0 0.065625 0.851562 0.031250 0.028125
0 0.148438 0.765625 0.028125 0.031250
0 0.117188 0.823438 0.028125 0.028125
0 0.115625 0.765625 0.031250 0.031250
0 0.328125 0.909375 0.031250 0.031250
0 0.245312 0.764062 0.028125 0.028125
0 0.296875 0.392188 0.031250 0.028125
0 0.360938 0.853125 0.028125 0.031250
0 0.214062 0.823438 0.028125 0.028125
0 0.117188 0.593750 0.028125 0.031250
0 0.114062 0.709375 0.028125 0.031250
0 0.926562 0.854688 0.028125 0.028125
0 0.278125 0.939063 0.031250 0.028125
0 0.312500 0.823438 0.031250 0.028125
0 0.148438 0.937500 0.028125 0.031250
0 0.212500 0.535937 0.031250 0.028125
0 0.050000 0.478125 0.031250 0.031250
0 0.131250 0.506250 0.031250 0.031250
0 0.229687 0.909375 0.028125 0.031250
0 0.909375 0.882812 0.031250 0.028125
0 0.050000 0.823438 0.031250 0.028125
0 0.065625 0.793750 0.031250 0.031250
0 0.878125 0.823438 0.031250 0.028125
0 0.426563 0.796875 0.028125 0.031250
0 0.150000 0.823438 0.031250 0.028125
0 0.100000 0.853125 0.031250 0.031250
0 0.148438 0.650000 0.028125 0.031250
0 0.132812 0.679688 0.028125 0.028125
0 0.328125 0.853125 0.031250 0.031250
0 0.081250 0.881250 0.031250 0.031250
0 0.114062 0.650000 0.028125 0.031250
0 0.229687 0.737500 0.028125 0.031250
0 0.959375 0.740625 0.031250 0.031250
0 0.360938 0.796875 0.028125 0.031250
0 0.065625 0.909375 0.031250 0.031250
0 0.148438 0.707812 0.028125 0.028125
0 0.214062 0.709375 0.028125 0.031250
0 0.032813 0.853125 0.028125 0.031250
0 0.346875 0.940625 0.031250 0.031250
0 0.164062 0.679688 0.028125 0.028125
0 0.445312 0.882812 0.028125 0.028125
0 0.246875 0.478125 0.031250 0.031250
0 0.893750 0.796875 0.031250 0.031250
0 0.246875 0.418750 0.031250 0.031250
0 0.245312 0.882812 0.028125 0.028125
0 0.179688 0.593750 0.028125 0.031250
0 0.082812 0.593750 0.028125 0.031250
0 0.196875 0.909375 0.031250 0.031250
0 0.115625 0.537500 0.031250 0.031250
0 0.296875 0.970313 0.031250 0.028125
0 0.329688 0.968750 0.028125 0.031250
0 0.101562 0.446875 0.028125 0.031250
0 0.229687 0.565625 0.028125 0.031250
0 0.229687 0.853125 0.028125 0.031250
0 0.084375 0.709375 0.031250 0.031250
0 0.198437 0.450000 0.028125 0.031250
0 0.034375 0.737500 0.031250 0.031250
0 0.032813 0.795312 0.028125 0.028125
0 0.100000 0.506250 0.031250 0.031250
0 0.693750 0.506250 0.031250 0.031250
0 0.964063 0.512500 0.028125 0.031250
0 0.396875 0.506250 0.031250 0.031250
0 0.164062 0.623437 0.028125 0.028125
0 0.165625 0.793750 0.031250 0.031250
0 0.293750 0.735938 0.031250 0.028125
0 0.956250 0.909375 0.031250 0.031250
0 0.475000 0.823438 0.031250 0.028125
0 0.262500 0.450000 0.031250 0.031250
0 0.114062 0.476562 0.028125 0.028125
0 0.746875 0.478125 0.031250 0.031250
0 0.210938 0.651563 0.028125 0.028125
0 0.196875 0.851562 0.031250 0.028125
0 0.412500 0.534375 0.031250 0.031250
0 0.360938 0.737500 0.028125 0.031250
0 0.132812 0.446875 0.028125 0.031250
0 0.164062 0.564063 0.028125 0.028125
0 0.662500 0.968750 0.031250 0.031250
0 0.196875 0.623437 0.031250 0.028125
0 0.262500 0.735938 0.031250 0.028125
0 0.884375 0.540625 0.031250 0.031250
0 0.067187 0.621875 0.028125 0.031250
0 0.345313 0.882812 0.028125 0.028125
0 0.643750 0.423438 0.031250 0.028125
0 0.260937 0.793750 0.028125 0.031250
0 0.278125 0.881250 0.031250 0.031250
0 0.493750 0.853125 0.031250 0.031250
0 0.959375 0.396875 0.031250 0.031250
0 0.196875 0.392188 0.031250 0.028125
0 0.428125 0.968750 0.031250 0.031250
0 0.065625 0.504687 0.031250 0.028125
0 0.214062 0.882812 0.028125 0.028125
0 0.034375 0.507812 0.031250 0.028125
0 0.479687 0.940625 0.028125 0.031250
0 0.314063 0.940625 0.028125 0.031250
0 0.262500 0.968750 0.031250 0.031250
0 0.084375 0.418750 0.031250 0.031250
0 0.378125 0.882812 0.031250 0.028125
0 0.293750 0.796875 0.031250 0.031250
0 0.821875 0.537500 0.031250 0.031250
0 0.164062 0.507812 0.028125 0.028125
0 0.728125 0.396875 0.031250 0.031250
0 0.376563 0.765625 0.028125 0.031250
0 0.462500 0.910937 0.031250 0.028125
0 0.907813 0.940625 0.028125 0.031250
0 0.879687 0.482812 0.028125 0.028125
0 0.412500 0.937500 0.031250 0.031250
0 0.181250 0.823438 0.031250 0.028125
0 0.928125 0.510938 0.031250 0.028125
0 0.296875 0.853125 0.031250 0.031250
0 0.460938 0.679688 0.028125 0.028125
0 0.098437 0.679688 0.028125 0.028125
0 0.181250 0.650000 0.031250 0.031250
0 0.231250 0.390625 0.031250 0.031250
0 0.050000 0.709375 0.031250 0.031250
0 0.914062 0.768750 0.028125 0.031250
0 0.526563 0.450000 0.028125 0.031250
0 0.526563 0.393750 0.028125 0.031250
0 0.362500 0.448437 0.031250 0.028125
0 0.731250 0.506250 0.031250 0.031250
0 0.164062 0.854688 0.028125 0.028125
0 0.050000 0.537500 0.031250 0.031250
0 0.478125 0.479687 0.031250 0.028125
0 0.018750 0.593750 0.031250 0.031250
0 0.493750 0.450000 0.031250 0.031250
0 0.925000 0.910937 0.031250 0.028125
0 0.590625 0.450000 0.031250 0.031250
0 0.132812 0.735938 0.028125 0.028125
0 0.393750 0.793750 0.031250 0.031250
0 0.762500 0.506250 0.031250 0.031250
0 0.812500 0.421875 0.031250 0.031250
0 0.362500 0.392188 0.031250 0.028125
0 0.910937 0.826562 0.028125 0.028125
0 0.625000 0.450000 0.031250 0.031250
0 0.265625 0.564063 0.031250 0.034375
0 0.100000 0.909375 0.031250 0.031250
0 0.396875 0.968750 0.031250 0.031250
0 0.460938 0.854688 0.028125 0.028125
0 0.362500 0.509375 0.031250 0.031250
0 0.032813 0.443750 0.028125 0.031250
0 0.378125 0.478125 0.031250 0.031250
0 0.445312 0.825000 0.028125 0.031250
0 0.396875 0.909375 0.031250 0.031250
0 0.692187 0.393750 0.028125 0.031250
0 0.182812 0.881250 0.028125 0.031250
0 0.893750 0.853125 0.031250 0.031250
0 0.445312 0.478125 0.028125 0.031250
0 0.539062 0.535937 0.028125 0.028125
0 0.378125 0.709375 0.031250 0.031250
0 0.132812 0.621875 0.028125 0.031250
0 0.328125 0.796875 0.031250 0.031250
0 0.245312 0.939063 0.028125 0.028125
0 0.148438 0.478125 0.028125 0.031250
0 0.926562 0.795312 0.028125 0.028125
0 0.246875 0.709375 0.031250 0.031250
0 0.476562 0.651563 0.028125 0.028125
0 0.975000 0.940625 0.031250 0.031250
0 0.929688 0.740625 0.028125 0.031250
0 0.946875 0.428125 0.031250 0.031250
0 0.262500 0.390625 0.031250 0.031250
0 0.068750 0.565625 0.031250 0.031250
0 0.942187 0.882812 0.028125 0.028125
0 0.478125 0.884375 0.031250 0.031250
0 0.278125 0.825000 0.031250 0.031250
0 0.973437 0.882812 0.028125 0.028125
0 0.098437 0.621875 0.028125 0.031250
0 0.656250 0.506250 0.031250 0.031250
0 0.943750 0.768750 0.031250 0.031250
0 0.510938 0.423438 0.028125 0.028125
0 0.892188 0.968750 0.028125 0.031250
0 0.540625 0.823438 0.031250 0.028125
0 0.559375 0.393750 0.031250 0.031250
0 0.342187 0.823438 0.028125 0.028125
0 0.443750 0.421875 0.031250 0.031250
0 0.964063 0.570312 0.028125 0.028125
0 0.098437 0.973437 0.034375 0.034375
0 0.246875 0.537500 0.031250 0.031250
0 0.410938 0.823438 0.028125 0.028125
0 0.576562 0.421875 0.028125 0.031250
0 0.081250 0.534375 0.031250 0.031250
0 0.493750 0.910937 0.031250 0.028125
0 0.462500 0.392188 0.031250 0.028125
0 0.609375 0.421875 0.031250 0.031250
0 0.132812 0.851562 0.028125 0.028125
0 0.912500 0.428125 0.031250 0.031250
0 0.510938 0.882812 0.028125 0.028125
0 0.146875 0.595313 0.031250 0.028125
0 0.148438 0.879687 0.028125 0.028125
0 0.345313 0.420312 0.028125 0.028125
0 0.943750 0.825000 0.031250 0.031250
0 0.065625 0.448437 0.031250 0.028125
0 0.262500 0.853125 0.031250 0.031250
0 0.901563 0.570312 0.028125 0.028125
0 0.214062 0.764062 0.028125 0.028125
0 0.792188 0.393750 0.028125 0.031250
0 0.459375 0.796875 0.031250 0.031250
0 0.034375 0.909375 0.031250 0.031250
0 0.692187 0.453125 0.028125 0.031250
0 0.635938 0.535937 0.028125 0.028125
0 0.393750 0.853125 0.031250 0.031250
0 0.878125 0.423438 0.031250 0.028125
0 0.973437 0.825000 0.028125 0.031250
0 0.410938 0.478125 0.028125 0.031250
0 0.712500 0.479687 0.031250 0.028125
0 0.328125 0.735938 0.031250 0.028125
0 0.428125 0.564063 0.031250 0.028125
0 0.381250 0.418750 0.031250 0.031250
0 0.112500 0.937500 0.031250 0.031250
0 0.509375 0.710938 0.031250 0.028125
0 0.526563 0.796875 0.028125 0.031250
0 0.378125 0.939063 0.031250 0.028125
0 0.314063 0.360938 0.034375 0.034375
0 0.409375 0.765625 0.031250 0.031250
0 0.312500 0.706250 0.031250 0.031250
0 0.495312 0.393750 0.028125 0.031250
0 0.379688 0.535937 0.028125 0.028125
0 0.859375 0.968750 0.031250 0.031250
0 0.543750 0.421875 0.031250 0.031250
0 0.945312 0.712500 0.028125 0.031250
0 0.378125 0.592187 0.031250 0.028125
0 0.278125 0.767188 0.031250 0.028125
0 0.328125 0.678125 0.031250 0.031250
0 0.309375 0.765625 0.031250 0.031250
0 0.476562 0.593750 0.028125 0.031250
0 0.651563 0.567187 0.028125 0.028125
0 0.132812 0.909375 0.028125 0.031250
0 0.678125 0.425000 0.031250 0.031250
0 0.229687 0.506250 0.028125 0.031250
0 0.081250 0.651563 0.031250 0.028125
0 0.179688 0.940625 0.028125 0.031250
0 0.509375 0.823438 0.031250 0.028125
0 0.164062 0.737500 0.028125 0.031250
0 0.229687 0.793750 0.028125 0.031250
0 0.296875 0.450000 0.031250 0.031250
0 0.412500 0.421875 0.031250 0.031250
0 0.593750 0.392188 0.031250 0.028125
0 0.378125 0.825000 0.031250 0.031250
0 0.710938 0.567187 0.028125 0.028125
0 0.931250 0.682813 0.031250 0.028125
0 0.098437 0.565625 0.028125 0.031250
0 0.214062 0.940625 0.028125 0.031250
0 0.557813 0.507812 0.028125 0.028125
0 0.459375 0.621875 0.031250 0.031250
0 0.345313 0.707812 0.028125 0.028125
0 0.493750 0.681250 0.031250 0.031250
0 0.050000 0.767188 0.031250 0.028125
0 0.443750 0.537500 0.031250 0.031250
0 0.117188 0.418750 0.028125 0.031250
0 0.179688 0.710938 0.028125 0.028125
0 0.946875 0.540625 0.031250 0.031250
0 0.525000 0.507812 0.031250 0.028125
0 0.145313 0.534375 0.028125 0.031250
0 0.493750 0.507812 0.031250 0.028125
0 0.896875 0.396875 0.031250 0.031250
0 0.214062 0.418750 0.028125 0.031250
0 0.148438 0.420312 0.028125 0.028125
0 0.443750 0.765625 0.031250 0.031250
0 0.050000 0.417187 0.031250 0.028125
0 0.557813 0.450000 0.028125 0.031250
0 0.281250 0.360938 0.031250 0.034375
0 0.957812 0.970313 0.028125 0.028125
0 0.428125 0.392188 0.031250 0.028125
0 0.262500 0.509375 0.031250 0.031250
0 0.743750 0.567187 0.031250 0.028125
0 0.284375 0.537500 0.031250 0.031250
0 0.626563 0.396875 0.028125 0.031250
0 0.492188 0.565625 0.028125 0.031250
0 0.362500 0.970313 0.031250 0.028125
0 0.676562 0.940625 0.028125 0.031250
0 0.229687 0.968750 0.028125 0.031250
0 0.429688 0.507812 0.028125 0.028125
0 0.345313 0.590625 0.028125 0.031250
0 0.787500 0.537500 0.031250 0.031250
0 0.065625 0.681250 0.031250 0.031250
0 0.806250 0.567187 0.031250 0.028125
0 0.848437 0.423438 0.028125 0.028125
0 0.509375 0.537500 0.031250 0.031250
0 0.510938 0.476562 0.028125 0.028125
0 0.215625 0.478125 0.031250 0.031250
0 0.743750 0.884375 0.031250 0.031250
0 0.460938 0.450000 0.028125 0.031250
0 0.195312 0.565625 0.028125 0.031250
0 0.181250 0.421875 0.031250 0.031250
0 0.162500 0.968750 0.031250 0.031250
0 0.828125 0.396875 0.031250 0.031250
0 0.410938 0.592187 0.028125 0.028125
0 0.196875 0.970313 0.031250 0.028125
0 0.393750 0.737500 0.031250 0.031250
0 0.960938 0.853125 0.028125 0.031250
0 0.048438 0.939063 0.028125 0.028125
0 0.960938 0.796875 0.028125 0.031250
0 0.114062 0.879687 0.028125 0.028125
0 0.759375 0.537500 0.031250 0.031250
0 0.296875 0.912500 0.031250 0.031250
0 0.975000 0.709375 0.031250 0.031250
0 0.659375 0.393750 0.031250 0.031250
0 0.914062 0.710938 0.028125 0.028125
0 0.328125 0.620313 0.031250 0.028125
0 0.853125 0.540625 0.031250 0.031250
0 0.710938 0.939063 0.028125 0.028125
0 0.034375 0.621875 0.031250 0.031250
0 0.964063 0.681250 0.028125 0.031250
0 0.693750 0.968750 0.031250 0.031250
0 0.395313 0.448437 0.028125 0.028125
0 0.210938 0.593750 0.028125 0.031250
0 0.759375 0.396875 0.031250 0.031250
0 0.068750 0.965625 0.031250 0.031250
0 0.410938 0.882812 0.028125 0.028125
0 0.709375 0.881250 0.031250 0.031250
0 0.196875 0.507812 0.031250 0.028125
0 0.179688 0.535937 0.028125 0.028125
0 0.181250 0.478125 0.031250 0.031250
0 0.317188 0.560937 0.034375 0.034375
0 0.835938 0.565625 0.028125 0.031250
0 0.796875 0.507812 0.031250 0.028125
0 0.895312 0.510938 0.028125 0.028125
0 0.846875 0.768750 0.031250 0.031250
0 0.495312 0.967187 0.028125 0.028125
0 0.164062 0.450000 0.028125 0.031250
0 0.745313 0.425000 0.028125 0.031250
0 0.165625 0.909375 0.031250 0.031250
0 0.360938 0.620313 0.028125 0.028125
0 0.764062 0.448437 0.028125 0.028125
0 0.975000 0.765625 0.031250 0.031250
0 0.018750 0.709375 0.031250 0.031250
0 0.067187 0.735938 0.028125 0.028125
0 0.712500 0.425000 0.031250 0.031250
0 0.573438 0.479687 0.028125 0.028125
0 0.679688 0.623437 0.028125 0.028125
0 0.129688 0.564063 0.028125 0.028125
0 0.829688 0.740625 0.028125 0.031250
0 0.032813 0.681250 0.028125 0.031250
0 0.098437 0.735938 0.028125 0.028125
0 0.409375 0.707812 0.031250 0.028125
0 0.395313 0.564063 0.028125 0.028125
0 0.132812 0.390625 0.028125 0.031250
0 0.314063 0.423438 0.028125 0.028125
0 0.100000 0.390625 0.031250 0.031250
0 0.664062 0.592187 0.028125 0.028125
0 0.948438 0.654687 0.028125 0.028125
0 0.862500 0.795312 0.031250 0.028125
0 0.867188 0.567187 0.028125 0.028125
0 0.696875 0.539062 0.031250 0.028125
0 0.665625 0.537500 0.031250 0.031250
0 0.446875 0.939063 0.031250 0.028125
0 0.525000 0.681250 0.031250 0.031250
0 0.946875 0.484375 0.031250 0.031250
0 0.195312 0.739062 0.028125 0.028125
0 0.895312 0.451562 0.028125 0.028125
0 0.246875 0.823438 0.031250 0.028125
0 0.246875 0.360938 0.031250 0.034375
0 0.345313 0.479687 0.028125 0.028125
0 0.443750 0.709375 0.031250 0.031250
0 0.860938 0.853125 0.028125 0.031250
0 0.475000 0.537500 0.031250 0.031250
0 0.442188 0.590625 0.028125 0.031250
0 0.526563 0.851562 0.028125 0.028125
0 0.657813 0.453125 0.028125 0.031250
0 0.542188 0.767188 0.028125 0.028125
0 0.198437 0.793750 0.028125 0.031250
0 0.479687 0.362500 0.034375 0.031250
0 0.493750 0.796875 0.031250 0.031250
0 0.915625 0.653125 0.031250 0.031250
0 0.860938 0.912500 0.028125 0.031250
0 0.978125 0.596875 0.031250 0.031250
0 0.393750 0.389062 0.031250 0.028125
0 0.245312 0.650000 0.028125 0.031250
0 0.445312 0.362500 0.034375 0.031250
0 0.131250 0.965625 0.031250 0.031250
0 0.845313 0.826562 0.028125 0.028125
0 0.728125 0.537500 0.031250 0.031250
0 0.460938 0.507812 0.028125 0.028125
0 0.726562 0.910937 0.028125 0.028125
0 0.925000 0.968750 0.031250 0.031250
0 0.279687 0.478125 0.028125 0.031250
0 0.179688 0.764062 0.028125 0.028125
0 0.962500 0.456250 0.031250 0.031250
0 0.314063 0.593750 0.028125 0.031250
0 0.460938 0.564063 0.028125 0.028125
0 0.410938 0.362500 0.034375 0.031250
0 0.429688 0.450000 0.028125 0.031250
0 0.034375 0.390625 0.031250 0.031250
0 0.360938 0.564063 0.028125 0.028125
0 0.492188 0.623437 0.028125 0.028125
0 0.050000 0.593750 0.031250 0.031250
0 0.215625 0.360938 0.031250 0.034375
0 0.682813 0.565625 0.028125 0.031250
0 0.693750 0.912500 0.031250 0.031250
0 0.229687 0.623437 0.028125 0.028125
0 0.714063 0.623437 0.028125 0.028125
0 0.864062 0.742188 0.028125 0.028125
0 0.603125 0.535937 0.031250 0.028125
0 0.068750 0.387500 0.031250 0.031250
0 0.601562 0.592187 0.028125 0.028125
0 0.560937 0.796875 0.028125 0.031250
0 0.329688 0.451562 0.028125 0.028125
0 0.278125 0.706250 0.031250 0.031250
0 0.775000 0.567187 0.031250 0.028125
0 0.231250 0.450000 0.031250 0.031250
0 0.781250 0.478125 0.031250 0.031250
0 0.293750 0.678125 0.031250 0.031250
0 0.926562 0.456250 0.028125 0.031250
0 0.779687 0.423438 0.028125 0.028125
0 0.296875 0.506250 0.031250 0.031250
0 0.034375 0.564063 0.031250 0.028125
0 0.978125 0.428125 0.031250 0.031250
0 0.914062 0.484375 0.028125 0.031250
0 0.479687 0.421875 0.028125 0.031250
0 0.673438 0.479687 0.028125 0.028125
0 0.864062 0.451562 0.028125 0.028125
0 0.426563 0.737500 0.028125 0.031250
0 0.876563 0.939063 0.028125 0.028125
0 0.115625 0.359375 0.031250 0.031250
0 0.345313 0.650000 0.028125 0.031250
0 0.729688 0.453125 0.028125 0.031250
0 0.915625 0.539062 0.031250 0.028125
0 0.726562 0.592187 0.028125 0.028125
0 0.617188 0.623437 0.028125 0.028125
0 0.245312 0.595313 0.028125 0.028125
0 0.710938 0.364063 0.034375 0.034375
0 0.018750 0.418750 0.031250 0.031250
0 0.262500 0.678125 0.031250 0.031250
0 0.639062 0.479687 0.028125 0.028125
0 0.426563 0.679688 0.028125 0.028125
0 0.150000 0.359375 0.031250 0.031250
0 0.617188 0.567187 0.028125 0.028125
0 0.507812 0.651563 0.028125 0.028125
0 0.182812 0.360938 0.034375 0.034375
0 0.514062 0.360938 0.034375 0.034375
0 0.862500 0.393750 0.031250 0.031250
0 0.650000 0.623437 0.031250 0.028125
0 0.346875 0.362500 0.031250 0.031250
0 0.462500 0.970313 0.031250 0.028125
0 0.514062 0.942187 0.028125 0.028125
0 0.018750 0.879687 0.031250 0.028125
0 0.260937 0.621875 0.028125 0.031250
0 0.018750 0.478125 0.031250 0.031250
0 0.021875 0.651563 0.031250 0.034375
0 0.798438 0.739062 0.028125 0.028125
0 0.879687 0.767188 0.028125 0.028125
0 0.018750 0.937500 0.031250 0.031250
0 0.632812 0.592187 0.028125 0.028125
0 0.626563 0.968750 0.028125 0.031250
0 0.948438 0.598437 0.028125 0.028125
0 0.978125 0.653125 0.031250 0.031250
0 0.329688 0.509375 0.028125 0.031250
0 0.760938 0.854688 0.028125 0.028125
0 0.917188 0.595313 0.028125 0.028125
0 0.018750 0.537500 0.031250 0.031250
0 0.507812 0.593750 0.028125 0.031250
0 0.695312 0.595313 0.028125 0.028125
0 0.843750 0.937500 0.031250 0.031250
0 0.360938 0.679688 0.028125 0.028125
0 0.728125 0.853125 0.031250 0.031250
0 0.864062 0.510938 0.028125 0.028125
0 0.831250 0.506250 0.031250 0.031250
0 0.896875 0.737500 0.031250 0.031250
0 0.378125 0.360938 0.031250 0.034375
0 0.967187 0.623437 0.028125 0.028125
0 0.018750 0.823438 0.031250 0.028125
0 0.165625 0.389062 0.031250 0.028125
0 0.429688 0.910937 0.028125 0.028125
0 0.932813 0.623437 0.028125 0.028125
0 0.743750 0.367188 0.031250 0.034375
0 0.018750 0.768750 0.031250 0.031250
0 0.573438 0.823438 0.028125 0.028125
0 0.825000 0.970313 0.031250 0.028125
0 0.643750 0.940625 0.031250 0.031250
0 0.743750 0.620313 0.031250 0.028125
0 0.528125 0.970313 0.031250 0.028125
0 0.643750 0.362500 0.031250 0.031250
0 0.948438 0.367188 0.034375 0.034375
0 0.851562 0.595313 0.028125 0.028125
0 0.842187 0.882812 0.028125 0.028125
0 0.678125 0.365625 0.031250 0.031250
0 0.345313 0.537500 0.028125 0.031250
0 0.775000 0.362500 0.031250 0.031250
0 0.523438 0.621875 0.028125 0.031250
0 0.928125 0.400000 0.031250 0.031250
0 0.806250 0.364063 0.031250 0.034375
0 0.393750 0.678125 0.031250 0.031250
0 0.662500 0.912500 0.031250 0.031250
0 0.726562 0.970313 0.034375 0.034375
0 0.573438 0.535937 0.028125 0.028125
0 0.915625 0.364063 0.031250 0.034375
0 0.776563 0.881250 0.028125 0.031250
0 0.610938 0.364063 0.034375 0.034375
0 0.575000 0.767188 0.031250 0.028125
0 0.792188 0.968750 0.028125 0.031250
0 0.051562 0.651563 0.028125 0.028125
0 0.793750 0.450000 0.031250 0.031250
0 0.932813 0.570312 0.028125 0.028125
0 0.634375 0.650000 0.031250 0.031250
0 0.539062 0.482812 0.028125 0.028125
0 0.575000 0.707812 0.031250 0.028125
0 0.314063 0.479687 0.028125 0.028125
0 0.601562 0.651563 0.028125 0.028125
0 0.578125 0.364063 0.031250 0.034375
0 0.557813 0.681250 0.028125 0.031250
0 0.589063 0.623437 0.028125 0.028125
0 0.557813 0.853125 0.028125 0.031250
0 0.814063 0.712500 0.028125 0.031250
0 0.559375 0.968750 0.031250 0.031250
0 0.593750 0.965625 0.031250 0.031250
0 0.978125 0.542188 0.031250 0.028125
0 0.781250 0.709375 0.031250 0.031250
0 0.546875 0.364063 0.031250 0.034375
0 0.975000 0.484375 0.031250 0.031250
0 0.810937 0.940625 0.028125 0.031250
