0 0.025000 0.882812 0.031250 0.028125
0 0.042188 0.910937 0.028125 0.028125
0 0.334375 0.812500 0.031250 0.031250
0 0.306250 0.829688 0.031250 0.028125
0 0.362500 0.831250 0.031250 0.031250
0 0.734375 0.917188 0.031250 0.028125
0 0.062500 0.768750 0.031250 0.031250
0 0.137500 0.912500 0.031250 0.031250
0 0.412500 0.700000 0.031250 0.031250
0 0.123438 0.882812 0.028125 0.028125
0 0.812500 0.828125 0.031250 0.031250
0 0.764062 0.929688 0.028125 0.028125
0 0.106250 0.909375 0.031250 0.031250
0 0.278125 0.909375 0.031250 0.031250
0 0.156250 0.940625 0.031250 0.031250
0 0.500000 0.721875 0.031250 0.031250
0 0.043750 0.853125 0.031250 0.031250
0 0.157812 0.825000 0.028125 0.031250
0 0.275000 0.800000 0.031250 0.031250
0 0.417187 0.831250 0.028125 0.031250
0 0.370312 0.407813 0.028125 0.028125
0 0.089063 0.940625 0.028125 0.031250
0 0.792188 0.914062 0.028125 0.028125
0 0.548438 0.553125 0.028125 0.031250
0 0.225000 0.771875 0.031250 0.031250
0 0.125000 0.943750 0.031250 0.031250
0 0.248438 0.857812 0.028125 0.028125
0 0.062500 0.825000 0.031250 0.031250
0 0.417187 0.795312 0.028125 0.028125
0 0.335938 0.878125 0.028125 0.031250
0 0.732812 0.884375 0.028125 0.031250
0 0.360938 0.767188 0.028125 0.028125
0 0.057813 0.882812 0.028125 0.028125
0 0.390625 0.814063 0.031250 0.028125
0 0.112500 0.512500 0.031250 0.031250
0 0.223438 0.598437 0.028125 0.028125
0 0.320312 0.660937 0.028125 0.028125
0 0.435937 0.576562 0.028125 0.028125
0 0.207813 0.684375 0.028125 0.031250
0 0.418750 0.864062 0.031250 0.028125
0 0.242188 0.798438 0.028125 0.028125
0 0.581250 0.732812 0.031250 0.028125
0 0.362500 0.798438 0.031250 0.028125
0 0.776563 0.784375 0.028125 0.031250
0 0.075000 0.854688 0.031250 0.028125
0 0.178125 0.568750 0.031250 0.031250
0 0.257812 0.603125 0.028125 0.031250
0 0.160938 0.712500 0.028125 0.031250
0 0.110937 0.739062 0.028125 0.028125
0 0.142187 0.739062 0.028125 0.028125
0 0.125000 0.825000 0.031250 0.031250
0 0.306250 0.796875 0.031250 0.031250
0 0.481250 0.606250 0.031250 0.031250
0 0.026562 0.825000 0.028125 0.031250
0 0.703125 0.901563 0.031250 0.028125
0 0.648438 0.937500 0.028125 0.031250
0 0.384375 0.664062 0.031250 0.028125
0 0.112500 0.570312 0.031250 0.028125
0 0.073438 0.910937 0.028125 0.028125
0 0.432812 0.632812 0.028125 0.028125
0 0.335938 0.460938 0.028125 0.028125
0 0.209375 0.396875 0.031250 0.031250
0 0.043750 0.796875 0.031250 0.031250
0 0.734375 0.948438 0.031250 0.028125
0 0.329688 0.776563 0.028125 0.028125
0 0.092188 0.882812 0.028125 0.028125
0 0.142187 0.795312 0.028125 0.028125
0 0.789062 0.850000 0.028125 0.031250
0 0.273438 0.685937 0.028125 0.028125
0 0.207813 0.742188 0.028125 0.028125
0 0.417187 0.550000 0.028125 0.031250
0 0.571875 0.528125 0.031250 0.031250
0 0.528125 0.831250 0.031250 0.031250
0 0.278125 0.943750 0.031250 0.031250
0 0.365625 0.896875 0.031250 0.031250
0 0.518750 0.604688 0.031250 0.028125
0 0.443750 0.756250 0.031250 0.031250
0 0.242188 0.631250 0.028125 0.031250
0 0.160938 0.653125 0.028125 0.031250
0 0.471875 0.800000 0.031250 0.031250
0 0.160938 0.485938 0.028125 0.028125
0 0.175000 0.795312 0.031250 0.028125
0 0.821875 0.893750 0.031250 0.031250
0 0.195312 0.540625 0.028125 0.031250
0 0.128125 0.428125 0.031250 0.031250
0 0.192188 0.656250 0.028125 0.031250
0 0.126562 0.768750 0.028125 0.031250
0 0.400000 0.635938 0.031250 0.028125
0 0.225000 0.428125 0.031250 0.031250
0 0.601562 0.618750 0.028125 0.031250
0 0.281250 0.876563 0.031250 0.028125
0 0.445312 0.815625 0.028125 0.031250
0 0.351562 0.664062 0.028125 0.028125
0 0.385937 0.718750 0.028125 0.031250
0 0.385937 0.750000 0.028125 0.031250
0 0.143750 0.456250 0.031250 0.031250
0 0.107813 0.795312 0.028125 0.028125
0 0.790625 0.881250 0.031250 0.031250
0 0.782813 0.815625 0.028125 0.031250
0 0.240625 0.515625 0.031250 0.031250
0 0.057813 0.939063 0.028125 0.028125
0 0.210938 0.626563 0.028125 0.028125
0 0.501563 0.468750 0.028125 0.031250
0 0.321875 0.492188 0.031250 0.028125
0 0.543750 0.584375 0.031250 0.031250
0 0.257812 0.770312 0.028125 0.028125
0 0.287500 0.490625 0.031250 0.031250
0 0.676562 0.917188 0.028125 0.028125
0 0.392188 0.846875 0.028125 0.031250
0 0.273438 0.743750 0.028125 0.031250
0 0.065625 0.653125 0.031250 0.031250
0 0.256250 0.428125 0.031250 0.031250
0 0.242188 0.684375 0.028125 0.031250
0 0.573438 0.635938 0.028125 0.028125
0 0.698438 0.839063 0.028125 0.028125
0 0.706250 0.965625 0.031250 0.031250
0 0.401562 0.579688 0.028125 0.028125
0 0.754687 0.832812 0.028125 0.028125
0 0.335938 0.845313 0.028125 0.028125
0 0.257812 0.714063 0.028125 0.028125
0 0.515625 0.553125 0.031250 0.031250
0 0.209375 0.512500 0.031250 0.031250
0 0.032813 0.540625 0.028125 0.031250
0 0.307812 0.926562 0.028125 0.028125
0 0.239063 0.742188 0.028125 0.028125
0 0.064062 0.428125 0.028125 0.031250
0 0.415625 0.667188 0.031250 0.028125
0 0.501563 0.846875 0.028125 0.031250
0 0.176563 0.682813 0.028125 0.028125
0 0.578125 0.496875 0.031250 0.031250
0 0.189062 0.826562 0.028125 0.028125
0 0.289062 0.771875 0.028125 0.031250
0 0.335938 0.578125 0.028125 0.031250
0 0.129688 0.654687 0.028125 0.028125
0 0.093750 0.823438 0.031250 0.028125
0 0.368750 0.632812 0.025000 0.028125
0 0.081250 0.682813 0.031250 0.028125
0 0.278125 0.845313 0.031250 0.028125
0 0.337500 0.745313 0.031250 0.028125
0 0.604688 0.514062 0.028125 0.028125
0 0.682813 0.596875 0.028125 0.031250
0 0.210938 0.571875 0.028125 0.031250
0 0.470313 0.706250 0.028125 0.031250
0 0.442188 0.690625 0.028125 0.031250
0 0.364063 0.929688 0.028125 0.028125
0 0.415625 0.764062 0.031250 0.028125
0 0.471875 0.831250 0.031250 0.031250
0 0.389062 0.782813 0.028125 0.028125
0 0.529687 0.864062 0.028125 0.028125
0 0.434375 0.523438 0.031250 0.028125
0 0.112500 0.456250 0.031250 0.031250
0 0.367188 0.576562 0.028125 0.028125
0 0.289062 0.717187 0.028125 0.028125
0 0.109375 0.854688 0.031250 0.028125
0 0.192188 0.598437 0.028125 0.028125
0 0.501563 0.784375 0.028125 0.031250
0 0.451562 0.607812 0.028125 0.028125
0 0.579688 0.701562 0.028125 0.028125
0 0.273438 0.629687 0.028125 0.028125
0 0.242188 0.571875 0.028125 0.031250
0 0.335938 0.914062 0.028125 0.028125
0 0.175000 0.739062 0.031250 0.028125
0 0.126562 0.710938 0.028125 0.028125
0 0.076563 0.795312 0.028125 0.028125
0 0.635938 0.695312 0.028125 0.028125
0 0.306250 0.960938 0.031250 0.028125
0 0.223438 0.712500 0.028125 0.031250
0 0.695312 0.695312 0.028125 0.028125
0 0.176563 0.626563 0.028125 0.028125
0 0.221875 0.828125 0.031250 0.031250
0 0.526563 0.701562 0.028125 0.028125
0 0.445312 0.879687 0.028125 0.028125
0 0.720313 0.714063 0.028125 0.028125
0 0.076563 0.739062 0.028125 0.028125
0 0.137500 0.970313 0.031250 0.028125
0 0.351562 0.435937 0.028125 0.028125
0 0.028125 0.421875 0.031250 0.031250
0 0.337500 0.690625 0.025000 0.025000
0 0.467187 0.470313 0.028125 0.028125
0 0.581250 0.767188 0.031250 0.028125
0 0.290625 0.431250 0.031250 0.031250
0 0.451562 0.440625 0.028125 0.031250
0 0.484375 0.496875 0.031250 0.031250
0 0.254688 0.825000 0.028125 0.031250
0 0.498437 0.579688 0.028125 0.028125
0 0.304688 0.573438 0.028125 0.028125
0 0.598437 0.548438 0.028125 0.028125
0 0.079687 0.510938 0.028125 0.028125
0 0.473438 0.864062 0.028125 0.028125
0 0.760938 0.867188 0.028125 0.028125
0 0.095312 0.431250 0.028125 0.031250
0 0.534375 0.470313 0.031250 0.028125
0 0.175000 0.398438 0.031250 0.028125
0 0.471875 0.768750 0.031250 0.031250
0 0.353125 0.717187 0.031250 0.028125
0 0.498437 0.689063 0.028125 0.028125
0 0.743750 0.771875 0.031250 0.031250
0 0.337500 0.634375 0.031250 0.031250
0 0.096875 0.540625 0.031250 0.031250
0 0.132812 0.540625 0.028125 0.031250
0 0.417187 0.604688 0.028125 0.028125
0 0.473438 0.898438 0.028125 0.028125
0 0.607812 0.712500 0.028125 0.031250
0 0.278125 0.975000 0.031250 0.031250
0 0.498437 0.753125 0.028125 0.031250
0 0.823438 0.959375 0.028125 0.031250
0 0.028125 0.481250 0.031250 0.031250
0 0.554688 0.687500 0.028125 0.031250
0 0.667188 0.714063 0.028125 0.028125
0 0.092188 0.768750 0.028125 0.031250
0 0.420312 0.895312 0.028125 0.028125
0 0.051562 0.567187 0.028125 0.028125
0 0.307812 0.860938 0.028125 0.028125
0 0.468750 0.640625 0.031250 0.031250
0 0.720313 0.675000 0.028125 0.031250
0 0.245312 0.962500 0.028125 0.031250
0 0.275000 0.398438 0.031250 0.028125
0 0.685937 0.629687 0.028125 0.028125
0 0.676562 0.889062 0.028125 0.028125
0 0.504687 0.879687 0.028125 0.028125
0 0.306250 0.518750 0.031250 0.031250
0 0.418750 0.959375 0.031250 0.031250
0 0.306250 0.689063 0.025000 0.028125
0 0.060937 0.710938 0.028125 0.028125
0 0.445312 0.848437 0.028125 0.028125
0 0.367188 0.523438 0.028125 0.028125
0 0.321875 0.432812 0.025000 0.028125
0 0.095312 0.482812 0.028125 0.028125
0 0.257812 0.657813 0.028125 0.028125
0 0.385937 0.607812 0.028125 0.028125
0 0.470313 0.673438 0.028125 0.028125
0 0.223438 0.657813 0.028125 0.028125
0 0.818750 0.860938 0.031250 0.028125
0 0.760938 0.898438 0.028125 0.028125
0 0.128125 0.598437 0.031250 0.028125
0 0.337500 0.404687 0.025000 0.028125
0 0.628125 0.603125 0.031250 0.031250
0 0.648438 0.904687 0.028125 0.028125
0 0.764062 0.962500 0.028125 0.031250
0 0.673438 0.857812 0.028125 0.028125
0 0.143750 0.398438 0.031250 0.028125
0 0.481250 0.443750 0.031250 0.031250
0 0.273438 0.517188 0.028125 0.028125
0 0.500000 0.525000 0.031250 0.031250
0 0.112500 0.623437 0.031250 0.028125
0 0.368750 0.467187 0.031250 0.028125
0 0.190625 0.428125 0.031250 0.031250
0 0.139063 0.854688 0.028125 0.028125
0 0.176563 0.512500 0.028125 0.031250
0 0.384375 0.495312 0.031250 0.028125
0 0.439063 0.412500 0.028125 0.031250
0 0.473438 0.735938 0.028125 0.028125
0 0.306250 0.404687 0.031250 0.028125
0 0.448437 0.914062 0.028125 0.028125
0 0.521875 0.437500 0.031250 0.031250
0 0.690625 0.664062 0.025000 0.028125
0 0.548438 0.620313 0.028125 0.028125
0 0.110937 0.398438 0.028125 0.028125
0 0.579688 0.667188 0.028125 0.028125
0 0.720313 0.787500 0.028125 0.031250
0 0.770312 0.751563 0.028125 0.028125
0 0.304688 0.460938 0.028125 0.028125
0 0.653125 0.584375 0.031250 0.031250
0 0.160938 0.767188 0.028125 0.028125
0 0.498437 0.656250 0.028125 0.031250
0 0.254688 0.546875 0.028125 0.031250
0 0.273438 0.575000 0.028125 0.031250
0 0.112500 0.681250 0.031250 0.031250
0 0.664062 0.681250 0.028125 0.031250
0 0.335938 0.945312 0.028125 0.028125
0 0.364063 0.864062 0.028125 0.028125
0 0.173437 0.975000 0.028125 0.031250
0 0.676562 0.948438 0.028125 0.028125
0 0.242188 0.398438 0.028125 0.028125
0 0.392188 0.945312 0.028125 0.028125
0 0.207813 0.798438 0.028125 0.028125
0 0.351562 0.607812 0.028125 0.028125
0 0.726562 0.746875 0.028125 0.031250
0 0.579688 0.798438 0.028125 0.028125
0 0.795312 0.946875 0.028125 0.025000
0 0.154688 0.882812 0.028125 0.028125
0 0.660937 0.648438 0.028125 0.028125
0 0.065625 0.595313 0.031250 0.028125
0 0.403125 0.410938 0.031250 0.028125
0 0.554688 0.815625 0.028125 0.031250
0 0.221875 0.940625 0.031250 0.031250
0 0.145313 0.625000 0.028125 0.031250
0 0.223438 0.545312 0.028125 0.028125
0 0.040625 0.968750 0.031250 0.031250
0 0.106250 0.970313 0.031250 0.028125
0 0.500000 0.815625 0.031250 0.031250
0 0.046875 0.737500 0.031250 0.031250
0 0.451562 0.550000 0.028125 0.031250
0 0.607812 0.682813 0.028125 0.028125
0 0.531250 0.898438 0.031250 0.028125
0 0.160938 0.596875 0.028125 0.031250
0 0.626563 0.568750 0.028125 0.031250
0 0.304688 0.629687 0.028125 0.028125
0 0.320312 0.717187 0.028125 0.028125
0 0.704688 0.932813 0.028125 0.028125
0 0.445312 0.721875 0.028125 0.031250
0 0.573438 0.603125 0.028125 0.031250
0 0.554688 0.751563 0.028125 0.028125
0 0.370312 0.689063 0.028125 0.028125
0 0.517188 0.498437 0.028125 0.028125
0 0.096875 0.654687 0.031250 0.028125
0 0.262500 0.368750 0.031250 0.031250
0 0.451562 0.498437 0.028125 0.028125
0 0.076563 0.456250 0.028125 0.031250
0 0.062500 0.485938 0.031250 0.028125
0 0.606250 0.481250 0.031250 0.031250
0 0.418750 0.925000 0.031250 0.031250
0 0.320312 0.545312 0.028125 0.028125
0 0.192188 0.768750 0.028125 0.031250
0 0.178125 0.456250 0.031250 0.031250
0 0.385937 0.550000 0.028125 0.031250
0 0.392188 0.879687 0.028125 0.028125
0 0.468750 0.578125 0.031250 0.031250
0 0.750000 0.728125 0.031250 0.031250
0 0.751563 0.801562 0.028125 0.028125
0 0.656250 0.617188 0.031250 0.028125
0 0.096875 0.596875 0.031250 0.031250
0 0.628125 0.535937 0.031250 0.028125
0 0.556250 0.882812 0.031250 0.028125
0 0.668750 0.823438 0.031250 0.028125
0 0.414062 0.732812 0.028125 0.028125
0 0.726562 0.851562 0.028125 0.028125
0 0.554688 0.717187 0.028125 0.028125
0 0.289062 0.603125 0.028125 0.031250
0 0.717187 0.643750 0.028125 0.031250
0 0.821875 0.928125 0.031250 0.031250
0 0.385937 0.439063 0.028125 0.028125
0 0.073438 0.970313 0.028125 0.028125
0 0.792188 0.978125 0.028125 0.031250
0 0.529687 0.735938 0.028125 0.028125
0 0.159375 0.425000 0.031250 0.031250
0 0.190625 0.714063 0.031250 0.028125
0 0.307812 0.895312 0.028125 0.028125
0 0.504687 0.914062 0.028125 0.028125
0 0.290625 0.659375 0.031250 0.031250
0 0.587500 0.896875 0.031250 0.031250
0 0.043750 0.453125 0.031250 0.031250
0 0.254688 0.889062 0.028125 0.028125
0 0.701562 0.868750 0.028125 0.031250
0 0.143750 0.570312 0.031250 0.028125
0 0.532813 0.931250 0.028125 0.031250
0 0.095312 0.712500 0.028125 0.031250
0 0.401562 0.523438 0.028125 0.028125
0 0.392188 0.910937 0.028125 0.028125
0 0.351562 0.551562 0.028125 0.028125
0 0.306250 0.745313 0.031250 0.028125
0 0.289062 0.546875 0.028125 0.031250
0 0.251563 0.929688 0.028125 0.028125
0 0.473438 0.929688 0.028125 0.028125
0 0.559375 0.915625 0.031250 0.031250
0 0.532813 0.525000 0.028125 0.025000
0 0.189062 0.943750 0.028125 0.031250
0 0.610938 0.742188 0.028125 0.028125
0 0.639062 0.726562 0.028125 0.028125
0 0.468750 0.523438 0.031250 0.028125
0 0.645312 0.873437 0.028125 0.028125
0 0.143750 0.681250 0.031250 0.031250
0 0.554688 0.782813 0.028125 0.028125
0 0.481250 0.551562 0.031250 0.028125
0 0.228125 0.365625 0.031250 0.031250
0 0.128125 0.482812 0.031250 0.028125
0 0.028125 0.767188 0.031250 0.028125
0 0.529687 0.767188 0.028125 0.028125
0 0.025000 0.939063 0.025000 0.028125
0 0.576562 0.570312 0.028125 0.028125
0 0.745313 0.696875 0.028125 0.031250
0 0.207813 0.454688 0.028125 0.028125
0 0.351562 0.492188 0.028125 0.028125
0 0.765625 0.673438 0.031250 0.034375
0 0.726562 0.820312 0.028125 0.028125
0 0.629687 0.632812 0.028125 0.028125
0 0.045312 0.510938 0.028125 0.028125
0 0.643750 0.846875 0.031250 0.031250
0 0.529687 0.798438 0.028125 0.028125
0 0.392188 0.978125 0.028125 0.031250
0 0.448437 0.978125 0.028125 0.031250
0 0.778125 0.703125 0.031250 0.031250
0 0.420312 0.439063 0.028125 0.028125
0 0.364063 0.962500 0.028125 0.031250
0 0.082812 0.626563 0.028125 0.028125
0 0.339062 0.520312 0.028125 0.028125
0 0.612500 0.801562 0.031250 0.028125
0 0.632812 0.665625 0.028125 0.031250
0 0.618750 0.920312 0.031250 0.028125
0 0.445312 0.785937 0.028125 0.028125
0 0.098437 0.367188 0.034375 0.034375
0 0.525000 0.642188 0.031250 0.028125
0 0.046875 0.396875 0.031250 0.031250
0 0.548438 0.498437 0.028125 0.028125
0 0.273438 0.460938 0.028125 0.028125
0 0.712500 0.610938 0.031250 0.028125
0 0.587500 0.931250 0.031250 0.031250
0 0.523438 0.670312 0.028125 0.028125
0 0.064062 0.539062 0.028125 0.028125
0 0.639062 0.757812 0.028125 0.028125
0 0.445312 0.659375 0.028125 0.031250
0 0.695312 0.732812 0.028125 0.028125
0 0.143750 0.514062 0.031250 0.028125
0 0.554688 0.848437 0.028125 0.028125
0 0.418750 0.387500 0.031250 0.031250
0 0.800000 0.762500 0.031250 0.031250
0 0.503125 0.946875 0.031250 0.031250
0 0.390625 0.381250 0.031250 0.031250
0 0.604688 0.648438 0.028125 0.028125
0 0.356250 0.375000 0.031250 0.031250
0 0.334375 0.978125 0.031250 0.031250
0 0.192188 0.482812 0.028125 0.028125
0 0.807813 0.796875 0.034375 0.031250
0 0.579688 0.459375 0.028125 0.031250
0 0.081250 0.571875 0.031250 0.031250
0 0.620313 0.953125 0.028125 0.031250
0 0.018750 0.568750 0.031250 0.031250
0 0.131250 0.365625 0.031250 0.031250
0 0.160938 0.539062 0.028125 0.028125
0 0.193750 0.365625 0.031250 0.031250
0 0.210938 0.971875 0.028125 0.031250
0 0.746875 0.646875 0.031250 0.031250
0 0.653125 0.553125 0.031250 0.031250
0 0.168750 0.910937 0.031250 0.028125
0 0.500000 0.415625 0.031250 0.031250
0 0.693750 0.806250 0.031250 0.031250
0 0.707812 0.579688 0.034375 0.034375
0 0.078125 0.400000 0.031250 0.031250
0 0.445312 0.945312 0.028125 0.028125
0 0.735938 0.978125 0.028125 0.031250
0 0.470313 0.403125 0.034375 0.031250
0 0.601562 0.587500 0.028125 0.031250
0 0.160938 0.364063 0.034375 0.034375
0 0.632812 0.500000 0.028125 0.031250
0 0.325000 0.371875 0.031250 0.031250
0 0.656250 0.520312 0.031250 0.034375
0 0.685937 0.556250 0.034375 0.037500
0 0.618750 0.890625 0.031250 0.031250
0 0.476562 0.964063 0.028125 0.028125
0 0.639062 0.817187 0.028125 0.028125
0 0.293750 0.370312 0.031250 0.028125
0 0.065625 0.364063 0.031250 0.034375
0 0.590625 0.962500 0.031250 0.031250
0 0.639062 0.785937 0.028125 0.028125
