0 0.025000 0.907813 0.031250 0.028125
0 0.231250 0.921875 0.031250 0.031250
0 0.240625 0.237500 0.031250 0.031250
0 0.048438 0.828125 0.028125 0.031250
0 0.278125 0.126562 0.031250 0.028125
0 0.792188 0.223438 0.028125 0.028125
0 0.421875 0.859375 0.031250 0.031250
0 0.792188 0.190625 0.028125 0.031250
0 0.125000 0.146875 0.031250 0.031250
0 0.823438 0.110937 0.028125 0.028125
0 0.795312 0.095312 0.028125 0.028125
0 0.125000 0.090625 0.031250 0.031250
0 0.240625 0.175000 0.031250 0.031250
0 0.043750 0.059375 0.031250 0.031250
0 0.734375 0.065625 0.031250 0.031250
0 0.765625 0.079687 0.031250 0.028125
0 0.278125 0.093750 0.031250 0.031250
0 0.153125 0.204687 0.031250 0.028125
0 0.764062 0.401562 0.028125 0.028125
0 0.050000 0.859375 0.031250 0.031250
0 0.792188 0.062500 0.028125 0.031250
0 0.137500 0.175000 0.031250 0.031250
0 0.168750 0.890625 0.031250 0.031250
0 0.792188 0.128125 0.028125 0.031250
0 0.053125 0.892188 0.031250 0.028125
0 0.307812 0.075000 0.028125 0.031250
0 0.137500 0.062500 0.031250 0.031250
0 0.250000 0.143750 0.031250 0.031250
0 0.278125 0.059375 0.031250 0.031250
0 0.021875 0.876563 0.031250 0.034375
0 0.218750 0.204687 0.031250 0.028125
0 0.765625 0.143750 0.031250 0.031250
0 0.365625 0.046875 0.031250 0.031250
0 0.420312 0.826562 0.028125 0.028125
0 0.245312 0.110937 0.028125 0.028125
0 0.156250 0.090625 0.031250 0.031250
0 0.378125 0.926562 0.031250 0.028125
0 0.115625 0.956250 0.031250 0.031250
0 0.048438 0.762500 0.028125 0.031250
0 0.076563 0.812500 0.028125 0.031250
0 0.821875 0.209375 0.031250 0.031250
0 0.215625 0.721875 0.031250 0.031250
0 0.203125 0.939063 0.031250 0.028125
0 0.104688 0.059375 0.028125 0.031250
0 0.106250 0.828125 0.031250 0.031250
0 0.110937 0.859375 0.028125 0.031250
0 0.168750 0.525000 0.031250 0.031250
0 0.184375 0.260937 0.031250 0.028125
0 0.198437 0.904687 0.028125 0.028125
0 0.343750 0.881250 0.031250 0.031250
0 0.121875 0.678125 0.031250 0.031250
0 0.676562 0.195312 0.028125 0.028125
0 0.728125 0.928125 0.031250 0.031250
0 0.173437 0.954688 0.028125 0.028125
0 0.756250 0.778125 0.031250 0.031250
0 0.054688 0.925000 0.028125 0.031250
0 0.090625 0.090625 0.031250 0.031250
0 0.334375 0.781250 0.031250 0.031250
0 0.821875 0.240625 0.031250 0.031250
0 0.073438 0.059375 0.028125 0.031250
0 0.225000 0.821875 0.031250 0.031250
0 0.760938 0.628125 0.028125 0.031250
0 0.764062 0.275000 0.028125 0.031250
0 0.762500 0.665625 0.031250 0.031250
0 0.818750 0.909375 0.031250 0.031250
0 0.759375 0.845313 0.031250 0.028125
0 0.090625 0.146875 0.031250 0.031250
0 0.787500 0.893750 0.031250 0.031250
0 0.475000 0.046875 0.031250 0.031250
0 0.289062 0.951562 0.028125 0.028125
0 0.075000 0.575000 0.031250 0.031250
0 0.307812 0.109375 0.028125 0.031250
0 0.760938 0.596875 0.028125 0.031250
0 0.226562 0.854688 0.028125 0.028125
0 0.679688 0.290625 0.028125 0.031250
0 0.473438 0.079687 0.028125 0.028125
0 0.218750 0.754687 0.031250 0.028125
0 0.159375 0.487500 0.031250 0.031250
0 0.278125 0.193750 0.031250 0.031250
0 0.818750 0.565625 0.031250 0.031250
0 0.187500 0.204687 0.031250 0.028125
0 0.289062 0.917188 0.028125 0.028125
0 0.362500 0.110937 0.031250 0.028125
0 0.079687 0.845313 0.028125 0.028125
0 0.203125 0.178125 0.031250 0.031250
0 0.760938 0.564063 0.028125 0.028125
0 0.734375 0.675000 0.031250 0.031250
0 0.557813 0.832812 0.028125 0.028125
0 0.789062 0.645312 0.028125 0.028125
0 0.259375 0.904687 0.031250 0.028125
0 0.362500 0.078125 0.031250 0.031250
0 0.048438 0.793750 0.028125 0.031250
0 0.765625 0.207813 0.031250 0.028125
0 0.732812 0.548438 0.028125 0.028125
0 0.337500 0.095312 0.031250 0.028125
0 0.146875 0.971875 0.031250 0.031250
0 0.101562 0.728125 0.028125 0.031250
0 0.821875 0.143750 0.031250 0.031250
0 0.707812 0.304688 0.028125 0.028125
0 0.278125 0.815625 0.031250 0.031250
0 0.314063 0.900000 0.028125 0.031250
0 0.417187 0.795312 0.028125 0.028125
0 0.190625 0.668750 0.031250 0.031250
0 0.251563 0.206250 0.028125 0.031250
0 0.706250 0.690625 0.031250 0.031250
0 0.021875 0.843750 0.031250 0.031250
0 0.557813 0.864062 0.028125 0.028125
0 0.189062 0.737500 0.028125 0.031250
0 0.362500 0.826562 0.031250 0.028125
0 0.215625 0.687500 0.031250 0.031250
0 0.725000 0.415625 0.031250 0.031250
0 0.734375 0.193750 0.031250 0.031250
0 0.400000 0.881250 0.031250 0.031250
0 0.118750 0.317188 0.031250 0.028125
0 0.168750 0.234375 0.031250 0.031250
0 0.087500 0.975000 0.031250 0.031250
0 0.215625 0.384375 0.031250 0.031250
0 0.143750 0.939063 0.031250 0.028125
0 0.095312 0.696875 0.028125 0.031250
0 0.153125 0.687500 0.031250 0.031250
0 0.789062 0.829688 0.028125 0.028125
0 0.759375 0.910937 0.031250 0.028125
0 0.706250 0.626563 0.031250 0.028125
0 0.734375 0.642188 0.031250 0.028125
0 0.790625 0.765625 0.031250 0.031250
0 0.731250 0.579688 0.031250 0.028125
0 0.173437 0.121875 0.028125 0.031250
0 0.764062 0.110937 0.028125 0.028125
0 0.390625 0.809375 0.031250 0.031250
0 0.756250 0.943750 0.031250 0.031250
0 0.821875 0.275000 0.031250 0.031250
0 0.764062 0.242188 0.028125 0.028125
0 0.028125 0.943750 0.031250 0.031250
0 0.706250 0.659375 0.031250 0.031250
0 0.764062 0.367188 0.028125 0.028125
0 0.821875 0.175000 0.031250 0.031250
0 0.706250 0.175000 0.031250 0.031250
0 0.253125 0.835938 0.031250 0.028125
0 0.501563 0.064062 0.028125 0.028125
0 0.818750 0.782813 0.031250 0.028125
0 0.418750 0.109375 0.031250 0.031250
0 0.221875 0.785937 0.031250 0.028125
0 0.362500 0.795312 0.031250 0.028125
0 0.260937 0.935937 0.028125 0.028125
0 0.703125 0.393750 0.031250 0.031250
0 0.195312 0.348438 0.028125 0.028125
0 0.085938 0.940625 0.028125 0.031250
0 0.389062 0.059375 0.028125 0.031250
0 0.335938 0.062500 0.028125 0.031250
0 0.654687 0.339062 0.028125 0.028125
0 0.789062 0.926562 0.028125 0.028125
0 0.531250 0.048438 0.031250 0.028125
0 0.787500 0.518750 0.031250 0.031250
0 0.790625 0.581250 0.031250 0.031250
0 0.201563 0.232813 0.028125 0.028125
0 0.157812 0.721875 0.028125 0.031250
0 0.365625 0.859375 0.031250 0.031250
0 0.257812 0.868750 0.028125 0.031250
0 0.392188 0.095312 0.028125 0.028125
0 0.731250 0.034375 0.031250 0.031250
0 0.070312 0.289062 0.028125 0.028125
0 0.734375 0.096875 0.031250 0.031250
0 0.503125 0.812500 0.031250 0.031250
0 0.818750 0.846875 0.031250 0.031250
0 0.120313 0.204687 0.028125 0.028125
0 0.706250 0.207813 0.031250 0.028125
0 0.792188 0.289062 0.028125 0.028125
0 0.103125 0.551562 0.031250 0.028125
0 0.057813 0.089063 0.028125 0.028125
0 0.278125 0.157812 0.031250 0.028125
0 0.142187 0.907813 0.028125 0.028125
0 0.162500 0.756250 0.031250 0.031250
0 0.335938 0.285938 0.028125 0.028125
0 0.703125 0.053125 0.031250 0.031250
0 0.700000 0.881250 0.031250 0.031250
0 0.365625 0.175000 0.031250 0.031250
0 0.187500 0.568750 0.031250 0.031250
0 0.164062 0.346875 0.028125 0.031250
0 0.131250 0.350000 0.031250 0.031250
0 0.734375 0.162500 0.031250 0.031250
0 0.370312 0.895312 0.028125 0.028125
0 0.214062 0.448437 0.028125 0.028125
0 0.476562 0.825000 0.028125 0.031250
0 0.198437 0.875000 0.028125 0.031250
0 0.818750 0.814063 0.031250 0.028125
0 0.179688 0.378125 0.028125 0.031250
0 0.764062 0.335938 0.028125 0.028125
0 0.446875 0.810937 0.025000 0.028125
0 0.789062 0.798438 0.028125 0.028125
0 0.117188 0.378125 0.028125 0.031250
0 0.251563 0.079687 0.028125 0.028125
0 0.126562 0.710938 0.028125 0.028125
0 0.171875 0.175000 0.031250 0.031250
0 0.707812 0.242188 0.028125 0.028125
0 0.759375 0.878125 0.031250 0.031250
0 0.735938 0.228125 0.028125 0.031250
0 0.362500 0.140625 0.031250 0.031250
0 0.698438 0.431250 0.028125 0.031250
0 0.101562 0.290625 0.028125 0.031250
0 0.070312 0.346875 0.028125 0.031250
0 0.106250 0.118750 0.031250 0.031250
0 0.587500 0.046875 0.031250 0.031250
0 0.592187 0.275000 0.028125 0.031250
0 0.648438 0.275000 0.028125 0.031250
0 0.150000 0.320312 0.031250 0.028125
0 0.668750 0.396875 0.031250 0.031250
0 0.785937 0.960938 0.028125 0.028125
0 0.304688 0.239063 0.028125 0.028125
0 0.087500 0.201563 0.031250 0.028125
0 0.787500 0.550000 0.031250 0.031250
0 0.392188 0.157812 0.028125 0.028125
0 0.135937 0.464062 0.028125 0.028125
0 0.729688 0.962500 0.028125 0.031250
0 0.620313 0.576562 0.028125 0.028125
0 0.679688 0.321875 0.028125 0.031250
0 0.037500 0.346875 0.031250 0.031250
0 0.101562 0.462500 0.028125 0.031250
0 0.106250 0.175000 0.031250 0.031250
0 0.650000 0.306250 0.031250 0.031250
0 0.792188 0.254688 0.028125 0.028125
0 0.245312 0.735938 0.028125 0.028125
0 0.682813 0.359375 0.028125 0.031250
0 0.196875 0.839063 0.031250 0.028125
0 0.084375 0.378125 0.031250 0.031250
0 0.335938 0.223438 0.028125 0.028125
0 0.073438 0.173437 0.028125 0.028125
0 0.621875 0.610938 0.031250 0.028125
0 0.729688 0.895312 0.028125 0.028125
0 0.320312 0.934375 0.028125 0.031250
0 0.648438 0.243750 0.028125 0.031250
0 0.418750 0.142187 0.031250 0.028125
0 0.592187 0.307812 0.028125 0.028125
0 0.392188 0.190625 0.028125 0.031250
0 0.762500 0.175000 0.031250 0.031250
0 0.367188 0.209375 0.028125 0.031250
0 0.156250 0.148438 0.031250 0.028125
0 0.085938 0.317188 0.028125 0.028125
0 0.248438 0.267188 0.028125 0.028125
0 0.592187 0.242188 0.028125 0.028125
0 0.140625 0.875000 0.031250 0.031250
0 0.698438 0.782813 0.028125 0.028125
0 0.182812 0.635938 0.028125 0.028125
0 0.360938 0.764062 0.028125 0.028125
0 0.262500 0.968750 0.031250 0.031250
0 0.214062 0.589063 0.028125 0.028125
0 0.787500 0.031250 0.031250 0.031250
0 0.087500 0.260937 0.031250 0.028125
0 0.448437 0.060937 0.028125 0.028125
0 0.707812 0.339062 0.028125 0.028125
0 0.120313 0.260937 0.028125 0.028125
0 0.104688 0.653125 0.028125 0.031250
0 0.759375 0.812500 0.031250 0.031250
0 0.725000 0.765625 0.031250 0.031250
0 0.070312 0.232813 0.028125 0.028125
0 0.250000 0.801562 0.031250 0.028125
0 0.231250 0.953125 0.031250 0.031250
0 0.620313 0.257812 0.028125 0.028125
0 0.335938 0.126562 0.028125 0.028125
0 0.070312 0.464062 0.028125 0.028125
0 0.101562 0.346875 0.028125 0.031250
0 0.592187 0.564063 0.028125 0.028125
0 0.764062 0.304688 0.028125 0.028125
0 0.165625 0.292187 0.031250 0.028125
0 0.221875 0.417187 0.031250 0.028125
0 0.285938 0.884375 0.028125 0.031250
0 0.153125 0.260937 0.031250 0.028125
0 0.056250 0.957812 0.031250 0.028125
0 0.342187 0.914062 0.028125 0.028125
0 0.278125 0.225000 0.031250 0.031250
0 0.204687 0.971875 0.028125 0.031250
0 0.282813 0.851562 0.028125 0.028125
0 0.053125 0.318750 0.031250 0.031250
0 0.123438 0.623437 0.028125 0.028125
0 0.418750 0.075000 0.031250 0.031250
0 0.278125 0.256250 0.031250 0.031250
0 0.737500 0.706250 0.031250 0.031250
0 0.335938 0.157812 0.028125 0.028125
0 0.704688 0.595313 0.028125 0.028125
0 0.207813 0.120313 0.028125 0.028125
0 0.139063 0.118750 0.028125 0.031250
0 0.229687 0.889062 0.028125 0.028125
0 0.076563 0.779687 0.028125 0.028125
0 0.148438 0.376563 0.028125 0.028125
0 0.728125 0.448437 0.031250 0.028125
0 0.101562 0.760938 0.028125 0.028125
0 0.057813 0.032813 0.034375 0.034375
0 0.251563 0.370312 0.028125 0.028125
0 0.190625 0.501563 0.031250 0.028125
0 0.307812 0.043750 0.028125 0.031250
0 0.331250 0.748437 0.031250 0.028125
0 0.135937 0.234375 0.028125 0.031250
0 0.335938 0.254688 0.028125 0.028125
0 0.203125 0.537500 0.031250 0.031250
0 0.132812 0.404687 0.028125 0.028125
0 0.760938 0.500000 0.028125 0.031250
0 0.154688 0.620313 0.028125 0.028125
0 0.817187 0.748437 0.034375 0.034375
0 0.103125 0.232813 0.031250 0.028125
0 0.765625 0.743750 0.031250 0.031250
0 0.650000 0.176563 0.031250 0.028125
0 0.390625 0.843750 0.031250 0.031250
0 0.110937 0.520312 0.028125 0.028125
0 0.557813 0.801562 0.028125 0.028125
0 0.678125 0.162500 0.031250 0.031250
0 0.137500 0.840625 0.031250 0.031250
0 0.675000 0.612500 0.031250 0.031250
0 0.754687 0.432812 0.028125 0.028125
0 0.795312 0.320312 0.028125 0.028125
0 0.792188 0.354687 0.028125 0.028125
0 0.042188 0.115625 0.028125 0.031250
0 0.085938 0.435937 0.028125 0.028125
0 0.592187 0.595313 0.028125 0.028125
0 0.785937 0.860938 0.028125 0.028125
0 0.129688 0.742188 0.028125 0.028125
0 0.115625 0.923438 0.031250 0.034375
0 0.389062 0.778125 0.028125 0.031250
0 0.704688 0.082812 0.028125 0.028125
0 0.623437 0.323437 0.028125 0.028125
0 0.760938 0.048438 0.028125 0.028125
0 0.392188 0.126562 0.028125 0.028125
0 0.653125 0.370312 0.031250 0.028125
0 0.735938 0.290625 0.028125 0.031250
0 0.221875 0.089063 0.031250 0.028125
0 0.307812 0.142187 0.028125 0.028125
0 0.320312 0.967187 0.028125 0.028125
0 0.117188 0.435937 0.028125 0.028125
0 0.818750 0.596875 0.031250 0.031250
0 0.125000 0.031250 0.031250 0.031250
0 0.134375 0.290625 0.031250 0.031250
0 0.185938 0.467187 0.028125 0.028125
0 0.789062 0.612500 0.028125 0.031250
0 0.101562 0.404687 0.028125 0.028125
0 0.676562 0.067187 0.028125 0.028125
0 0.071875 0.607812 0.031250 0.028125
0 0.589063 0.529687 0.028125 0.028125
0 0.503125 0.518750 0.031250 0.031250
0 0.614062 0.864062 0.028125 0.028125
0 0.821875 0.078125 0.031250 0.031250
0 0.648438 0.085938 0.028125 0.028125
0 0.192188 0.407813 0.028125 0.028125
0 0.754687 0.465625 0.028125 0.031250
0 0.248438 0.768750 0.028125 0.031250
0 0.181250 0.320312 0.031250 0.028125
0 0.820312 0.878125 0.034375 0.031250
0 0.585938 0.848437 0.028125 0.028125
0 0.268750 0.553125 0.031250 0.031250
0 0.025000 0.032813 0.031250 0.034375
0 0.735938 0.323437 0.028125 0.028125
0 0.417187 0.404687 0.028125 0.028125
0 0.214062 0.320312 0.028125 0.028125
0 0.168750 0.856250 0.031250 0.031250
0 0.334375 0.028125 0.031250 0.031250
0 0.159375 0.556250 0.031250 0.031250
0 0.559375 0.064062 0.031250 0.028125
0 0.217188 0.259375 0.028125 0.031250
0 0.189062 0.770312 0.028125 0.028125
0 0.732812 0.385937 0.028125 0.028125
0 0.043750 0.559375 0.031250 0.031250
0 0.443750 0.778125 0.031250 0.031250
0 0.076563 0.671875 0.028125 0.031250
0 0.673438 0.035937 0.028125 0.028125
0 0.310937 0.831250 0.028125 0.031250
0 0.557813 0.770312 0.028125 0.028125
0 0.765625 0.696875 0.031250 0.031250
0 0.240625 0.503125 0.031250 0.031250
0 0.792188 0.389062 0.028125 0.028125
0 0.623437 0.289062 0.028125 0.028125
0 0.184375 0.704688 0.031250 0.028125
0 0.735938 0.128125 0.028125 0.031250
0 0.676562 0.645312 0.028125 0.028125
0 0.170313 0.923438 0.028125 0.028125
0 0.732812 0.514062 0.028125 0.028125
0 0.107813 0.795312 0.028125 0.028125
0 0.364063 0.239063 0.028125 0.028125
0 0.585938 0.818750 0.028125 0.031250
0 0.735938 0.356250 0.028125 0.031250
0 0.189062 0.095312 0.028125 0.028125
0 0.679688 0.259375 0.028125 0.031250
0 0.248438 0.435937 0.028125 0.028125
0 0.820312 0.629687 0.034375 0.034375
0 0.557813 0.032813 0.028125 0.028125
0 0.042188 0.526563 0.034375 0.034375
0 0.337500 0.193750 0.031250 0.031250
0 0.043750 0.590625 0.031250 0.031250
0 0.645312 0.851562 0.028125 0.028125
0 0.392188 0.323437 0.028125 0.028125
0 0.787500 0.721875 0.031250 0.031250
0 0.728125 0.481250 0.031250 0.031250
0 0.643750 0.882812 0.031250 0.028125
0 0.067187 0.406250 0.028125 0.031250
0 0.240625 0.568750 0.031250 0.031250
0 0.625000 0.354687 0.031250 0.028125
0 0.120313 0.489063 0.028125 0.028125
0 0.729688 0.832812 0.028125 0.028125
0 0.035937 0.464062 0.028125 0.028125
0 0.182812 0.435937 0.028125 0.028125
0 0.243750 0.704688 0.031250 0.028125
0 0.335938 0.810937 0.028125 0.028125
0 0.081250 0.876563 0.031250 0.028125
0 0.646875 0.593750 0.031250 0.031250
0 0.164062 0.404687 0.028125 0.028125
0 0.531250 0.846875 0.031250 0.031250
0 0.217188 0.150000 0.028125 0.031250
0 0.501563 0.031250 0.028125 0.031250
0 0.392188 0.223438 0.028125 0.028125
0 0.057813 0.729688 0.028125 0.028125
0 0.585938 0.882812 0.028125 0.028125
0 0.473438 0.795312 0.028125 0.028125
0 0.821875 0.371875 0.031250 0.031250
0 0.693750 0.750000 0.031250 0.031250
0 0.407813 0.945312 0.028125 0.028125
0 0.729688 0.800000 0.028125 0.031250
0 0.562500 0.546875 0.031250 0.031250
0 0.071875 0.545312 0.031250 0.028125
0 0.051562 0.376563 0.028125 0.028125
0 0.818750 0.943750 0.031250 0.031250
0 0.421875 0.209375 0.031250 0.031250
0 0.106250 0.581250 0.031250 0.031250
0 0.243750 0.467187 0.031250 0.028125
0 0.132812 0.776563 0.028125 0.028125
0 0.671875 0.800000 0.031250 0.031250
0 0.028125 0.973437 0.031250 0.028125
0 0.409375 0.978125 0.031250 0.031250
0 0.700000 0.018750 0.031250 0.031250
0 0.448437 0.842187 0.028125 0.028125
0 0.075000 0.118750 0.031250 0.031250
0 0.593750 0.209375 0.031250 0.031250
0 0.648438 0.210938 0.028125 0.028125
0 0.025000 0.740625 0.031250 0.031250
0 0.420312 0.373437 0.028125 0.028125
0 0.276562 0.420312 0.028125 0.028125
0 0.132812 0.539062 0.028125 0.028125
0 0.531250 0.562500 0.031250 0.031250
0 0.087500 0.490625 0.031250 0.031250
0 0.184375 0.604688 0.031250 0.028125
0 0.676562 0.226562 0.028125 0.028125
0 0.157812 0.587500 0.028125 0.031250
0 0.729688 0.864062 0.028125 0.028125
0 0.445312 0.029687 0.028125 0.028125
0 0.134375 0.807813 0.031250 0.028125
0 0.676562 0.098437 0.028125 0.028125
0 0.595313 0.339062 0.028125 0.028125
0 0.706250 0.114062 0.031250 0.028125
0 0.195312 0.292187 0.028125 0.028125
0 0.404687 0.915625 0.028125 0.031250
0 0.135937 0.650000 0.028125 0.031250
0 0.759375 0.529687 0.031250 0.028125
0 0.820312 0.532813 0.034375 0.034375
0 0.637500 0.418750 0.031250 0.031250
0 0.110937 0.892188 0.028125 0.028125
0 0.389062 0.389062 0.028125 0.028125
0 0.617188 0.545312 0.028125 0.028125
0 0.250000 0.403125 0.031250 0.031250
0 0.235937 0.535937 0.028125 0.028125
0 0.471875 0.764062 0.031250 0.028125
0 0.529687 0.789062 0.028125 0.028125
0 0.253125 0.301563 0.031250 0.028125
0 0.707812 0.273438 0.028125 0.028125
0 0.392188 0.257812 0.028125 0.028125
0 0.226562 0.351562 0.028125 0.028125
0 0.057813 0.145313 0.028125 0.028125
0 0.378125 0.960938 0.031250 0.028125
0 0.670312 0.770312 0.028125 0.028125
0 0.081250 0.906250 0.031250 0.031250
0 0.476562 0.501563 0.028125 0.028125
0 0.017188 0.771875 0.028125 0.031250
0 0.676562 0.129688 0.028125 0.028125
0 0.431250 0.896875 0.031250 0.031250
0 0.567187 0.289062 0.028125 0.028125
0 0.418750 0.046875 0.031250 0.031250
0 0.500000 0.856250 0.031250 0.031250
0 0.614062 0.835938 0.028125 0.028125
0 0.025000 0.089063 0.031250 0.028125
0 0.626563 0.385937 0.028125 0.028125
0 0.217188 0.479687 0.028125 0.028125
0 0.670312 0.895312 0.028125 0.028125
0 0.392188 0.357812 0.028125 0.028125
0 0.818750 0.340625 0.031250 0.031250
0 0.448437 0.485938 0.028125 0.028125
0 0.448437 0.451562 0.028125 0.028125
0 0.223438 0.290625 0.028125 0.031250
0 0.701562 0.910937 0.028125 0.028125
0 0.296875 0.568750 0.031250 0.031250
0 0.596875 0.370312 0.031250 0.028125
0 0.707812 0.721875 0.028125 0.031250
0 0.273438 0.451562 0.028125 0.028125
0 0.560937 0.576562 0.028125 0.028125
0 0.448437 0.389062 0.028125 0.028125
0 0.089063 0.031250 0.028125 0.031250
0 0.062500 0.700000 0.031250 0.031250
0 0.498437 0.776563 0.028125 0.028125
0 0.306250 0.800000 0.031250 0.031250
0 0.054688 0.492188 0.028125 0.028125
0 0.821875 0.043750 0.031250 0.031250
0 0.362500 0.306250 0.031250 0.031250
0 0.243750 0.668750 0.031250 0.031250
0 0.445312 0.095312 0.028125 0.028125
0 0.459375 0.884375 0.031250 0.031250
0 0.673438 0.864062 0.028125 0.028125
0 0.348438 0.942187 0.028125 0.028125
0 0.732812 0.610938 0.028125 0.028125
0 0.303125 0.437500 0.031250 0.031250
0 0.048438 0.657813 0.028125 0.028125
0 0.253125 0.335938 0.031250 0.028125
0 0.815625 0.975000 0.031250 0.031250
0 0.618750 0.514062 0.031250 0.028125
0 0.312500 0.867188 0.031250 0.028125
0 0.390625 0.028125 0.031250 0.031250
0 0.307812 0.176563 0.028125 0.028125
0 0.070312 0.639062 0.028125 0.028125
0 0.734375 0.740625 0.031250 0.031250
0 0.792188 0.418750 0.028125 0.031250
0 0.618750 0.443750 0.031250 0.031250
0 0.821875 0.307812 0.031250 0.028125
0 0.040625 0.173437 0.031250 0.028125
0 0.185938 0.150000 0.028125 0.031250
0 0.493750 0.885938 0.031250 0.028125
0 0.364063 0.273438 0.028125 0.028125
0 0.421875 0.176563 0.031250 0.028125
0 0.279687 0.389062 0.028125 0.028125
0 0.021875 0.496875 0.031250 0.031250
0 0.528125 0.757812 0.031250 0.028125
0 0.564063 0.257812 0.028125 0.028125
0 0.420312 0.339062 0.028125 0.028125
0 0.351562 0.973437 0.028125 0.028125
0 0.703125 0.943750 0.031250 0.031250
0 0.595313 0.626563 0.028125 0.028125
0 0.476562 0.404687 0.028125 0.028125
0 0.642188 0.753125 0.028125 0.031250
0 0.784375 0.465625 0.031250 0.031250
0 0.620313 0.226562 0.028125 0.028125
0 0.437500 0.928125 0.031250 0.031250
0 0.210938 0.623437 0.028125 0.028125
0 0.445312 0.126562 0.028125 0.028125
0 0.735938 0.257812 0.028125 0.028125
0 0.156250 0.031250 0.031250 0.031250
0 0.589063 0.081250 0.028125 0.031250
0 0.303125 0.734375 0.031250 0.031250
0 0.793750 0.678125 0.031250 0.031250
0 0.620313 0.479687 0.028125 0.028125
0 0.590625 0.465625 0.031250 0.031250
0 0.612500 0.898438 0.025000 0.028125
0 0.151562 0.435937 0.028125 0.028125
0 0.531250 0.079687 0.031250 0.028125
0 0.617188 0.070312 0.028125 0.028125
0 0.701562 0.529687 0.028125 0.028125
0 0.612500 0.770312 0.031250 0.028125
0 0.639062 0.914062 0.028125 0.028125
0 0.532813 0.596875 0.028125 0.031250
0 0.018750 0.807813 0.031250 0.028125
0 0.585938 0.785937 0.028125 0.028125
0 0.821875 0.401562 0.031250 0.028125
0 0.448437 0.420312 0.028125 0.028125
0 0.476562 0.534375 0.028125 0.031250
0 0.592187 0.498437 0.028125 0.028125
0 0.503125 0.550000 0.031250 0.031250
0 0.271875 0.718750 0.031250 0.031250
0 0.645312 0.023438 0.028125 0.028125
0 0.335938 0.845313 0.028125 0.028125
0 0.307812 0.206250 0.028125 0.031250
0 0.476562 0.470313 0.028125 0.028125
0 0.021875 0.637500 0.031250 0.031250
0 0.478125 0.373437 0.031250 0.028125
0 0.242188 0.635938 0.028125 0.028125
0 0.535937 0.276562 0.028125 0.028125
0 0.304688 0.270313 0.028125 0.028125
0 0.357812 0.729688 0.028125 0.028125
0 0.031250 0.703125 0.031250 0.031250
0 0.270313 0.585938 0.028125 0.028125
0 0.648438 0.054688 0.028125 0.028125
0 0.610938 0.929688 0.028125 0.028125
0 0.265625 0.518750 0.031250 0.031250
0 0.023438 0.145313 0.028125 0.028125
0 0.678125 0.709375 0.031250 0.031250
0 0.362500 0.403125 0.031250 0.031250
0 0.648438 0.460938 0.034375 0.034375
0 0.818750 0.662500 0.031250 0.031250
0 0.417187 0.017188 0.028125 0.028125
0 0.392188 0.289062 0.028125 0.028125
0 0.282813 0.285938 0.028125 0.028125
0 0.621875 0.195312 0.031250 0.028125
0 0.417187 0.306250 0.028125 0.031250
0 0.476562 0.435937 0.028125 0.028125
0 0.473438 0.857812 0.028125 0.028125
0 0.471875 0.017188 0.031250 0.028125
0 0.168750 0.062500 0.031250 0.031250
0 0.451562 0.223438 0.028125 0.028125
0 0.501563 0.426563 0.028125 0.028125
0 0.620313 0.101562 0.028125 0.028125
0 0.759375 0.017188 0.031250 0.028125
0 0.567187 0.356250 0.028125 0.031250
0 0.818750 0.714063 0.031250 0.034375
0 0.528125 0.017188 0.031250 0.028125
0 0.795312 0.157812 0.028125 0.028125
0 0.581250 0.915625 0.031250 0.031250
0 0.665625 0.431250 0.031250 0.031250
0 0.415625 0.760938 0.031250 0.028125
0 0.759375 0.978125 0.031250 0.031250
0 0.448437 0.517188 0.028125 0.028125
0 0.281250 0.028125 0.031250 0.031250
0 0.142187 0.510938 0.028125 0.028125
0 0.565625 0.634375 0.031250 0.031250
0 0.254688 0.040625 0.028125 0.031250
0 0.242188 0.604688 0.028125 0.028125
0 0.617188 0.039062 0.028125 0.028125
0 0.279687 0.354687 0.028125 0.028125
0 0.479687 0.276562 0.028125 0.028125
0 0.509375 0.292187 0.031250 0.028125
0 0.051562 0.434375 0.028125 0.031250
0 0.653125 0.725000 0.031250 0.031250
0 0.356250 0.600000 0.031250 0.031250
0 0.387500 0.746875 0.031250 0.031250
0 0.590625 0.112500 0.031250 0.031250
0 0.476562 0.242188 0.028125 0.028125
0 0.437500 0.960938 0.031250 0.028125
0 0.503125 0.096875 0.031250 0.031250
0 0.679688 0.676562 0.028125 0.028125
0 0.803125 0.490625 0.031250 0.031250
0 0.554688 0.742188 0.028125 0.028125
