0 0.059375 0.881250 0.031250 0.031250
0 0.075000 0.909375 0.031250 0.031250
0 0.235937 0.732812 0.028125 0.028125
0 0.750000 0.454688 0.031250 0.028125
0 0.231250 0.068750 0.031250 0.031250
0 0.128125 0.878125 0.031250 0.031250
0 0.204687 0.184375 0.028125 0.031250
0 0.640625 0.320312 0.031250 0.028125
0 0.146875 0.850000 0.031250 0.031250
0 0.048438 0.792188 0.034375 0.034375
0 0.087500 0.121875 0.031250 0.031250
0 0.040625 0.907813 0.031250 0.028125
0 0.756250 0.356250 0.031250 0.031250
0 0.178125 0.575000 0.031250 0.031250
0 0.785937 0.142187 0.028125 0.028125
0 0.503125 0.807813 0.031250 0.028125
0 0.553125 0.443750 0.031250 0.031250
0 0.785937 0.109375 0.028125 0.031250
0 0.781250 0.437500 0.031250 0.031250
0 0.206250 0.220312 0.031250 0.028125
0 0.776563 0.475000 0.028125 0.031250
0 0.065625 0.501563 0.031250 0.028125
0 0.093750 0.881250 0.031250 0.031250
0 0.546875 0.756250 0.031250 0.031250
0 0.687500 0.640625 0.031250 0.031250
0 0.407813 0.095312 0.028125 0.028125
0 0.568750 0.815625 0.031250 0.031250
0 0.059375 0.140625 0.031250 0.031250
0 0.437500 0.796875 0.031250 0.031250
0 0.667188 0.667188 0.028125 0.028125
0 0.698438 0.493750 0.028125 0.031250
0 0.565625 0.562500 0.031250 0.031250
0 0.750000 0.575000 0.031250 0.031250
0 0.495312 0.204687 0.028125 0.028125
0 0.581250 0.681250 0.031250 0.031250
0 0.106250 0.621875 0.031250 0.031250
0 0.065625 0.765625 0.031250 0.031250
0 0.756250 0.190625 0.031250 0.031250
0 0.729688 0.142187 0.028125 0.028125
0 0.118750 0.137500 0.031250 0.031250
0 0.376563 0.078125 0.028125 0.031250
0 0.729688 0.110937 0.028125 0.028125
0 0.151562 0.482812 0.028125 0.028125
0 0.275000 0.915625 0.031250 0.031250
0 0.178125 0.168750 0.031250 0.031250
0 0.653125 0.781250 0.031250 0.031250
0 0.279687 0.681250 0.028125 0.031250
0 0.642188 0.750000 0.028125 0.031250
0 0.267188 0.737500 0.028125 0.031250
0 0.089063 0.939063 0.034375 0.034375
0 0.468750 0.220312 0.031250 0.028125
0 0.695312 0.321875 0.028125 0.031250
0 0.223438 0.700000 0.028125 0.031250
0 0.621875 0.629687 0.031250 0.028125
0 0.120313 0.168750 0.028125 0.031250
0 0.415625 0.732812 0.031250 0.028125
0 0.670312 0.270313 0.028125 0.028125
0 0.698438 0.190625 0.028125 0.031250
0 0.495312 0.171875 0.028125 0.031250
0 0.090625 0.823438 0.031250 0.028125
0 0.409375 0.126562 0.031250 0.028125
0 0.121875 0.203125 0.031250 0.031250
0 0.353125 0.639062 0.031250 0.028125
0 0.526563 0.285938 0.028125 0.028125
0 0.064062 0.335938 0.028125 0.028125
0 0.460938 0.687500 0.028125 0.031250
0 0.182812 0.665625 0.028125 0.031250
0 0.235937 0.267188 0.028125 0.028125
0 0.634375 0.662500 0.031250 0.031250
0 0.681250 0.696875 0.031250 0.031250
0 0.667188 0.401562 0.028125 0.028125
0 0.728125 0.206250 0.031250 0.031250
0 0.675000 0.610938 0.031250 0.028125
0 0.614062 0.687500 0.028125 0.031250
0 0.628125 0.718750 0.031250 0.031250
0 0.403125 0.878125 0.031250 0.031250
0 0.287500 0.068750 0.031250 0.031250
0 0.235937 0.168750 0.028125 0.031250
0 0.318750 0.146875 0.031250 0.031250
0 0.815625 0.159375 0.031250 0.031250
0 0.175000 0.104688 0.031250 0.028125
0 0.340625 0.781250 0.031250 0.031250
0 0.292187 0.231250 0.028125 0.031250
0 0.571875 0.734375 0.031250 0.031250
0 0.234375 0.470313 0.031250 0.028125
0 0.320312 0.717187 0.028125 0.028125
0 0.468750 0.250000 0.031250 0.031250
0 0.190625 0.875000 0.031250 0.031250
0 0.059375 0.825000 0.031250 0.031250
0 0.667188 0.173437 0.028125 0.028125
0 0.298438 0.654687 0.028125 0.028125
0 0.235937 0.645312 0.028125 0.028125
0 0.157812 0.548438 0.028125 0.028125
0 0.079687 0.793750 0.028125 0.031250
0 0.296875 0.940625 0.031250 0.031250
0 0.759375 0.059375 0.031250 0.031250
0 0.057813 0.106250 0.028125 0.031250
0 0.753125 0.421875 0.031250 0.031250
0 0.642188 0.604688 0.028125 0.028125
0 0.156250 0.940625 0.031250 0.031250
0 0.784375 0.240625 0.031250 0.031250
0 0.753125 0.387500 0.031250 0.031250
0 0.721875 0.643750 0.031250 0.031250
0 0.756250 0.093750 0.031250 0.031250
0 0.200000 0.056250 0.031250 0.031250
0 0.084375 0.735938 0.031250 0.028125
0 0.784375 0.173437 0.031250 0.028125
0 0.581250 0.285938 0.031250 0.028125
0 0.181250 0.843750 0.031250 0.031250
0 0.121875 0.237500 0.031250 0.031250
0 0.754687 0.157812 0.028125 0.028125
0 0.068750 0.534375 0.031250 0.031250
0 0.492188 0.690625 0.028125 0.031250
0 0.062500 0.303125 0.031250 0.031250
0 0.353125 0.187500 0.031250 0.031250
0 0.789062 0.078125 0.028125 0.031250
0 0.240625 0.909375 0.031250 0.031250
0 0.445312 0.826562 0.028125 0.028125
0 0.056250 0.940625 0.031250 0.031250
0 0.290625 0.098437 0.031250 0.028125
0 0.812500 0.392188 0.031250 0.034375
0 0.784375 0.206250 0.031250 0.031250
0 0.371875 0.526563 0.031250 0.028125
0 0.178125 0.203125 0.031250 0.031250
0 0.262500 0.215625 0.031250 0.031250
0 0.554688 0.204687 0.028125 0.028125
0 0.684375 0.462500 0.031250 0.031250
0 0.267188 0.651563 0.028125 0.028125
0 0.168750 0.812500 0.031250 0.031250
0 0.115625 0.106250 0.031250 0.031250
0 0.140625 0.909375 0.031250 0.031250
0 0.595313 0.793750 0.028125 0.031250
0 0.100000 0.584375 0.031250 0.031250
0 0.362500 0.843750 0.031250 0.031250
0 0.406250 0.792188 0.031250 0.028125
0 0.150000 0.187500 0.031250 0.031250
0 0.095312 0.448437 0.028125 0.028125
0 0.075000 0.703125 0.031250 0.031250
0 0.526563 0.253125 0.028125 0.031250
0 0.351562 0.723437 0.028125 0.028125
0 0.667188 0.301563 0.028125 0.028125
0 0.100000 0.485938 0.031250 0.028125
0 0.089063 0.156250 0.028125 0.031250
0 0.159375 0.603125 0.031250 0.031250
0 0.307812 0.428125 0.028125 0.031250
0 0.662500 0.725000 0.031250 0.031250
0 0.234375 0.203125 0.031250 0.031250
0 0.718750 0.468750 0.031250 0.031250
0 0.182812 0.528125 0.028125 0.031250
0 0.114062 0.848437 0.034375 0.034375
0 0.059375 0.270313 0.031250 0.034375
0 0.412500 0.315625 0.031250 0.031250
0 0.782813 0.275000 0.028125 0.031250
0 0.320312 0.114062 0.028125 0.028125
0 0.289062 0.885938 0.028125 0.028125
0 0.240625 0.365625 0.031250 0.031250
0 0.150000 0.657813 0.031250 0.028125
0 0.256250 0.446875 0.031250 0.031250
0 0.407813 0.064062 0.028125 0.028125
0 0.210938 0.382812 0.028125 0.028125
0 0.437500 0.537500 0.031250 0.031250
0 0.723437 0.403125 0.028125 0.031250
0 0.715625 0.703125 0.031250 0.031250
0 0.735938 0.673438 0.034375 0.034375
0 0.140625 0.715625 0.031250 0.031250
0 0.479687 0.831250 0.028125 0.031250
0 0.354687 0.220312 0.028125 0.028125
0 0.609375 0.600000 0.031250 0.031250
0 0.675000 0.756250 0.031250 0.031250
0 0.070312 0.565625 0.028125 0.031250
0 0.168750 0.040625 0.031250 0.031250
0 0.226562 0.876563 0.028125 0.028125
0 0.210938 0.670312 0.028125 0.028125
0 0.726562 0.240625 0.028125 0.031250
0 0.271875 0.415625 0.031250 0.031250
0 0.360938 0.495312 0.028125 0.028125
0 0.342187 0.607812 0.028125 0.028125
0 0.667188 0.435937 0.028125 0.028125
0 0.696875 0.417187 0.031250 0.028125
0 0.412500 0.350000 0.031250 0.031250
0 0.393750 0.846875 0.031250 0.031250
0 0.815625 0.356250 0.031250 0.031250
0 0.089063 0.187500 0.028125 0.031250
0 0.123438 0.467187 0.028125 0.028125
0 0.404687 0.704688 0.028125 0.028125
0 0.640625 0.220312 0.031250 0.028125
0 0.204687 0.089063 0.028125 0.028125
0 0.265625 0.282813 0.031250 0.028125
0 0.481250 0.575000 0.031250 0.031250
0 0.150000 0.221875 0.031250 0.031250
0 0.803125 0.496875 0.031250 0.031250
0 0.537500 0.812500 0.031250 0.031250
0 0.245312 0.676562 0.028125 0.028125
0 0.770312 0.509375 0.028125 0.031250
0 0.382812 0.642188 0.028125 0.028125
0 0.151562 0.448437 0.028125 0.028125
0 0.262500 0.184375 0.031250 0.031250
0 0.042188 0.853125 0.028125 0.031250
0 0.151562 0.517188 0.028125 0.028125
0 0.095312 0.218750 0.028125 0.031250
0 0.381250 0.140625 0.031250 0.031250
0 0.329688 0.748437 0.028125 0.028125
0 0.109375 0.710938 0.031250 0.028125
0 0.109375 0.909375 0.031250 0.031250
0 0.425000 0.764062 0.031250 0.028125
0 0.414062 0.384375 0.028125 0.031250
0 0.428125 0.678125 0.031250 0.031250
0 0.025000 0.056250 0.031250 0.031250
0 0.126562 0.273438 0.028125 0.028125
0 0.556250 0.618750 0.031250 0.031250
0 0.200000 0.817187 0.031250 0.028125
0 0.728125 0.175000 0.031250 0.031250
0 0.175000 0.912500 0.031250 0.031250
0 0.448437 0.653125 0.028125 0.031250
0 0.785937 0.340625 0.028125 0.031250
0 0.498437 0.332813 0.028125 0.028125
0 0.706250 0.525000 0.031250 0.031250
0 0.729688 0.045312 0.028125 0.028125
0 0.693750 0.556250 0.031250 0.031250
0 0.346875 0.901563 0.031250 0.034375
0 0.262500 0.250000 0.031250 0.031250
0 0.818750 0.093750 0.031250 0.031250
0 0.556250 0.784375 0.031250 0.031250
0 0.350000 0.121875 0.031250 0.031250
0 0.146875 0.120313 0.031250 0.028125
0 0.667188 0.237500 0.028125 0.031250
0 0.492188 0.776563 0.028125 0.028125
0 0.151562 0.745313 0.028125 0.028125
0 0.728125 0.078125 0.031250 0.031250
0 0.695312 0.385937 0.028125 0.028125
0 0.439063 0.204687 0.028125 0.028125
0 0.225000 0.615625 0.031250 0.031250
0 0.556250 0.237500 0.031250 0.031250
0 0.350000 0.156250 0.031250 0.031250
0 0.445312 0.742188 0.028125 0.028125
0 0.610938 0.510938 0.028125 0.028125
0 0.581250 0.765625 0.031250 0.031250
0 0.409375 0.253125 0.031250 0.031250
0 0.610938 0.301563 0.028125 0.028125
0 0.148438 0.153125 0.028125 0.031250
0 0.470313 0.543750 0.028125 0.031250
0 0.589063 0.623437 0.028125 0.028125
0 0.696875 0.223438 0.031250 0.028125
0 0.384375 0.471875 0.031250 0.031250
0 0.314063 0.907813 0.028125 0.028125
0 0.501563 0.721875 0.028125 0.031250
0 0.276562 0.595313 0.028125 0.028125
0 0.264062 0.565625 0.028125 0.031250
0 0.532813 0.470313 0.028125 0.028125
0 0.412500 0.159375 0.031250 0.031250
0 0.626563 0.806250 0.034375 0.031250
0 0.310937 0.860938 0.028125 0.028125
0 0.545312 0.671875 0.028125 0.031250
0 0.178125 0.268750 0.031250 0.031250
0 0.757812 0.223438 0.028125 0.028125
0 0.053125 0.075000 0.031250 0.031250
0 0.439063 0.623437 0.028125 0.028125
0 0.129688 0.684375 0.028125 0.031250
0 0.371875 0.440625 0.031250 0.031250
0 0.701562 0.157812 0.028125 0.028125
0 0.078125 0.853125 0.031250 0.031250
0 0.371875 0.700000 0.031250 0.031250
0 0.362500 0.753125 0.031250 0.031250
0 0.584375 0.256250 0.031250 0.031250
0 0.698438 0.254688 0.028125 0.028125
0 0.771875 0.600000 0.031250 0.031250
0 0.701562 0.668750 0.028125 0.031250
0 0.234375 0.235937 0.031250 0.028125
0 0.265625 0.314063 0.031250 0.028125
0 0.037500 0.546875 0.031250 0.031250
0 0.362500 0.581250 0.031250 0.031250
0 0.320312 0.629687 0.028125 0.028125
0 0.295312 0.360938 0.028125 0.028125
0 0.204687 0.120313 0.028125 0.028125
0 0.373437 0.610938 0.028125 0.028125
0 0.287500 0.454688 0.031250 0.028125
0 0.582812 0.221875 0.028125 0.031250
0 0.785937 0.306250 0.028125 0.031250
0 0.237500 0.331250 0.031250 0.031250
0 0.310937 0.598437 0.028125 0.028125
0 0.437500 0.710938 0.031250 0.028125
0 0.307812 0.775000 0.028125 0.031250
0 0.526563 0.348438 0.028125 0.028125
0 0.753125 0.257812 0.031250 0.028125
0 0.290625 0.132812 0.031250 0.028125
0 0.414062 0.820312 0.028125 0.028125
0 0.782813 0.371875 0.028125 0.031250
0 0.043750 0.678125 0.031250 0.031250
0 0.671875 0.142187 0.031250 0.028125
0 0.496875 0.237500 0.031250 0.031250
0 0.159375 0.778125 0.031250 0.031250
0 0.621875 0.459375 0.031250 0.031250
0 0.201563 0.639062 0.028125 0.028125
0 0.468750 0.456250 0.031250 0.031250
0 0.510938 0.493750 0.028125 0.031250
0 0.448437 0.570312 0.028125 0.028125
0 0.648438 0.693750 0.028125 0.031250
0 0.120313 0.334375 0.028125 0.031250
0 0.467187 0.717187 0.028125 0.028125
0 0.259375 0.051562 0.031250 0.028125
0 0.639062 0.415625 0.028125 0.031250
0 0.192188 0.787500 0.028125 0.031250
0 0.028125 0.823438 0.031250 0.028125
0 0.137500 0.628125 0.031250 0.031250
0 0.578125 0.593750 0.031250 0.031250
0 0.314063 0.050000 0.028125 0.031250
0 0.256250 0.940625 0.031250 0.031250
0 0.554688 0.531250 0.028125 0.031250
0 0.143750 0.089063 0.031250 0.028125
0 0.190625 0.940625 0.031250 0.031250
0 0.384375 0.729688 0.031250 0.028125
0 0.298438 0.485938 0.028125 0.028125
0 0.606250 0.743750 0.031250 0.031250
0 0.232813 0.134375 0.028125 0.031250
0 0.242188 0.851562 0.028125 0.028125
0 0.584375 0.190625 0.031250 0.031250
0 0.525000 0.189062 0.031250 0.028125
0 0.781250 0.406250 0.031250 0.031250
0 0.457813 0.770312 0.028125 0.028125
0 0.440625 0.332813 0.031250 0.028125
0 0.121875 0.940625 0.031250 0.031250
0 0.668750 0.578125 0.031250 0.031250
0 0.151562 0.253125 0.028125 0.031250
0 0.640625 0.256250 0.031250 0.031250
0 0.276562 0.854688 0.028125 0.028125
0 0.782813 0.568750 0.034375 0.031250
0 0.792188 0.534375 0.034375 0.031250
0 0.228125 0.037500 0.031250 0.031250
0 0.159375 0.881250 0.031250 0.031250
0 0.595313 0.481250 0.028125 0.031250
0 0.293750 0.198437 0.031250 0.028125
0 0.468750 0.187500 0.031250 0.031250
0 0.618750 0.542188 0.031250 0.028125
0 0.610938 0.206250 0.028125 0.031250
0 0.479687 0.485938 0.028125 0.028125
0 0.600000 0.828125 0.031250 0.031250
0 0.553125 0.173437 0.031250 0.028125
0 0.285938 0.540625 0.028125 0.031250
0 0.257812 0.706250 0.028125 0.031250
0 0.554688 0.301563 0.028125 0.028125
0 0.468750 0.284375 0.031250 0.031250
0 0.610938 0.332813 0.028125 0.028125
0 0.409375 0.189062 0.031250 0.028125
0 0.235937 0.300000 0.028125 0.031250
0 0.340625 0.692187 0.031250 0.028125
0 0.610938 0.271875 0.028125 0.031250
0 0.351562 0.467187 0.028125 0.028125
0 0.262500 0.150000 0.031250 0.031250
0 0.206250 0.151562 0.031250 0.028125
0 0.653125 0.550000 0.031250 0.031250
0 0.221875 0.940625 0.031250 0.031250
0 0.285938 0.625000 0.028125 0.031250
0 0.179688 0.364063 0.028125 0.028125
0 0.460938 0.510938 0.028125 0.028125
0 0.096875 0.518750 0.031250 0.031250
0 0.534375 0.642188 0.031250 0.028125
0 0.160938 0.689063 0.028125 0.028125
0 0.171875 0.720313 0.031250 0.028125
0 0.023438 0.879687 0.028125 0.028125
0 0.037500 0.515625 0.031250 0.031250
0 0.576562 0.507812 0.028125 0.028125
0 0.354687 0.315625 0.028125 0.031250
0 0.290625 0.165625 0.031250 0.031250
0 0.639062 0.285938 0.028125 0.028125
0 0.579688 0.418750 0.028125 0.031250
0 0.118750 0.739062 0.031250 0.028125
0 0.385937 0.368750 0.028125 0.031250
0 0.534375 0.557813 0.031250 0.028125
0 0.501563 0.550000 0.028125 0.031250
0 0.206250 0.907813 0.031250 0.034375
0 0.726562 0.370312 0.028125 0.028125
0 0.457813 0.859375 0.028125 0.031250
0 0.601562 0.656250 0.028125 0.031250
0 0.214062 0.585938 0.028125 0.028125
0 0.787500 0.043750 0.031250 0.031250
0 0.178125 0.137500 0.031250 0.031250
0 0.096875 0.550000 0.031250 0.031250
0 0.320312 0.806250 0.028125 0.031250
0 0.320312 0.181250 0.028125 0.031250
0 0.651563 0.462500 0.028125 0.031250
0 0.728125 0.550000 0.031250 0.031250
0 0.542188 0.854688 0.034375 0.034375
0 0.446875 0.484375 0.031250 0.031250
0 0.356250 0.381250 0.031250 0.031250
0 0.551562 0.332813 0.028125 0.028125
0 0.212500 0.496875 0.031250 0.031250
0 0.114062 0.651563 0.028125 0.028125
0 0.181250 0.464062 0.031250 0.028125
0 0.725000 0.339062 0.031250 0.028125
0 0.654687 0.635938 0.028125 0.028125
0 0.028125 0.153125 0.031250 0.031250
0 0.382812 0.235937 0.028125 0.028125
0 0.128125 0.565625 0.031250 0.031250
0 0.721875 0.437500 0.031250 0.031250
0 0.570312 0.651563 0.028125 0.028125
0 0.100000 0.678125 0.031250 0.031250
0 0.323437 0.343750 0.028125 0.031250
0 0.439063 0.173437 0.028125 0.028125
0 0.182812 0.754687 0.028125 0.028125
0 0.587500 0.535937 0.031250 0.028125
0 0.260937 0.082812 0.028125 0.028125
0 0.525000 0.779687 0.031250 0.028125
0 0.525000 0.220312 0.031250 0.028125
0 0.293750 0.329688 0.031250 0.028125
0 0.815625 0.125000 0.031250 0.031250
0 0.329688 0.660937 0.028125 0.028125
0 0.512500 0.443750 0.031250 0.031250
0 0.409375 0.220312 0.031250 0.028125
0 0.112500 0.798438 0.031250 0.028125
0 0.579688 0.159375 0.028125 0.031250
0 0.382812 0.817187 0.028125 0.028125
0 0.298438 0.570312 0.028125 0.028125
0 0.460938 0.598437 0.028125 0.028125
0 0.739062 0.607812 0.028125 0.028125
0 0.040625 0.614062 0.031250 0.028125
0 0.468750 0.315625 0.031250 0.031250
0 0.521875 0.698438 0.031250 0.028125
0 0.232813 0.101562 0.028125 0.028125
0 0.084375 0.089063 0.031250 0.028125
0 0.726562 0.275000 0.028125 0.031250
0 0.812500 0.325000 0.031250 0.031250
0 0.379688 0.109375 0.028125 0.031250
0 0.123438 0.367188 0.028125 0.028125
0 0.043750 0.712500 0.031250 0.031250
0 0.192188 0.609375 0.028125 0.031250
0 0.470313 0.800000 0.028125 0.031250
0 0.220312 0.529687 0.028125 0.028125
0 0.037500 0.412500 0.031250 0.031250
0 0.610938 0.367188 0.028125 0.028125
0 0.492188 0.518750 0.028125 0.031250
0 0.493750 0.860938 0.031250 0.028125
0 0.098437 0.765625 0.028125 0.031250
0 0.612500 0.239063 0.031250 0.028125
0 0.320312 0.084375 0.028125 0.031250
0 0.209375 0.315625 0.031250 0.031250
0 0.726562 0.307812 0.028125 0.028125
0 0.565625 0.475000 0.031250 0.031250
0 0.242188 0.396875 0.028125 0.031250
0 0.323437 0.214062 0.028125 0.028125
0 0.179688 0.496875 0.028125 0.031250
0 0.323437 0.376563 0.028125 0.028125
0 0.360938 0.412500 0.028125 0.031250
0 0.629687 0.573438 0.028125 0.028125
0 0.551562 0.367188 0.028125 0.028125
0 0.329688 0.835938 0.028125 0.028125
0 0.392188 0.909375 0.028125 0.031250
0 0.242188 0.764062 0.028125 0.028125
0 0.700000 0.125000 0.031250 0.031250
0 0.523438 0.612500 0.028125 0.031250
0 0.370312 0.878125 0.028125 0.031250
0 0.375000 0.787500 0.031250 0.031250
0 0.439063 0.268750 0.028125 0.031250
0 0.545312 0.587500 0.028125 0.031250
0 0.137500 0.818750 0.031250 0.031250
0 0.581250 0.351562 0.031250 0.028125
0 0.243750 0.503125 0.031250 0.031250
0 0.382812 0.300000 0.028125 0.031250
0 0.814063 0.287500 0.034375 0.031250
0 0.025000 0.256250 0.031250 0.031250
0 0.298438 0.395313 0.028125 0.028125
0 0.382812 0.171875 0.028125 0.031250
0 0.179688 0.432812 0.028125 0.028125
0 0.320312 0.460938 0.028125 0.028125
0 0.618750 0.773438 0.031250 0.028125
0 0.382812 0.204687 0.028125 0.028125
0 0.339062 0.435937 0.028125 0.028125
0 0.514062 0.667188 0.028125 0.028125
0 0.442188 0.364063 0.028125 0.028125
0 0.321875 0.278125 0.031250 0.031250
0 0.465625 0.156250 0.031250 0.031250
0 0.609375 0.431250 0.031250 0.031250
0 0.292187 0.265625 0.028125 0.031250
0 0.495312 0.398438 0.028125 0.028125
0 0.670312 0.204687 0.028125 0.028125
0 0.812500 0.425000 0.031250 0.031250
0 0.179688 0.237500 0.028125 0.031250
0 0.339062 0.523438 0.028125 0.028125
0 0.128125 0.596875 0.031250 0.031250
0 0.514062 0.581250 0.028125 0.031250
0 0.573438 0.846875 0.028125 0.031250
0 0.232813 0.560937 0.028125 0.028125
0 0.382812 0.268750 0.028125 0.031250
0 0.470313 0.348438 0.028125 0.028125
0 0.639062 0.351562 0.028125 0.028125
0 0.759375 0.321875 0.031250 0.031250
0 0.257812 0.879687 0.028125 0.028125
0 0.289062 0.712500 0.028125 0.031250
0 0.523438 0.526563 0.028125 0.028125
0 0.021875 0.760938 0.031250 0.028125
0 0.176563 0.398438 0.028125 0.028125
0 0.523438 0.382812 0.028125 0.028125
0 0.023438 0.215625 0.028125 0.031250
0 0.596875 0.565625 0.031250 0.031250
0 0.818750 0.059375 0.031250 0.031250
0 0.740625 0.521875 0.031250 0.031250
0 0.515625 0.837500 0.031250 0.031250
0 0.439063 0.235937 0.028125 0.028125
0 0.020313 0.940625 0.034375 0.031250
0 0.096875 0.259375 0.031250 0.031250
0 0.667188 0.367188 0.028125 0.028125
0 0.393750 0.673438 0.031250 0.028125
0 0.514062 0.751563 0.028125 0.028125
0 0.332813 0.576562 0.028125 0.028125
0 0.210938 0.351562 0.028125 0.028125
0 0.439063 0.142187 0.028125 0.028125
0 0.090625 0.289062 0.031250 0.028125
0 0.498437 0.364063 0.028125 0.028125
0 0.435937 0.453125 0.028125 0.031250
0 0.351562 0.551562 0.028125 0.028125
0 0.492188 0.606250 0.028125 0.031250
0 0.209375 0.284375 0.031250 0.031250
0 0.267188 0.345313 0.028125 0.028125
0 0.307812 0.685937 0.028125 0.028125
0 0.700000 0.028125 0.031250 0.031250
0 0.382812 0.557813 0.028125 0.028125
0 0.665625 0.493750 0.031250 0.031250
0 0.320312 0.545312 0.028125 0.028125
0 0.496875 0.303125 0.031250 0.031250
0 0.270313 0.379688 0.028125 0.028125
0 0.032813 0.317188 0.028125 0.028125
0 0.331250 0.937500 0.031250 0.031250
0 0.053125 0.040625 0.031250 0.031250
0 0.231250 0.821875 0.031250 0.031250
0 0.254688 0.534375 0.028125 0.031250
0 0.414062 0.560937 0.028125 0.028125
0 0.203125 0.556250 0.031250 0.031250
0 0.300000 0.743750 0.031250 0.031250
0 0.214062 0.757812 0.028125 0.028125
0 0.362500 0.668750 0.031250 0.031250
0 0.753125 0.290625 0.031250 0.031250
0 0.642188 0.518750 0.028125 0.031250
0 0.210938 0.848437 0.028125 0.028125
0 0.414062 0.476562 0.028125 0.028125
0 0.718750 0.584375 0.031250 0.031250
0 0.203125 0.728125 0.031250 0.031250
0 0.481250 0.659375 0.031250 0.031250
0 0.553125 0.400000 0.031250 0.031250
0 0.329688 0.492188 0.028125 0.028125
0 0.151562 0.417187 0.028125 0.028125
0 0.115625 0.075000 0.031250 0.031250
0 0.609375 0.396875 0.031250 0.031250
0 0.585938 0.450000 0.028125 0.031250
0 0.148438 0.382812 0.028125 0.028125
0 0.754687 0.635938 0.034375 0.034375
0 0.557813 0.703125 0.028125 0.031250
0 0.343750 0.064062 0.031250 0.028125
0 0.123438 0.501563 0.028125 0.028125
0 0.353125 0.251563 0.031250 0.028125
0 0.048438 0.234375 0.034375 0.031250
0 0.595313 0.712500 0.028125 0.031250
0 0.065625 0.431250 0.031250 0.031250
0 0.040625 0.581250 0.031250 0.031250
0 0.545312 0.501563 0.028125 0.028125
0 0.581250 0.382812 0.025000 0.028125
0 0.340625 0.868750 0.031250 0.031250
0 0.462500 0.903125 0.031250 0.031250
0 0.815625 0.225000 0.031250 0.031250
0 0.534375 0.726562 0.031250 0.028125
0 0.496875 0.268750 0.031250 0.031250
0 0.057813 0.173437 0.028125 0.028125
0 0.392188 0.501563 0.028125 0.028125
0 0.254688 0.620313 0.028125 0.028125
0 0.192188 0.696875 0.028125 0.031250
0 0.814063 0.190625 0.034375 0.031250
0 0.696875 0.289062 0.031250 0.028125
0 0.264062 0.479687 0.028125 0.028125
0 0.521875 0.156250 0.031250 0.031250
0 0.143750 0.056250 0.031250 0.031250
0 0.709375 0.612500 0.031250 0.031250
0 0.354687 0.284375 0.028125 0.031250
0 0.471875 0.628125 0.031250 0.031250
0 0.323437 0.312500 0.028125 0.031250
0 0.179688 0.332813 0.028125 0.028125
0 0.393750 0.760938 0.031250 0.028125
0 0.807813 0.460938 0.034375 0.034375
0 0.298438 0.829688 0.028125 0.028125
0 0.129688 0.770312 0.028125 0.028125
0 0.760938 0.543750 0.028125 0.031250
0 0.581250 0.320312 0.031250 0.028125
0 0.609375 0.173437 0.031250 0.028125
0 0.043750 0.740625 0.031250 0.031250
0 0.526563 0.415625 0.028125 0.031250
0 0.639062 0.382812 0.028125 0.028125
0 0.695312 0.732812 0.034375 0.034375
0 0.420312 0.420312 0.028125 0.028125
0 0.071875 0.629687 0.031250 0.028125
0 0.071875 0.470313 0.031250 0.028125
0 0.071875 0.662500 0.031250 0.031250
0 0.028125 0.121875 0.031250 0.031250
0 0.479687 0.748437 0.028125 0.028125
0 0.639062 0.189062 0.028125 0.028125
0 0.307812 0.517188 0.028125 0.028125
0 0.046875 0.454688 0.031250 0.028125
0 0.276562 0.768750 0.028125 0.031250
0 0.293750 0.296875 0.031250 0.031250
0 0.035937 0.381250 0.028125 0.031250
0 0.556250 0.268750 0.031250 0.031250
0 0.703125 0.093750 0.031250 0.031250
0 0.262500 0.117188 0.031250 0.028125
0 0.356250 0.346875 0.031250 0.031250
0 0.404687 0.446875 0.028125 0.031250
0 0.698438 0.354687 0.028125 0.028125
0 0.812500 0.256250 0.031250 0.031250
0 0.632812 0.490625 0.028125 0.031250
0 0.095312 0.414062 0.028125 0.028125
0 0.032813 0.287500 0.028125 0.031250
0 0.382812 0.332813 0.028125 0.028125
0 0.284375 0.034375 0.031250 0.031250
0 0.642188 0.032813 0.028125 0.028125
0 0.501563 0.635938 0.028125 0.028125
0 0.410938 0.284375 0.028125 0.031250
0 0.426563 0.595313 0.028125 0.028125
0 0.392188 0.407813 0.028125 0.028125
0 0.276562 0.507812 0.028125 0.028125
0 0.123438 0.432812 0.028125 0.028125
0 0.435937 0.110937 0.028125 0.028125
0 0.092188 0.320312 0.028125 0.028125
0 0.181250 0.301563 0.031250 0.028125
0 0.484375 0.428125 0.031250 0.031250
0 0.173437 0.071875 0.028125 0.031250
0 0.026562 0.090625 0.034375 0.031250
0 0.042188 0.646875 0.028125 0.031250
0 0.523438 0.317188 0.028125 0.028125
0 0.434375 0.884375 0.031250 0.031250
0 0.198437 0.025000 0.028125 0.031250
0 0.081250 0.057813 0.031250 0.034375
0 0.701562 0.060937 0.028125 0.028125
0 0.340625 0.031250 0.031250 0.031250
0 0.425000 0.507812 0.031250 0.028125
0 0.031250 0.184375 0.031250 0.031250
0 0.204687 0.415625 0.028125 0.031250
0 0.445312 0.398438 0.028125 0.028125
0 0.170313 0.634375 0.028125 0.031250
0 0.351562 0.810937 0.028125 0.028125
0 0.404687 0.532813 0.028125 0.028125
0 0.234375 0.428125 0.031250 0.031250
0 0.395313 0.589063 0.028125 0.028125
0 0.673438 0.526563 0.028125 0.028125
0 0.667188 0.335938 0.028125 0.028125
0 0.120313 0.304688 0.028125 0.028125
0 0.095312 0.384375 0.028125 0.025000
0 0.371875 0.046875 0.031250 0.031250
0 0.521875 0.881250 0.031250 0.031250
0 0.034375 0.484375 0.031250 0.031250
0 0.151562 0.351562 0.028125 0.028125
0 0.023438 0.025000 0.034375 0.031250
0 0.760938 0.126562 0.028125 0.028125
0 0.070312 0.596875 0.028125 0.031250
0 0.225000 0.787500 0.031250 0.031250
0 0.142187 0.023438 0.028125 0.028125
0 0.465625 0.126562 0.031250 0.028125
0 0.400000 0.034375 0.031250 0.031250
0 0.207813 0.448437 0.028125 0.028125
0 0.637500 0.157812 0.031250 0.028125
0 0.440625 0.300000 0.031250 0.031250
0 0.428125 0.850000 0.031250 0.031250
0 0.435937 0.078125 0.028125 0.031250
0 0.017188 0.696875 0.028125 0.031250
0 0.610938 0.079687 0.028125 0.028125
0 0.348438 0.092188 0.028125 0.028125
0 0.470313 0.379688 0.028125 0.028125
0 0.489063 0.892188 0.034375 0.034375
0 0.367188 0.929688 0.034375 0.034375
0 0.245312 0.592187 0.028125 0.028125
0 0.062500 0.203125 0.031250 0.031250
0 0.095312 0.351562 0.028125 0.028125
0 0.065625 0.367188 0.031250 0.028125
0 0.321875 0.246875 0.031250 0.031250
0 0.256250 0.018750 0.031250 0.031250
0 0.612500 0.045312 0.031250 0.028125
0 0.404687 0.618750 0.028125 0.031250
0 0.206250 0.251563 0.031250 0.028125
0 0.431250 0.046875 0.031250 0.031250
0 0.454688 0.425000 0.028125 0.031250
0 0.123438 0.532813 0.028125 0.028125
0 0.745313 0.489063 0.028125 0.028125
0 0.153125 0.285938 0.031250 0.028125
0 0.067187 0.398438 0.028125 0.028125
0 0.035937 0.348438 0.028125 0.028125
0 0.075000 0.240625 0.031250 0.031250
0 0.759375 0.028125 0.031250 0.031250
0 0.584375 0.031250 0.031250 0.031250
0 0.671875 0.046875 0.031250 0.031250
0 0.418750 0.648438 0.031250 0.028125
0 0.521875 0.126562 0.031250 0.028125
0 0.329688 0.404687 0.028125 0.028125
0 0.148438 0.317188 0.028125 0.028125
0 0.309375 0.018750 0.031250 0.031250
0 0.425000 0.915625 0.031250 0.031250
0 0.289062 0.800000 0.028125 0.031250
0 0.020313 0.439063 0.028125 0.028125
0 0.017188 0.792188 0.028125 0.028125
0 0.123438 0.398438 0.028125 0.028125
0 0.110937 0.042188 0.028125 0.028125
0 0.017188 0.729688 0.028125 0.028125
0 0.639062 0.060937 0.028125 0.028125
0 0.460938 0.034375 0.034375 0.031250
0 0.015625 0.664062 0.031250 0.028125
0 0.818750 0.028125 0.031250 0.031250
0 0.264062 0.826562 0.028125 0.028125
