0 0.071875 0.846875 0.031250 0.031250
0 0.100000 0.829688 0.031250 0.028125
0 0.739062 0.839063 0.028125 0.028125
0 0.042188 0.860938 0.028125 0.028125
0 0.431250 0.153125 0.031250 0.031250
0 0.443750 0.118750 0.031250 0.031250
0 0.370312 0.184375 0.028125 0.031250
0 0.050000 0.209375 0.031250 0.031250
0 0.140625 0.182812 0.031250 0.028125
0 0.651563 0.223438 0.028125 0.028125
0 0.106250 0.067187 0.031250 0.028125
0 0.678125 0.612500 0.031250 0.031250
0 0.042188 0.828125 0.028125 0.031250
0 0.046875 0.437500 0.031250 0.031250
0 0.101562 0.768750 0.028125 0.031250
0 0.796875 0.843750 0.031250 0.031250
0 0.171875 0.126562 0.031250 0.028125
0 0.739062 0.404687 0.028125 0.028125
0 0.159375 0.693750 0.031250 0.031250
0 0.079687 0.267188 0.028125 0.028125
0 0.157812 0.800000 0.028125 0.031250
0 0.151562 0.098437 0.028125 0.028125
0 0.065625 0.517188 0.031250 0.034375
0 0.651563 0.389062 0.028125 0.028125
0 0.796875 0.575000 0.031250 0.031250
0 0.654687 0.259375 0.028125 0.031250
0 0.567187 0.050000 0.028125 0.031250
0 0.796875 0.875000 0.031250 0.031250
0 0.593750 0.253125 0.031250 0.031250
0 0.489063 0.082812 0.028125 0.028125
0 0.540625 0.290625 0.031250 0.031250
0 0.046875 0.068750 0.031250 0.031250
0 0.553125 0.081250 0.031250 0.031250
0 0.071875 0.814063 0.031250 0.028125
0 0.646875 0.162500 0.031250 0.031250
0 0.343750 0.128125 0.031250 0.031250
0 0.798438 0.340625 0.034375 0.031250
0 0.203125 0.068750 0.031250 0.031250
0 0.796875 0.640625 0.031250 0.031250
0 0.139063 0.070312 0.028125 0.028125
0 0.623437 0.768750 0.028125 0.031250
0 0.796875 0.178125 0.031250 0.031250
0 0.365625 0.250000 0.031250 0.031250
0 0.710938 0.626563 0.028125 0.028125
0 0.137500 0.718750 0.031250 0.031250
0 0.825000 0.595313 0.031250 0.034375
0 0.387500 0.700000 0.031250 0.031250
0 0.765625 0.162500 0.031250 0.031250
0 0.079687 0.379688 0.028125 0.028125
0 0.078125 0.071875 0.031250 0.031250
0 0.270313 0.831250 0.028125 0.031250
0 0.184375 0.095312 0.031250 0.028125
0 0.768750 0.423438 0.031250 0.028125
0 0.621875 0.276562 0.031250 0.028125
0 0.101562 0.862500 0.028125 0.031250
0 0.767188 0.131250 0.028125 0.031250
0 0.767188 0.593750 0.028125 0.031250
0 0.314063 0.184375 0.028125 0.031250
0 0.709375 0.821875 0.031250 0.031250
0 0.401562 0.235937 0.028125 0.028125
0 0.362500 0.618750 0.031250 0.031250
0 0.231250 0.134375 0.031250 0.031250
0 0.767188 0.625000 0.028125 0.031250
0 0.067187 0.181250 0.028125 0.031250
0 0.567187 0.342187 0.028125 0.028125
0 0.704688 0.187500 0.028125 0.031250
0 0.767188 0.856250 0.028125 0.031250
0 0.037500 0.126562 0.031250 0.028125
0 0.085938 0.154688 0.028125 0.028125
0 0.796875 0.375000 0.031250 0.031250
0 0.132812 0.748437 0.028125 0.028125
0 0.595313 0.292187 0.028125 0.028125
0 0.448437 0.539062 0.028125 0.028125
0 0.678125 0.165625 0.031250 0.031250
0 0.743750 0.910937 0.031250 0.028125
0 0.739062 0.210938 0.028125 0.028125
0 0.128125 0.814063 0.031250 0.028125
0 0.173437 0.196875 0.028125 0.031250
0 0.065625 0.409375 0.031250 0.031250
0 0.104688 0.360938 0.028125 0.028125
0 0.065625 0.237500 0.031250 0.031250
0 0.729688 0.101562 0.028125 0.028125
0 0.681250 0.643750 0.031250 0.031250
0 0.204687 0.120313 0.028125 0.028125
0 0.567187 0.310937 0.028125 0.028125
0 0.396875 0.142187 0.031250 0.028125
0 0.768750 0.196875 0.031250 0.031250
0 0.340625 0.168750 0.031250 0.031250
0 0.170313 0.232813 0.028125 0.028125
0 0.470313 0.057813 0.028125 0.028125
0 0.118750 0.157812 0.031250 0.028125
0 0.343750 0.203125 0.031250 0.031250
0 0.275000 0.665625 0.031250 0.031250
0 0.354687 0.034375 0.028125 0.031250
0 0.535937 0.051562 0.028125 0.028125
0 0.650000 0.073438 0.031250 0.028125
0 0.064062 0.293750 0.028125 0.031250
0 0.679688 0.581250 0.028125 0.031250
0 0.400000 0.173437 0.031250 0.028125
0 0.228125 0.167187 0.031250 0.028125
0 0.825000 0.525000 0.031250 0.031250
0 0.371875 0.059375 0.031250 0.031250
0 0.287500 0.096875 0.031250 0.031250
0 0.632812 0.046875 0.028125 0.031250
0 0.823438 0.490625 0.034375 0.031250
0 0.651563 0.323437 0.028125 0.028125
0 0.104688 0.128125 0.028125 0.031250
0 0.476562 0.112500 0.028125 0.031250
0 0.707812 0.595313 0.028125 0.028125
0 0.796875 0.406250 0.031250 0.031250
0 0.767188 0.390625 0.028125 0.031250
0 0.159375 0.765625 0.031250 0.031250
0 0.712500 0.225000 0.031250 0.031250
0 0.798438 0.276562 0.028125 0.028125
0 0.045312 0.267188 0.028125 0.028125
0 0.595313 0.357812 0.028125 0.028125
0 0.356250 0.090625 0.031250 0.031250
0 0.234375 0.062500 0.031250 0.031250
0 0.739062 0.243750 0.028125 0.031250
0 0.523438 0.081250 0.028125 0.031250
0 0.823438 0.792188 0.028125 0.028125
0 0.032813 0.237500 0.028125 0.031250
0 0.054688 0.098437 0.028125 0.028125
0 0.309375 0.215625 0.031250 0.031250
0 0.454688 0.173437 0.028125 0.028125
0 0.287500 0.137500 0.031250 0.031250
0 0.540625 0.110937 0.031250 0.028125
0 0.032813 0.179688 0.028125 0.028125
0 0.331250 0.667188 0.031250 0.028125
0 0.768750 0.559375 0.031250 0.031250
0 0.189062 0.676562 0.028125 0.028125
0 0.768750 0.228125 0.031250 0.031250
0 0.735938 0.179688 0.028125 0.028125
0 0.793750 0.110937 0.031250 0.028125
0 0.325000 0.090625 0.031250 0.031250
0 0.389062 0.767188 0.028125 0.028125
0 0.040625 0.796875 0.031250 0.031250
0 0.765625 0.100000 0.031250 0.031250
0 0.028125 0.464062 0.031250 0.028125
0 0.431250 0.220312 0.031250 0.028125
0 0.460938 0.239063 0.028125 0.028125
0 0.710938 0.070312 0.028125 0.028125
0 0.406250 0.059375 0.031250 0.031250
0 0.568750 0.275000 0.031250 0.031250
0 0.129688 0.781250 0.028125 0.031250
0 0.198437 0.217188 0.028125 0.028125
0 0.385937 0.732812 0.028125 0.028125
0 0.120313 0.098437 0.028125 0.028125
0 0.412500 0.112500 0.031250 0.031250
0 0.651563 0.357812 0.028125 0.028125
0 0.045312 0.379688 0.028125 0.028125
0 0.623437 0.373437 0.028125 0.028125
0 0.143750 0.214062 0.031250 0.028125
0 0.648438 0.623437 0.028125 0.028125
0 0.648438 0.590625 0.028125 0.031250
0 0.625000 0.243750 0.031250 0.031250
0 0.514062 0.342187 0.028125 0.028125
0 0.128125 0.846875 0.031250 0.031250
0 0.340625 0.064062 0.031250 0.028125
0 0.159375 0.565625 0.031250 0.031250
0 0.387500 0.032813 0.031250 0.028125
0 0.770312 0.259375 0.028125 0.031250
0 0.073438 0.550000 0.028125 0.031250
0 0.740625 0.439063 0.031250 0.028125
0 0.071875 0.781250 0.031250 0.031250
0 0.590625 0.653125 0.031250 0.031250
0 0.150000 0.148438 0.031250 0.028125
0 0.332813 0.603125 0.028125 0.031250
0 0.651563 0.754687 0.028125 0.028125
0 0.257812 0.184375 0.028125 0.031250
0 0.135937 0.345313 0.028125 0.028125
0 0.623437 0.735938 0.028125 0.028125
0 0.081250 0.209375 0.031250 0.031250
0 0.507812 0.373437 0.028125 0.028125
0 0.625000 0.703125 0.031250 0.031250
0 0.667188 0.101562 0.028125 0.028125
0 0.796875 0.675000 0.031250 0.031250
0 0.464062 0.143750 0.028125 0.031250
0 0.567187 0.373437 0.028125 0.028125
0 0.428125 0.189062 0.031250 0.028125
0 0.603125 0.104688 0.031250 0.028125
0 0.737500 0.609375 0.031250 0.031250
0 0.510938 0.310937 0.028125 0.028125
0 0.062500 0.465625 0.031250 0.031250
0 0.828125 0.325000 0.031250 0.031250
0 0.125000 0.039062 0.031250 0.028125
0 0.828125 0.392188 0.031250 0.034375
0 0.156250 0.037500 0.031250 0.031250
0 0.793750 0.145313 0.031250 0.028125
0 0.798438 0.309375 0.028125 0.031250
0 0.029687 0.295312 0.028125 0.028125
0 0.087500 0.098437 0.031250 0.028125
0 0.739062 0.276562 0.028125 0.028125
0 0.043750 0.550000 0.031250 0.031250
0 0.739062 0.642188 0.028125 0.028125
0 0.364063 0.585938 0.028125 0.028125
0 0.175000 0.165625 0.031250 0.031250
0 0.798438 0.243750 0.028125 0.031250
0 0.796875 0.609375 0.031250 0.031250
0 0.623437 0.439063 0.028125 0.028125
0 0.390625 0.089063 0.031250 0.028125
0 0.623437 0.307812 0.028125 0.028125
0 0.681250 0.370312 0.031250 0.028125
0 0.376563 0.118750 0.028125 0.031250
0 0.100000 0.526563 0.031250 0.034375
0 0.623437 0.404687 0.028125 0.028125
0 0.679688 0.337500 0.028125 0.031250
0 0.710938 0.257812 0.028125 0.028125
0 0.360938 0.651563 0.028125 0.028125
0 0.225000 0.095312 0.031250 0.028125
0 0.137500 0.246875 0.031250 0.031250
0 0.595313 0.193750 0.028125 0.031250
0 0.496875 0.137500 0.031250 0.031250
0 0.610938 0.159375 0.028125 0.031250
0 0.040625 0.604688 0.031250 0.028125
0 0.754687 0.039062 0.028125 0.028125
0 0.071875 0.912500 0.031250 0.031250
0 0.273438 0.632812 0.028125 0.028125
0 0.595313 0.751563 0.028125 0.028125
0 0.664062 0.043750 0.028125 0.031250
0 0.679688 0.306250 0.028125 0.031250
0 0.368750 0.151562 0.031250 0.028125
0 0.796875 0.542188 0.031250 0.028125
0 0.431250 0.251563 0.031250 0.028125
0 0.562500 0.135937 0.031250 0.028125
0 0.304688 0.650000 0.028125 0.031250
0 0.582812 0.221875 0.028125 0.031250
0 0.273438 0.765625 0.028125 0.031250
0 0.618750 0.076563 0.031250 0.028125
0 0.098437 0.239063 0.028125 0.028125
0 0.043750 0.493750 0.031250 0.031250
0 0.690625 0.846875 0.031250 0.031250
0 0.595313 0.718750 0.028125 0.031250
0 0.220312 0.632812 0.028125 0.028125
0 0.476562 0.554688 0.028125 0.028125
0 0.414062 0.751563 0.028125 0.028125
0 0.578125 0.165625 0.031250 0.031250
0 0.285938 0.167187 0.028125 0.028125
0 0.564063 0.195312 0.028125 0.028125
0 0.337500 0.232813 0.031250 0.028125
0 0.651563 0.292187 0.028125 0.028125
0 0.681250 0.242188 0.031250 0.028125
0 0.214062 0.796875 0.028125 0.031250
0 0.657813 0.131250 0.028125 0.031250
0 0.184375 0.845313 0.031250 0.028125
0 0.301563 0.682813 0.028125 0.028125
0 0.087500 0.587500 0.031250 0.031250
0 0.164062 0.532813 0.028125 0.028125
0 0.768750 0.292187 0.031250 0.028125
0 0.031250 0.353125 0.031250 0.031250
0 0.825000 0.557813 0.031250 0.034375
0 0.798438 0.912500 0.034375 0.031250
0 0.246875 0.648438 0.031250 0.028125
0 0.529687 0.139063 0.028125 0.028125
0 0.828125 0.356250 0.031250 0.031250
0 0.028125 0.407813 0.031250 0.028125
0 0.587500 0.076563 0.031250 0.028125
0 0.073438 0.746875 0.028125 0.031250
0 0.306250 0.064062 0.031250 0.028125
0 0.620313 0.607812 0.028125 0.028125
0 0.057813 0.578125 0.028125 0.031250
0 0.462500 0.206250 0.031250 0.031250
0 0.093750 0.040625 0.031250 0.031250
0 0.504687 0.054688 0.028125 0.028125
0 0.707812 0.565625 0.028125 0.031250
0 0.796875 0.210938 0.031250 0.028125
0 0.360938 0.685937 0.028125 0.028125
0 0.625000 0.668750 0.031250 0.031250
0 0.737500 0.575000 0.031250 0.031250
0 0.414062 0.717187 0.028125 0.028125
0 0.770312 0.892188 0.028125 0.028125
0 0.681250 0.804688 0.031250 0.028125
0 0.228125 0.201563 0.031250 0.028125
0 0.051562 0.153125 0.028125 0.031250
0 0.185938 0.748437 0.028125 0.028125
0 0.198437 0.250000 0.028125 0.031250
0 0.064062 0.351562 0.028125 0.028125
0 0.540625 0.357812 0.031250 0.028125
0 0.371875 0.215625 0.031250 0.031250
0 0.387500 0.667188 0.031250 0.028125
0 0.112500 0.268750 0.031250 0.031250
0 0.598437 0.048438 0.028125 0.028125
0 0.257812 0.151562 0.028125 0.028125
0 0.707812 0.385937 0.028125 0.028125
0 0.678125 0.771875 0.031250 0.031250
0 0.170313 0.065625 0.028125 0.031250
0 0.518750 0.026562 0.031250 0.028125
0 0.271875 0.698438 0.031250 0.028125
0 0.115625 0.212500 0.031250 0.031250
0 0.582812 0.020313 0.028125 0.028125
0 0.104688 0.735938 0.028125 0.028125
0 0.740625 0.975000 0.031250 0.031250
0 0.635938 0.101562 0.028125 0.028125
0 0.071875 0.878125 0.031250 0.031250
0 0.595313 0.326562 0.028125 0.028125
0 0.128125 0.878125 0.031250 0.031250
0 0.717187 0.862500 0.028125 0.031250
0 0.134375 0.546875 0.031250 0.031250
0 0.828125 0.293750 0.031250 0.031250
0 0.540625 0.326562 0.031250 0.028125
0 0.318750 0.037500 0.031250 0.031250
0 0.767188 0.657813 0.028125 0.028125
0 0.282813 0.201563 0.028125 0.028125
0 0.823438 0.657813 0.034375 0.034375
0 0.726562 0.039062 0.028125 0.028125
0 0.021875 0.100000 0.031250 0.031250
0 0.796875 0.709375 0.031250 0.031250
0 0.625000 0.131250 0.031250 0.031250
0 0.659375 0.192188 0.031250 0.028125
0 0.220312 0.665625 0.028125 0.031250
0 0.417187 0.684375 0.028125 0.031250
0 0.739062 0.371875 0.028125 0.031250
0 0.314063 0.154688 0.028125 0.028125
0 0.184375 0.782813 0.031250 0.028125
0 0.256250 0.037500 0.031250 0.031250
0 0.551562 0.226562 0.028125 0.028125
0 0.487500 0.168750 0.031250 0.031250
0 0.212500 0.701562 0.031250 0.028125
0 0.823438 0.759375 0.028125 0.031250
0 0.253125 0.089063 0.031250 0.028125
0 0.400000 0.206250 0.031250 0.031250
0 0.109375 0.328125 0.031250 0.031250
0 0.710938 0.418750 0.028125 0.031250
0 0.476562 0.520312 0.028125 0.028125
0 0.045312 0.323437 0.028125 0.028125
0 0.596875 0.684375 0.031250 0.031250
0 0.651563 0.785937 0.028125 0.028125
0 0.681250 0.071875 0.031250 0.031250
0 0.157812 0.895312 0.028125 0.028125
0 0.135937 0.312500 0.028125 0.031250
0 0.681250 0.273438 0.031250 0.028125
0 0.414062 0.785937 0.028125 0.028125
0 0.215625 0.565625 0.031250 0.031250
0 0.743750 0.878125 0.031250 0.031250
0 0.140625 0.278125 0.031250 0.031250
0 0.026562 0.521875 0.034375 0.031250
0 0.070312 0.123438 0.028125 0.028125
0 0.768750 0.526563 0.031250 0.028125
0 0.681250 0.400000 0.031250 0.031250
0 0.682813 0.210938 0.028125 0.028125
0 0.457813 0.085938 0.028125 0.028125
0 0.300000 0.714063 0.031250 0.028125
0 0.592187 0.134375 0.028125 0.031250
0 0.270313 0.732812 0.028125 0.028125
0 0.303125 0.615625 0.031250 0.031250
0 0.770312 0.456250 0.028125 0.031250
0 0.243750 0.714063 0.031250 0.028125
0 0.798438 0.471875 0.028125 0.031250
0 0.420312 0.554688 0.028125 0.028125
0 0.437500 0.057813 0.031250 0.028125
0 0.692187 0.042188 0.028125 0.028125
0 0.796875 0.437500 0.031250 0.031250
0 0.518750 0.229687 0.031250 0.028125
0 0.623437 0.342187 0.028125 0.028125
0 0.539062 0.390625 0.028125 0.031250
0 0.825000 0.423438 0.031250 0.028125
0 0.312500 0.251563 0.031250 0.028125
0 0.357812 0.717187 0.028125 0.028125
0 0.648438 0.423438 0.028125 0.028125
0 0.106250 0.559375 0.031250 0.031250
0 0.217188 0.598437 0.028125 0.028125
0 0.617188 0.639062 0.028125 0.028125
0 0.314063 0.120313 0.028125 0.028125
0 0.771875 0.487500 0.031250 0.031250
0 0.825000 0.693750 0.031250 0.031250
0 0.098437 0.298438 0.028125 0.028125
0 0.332813 0.634375 0.028125 0.031250
0 0.125000 0.637500 0.031250 0.031250
0 0.275000 0.065625 0.031250 0.031250
0 0.157812 0.862500 0.028125 0.031250
0 0.795312 0.807813 0.028125 0.028125
0 0.651563 0.654687 0.028125 0.028125
0 0.825000 0.828125 0.031250 0.031250
0 0.168750 0.298438 0.031250 0.028125
0 0.079687 0.323437 0.028125 0.028125
0 0.487500 0.287500 0.031250 0.031250
0 0.101562 0.182812 0.028125 0.028125
0 0.245312 0.614062 0.028125 0.028125
0 0.121875 0.689063 0.031250 0.034375
0 0.509375 0.110937 0.031250 0.028125
0 0.520312 0.170313 0.028125 0.028125
0 0.651563 0.721875 0.028125 0.031250
0 0.084375 0.490625 0.031250 0.031250
0 0.142187 0.665625 0.028125 0.031250
0 0.025000 0.576562 0.031250 0.028125
0 0.289062 0.035937 0.028125 0.028125
0 0.154688 0.831250 0.028125 0.031250
0 0.793750 0.775000 0.031250 0.031250
0 0.100000 0.962500 0.031250 0.031250
0 0.628125 0.189062 0.031250 0.028125
0 0.137500 0.593750 0.031250 0.031250
0 0.534375 0.198437 0.025000 0.028125
0 0.418750 0.031250 0.031250 0.031250
0 0.418750 0.520312 0.031250 0.028125
0 0.517188 0.268750 0.028125 0.031250
0 0.201563 0.182812 0.028125 0.028125
0 0.590625 0.620313 0.031250 0.028125
0 0.107813 0.395313 0.028125 0.028125
0 0.614062 0.018750 0.028125 0.031250
0 0.389062 0.264062 0.028125 0.028125
0 0.615625 0.215625 0.031250 0.031250
0 0.098437 0.895312 0.028125 0.028125
0 0.332813 0.701562 0.028125 0.028125
0 0.828125 0.229687 0.031250 0.034375
0 0.796875 0.509375 0.031250 0.031250
0 0.425000 0.085938 0.031250 0.028125
0 0.132812 0.379688 0.028125 0.028125
0 0.187500 0.550000 0.031250 0.031250
0 0.487500 0.223438 0.031250 0.028125
0 0.551562 0.023438 0.028125 0.028125
0 0.256250 0.121875 0.031250 0.031250
0 0.453125 0.028125 0.031250 0.031250
0 0.689063 0.878125 0.028125 0.031250
0 0.457813 0.270313 0.028125 0.028125
0 0.112500 0.606250 0.031250 0.031250
0 0.342187 0.268750 0.028125 0.031250
0 0.826562 0.889062 0.034375 0.034375
0 0.082812 0.621875 0.034375 0.031250
0 0.159375 0.628125 0.031250 0.031250
0 0.739062 0.070312 0.028125 0.028125
0 0.678125 0.740625 0.031250 0.031250
0 0.300000 0.814063 0.031250 0.028125
0 0.825000 0.456250 0.031250 0.031250
0 0.448437 0.603125 0.028125 0.025000
0 0.771875 0.068750 0.031250 0.031250
0 0.489063 0.254688 0.028125 0.028125
0 0.445312 0.701562 0.028125 0.028125
0 0.478125 0.489063 0.031250 0.028125
0 0.823438 0.725000 0.028125 0.031250
0 0.017188 0.209375 0.028125 0.031250
0 0.768750 0.359375 0.031250 0.031250
0 0.826562 0.195312 0.034375 0.034375
0 0.389062 0.635938 0.028125 0.028125
0 0.043750 0.762500 0.031250 0.031250
0 0.828125 0.260937 0.031250 0.034375
0 0.767188 0.792188 0.028125 0.028125
0 0.332813 0.570312 0.028125 0.028125
0 0.595313 0.456250 0.028125 0.031250
0 0.392188 0.539062 0.028125 0.028125
0 0.203125 0.151562 0.031250 0.028125
0 0.129688 0.910937 0.028125 0.028125
0 0.103125 0.931250 0.031250 0.031250
0 0.826562 0.145313 0.034375 0.034375
0 0.710938 0.659375 0.028125 0.031250
0 0.707812 0.289062 0.028125 0.028125
0 0.717187 0.893750 0.028125 0.031250
0 0.189062 0.039062 0.028125 0.028125
0 0.767188 0.826562 0.028125 0.028125
0 0.440625 0.768750 0.031250 0.031250
0 0.450000 0.507812 0.031250 0.028125
0 0.101562 0.462500 0.028125 0.031250
0 0.737500 0.145313 0.031250 0.028125
0 0.062500 0.042188 0.031250 0.028125
0 0.367188 0.285938 0.028125 0.028125
0 0.795312 0.743750 0.028125 0.031250
0 0.565625 0.734375 0.031250 0.031250
0 0.078125 0.439063 0.031250 0.028125
0 0.392188 0.570312 0.028125 0.028125
0 0.503125 0.198437 0.031250 0.028125
0 0.482812 0.389062 0.028125 0.028125
0 0.621875 0.471875 0.031250 0.031250
0 0.798438 0.973437 0.034375 0.034375
0 0.562500 0.671875 0.031250 0.031250
0 0.167187 0.265625 0.028125 0.031250
0 0.595313 0.389062 0.028125 0.028125
0 0.228125 0.232813 0.025000 0.028125
0 0.246875 0.584375 0.031250 0.031250
0 0.131250 0.512500 0.031250 0.031250
0 0.184375 0.585938 0.031250 0.034375
0 0.270313 0.862500 0.028125 0.031250
0 0.742188 0.942187 0.028125 0.028125
0 0.442188 0.735938 0.028125 0.028125
0 0.164062 0.364063 0.028125 0.028125
0 0.506250 0.506250 0.031250 0.031250
0 0.362500 0.554688 0.031250 0.028125
0 0.165625 0.331250 0.031250 0.031250
0 0.389062 0.603125 0.028125 0.025000
0 0.573438 0.107813 0.028125 0.028125
0 0.675000 0.940625 0.031250 0.031250
0 0.618750 0.573438 0.031250 0.028125
0 0.031250 0.040625 0.031250 0.031250
0 0.650000 0.456250 0.031250 0.031250
0 0.189062 0.615625 0.028125 0.031250
0 0.640625 0.814063 0.031250 0.028125
0 0.075000 0.943750 0.031250 0.031250
0 0.196875 0.282813 0.031250 0.028125
0 0.332813 0.539062 0.034375 0.034375
0 0.415625 0.278125 0.031250 0.031250
0 0.245312 0.553125 0.028125 0.031250
0 0.421875 0.490625 0.031250 0.031250
0 0.684375 0.975000 0.031250 0.031250
0 0.215625 0.762500 0.031250 0.031250
0 0.485938 0.028125 0.028125 0.031250
0 0.739062 0.807813 0.028125 0.028125
0 0.471875 0.685937 0.031250 0.028125
0 0.770312 0.926562 0.028125 0.028125
0 0.765625 0.756250 0.031250 0.031250
0 0.270313 0.798438 0.028125 0.028125
0 0.440625 0.800000 0.031250 0.031250
0 0.593750 0.490625 0.031250 0.031250
0 0.828125 0.112500 0.031250 0.031250
0 0.737500 0.473438 0.031250 0.028125
0 0.717187 0.929688 0.028125 0.028125
0 0.189062 0.517188 0.028125 0.028125
0 0.482812 0.357812 0.028125 0.028125
0 0.690625 0.910937 0.031250 0.028125
0 0.678125 0.553125 0.031250 0.031250
0 0.060937 0.717187 0.028125 0.028125
0 0.709375 0.790625 0.031250 0.031250
0 0.814063 0.087500 0.034375 0.031250
0 0.300000 0.846875 0.031250 0.031250
0 0.698438 0.098437 0.028125 0.028125
0 0.535937 0.423438 0.028125 0.028125
0 0.156250 0.931250 0.031250 0.031250
0 0.542188 0.254688 0.028125 0.028125
0 0.534375 0.523438 0.031250 0.028125
0 0.051562 0.635938 0.034375 0.034375
0 0.768750 0.957812 0.031250 0.028125
0 0.392188 0.506250 0.028125 0.031250
0 0.451562 0.570312 0.028125 0.028125
0 0.504687 0.571875 0.028125 0.031250
0 0.646875 0.557813 0.031250 0.028125
0 0.071875 0.978125 0.031250 0.031250
0 0.784375 0.034375 0.031250 0.031250
0 0.614062 0.801562 0.028125 0.028125
0 0.709375 0.353125 0.031250 0.031250
0 0.195312 0.648438 0.028125 0.028125
0 0.014063 0.842187 0.028125 0.028125
0 0.767188 0.725000 0.028125 0.031250
0 0.450000 0.475000 0.031250 0.031250
0 0.564063 0.540625 0.028125 0.031250
0 0.020313 0.675000 0.034375 0.031250
0 0.507812 0.539062 0.028125 0.028125
0 0.646875 0.017188 0.031250 0.034375
0 0.034375 0.731250 0.031250 0.031250
0 0.665625 0.831250 0.031250 0.031250
0 0.185938 0.814063 0.028125 0.028125
0 0.126562 0.978125 0.028125 0.025000
0 0.162500 0.500000 0.031250 0.031250
0 0.560937 0.604688 0.028125 0.028125
0 0.182812 0.717187 0.028125 0.028125
0 0.014063 0.435937 0.028125 0.028125
0 0.129688 0.123438 0.028125 0.028125
0 0.017188 0.151562 0.028125 0.028125
0 0.245312 0.809375 0.028125 0.031250
0 0.509375 0.407813 0.025000 0.028125
0 0.440625 0.835938 0.031250 0.028125
0 0.014063 0.876563 0.028125 0.028125
0 0.589063 0.589063 0.028125 0.028125
0 0.129688 0.948438 0.028125 0.028125
0 0.182812 0.978125 0.028125 0.031250
