0 0.150000 0.871875 0.031250 0.031250
0 0.079687 0.817187 0.028125 0.028125
0 0.706250 0.673438 0.031250 0.028125
0 0.598437 0.864062 0.028125 0.028125
0 0.212500 0.743750 0.031250 0.031250
0 0.656250 0.121875 0.031250 0.031250
0 0.735938 0.173437 0.028125 0.028125
0 0.032813 0.285938 0.028125 0.028125
0 0.628125 0.817187 0.031250 0.028125
0 0.764062 0.835938 0.028125 0.028125
0 0.081250 0.760938 0.031250 0.028125
0 0.679688 0.781250 0.028125 0.031250
0 0.545312 0.857812 0.028125 0.028125
0 0.729688 0.040625 0.028125 0.031250
0 0.385937 0.326562 0.028125 0.028125
0 0.381250 0.290625 0.031250 0.031250
0 0.567187 0.878125 0.028125 0.031250
0 0.142187 0.489063 0.028125 0.028125
0 0.382812 0.357812 0.028125 0.028125
0 0.082812 0.260937 0.028125 0.028125
0 0.682813 0.181250 0.028125 0.025000
0 0.704688 0.159375 0.028125 0.031250
0 0.571875 0.842187 0.031250 0.028125
0 0.443750 0.298438 0.031250 0.028125
0 0.557813 0.115625 0.028125 0.031250
0 0.729688 0.426563 0.028125 0.028125
0 0.065625 0.289062 0.031250 0.028125
0 0.690625 0.128125 0.031250 0.031250
0 0.712500 0.642188 0.031250 0.028125
0 0.207813 0.906250 0.028125 0.031250
0 0.792188 0.851562 0.028125 0.028125
0 0.576562 0.810937 0.028125 0.028125
0 0.706250 0.932813 0.031250 0.028125
0 0.079687 0.376563 0.028125 0.028125
0 0.707812 0.870313 0.028125 0.028125
0 0.534375 0.960938 0.031250 0.028125
0 0.153125 0.806250 0.031250 0.031250
0 0.706250 0.800000 0.031250 0.031250
0 0.710938 0.837500 0.028125 0.031250
0 0.054688 0.203125 0.028125 0.031250
0 0.495312 0.789062 0.028125 0.028125
0 0.643750 0.731250 0.031250 0.031250
0 0.679688 0.587500 0.028125 0.031250
0 0.671875 0.151562 0.031250 0.028125
0 0.539062 0.920312 0.028125 0.028125
0 0.264062 0.935937 0.028125 0.028125
0 0.640625 0.250000 0.031250 0.031250
0 0.237500 0.565625 0.031250 0.031250
0 0.581250 0.225000 0.031250 0.031250
0 0.737500 0.076563 0.031250 0.028125
0 0.735938 0.753125 0.028125 0.031250
0 0.729688 0.362500 0.028125 0.031250
0 0.639062 0.148438 0.028125 0.028125
0 0.734375 0.720313 0.031250 0.028125
0 0.176563 0.379688 0.028125 0.028125
0 0.126562 0.846875 0.028125 0.031250
0 0.517188 0.873437 0.028125 0.028125
0 0.703125 0.381250 0.031250 0.031250
0 0.460938 0.898438 0.028125 0.028125
0 0.210938 0.679688 0.028125 0.028125
0 0.707812 0.603125 0.028125 0.031250
0 0.117188 0.264062 0.028125 0.028125
0 0.265625 0.584375 0.031250 0.031250
0 0.067187 0.232813 0.028125 0.028125
0 0.239063 0.857812 0.028125 0.028125
0 0.095312 0.732812 0.028125 0.028125
0 0.460938 0.867188 0.028125 0.028125
0 0.210938 0.807813 0.028125 0.028125
0 0.703125 0.704688 0.031250 0.028125
0 0.200000 0.243750 0.031250 0.031250
0 0.160938 0.351562 0.028125 0.028125
0 0.382812 0.170313 0.028125 0.028125
0 0.045312 0.873437 0.028125 0.028125
0 0.379688 0.842187 0.028125 0.028125
0 0.323437 0.517188 0.028125 0.028125
0 0.089063 0.090625 0.028125 0.031250
0 0.378125 0.517188 0.031250 0.028125
0 0.353125 0.340625 0.031250 0.031250
0 0.239063 0.920312 0.028125 0.028125
0 0.264062 0.246875 0.028125 0.031250
0 0.598437 0.831250 0.028125 0.031250
0 0.562500 0.943750 0.031250 0.031250
0 0.739062 0.498437 0.028125 0.028125
0 0.106250 0.490625 0.031250 0.031250
0 0.118750 0.759375 0.031250 0.031250
0 0.048438 0.318750 0.028125 0.031250
0 0.637500 0.635938 0.031250 0.028125
0 0.698438 0.314063 0.028125 0.028125
0 0.376563 0.909375 0.028125 0.031250
0 0.437500 0.820312 0.031250 0.028125
0 0.790625 0.818750 0.031250 0.031250
0 0.523438 0.806250 0.028125 0.031250
0 0.212500 0.842187 0.025000 0.028125
0 0.092188 0.845313 0.028125 0.028125
0 0.664062 0.037500 0.028125 0.031250
0 0.792188 0.362500 0.028125 0.031250
0 0.631250 0.784375 0.031250 0.031250
0 0.267188 0.842187 0.028125 0.028125
0 0.295312 0.923438 0.028125 0.028125
0 0.079687 0.703125 0.028125 0.031250
0 0.739062 0.657813 0.028125 0.028125
0 0.679688 0.750000 0.028125 0.031250
0 0.126562 0.789062 0.028125 0.028125
0 0.642188 0.315625 0.028125 0.031250
0 0.528125 0.707812 0.031250 0.028125
0 0.182812 0.270313 0.028125 0.028125
0 0.153125 0.679688 0.031250 0.028125
0 0.498437 0.695312 0.028125 0.028125
0 0.790625 0.885938 0.031250 0.028125
0 0.048438 0.759375 0.028125 0.031250
0 0.514062 0.935937 0.028125 0.028125
0 0.323437 0.453125 0.028125 0.031250
0 0.095312 0.789062 0.028125 0.028125
0 0.520312 0.839063 0.028125 0.028125
0 0.645312 0.964063 0.028125 0.028125
0 0.670312 0.360938 0.028125 0.028125
0 0.656250 0.803125 0.031250 0.031250
0 0.700000 0.507812 0.031250 0.028125
0 0.764062 0.868750 0.028125 0.031250
0 0.592187 0.931250 0.028125 0.031250
0 0.790625 0.917188 0.031250 0.028125
0 0.600000 0.796875 0.031250 0.031250
0 0.407813 0.764062 0.028125 0.028125
0 0.060937 0.789062 0.028125 0.028125
0 0.262500 0.301563 0.031250 0.028125
0 0.707812 0.571875 0.028125 0.031250
0 0.698438 0.348438 0.028125 0.028125
0 0.182812 0.568750 0.028125 0.031250
0 0.582812 0.707812 0.028125 0.028125
0 0.489063 0.114062 0.028125 0.028125
0 0.679688 0.854688 0.028125 0.028125
0 0.698438 0.282813 0.028125 0.028125
0 0.175000 0.496875 0.031250 0.031250
0 0.176563 0.437500 0.028125 0.031250
0 0.126562 0.601562 0.028125 0.028125
0 0.703125 0.735938 0.031250 0.034375
0 0.295312 0.826562 0.028125 0.028125
0 0.121875 0.696875 0.031250 0.031250
0 0.660937 0.454688 0.028125 0.028125
0 0.350000 0.565625 0.031250 0.031250
0 0.735938 0.917188 0.028125 0.028125
0 0.651563 0.176563 0.028125 0.028125
0 0.021875 0.200000 0.031250 0.031250
0 0.046875 0.817187 0.031250 0.028125
0 0.248438 0.275000 0.028125 0.031250
0 0.545312 0.826562 0.028125 0.028125
0 0.437500 0.143750 0.031250 0.031250
0 0.414062 0.282813 0.028125 0.028125
0 0.582812 0.742188 0.028125 0.028125
0 0.071875 0.173437 0.031250 0.028125
0 0.614062 0.364063 0.028125 0.028125
0 0.706250 0.071875 0.031250 0.031250
0 0.706250 0.768750 0.031250 0.031250
0 0.676562 0.656250 0.028125 0.031250
0 0.351562 0.859375 0.028125 0.031250
0 0.673438 0.393750 0.028125 0.031250
0 0.489063 0.173437 0.028125 0.028125
0 0.473438 0.145313 0.028125 0.028125
0 0.239063 0.889062 0.028125 0.028125
0 0.353125 0.406250 0.031250 0.031250
0 0.182812 0.856250 0.028125 0.031250
0 0.620313 0.120313 0.028125 0.028125
0 0.348438 0.889062 0.028125 0.028125
0 0.767188 0.476562 0.028125 0.028125
0 0.735938 0.620313 0.028125 0.028125
0 0.406250 0.828125 0.031250 0.031250
0 0.642188 0.282813 0.028125 0.028125
0 0.379688 0.876563 0.028125 0.028125
0 0.210938 0.935937 0.028125 0.028125
0 0.435937 0.848437 0.028125 0.028125
0 0.618750 0.946875 0.031250 0.031250
0 0.081250 0.317188 0.031250 0.028125
0 0.087500 0.206250 0.031250 0.031250
0 0.346875 0.959375 0.031250 0.031250
0 0.464062 0.835938 0.028125 0.028125
0 0.414062 0.346875 0.028125 0.031250
0 0.293750 0.468750 0.031250 0.031250
0 0.760938 0.965625 0.028125 0.031250
0 0.320312 0.873437 0.028125 0.028125
0 0.735938 0.817187 0.028125 0.028125
0 0.567187 0.909375 0.028125 0.031250
0 0.612500 0.757812 0.031250 0.028125
0 0.700000 0.445312 0.031250 0.028125
0 0.239063 0.823438 0.028125 0.028125
0 0.379688 0.748437 0.028125 0.028125
0 0.420312 0.170313 0.028125 0.028125
0 0.492188 0.820312 0.028125 0.028125
0 0.671875 0.268750 0.031250 0.031250
0 0.531250 0.317188 0.031250 0.028125
0 0.656250 0.090625 0.031250 0.031250
0 0.231250 0.528125 0.031250 0.031250
0 0.112500 0.378125 0.031250 0.031250
0 0.600000 0.200000 0.031250 0.031250
0 0.646875 0.571875 0.031250 0.031250
0 0.159375 0.907813 0.031250 0.028125
0 0.379688 0.485938 0.028125 0.028125
0 0.150000 0.267188 0.031250 0.028125
0 0.323437 0.907813 0.028125 0.028125
0 0.404687 0.598437 0.028125 0.028125
0 0.614062 0.268750 0.028125 0.031250
0 0.235937 0.954688 0.028125 0.028125
0 0.242188 0.760938 0.028125 0.028125
0 0.379688 0.781250 0.028125 0.031250
0 0.210938 0.382812 0.028125 0.028125
0 0.348438 0.226562 0.028125 0.028125
0 0.585938 0.256250 0.028125 0.031250
0 0.640625 0.540625 0.031250 0.031250
0 0.379688 0.714063 0.028125 0.028125
0 0.296875 0.564063 0.031250 0.028125
0 0.184375 0.528125 0.031250 0.031250
0 0.554688 0.364063 0.028125 0.028125
0 0.626563 0.851562 0.028125 0.028125
0 0.325000 0.360938 0.031250 0.028125
0 0.392188 0.259375 0.028125 0.031250
0 0.560937 0.201563 0.028125 0.028125
0 0.695312 0.040625 0.028125 0.031250
0 0.145313 0.381250 0.028125 0.031250
0 0.098437 0.553125 0.028125 0.031250
0 0.295312 0.892188 0.028125 0.028125
0 0.554688 0.757812 0.028125 0.028125
0 0.182812 0.760938 0.028125 0.028125
0 0.182812 0.885938 0.028125 0.028125
0 0.685937 0.623437 0.028125 0.028125
0 0.742188 0.204687 0.028125 0.028125
0 0.618750 0.175000 0.031250 0.031250
0 0.687500 0.096875 0.031250 0.031250
0 0.504687 0.140625 0.028125 0.031250
0 0.064062 0.673438 0.028125 0.028125
0 0.492188 0.851562 0.028125 0.028125
0 0.270313 0.776563 0.028125 0.028125
0 0.682813 0.821875 0.028125 0.031250
0 0.096875 0.346875 0.031250 0.031250
0 0.167187 0.240625 0.028125 0.031250
0 0.029687 0.845313 0.028125 0.028125
0 0.050000 0.259375 0.031250 0.031250
0 0.632812 0.032813 0.028125 0.028125
0 0.045312 0.375000 0.028125 0.031250
0 0.676562 0.917188 0.028125 0.028125
0 0.234375 0.245312 0.031250 0.028125
0 0.439063 0.789062 0.028125 0.028125
0 0.128125 0.348438 0.031250 0.028125
0 0.060937 0.845313 0.028125 0.028125
0 0.650000 0.667188 0.031250 0.028125
0 0.551562 0.790625 0.028125 0.031250
0 0.795312 0.689063 0.028125 0.028125
0 0.112500 0.817187 0.031250 0.028125
0 0.292187 0.857812 0.028125 0.028125
0 0.215625 0.218750 0.031250 0.031250
0 0.495312 0.548438 0.028125 0.028125
0 0.406250 0.860938 0.031250 0.028125
0 0.614062 0.332813 0.028125 0.028125
0 0.267188 0.681250 0.028125 0.031250
0 0.585938 0.285938 0.028125 0.028125
0 0.676562 0.951562 0.028125 0.028125
0 0.323437 0.485938 0.028125 0.028125
0 0.159375 0.462500 0.031250 0.031250
0 0.407813 0.795312 0.028125 0.028125
0 0.725000 0.329688 0.031250 0.028125
0 0.706250 0.901563 0.025000 0.028125
0 0.056250 0.087500 0.031250 0.031250
0 0.210938 0.873437 0.028125 0.028125
0 0.610938 0.235937 0.028125 0.028125
0 0.320312 0.842187 0.028125 0.028125
0 0.614062 0.695312 0.028125 0.028125
0 0.725000 0.268750 0.031250 0.031250
0 0.239063 0.664062 0.028125 0.028125
0 0.182812 0.632812 0.028125 0.028125
0 0.764062 0.768750 0.028125 0.031250
0 0.179688 0.932813 0.028125 0.028125
0 0.404687 0.893750 0.028125 0.031250
0 0.456250 0.118750 0.031250 0.031250
0 0.551562 0.393750 0.028125 0.031250
0 0.060937 0.901563 0.028125 0.028125
0 0.159375 0.409375 0.031250 0.031250
0 0.760938 0.267188 0.028125 0.028125
0 0.765625 0.440625 0.031250 0.031250
0 0.489063 0.885938 0.028125 0.028125
0 0.035937 0.171875 0.028125 0.031250
0 0.764062 0.932813 0.028125 0.028125
0 0.764062 0.704688 0.028125 0.028125
0 0.539062 0.142187 0.028125 0.028125
0 0.439063 0.757812 0.028125 0.028125
0 0.614062 0.060937 0.028125 0.028125
0 0.525000 0.675000 0.031250 0.031250
0 0.156250 0.582812 0.031250 0.028125
0 0.620313 0.914062 0.028125 0.028125
0 0.264062 0.904687 0.028125 0.028125
0 0.376563 0.975000 0.034375 0.031250
0 0.192188 0.467187 0.028125 0.028125
0 0.787500 0.396875 0.031250 0.031250
0 0.498437 0.517188 0.028125 0.028125
0 0.734375 0.689063 0.031250 0.028125
0 0.356250 0.309375 0.031250 0.031250
0 0.784375 0.328125 0.031250 0.031250
0 0.096875 0.675000 0.031250 0.031250
0 0.379688 0.228125 0.028125 0.031250
0 0.662500 0.209375 0.031250 0.031250
0 0.021875 0.142187 0.031250 0.028125
0 0.723437 0.134375 0.028125 0.031250
0 0.698438 0.251563 0.028125 0.028125
0 0.215625 0.273438 0.031250 0.028125
0 0.095312 0.959375 0.028125 0.031250
0 0.382812 0.423438 0.028125 0.028125
0 0.598437 0.895312 0.028125 0.028125
0 0.295312 0.760938 0.028125 0.028125
0 0.157812 0.839063 0.028125 0.028125
0 0.126562 0.567187 0.028125 0.028125
0 0.523438 0.742188 0.028125 0.028125
0 0.228125 0.414062 0.031250 0.028125
0 0.703125 0.965625 0.031250 0.031250
0 0.295312 0.954688 0.028125 0.028125
0 0.032813 0.343750 0.028125 0.031250
0 0.265625 0.550000 0.031250 0.031250
0 0.367188 0.198437 0.028125 0.028125
0 0.759375 0.410938 0.031250 0.028125
0 0.676562 0.068750 0.028125 0.031250
0 0.610938 0.726562 0.028125 0.028125
0 0.731250 0.528125 0.031250 0.031250
0 0.267188 0.648438 0.028125 0.028125
0 0.759375 0.378125 0.031250 0.031250
0 0.145313 0.323437 0.028125 0.028125
0 0.409375 0.409375 0.031250 0.031250
0 0.185938 0.821875 0.028125 0.031250
0 0.676562 0.556250 0.028125 0.031250
0 0.142187 0.435937 0.028125 0.028125
0 0.210938 0.776563 0.028125 0.028125
0 0.323437 0.810937 0.028125 0.028125
0 0.353125 0.435937 0.031250 0.028125
0 0.795312 0.525000 0.028125 0.031250
0 0.767188 0.673438 0.028125 0.028125
0 0.585938 0.379688 0.028125 0.028125
0 0.729688 0.395313 0.028125 0.028125
0 0.060937 0.731250 0.028125 0.031250
0 0.498437 0.726562 0.028125 0.028125
0 0.406250 0.532813 0.031250 0.028125
0 0.379688 0.810937 0.028125 0.028125
0 0.415625 0.314063 0.031250 0.028125
0 0.467187 0.743750 0.028125 0.031250
0 0.495312 0.395313 0.028125 0.028125
0 0.310937 0.279687 0.028125 0.028125
0 0.382812 0.392188 0.028125 0.028125
0 0.740625 0.459375 0.031250 0.031250
0 0.764062 0.735938 0.028125 0.028125
0 0.618750 0.660937 0.031250 0.028125
0 0.409375 0.471875 0.031250 0.031250
0 0.351562 0.764062 0.028125 0.028125
0 0.434375 0.196875 0.031250 0.031250
0 0.210938 0.440625 0.028125 0.031250
0 0.292187 0.360938 0.028125 0.028125
0 0.239063 0.632812 0.028125 0.028125
0 0.210938 0.710938 0.028125 0.028125
0 0.650000 0.762500 0.031250 0.031250
0 0.614062 0.395313 0.028125 0.028125
0 0.029687 0.789062 0.028125 0.028125
0 0.495312 0.664062 0.028125 0.028125
0 0.442188 0.331250 0.028125 0.031250
0 0.351562 0.795312 0.028125 0.028125
0 0.610938 0.556250 0.028125 0.031250
0 0.762500 0.801562 0.031250 0.028125
0 0.467187 0.804688 0.028125 0.028125
0 0.623437 0.882812 0.028125 0.028125
0 0.650000 0.900000 0.031250 0.031250
0 0.079687 0.929688 0.028125 0.028125
0 0.325000 0.778125 0.031250 0.031250
0 0.064062 0.346875 0.028125 0.031250
0 0.293750 0.532813 0.031250 0.028125
0 0.160938 0.960938 0.028125 0.028125
0 0.557813 0.332813 0.028125 0.028125
0 0.129688 0.295312 0.028125 0.028125
0 0.279687 0.275000 0.028125 0.031250
0 0.239063 0.696875 0.028125 0.031250
0 0.451562 0.170313 0.028125 0.028125
0 0.675000 0.687500 0.025000 0.025000
0 0.192188 0.353125 0.028125 0.031250
0 0.557813 0.301563 0.028125 0.028125
0 0.087500 0.146875 0.031250 0.031250
0 0.407813 0.731250 0.028125 0.031250
0 0.703125 0.537500 0.031250 0.031250
0 0.531250 0.284375 0.031250 0.031250
0 0.764062 0.901563 0.028125 0.028125
0 0.562500 0.664062 0.031250 0.028125
0 0.614062 0.298438 0.028125 0.028125
0 0.210938 0.550000 0.028125 0.031250
0 0.239063 0.795312 0.028125 0.028125
0 0.673438 0.425000 0.028125 0.031250
0 0.421875 0.253125 0.031250 0.031250
0 0.790625 0.948438 0.031250 0.028125
0 0.743750 0.240625 0.031250 0.031250
0 0.603125 0.145313 0.031250 0.028125
0 0.351562 0.826562 0.028125 0.028125
0 0.662500 0.493750 0.031250 0.031250
0 0.642188 0.378125 0.028125 0.031250
0 0.529687 0.348438 0.028125 0.028125
0 0.154688 0.743750 0.028125 0.031250
0 0.120313 0.151562 0.028125 0.028125
0 0.042188 0.056250 0.028125 0.031250
0 0.265625 0.970313 0.031250 0.028125
0 0.335938 0.142187 0.028125 0.028125
0 0.165625 0.298438 0.031250 0.028125
0 0.525000 0.534375 0.031250 0.031250
0 0.210938 0.648438 0.028125 0.028125
0 0.154688 0.518750 0.028125 0.031250
0 0.443750 0.228125 0.031250 0.031250
0 0.440625 0.518750 0.031250 0.031250
0 0.104688 0.120313 0.028125 0.028125
0 0.268750 0.807813 0.025000 0.028125
0 0.654687 0.835938 0.028125 0.028125
0 0.331250 0.253125 0.031250 0.031250
0 0.617188 0.978125 0.028125 0.031250
0 0.095312 0.901563 0.028125 0.028125
0 0.467187 0.532813 0.028125 0.028125
0 0.353125 0.467187 0.031250 0.028125
0 0.029687 0.900000 0.028125 0.031250
0 0.770312 0.507812 0.028125 0.028125
0 0.501563 0.301563 0.028125 0.028125
0 0.585938 0.348438 0.028125 0.028125
0 0.518750 0.592187 0.031250 0.028125
0 0.717187 0.226562 0.028125 0.028125
0 0.671875 0.525000 0.031250 0.031250
0 0.134375 0.239063 0.031250 0.028125
0 0.379688 0.581250 0.028125 0.031250
0 0.023438 0.082812 0.028125 0.028125
0 0.735938 0.785937 0.028125 0.028125
0 0.401562 0.145313 0.028125 0.028125
0 0.095312 0.404687 0.028125 0.028125
0 0.764062 0.540625 0.028125 0.031250
0 0.126562 0.535937 0.028125 0.028125
0 0.323437 0.548438 0.028125 0.028125
0 0.650000 0.931250 0.031250 0.031250
0 0.589063 0.960938 0.028125 0.028125
0 0.818750 0.671875 0.031250 0.031250
0 0.643750 0.060937 0.025000 0.028125
0 0.712500 0.195312 0.031250 0.028125
0 0.468750 0.196875 0.031250 0.031250
0 0.262500 0.517188 0.031250 0.028125
0 0.404687 0.926562 0.028125 0.028125
0 0.504687 0.239063 0.028125 0.028125
0 0.093750 0.457813 0.031250 0.028125
0 0.818750 0.934375 0.031250 0.031250
0 0.670312 0.331250 0.028125 0.031250
0 0.154688 0.775000 0.028125 0.031250
0 0.465625 0.470313 0.031250 0.028125
0 0.126562 0.462500 0.028125 0.031250
0 0.210938 0.582812 0.028125 0.028125
0 0.075000 0.490625 0.031250 0.031250
0 0.320312 0.168750 0.028125 0.031250
0 0.584375 0.173437 0.031250 0.028125
0 0.101562 0.235937 0.028125 0.028125
0 0.351562 0.501563 0.028125 0.028125
0 0.501563 0.332813 0.028125 0.028125
0 0.795312 0.268750 0.028125 0.031250
0 0.432812 0.579688 0.028125 0.028125
0 0.717187 0.103125 0.028125 0.031250
0 0.200000 0.189062 0.031250 0.028125
0 0.548438 0.582812 0.028125 0.028125
0 0.098437 0.520312 0.028125 0.028125
0 0.535937 0.614062 0.028125 0.028125
0 0.439063 0.485938 0.028125 0.028125
0 0.035937 0.231250 0.028125 0.031250
0 0.756250 0.318750 0.031250 0.031250
0 0.432812 0.879687 0.028125 0.028125
0 0.687500 0.475000 0.031250 0.031250
0 0.582812 0.473438 0.028125 0.028125
0 0.487500 0.917188 0.025000 0.028125
0 0.354687 0.373437 0.028125 0.028125
0 0.275000 0.389062 0.025000 0.028125
0 0.525000 0.503125 0.031250 0.031250
0 0.760938 0.051562 0.028125 0.028125
0 0.410938 0.378125 0.028125 0.031250
0 0.467187 0.773438 0.028125 0.028125
0 0.554688 0.726562 0.028125 0.028125
0 0.360938 0.254688 0.028125 0.028125
0 0.818750 0.901563 0.031250 0.034375
0 0.739062 0.854688 0.028125 0.028125
0 0.114062 0.318750 0.028125 0.031250
0 0.400000 0.196875 0.031250 0.031250
0 0.276562 0.332813 0.028125 0.028125
0 0.068750 0.528125 0.031250 0.031250
0 0.126562 0.726562 0.028125 0.028125
0 0.553125 0.487500 0.031250 0.031250
0 0.779687 0.296875 0.028125 0.031250
0 0.439063 0.728125 0.028125 0.031250
0 0.554688 0.518750 0.028125 0.031250
0 0.104688 0.062500 0.028125 0.031250
0 0.351562 0.170313 0.028125 0.028125
0 0.587500 0.120313 0.031250 0.028125
0 0.064062 0.959375 0.028125 0.031250
0 0.534375 0.646875 0.031250 0.031250
0 0.250000 0.220312 0.031250 0.028125
0 0.759375 0.350000 0.031250 0.031250
0 0.332813 0.198437 0.028125 0.028125
0 0.471875 0.317188 0.031250 0.028125
0 0.657813 0.612500 0.028125 0.031250
0 0.126562 0.665625 0.028125 0.031250
0 0.292187 0.498437 0.028125 0.028125
0 0.042188 0.112500 0.028125 0.031250
0 0.421875 0.118750 0.031250 0.031250
0 0.103125 0.176563 0.031250 0.028125
0 0.556250 0.695312 0.031250 0.028125
0 0.671875 0.300000 0.031250 0.031250
0 0.321875 0.973437 0.031250 0.028125
0 0.193750 0.962500 0.031250 0.031250
0 0.206250 0.496875 0.031250 0.031250
0 0.323437 0.745313 0.028125 0.028125
0 0.532813 0.226562 0.028125 0.028125
0 0.464062 0.592187 0.028125 0.028125
0 0.435937 0.607812 0.028125 0.028125
0 0.587500 0.317188 0.031250 0.028125
0 0.348438 0.923438 0.028125 0.028125
0 0.732812 0.948438 0.028125 0.028125
0 0.315625 0.223438 0.031250 0.028125
0 0.609375 0.426563 0.031250 0.028125
0 0.435937 0.456250 0.028125 0.031250
0 0.076563 0.873437 0.028125 0.028125
0 0.343750 0.282813 0.031250 0.028125
0 0.645312 0.409375 0.028125 0.031250
0 0.745313 0.106250 0.028125 0.031250
0 0.609375 0.525000 0.031250 0.031250
0 0.128125 0.901563 0.031250 0.028125
0 0.635938 0.439063 0.028125 0.028125
0 0.237500 0.601562 0.031250 0.028125
0 0.589063 0.676562 0.028125 0.028125
0 0.429688 0.942187 0.028125 0.028125
0 0.503125 0.270313 0.031250 0.028125
0 0.792188 0.554688 0.028125 0.028125
0 0.796875 0.040625 0.031250 0.031250
0 0.671875 0.240625 0.031250 0.031250
0 0.645312 0.698438 0.028125 0.028125
0 0.768750 0.082812 0.031250 0.028125
0 0.534375 0.087500 0.031250 0.031250
0 0.818750 0.868750 0.031250 0.031250
0 0.128125 0.962500 0.031250 0.031250
0 0.073438 0.059375 0.028125 0.031250
0 0.626563 0.089063 0.028125 0.028125
0 0.379688 0.454688 0.028125 0.028125
0 0.195312 0.300000 0.028125 0.031250
0 0.528125 0.196875 0.031250 0.031250
0 0.631250 0.212500 0.031250 0.031250
0 0.409375 0.501563 0.031250 0.028125
0 0.195312 0.410938 0.028125 0.028125
0 0.703125 0.410938 0.031250 0.028125
0 0.462500 0.564063 0.031250 0.028125
0 0.673438 0.717187 0.028125 0.028125
0 0.373437 0.940625 0.028125 0.031250
0 0.045312 0.929688 0.028125 0.028125
0 0.523438 0.114062 0.028125 0.028125
0 0.370312 0.142187 0.028125 0.028125
0 0.309375 0.390625 0.031250 0.031250
0 0.351562 0.534375 0.028125 0.031250
0 0.470313 0.346875 0.028125 0.031250
0 0.354687 0.110937 0.028125 0.028125
0 0.242188 0.385937 0.028125 0.028125
0 0.260937 0.414062 0.028125 0.028125
0 0.295312 0.795312 0.028125 0.028125
0 0.110937 0.873437 0.028125 0.028125
0 0.514062 0.904687 0.028125 0.028125
0 0.223438 0.470313 0.028125 0.028125
0 0.268750 0.745313 0.031250 0.028125
0 0.735938 0.882812 0.028125 0.028125
0 0.410938 0.223438 0.028125 0.028125
0 0.765625 0.165625 0.031250 0.031250
0 0.018750 0.259375 0.031250 0.031250
0 0.028125 0.459375 0.031250 0.031250
0 0.309375 0.332813 0.031250 0.028125
0 0.267188 0.714063 0.028125 0.028125
0 0.796875 0.171875 0.031250 0.031250
0 0.060937 0.404687 0.028125 0.028125
0 0.557813 0.270313 0.028125 0.028125
0 0.582812 0.445312 0.028125 0.028125
0 0.551562 0.170313 0.028125 0.028125
0 0.351562 0.729688 0.028125 0.028125
0 0.320312 0.939063 0.028125 0.028125
0 0.525000 0.775000 0.031250 0.031250
0 0.182812 0.214062 0.028125 0.028125
0 0.323437 0.112500 0.028125 0.031250
0 0.295312 0.696875 0.028125 0.031250
0 0.435937 0.548438 0.028125 0.028125
0 0.473438 0.226562 0.028125 0.028125
0 0.579688 0.410938 0.028125 0.028125
0 0.350000 0.600000 0.031250 0.031250
0 0.590625 0.648438 0.031250 0.028125
0 0.498437 0.757812 0.028125 0.028125
0 0.406250 0.565625 0.031250 0.031250
0 0.795312 0.492188 0.028125 0.028125
0 0.056250 0.142187 0.031250 0.028125
0 0.492188 0.576562 0.028125 0.028125
0 0.798438 0.140625 0.034375 0.031250
0 0.467187 0.409375 0.028125 0.031250
0 0.500000 0.209375 0.031250 0.031250
0 0.560937 0.978125 0.028125 0.031250
0 0.179688 0.326562 0.028125 0.028125
0 0.498437 0.364063 0.028125 0.028125
0 0.323437 0.714063 0.028125 0.028125
0 0.037500 0.646875 0.031250 0.031250
0 0.298438 0.729688 0.028125 0.028125
0 0.239063 0.728125 0.028125 0.031250
0 0.439063 0.093750 0.028125 0.031250
0 0.739062 0.589063 0.028125 0.028125
0 0.096875 0.640625 0.031250 0.031250
0 0.795312 0.460938 0.028125 0.028125
0 0.304688 0.139063 0.028125 0.028125
0 0.440625 0.393750 0.031250 0.031250
0 0.473438 0.285938 0.028125 0.028125
0 0.406250 0.696875 0.031250 0.031250
0 0.259375 0.471875 0.031250 0.031250
0 0.448437 0.267188 0.028125 0.028125
0 0.796875 0.071875 0.031250 0.031250
0 0.606250 0.618750 0.031250 0.031250
0 0.631250 0.600000 0.031250 0.031250
0 0.128125 0.634375 0.031250 0.031250
0 0.651563 0.868750 0.028125 0.025000
0 0.154688 0.710938 0.028125 0.028125
0 0.079687 0.609375 0.028125 0.031250
0 0.468750 0.503125 0.031250 0.031250
0 0.573438 0.601562 0.028125 0.028125
0 0.153125 0.553125 0.031250 0.031250
0 0.135937 0.126562 0.028125 0.028125
0 0.403125 0.629687 0.031250 0.028125
0 0.440625 0.364063 0.031250 0.028125
0 0.526563 0.409375 0.028125 0.025000
0 0.523438 0.379688 0.028125 0.028125
0 0.503125 0.087500 0.031250 0.031250
0 0.564063 0.632812 0.028125 0.028125
0 0.295312 0.306250 0.028125 0.031250
0 0.642188 0.346875 0.028125 0.031250
0 0.439063 0.425000 0.028125 0.031250
0 0.595313 0.089063 0.028125 0.028125
0 0.571875 0.143750 0.031250 0.031250
0 0.045312 0.704688 0.028125 0.028125
0 0.582812 0.504687 0.028125 0.028125
0 0.267188 0.617188 0.028125 0.028125
0 0.582812 0.773438 0.028125 0.028125
0 0.031250 0.678125 0.031250 0.031250
0 0.676562 0.882812 0.028125 0.028125
0 0.520312 0.168750 0.028125 0.031250
0 0.495312 0.426563 0.028125 0.028125
0 0.098437 0.292187 0.028125 0.028125
0 0.793750 0.104688 0.031250 0.028125
0 0.029687 0.732812 0.028125 0.028125
0 0.717187 0.476562 0.028125 0.028125
0 0.506250 0.634375 0.031250 0.031250
0 0.409375 0.440625 0.031250 0.031250
0 0.429688 0.910937 0.028125 0.028125
0 0.523438 0.442188 0.028125 0.028125
0 0.598437 0.029687 0.028125 0.028125
0 0.576562 0.571875 0.028125 0.031250
0 0.128125 0.404687 0.025000 0.028125
0 0.112500 0.931250 0.025000 0.025000
0 0.492188 0.607812 0.028125 0.028125
0 0.210938 0.614062 0.028125 0.028125
0 0.292187 0.420312 0.028125 0.028125
0 0.456250 0.962500 0.031250 0.031250
0 0.182812 0.695312 0.028125 0.028125
0 0.768750 0.023438 0.031250 0.028125
0 0.182812 0.601562 0.028125 0.028125
0 0.428125 0.975000 0.031250 0.031250
0 0.031250 0.957812 0.031250 0.028125
0 0.228125 0.301563 0.025000 0.028125
0 0.467187 0.712500 0.028125 0.031250
0 0.073438 0.118750 0.028125 0.031250
0 0.295312 0.598437 0.028125 0.028125
0 0.503125 0.975000 0.031250 0.031250
0 0.565625 0.087500 0.031250 0.031250
0 0.554688 0.429688 0.028125 0.028125
0 0.579688 0.539062 0.028125 0.028125
0 0.264062 0.873437 0.028125 0.028125
0 0.551562 0.551562 0.028125 0.028125
0 0.125000 0.034375 0.031250 0.031250
0 0.468750 0.439063 0.031250 0.028125
0 0.273438 0.442188 0.028125 0.028125
0 0.796875 0.203125 0.031250 0.031250
0 0.793750 0.428125 0.031250 0.031250
0 0.143750 0.935937 0.025000 0.028125
0 0.435937 0.639062 0.028125 0.028125
0 0.326562 0.307812 0.028125 0.028125
0 0.325000 0.418750 0.031250 0.031250
0 0.464062 0.623437 0.028125 0.028125
0 0.467187 0.378125 0.028125 0.031250
0 0.821875 0.475000 0.031250 0.031250
0 0.550000 0.056250 0.031250 0.031250
0 0.603125 0.587500 0.031250 0.031250
0 0.293750 0.631250 0.031250 0.031250
0 0.523438 0.473438 0.028125 0.028125
0 0.379688 0.550000 0.028125 0.031250
0 0.182812 0.664062 0.028125 0.028125
0 0.242188 0.442188 0.028125 0.028125
0 0.301563 0.248438 0.028125 0.028125
0 0.581250 0.057813 0.025000 0.028125
0 0.282813 0.221875 0.028125 0.031250
0 0.385937 0.114062 0.028125 0.028125
0 0.612500 0.489063 0.025000 0.028125
0 0.484375 0.948438 0.031250 0.028125
0 0.046875 0.618750 0.031250 0.031250
0 0.821875 0.540625 0.031250 0.031250
0 0.635938 0.510938 0.028125 0.028125
0 0.439063 0.698438 0.028125 0.028125
0 0.185938 0.790625 0.028125 0.031250
0 0.823438 0.021875 0.028125 0.031250
0 0.792188 0.656250 0.028125 0.031250
0 0.378125 0.681250 0.031250 0.031250
0 0.065625 0.642188 0.031250 0.028125
0 0.726562 0.298438 0.028125 0.028125
0 0.495312 0.487500 0.028125 0.031250
0 0.026562 0.028125 0.034375 0.031250
0 0.635938 0.473438 0.028125 0.028125
0 0.043750 0.485938 0.031250 0.028125
0 0.821875 0.834375 0.031250 0.031250
0 0.790625 0.721875 0.031250 0.031250
0 0.825000 0.284375 0.031250 0.031250
0 0.470313 0.087500 0.028125 0.031250
0 0.320312 0.582812 0.028125 0.028125
0 0.818750 0.965625 0.031250 0.031250
0 0.823438 0.089063 0.028125 0.028125
0 0.090625 0.031250 0.031250 0.031250
0 0.825000 0.218750 0.031250 0.031250
0 0.239063 0.498437 0.028125 0.028125
0 0.118750 0.210938 0.031250 0.028125
0 0.464062 0.654687 0.028125 0.028125
0 0.342187 0.081250 0.028125 0.031250
0 0.257812 0.057813 0.028125 0.028125
0 0.059375 0.031250 0.031250 0.031250
0 0.820312 0.707812 0.034375 0.034375
0 0.456250 0.931250 0.025000 0.025000
0 0.765625 0.131250 0.031250 0.031250
0 0.290625 0.112500 0.031250 0.031250
0 0.351562 0.698438 0.028125 0.028125
0 0.260937 0.359375 0.028125 0.025000
0 0.101562 0.585938 0.028125 0.028125
0 0.765625 0.637500 0.031250 0.031250
0 0.467187 0.682813 0.028125 0.028125
0 0.110937 0.429688 0.028125 0.028125
0 0.154688 0.617188 0.028125 0.028125
0 0.120313 0.095312 0.028125 0.028125
0 0.404687 0.956250 0.028125 0.031250
0 0.404687 0.664062 0.028125 0.028125
0 0.256250 0.112500 0.031250 0.031250
0 0.029687 0.400000 0.028125 0.031250
0 0.017188 0.759375 0.028125 0.031250
0 0.540625 0.892188 0.025000 0.028125
0 0.610938 0.457813 0.028125 0.028125
0 0.825000 0.253125 0.031250 0.031250
0 0.182812 0.160938 0.028125 0.028125
0 0.323437 0.682813 0.028125 0.028125
0 0.821875 0.348438 0.031250 0.034375
0 0.820312 0.804688 0.034375 0.034375
0 0.821875 0.381250 0.031250 0.031250
0 0.239063 0.085938 0.028125 0.028125
0 0.439063 0.670312 0.028125 0.028125
0 0.518750 0.060937 0.025000 0.028125
0 0.070312 0.560937 0.028125 0.028125
0 0.821875 0.317188 0.031250 0.034375
0 0.503125 0.034375 0.031250 0.031250
0 0.535937 0.029687 0.028125 0.028125
0 0.326562 0.018750 0.028125 0.031250
0 0.231250 0.190625 0.031250 0.031250
0 0.735938 0.560937 0.028125 0.028125
0 0.270313 0.089063 0.028125 0.028125
0 0.028125 0.515625 0.031250 0.031250
0 0.731250 0.978125 0.025000 0.025000
0 0.182812 0.726562 0.028125 0.028125
0 0.151562 0.156250 0.028125 0.025000
