0 0.081250 0.893750 0.031250 0.031250
0 0.785937 0.250000 0.028125 0.031250
0 0.068750 0.234375 0.031250 0.031250
0 0.064062 0.865625 0.028125 0.031250
0 0.756250 0.267188 0.031250 0.028125
0 0.240625 0.896875 0.031250 0.031250
0 0.048438 0.896875 0.028125 0.031250
0 0.440625 0.246875 0.031250 0.031250
0 0.756250 0.231250 0.031250 0.031250
0 0.037500 0.678125 0.031250 0.031250
0 0.551562 0.376563 0.028125 0.028125
0 0.470313 0.167187 0.028125 0.028125
0 0.039062 0.607812 0.028125 0.028125
0 0.042188 0.642188 0.028125 0.028125
0 0.498437 0.217188 0.028125 0.028125
0 0.787500 0.215625 0.031250 0.031250
0 0.260937 0.865625 0.034375 0.031250
0 0.757812 0.103125 0.028125 0.031250
0 0.815625 0.265625 0.031250 0.031250
0 0.228125 0.865625 0.031250 0.031250
0 0.237500 0.068750 0.031250 0.031250
0 0.356250 0.917188 0.031250 0.034375
0 0.218750 0.706250 0.031250 0.031250
0 0.584375 0.750000 0.031250 0.031250
0 0.245312 0.721875 0.028125 0.031250
0 0.275000 0.898438 0.031250 0.028125
0 0.442188 0.184375 0.028125 0.031250
0 0.582812 0.265625 0.028125 0.031250
0 0.554688 0.312500 0.028125 0.031250
0 0.245312 0.689063 0.028125 0.028125
0 0.039062 0.218750 0.028125 0.031250
0 0.785937 0.282813 0.028125 0.028125
0 0.068750 0.662500 0.031250 0.031250
0 0.667188 0.085938 0.028125 0.028125
0 0.146875 0.896875 0.031250 0.031250
0 0.096875 0.807813 0.031250 0.028125
0 0.301563 0.589063 0.028125 0.028125
0 0.581250 0.329688 0.031250 0.028125
0 0.115625 0.781250 0.031250 0.031250
0 0.037500 0.251563 0.031250 0.028125
0 0.526563 0.232813 0.028125 0.028125
0 0.162500 0.865625 0.031250 0.031250
0 0.785937 0.346875 0.028125 0.031250
0 0.495312 0.376563 0.028125 0.028125
0 0.417187 0.779687 0.028125 0.028125
0 0.412500 0.296875 0.031250 0.031250
0 0.071875 0.462500 0.031250 0.031250
0 0.753125 0.423438 0.031250 0.028125
0 0.096875 0.643750 0.031250 0.031250
0 0.321875 0.925000 0.031250 0.031250
0 0.301563 0.687500 0.028125 0.031250
0 0.728125 0.151562 0.031250 0.028125
0 0.050000 0.778125 0.031250 0.031250
0 0.498437 0.539062 0.028125 0.028125
0 0.642188 0.135937 0.028125 0.028125
0 0.757812 0.359375 0.028125 0.031250
0 0.300000 0.720313 0.031250 0.028125
0 0.496875 0.150000 0.031250 0.031250
0 0.417187 0.810937 0.028125 0.028125
0 0.815625 0.298438 0.031250 0.028125
0 0.354687 0.360938 0.028125 0.028125
0 0.409375 0.329688 0.031250 0.028125
0 0.468750 0.265625 0.031250 0.031250
0 0.157812 0.775000 0.028125 0.031250
0 0.042188 0.575000 0.028125 0.031250
0 0.389062 0.796875 0.028125 0.031250
0 0.387500 0.765625 0.031250 0.031250
0 0.131250 0.868750 0.031250 0.031250
0 0.440625 0.217188 0.031250 0.028125
0 0.465625 0.360938 0.031250 0.028125
0 0.612500 0.729688 0.031250 0.028125
0 0.581250 0.298438 0.031250 0.028125
0 0.245312 0.654687 0.028125 0.028125
0 0.068750 0.693750 0.031250 0.031250
0 0.589063 0.782813 0.028125 0.028125
0 0.498437 0.440625 0.028125 0.031250
0 0.468750 0.296875 0.031250 0.031250
0 0.071875 0.526563 0.031250 0.028125
0 0.354687 0.295312 0.028125 0.028125
0 0.700000 0.098437 0.031250 0.028125
0 0.525000 0.265625 0.031250 0.031250
0 0.582812 0.201563 0.028125 0.028125
0 0.554688 0.215625 0.028125 0.031250
0 0.470313 0.231250 0.028125 0.031250
0 0.359375 0.781250 0.031250 0.031250
0 0.759375 0.167187 0.031250 0.028125
0 0.032813 0.925000 0.034375 0.031250
0 0.526563 0.201563 0.028125 0.028125
0 0.498437 0.473438 0.028125 0.028125
0 0.470313 0.201563 0.028125 0.028125
0 0.554688 0.278125 0.028125 0.031250
0 0.115625 0.837500 0.031250 0.031250
0 0.640625 0.293750 0.031250 0.031250
0 0.178125 0.893750 0.031250 0.031250
0 0.787500 0.118750 0.031250 0.031250
0 0.442188 0.701562 0.028125 0.028125
0 0.498437 0.182812 0.028125 0.028125
0 0.470313 0.685937 0.028125 0.028125
0 0.256250 0.928125 0.031250 0.031250
0 0.071875 0.493750 0.031250 0.031250
0 0.584375 0.715625 0.031250 0.031250
0 0.267188 0.051562 0.028125 0.028125
0 0.068750 0.200000 0.031250 0.031250
0 0.357812 0.621875 0.028125 0.031250
0 0.301563 0.653125 0.028125 0.031250
0 0.387500 0.829688 0.031250 0.028125
0 0.034375 0.750000 0.031250 0.031250
0 0.331250 0.796875 0.031250 0.031250
0 0.725000 0.214062 0.031250 0.028125
0 0.387500 0.700000 0.031250 0.031250
0 0.498437 0.342187 0.028125 0.028125
0 0.098437 0.607812 0.028125 0.028125
0 0.750000 0.456250 0.031250 0.031250
0 0.115625 0.725000 0.031250 0.031250
0 0.095312 0.182812 0.028125 0.028125
0 0.756250 0.323437 0.031250 0.034375
0 0.181250 0.837500 0.031250 0.031250
0 0.095312 0.315625 0.028125 0.031250
0 0.439063 0.314063 0.028125 0.028125
0 0.032813 0.806250 0.028125 0.031250
0 0.610938 0.182812 0.028125 0.028125
0 0.610938 0.215625 0.028125 0.031250
0 0.500000 0.734375 0.031250 0.031250
0 0.581250 0.360938 0.031250 0.028125
0 0.070312 0.623437 0.028125 0.028125
0 0.498437 0.668750 0.028125 0.031250
0 0.498437 0.279687 0.028125 0.028125
0 0.414062 0.134375 0.028125 0.031250
0 0.445312 0.734375 0.028125 0.031250
0 0.440625 0.151562 0.031250 0.028125
0 0.209375 0.896875 0.031250 0.031250
0 0.582812 0.234375 0.028125 0.031250
0 0.037500 0.118750 0.031250 0.031250
0 0.609375 0.403125 0.031250 0.031250
0 0.815625 0.234375 0.031250 0.031250
0 0.709375 0.704688 0.031250 0.028125
0 0.610938 0.281250 0.028125 0.031250
0 0.668750 0.118750 0.031250 0.031250
0 0.095312 0.151562 0.028125 0.028125
0 0.245312 0.754687 0.028125 0.028125
0 0.410938 0.264062 0.028125 0.028125
0 0.153125 0.053125 0.031250 0.031250
0 0.553125 0.734375 0.031250 0.031250
0 0.331250 0.860938 0.031250 0.028125
0 0.210938 0.087500 0.028125 0.031250
0 0.785937 0.314063 0.028125 0.028125
0 0.112500 0.898438 0.031250 0.028125
0 0.095312 0.215625 0.028125 0.031250
0 0.551562 0.342187 0.028125 0.028125
0 0.359375 0.750000 0.031250 0.031250
0 0.068750 0.267188 0.031250 0.028125
0 0.354687 0.393750 0.028125 0.031250
0 0.757812 0.134375 0.028125 0.031250
0 0.145313 0.835938 0.028125 0.028125
0 0.128125 0.925000 0.031250 0.031250
0 0.689063 0.729688 0.028125 0.028125
0 0.754687 0.392188 0.028125 0.028125
0 0.093750 0.925000 0.031250 0.031250
0 0.662500 0.678125 0.031250 0.031250
0 0.184375 0.428125 0.031250 0.031250
0 0.128125 0.431250 0.031250 0.031250
0 0.639062 0.170313 0.028125 0.028125
0 0.151562 0.085938 0.028125 0.028125
0 0.726562 0.404687 0.028125 0.028125
0 0.329688 0.734375 0.028125 0.031250
0 0.781250 0.559375 0.031250 0.031250
0 0.446875 0.798438 0.031250 0.028125
0 0.328125 0.376563 0.031250 0.028125
0 0.523438 0.329688 0.028125 0.028125
0 0.501563 0.796875 0.028125 0.031250
0 0.071875 0.560937 0.031250 0.028125
0 0.732812 0.182812 0.028125 0.028125
0 0.529687 0.782813 0.028125 0.028125
0 0.273438 0.607812 0.028125 0.028125
0 0.039062 0.184375 0.028125 0.031250
0 0.498437 0.118750 0.028125 0.031250
0 0.803125 0.496875 0.031250 0.031250
0 0.385937 0.731250 0.028125 0.031250
0 0.667188 0.753125 0.028125 0.031250
0 0.640625 0.700000 0.031250 0.031250
0 0.410938 0.360938 0.028125 0.028125
0 0.082812 0.721875 0.028125 0.031250
0 0.359375 0.684375 0.031250 0.031250
0 0.560937 0.798438 0.028125 0.028125
0 0.498437 0.248438 0.028125 0.028125
0 0.356250 0.589063 0.031250 0.028125
0 0.081250 0.779687 0.031250 0.028125
0 0.643750 0.731250 0.031250 0.031250
0 0.385937 0.473438 0.028125 0.028125
0 0.526563 0.132812 0.028125 0.028125
0 0.815625 0.331250 0.031250 0.031250
0 0.667188 0.589063 0.028125 0.028125
0 0.067187 0.332813 0.028125 0.028125
0 0.331250 0.573438 0.031250 0.028125
0 0.062500 0.925000 0.031250 0.031250
0 0.554688 0.182812 0.028125 0.028125
0 0.359375 0.653125 0.031250 0.031250
0 0.268750 0.378125 0.031250 0.031250
0 0.498437 0.312500 0.028125 0.031250
0 0.290625 0.928125 0.031250 0.031250
0 0.646875 0.775000 0.031250 0.031250
0 0.439063 0.279687 0.028125 0.028125
0 0.053125 0.721875 0.031250 0.031250
0 0.612500 0.250000 0.031250 0.031250
0 0.212500 0.835938 0.031250 0.028125
0 0.446875 0.864062 0.031250 0.028125
0 0.670312 0.245312 0.028125 0.028125
0 0.670312 0.276562 0.028125 0.028125
0 0.414062 0.717187 0.028125 0.028125
0 0.217188 0.739062 0.028125 0.028125
0 0.523438 0.393750 0.028125 0.031250
0 0.728125 0.084375 0.031250 0.031250
0 0.670312 0.151562 0.028125 0.028125
0 0.301563 0.623437 0.028125 0.028125
0 0.301563 0.751563 0.028125 0.028125
0 0.550000 0.409375 0.031250 0.031250
0 0.757812 0.200000 0.028125 0.031250
0 0.101562 0.476562 0.028125 0.028125
0 0.768750 0.507812 0.031250 0.028125
0 0.331250 0.829688 0.031250 0.028125
0 0.096875 0.865625 0.031250 0.031250
0 0.815625 0.200000 0.031250 0.031250
0 0.070312 0.592187 0.028125 0.028125
0 0.614062 0.117188 0.028125 0.028125
0 0.529687 0.748437 0.028125 0.028125
0 0.442188 0.120313 0.028125 0.028125
0 0.151562 0.118750 0.028125 0.031250
0 0.359375 0.715625 0.031250 0.031250
0 0.610938 0.371875 0.028125 0.031250
0 0.557813 0.767188 0.028125 0.028125
0 0.468750 0.457813 0.031250 0.028125
0 0.621875 0.796875 0.031250 0.031250
0 0.667188 0.401562 0.028125 0.028125
0 0.553125 0.506250 0.031250 0.031250
0 0.698438 0.385937 0.028125 0.028125
0 0.818750 0.103125 0.031250 0.031250
0 0.468750 0.328125 0.031250 0.031250
0 0.121875 0.267188 0.031250 0.028125
0 0.095312 0.284375 0.028125 0.031250
0 0.553125 0.471875 0.031250 0.031250
0 0.065625 0.103125 0.031250 0.031250
0 0.126562 0.592187 0.028125 0.028125
0 0.579688 0.423438 0.028125 0.028125
0 0.639062 0.354687 0.028125 0.028125
0 0.443750 0.765625 0.031250 0.031250
0 0.300000 0.850000 0.031250 0.031250
0 0.667188 0.432812 0.028125 0.028125
0 0.793750 0.531250 0.031250 0.031250
0 0.701562 0.181250 0.028125 0.031250
0 0.131250 0.693750 0.031250 0.031250
0 0.332813 0.764062 0.028125 0.028125
0 0.065625 0.303125 0.031250 0.031250
0 0.637500 0.200000 0.031250 0.031250
0 0.784375 0.379688 0.031250 0.028125
0 0.581250 0.487500 0.031250 0.031250
0 0.414062 0.587500 0.028125 0.031250
0 0.301563 0.784375 0.028125 0.031250
0 0.381250 0.896875 0.031250 0.031250
0 0.498437 0.504687 0.028125 0.028125
0 0.498437 0.635938 0.028125 0.028125
0 0.439063 0.378125 0.028125 0.031250
0 0.696875 0.417187 0.031250 0.028125
0 0.523438 0.357812 0.028125 0.028125
0 0.328125 0.150000 0.031250 0.031250
0 0.215625 0.640625 0.031250 0.031250
0 0.356250 0.556250 0.031250 0.031250
0 0.698438 0.234375 0.028125 0.031250
0 0.789062 0.182812 0.028125 0.028125
0 0.164062 0.807813 0.028125 0.028125
0 0.642188 0.326562 0.028125 0.028125
0 0.612500 0.021875 0.031250 0.031250
0 0.157812 0.712500 0.028125 0.031250
0 0.725000 0.678125 0.031250 0.031250
0 0.154688 0.410938 0.028125 0.028125
0 0.065625 0.168750 0.031250 0.031250
0 0.498437 0.570312 0.028125 0.028125
0 0.096875 0.751563 0.031250 0.028125
0 0.670312 0.310937 0.028125 0.028125
0 0.273438 0.670312 0.028125 0.028125
0 0.818750 0.168750 0.031250 0.031250
0 0.728125 0.312500 0.031250 0.031250
0 0.351562 0.329688 0.028125 0.028125
0 0.698438 0.326562 0.028125 0.028125
0 0.725000 0.587500 0.031250 0.031250
0 0.031250 0.864062 0.031250 0.028125
0 0.785937 0.151562 0.028125 0.028125
0 0.640625 0.231250 0.031250 0.031250
0 0.154688 0.545312 0.028125 0.028125
0 0.385937 0.635938 0.028125 0.028125
0 0.553125 0.151562 0.031250 0.028125
0 0.154688 0.510938 0.028125 0.028125
0 0.121875 0.134375 0.031250 0.031250
0 0.081250 0.835938 0.031250 0.028125
0 0.331250 0.671875 0.031250 0.031250
0 0.195312 0.864062 0.028125 0.028125
0 0.610938 0.151562 0.028125 0.028125
0 0.387500 0.862500 0.031250 0.031250
0 0.159375 0.928125 0.031250 0.031250
0 0.525000 0.295312 0.031250 0.028125
0 0.040625 0.381250 0.031250 0.031250
0 0.273438 0.704688 0.028125 0.028125
0 0.295312 0.329688 0.028125 0.028125
0 0.329688 0.604688 0.028125 0.028125
0 0.189062 0.723437 0.028125 0.028125
0 0.184375 0.393750 0.031250 0.031250
0 0.329688 0.639062 0.028125 0.028125
0 0.754687 0.535937 0.028125 0.028125
0 0.354687 0.264062 0.028125 0.028125
0 0.298438 0.295312 0.028125 0.028125
0 0.125000 0.165625 0.031250 0.031250
0 0.500000 0.700000 0.031250 0.031250
0 0.500000 0.765625 0.031250 0.031250
0 0.678125 0.646875 0.031250 0.031250
0 0.225000 0.925000 0.031250 0.031250
0 0.065625 0.137500 0.031250 0.031250
0 0.159375 0.678125 0.031250 0.031250
0 0.298438 0.360938 0.028125 0.028125
0 0.121875 0.234375 0.031250 0.031250
0 0.728125 0.246875 0.031250 0.031250
0 0.157812 0.476562 0.028125 0.028125
0 0.581250 0.167187 0.031250 0.028125
0 0.414062 0.685937 0.028125 0.028125
0 0.609375 0.696875 0.031250 0.031250
0 0.100000 0.693750 0.031250 0.031250
0 0.382812 0.407813 0.028125 0.028125
0 0.329688 0.701562 0.028125 0.028125
0 0.098437 0.414062 0.028125 0.028125
0 0.410938 0.393750 0.028125 0.031250
0 0.412500 0.100000 0.031250 0.031250
0 0.667188 0.182812 0.028125 0.028125
0 0.443750 0.831250 0.031250 0.031250
0 0.442188 0.571875 0.028125 0.031250
0 0.470313 0.425000 0.028125 0.031250
0 0.664062 0.620313 0.028125 0.028125
0 0.098437 0.445312 0.028125 0.028125
0 0.382812 0.345313 0.028125 0.028125
0 0.471875 0.815625 0.031250 0.031250
0 0.785937 0.085938 0.028125 0.028125
0 0.610938 0.312500 0.028125 0.031250
0 0.245312 0.623437 0.028125 0.028125
0 0.129688 0.492188 0.028125 0.028125
0 0.607812 0.604688 0.028125 0.028125
0 0.214062 0.675000 0.028125 0.031250
0 0.439063 0.409375 0.028125 0.031250
0 0.357812 0.845313 0.028125 0.028125
0 0.273438 0.639062 0.028125 0.028125
0 0.473438 0.132812 0.028125 0.028125
0 0.414062 0.167187 0.028125 0.028125
0 0.473438 0.101562 0.028125 0.028125
0 0.498437 0.604688 0.028125 0.028125
0 0.612500 0.087500 0.031250 0.031250
0 0.267188 0.214062 0.028125 0.028125
0 0.673438 0.704688 0.028125 0.028125
0 0.296875 0.231250 0.031250 0.031250
0 0.273438 0.737500 0.028125 0.031250
0 0.617188 0.762500 0.028125 0.031250
0 0.067187 0.751563 0.028125 0.028125
0 0.095312 0.118750 0.028125 0.031250
0 0.096875 0.575000 0.031250 0.031250
0 0.303125 0.818750 0.031250 0.031250
0 0.042188 0.510938 0.028125 0.028125
0 0.768750 0.590625 0.031250 0.031250
0 0.037500 0.153125 0.031250 0.031250
0 0.193750 0.928125 0.031250 0.031250
0 0.354687 0.426563 0.028125 0.028125
0 0.470313 0.651563 0.028125 0.028125
0 0.525000 0.167187 0.031250 0.028125
0 0.417187 0.876563 0.028125 0.028125
0 0.723437 0.620313 0.028125 0.028125
0 0.356250 0.134375 0.031250 0.031250
0 0.382812 0.376563 0.028125 0.028125
0 0.554688 0.535937 0.028125 0.028125
0 0.131250 0.751563 0.031250 0.028125
0 0.296875 0.200000 0.031250 0.031250
0 0.101562 0.545312 0.028125 0.028125
0 0.473438 0.717187 0.028125 0.028125
0 0.414062 0.556250 0.028125 0.031250
0 0.581250 0.454688 0.031250 0.028125
0 0.526563 0.651563 0.028125 0.028125
0 0.720313 0.468750 0.028125 0.031250
0 0.121875 0.200000 0.031250 0.031250
0 0.442188 0.539062 0.028125 0.028125
0 0.526563 0.554688 0.028125 0.028125
0 0.385937 0.154688 0.028125 0.028125
0 0.498437 0.407813 0.028125 0.028125
0 0.756250 0.068750 0.031250 0.031250
0 0.303125 0.881250 0.031250 0.031250
0 0.065625 0.068750 0.031250 0.031250
0 0.728125 0.517188 0.031250 0.028125
0 0.121875 0.625000 0.031250 0.031250
0 0.410938 0.231250 0.028125 0.031250
0 0.667188 0.464062 0.028125 0.028125
0 0.729688 0.117188 0.028125 0.028125
0 0.151562 0.251563 0.028125 0.028125
0 0.062500 0.428125 0.031250 0.031250
0 0.476562 0.851562 0.028125 0.028125
0 0.360938 0.814063 0.028125 0.028125
0 0.475000 0.884375 0.031250 0.031250
0 0.268750 0.314063 0.031250 0.028125
0 0.781250 0.443750 0.031250 0.031250
0 0.039062 0.317188 0.028125 0.028125
0 0.581250 0.682813 0.031250 0.028125
0 0.640625 0.262500 0.031250 0.031250
0 0.467187 0.393750 0.028125 0.031250
0 0.692187 0.676562 0.028125 0.028125
0 0.095312 0.251563 0.028125 0.028125
0 0.473438 0.779687 0.028125 0.028125
0 0.359375 0.878125 0.031250 0.031250
0 0.526563 0.585938 0.028125 0.028125
0 0.126562 0.557813 0.028125 0.028125
0 0.064062 0.806250 0.028125 0.031250
0 0.784375 0.410938 0.031250 0.028125
0 0.698438 0.295312 0.028125 0.028125
0 0.621875 0.667188 0.031250 0.028125
0 0.696875 0.571875 0.031250 0.031250
0 0.031250 0.446875 0.031250 0.031250
0 0.607812 0.503125 0.028125 0.031250
0 0.179688 0.101562 0.028125 0.028125
0 0.217188 0.773438 0.028125 0.028125
0 0.467187 0.489063 0.028125 0.028125
0 0.551562 0.603125 0.028125 0.031250
0 0.639062 0.385937 0.028125 0.028125
0 0.035937 0.053125 0.028125 0.031250
0 0.728125 0.371875 0.031250 0.031250
0 0.470313 0.585938 0.028125 0.028125
0 0.635938 0.478125 0.028125 0.031250
0 0.298438 0.393750 0.028125 0.031250
0 0.018750 0.720313 0.031250 0.034375
0 0.695312 0.448437 0.028125 0.028125
0 0.189062 0.757812 0.028125 0.028125
0 0.775000 0.475000 0.031250 0.031250
0 0.726562 0.342187 0.028125 0.028125
0 0.696875 0.603125 0.031250 0.031250
0 0.157812 0.445312 0.028125 0.028125
0 0.270313 0.345313 0.028125 0.028125
0 0.750000 0.568750 0.031250 0.031250
0 0.128125 0.526563 0.031250 0.028125
0 0.185938 0.692187 0.028125 0.028125
0 0.582812 0.134375 0.028125 0.031250
0 0.609375 0.439063 0.031250 0.028125
0 0.442188 0.604688 0.028125 0.028125
0 0.696875 0.509375 0.031250 0.031250
0 0.814063 0.398438 0.034375 0.034375
0 0.325000 0.250000 0.031250 0.031250
0 0.048438 0.837500 0.028125 0.031250
0 0.439063 0.445312 0.028125 0.028125
0 0.385937 0.604688 0.028125 0.028125
0 0.607812 0.639062 0.028125 0.028125
0 0.412500 0.456250 0.031250 0.031250
0 0.270313 0.085938 0.028125 0.028125
0 0.818750 0.134375 0.031250 0.031250
0 0.815625 0.362500 0.031250 0.031250
0 0.529687 0.717187 0.028125 0.028125
0 0.529687 0.814063 0.028125 0.028125
0 0.154688 0.576562 0.028125 0.028125
0 0.123438 0.298438 0.028125 0.028125
0 0.273438 0.768750 0.028125 0.031250
0 0.184375 0.460938 0.031250 0.028125
0 0.523438 0.520312 0.028125 0.028125
0 0.298438 0.034375 0.028125 0.031250
0 0.637500 0.565625 0.031250 0.031250
0 0.414062 0.620313 0.028125 0.028125
0 0.189062 0.790625 0.028125 0.031250
0 0.132812 0.807813 0.028125 0.028125
0 0.670312 0.556250 0.028125 0.031250
0 0.414062 0.520312 0.028125 0.028125
0 0.065625 0.034375 0.031250 0.031250
0 0.812500 0.431250 0.031250 0.031250
0 0.382812 0.539062 0.028125 0.028125
0 0.723437 0.435937 0.028125 0.028125
0 0.182812 0.065625 0.028125 0.031250
0 0.384375 0.504687 0.025000 0.028125
0 0.646875 0.650000 0.031250 0.031250
0 0.035937 0.085938 0.028125 0.028125
0 0.607812 0.571875 0.028125 0.031250
0 0.414062 0.748437 0.028125 0.028125
0 0.126562 0.365625 0.028125 0.031250
0 0.382812 0.440625 0.028125 0.031250
0 0.354687 0.167187 0.028125 0.028125
0 0.442188 0.635938 0.028125 0.028125
0 0.331250 0.893750 0.031250 0.031250
0 0.439063 0.342187 0.028125 0.028125
0 0.123438 0.331250 0.028125 0.031250
0 0.325000 0.281250 0.031250 0.031250
0 0.695312 0.357812 0.028125 0.028125
0 0.128125 0.462500 0.031250 0.031250
0 0.325000 0.409375 0.031250 0.031250
0 0.639062 0.417187 0.028125 0.028125
0 0.118750 0.665625 0.031250 0.031250
0 0.240625 0.034375 0.031250 0.031250
0 0.385937 0.248438 0.028125 0.028125
0 0.154688 0.378125 0.028125 0.031250
0 0.670312 0.370312 0.028125 0.028125
0 0.128125 0.395313 0.031250 0.028125
0 0.582812 0.523438 0.028125 0.028125
0 0.389062 0.667188 0.028125 0.028125
0 0.210938 0.050000 0.028125 0.031250
0 0.385937 0.570312 0.028125 0.028125
0 0.217188 0.804688 0.028125 0.028125
0 0.554688 0.567187 0.028125 0.028125
0 0.240625 0.823438 0.031250 0.028125
0 0.214062 0.571875 0.028125 0.031250
0 0.442188 0.473438 0.028125 0.028125
0 0.043750 0.475000 0.031250 0.031250
0 0.185938 0.556250 0.028125 0.031250
0 0.039062 0.284375 0.028125 0.031250
0 0.523438 0.425000 0.028125 0.031250
0 0.037500 0.415625 0.031250 0.031250
0 0.728125 0.053125 0.031250 0.031250
0 0.382812 0.279687 0.028125 0.028125
0 0.501563 0.831250 0.028125 0.031250
0 0.414062 0.200000 0.028125 0.031250
0 0.698438 0.267188 0.028125 0.028125
0 0.579688 0.392188 0.028125 0.028125
0 0.523438 0.617188 0.028125 0.028125
0 0.070312 0.398438 0.028125 0.028125
0 0.414062 0.489063 0.028125 0.028125
0 0.743750 0.489063 0.031250 0.028125
0 0.637500 0.509375 0.031250 0.031250
0 0.221875 0.603125 0.031250 0.031250
0 0.642188 0.103125 0.028125 0.031250
0 0.410938 0.425000 0.028125 0.031250
0 0.356250 0.456250 0.031250 0.031250
0 0.640625 0.068750 0.031250 0.031250
0 0.667188 0.214062 0.028125 0.028125
0 0.296875 0.101562 0.031250 0.028125
0 0.442188 0.895312 0.028125 0.028125
0 0.634375 0.625000 0.031250 0.031250
0 0.696875 0.065625 0.031250 0.031250
0 0.442188 0.670312 0.028125 0.028125
0 0.356250 0.490625 0.031250 0.031250
0 0.785937 0.054688 0.028125 0.028125
0 0.696875 0.540625 0.031250 0.031250
0 0.298438 0.132812 0.028125 0.028125
0 0.385937 0.310937 0.028125 0.028125
0 0.414062 0.845313 0.028125 0.028125
0 0.325000 0.340625 0.031250 0.031250
0 0.207813 0.118750 0.028125 0.031250
0 0.635938 0.595313 0.028125 0.028125
0 0.756250 0.618750 0.031250 0.031250
0 0.606250 0.470313 0.031250 0.028125
0 0.526563 0.685937 0.028125 0.028125
0 0.709375 0.650000 0.031250 0.031250
0 0.295312 0.067187 0.028125 0.028125
0 0.701562 0.132812 0.028125 0.028125
0 0.526563 0.103125 0.028125 0.031250
0 0.414062 0.907813 0.034375 0.034375
0 0.185938 0.659375 0.028125 0.031250
0 0.670312 0.525000 0.028125 0.031250
0 0.728125 0.279687 0.031250 0.028125
0 0.606250 0.540625 0.031250 0.031250
0 0.640625 0.537500 0.031250 0.031250
0 0.665625 0.495312 0.031250 0.028125
0 0.181250 0.134375 0.031250 0.031250
0 0.014063 0.654687 0.028125 0.028125
0 0.384375 0.117188 0.031250 0.028125
0 0.096875 0.348438 0.031250 0.028125
0 0.098437 0.514062 0.028125 0.028125
0 0.554688 0.248438 0.028125 0.028125
0 0.271875 0.834375 0.031250 0.031250
0 0.245312 0.789062 0.028125 0.028125
0 0.325000 0.118750 0.031250 0.031250
0 0.153125 0.018750 0.031250 0.031250
0 0.275000 0.570312 0.031250 0.028125
0 0.040625 0.348438 0.031250 0.028125
0 0.743750 0.650000 0.031250 0.031250
0 0.239063 0.098437 0.028125 0.028125
0 0.125000 0.032813 0.031250 0.028125
0 0.045312 0.542188 0.028125 0.028125
0 0.242188 0.298438 0.028125 0.028125
0 0.817187 0.064062 0.034375 0.034375
0 0.726562 0.550000 0.028125 0.031250
0 0.806250 0.464062 0.031250 0.028125
0 0.442188 0.504687 0.028125 0.028125
0 0.298438 0.264062 0.028125 0.028125
0 0.151562 0.151562 0.028125 0.028125
0 0.268750 0.018750 0.031250 0.031250
0 0.582812 0.554688 0.028125 0.028125
0 0.325000 0.312500 0.031250 0.031250
0 0.523438 0.457813 0.028125 0.028125
0 0.160938 0.743750 0.028125 0.031250
0 0.551562 0.670312 0.028125 0.028125
0 0.667188 0.342187 0.028125 0.028125
0 0.500000 0.087500 0.031250 0.031250
0 0.295312 0.165625 0.028125 0.031250
0 0.096875 0.379688 0.031250 0.028125
0 0.093750 0.021875 0.031250 0.031250
0 0.414062 0.651563 0.028125 0.028125
0 0.325000 0.053125 0.031250 0.031250
0 0.550000 0.440625 0.031250 0.031250
0 0.443750 0.090625 0.031250 0.031250
0 0.210938 0.410938 0.028125 0.028125
0 0.267188 0.182812 0.028125 0.028125
0 0.037500 0.018750 0.031250 0.031250
0 0.017188 0.490625 0.028125 0.031250
0 0.185938 0.492188 0.028125 0.028125
0 0.185938 0.523438 0.028125 0.028125
0 0.470313 0.520312 0.028125 0.028125
0 0.526563 0.489063 0.028125 0.028125
0 0.326562 0.182812 0.028125 0.028125
0 0.014063 0.623437 0.028125 0.028125
0 0.212500 0.314063 0.031250 0.028125
0 0.017188 0.557813 0.028125 0.028125
0 0.182812 0.362500 0.028125 0.031250
0 0.353125 0.034375 0.031250 0.031250
0 0.471875 0.750000 0.031250 0.031250
0 0.357812 0.523438 0.028125 0.028125
0 0.470313 0.620313 0.028125 0.028125
0 0.070312 0.364063 0.028125 0.028125
0 0.150000 0.218750 0.031250 0.031250
0 0.639062 0.445312 0.028125 0.028125
0 0.143750 0.650000 0.031250 0.031250
0 0.556250 0.020313 0.031250 0.028125
0 0.729688 0.021875 0.028125 0.031250
0 0.018750 0.778125 0.031250 0.031250
0 0.579688 0.587500 0.028125 0.025000
0 0.242188 0.395313 0.028125 0.028125
0 0.014063 0.592187 0.028125 0.028125
0 0.500000 0.021875 0.031250 0.031250
0 0.692187 0.479687 0.028125 0.028125
0 0.470313 0.556250 0.028125 0.025000
0 0.612500 0.342187 0.031250 0.028125
0 0.210938 0.379688 0.028125 0.028125
0 0.554688 0.701562 0.028125 0.028125
0 0.210938 0.282813 0.028125 0.028125
0 0.248438 0.589063 0.028125 0.028125
0 0.784375 0.021875 0.031250 0.031250
0 0.017188 0.525000 0.028125 0.031250
0 0.384375 0.021875 0.031250 0.031250
0 0.698438 0.037500 0.034375 0.031250
0 0.470313 0.035937 0.028125 0.028125
0 0.610938 0.054688 0.028125 0.028125
0 0.301563 0.554688 0.028125 0.028125
0 0.206250 0.151562 0.031250 0.028125
