0 0.359375 0.906250 0.031250 0.031250
0 0.225000 0.906250 0.031250 0.031250
0 0.164062 0.618750 0.028125 0.031250
0 0.903125 0.760938 0.031250 0.028125
0 0.178125 0.415625 0.031250 0.031250
0 0.145313 0.648438 0.028125 0.028125
0 0.057813 0.789062 0.028125 0.028125
0 0.057813 0.846875 0.028125 0.031250
0 0.179688 0.648438 0.028125 0.028125
0 0.179688 0.589063 0.028125 0.028125
0 0.193750 0.906250 0.031250 0.031250
0 0.307812 0.878125 0.028125 0.031250
0 0.293750 0.850000 0.031250 0.031250
0 0.442188 0.820312 0.028125 0.028125
0 0.040625 0.815625 0.031250 0.031250
0 0.640625 0.760938 0.031250 0.028125
0 0.109375 0.818750 0.031250 0.031250
0 0.075000 0.875000 0.031250 0.031250
0 0.046875 0.475000 0.031250 0.031250
0 0.868750 0.590625 0.031250 0.031250
0 0.276562 0.648438 0.028125 0.028125
0 0.340625 0.878125 0.031250 0.031250
0 0.081250 0.589063 0.031250 0.028125
0 0.131250 0.731250 0.031250 0.031250
0 0.309375 0.648438 0.031250 0.028125
0 0.870313 0.478125 0.028125 0.031250
0 0.956250 0.906250 0.031250 0.031250
0 0.128125 0.790625 0.031250 0.031250
0 0.129688 0.617188 0.028125 0.028125
0 0.590625 0.620313 0.031250 0.028125
0 0.640625 0.646875 0.031250 0.031250
0 0.210938 0.760938 0.028125 0.028125
0 0.209375 0.818750 0.031250 0.031250
0 0.371875 0.937500 0.031250 0.031250
0 0.162500 0.678125 0.031250 0.031250
0 0.095312 0.734375 0.028125 0.031250
0 0.443750 0.876563 0.031250 0.028125
0 0.193750 0.678125 0.031250 0.031250
0 0.804688 0.590625 0.028125 0.031250
0 0.606250 0.820312 0.031250 0.028125
0 0.160938 0.445312 0.028125 0.028125
0 0.509375 0.532813 0.031250 0.028125
0 0.256250 0.903125 0.031250 0.031250
0 0.343750 0.762500 0.031250 0.031250
0 0.325000 0.675000 0.031250 0.031250
0 0.509375 0.760938 0.031250 0.028125
0 0.706250 0.592187 0.031250 0.028125
0 0.459375 0.906250 0.031250 0.031250
0 0.079687 0.473438 0.028125 0.028125
0 0.475000 0.818750 0.031250 0.031250
0 0.425000 0.790625 0.031250 0.031250
0 0.262500 0.562500 0.031250 0.031250
0 0.259375 0.618750 0.031250 0.031250
0 0.240625 0.934375 0.031250 0.031250
0 0.112500 0.646875 0.031250 0.031250
0 0.095312 0.503125 0.028125 0.031250
0 0.906250 0.934375 0.031250 0.031250
0 0.340625 0.934375 0.031250 0.031250
0 0.126562 0.903125 0.028125 0.031250
0 0.193750 0.443750 0.031250 0.031250
0 0.542188 0.648438 0.028125 0.028125
0 0.276562 0.765625 0.028125 0.031250
0 0.542188 0.760938 0.028125 0.028125
0 0.376563 0.531250 0.028125 0.031250
0 0.885938 0.618750 0.028125 0.031250
0 0.690625 0.731250 0.031250 0.031250
0 0.490625 0.448437 0.031250 0.028125
0 0.476562 0.648438 0.028125 0.028125
0 0.592187 0.790625 0.028125 0.031250
0 0.823438 0.790625 0.028125 0.031250
0 0.790625 0.734375 0.031250 0.031250
0 0.901563 0.418750 0.028125 0.031250
0 0.393750 0.906250 0.031250 0.031250
0 0.359375 0.675000 0.031250 0.031250
0 0.025000 0.846875 0.031250 0.031250
0 0.657813 0.678125 0.028125 0.031250
0 0.309375 0.589063 0.031250 0.028125
0 0.459375 0.618750 0.031250 0.031250
0 0.490625 0.731250 0.031250 0.031250
0 0.090625 0.845313 0.031250 0.028125
0 0.229687 0.678125 0.028125 0.031250
0 0.131250 0.503125 0.031250 0.031250
0 0.425000 0.846875 0.031250 0.031250
0 0.228125 0.734375 0.031250 0.031250
0 0.164062 0.562500 0.028125 0.031250
0 0.143750 0.818750 0.031250 0.031250
0 0.975000 0.878125 0.031250 0.031250
0 0.128125 0.443750 0.031250 0.031250
0 0.207813 0.934375 0.028125 0.031250
0 0.073438 0.818750 0.028125 0.031250
0 0.937500 0.762500 0.031250 0.031250
0 0.789062 0.507812 0.028125 0.028125
0 0.771875 0.537500 0.031250 0.031250
0 0.492188 0.906250 0.028125 0.031250
0 0.606250 0.418750 0.031250 0.031250
0 0.110937 0.473438 0.028125 0.028125
0 0.089063 0.787500 0.028125 0.031250
0 0.359375 0.734375 0.031250 0.031250
0 0.557813 0.790625 0.028125 0.031250
0 0.673438 0.706250 0.028125 0.031250
0 0.673438 0.760938 0.028125 0.028125
0 0.143750 0.760938 0.031250 0.028125
0 0.590625 0.446875 0.031250 0.031250
0 0.475000 0.418750 0.031250 0.031250
0 0.028125 0.446875 0.031250 0.031250
0 0.093750 0.678125 0.031250 0.031250
0 0.240625 0.876563 0.031250 0.028125
0 0.803125 0.478125 0.031250 0.031250
0 0.754687 0.448437 0.028125 0.028125
0 0.590625 0.846875 0.031250 0.031250
0 0.390625 0.965625 0.031250 0.031250
0 0.114062 0.587500 0.028125 0.031250
0 0.275000 0.821875 0.031250 0.031250
0 0.525000 0.731250 0.031250 0.031250
0 0.653125 0.731250 0.031250 0.031250
0 0.393750 0.790625 0.031250 0.031250
0 0.210938 0.414062 0.028125 0.028125
0 0.460938 0.846875 0.028125 0.031250
0 0.625000 0.789062 0.031250 0.028125
0 0.109375 0.875000 0.031250 0.031250
0 0.573438 0.648438 0.028125 0.028125
0 0.307812 0.937500 0.028125 0.031250
0 0.904687 0.650000 0.028125 0.031250
0 0.376563 0.589063 0.028125 0.028125
0 0.442188 0.760938 0.028125 0.028125
0 0.542188 0.703125 0.028125 0.031250
0 0.226562 0.790625 0.028125 0.031250
0 0.359375 0.615625 0.031250 0.031250
0 0.243750 0.415625 0.031250 0.031250
0 0.457813 0.790625 0.028125 0.031250
0 0.673438 0.817187 0.028125 0.028125
0 0.376563 0.704688 0.028125 0.028125
0 0.409375 0.704688 0.031250 0.028125
0 0.178125 0.354687 0.031250 0.034375
0 0.062500 0.446875 0.031250 0.031250
0 0.275000 0.934375 0.031250 0.031250
0 0.935937 0.592187 0.028125 0.028125
0 0.525000 0.846875 0.031250 0.031250
0 0.525000 0.618750 0.031250 0.031250
0 0.821875 0.450000 0.031250 0.031250
0 0.457813 0.734375 0.028125 0.031250
0 0.360938 0.792188 0.028125 0.028125
0 0.040625 0.703125 0.031250 0.031250
0 0.559375 0.564063 0.031250 0.028125
0 0.835938 0.478125 0.028125 0.031250
0 0.606250 0.760938 0.031250 0.028125
0 0.160938 0.789062 0.028125 0.028125
0 0.557813 0.506250 0.028125 0.031250
0 0.789062 0.675000 0.028125 0.031250
0 0.920312 0.620313 0.028125 0.028125
0 0.307812 0.820312 0.028125 0.028125
0 0.542188 0.534375 0.028125 0.031250
0 0.675000 0.648438 0.031250 0.028125
0 0.806250 0.534375 0.031250 0.031250
0 0.625000 0.676562 0.031250 0.028125
0 0.773438 0.704688 0.028125 0.028125
0 0.050000 0.532813 0.031250 0.028125
0 0.393750 0.501563 0.031250 0.028125
0 0.475000 0.876563 0.031250 0.028125
0 0.607812 0.592187 0.028125 0.028125
0 0.278125 0.589063 0.031250 0.028125
0 0.393750 0.443750 0.031250 0.031250
0 0.210938 0.704688 0.028125 0.028125
0 0.525000 0.790625 0.031250 0.031250
0 0.109375 0.760938 0.031250 0.028125
0 0.917188 0.504687 0.028125 0.028125
0 0.290625 0.964063 0.031250 0.028125
0 0.917188 0.392188 0.028125 0.028125
0 0.225000 0.846875 0.031250 0.031250
0 0.059375 0.731250 0.031250 0.031250
0 0.951562 0.564063 0.028125 0.028125
0 0.062500 0.503125 0.031250 0.031250
0 0.837500 0.648438 0.031250 0.028125
0 0.540625 0.934375 0.031250 0.031250
0 0.940625 0.878125 0.031250 0.031250
0 0.409375 0.760938 0.031250 0.028125
0 0.820312 0.676562 0.028125 0.028125
0 0.081250 0.534375 0.031250 0.031250
0 0.196875 0.618750 0.031250 0.031250
0 0.837500 0.760938 0.031250 0.028125
0 0.639062 0.704688 0.028125 0.028125
0 0.425000 0.675000 0.031250 0.031250
0 0.354687 0.964063 0.028125 0.028125
0 0.492188 0.790625 0.028125 0.031250
0 0.789062 0.620313 0.028125 0.028125
0 0.145313 0.589063 0.028125 0.028125
0 0.160938 0.734375 0.028125 0.031250
0 0.112500 0.704688 0.031250 0.028125
0 0.542188 0.818750 0.028125 0.031250
0 0.243750 0.704688 0.031250 0.028125
0 0.556250 0.903125 0.031250 0.031250
0 0.278125 0.531250 0.031250 0.031250
0 0.259375 0.442188 0.031250 0.028125
0 0.292187 0.442188 0.028125 0.028125
0 0.837500 0.590625 0.031250 0.031250
0 0.657813 0.564063 0.028125 0.028125
0 0.573438 0.418750 0.028125 0.031250
0 0.885938 0.564063 0.028125 0.028125
0 0.375000 0.762500 0.031250 0.031250
0 0.540625 0.590625 0.031250 0.031250
0 0.721875 0.620313 0.031250 0.028125
0 0.343750 0.589063 0.031250 0.028125
0 0.212500 0.589063 0.031250 0.028125
0 0.243750 0.760938 0.031250 0.028125
0 0.525000 0.906250 0.031250 0.031250
0 0.870313 0.648438 0.028125 0.028125
0 0.292187 0.675000 0.028125 0.031250
0 0.609375 0.534375 0.031250 0.031250
0 0.245312 0.648438 0.028125 0.028125
0 0.476562 0.478125 0.028125 0.031250
0 0.356250 0.848437 0.031250 0.028125
0 0.723437 0.507812 0.028125 0.028125
0 0.392188 0.734375 0.028125 0.031250
0 0.590625 0.506250 0.031250 0.031250
0 0.059375 0.903125 0.031250 0.031250
0 0.028125 0.906250 0.031250 0.031250
0 0.589063 0.904687 0.028125 0.028125
0 0.923438 0.903125 0.028125 0.031250
0 0.575000 0.590625 0.031250 0.031250
0 0.509375 0.648438 0.031250 0.028125
0 0.621875 0.731250 0.031250 0.031250
0 0.476562 0.760938 0.028125 0.028125
0 0.359375 0.562500 0.031250 0.031250
0 0.128125 0.678125 0.031250 0.031250
0 0.657813 0.620313 0.028125 0.028125
0 0.525000 0.675000 0.031250 0.031250
0 0.096875 0.618750 0.031250 0.031250
0 0.312500 0.704688 0.031250 0.028125
0 0.575000 0.475000 0.031250 0.031250
0 0.706250 0.760938 0.031250 0.028125
0 0.192188 0.846875 0.028125 0.031250
0 0.754687 0.507812 0.028125 0.028125
0 0.259375 0.385937 0.031250 0.028125
0 0.915625 0.450000 0.031250 0.031250
0 0.951562 0.504687 0.028125 0.028125
0 0.492188 0.846875 0.028125 0.031250
0 0.425000 0.562500 0.031250 0.031250
0 0.625000 0.618750 0.031250 0.031250
0 0.409375 0.531250 0.031250 0.031250
0 0.276562 0.475000 0.028125 0.031250
0 0.040625 0.762500 0.031250 0.031250
0 0.804688 0.650000 0.028125 0.031250
0 0.904687 0.534375 0.028125 0.031250
0 0.259375 0.792188 0.031250 0.028125
0 0.723437 0.676562 0.028125 0.028125
0 0.293750 0.734375 0.031250 0.031250
0 0.526563 0.506250 0.028125 0.031250
0 0.839063 0.820312 0.028125 0.028125
0 0.690625 0.564063 0.031250 0.028125
0 0.957812 0.848437 0.028125 0.028125
0 0.476562 0.590625 0.028125 0.031250
0 0.443750 0.534375 0.031250 0.031250
0 0.309375 0.765625 0.031250 0.031250
0 0.195312 0.731250 0.028125 0.031250
0 0.326562 0.907813 0.028125 0.028125
0 0.243750 0.353125 0.031250 0.031250
0 0.737500 0.478125 0.031250 0.031250
0 0.690625 0.504687 0.031250 0.028125
0 0.073438 0.760938 0.028125 0.028125
0 0.393750 0.675000 0.031250 0.031250
0 0.343750 0.417187 0.031250 0.028125
0 0.920312 0.676562 0.028125 0.028125
0 0.460938 0.675000 0.028125 0.031250
0 0.640625 0.537500 0.031250 0.031250
0 0.884375 0.390625 0.031250 0.031250
0 0.557813 0.387500 0.028125 0.031250
0 0.157812 0.904687 0.028125 0.028125
0 0.176563 0.760938 0.028125 0.028125
0 0.393750 0.618750 0.031250 0.031250
0 0.059375 0.678125 0.031250 0.031250
0 0.312500 0.531250 0.031250 0.031250
0 0.490625 0.562500 0.031250 0.031250
0 0.723437 0.564063 0.028125 0.028125
0 0.837500 0.537500 0.031250 0.031250
0 0.392188 0.846875 0.028125 0.031250
0 0.948438 0.448437 0.028125 0.028125
0 0.115625 0.532813 0.031250 0.028125
0 0.409375 0.589063 0.031250 0.028125
0 0.590625 0.731250 0.031250 0.031250
0 0.576562 0.820312 0.028125 0.028125
0 0.950000 0.390625 0.031250 0.031250
0 0.476562 0.934375 0.028125 0.031250
0 0.409375 0.934375 0.031250 0.031250
0 0.440625 0.645312 0.031250 0.028125
0 0.459375 0.446875 0.031250 0.031250
0 0.965625 0.534375 0.031250 0.031250
0 0.343750 0.646875 0.031250 0.031250
0 0.757812 0.618750 0.028125 0.031250
0 0.671875 0.590625 0.031250 0.031250
0 0.934375 0.418750 0.031250 0.031250
0 0.857812 0.789062 0.028125 0.028125
0 0.407813 0.820312 0.028125 0.028125
0 0.821875 0.731250 0.031250 0.031250
0 0.028125 0.504687 0.031250 0.028125
0 0.206250 0.876563 0.031250 0.028125
0 0.823438 0.564063 0.028125 0.028125
0 0.260937 0.503125 0.028125 0.031250
0 0.506250 0.704688 0.031250 0.028125
0 0.692187 0.790625 0.028125 0.031250
0 0.143750 0.353125 0.031250 0.031250
0 0.509375 0.476562 0.031250 0.028125
0 0.292187 0.618750 0.028125 0.031250
0 0.159375 0.846875 0.031250 0.031250
0 0.226562 0.443750 0.028125 0.031250
0 0.176563 0.706250 0.028125 0.031250
0 0.870313 0.534375 0.028125 0.031250
0 0.293750 0.503125 0.031250 0.031250
0 0.309375 0.415625 0.031250 0.031250
0 0.359375 0.387500 0.031250 0.031250
0 0.192188 0.384375 0.028125 0.031250
0 0.606250 0.648438 0.031250 0.028125
0 0.851562 0.387500 0.028125 0.031250
0 0.573438 0.760938 0.028125 0.028125
0 0.739062 0.534375 0.028125 0.031250
0 0.940625 0.934375 0.031250 0.031250
0 0.375000 0.415625 0.031250 0.031250
0 0.293750 0.559375 0.031250 0.031250
0 0.557813 0.618750 0.028125 0.031250
0 0.557813 0.846875 0.028125 0.031250
0 0.175000 0.875000 0.031250 0.031250
0 0.525000 0.564063 0.031250 0.028125
0 0.657813 0.506250 0.028125 0.031250
0 0.607812 0.873437 0.028125 0.028125
0 0.934375 0.645312 0.031250 0.028125
0 0.770312 0.478125 0.028125 0.031250
0 0.625000 0.446875 0.031250 0.031250
0 0.142187 0.873437 0.028125 0.028125
0 0.706250 0.478125 0.031250 0.031250
0 0.525000 0.448437 0.031250 0.028125
0 0.575000 0.534375 0.031250 0.031250
0 0.675000 0.534375 0.031250 0.031250
0 0.128125 0.846875 0.031250 0.031250
0 0.079687 0.645312 0.028125 0.028125
0 0.209375 0.475000 0.031250 0.031250
0 0.376563 0.878125 0.028125 0.031250
0 0.376563 0.473438 0.028125 0.028125
0 0.328125 0.734375 0.031250 0.031250
0 0.771875 0.417187 0.031250 0.028125
0 0.095312 0.446875 0.028125 0.031250
0 0.540625 0.417187 0.031250 0.028125
0 0.640625 0.590625 0.031250 0.031250
0 0.853125 0.620313 0.031250 0.028125
0 0.507812 0.876563 0.028125 0.028125
0 0.925000 0.850000 0.031250 0.031250
0 0.575000 0.703125 0.031250 0.031250
0 0.839063 0.704688 0.028125 0.028125
0 0.492188 0.618750 0.028125 0.031250
0 0.212500 0.645312 0.031250 0.028125
0 0.573438 0.932813 0.028125 0.028125
0 0.325000 0.618750 0.031250 0.031250
0 0.573438 0.876563 0.028125 0.028125
0 0.278125 0.704688 0.031250 0.028125
0 0.025000 0.734375 0.031250 0.031250
0 0.129688 0.560937 0.028125 0.028125
0 0.739062 0.418750 0.028125 0.031250
0 0.176563 0.934375 0.028125 0.031250
0 0.345313 0.704688 0.028125 0.028125
0 0.640625 0.820312 0.031250 0.028125
0 0.196875 0.559375 0.031250 0.031250
0 0.590625 0.673438 0.031250 0.028125
0 0.443750 0.475000 0.031250 0.031250
0 0.409375 0.648438 0.031250 0.028125
0 0.093750 0.901563 0.031250 0.028125
0 0.556250 0.446875 0.031250 0.031250
0 0.640625 0.418750 0.031250 0.031250
0 0.392188 0.560937 0.028125 0.028125
0 0.425000 0.618750 0.031250 0.031250
0 0.492188 0.504687 0.028125 0.028125
0 0.723437 0.790625 0.028125 0.025000
0 0.228125 0.384375 0.031250 0.031250
0 0.143750 0.415625 0.031250 0.031250
0 0.260937 0.734375 0.028125 0.031250
0 0.034375 0.617188 0.031250 0.028125
0 0.046875 0.418750 0.031250 0.031250
0 0.340625 0.821875 0.031250 0.031250
0 0.818750 0.506250 0.031250 0.031250
0 0.126562 0.385937 0.028125 0.028125
0 0.790625 0.562500 0.031250 0.031250
0 0.706250 0.535937 0.031250 0.028125
0 0.292187 0.792188 0.028125 0.028125
0 0.257812 0.848437 0.028125 0.028125
0 0.806250 0.760938 0.031250 0.028125
0 0.509375 0.590625 0.031250 0.031250
0 0.509375 0.418750 0.031250 0.031250
0 0.323437 0.964063 0.028125 0.028125
0 0.937500 0.704688 0.031250 0.028125
0 0.328125 0.792188 0.031250 0.028125
0 0.276562 0.876563 0.028125 0.028125
0 0.770312 0.590625 0.028125 0.031250
0 0.806250 0.704688 0.031250 0.028125
0 0.689063 0.387500 0.028125 0.031250
0 0.245312 0.532813 0.028125 0.028125
0 0.375000 0.821875 0.031250 0.031250
0 0.162500 0.503125 0.031250 0.031250
0 0.953125 0.678125 0.031250 0.031250
0 0.079687 0.704688 0.028125 0.028125
0 0.042188 0.876563 0.028125 0.028125
0 0.970313 0.821875 0.034375 0.031250
0 0.557813 0.731250 0.028125 0.031250
0 0.721875 0.390625 0.031250 0.031250
0 0.540625 0.873437 0.031250 0.028125
0 0.739062 0.760938 0.028125 0.028125
0 0.656250 0.450000 0.031250 0.031250
0 0.159375 0.387500 0.031250 0.031250
0 0.426563 0.734375 0.028125 0.031250
0 0.112500 0.412500 0.031250 0.031250
0 0.225000 0.503125 0.031250 0.031250
0 0.589063 0.962500 0.028125 0.031250
0 0.195312 0.789062 0.028125 0.028125
0 0.757812 0.732812 0.028125 0.028125
0 0.023438 0.789062 0.028125 0.028125
0 0.259375 0.964063 0.031250 0.028125
0 0.309375 0.354687 0.031250 0.034375
0 0.690625 0.448437 0.031250 0.028125
0 0.853125 0.448437 0.031250 0.028125
0 0.689063 0.620313 0.028125 0.028125
0 0.609375 0.475000 0.031250 0.031250
0 0.673438 0.479687 0.028125 0.028125
0 0.146875 0.475000 0.031250 0.031250
0 0.800000 0.359375 0.031250 0.031250
0 0.854688 0.734375 0.028125 0.031250
0 0.440625 0.415625 0.031250 0.031250
0 0.904687 0.592187 0.028125 0.028125
0 0.542188 0.476562 0.028125 0.028125
0 0.604688 0.932813 0.028125 0.028125
0 0.178125 0.531250 0.031250 0.031250
0 0.142187 0.932813 0.028125 0.028125
0 0.276562 0.414062 0.028125 0.028125
0 0.953125 0.734375 0.031250 0.031250
0 0.390625 0.387500 0.031250 0.031250
0 0.892188 0.907813 0.028125 0.028125
0 0.756250 0.564063 0.031250 0.028125
0 0.229687 0.559375 0.028125 0.031250
0 0.065625 0.617188 0.031250 0.028125
0 0.889062 0.676562 0.028125 0.028125
0 0.146875 0.532813 0.031250 0.028125
0 0.623437 0.565625 0.028125 0.031250
0 0.325000 0.562500 0.031250 0.031250
0 0.312500 0.475000 0.031250 0.031250
0 0.425000 0.903125 0.031250 0.031250
0 0.292187 0.907813 0.028125 0.028125
0 0.409375 0.471875 0.031250 0.031250
0 0.723437 0.732812 0.028125 0.028125
0 0.476562 0.532813 0.028125 0.028125
0 0.689063 0.676562 0.028125 0.028125
0 0.851562 0.506250 0.028125 0.031250
0 0.050000 0.646875 0.031250 0.031250
0 0.932813 0.478125 0.028125 0.031250
0 0.656250 0.390625 0.031250 0.031250
0 0.325000 0.443750 0.031250 0.031250
0 0.773438 0.648438 0.028125 0.028125
0 0.078125 0.417187 0.031250 0.028125
0 0.607812 0.701562 0.028125 0.028125
0 0.360938 0.503125 0.028125 0.031250
0 0.965625 0.479687 0.031250 0.028125
0 0.212500 0.531250 0.031250 0.031250
0 0.034375 0.562500 0.031250 0.031250
0 0.223438 0.964063 0.028125 0.028125
0 0.442188 0.589063 0.028125 0.028125
0 0.625000 0.506250 0.031250 0.031250
0 0.376563 0.648438 0.028125 0.028125
0 0.457813 0.387500 0.028125 0.031250
0 0.178125 0.475000 0.031250 0.031250
0 0.706250 0.648438 0.031250 0.028125
0 0.723437 0.448437 0.028125 0.028125
0 0.740625 0.590625 0.031250 0.031250
0 0.868750 0.418750 0.031250 0.031250
0 0.093750 0.384375 0.031250 0.031250
0 0.175000 0.818750 0.031250 0.031250
0 0.968750 0.593750 0.031250 0.031250
0 0.264062 0.676562 0.028125 0.028125
0 0.640625 0.478125 0.031250 0.031250
0 0.956250 0.792188 0.031250 0.028125
0 0.143750 0.704688 0.031250 0.028125
0 0.492188 0.675000 0.028125 0.031250
0 0.246875 0.589063 0.031250 0.028125
0 0.459375 0.506250 0.031250 0.031250
0 0.706250 0.701562 0.031250 0.028125
0 0.804688 0.417187 0.028125 0.028125
0 0.923438 0.792188 0.028125 0.028125
0 0.756250 0.675000 0.031250 0.031250
0 0.921875 0.734375 0.031250 0.031250
0 0.442188 0.934375 0.028125 0.031250
0 0.428125 0.503125 0.031250 0.031250
0 0.820312 0.620313 0.028125 0.028125
0 0.509375 0.817187 0.031250 0.028125
0 0.621875 0.387500 0.031250 0.031250
0 0.621875 0.846875 0.031250 0.031250
0 0.657813 0.790625 0.028125 0.031250
0 0.212500 0.356250 0.031250 0.031250
0 0.276562 0.354687 0.034375 0.034375
0 0.890625 0.850000 0.031250 0.031250
0 0.423438 0.385937 0.028125 0.028125
0 0.853125 0.676562 0.031250 0.028125
0 0.075000 0.931250 0.031250 0.031250
0 0.857812 0.564063 0.028125 0.028125
0 0.837500 0.357812 0.031250 0.034375
0 0.935937 0.535937 0.028125 0.028125
0 0.521875 0.387500 0.031250 0.031250
0 0.742188 0.706250 0.028125 0.031250
0 0.043750 0.937500 0.031250 0.031250
0 0.325000 0.385937 0.031250 0.028125
0 0.373437 0.353125 0.034375 0.031250
0 0.292187 0.387500 0.028125 0.031250
0 0.806250 0.820312 0.031250 0.028125
0 0.359375 0.446875 0.031250 0.031250
0 0.193750 0.503125 0.031250 0.031250
0 0.407813 0.415625 0.028125 0.031250
0 0.460938 0.564063 0.028125 0.028125
0 0.753125 0.389062 0.031250 0.028125
0 0.509375 0.932813 0.031250 0.028125
0 0.789062 0.448437 0.028125 0.028125
0 0.592187 0.560937 0.028125 0.028125
0 0.490625 0.385937 0.031250 0.028125
0 0.026562 0.385937 0.034375 0.034375
0 0.323437 0.850000 0.028125 0.031250
0 0.953125 0.620313 0.031250 0.028125
0 0.787500 0.390625 0.031250 0.031250
0 0.937500 0.818750 0.031250 0.031250
0 0.973437 0.934375 0.028125 0.031250
0 0.343750 0.531250 0.031250 0.031250
0 0.920312 0.564063 0.028125 0.028125
0 0.443750 0.703125 0.031250 0.031250
0 0.671875 0.418750 0.031250 0.031250
0 0.707812 0.817187 0.028125 0.028125
0 0.343750 0.475000 0.031250 0.031250
0 0.242188 0.471875 0.028125 0.031250
0 0.343750 0.356250 0.031250 0.031250
0 0.067187 0.560937 0.028125 0.028125
0 0.425000 0.965625 0.031250 0.031250
0 0.704688 0.418750 0.028125 0.031250
0 0.409375 0.356250 0.031250 0.031250
0 0.837500 0.418750 0.031250 0.031250
0 0.968750 0.421875 0.031250 0.031250
0 0.490625 0.965625 0.031250 0.031250
0 0.243750 0.818750 0.031250 0.031250
0 0.739062 0.650000 0.028125 0.031250
0 0.409375 0.876563 0.031250 0.028125
0 0.871875 0.760938 0.031250 0.028125
0 0.884375 0.506250 0.031250 0.031250
0 0.473438 0.704688 0.028125 0.028125
0 0.968750 0.650000 0.031250 0.031250
0 0.820312 0.385937 0.028125 0.028125
0 0.521875 0.959375 0.031250 0.031250
0 0.109375 0.932813 0.031250 0.028125
0 0.856250 0.907813 0.031250 0.028125
0 0.971875 0.762500 0.031250 0.031250
0 0.062500 0.387500 0.031250 0.031250
0 0.443750 0.356250 0.031250 0.031250
0 0.890625 0.731250 0.031250 0.031250
0 0.228125 0.618750 0.031250 0.031250
0 0.903125 0.706250 0.031250 0.031250
0 0.885938 0.448437 0.028125 0.028125
0 0.098437 0.560937 0.028125 0.028125
0 0.328125 0.503125 0.031250 0.031250
0 0.898438 0.357812 0.034375 0.034375
0 0.573438 0.356250 0.034375 0.031250
0 0.590625 0.385937 0.031250 0.028125
0 0.901563 0.476562 0.028125 0.028125
0 0.556250 0.962500 0.031250 0.031250
0 0.018750 0.650000 0.031250 0.031250
0 0.870313 0.704688 0.028125 0.028125
0 0.904687 0.878125 0.028125 0.031250
0 0.620313 0.906250 0.028125 0.031250
0 0.156250 0.962500 0.031250 0.031250
0 0.032813 0.970313 0.034375 0.034375
0 0.767188 0.359375 0.034375 0.031250
0 0.109375 0.353125 0.031250 0.031250
0 0.823438 0.846875 0.028125 0.031250
0 0.076563 0.353125 0.034375 0.031250
0 0.476562 0.356250 0.034375 0.031250
0 0.428125 0.443750 0.031250 0.031250
0 0.868750 0.359375 0.031250 0.031250
0 0.192188 0.964063 0.028125 0.028125
0 0.704688 0.359375 0.034375 0.031250
0 0.018750 0.678125 0.031250 0.031250
0 0.017188 0.589063 0.028125 0.028125
0 0.856250 0.964063 0.031250 0.034375
0 0.873437 0.935937 0.028125 0.028125
0 0.543750 0.359375 0.031250 0.031250
0 0.456250 0.962500 0.031250 0.031250
0 0.048438 0.589063 0.028125 0.028125
0 0.018750 0.534375 0.031250 0.031250
0 0.957812 0.962500 0.034375 0.031250
0 0.509375 0.354687 0.031250 0.034375
0 0.621875 0.965625 0.031250 0.031250
0 0.637500 0.359375 0.031250 0.031250
0 0.065625 0.964063 0.031250 0.034375
0 0.671875 0.359375 0.031250 0.031250
0 0.098437 0.964063 0.034375 0.034375
0 0.971875 0.706250 0.031250 0.031250
0 0.128125 0.976562 0.031250 0.034375
0 0.042188 0.353125 0.034375 0.037500
0 0.017188 0.476562 0.028125 0.028125
0 0.932813 0.360938 0.034375 0.034375
0 0.734375 0.359375 0.031250 0.031250
0 0.606250 0.356250 0.031250 0.031250
