0 0.085938 0.867188 0.028125 0.028125
0 0.820312 0.528125 0.028125 0.031250
0 0.101562 0.895312 0.028125 0.028125
0 0.234375 0.893750 0.031250 0.031250
0 0.467187 0.895312 0.028125 0.028125
0 0.434375 0.896875 0.031250 0.031250
0 0.268750 0.896875 0.031250 0.031250
0 0.145313 0.493750 0.028125 0.031250
0 0.884375 0.585938 0.031250 0.028125
0 0.179688 0.665625 0.028125 0.031250
0 0.521875 0.809375 0.031250 0.031250
0 0.718750 0.809375 0.031250 0.031250
0 0.282813 0.925000 0.028125 0.031250
0 0.200000 0.832812 0.031250 0.034375
0 0.604688 0.667188 0.028125 0.028125
0 0.050000 0.493750 0.031250 0.031250
0 0.146875 0.434375 0.031250 0.031250
0 0.081250 0.434375 0.031250 0.031250
0 0.151562 0.868750 0.028125 0.031250
0 0.337500 0.837500 0.031250 0.031250
0 0.523438 0.695312 0.028125 0.028125
0 0.164062 0.635938 0.028125 0.028125
0 0.801562 0.668750 0.028125 0.031250
0 0.356250 0.693750 0.031250 0.031250
0 0.340625 0.665625 0.031250 0.031250
0 0.768750 0.839063 0.031250 0.028125
0 0.406250 0.665625 0.031250 0.031250
0 0.454688 0.812500 0.028125 0.031250
0 0.371875 0.665625 0.031250 0.031250
0 0.096875 0.521875 0.031250 0.031250
0 0.334375 0.896875 0.031250 0.031250
0 0.323437 0.695312 0.028125 0.028125
0 0.317188 0.925000 0.028125 0.031250
0 0.215625 0.865625 0.031250 0.031250
0 0.300000 0.951562 0.031250 0.028125
0 0.587500 0.753125 0.031250 0.031250
0 0.167187 0.953125 0.028125 0.031250
0 0.034375 0.896875 0.031250 0.031250
0 0.251563 0.867188 0.028125 0.028125
0 0.434375 0.839063 0.031250 0.028125
0 0.587500 0.695312 0.031250 0.028125
0 0.128125 0.807813 0.031250 0.028125
0 0.048438 0.923438 0.028125 0.028125
0 0.835938 0.556250 0.028125 0.031250
0 0.050000 0.868750 0.031250 0.031250
0 0.334375 0.953125 0.031250 0.031250
0 0.881250 0.412500 0.031250 0.031250
0 0.114062 0.493750 0.028125 0.031250
0 0.032813 0.951562 0.028125 0.028125
0 0.656250 0.525000 0.031250 0.031250
0 0.048438 0.437500 0.028125 0.031250
0 0.289062 0.809375 0.028125 0.031250
0 0.751563 0.809375 0.028125 0.031250
0 0.900000 0.382812 0.031250 0.028125
0 0.065625 0.893750 0.031250 0.031250
0 0.882812 0.528125 0.028125 0.031250
0 0.932813 0.440625 0.034375 0.031250
0 0.320312 0.867188 0.028125 0.028125
0 0.226562 0.753125 0.028125 0.031250
0 0.068750 0.840625 0.031250 0.031250
0 0.098437 0.750000 0.028125 0.031250
0 0.418750 0.809375 0.031250 0.031250
0 0.209375 0.781250 0.031250 0.031250
0 0.146875 0.665625 0.031250 0.031250
0 0.145313 0.609375 0.028125 0.031250
0 0.210938 0.606250 0.028125 0.031250
0 0.539062 0.554688 0.028125 0.028125
0 0.951562 0.529687 0.028125 0.028125
0 0.032813 0.521875 0.028125 0.031250
0 0.670312 0.610938 0.028125 0.028125
0 0.260937 0.407813 0.028125 0.028125
0 0.079687 0.375000 0.028125 0.031250
0 0.065625 0.953125 0.031250 0.031250
0 0.273438 0.781250 0.028125 0.031250
0 0.407813 0.610938 0.028125 0.028125
0 0.309375 0.381250 0.031250 0.031250
0 0.571875 0.496875 0.031250 0.031250
0 0.701562 0.782813 0.028125 0.028125
0 0.032813 0.695312 0.028125 0.028125
0 0.165625 0.839063 0.031250 0.028125
0 0.623437 0.639062 0.028125 0.028125
0 0.948438 0.412500 0.028125 0.031250
0 0.534375 0.839063 0.031250 0.028125
0 0.735938 0.839063 0.028125 0.028125
0 0.375000 0.609375 0.031250 0.031250
0 0.687500 0.640625 0.031250 0.031250
0 0.032813 0.748437 0.028125 0.028125
0 0.617188 0.867188 0.028125 0.028125
0 0.307812 0.665625 0.028125 0.031250
0 0.523438 0.753125 0.028125 0.031250
0 0.160938 0.692187 0.028125 0.028125
0 0.932813 0.843750 0.028125 0.031250
0 0.081250 0.664062 0.031250 0.028125
0 0.096875 0.406250 0.031250 0.031250
0 0.884375 0.643750 0.031250 0.031250
0 0.342187 0.723437 0.028125 0.028125
0 0.245312 0.378125 0.028125 0.031250
0 0.360938 0.525000 0.028125 0.031250
0 0.653125 0.637500 0.031250 0.031250
0 0.132812 0.579688 0.028125 0.028125
0 0.604688 0.723437 0.028125 0.028125
0 0.506250 0.725000 0.031250 0.031250
0 0.735938 0.725000 0.028125 0.031250
0 0.867188 0.381250 0.028125 0.031250
0 0.384375 0.867188 0.031250 0.028125
0 0.820312 0.585938 0.028125 0.028125
0 0.112500 0.778125 0.031250 0.031250
0 0.965625 0.501563 0.031250 0.028125
0 0.589063 0.582812 0.028125 0.028125
0 0.504687 0.554688 0.028125 0.028125
0 0.684375 0.812500 0.031250 0.031250
0 0.785937 0.810937 0.028125 0.028125
0 0.453125 0.865625 0.031250 0.031250
0 0.254688 0.809375 0.028125 0.031250
0 0.687500 0.414062 0.031250 0.028125
0 0.867188 0.671875 0.028125 0.031250
0 0.195312 0.692187 0.028125 0.028125
0 0.540625 0.725000 0.031250 0.031250
0 0.129688 0.750000 0.028125 0.031250
0 0.134375 0.895312 0.031250 0.028125
0 0.721875 0.526563 0.031250 0.028125
0 0.209375 0.721875 0.031250 0.031250
0 0.084375 0.923438 0.031250 0.028125
0 0.065625 0.635938 0.031250 0.028125
0 0.343750 0.553125 0.031250 0.031250
0 0.276562 0.607812 0.028125 0.028125
0 0.460938 0.525000 0.028125 0.031250
0 0.392188 0.525000 0.028125 0.031250
0 0.403125 0.782813 0.031250 0.028125
0 0.426563 0.525000 0.028125 0.031250
0 0.625000 0.581250 0.031250 0.031250
0 0.734375 0.440625 0.031250 0.031250
0 0.507812 0.665625 0.028125 0.031250
0 0.639062 0.607812 0.028125 0.028125
0 0.667188 0.898438 0.028125 0.028125
0 0.815625 0.870313 0.031250 0.028125
0 0.260937 0.523438 0.028125 0.028125
0 0.290625 0.695312 0.031250 0.028125
0 0.340625 0.609375 0.031250 0.031250
0 0.456250 0.637500 0.031250 0.031250
0 0.081250 0.721875 0.031250 0.031250
0 0.151562 0.925000 0.028125 0.031250
0 0.112500 0.434375 0.031250 0.031250
0 0.962500 0.615625 0.031250 0.031250
0 0.832812 0.843750 0.028125 0.031250
0 0.406250 0.723437 0.031250 0.028125
0 0.492188 0.525000 0.028125 0.031250
0 0.656250 0.412500 0.031250 0.031250
0 0.301563 0.839063 0.028125 0.028125
0 0.915625 0.531250 0.031250 0.031250
0 0.367188 0.895312 0.028125 0.028125
0 0.065625 0.806250 0.031250 0.031250
0 0.607812 0.610938 0.028125 0.028125
0 0.131250 0.521875 0.031250 0.031250
0 0.065625 0.579688 0.031250 0.028125
0 0.932813 0.384375 0.028125 0.031250
0 0.276562 0.551562 0.028125 0.028125
0 0.212500 0.665625 0.031250 0.031250
0 0.275000 0.723437 0.031250 0.028125
0 0.390625 0.696875 0.031250 0.031250
0 0.164062 0.520312 0.028125 0.028125
0 0.184375 0.923438 0.031250 0.034375
0 0.098437 0.635938 0.028125 0.028125
0 0.235937 0.837500 0.028125 0.031250
0 0.132812 0.953125 0.028125 0.031250
0 0.556250 0.412500 0.031250 0.031250
0 0.598437 0.953125 0.028125 0.031250
0 0.343750 0.378125 0.031250 0.031250
0 0.965625 0.440625 0.031250 0.031250
0 0.098437 0.464062 0.028125 0.028125
0 0.621875 0.525000 0.031250 0.031250
0 0.440625 0.554688 0.031250 0.028125
0 0.228125 0.695312 0.031250 0.028125
0 0.096875 0.807813 0.031250 0.028125
0 0.081250 0.779687 0.031250 0.028125
0 0.554688 0.695312 0.028125 0.028125
0 0.489063 0.637500 0.028125 0.031250
0 0.571875 0.665625 0.031250 0.031250
0 0.228125 0.407813 0.031250 0.028125
0 0.353125 0.867188 0.031250 0.028125
0 0.187500 0.868750 0.031250 0.031250
0 0.284375 0.868750 0.031250 0.031250
0 0.048438 0.665625 0.028125 0.031250
0 0.292187 0.579688 0.028125 0.028125
0 0.115625 0.378125 0.031250 0.031250
0 0.437500 0.782813 0.031250 0.028125
0 0.098437 0.953125 0.028125 0.031250
0 0.179688 0.434375 0.028125 0.031250
0 0.556250 0.639062 0.031250 0.028125
0 0.832812 0.728125 0.028125 0.031250
0 0.118750 0.868750 0.031250 0.031250
0 0.421875 0.753125 0.031250 0.031250
0 0.115625 0.720313 0.031250 0.028125
0 0.917188 0.353125 0.034375 0.031250
0 0.932813 0.729688 0.028125 0.028125
0 0.475000 0.437500 0.031250 0.031250
0 0.421875 0.695312 0.031250 0.028125
0 0.640625 0.553125 0.031250 0.031250
0 0.179688 0.551562 0.028125 0.028125
0 0.223438 0.807813 0.028125 0.028125
0 0.720313 0.639062 0.028125 0.028125
0 0.129688 0.635938 0.028125 0.028125
0 0.134375 0.839063 0.031250 0.028125
0 0.946875 0.584375 0.031250 0.031250
0 0.915625 0.585938 0.031250 0.028125
0 0.356250 0.751563 0.031250 0.028125
0 0.293750 0.407813 0.031250 0.028125
0 0.851562 0.414062 0.028125 0.028125
0 0.146875 0.721875 0.031250 0.031250
0 0.720313 0.409375 0.028125 0.031250
0 0.946875 0.471875 0.031250 0.031250
0 0.423438 0.639062 0.028125 0.028125
0 0.167187 0.895312 0.028125 0.028125
0 0.785937 0.585938 0.028125 0.028125
0 0.487500 0.753125 0.031250 0.031250
0 0.473438 0.554688 0.028125 0.028125
0 0.129688 0.462500 0.028125 0.031250
0 0.243750 0.435937 0.031250 0.028125
0 0.360938 0.465625 0.028125 0.031250
0 0.865625 0.443750 0.031250 0.031250
0 0.506250 0.381250 0.031250 0.031250
0 0.403125 0.839063 0.031250 0.028125
0 0.164062 0.406250 0.028125 0.031250
0 0.264062 0.951562 0.028125 0.028125
0 0.851562 0.700000 0.028125 0.031250
0 0.867188 0.614062 0.028125 0.028125
0 0.096875 0.692187 0.031250 0.028125
0 0.428125 0.465625 0.031250 0.031250
0 0.606250 0.440625 0.031250 0.031250
0 0.571875 0.782813 0.031250 0.028125
0 0.276562 0.376563 0.028125 0.028125
0 0.651563 0.812500 0.028125 0.031250
0 0.181250 0.493750 0.031250 0.031250
0 0.179688 0.607812 0.028125 0.028125
0 0.492188 0.465625 0.028125 0.031250
0 0.540625 0.667188 0.031250 0.028125
0 0.651563 0.753125 0.028125 0.031250
0 0.820312 0.756250 0.028125 0.031250
0 0.657813 0.584375 0.028125 0.031250
0 0.307812 0.610938 0.028125 0.028125
0 0.554688 0.753125 0.028125 0.031250
0 0.915625 0.643750 0.031250 0.031250
0 0.537500 0.781250 0.031250 0.031250
0 0.112500 0.607812 0.031250 0.028125
0 0.392188 0.581250 0.028125 0.031250
0 0.931250 0.671875 0.031250 0.031250
0 0.407813 0.495312 0.028125 0.028125
0 0.242188 0.495312 0.028125 0.028125
0 0.309375 0.437500 0.031250 0.031250
0 0.801562 0.556250 0.028125 0.031250
0 0.425000 0.581250 0.031250 0.031250
0 0.634375 0.895312 0.031250 0.028125
0 0.525000 0.468750 0.031250 0.031250
0 0.103125 0.839063 0.031250 0.028125
0 0.276562 0.437500 0.028125 0.031250
0 0.801562 0.784375 0.028125 0.031250
0 0.507812 0.495312 0.028125 0.028125
0 0.637500 0.440625 0.031250 0.031250
0 0.589063 0.412500 0.028125 0.031250
0 0.751563 0.756250 0.028125 0.031250
0 0.606250 0.554688 0.031250 0.028125
0 0.243750 0.609375 0.031250 0.031250
0 0.325000 0.525000 0.031250 0.031250
0 0.325000 0.581250 0.031250 0.031250
0 0.393750 0.409375 0.031250 0.031250
0 0.164062 0.465625 0.028125 0.031250
0 0.471875 0.381250 0.031250 0.031250
0 0.801562 0.840625 0.028125 0.031250
0 0.360938 0.409375 0.028125 0.031250
0 0.323437 0.751563 0.028125 0.028125
0 0.820312 0.470313 0.028125 0.028125
0 0.339062 0.779687 0.028125 0.028125
0 0.587500 0.810937 0.031250 0.028125
0 0.117188 0.923438 0.028125 0.028125
0 0.556250 0.526563 0.031250 0.028125
0 0.276562 0.665625 0.028125 0.031250
0 0.276562 0.493750 0.028125 0.031250
0 0.851562 0.585938 0.028125 0.028125
0 0.500000 0.893750 0.031250 0.031250
0 0.215625 0.921875 0.031250 0.031250
0 0.964063 0.557813 0.028125 0.028125
0 0.718750 0.753125 0.031250 0.031250
0 0.720313 0.696875 0.028125 0.031250
0 0.804688 0.612500 0.028125 0.031250
0 0.753125 0.526563 0.031250 0.028125
0 0.737500 0.610938 0.031250 0.028125
0 0.143750 0.779687 0.031250 0.028125
0 0.376563 0.551562 0.028125 0.028125
0 0.867188 0.900000 0.028125 0.031250
0 0.617188 0.925000 0.028125 0.031250
0 0.737500 0.556250 0.031250 0.031250
0 0.704688 0.610938 0.028125 0.028125
0 0.735938 0.782813 0.028125 0.028125
0 0.573438 0.556250 0.028125 0.031250
0 0.212500 0.376563 0.031250 0.028125
0 0.310937 0.723437 0.028125 0.028125
0 0.407813 0.554688 0.028125 0.028125
0 0.768750 0.782813 0.031250 0.028125
0 0.684375 0.753125 0.031250 0.031250
0 0.032813 0.635938 0.028125 0.028125
0 0.623437 0.695312 0.028125 0.028125
0 0.603125 0.896875 0.031250 0.031250
0 0.556250 0.581250 0.031250 0.031250
0 0.046875 0.376563 0.031250 0.028125
0 0.409375 0.381250 0.031250 0.031250
0 0.050000 0.721875 0.031250 0.031250
0 0.473438 0.609375 0.028125 0.031250
0 0.065625 0.523438 0.031250 0.028125
0 0.739062 0.498437 0.028125 0.028125
0 0.226562 0.523438 0.028125 0.028125
0 0.031250 0.407813 0.031250 0.028125
0 0.242188 0.664062 0.028125 0.028125
0 0.915625 0.412500 0.031250 0.031250
0 0.917188 0.759375 0.028125 0.031250
0 0.506250 0.609375 0.031250 0.031250
0 0.900000 0.615625 0.031250 0.031250
0 0.354687 0.810937 0.028125 0.028125
0 0.051562 0.776563 0.028125 0.028125
0 0.896875 0.443750 0.031250 0.031250
0 0.376563 0.379688 0.028125 0.028125
0 0.915625 0.700000 0.031250 0.031250
0 0.351562 0.923438 0.028125 0.028125
0 0.268750 0.839063 0.031250 0.028125
0 0.901563 0.500000 0.028125 0.031250
0 0.540625 0.610938 0.031250 0.028125
0 0.703125 0.440625 0.031250 0.031250
0 0.773438 0.500000 0.028125 0.031250
0 0.721875 0.470313 0.031250 0.028125
0 0.689063 0.582812 0.028125 0.028125
0 0.114062 0.665625 0.028125 0.031250
0 0.637500 0.726562 0.031250 0.028125
0 0.371875 0.782813 0.031250 0.028125
0 0.375000 0.723437 0.031250 0.028125
0 0.212500 0.437500 0.031250 0.031250
0 0.165625 0.578125 0.031250 0.031250
0 0.114062 0.550000 0.028125 0.031250
0 0.507812 0.439063 0.028125 0.028125
0 0.704688 0.496875 0.028125 0.031250
0 0.454688 0.753125 0.028125 0.031250
0 0.670312 0.782813 0.028125 0.028125
0 0.321875 0.807813 0.031250 0.028125
0 0.328125 0.409375 0.031250 0.031250
0 0.148438 0.550000 0.028125 0.031250
0 0.867188 0.729688 0.028125 0.028125
0 0.065625 0.692187 0.031250 0.028125
0 0.195312 0.523438 0.028125 0.028125
0 0.537500 0.381250 0.031250 0.031250
0 0.428125 0.412500 0.031250 0.031250
0 0.257812 0.639062 0.028125 0.028125
0 0.589063 0.637500 0.028125 0.031250
0 0.768750 0.379688 0.031250 0.028125
0 0.343750 0.496875 0.031250 0.031250
0 0.248438 0.923438 0.028125 0.028125
0 0.129688 0.690625 0.028125 0.031250
0 0.440625 0.381250 0.031250 0.031250
0 0.376563 0.439063 0.028125 0.028125
0 0.065625 0.465625 0.031250 0.031250
0 0.598437 0.839063 0.028125 0.028125
0 0.801562 0.440625 0.028125 0.031250
0 0.437500 0.723437 0.031250 0.028125
0 0.259375 0.692187 0.031250 0.028125
0 0.260937 0.579688 0.028125 0.028125
0 0.523438 0.525000 0.028125 0.031250
0 0.834375 0.384375 0.031250 0.031250
0 0.473438 0.495312 0.028125 0.028125
0 0.687500 0.528125 0.031250 0.031250
0 0.753125 0.584375 0.031250 0.031250
0 0.618750 0.753125 0.031250 0.031250
0 0.418750 0.868750 0.031250 0.031250
0 0.617188 0.810937 0.028125 0.028125
0 0.096875 0.578125 0.031250 0.031250
0 0.081250 0.493750 0.031250 0.031250
0 0.753125 0.410938 0.031250 0.028125
0 0.309375 0.551562 0.031250 0.028125
0 0.034375 0.806250 0.031250 0.031250
0 0.243750 0.725000 0.031250 0.031250
0 0.735938 0.379688 0.028125 0.028125
0 0.292187 0.639062 0.028125 0.028125
0 0.176563 0.720313 0.028125 0.028125
0 0.820312 0.698438 0.028125 0.028125
0 0.948438 0.642188 0.028125 0.028125
0 0.784375 0.414062 0.031250 0.028125
0 0.356250 0.637500 0.031250 0.031250
0 0.064062 0.406250 0.028125 0.031250
0 0.195312 0.635938 0.028125 0.028125
0 0.050000 0.551562 0.031250 0.028125
0 0.523438 0.637500 0.028125 0.031250
0 0.848437 0.870313 0.028125 0.028125
0 0.637500 0.665625 0.031250 0.031250
0 0.932813 0.501563 0.028125 0.028125
0 0.965625 0.384375 0.031250 0.031250
0 0.573438 0.610938 0.028125 0.028125
0 0.900000 0.557813 0.031250 0.028125
0 0.521875 0.409375 0.031250 0.031250
0 0.292187 0.465625 0.028125 0.031250
0 0.784375 0.642188 0.031250 0.028125
0 0.671875 0.381250 0.031250 0.031250
0 0.784375 0.529687 0.031250 0.028125
0 0.884375 0.703125 0.031250 0.031250
0 0.603125 0.381250 0.031250 0.031250
0 0.734375 0.896875 0.031250 0.031250
0 0.639062 0.498437 0.028125 0.028125
0 0.129688 0.406250 0.028125 0.031250
0 0.540625 0.496875 0.031250 0.031250
0 0.045312 0.607812 0.028125 0.028125
0 0.900000 0.673438 0.031250 0.028125
0 0.490625 0.412500 0.031250 0.031250
0 0.864062 0.956250 0.028125 0.031250
0 0.301563 0.896875 0.028125 0.031250
0 0.834375 0.612500 0.031250 0.031250
0 0.210938 0.551562 0.028125 0.028125
0 0.573438 0.723437 0.028125 0.028125
0 0.242188 0.551562 0.028125 0.028125
0 0.228125 0.579688 0.031250 0.028125
0 0.482812 0.923438 0.028125 0.028125
0 0.242188 0.779687 0.028125 0.028125
0 0.720313 0.584375 0.028125 0.031250
0 0.884375 0.351562 0.031250 0.034375
0 0.621875 0.409375 0.031250 0.031250
0 0.193750 0.751563 0.031250 0.028125
0 0.195312 0.407813 0.028125 0.028125
0 0.885938 0.757812 0.028125 0.028125
0 0.459375 0.409375 0.031250 0.031250
0 0.967187 0.842187 0.028125 0.028125
0 0.146875 0.375000 0.031250 0.031250
0 0.835938 0.443750 0.028125 0.031250
0 0.228125 0.465625 0.031250 0.031250
0 0.932813 0.557813 0.028125 0.028125
0 0.671875 0.556250 0.031250 0.031250
0 0.946875 0.700000 0.031250 0.031250
0 0.817187 0.814063 0.028125 0.028125
0 0.704688 0.556250 0.028125 0.031250
0 0.196875 0.345313 0.031250 0.034375
0 0.589063 0.523438 0.028125 0.028125
0 0.371875 0.837500 0.031250 0.031250
0 0.881250 0.870313 0.031250 0.028125
0 0.850000 0.353125 0.031250 0.031250
0 0.210938 0.492188 0.028125 0.028125
0 0.403125 0.896875 0.031250 0.031250
0 0.260937 0.467187 0.028125 0.028125
0 0.440625 0.495312 0.031250 0.028125
0 0.851562 0.756250 0.028125 0.031250
0 0.201563 0.951562 0.028125 0.028125
0 0.485938 0.864062 0.028125 0.028125
0 0.900000 0.729688 0.031250 0.028125
0 0.931250 0.614062 0.031250 0.028125
0 0.634375 0.837500 0.031250 0.031250
0 0.195312 0.465625 0.028125 0.031250
0 0.704688 0.670312 0.028125 0.028125
0 0.604688 0.498437 0.028125 0.028125
0 0.770312 0.612500 0.028125 0.031250
0 0.473438 0.782813 0.028125 0.028125
0 0.604688 0.779687 0.028125 0.028125
0 0.257812 0.753125 0.028125 0.031250
0 0.818750 0.412500 0.031250 0.031250
0 0.525000 0.581250 0.031250 0.031250
0 0.387500 0.751563 0.031250 0.028125
0 0.570312 0.839063 0.028125 0.028125
0 0.031250 0.464062 0.031250 0.028125
0 0.451562 0.926562 0.028125 0.028125
0 0.950000 0.353125 0.031250 0.031250
0 0.851562 0.642188 0.028125 0.028125
0 0.018750 0.925000 0.031250 0.031250
0 0.342187 0.435937 0.028125 0.028125
0 0.637500 0.381250 0.031250 0.031250
0 0.067187 0.748437 0.028125 0.028125
0 0.470313 0.723437 0.028125 0.028125
0 0.492188 0.581250 0.028125 0.031250
0 0.304688 0.779687 0.028125 0.028125
0 0.357812 0.581250 0.028125 0.031250
0 0.785937 0.470313 0.028125 0.028125
0 0.737500 0.667188 0.031250 0.028125
0 0.964063 0.900000 0.028125 0.031250
0 0.621875 0.470313 0.031250 0.028125
0 0.657813 0.470313 0.028125 0.028125
0 0.032813 0.579688 0.028125 0.028125
0 0.456250 0.581250 0.031250 0.031250
0 0.650000 0.867188 0.031250 0.028125
0 0.582812 0.923438 0.028125 0.028125
0 0.817187 0.639062 0.028125 0.028125
0 0.703125 0.726562 0.031250 0.028125
0 0.635938 0.782813 0.028125 0.028125
0 0.389062 0.635938 0.028125 0.028125
0 0.835938 0.784375 0.028125 0.031250
0 0.326562 0.635938 0.028125 0.028125
0 0.096875 0.345313 0.037500 0.034375
0 0.867188 0.784375 0.028125 0.031250
0 0.440625 0.607812 0.031250 0.028125
0 0.326562 0.348438 0.034375 0.034375
0 0.700000 0.896875 0.031250 0.031250
0 0.837500 0.500000 0.031250 0.031250
0 0.948438 0.815625 0.028125 0.031250
0 0.589063 0.467187 0.028125 0.028125
0 0.668750 0.726562 0.031250 0.028125
0 0.835938 0.900000 0.028125 0.031250
0 0.570312 0.381250 0.028125 0.031250
0 0.867188 0.557813 0.028125 0.028125
0 0.573438 0.440625 0.028125 0.031250
0 0.912500 0.928125 0.031250 0.031250
0 0.160938 0.751563 0.028125 0.028125
0 0.178125 0.378125 0.031250 0.031250
0 0.389062 0.810937 0.028125 0.028125
0 0.485938 0.807813 0.028125 0.028125
0 0.442188 0.667188 0.028125 0.028125
0 0.682813 0.925000 0.028125 0.031250
0 0.770312 0.442188 0.028125 0.028125
0 0.504687 0.779687 0.028125 0.028125
0 0.768750 0.670312 0.025000 0.028125
0 0.801562 0.379688 0.028125 0.028125
0 0.704688 0.382812 0.028125 0.028125
0 0.585938 0.348438 0.034375 0.034375
0 0.915625 0.814063 0.031250 0.028125
0 0.557813 0.467187 0.028125 0.028125
0 0.851562 0.529687 0.028125 0.028125
0 0.965625 0.731250 0.031250 0.031250
0 0.082812 0.607812 0.028125 0.028125
0 0.196875 0.579688 0.025000 0.028125
0 0.879687 0.929688 0.028125 0.028125
0 0.032813 0.839063 0.034375 0.034375
0 0.065625 0.346875 0.031250 0.031250
0 0.671875 0.439063 0.031250 0.028125
0 0.292187 0.523438 0.028125 0.028125
0 0.751563 0.640625 0.028125 0.031250
0 0.232813 0.954688 0.028125 0.028125
0 0.848437 0.929688 0.028125 0.028125
0 0.375000 0.495312 0.031250 0.028125
0 0.948438 0.759375 0.028125 0.031250
0 0.754687 0.471875 0.028125 0.031250
0 0.500000 0.953125 0.031250 0.031250
0 0.835938 0.668750 0.028125 0.031250
0 0.501563 0.839063 0.028125 0.028125
0 0.457813 0.467187 0.028125 0.028125
0 0.900000 0.845313 0.031250 0.028125
0 0.489063 0.348438 0.034375 0.034375
0 0.382812 0.925000 0.028125 0.031250
0 0.175000 0.778125 0.031250 0.031250
0 0.364063 0.953125 0.028125 0.031250
0 0.443750 0.439063 0.031250 0.028125
0 0.540625 0.440625 0.031250 0.031250
0 0.292187 0.751563 0.028125 0.028125
0 0.228125 0.639062 0.031250 0.028125
0 0.393750 0.465625 0.031250 0.031250
0 0.229687 0.345313 0.034375 0.034375
0 0.750000 0.868750 0.031250 0.031250
0 0.521875 0.350000 0.031250 0.031250
0 0.784375 0.754687 0.031250 0.028125
0 0.751563 0.696875 0.028125 0.031250
0 0.948438 0.929688 0.028125 0.028125
0 0.851562 0.470313 0.028125 0.028125
0 0.898438 0.956250 0.028125 0.031250
0 0.818750 0.350000 0.031250 0.031250
0 0.948438 0.873437 0.028125 0.028125
0 0.551562 0.348438 0.034375 0.034375
0 0.517188 0.867188 0.028125 0.028125
0 0.565625 0.954688 0.031250 0.028125
0 0.018750 0.721875 0.031250 0.031250
0 0.882812 0.471875 0.028125 0.031250
0 0.389062 0.346875 0.034375 0.031250
0 0.282813 0.978125 0.028125 0.025000
0 0.667188 0.839063 0.028125 0.028125
0 0.550000 0.867188 0.031250 0.028125
0 0.976562 0.700000 0.034375 0.031250
0 0.325000 0.468750 0.031250 0.031250
0 0.260937 0.346875 0.034375 0.031250
0 0.964063 0.671875 0.028125 0.031250
0 0.467187 0.951562 0.028125 0.028125
0 0.804688 0.496875 0.028125 0.031250
0 0.309375 0.493750 0.031250 0.031250
0 0.359375 0.350000 0.031250 0.031250
0 0.129688 0.345313 0.034375 0.034375
0 0.671875 0.495312 0.031250 0.034375
0 0.160938 0.807813 0.028125 0.028125
0 0.784375 0.353125 0.031250 0.031250
0 0.081250 0.978125 0.025000 0.025000
0 0.964063 0.956250 0.028125 0.031250
0 0.032813 0.345313 0.034375 0.034375
0 0.315625 0.978125 0.025000 0.025000
0 0.456250 0.348438 0.031250 0.034375
0 0.931250 0.959375 0.031250 0.031250
0 0.017188 0.551562 0.028125 0.028125
0 0.018750 0.665625 0.031250 0.031250
0 0.750000 0.925000 0.031250 0.031250
0 0.150000 0.978125 0.025000 0.025000
0 0.932813 0.785937 0.028125 0.028125
0 0.653125 0.353125 0.031250 0.031250
0 0.018750 0.779687 0.031250 0.028125
0 0.017188 0.434375 0.028125 0.031250
0 0.898438 0.785937 0.028125 0.028125
0 0.632812 0.951562 0.028125 0.028125
0 0.979688 0.928125 0.028125 0.031250
0 0.017188 0.607812 0.028125 0.028125
0 0.978125 0.468750 0.031250 0.031250
0 0.620313 0.351562 0.034375 0.034375
0 0.423438 0.348438 0.034375 0.034375
0 0.018750 0.868750 0.031250 0.031250
0 0.831250 0.956250 0.031250 0.031250
0 0.692187 0.467187 0.028125 0.028125
0 0.753125 0.351562 0.031250 0.028125
0 0.978125 0.642188 0.031250 0.028125
0 0.868750 0.500000 0.031250 0.031250
0 0.407813 0.435937 0.028125 0.028125
0 0.292187 0.350000 0.034375 0.031250
0 0.978125 0.584375 0.031250 0.031250
0 0.685937 0.351562 0.034375 0.034375
0 0.665625 0.954688 0.031250 0.028125
0 0.914062 0.470313 0.028125 0.028125
0 0.162500 0.350000 0.031250 0.031250
0 0.381250 0.978125 0.031250 0.031250
0 0.114062 0.976562 0.028125 0.028125
0 0.617188 0.978125 0.028125 0.031250
0 0.817187 0.926562 0.028125 0.028125
0 0.978125 0.759375 0.031250 0.031250
0 0.050000 0.978125 0.025000 0.025000
0 0.250000 0.978125 0.025000 0.025000
0 0.217188 0.978125 0.028125 0.025000
0 0.015625 0.378125 0.031250 0.031250
0 0.017188 0.493750 0.028125 0.031250
0 0.515625 0.925000 0.031250 0.031250
0 0.350000 0.979688 0.025000 0.028125
