0 0.901563 0.881250 0.028125 0.031250
0 0.071875 0.734375 0.031250 0.031250
0 0.803125 0.871875 0.031250 0.031250
0 0.115625 0.131250 0.031250 0.031250
0 0.150000 0.129688 0.031250 0.028125
0 0.096875 0.856250 0.031250 0.031250
0 0.787500 0.840625 0.031250 0.031250
0 0.939063 0.828125 0.028125 0.031250
0 0.146875 0.421875 0.031250 0.031250
0 0.040625 0.890625 0.031250 0.031250
0 0.334375 0.103125 0.031250 0.031250
0 0.887500 0.850000 0.031250 0.031250
0 0.684375 0.893750 0.031250 0.031250
0 0.042188 0.753125 0.028125 0.031250
0 0.042188 0.718750 0.028125 0.031250
0 0.100000 0.715625 0.031250 0.031250
0 0.054688 0.651563 0.028125 0.028125
0 0.165625 0.275000 0.031250 0.031250
0 0.337500 0.887500 0.031250 0.031250
0 0.396875 0.275000 0.031250 0.031250
0 0.903125 0.825000 0.031250 0.031250
0 0.878125 0.765625 0.031250 0.031250
0 0.115625 0.187500 0.031250 0.031250
0 0.282813 0.131250 0.028125 0.031250
0 0.315625 0.129688 0.031250 0.028125
0 0.095312 0.893750 0.028125 0.031250
0 0.281250 0.189062 0.031250 0.028125
0 0.551562 0.890625 0.028125 0.031250
0 0.132812 0.275000 0.028125 0.031250
0 0.845313 0.762500 0.028125 0.031250
0 0.190625 0.668750 0.031250 0.031250
0 0.246875 0.189062 0.031250 0.028125
0 0.050000 0.618750 0.031250 0.031250
0 0.923438 0.798438 0.028125 0.028125
0 0.042188 0.854688 0.028125 0.028125
0 0.581250 0.948438 0.031250 0.028125
0 0.101562 0.045312 0.028125 0.028125
0 0.048438 0.071875 0.028125 0.031250
0 0.048438 0.582812 0.028125 0.028125
0 0.634375 0.865625 0.031250 0.031250
0 0.765625 0.928125 0.031250 0.031250
0 0.282813 0.073438 0.028125 0.028125
0 0.348438 0.132812 0.028125 0.028125
0 0.667188 0.923438 0.028125 0.028125
0 0.032813 0.103125 0.028125 0.031250
0 0.268750 0.043750 0.031250 0.031250
0 0.667188 0.865625 0.028125 0.031250
0 0.651563 0.893750 0.028125 0.031250
0 0.721875 0.579688 0.031250 0.028125
0 0.840625 0.818750 0.031250 0.031250
0 0.460938 0.335938 0.028125 0.028125
0 0.073438 0.698438 0.028125 0.028125
0 0.568750 0.806250 0.031250 0.031250
0 0.589063 0.832812 0.028125 0.028125
0 0.918750 0.854688 0.031250 0.028125
0 0.393750 0.968750 0.031250 0.031250
0 0.100000 0.787500 0.031250 0.031250
0 0.126562 0.840625 0.028125 0.031250
0 0.131250 0.771875 0.031250 0.031250
0 0.165625 0.215625 0.031250 0.031250
0 0.295312 0.748437 0.034375 0.034375
0 0.050000 0.189062 0.031250 0.034375
0 0.070312 0.873437 0.028125 0.028125
0 0.737500 0.868750 0.031250 0.031250
0 0.598437 0.103125 0.028125 0.031250
0 0.953125 0.856250 0.031250 0.031250
0 0.070312 0.837500 0.028125 0.031250
0 0.100000 0.753125 0.031250 0.031250
0 0.079687 0.423438 0.028125 0.028125
0 0.159375 0.795312 0.031250 0.034375
0 0.607812 0.806250 0.028125 0.031250
0 0.656250 0.834375 0.031250 0.031250
0 0.421875 0.856250 0.031250 0.031250
0 0.081250 0.365625 0.031250 0.031250
0 0.231250 0.925000 0.031250 0.031250
0 0.218750 0.131250 0.031250 0.031250
0 0.167187 0.103125 0.028125 0.031250
0 0.032813 0.159375 0.028125 0.031250
0 0.184375 0.131250 0.031250 0.031250
0 0.078125 0.600000 0.031250 0.031250
0 0.128125 0.807813 0.031250 0.028125
0 0.128125 0.526563 0.031250 0.034375
0 0.265625 0.218750 0.031250 0.031250
0 0.868750 0.878125 0.031250 0.031250
0 0.479687 0.306250 0.028125 0.031250
0 0.098437 0.275000 0.028125 0.031250
0 0.134375 0.595313 0.031250 0.028125
0 0.098437 0.103125 0.028125 0.031250
0 0.485938 0.829688 0.028125 0.028125
0 0.196875 0.332813 0.031250 0.028125
0 0.042188 0.787500 0.028125 0.031250
0 0.915625 0.909375 0.031250 0.031250
0 0.509375 0.367188 0.031250 0.028125
0 0.231250 0.159375 0.031250 0.031250
0 0.882812 0.907813 0.028125 0.028125
0 0.081250 0.131250 0.031250 0.031250
0 0.071875 0.803125 0.031250 0.031250
0 0.182812 0.189062 0.028125 0.028125
0 0.095312 0.453125 0.028125 0.031250
0 0.128125 0.393750 0.031250 0.031250
0 0.414062 0.304688 0.028125 0.028125
0 0.782813 0.901563 0.028125 0.028125
0 0.181250 0.301563 0.031250 0.028125
0 0.071875 0.768750 0.031250 0.031250
0 0.329688 0.218750 0.028125 0.031250
0 0.101562 0.215625 0.028125 0.031250
0 0.162500 0.721875 0.031250 0.031250
0 0.059375 0.393750 0.031250 0.031250
0 0.140625 0.665625 0.031250 0.031250
0 0.835938 0.876563 0.028125 0.028125
0 0.106250 0.615625 0.031250 0.031250
0 0.721875 0.839063 0.031250 0.028125
0 0.125000 0.875000 0.031250 0.031250
0 0.501563 0.859375 0.028125 0.031250
0 0.065625 0.101562 0.031250 0.028125
0 0.732812 0.929688 0.028125 0.028125
0 0.151562 0.073438 0.028125 0.028125
0 0.345313 0.246875 0.028125 0.031250
0 0.271875 0.721875 0.031250 0.031250
0 0.018750 0.568750 0.031250 0.031250
0 0.234375 0.043750 0.031250 0.031250
0 0.246875 0.301563 0.031250 0.028125
0 0.750000 0.564063 0.031250 0.034375
0 0.065625 0.159375 0.031250 0.031250
0 0.215625 0.303125 0.031250 0.031250
0 0.768750 0.870313 0.031250 0.028125
0 0.100000 0.821875 0.031250 0.031250
0 0.371875 0.943750 0.031250 0.031250
0 0.081250 0.187500 0.031250 0.031250
0 0.128125 0.737500 0.031250 0.031250
0 0.392188 0.915625 0.028125 0.031250
0 0.296875 0.275000 0.031250 0.031250
0 0.131250 0.704688 0.031250 0.028125
0 0.110937 0.679688 0.028125 0.028125
0 0.157812 0.831250 0.034375 0.031250
0 0.689063 0.839063 0.028125 0.028125
0 0.082812 0.245312 0.028125 0.028125
0 0.862500 0.734375 0.031250 0.031250
0 0.362500 0.275000 0.031250 0.031250
0 0.021875 0.603125 0.031250 0.031250
0 0.178125 0.421875 0.031250 0.031250
0 0.178125 0.362500 0.031250 0.031250
0 0.493750 0.335938 0.031250 0.028125
0 0.356250 0.859375 0.031250 0.031250
0 0.289062 0.882812 0.034375 0.034375
0 0.703125 0.868750 0.031250 0.031250
0 0.781250 0.778125 0.031250 0.031250
0 0.103125 0.581250 0.031250 0.031250
0 0.065625 0.043750 0.031250 0.031250
0 0.568750 0.860938 0.031250 0.028125
0 0.043750 0.515625 0.031250 0.031250
0 0.250000 0.131250 0.031250 0.031250
0 0.135937 0.631250 0.028125 0.031250
0 0.846875 0.706250 0.031250 0.031250
0 0.178125 0.479687 0.031250 0.028125
0 0.043750 0.550000 0.031250 0.031250
0 0.050000 0.303125 0.031250 0.031250
0 0.198437 0.215625 0.028125 0.031250
0 0.265625 0.159375 0.031250 0.031250
0 0.412500 0.940625 0.031250 0.031250
0 0.781250 0.192188 0.031250 0.028125
0 0.131250 0.334375 0.031250 0.031250
0 0.559375 0.396875 0.031250 0.031250
0 0.312500 0.360938 0.031250 0.028125
0 0.167187 0.157812 0.028125 0.028125
0 0.195312 0.590625 0.034375 0.031250
0 0.184375 0.071875 0.031250 0.031250
0 0.585938 0.776563 0.028125 0.028125
0 0.101562 0.546875 0.028125 0.031250
0 0.582812 0.132812 0.028125 0.028125
0 0.407813 0.885938 0.028125 0.028125
0 0.396875 0.218750 0.031250 0.031250
0 0.125000 0.912500 0.031250 0.031250
0 0.148438 0.304688 0.028125 0.028125
0 0.198437 0.275000 0.028125 0.031250
0 0.893750 0.734375 0.031250 0.031250
0 0.645312 0.539062 0.028125 0.028125
0 0.131250 0.562500 0.031250 0.031250
0 0.079687 0.634375 0.028125 0.031250
0 0.296875 0.159375 0.031250 0.031250
0 0.156250 0.864062 0.031250 0.034375
0 0.971875 0.831250 0.031250 0.031250
0 0.214062 0.189062 0.028125 0.028125
0 0.535937 0.859375 0.028125 0.031250
0 0.375000 0.885938 0.031250 0.028125
0 0.100000 0.159375 0.031250 0.031250
0 0.864062 0.935937 0.028125 0.028125
0 0.740625 0.812500 0.031250 0.031250
0 0.662500 0.162500 0.031250 0.031250
0 0.648438 0.953125 0.028125 0.031250
0 0.162500 0.689063 0.031250 0.028125
0 0.150000 0.187500 0.031250 0.031250
0 0.565625 0.918750 0.031250 0.031250
0 0.718750 0.900000 0.031250 0.031250
0 0.317188 0.075000 0.028125 0.031250
0 0.043750 0.684375 0.031250 0.031250
0 0.912500 0.968750 0.031250 0.031250
0 0.254688 0.898438 0.034375 0.034375
0 0.598437 0.160938 0.028125 0.028125
0 0.862500 0.678125 0.031250 0.031250
0 0.414062 0.246875 0.028125 0.031250
0 0.035937 0.923438 0.028125 0.028125
0 0.312500 0.246875 0.031250 0.031250
0 0.564063 0.453125 0.028125 0.031250
0 0.334375 0.834375 0.031250 0.031250
0 0.446875 0.304688 0.031250 0.028125
0 0.164062 0.331250 0.028125 0.031250
0 0.678125 0.537500 0.031250 0.031250
0 0.618750 0.892188 0.031250 0.028125
0 0.200000 0.159375 0.031250 0.031250
0 0.700000 0.926562 0.031250 0.028125
0 0.082812 0.667188 0.028125 0.028125
0 0.314063 0.303125 0.028125 0.031250
0 0.332813 0.046875 0.028125 0.031250
0 0.331250 0.934375 0.031250 0.031250
0 0.300000 0.101562 0.031250 0.028125
0 0.034375 0.334375 0.031250 0.031250
0 0.229687 0.275000 0.028125 0.031250
0 0.617188 0.129688 0.028125 0.028125
0 0.490625 0.393750 0.031250 0.031250
0 0.167187 0.642188 0.028125 0.028125
0 0.346875 0.190625 0.031250 0.031250
0 0.817187 0.904687 0.028125 0.028125
0 0.270313 0.929688 0.034375 0.034375
0 0.706250 0.812500 0.031250 0.031250
0 0.829688 0.734375 0.028125 0.031250
0 0.231250 0.218750 0.031250 0.031250
0 0.881250 0.704688 0.031250 0.028125
0 0.065625 0.937500 0.031250 0.031250
0 0.428125 0.334375 0.031250 0.031250
0 0.309375 0.909375 0.031250 0.031250
0 0.739062 0.500000 0.028125 0.031250
0 0.345313 0.304688 0.028125 0.028125
0 0.771875 0.809375 0.031250 0.031250
0 0.615625 0.540625 0.031250 0.031250
0 0.050000 0.129688 0.031250 0.028125
0 0.600000 0.921875 0.031250 0.031250
0 0.046875 0.481250 0.031250 0.031250
0 0.112500 0.362500 0.031250 0.031250
0 0.914062 0.134375 0.028125 0.031250
0 0.896875 0.939063 0.031250 0.028125
0 0.198437 0.920312 0.028125 0.028125
0 0.218750 0.075000 0.031250 0.031250
0 0.412500 0.193750 0.031250 0.031250
0 0.150000 0.245312 0.031250 0.028125
0 0.235937 0.723437 0.034375 0.034375
0 0.046875 0.425000 0.031250 0.031250
0 0.309375 0.975000 0.031250 0.031250
0 0.246875 0.246875 0.031250 0.031250
0 0.429688 0.914062 0.028125 0.028125
0 0.046875 0.365625 0.031250 0.031250
0 0.603125 0.745313 0.031250 0.028125
0 0.117188 0.301563 0.028125 0.028125
0 0.093750 0.393750 0.031250 0.031250
0 0.512500 0.307812 0.031250 0.028125
0 0.387500 0.854688 0.031250 0.028125
0 0.625000 0.571875 0.031250 0.031250
0 0.585938 0.892188 0.028125 0.028125
0 0.134375 0.045312 0.031250 0.028125
0 0.359375 0.162500 0.031250 0.031250
0 0.131250 0.100000 0.031250 0.031250
0 0.645312 0.482812 0.028125 0.028125
0 0.065625 0.218750 0.031250 0.031250
0 0.065625 0.273438 0.031250 0.028125
0 0.217188 0.892188 0.034375 0.034375
0 0.160938 0.575000 0.028125 0.031250
0 0.314063 0.189062 0.028125 0.028125
0 0.190625 0.704688 0.031250 0.034375
0 0.293750 0.334375 0.031250 0.031250
0 0.692187 0.450000 0.028125 0.031250
0 0.428125 0.390625 0.031250 0.031250
0 0.614062 0.950000 0.028125 0.031250
0 0.109375 0.648438 0.031250 0.028125
0 0.831250 0.932813 0.031250 0.028125
0 0.181250 0.245312 0.031250 0.028125
0 0.289062 0.550000 0.034375 0.031250
0 0.431250 0.276562 0.031250 0.028125
0 0.032813 0.217188 0.028125 0.028125
0 0.278125 0.303125 0.031250 0.031250
0 0.021875 0.403125 0.031250 0.031250
0 0.617188 0.776563 0.028125 0.028125
0 0.096875 0.928125 0.031250 0.031250
0 0.146875 0.365625 0.031250 0.031250
0 0.162500 0.609375 0.031250 0.031250
0 0.034375 0.043750 0.031250 0.031250
0 0.640625 0.425000 0.031250 0.031250
0 0.048438 0.245312 0.028125 0.028125
0 0.959375 0.800000 0.031250 0.031250
0 0.023438 0.635938 0.028125 0.028125
0 0.265625 0.101562 0.031250 0.028125
0 0.371875 0.828125 0.031250 0.031250
0 0.956250 0.742188 0.031250 0.034375
0 0.343750 0.965625 0.031250 0.031250
0 0.065625 0.334375 0.031250 0.031250
0 0.392188 0.392188 0.028125 0.028125
0 0.596875 0.510938 0.031250 0.028125
0 0.440625 0.882812 0.031250 0.034375
0 0.798438 0.931250 0.028125 0.031250
0 0.071875 0.532813 0.031250 0.028125
0 0.756250 0.840625 0.031250 0.031250
0 0.190625 0.820312 0.037500 0.034375
0 0.807813 0.762500 0.028125 0.031250
0 0.879687 0.457813 0.028125 0.028125
0 0.307812 0.779687 0.034375 0.034375
0 0.434375 0.046875 0.031250 0.031250
0 0.789062 0.623437 0.034375 0.034375
0 0.081250 0.073438 0.031250 0.028125
0 0.690625 0.782813 0.031250 0.028125
0 0.714063 0.548438 0.028125 0.028125
0 0.309375 0.812500 0.031250 0.031250
0 0.343750 0.362500 0.031250 0.031250
0 0.528125 0.393750 0.031250 0.031250
0 0.898438 0.104688 0.028125 0.028125
0 0.218750 0.653125 0.031250 0.031250
0 0.675000 0.809375 0.031250 0.031250
0 0.676562 0.423438 0.028125 0.028125
0 0.162500 0.453125 0.031250 0.031250
0 0.643750 0.756250 0.031250 0.031250
0 0.348438 0.071875 0.028125 0.031250
0 0.198437 0.743750 0.034375 0.037500
0 0.853125 0.850000 0.031250 0.031250
0 0.526563 0.339062 0.028125 0.028125
0 0.381250 0.306250 0.031250 0.031250
0 0.821875 0.845313 0.031250 0.028125
0 0.803125 0.812500 0.031250 0.031250
0 0.360938 0.332813 0.028125 0.028125
0 0.073438 0.564063 0.028125 0.028125
0 0.503125 0.642188 0.031250 0.028125
0 0.814063 0.192188 0.028125 0.028125
0 0.943750 0.771875 0.031250 0.031250
0 0.256250 0.751563 0.031250 0.034375
0 0.548438 0.946875 0.028125 0.031250
0 0.850000 0.134375 0.031250 0.031250
0 0.646875 0.250000 0.031250 0.031250
0 0.185938 0.775000 0.034375 0.037500
0 0.112500 0.423438 0.031250 0.028125
0 0.646875 0.190625 0.031250 0.031250
0 0.946875 0.135937 0.031250 0.028125
0 0.535937 0.160938 0.028125 0.028125
0 0.212500 0.362500 0.031250 0.031250
0 0.132812 0.217188 0.028125 0.028125
0 0.403125 0.628125 0.031250 0.031250
0 0.864062 0.104688 0.028125 0.028125
0 0.540625 0.729688 0.031250 0.028125
0 0.478125 0.364063 0.031250 0.028125
0 0.162500 0.509375 0.031250 0.031250
0 0.795312 0.220312 0.028125 0.028125
0 0.390625 0.453125 0.031250 0.031250
0 0.442188 0.820312 0.034375 0.034375
0 0.543750 0.425000 0.031250 0.031250
0 0.879687 0.964063 0.028125 0.028125
0 0.234375 0.103125 0.031250 0.031250
0 0.215625 0.245312 0.031250 0.028125
0 0.534375 0.917188 0.031250 0.028125
0 0.931250 0.937500 0.031250 0.031250
0 0.437500 0.428125 0.031250 0.031250
0 0.062500 0.453125 0.031250 0.031250
0 0.315625 0.865625 0.031250 0.031250
0 0.543750 0.365625 0.031250 0.031250
0 0.568750 0.746875 0.031250 0.031250
0 0.157812 0.756250 0.034375 0.031250
0 0.314063 0.620313 0.028125 0.028125
0 0.184375 0.892188 0.031250 0.034375
0 0.646875 0.787500 0.031250 0.031250
0 0.796875 0.729688 0.031250 0.034375
0 0.659375 0.453125 0.031250 0.031250
0 0.846875 0.964063 0.031250 0.028125
0 0.193750 0.625000 0.031250 0.031250
0 0.721875 0.784375 0.031250 0.031250
0 0.250000 0.073438 0.031250 0.028125
0 0.470313 0.800000 0.028125 0.031250
0 0.464062 0.273438 0.028125 0.028125
0 0.882812 0.020313 0.028125 0.028125
0 0.276562 0.975000 0.034375 0.031250
0 0.664062 0.218750 0.028125 0.031250
0 0.829688 0.678125 0.028125 0.031250
0 0.134375 0.157812 0.031250 0.028125
0 0.018750 0.131250 0.031250 0.031250
0 0.382812 0.073438 0.028125 0.028125
0 0.964063 0.106250 0.028125 0.031250
0 0.893750 0.673438 0.031250 0.028125
0 0.567187 0.103125 0.028125 0.031250
0 0.517188 0.192188 0.028125 0.028125
0 0.115625 0.479687 0.031250 0.028125
0 0.581250 0.718750 0.031250 0.031250
0 0.617188 0.075000 0.028125 0.031250
0 0.156250 0.931250 0.031250 0.031250
0 0.375000 0.421875 0.031250 0.031250
0 0.117188 0.073438 0.028125 0.028125
0 0.809375 0.959375 0.031250 0.031250
0 0.393750 0.334375 0.031250 0.031250
0 0.200000 0.101562 0.031250 0.028125
0 0.117188 0.245312 0.028125 0.028125
0 0.506250 0.803125 0.031250 0.031250
0 0.100000 0.334375 0.031250 0.031250
0 0.675000 0.756250 0.031250 0.031250
0 0.882812 0.132812 0.028125 0.028125
0 0.328125 0.332813 0.031250 0.028125
0 0.657813 0.667188 0.028125 0.028125
0 0.515625 0.887500 0.031250 0.031250
0 0.348438 0.801562 0.034375 0.034375
0 0.146875 0.481250 0.031250 0.031250
0 0.495312 0.278125 0.028125 0.031250
0 0.314063 0.681250 0.028125 0.031250
0 0.365625 0.220312 0.031250 0.028125
0 0.378125 0.651563 0.031250 0.034375
0 0.151562 0.896875 0.034375 0.031250
0 0.376563 0.362500 0.028125 0.031250
0 0.934375 0.884375 0.031250 0.031250
0 0.356250 0.912500 0.031250 0.031250
0 0.975000 0.775000 0.031250 0.031250
0 0.271875 0.667188 0.031250 0.034375
0 0.446875 0.675000 0.031250 0.031250
0 0.578125 0.481250 0.031250 0.031250
0 0.945312 0.968750 0.034375 0.031250
0 0.750000 0.900000 0.031250 0.031250
0 0.431250 0.967187 0.031250 0.028125
0 0.848437 0.076563 0.028125 0.028125
0 0.709375 0.753125 0.031250 0.031250
0 0.965625 0.884375 0.031250 0.031250
0 0.328125 0.160938 0.031250 0.028125
0 0.564063 0.510938 0.028125 0.028125
0 0.676562 0.481250 0.028125 0.031250
0 0.753125 0.634375 0.031250 0.031250
0 0.528125 0.281250 0.031250 0.031250
0 0.195312 0.392188 0.028125 0.028125
0 0.289062 0.842187 0.034375 0.034375
0 0.662500 0.725000 0.031250 0.031250
0 0.831250 0.164062 0.031250 0.028125
0 0.890625 0.793750 0.031250 0.031250
0 0.578125 0.423438 0.031250 0.028125
0 0.017188 0.534375 0.028125 0.031250
0 0.693750 0.600000 0.031250 0.031250
0 0.017188 0.073438 0.028125 0.028125
0 0.517188 0.132812 0.028125 0.028125
0 0.612500 0.481250 0.031250 0.031250
0 0.915625 0.079687 0.031250 0.028125
0 0.778125 0.959375 0.031250 0.031250
0 0.632812 0.921875 0.028125 0.031250
0 0.300000 0.943750 0.031250 0.031250
0 0.331250 0.648438 0.031250 0.028125
0 0.064062 0.904687 0.028125 0.028125
0 0.851562 0.904687 0.028125 0.028125
0 0.159375 0.543750 0.031250 0.031250
0 0.081250 0.487500 0.031250 0.031250
0 0.546875 0.481250 0.031250 0.031250
0 0.229687 0.331250 0.028125 0.031250
0 0.301563 0.046875 0.028125 0.031250
0 0.406250 0.828125 0.031250 0.031250
0 0.128125 0.453125 0.031250 0.031250
0 0.842187 0.645312 0.028125 0.028125
0 0.359375 0.390625 0.031250 0.031250
0 0.167187 0.043750 0.028125 0.031250
0 0.609375 0.425000 0.031250 0.031250
0 0.518750 0.765625 0.031250 0.031250
0 0.562500 0.978125 0.031250 0.031250
0 0.603125 0.864062 0.031250 0.028125
0 0.296875 0.218750 0.031250 0.031250
0 0.329688 0.275000 0.028125 0.031250
0 0.676562 0.307812 0.028125 0.028125
0 0.745313 0.957812 0.028125 0.028125
0 0.537500 0.803125 0.031250 0.031250
0 0.160938 0.390625 0.028125 0.031250
0 0.450000 0.940625 0.031250 0.031250
0 0.431250 0.220312 0.031250 0.028125
0 0.446875 0.248438 0.031250 0.028125
0 0.304688 0.712500 0.034375 0.031250
0 0.476562 0.614062 0.034375 0.034375
0 0.043750 0.820312 0.031250 0.028125
0 0.759375 0.596875 0.031250 0.031250
0 0.807813 0.651563 0.028125 0.028125
0 0.265625 0.518750 0.031250 0.031250
0 0.776563 0.545312 0.028125 0.028125
0 0.437500 0.490625 0.031250 0.031250
0 0.625000 0.671875 0.031250 0.031250
0 0.603125 0.046875 0.031250 0.031250
0 0.303125 0.590625 0.031250 0.031250
0 0.423438 0.460938 0.028125 0.028125
0 0.664062 0.278125 0.028125 0.031250
0 0.487500 0.453125 0.031250 0.031250
0 0.459375 0.850000 0.031250 0.031250
0 0.696875 0.220312 0.031250 0.028125
0 0.496875 0.975000 0.031250 0.031250
0 0.100000 0.512500 0.031250 0.031250
0 0.964063 0.050000 0.028125 0.031250
0 0.879687 0.079687 0.028125 0.028125
0 0.581250 0.540625 0.031250 0.031250
0 0.387500 0.162500 0.031250 0.031250
0 0.709375 0.481250 0.031250 0.031250
0 0.248438 0.960938 0.034375 0.034375
0 0.456250 0.643750 0.031250 0.031250
0 0.745313 0.529687 0.028125 0.028125
0 0.528125 0.453125 0.031250 0.031250
0 0.273438 0.785937 0.034375 0.034375
0 0.417187 0.590625 0.034375 0.031250
0 0.242188 0.496875 0.034375 0.031250
0 0.196875 0.525000 0.031250 0.031250
0 0.220312 0.687500 0.034375 0.031250
0 0.262500 0.275000 0.031250 0.031250
0 0.193750 0.448437 0.031250 0.028125
0 0.567187 0.160938 0.028125 0.028125
0 0.442188 0.365625 0.028125 0.031250
0 0.084375 0.017188 0.031250 0.028125
0 0.421875 0.731250 0.031250 0.031250
0 0.464062 0.970313 0.028125 0.028125
0 0.182812 0.950000 0.034375 0.031250
0 0.215625 0.954688 0.031250 0.034375
0 0.798438 0.687500 0.028125 0.031250
0 0.776563 0.657813 0.028125 0.028125
0 0.559375 0.696875 0.031250 0.031250
0 0.378125 0.190625 0.031250 0.031250
0 0.251563 0.693750 0.028125 0.031250
0 0.468750 0.046875 0.031250 0.031250
0 0.320312 0.564063 0.034375 0.034375
0 0.681250 0.250000 0.031250 0.031250
0 0.418750 0.162500 0.031250 0.031250
0 0.742188 0.759375 0.034375 0.031250
0 0.412500 0.362500 0.031250 0.031250
0 0.689063 0.568750 0.028125 0.031250
0 0.665625 0.104688 0.031250 0.028125
0 0.271875 0.578125 0.031250 0.031250
0 0.614062 0.190625 0.028125 0.031250
0 0.760938 0.220312 0.028125 0.028125
0 0.456250 0.459375 0.031250 0.031250
0 0.931250 0.106250 0.031250 0.031250
0 0.446875 0.190625 0.031250 0.031250
0 0.300000 0.653125 0.031250 0.031250
0 0.017188 0.189062 0.028125 0.028125
0 0.714063 0.956250 0.028125 0.031250
0 0.415625 0.660937 0.031250 0.034375
0 0.421875 0.557813 0.031250 0.028125
0 0.593750 0.396875 0.031250 0.031250
0 0.867188 0.050000 0.028125 0.031250
0 0.632812 0.101562 0.028125 0.028125
0 0.682813 0.684375 0.034375 0.031250
0 0.440625 0.787500 0.031250 0.031250
0 0.228125 0.529687 0.031250 0.028125
0 0.415625 0.693750 0.031250 0.031250
0 0.848437 0.018750 0.028125 0.031250
0 0.648438 0.132812 0.028125 0.028125
0 0.437500 0.617188 0.031250 0.034375
0 0.481250 0.665625 0.031250 0.031250
0 0.632812 0.045312 0.028125 0.028125
0 0.768750 0.745313 0.031250 0.034375
0 0.831250 0.104688 0.031250 0.028125
0 0.951562 0.703125 0.028125 0.031250
0 0.628125 0.456250 0.031250 0.031250
0 0.406250 0.418750 0.031250 0.031250
0 0.050000 0.017188 0.031250 0.028125
0 0.918750 0.712500 0.031250 0.031250
0 0.340625 0.426563 0.031250 0.034375
0 0.125000 0.943750 0.031250 0.031250
0 0.900000 0.426563 0.031250 0.034375
0 0.082812 0.301563 0.028125 0.028125
0 0.595313 0.453125 0.028125 0.031250
0 0.515625 0.946875 0.031250 0.031250
0 0.017188 0.837500 0.028125 0.031250
0 0.367188 0.046875 0.028125 0.031250
0 0.450000 0.578125 0.031250 0.031250
0 0.553125 0.775000 0.031250 0.031250
0 0.340625 0.600000 0.031250 0.031250
0 0.712500 0.515625 0.031250 0.031250
0 0.281250 0.245312 0.031250 0.028125
0 0.781250 0.578125 0.031250 0.031250
0 0.260937 0.331250 0.028125 0.031250
0 0.512500 0.421875 0.031250 0.031250
0 0.254688 0.639062 0.034375 0.034375
0 0.770312 0.514062 0.028125 0.028125
0 0.520312 0.829688 0.028125 0.028125
0 0.037500 0.953125 0.031250 0.031250
0 0.528125 0.978125 0.031250 0.031250
0 0.825000 0.787500 0.031250 0.031250
0 0.276562 0.362500 0.028125 0.031250
0 0.032813 0.275000 0.028125 0.031250
0 0.425000 0.518750 0.031250 0.031250
0 0.800000 0.523438 0.031250 0.028125
0 0.407813 0.793750 0.034375 0.031250
0 0.695312 0.276562 0.028125 0.028125
0 0.189062 0.557813 0.028125 0.028125
0 0.378125 0.248438 0.031250 0.028125
0 0.629687 0.220312 0.028125 0.028125
0 0.390625 0.567187 0.031250 0.034375
0 0.964063 0.945312 0.034375 0.034375
0 0.581250 0.073438 0.031250 0.028125
0 0.550000 0.190625 0.031250 0.031250
0 0.500000 0.043750 0.031250 0.031250
0 0.514062 0.251563 0.028125 0.028125
0 0.926562 0.160938 0.028125 0.028125
0 0.256250 0.548438 0.031250 0.028125
0 0.225000 0.618750 0.031250 0.031250
0 0.470313 0.425000 0.028125 0.031250
0 0.681250 0.954688 0.031250 0.028125
0 0.848437 0.192188 0.028125 0.028125
0 0.629687 0.510938 0.028125 0.028125
0 0.550000 0.132812 0.031250 0.028125
0 0.657813 0.568750 0.034375 0.031250
0 0.728125 0.612500 0.031250 0.031250
0 0.590625 0.673438 0.031250 0.034375
0 0.667188 0.045312 0.028125 0.028125
0 0.403125 0.048438 0.031250 0.028125
0 0.490625 0.696875 0.031250 0.031250
0 0.864062 0.165625 0.028125 0.031250
0 0.525000 0.667188 0.031250 0.028125
0 0.923438 0.495312 0.028125 0.028125
0 0.343750 0.765625 0.031250 0.031250
0 0.609375 0.700000 0.031250 0.031250
0 0.628125 0.728125 0.031250 0.031250
0 0.767188 0.481250 0.028125 0.031250
0 0.798438 0.164062 0.028125 0.028125
0 0.484375 0.131250 0.031250 0.031250
0 0.589063 0.571875 0.028125 0.031250
0 0.364063 0.098437 0.028125 0.028125
0 0.328125 0.735938 0.031250 0.034375
0 0.512500 0.484375 0.031250 0.031250
0 0.834375 0.048438 0.031250 0.028125
0 0.698438 0.160938 0.028125 0.028125
0 0.765625 0.165625 0.031250 0.031250
0 0.925000 0.746875 0.031250 0.031250
0 0.525000 0.700000 0.031250 0.031250
0 0.378125 0.603125 0.031250 0.031250
0 0.509375 0.734375 0.031250 0.031250
0 0.725000 0.450000 0.031250 0.031250
0 0.459375 0.390625 0.031250 0.031250
0 0.017188 0.801562 0.028125 0.028125
0 0.450000 0.706250 0.031250 0.031250
0 0.912500 0.193750 0.031250 0.031250
0 0.667188 0.621875 0.028125 0.031250
0 0.659375 0.393750 0.031250 0.031250
0 0.484375 0.071875 0.031250 0.031250
0 0.270313 0.482812 0.034375 0.034375
0 0.642188 0.698438 0.028125 0.028125
0 0.629687 0.160938 0.028125 0.028125
0 0.892188 0.490625 0.028125 0.031250
0 0.829688 0.221875 0.028125 0.031250
0 0.209375 0.493750 0.031250 0.031250
0 0.151562 0.965625 0.028125 0.031250
0 0.950000 0.915625 0.031250 0.031250
0 0.251563 0.015625 0.028125 0.031250
0 0.959375 0.673438 0.031250 0.034375
0 0.284375 0.018750 0.031250 0.031250
0 0.014063 0.735938 0.028125 0.028125
0 0.598437 0.976562 0.028125 0.028125
0 0.403125 0.487500 0.031250 0.031250
0 0.948438 0.076563 0.028125 0.028125
0 0.151562 0.018750 0.028125 0.031250
0 0.085938 0.962500 0.034375 0.031250
0 0.318750 0.015625 0.031250 0.031250
0 0.228125 0.460938 0.031250 0.034375
0 0.812500 0.587500 0.031250 0.031250
0 0.556250 0.662500 0.031250 0.031250
0 0.660937 0.510938 0.028125 0.028125
0 0.554688 0.832812 0.028125 0.028125
0 0.481250 0.943750 0.031250 0.031250
0 0.909375 0.464062 0.031250 0.028125
0 0.387500 0.709375 0.031250 0.031250
0 0.450000 0.542188 0.031250 0.034375
0 0.187500 0.018750 0.031250 0.031250
0 0.360938 0.539062 0.034375 0.034375
0 0.710938 0.307812 0.028125 0.028125
0 0.375000 0.782813 0.031250 0.034375
0 0.381250 0.128125 0.031250 0.031250
0 0.575000 0.365625 0.031250 0.031250
0 0.451562 0.076563 0.028125 0.028125
0 0.278125 0.615625 0.031250 0.031250
0 0.392188 0.743750 0.034375 0.031250
0 0.450000 0.017188 0.031250 0.034375
0 0.714063 0.248438 0.028125 0.028125
0 0.798438 0.489063 0.028125 0.028125
0 0.700000 0.048438 0.031250 0.028125
0 0.353125 0.706250 0.031250 0.031250
0 0.925000 0.681250 0.031250 0.031250
0 0.637500 0.642188 0.031250 0.028125
0 0.017188 0.246875 0.028125 0.031250
0 0.771875 0.709375 0.031250 0.031250
0 0.868750 0.426563 0.031250 0.028125
0 0.506250 0.162500 0.031250 0.031250
0 0.532813 0.220312 0.028125 0.028125
0 0.353125 0.673438 0.031250 0.028125
0 0.898438 0.164062 0.028125 0.028125
0 0.535937 0.635938 0.028125 0.028125
0 0.509375 0.610938 0.031250 0.028125
0 0.659375 0.334375 0.031250 0.031250
0 0.682813 0.076563 0.028125 0.028125
0 0.209375 0.418750 0.031250 0.031250
0 0.237500 0.587500 0.031250 0.031250
0 0.356250 0.573438 0.031250 0.034375
0 0.017188 0.304688 0.028125 0.028125
0 0.707812 0.423438 0.028125 0.028125
0 0.117188 0.020313 0.028125 0.028125
0 0.729688 0.160938 0.028125 0.028125
0 0.446875 0.159375 0.031250 0.031250
0 0.548438 0.540625 0.034375 0.031250
0 0.907813 0.521875 0.028125 0.031250
0 0.687500 0.651563 0.031250 0.034375
0 0.679688 0.192188 0.028125 0.028125
0 0.218750 0.559375 0.031250 0.031250
0 0.693750 0.334375 0.031250 0.031250
0 0.534375 0.103125 0.031250 0.031250
0 0.315625 0.471875 0.037500 0.037500
0 0.815625 0.134375 0.031250 0.031250
0 0.546875 0.250000 0.031250 0.031250
0 0.959375 0.165625 0.031250 0.031250
0 0.396875 0.537500 0.031250 0.031250
0 0.478125 0.165625 0.031250 0.031250
0 0.325000 0.392188 0.031250 0.028125
0 0.015625 0.768750 0.031250 0.031250
0 0.356250 0.626563 0.031250 0.028125
0 0.501563 0.104688 0.028125 0.028125
0 0.543750 0.309375 0.031250 0.031250
0 0.479687 0.481250 0.028125 0.031250
0 0.356250 0.457813 0.031250 0.034375
0 0.417187 0.018750 0.028125 0.031250
0 0.871875 0.650000 0.031250 0.031250
0 0.620313 0.835938 0.028125 0.028125
0 0.378125 0.506250 0.031250 0.031250
0 0.242188 0.360938 0.028125 0.028125
0 0.634375 0.609375 0.031250 0.031250
0 0.384375 0.018750 0.031250 0.031250
0 0.417187 0.762500 0.028125 0.031250
0 0.298438 0.507812 0.034375 0.034375
0 0.975000 0.720313 0.031250 0.034375
0 0.750000 0.018750 0.031250 0.031250
0 0.817187 0.020313 0.028125 0.028125
0 0.778125 0.246875 0.031250 0.031250
0 0.860938 0.793750 0.028125 0.031250
0 0.531250 0.510938 0.031250 0.028125
0 0.350000 0.015625 0.031250 0.031250
0 0.575000 0.634375 0.031250 0.031250
0 0.517188 0.018750 0.028125 0.031250
0 0.804688 0.554688 0.028125 0.028125
0 0.346875 0.492188 0.037500 0.034375
0 0.017188 0.018750 0.034375 0.031250
0 0.017188 0.501563 0.028125 0.028125
0 0.468750 0.100000 0.031250 0.031250
0 0.928125 0.443750 0.031250 0.031250
0 0.978125 0.975000 0.031250 0.031250
0 0.976562 0.132812 0.028125 0.028125
0 0.651563 0.076563 0.028125 0.028125
0 0.484375 0.770312 0.031250 0.034375
0 0.948438 0.020313 0.028125 0.028125
0 0.485938 0.017188 0.028125 0.028125
0 0.645312 0.307812 0.028125 0.028125
0 0.015625 0.371875 0.031250 0.031250
0 0.017188 0.434375 0.028125 0.031250
0 0.292187 0.392188 0.028125 0.028125
