0 0.051562 0.882812 0.028125 0.028125
0 0.671875 0.157812 0.031250 0.034375
0 0.070312 0.854688 0.028125 0.028125
0 0.725000 0.885938 0.031250 0.028125
0 0.760938 0.142187 0.028125 0.028125
0 0.085938 0.826562 0.028125 0.028125
0 0.729688 0.223438 0.028125 0.028125
0 0.818750 0.142187 0.031250 0.034375
0 0.703125 0.173437 0.031250 0.028125
0 0.198437 0.920312 0.028125 0.028125
0 0.148438 0.889062 0.028125 0.028125
0 0.789062 0.126562 0.028125 0.028125
0 0.821875 0.109375 0.031250 0.031250
0 0.754687 0.901563 0.028125 0.028125
0 0.818750 0.175000 0.031250 0.031250
0 0.818750 0.209375 0.031250 0.031250
0 0.754687 0.673438 0.028125 0.028125
0 0.582812 0.932813 0.028125 0.028125
0 0.732812 0.126562 0.028125 0.028125
0 0.787500 0.387500 0.031250 0.031250
0 0.754687 0.640625 0.028125 0.031250
0 0.412500 0.932813 0.031250 0.028125
0 0.759375 0.109375 0.031250 0.031250
0 0.790625 0.157812 0.031250 0.028125
0 0.556250 0.851562 0.031250 0.028125
0 0.643750 0.110937 0.031250 0.028125
0 0.584375 0.046875 0.031250 0.031250
0 0.698438 0.704688 0.028125 0.028125
0 0.612500 0.062500 0.031250 0.031250
0 0.698438 0.737500 0.028125 0.031250
0 0.667188 0.885938 0.028125 0.028125
0 0.589063 0.239063 0.028125 0.028125
0 0.276562 0.050000 0.034375 0.031250
0 0.531250 0.703125 0.031250 0.031250
0 0.760938 0.173437 0.028125 0.028125
0 0.790625 0.093750 0.031250 0.031250
0 0.531250 0.668750 0.031250 0.031250
0 0.671875 0.090625 0.031250 0.031250
0 0.785937 0.921875 0.028125 0.031250
0 0.671875 0.621875 0.031250 0.031250
0 0.301563 0.700000 0.028125 0.031250
0 0.784375 0.720313 0.031250 0.028125
0 0.703125 0.403125 0.031250 0.031250
0 0.526563 0.867188 0.028125 0.028125
0 0.615625 0.095312 0.031250 0.028125
0 0.703125 0.370312 0.031250 0.028125
0 0.385937 0.784375 0.028125 0.031250
0 0.731250 0.157812 0.031250 0.028125
0 0.140625 0.804688 0.031250 0.028125
0 0.670312 0.785937 0.028125 0.028125
0 0.357812 0.800000 0.028125 0.031250
0 0.645312 0.370312 0.028125 0.028125
0 0.698438 0.604688 0.028125 0.028125
0 0.231250 0.923438 0.031250 0.028125
0 0.120313 0.831250 0.028125 0.031250
0 0.440625 0.850000 0.031250 0.031250
0 0.640625 0.043750 0.031250 0.031250
0 0.790625 0.190625 0.031250 0.031250
0 0.698438 0.804688 0.028125 0.028125
0 0.182812 0.892188 0.028125 0.028125
0 0.670312 0.853125 0.028125 0.031250
0 0.054688 0.826562 0.028125 0.028125
0 0.698438 0.670312 0.028125 0.028125
0 0.640625 0.934375 0.031250 0.031250
0 0.125000 0.775000 0.031250 0.031250
0 0.531250 0.112500 0.031250 0.031250
0 0.698438 0.904687 0.028125 0.028125
0 0.415625 0.767188 0.031250 0.028125
0 0.554688 0.882812 0.028125 0.028125
0 0.787500 0.225000 0.031250 0.031250
0 0.471875 0.735938 0.031250 0.028125
0 0.220312 0.839063 0.028125 0.028125
0 0.754687 0.704688 0.028125 0.028125
0 0.671875 0.193750 0.031250 0.031250
0 0.728125 0.820312 0.031250 0.028125
0 0.757812 0.740625 0.028125 0.031250
0 0.617188 0.418750 0.028125 0.031250
0 0.670312 0.654687 0.028125 0.028125
0 0.617188 0.254688 0.028125 0.028125
0 0.646875 0.175000 0.031250 0.031250
0 0.471875 0.767188 0.031250 0.028125
0 0.353125 0.070312 0.031250 0.028125
0 0.557813 0.751563 0.028125 0.028125
0 0.728125 0.721875 0.031250 0.031250
0 0.356250 0.767188 0.031250 0.028125
0 0.267188 0.923438 0.028125 0.028125
0 0.329688 0.782813 0.028125 0.028125
0 0.243750 0.106250 0.031250 0.031250
0 0.760938 0.273438 0.028125 0.028125
0 0.306250 0.106250 0.031250 0.031250
0 0.106250 0.800000 0.031250 0.031250
0 0.500000 0.062500 0.031250 0.031250
0 0.339062 0.098437 0.028125 0.028125
0 0.582812 0.898438 0.028125 0.028125
0 0.784375 0.657813 0.031250 0.028125
0 0.501563 0.096875 0.028125 0.031250
0 0.671875 0.820312 0.031250 0.028125
0 0.610938 0.948438 0.028125 0.028125
0 0.385937 0.751563 0.028125 0.028125
0 0.726562 0.656250 0.028125 0.031250
0 0.759375 0.368750 0.031250 0.031250
0 0.339062 0.164062 0.028125 0.028125
0 0.639062 0.968750 0.028125 0.031250
0 0.589063 0.206250 0.028125 0.031250
0 0.254688 0.839063 0.028125 0.028125
0 0.759375 0.239063 0.031250 0.028125
0 0.442188 0.784375 0.028125 0.031250
0 0.787500 0.687500 0.031250 0.031250
0 0.526563 0.898438 0.028125 0.028125
0 0.725000 0.621875 0.031250 0.031250
0 0.670312 0.918750 0.028125 0.031250
0 0.643750 0.142187 0.031250 0.028125
0 0.642188 0.078125 0.028125 0.031250
0 0.526563 0.832812 0.028125 0.028125
0 0.673438 0.387500 0.028125 0.031250
0 0.328125 0.848437 0.031250 0.028125
0 0.612500 0.753125 0.031250 0.031250
0 0.323437 0.134375 0.028125 0.031250
0 0.729688 0.354687 0.028125 0.028125
0 0.698438 0.870313 0.028125 0.028125
0 0.728125 0.754687 0.031250 0.028125
0 0.532813 0.337500 0.028125 0.031250
0 0.418750 0.337500 0.031250 0.031250
0 0.789062 0.257812 0.028125 0.028125
0 0.167187 0.862500 0.028125 0.031250
0 0.585938 0.867188 0.028125 0.028125
0 0.143750 0.746875 0.031250 0.031250
0 0.787500 0.353125 0.031250 0.031250
0 0.585938 0.079687 0.028125 0.028125
0 0.256250 0.135937 0.031250 0.028125
0 0.557813 0.095312 0.028125 0.028125
0 0.470313 0.867188 0.028125 0.028125
0 0.496875 0.851562 0.031250 0.028125
0 0.671875 0.587500 0.031250 0.031250
0 0.560937 0.321875 0.028125 0.031250
0 0.698438 0.773438 0.028125 0.028125
0 0.501563 0.687500 0.028125 0.031250
0 0.700000 0.240625 0.031250 0.031250
0 0.414062 0.800000 0.028125 0.031250
0 0.145313 0.107813 0.028125 0.028125
0 0.639062 0.901563 0.028125 0.028125
0 0.440625 0.884375 0.031250 0.031250
0 0.818750 0.240625 0.031250 0.031250
0 0.645312 0.434375 0.028125 0.031250
0 0.356250 0.831250 0.031250 0.031250
0 0.028125 0.459375 0.031250 0.031250
0 0.189062 0.778125 0.028125 0.031250
0 0.703125 0.339062 0.031250 0.028125
0 0.532813 0.146875 0.028125 0.031250
0 0.726562 0.687500 0.028125 0.031250
0 0.671875 0.125000 0.031250 0.031250
0 0.073438 0.798438 0.028125 0.028125
0 0.162500 0.975000 0.031250 0.031250
0 0.498437 0.882812 0.028125 0.028125
0 0.729688 0.320312 0.028125 0.028125
0 0.442188 0.815625 0.028125 0.031250
0 0.818750 0.075000 0.031250 0.031250
0 0.093750 0.771875 0.031250 0.031250
0 0.614062 0.882812 0.028125 0.028125
0 0.587500 0.110937 0.031250 0.028125
0 0.385937 0.815625 0.028125 0.031250
0 0.587500 0.337500 0.031250 0.031250
0 0.196875 0.134375 0.031250 0.031250
0 0.329688 0.748437 0.028125 0.028125
0 0.401562 0.095312 0.028125 0.028125
0 0.759375 0.403125 0.031250 0.031250
0 0.032813 0.909375 0.028125 0.031250
0 0.228125 0.076563 0.031250 0.028125
0 0.554688 0.948438 0.028125 0.028125
0 0.384375 0.067187 0.031250 0.028125
0 0.471875 0.703125 0.031250 0.031250
0 0.214062 0.948438 0.028125 0.028125
0 0.610938 0.917188 0.028125 0.028125
0 0.340625 0.040625 0.031250 0.031250
0 0.442188 0.751563 0.028125 0.028125
0 0.270313 0.812500 0.028125 0.031250
0 0.471875 0.800000 0.031250 0.031250
0 0.471875 0.081250 0.031250 0.031250
0 0.642188 0.834375 0.028125 0.031250
0 0.106250 0.740625 0.031250 0.031250
0 0.643750 0.207813 0.031250 0.028125
0 0.781250 0.953125 0.031250 0.031250
0 0.700000 0.109375 0.031250 0.031250
0 0.370312 0.154688 0.028125 0.028125
0 0.135937 0.860938 0.028125 0.028125
0 0.417187 0.125000 0.028125 0.031250
0 0.248438 0.951562 0.028125 0.028125
0 0.643750 0.401562 0.031250 0.028125
0 0.589063 0.404687 0.028125 0.028125
0 0.437500 0.034375 0.031250 0.031250
0 0.701562 0.435937 0.028125 0.028125
0 0.815625 0.671875 0.031250 0.031250
0 0.760938 0.207813 0.028125 0.028125
0 0.304688 0.535937 0.028125 0.028125
0 0.446875 0.159375 0.031250 0.031250
0 0.673438 0.290625 0.028125 0.031250
0 0.726562 0.918750 0.028125 0.031250
0 0.812500 0.706250 0.031250 0.031250
0 0.615625 0.159375 0.031250 0.031250
0 0.643750 0.470313 0.031250 0.028125
0 0.729688 0.190625 0.028125 0.031250
0 0.554688 0.915625 0.028125 0.031250
0 0.614062 0.621875 0.028125 0.031250
0 0.079687 0.940625 0.028125 0.031250
0 0.612500 0.853125 0.031250 0.031250
0 0.725000 0.950000 0.031250 0.031250
0 0.785937 0.290625 0.028125 0.031250
0 0.215625 0.893750 0.031250 0.031250
0 0.251563 0.895312 0.028125 0.028125
0 0.046875 0.939063 0.031250 0.028125
0 0.617188 0.223438 0.028125 0.028125
0 0.164062 0.135937 0.028125 0.028125
0 0.589063 0.435937 0.028125 0.028125
0 0.364063 0.375000 0.028125 0.031250
0 0.560937 0.257812 0.028125 0.028125
0 0.560937 0.685937 0.028125 0.028125
0 0.062500 0.968750 0.031250 0.031250
0 0.526563 0.964063 0.028125 0.028125
0 0.026562 0.765625 0.028125 0.031250
0 0.273438 0.718750 0.028125 0.031250
0 0.700000 0.206250 0.031250 0.031250
0 0.585938 0.768750 0.028125 0.031250
0 0.642188 0.604688 0.028125 0.028125
0 0.668750 0.753125 0.031250 0.031250
0 0.421875 0.181250 0.031250 0.031250
0 0.529687 0.404687 0.028125 0.028125
0 0.785937 0.753125 0.028125 0.031250
0 0.532813 0.434375 0.028125 0.031250
0 0.034375 0.850000 0.031250 0.031250
0 0.504687 0.323437 0.028125 0.028125
0 0.412500 0.834375 0.031250 0.031250
0 0.762500 0.075000 0.031250 0.031250
0 0.523438 0.929688 0.028125 0.028125
0 0.501563 0.717187 0.028125 0.028125
0 0.129688 0.079687 0.028125 0.028125
0 0.585938 0.703125 0.028125 0.031250
0 0.556250 0.817187 0.031250 0.028125
0 0.560937 0.354687 0.028125 0.028125
0 0.732812 0.257812 0.028125 0.028125
0 0.559375 0.193750 0.031250 0.031250
0 0.406250 0.209375 0.031250 0.031250
0 0.617188 0.354687 0.028125 0.028125
0 0.448437 0.354687 0.028125 0.028125
0 0.018750 0.881250 0.031250 0.031250
0 0.754687 0.934375 0.028125 0.031250
0 0.290625 0.079687 0.031250 0.028125
0 0.101562 0.857812 0.028125 0.028125
0 0.201563 0.807813 0.028125 0.028125
0 0.503125 0.128125 0.031250 0.031250
0 0.528125 0.078125 0.031250 0.031250
0 0.589063 0.373437 0.028125 0.028125
0 0.815625 0.640625 0.031250 0.031250
0 0.818750 0.275000 0.031250 0.031250
0 0.556250 0.062500 0.031250 0.031250
0 0.476562 0.339062 0.028125 0.028125
0 0.367188 0.098437 0.028125 0.028125
0 0.698438 0.835938 0.028125 0.028125
0 0.300000 0.928125 0.031250 0.031250
0 0.754687 0.804688 0.028125 0.028125
0 0.171875 0.806250 0.031250 0.031250
0 0.585938 0.735938 0.028125 0.028125
0 0.064062 0.909375 0.028125 0.031250
0 0.700000 0.470313 0.031250 0.028125
0 0.476562 0.370312 0.028125 0.028125
0 0.587500 0.143750 0.031250 0.031250
0 0.153125 0.834375 0.031250 0.031250
0 0.643750 0.639062 0.025000 0.028125
0 0.392188 0.357812 0.028125 0.028125
0 0.406250 0.037500 0.031250 0.031250
0 0.187500 0.837500 0.031250 0.031250
0 0.614062 0.126562 0.028125 0.028125
0 0.645312 0.304688 0.028125 0.028125
0 0.112500 0.106250 0.031250 0.031250
0 0.470313 0.898438 0.028125 0.028125
0 0.393750 0.390625 0.031250 0.031250
0 0.585938 0.668750 0.028125 0.031250
0 0.210938 0.160938 0.028125 0.028125
0 0.417187 0.304688 0.028125 0.028125
0 0.443750 0.718750 0.031250 0.031250
0 0.701562 0.273438 0.028125 0.028125
0 0.351562 0.126562 0.028125 0.028125
0 0.614062 0.551562 0.028125 0.028125
0 0.556250 0.784375 0.031250 0.031250
0 0.279687 0.951562 0.028125 0.028125
0 0.754687 0.837500 0.028125 0.031250
0 0.581250 0.965625 0.031250 0.031250
0 0.176563 0.106250 0.028125 0.031250
0 0.470313 0.834375 0.028125 0.031250
0 0.612500 0.820312 0.031250 0.028125
0 0.434375 0.096875 0.031250 0.031250
0 0.335938 0.520312 0.028125 0.028125
0 0.790625 0.059375 0.031250 0.031250
0 0.304688 0.570312 0.028125 0.028125
0 0.667188 0.951562 0.028125 0.028125
0 0.589063 0.304688 0.028125 0.028125
0 0.323437 0.071875 0.028125 0.031250
0 0.560937 0.385937 0.028125 0.028125
0 0.275000 0.164062 0.025000 0.028125
0 0.498437 0.751563 0.028125 0.028125
0 0.701562 0.639062 0.028125 0.028125
0 0.787500 0.625000 0.031250 0.031250
0 0.414062 0.864062 0.028125 0.028125
0 0.504687 0.354687 0.028125 0.028125
0 0.753125 0.968750 0.031250 0.031250
0 0.815625 0.740625 0.031250 0.031250
0 0.560937 0.451562 0.028125 0.028125
0 0.617188 0.321875 0.028125 0.031250
0 0.673438 0.254688 0.028125 0.028125
0 0.140625 0.687500 0.031250 0.031250
0 0.471875 0.670312 0.031250 0.028125
0 0.414062 0.900000 0.028125 0.031250
0 0.212500 0.751563 0.031250 0.028125
0 0.529687 0.735938 0.028125 0.028125
0 0.643750 0.503125 0.031250 0.031250
0 0.356250 0.931250 0.031250 0.031250
0 0.557813 0.720313 0.028125 0.028125
0 0.043750 0.734375 0.031250 0.031250
0 0.384375 0.882812 0.031250 0.028125
0 0.304688 0.734375 0.028125 0.031250
0 0.304688 0.665625 0.028125 0.031250
0 0.589063 0.273438 0.028125 0.028125
0 0.617188 0.190625 0.028125 0.031250
0 0.532813 0.175000 0.028125 0.031250
0 0.470313 0.042188 0.028125 0.028125
0 0.526563 0.046875 0.028125 0.031250
0 0.231250 0.975000 0.031250 0.031250
0 0.154688 0.776563 0.028125 0.028125
0 0.271875 0.750000 0.031250 0.031250
0 0.640625 0.868750 0.031250 0.031250
0 0.260937 0.021875 0.028125 0.031250
0 0.146875 0.050000 0.031250 0.031250
0 0.732812 0.451562 0.028125 0.028125
0 0.643750 0.539062 0.031250 0.028125
0 0.448437 0.451562 0.028125 0.028125
0 0.357812 0.864062 0.028125 0.028125
0 0.476562 0.146875 0.028125 0.031250
0 0.329688 0.884375 0.028125 0.031250
0 0.165625 0.918750 0.031250 0.031250
0 0.410938 0.964063 0.028125 0.028125
0 0.500000 0.784375 0.031250 0.031250
0 0.064062 0.079687 0.028125 0.028125
0 0.473438 0.207813 0.028125 0.028125
0 0.210938 0.106250 0.028125 0.031250
0 0.117188 0.885938 0.028125 0.028125
0 0.617188 0.451562 0.028125 0.028125
0 0.401562 0.151562 0.028125 0.028125
0 0.498437 0.945312 0.028125 0.028125
0 0.728125 0.589063 0.031250 0.028125
0 0.673438 0.354687 0.028125 0.028125
0 0.757812 0.770312 0.028125 0.028125
0 0.500000 0.817187 0.031250 0.028125
0 0.420312 0.435937 0.028125 0.028125
0 0.504687 0.385937 0.028125 0.028125
0 0.756250 0.870313 0.031250 0.028125
0 0.560937 0.289062 0.028125 0.028125
0 0.417187 0.242188 0.028125 0.028125
0 0.560937 0.223438 0.028125 0.028125
0 0.670312 0.060937 0.028125 0.028125
0 0.642188 0.570312 0.028125 0.028125
0 0.307812 0.160938 0.028125 0.028125
0 0.448437 0.485938 0.028125 0.028125
0 0.243750 0.048438 0.031250 0.028125
0 0.610938 0.028125 0.028125 0.031250
0 0.362500 0.471875 0.031250 0.031250
0 0.203125 0.867188 0.031250 0.028125
0 0.300000 0.800000 0.031250 0.031250
0 0.275000 0.685937 0.025000 0.028125
0 0.298438 0.831250 0.028125 0.031250
0 0.818750 0.306250 0.031250 0.031250
0 0.526563 0.770312 0.028125 0.028125
0 0.528125 0.800000 0.031250 0.031250
0 0.614062 0.587500 0.028125 0.031250
0 0.726562 0.853125 0.028125 0.031250
0 0.617188 0.389062 0.028125 0.028125
0 0.096875 0.135937 0.031250 0.028125
0 0.418750 0.371875 0.031250 0.031250
0 0.448437 0.389062 0.028125 0.028125
0 0.587500 0.175000 0.031250 0.031250
0 0.584375 0.803125 0.031250 0.031250
0 0.784375 0.889062 0.031250 0.028125
0 0.179688 0.946875 0.028125 0.031250
0 0.390625 0.323437 0.031250 0.028125
0 0.160938 0.079687 0.028125 0.028125
0 0.446875 0.223438 0.031250 0.028125
0 0.389062 0.651563 0.028125 0.028125
0 0.093750 0.970313 0.031250 0.028125
0 0.039062 0.489063 0.028125 0.028125
0 0.467187 0.964063 0.028125 0.028125
0 0.532813 0.370312 0.028125 0.028125
0 0.615625 0.518750 0.031250 0.031250
0 0.732812 0.389062 0.028125 0.028125
0 0.276562 0.490625 0.028125 0.031250
0 0.031250 0.134375 0.031250 0.031250
0 0.503125 0.192188 0.031250 0.028125
0 0.275000 0.779687 0.031250 0.028125
0 0.382812 0.123438 0.028125 0.028125
0 0.585938 0.832812 0.028125 0.028125
0 0.759375 0.337500 0.031250 0.031250
0 0.701562 0.306250 0.028125 0.031250
0 0.032813 0.704688 0.028125 0.028125
0 0.367188 0.404687 0.028125 0.028125
0 0.306250 0.470313 0.031250 0.028125
0 0.382812 0.914062 0.028125 0.028125
0 0.115625 0.050000 0.031250 0.031250
0 0.531250 0.210938 0.031250 0.028125
0 0.237500 0.809375 0.031250 0.031250
0 0.728125 0.789062 0.031250 0.028125
0 0.356250 0.734375 0.031250 0.031250
0 0.245312 0.762500 0.028125 0.031250
0 0.645312 0.242188 0.028125 0.028125
0 0.814063 0.940625 0.034375 0.031250
0 0.045312 0.104688 0.028125 0.028125
0 0.673438 0.454688 0.028125 0.028125
0 0.695312 0.937500 0.028125 0.031250
0 0.645312 0.273438 0.028125 0.028125
0 0.640625 0.803125 0.031250 0.031250
0 0.259375 0.079687 0.031250 0.028125
0 0.275000 0.651563 0.025000 0.028125
0 0.248438 0.670312 0.028125 0.028125
0 0.390625 0.256250 0.031250 0.031250
0 0.759375 0.304688 0.031250 0.028125
0 0.476562 0.176563 0.028125 0.028125
0 0.414062 0.670312 0.028125 0.028125
0 0.729688 0.095312 0.028125 0.028125
0 0.785937 0.785937 0.028125 0.028125
0 0.195312 0.079687 0.028125 0.028125
0 0.328125 0.815625 0.031250 0.031250
0 0.442188 0.685937 0.028125 0.028125
0 0.387500 0.182812 0.031250 0.028125
0 0.417187 0.273438 0.028125 0.028125
0 0.504687 0.420312 0.028125 0.028125
0 0.098437 0.703125 0.028125 0.031250
0 0.357812 0.667188 0.028125 0.028125
0 0.060937 0.134375 0.028125 0.031250
0 0.304688 0.632812 0.028125 0.028125
0 0.234375 0.867188 0.031250 0.028125
0 0.446875 0.068750 0.031250 0.031250
0 0.384375 0.948438 0.031250 0.028125
0 0.617188 0.289062 0.028125 0.028125
0 0.756250 0.606250 0.031250 0.031250
0 0.729688 0.290625 0.028125 0.031250
0 0.559375 0.653125 0.031250 0.031250
0 0.703125 0.140625 0.031250 0.031250
0 0.729688 0.420312 0.028125 0.028125
0 0.448437 0.321875 0.028125 0.031250
0 0.276562 0.617188 0.028125 0.028125
0 0.129688 0.135937 0.028125 0.028125
0 0.028125 0.964063 0.031250 0.028125
0 0.673438 0.421875 0.028125 0.031250
0 0.640625 0.768750 0.031250 0.031250
0 0.445312 0.254688 0.028125 0.028125
0 0.220312 0.779687 0.028125 0.028125
0 0.818750 0.606250 0.031250 0.031250
0 0.289062 0.898438 0.028125 0.028125
0 0.448437 0.128125 0.028125 0.031250
0 0.557813 0.126562 0.028125 0.028125
0 0.146875 0.946875 0.031250 0.031250
0 0.676562 0.320312 0.028125 0.028125
0 0.585938 0.570312 0.028125 0.028125
0 0.220312 0.656250 0.028125 0.031250
0 0.304688 0.603125 0.028125 0.031250
0 0.237500 0.731250 0.031250 0.031250
0 0.371875 0.039062 0.031250 0.028125
0 0.281250 0.396875 0.031250 0.031250
0 0.179688 0.164062 0.028125 0.028125
0 0.332813 0.685937 0.028125 0.028125
0 0.275000 0.107813 0.031250 0.028125
0 0.356250 0.189062 0.031250 0.028125
0 0.337500 0.423438 0.031250 0.028125
0 0.698438 0.076563 0.028125 0.028125
0 0.417187 0.065625 0.028125 0.031250
0 0.301563 0.764062 0.028125 0.028125
0 0.040625 0.796875 0.031250 0.031250
0 0.532813 0.306250 0.028125 0.025000
0 0.643750 0.335938 0.025000 0.028125
0 0.115625 0.943750 0.031250 0.031250
0 0.696875 0.968750 0.031250 0.031250
0 0.251563 0.576562 0.028125 0.028125
0 0.323437 0.950000 0.028125 0.031250
0 0.498437 0.914062 0.028125 0.028125
0 0.814063 0.975000 0.034375 0.031250
0 0.096875 0.078125 0.031250 0.031250
0 0.312500 0.378125 0.031250 0.031250
0 0.364063 0.340625 0.028125 0.031250
0 0.818750 0.042188 0.031250 0.034375
0 0.248438 0.545312 0.028125 0.028125
0 0.243750 0.164062 0.025000 0.028125
0 0.560937 0.420312 0.028125 0.028125
0 0.332813 0.914062 0.028125 0.028125
0 0.503125 0.159375 0.031250 0.031250
0 0.446875 0.289062 0.031250 0.028125
0 0.332813 0.650000 0.028125 0.031250
0 0.701562 0.573438 0.028125 0.028125
0 0.125000 0.718750 0.031250 0.031250
0 0.790625 0.418750 0.031250 0.031250
0 0.476562 0.435937 0.028125 0.028125
0 0.501563 0.654687 0.028125 0.028125
0 0.612500 0.784375 0.031250 0.031250
0 0.131250 0.021875 0.031250 0.031250
0 0.815625 0.837500 0.031250 0.031250
0 0.529687 0.242188 0.028125 0.028125
0 0.195312 0.976562 0.028125 0.028125
0 0.785937 0.853125 0.028125 0.031250
0 0.107813 0.673438 0.028125 0.028125
0 0.292187 0.135937 0.028125 0.028125
0 0.418750 0.503125 0.031250 0.031250
0 0.420312 0.404687 0.028125 0.028125
0 0.392188 0.518750 0.028125 0.031250
0 0.085938 0.885938 0.028125 0.028125
0 0.073438 0.745313 0.028125 0.028125
0 0.496875 0.032813 0.031250 0.034375
0 0.476562 0.404687 0.028125 0.028125
0 0.667188 0.028125 0.028125 0.031250
0 0.818750 0.339062 0.031250 0.034375
0 0.257812 0.192188 0.028125 0.028125
0 0.310937 0.407813 0.028125 0.028125
0 0.531250 0.637500 0.031250 0.031250
0 0.671875 0.556250 0.031250 0.031250
0 0.337500 0.359375 0.031250 0.031250
0 0.475000 0.637500 0.031250 0.031250
0 0.029687 0.079687 0.028125 0.028125
0 0.785937 0.820312 0.028125 0.028125
0 0.475000 0.115625 0.031250 0.031250
0 0.554688 0.978125 0.028125 0.031250
0 0.553125 0.031250 0.031250 0.031250
0 0.817187 0.804688 0.028125 0.028125
0 0.245312 0.700000 0.028125 0.031250
0 0.790625 0.026562 0.031250 0.034375
0 0.670312 0.685937 0.028125 0.028125
0 0.504687 0.517188 0.028125 0.028125
0 0.175000 0.753125 0.031250 0.031250
0 0.068750 0.714063 0.031250 0.028125
0 0.354687 0.964063 0.028125 0.028125
0 0.357812 0.701562 0.028125 0.028125
0 0.585938 0.637500 0.028125 0.031250
0 0.304688 0.503125 0.028125 0.031250
0 0.276562 0.554688 0.028125 0.028125
0 0.362500 0.634375 0.031250 0.031250
0 0.193750 0.193750 0.031250 0.031250
0 0.362500 0.504687 0.031250 0.028125
0 0.504687 0.450000 0.028125 0.031250
0 0.557813 0.554688 0.028125 0.028125
0 0.496875 0.978125 0.025000 0.025000
0 0.415625 0.732812 0.031250 0.028125
0 0.818750 0.370312 0.031250 0.034375
0 0.046875 0.673438 0.031250 0.028125
0 0.226562 0.190625 0.028125 0.031250
0 0.390625 0.289062 0.031250 0.028125
0 0.560937 0.159375 0.028125 0.031250
0 0.443750 0.651563 0.031250 0.028125
0 0.079687 0.106250 0.028125 0.031250
0 0.673438 0.485938 0.028125 0.028125
0 0.335938 0.554688 0.028125 0.028125
0 0.476562 0.467187 0.028125 0.028125
0 0.323437 0.190625 0.028125 0.025000
0 0.818750 0.403125 0.031250 0.031250
0 0.329688 0.717187 0.028125 0.028125
0 0.417187 0.535937 0.028125 0.028125
0 0.337500 0.393750 0.025000 0.025000
0 0.585938 0.539062 0.028125 0.028125
0 0.729688 0.485938 0.028125 0.028125
0 0.448437 0.192188 0.028125 0.028125
0 0.817187 0.476562 0.034375 0.034375
0 0.309375 0.043750 0.031250 0.031250
0 0.504687 0.226562 0.028125 0.028125
0 0.532813 0.273438 0.028125 0.028125
0 0.128125 0.971875 0.031250 0.031250
0 0.143750 0.164062 0.031250 0.028125
0 0.364063 0.539062 0.028125 0.028125
0 0.062500 0.193750 0.031250 0.031250
0 0.760938 0.043750 0.028125 0.031250
0 0.271875 0.456250 0.031250 0.031250
0 0.254688 0.426563 0.028125 0.028125
0 0.364063 0.439063 0.028125 0.028125
0 0.476562 0.306250 0.028125 0.031250
0 0.057813 0.521875 0.028125 0.031250
0 0.220312 0.560937 0.028125 0.028125
0 0.050000 0.426563 0.031250 0.034375
0 0.100000 0.915625 0.031250 0.031250
0 0.096875 0.020313 0.031250 0.028125
0 0.818750 0.434375 0.031250 0.031250
0 0.815625 0.771875 0.031250 0.031250
0 0.332813 0.618750 0.028125 0.031250
0 0.332813 0.487500 0.028125 0.031250
0 0.395313 0.420312 0.028125 0.028125
0 0.129688 0.917188 0.028125 0.028125
0 0.075000 0.681250 0.031250 0.031250
0 0.248438 0.639062 0.028125 0.028125
0 0.076563 0.160938 0.028125 0.028125
0 0.292187 0.190625 0.028125 0.025000
0 0.504687 0.485938 0.028125 0.028125
0 0.448437 0.518750 0.028125 0.031250
0 0.815625 0.901563 0.031250 0.034375
0 0.440625 0.978125 0.025000 0.025000
0 0.045312 0.164062 0.028125 0.028125
0 0.271875 0.868750 0.031250 0.031250
0 0.670312 0.223438 0.028125 0.028125
0 0.448437 0.420312 0.028125 0.028125
0 0.179688 0.051562 0.028125 0.028125
0 0.298438 0.865625 0.028125 0.031250
0 0.417187 0.635938 0.028125 0.028125
0 0.198437 0.679688 0.028125 0.028125
0 0.014063 0.104688 0.028125 0.028125
0 0.531250 0.537500 0.031250 0.031250
0 0.209375 0.220312 0.031250 0.028125
0 0.503125 0.621875 0.031250 0.031250
0 0.248438 0.514062 0.028125 0.028125
0 0.071875 0.495312 0.031250 0.028125
0 0.060937 0.467187 0.028125 0.028125
0 0.440625 0.945312 0.025000 0.028125
0 0.285938 0.426563 0.028125 0.028125
0 0.759375 0.470313 0.031250 0.028125
0 0.382812 0.848437 0.028125 0.028125
0 0.284375 0.362500 0.031250 0.031250
0 0.032813 0.020313 0.028125 0.028125
0 0.815625 0.868750 0.031250 0.031250
0 0.757812 0.437500 0.028125 0.031250
0 0.335938 0.456250 0.028125 0.031250
0 0.015625 0.050000 0.031250 0.031250
0 0.243750 0.607812 0.031250 0.028125
0 0.729688 0.059375 0.034375 0.031250
0 0.529687 0.604688 0.028125 0.028125
0 0.279687 0.523438 0.028125 0.028125
0 0.215625 0.704688 0.031250 0.028125
0 0.273438 0.217188 0.028125 0.028125
0 0.270313 0.332813 0.028125 0.028125
0 0.357812 0.900000 0.028125 0.025000
0 0.020313 0.648438 0.034375 0.034375
0 0.112500 0.164062 0.025000 0.028125
