0 0.734375 0.859375 0.031250 0.031250
0 0.765625 0.875000 0.031250 0.031250
0 0.076563 0.917188 0.028125 0.028125
0 0.075000 0.587500 0.031250 0.031250
0 0.142187 0.535937 0.028125 0.028125
0 0.242188 0.810937 0.028125 0.028125
0 0.190625 0.835938 0.031250 0.028125
0 0.767188 0.907813 0.028125 0.028125
0 0.534375 0.937500 0.031250 0.031250
0 0.706250 0.875000 0.031250 0.031250
0 0.796875 0.923438 0.031250 0.028125
0 0.339062 0.920312 0.028125 0.028125
0 0.825000 0.871875 0.031250 0.031250
0 0.534375 0.971875 0.031250 0.031250
0 0.651563 0.904687 0.028125 0.028125
0 0.092188 0.562500 0.028125 0.031250
0 0.270313 0.754687 0.028125 0.028125
0 0.110937 0.914062 0.028125 0.028125
0 0.176563 0.860938 0.028125 0.028125
0 0.242188 0.539062 0.028125 0.028125
0 0.207813 0.862500 0.028125 0.031250
0 0.620313 0.956250 0.028125 0.031250
0 0.107813 0.698438 0.028125 0.028125
0 0.709375 0.700000 0.031250 0.031250
0 0.765625 0.843750 0.031250 0.031250
0 0.143750 0.914062 0.031250 0.028125
0 0.093750 0.506250 0.031250 0.031250
0 0.795312 0.859375 0.028125 0.031250
0 0.825000 0.906250 0.031250 0.031250
0 0.795312 0.892188 0.028125 0.028125
0 0.437500 0.867188 0.031250 0.028125
0 0.106250 0.860938 0.031250 0.028125
0 0.242188 0.920312 0.028125 0.028125
0 0.060937 0.781250 0.028125 0.031250
0 0.207813 0.484375 0.028125 0.031250
0 0.240625 0.975000 0.031250 0.031250
0 0.339062 0.864062 0.028125 0.028125
0 0.257812 0.945312 0.028125 0.028125
0 0.173437 0.806250 0.028125 0.031250
0 0.257812 0.510938 0.028125 0.028125
0 0.650000 0.940625 0.031250 0.031250
0 0.206250 0.645312 0.031250 0.028125
0 0.456250 0.895312 0.031250 0.028125
0 0.206250 0.807813 0.031250 0.028125
0 0.745313 0.646875 0.028125 0.031250
0 0.107813 0.425000 0.028125 0.031250
0 0.192188 0.889062 0.028125 0.028125
0 0.767188 0.939063 0.028125 0.028125
0 0.825000 0.939063 0.031250 0.028125
0 0.223438 0.835938 0.028125 0.028125
0 0.485938 0.520312 0.028125 0.028125
0 0.735938 0.892188 0.028125 0.028125
0 0.417187 0.518750 0.028125 0.031250
0 0.137500 0.806250 0.031250 0.031250
0 0.092188 0.889062 0.028125 0.028125
0 0.092188 0.779687 0.028125 0.028125
0 0.500000 0.600000 0.031250 0.031250
0 0.745313 0.703125 0.028125 0.031250
0 0.257812 0.889062 0.028125 0.028125
0 0.223438 0.779687 0.028125 0.028125
0 0.593750 0.939063 0.031250 0.028125
0 0.787500 0.821875 0.031250 0.031250
0 0.206250 0.753125 0.031250 0.031250
0 0.587500 0.679688 0.031250 0.028125
0 0.192188 0.567187 0.028125 0.028125
0 0.090625 0.726562 0.031250 0.028125
0 0.623437 0.732812 0.028125 0.028125
0 0.273438 0.810937 0.028125 0.028125
0 0.106250 0.807813 0.031250 0.028125
0 0.439063 0.440625 0.028125 0.031250
0 0.648438 0.703125 0.028125 0.031250
0 0.042188 0.587500 0.028125 0.031250
0 0.273438 0.917188 0.028125 0.028125
0 0.042188 0.754687 0.028125 0.028125
0 0.270313 0.701562 0.028125 0.028125
0 0.289062 0.675000 0.028125 0.031250
0 0.482812 0.676562 0.028125 0.028125
0 0.059375 0.668750 0.031250 0.031250
0 0.620313 0.923438 0.028125 0.028125
0 0.090625 0.834375 0.031250 0.031250
0 0.123438 0.560937 0.028125 0.028125
0 0.123438 0.779687 0.028125 0.028125
0 0.090625 0.671875 0.031250 0.031250
0 0.226562 0.889062 0.028125 0.028125
0 0.207813 0.539062 0.028125 0.028125
0 0.382812 0.517188 0.028125 0.028125
0 0.275000 0.864062 0.031250 0.028125
0 0.498437 0.650000 0.028125 0.031250
0 0.503125 0.953125 0.031250 0.031250
0 0.385937 0.464062 0.028125 0.028125
0 0.273438 0.592187 0.028125 0.028125
0 0.707812 0.648438 0.028125 0.028125
0 0.190625 0.453125 0.031250 0.031250
0 0.207813 0.592187 0.028125 0.028125
0 0.056250 0.945312 0.031250 0.028125
0 0.337500 0.650000 0.025000 0.025000
0 0.107813 0.534375 0.028125 0.031250
0 0.075000 0.698438 0.031250 0.028125
0 0.320312 0.784375 0.028125 0.031250
0 0.242188 0.860938 0.028125 0.028125
0 0.373437 0.921875 0.028125 0.031250
0 0.059375 0.506250 0.031250 0.031250
0 0.042188 0.807813 0.028125 0.028125
0 0.257812 0.782813 0.028125 0.028125
0 0.759375 0.729688 0.031250 0.028125
0 0.170313 0.698438 0.028125 0.028125
0 0.223438 0.673438 0.028125 0.028125
0 0.142187 0.860938 0.028125 0.028125
0 0.504687 0.868750 0.028125 0.031250
0 0.570312 0.651563 0.028125 0.028125
0 0.192188 0.673438 0.028125 0.028125
0 0.107813 0.479687 0.028125 0.028125
0 0.107813 0.589063 0.028125 0.028125
0 0.498437 0.701562 0.028125 0.028125
0 0.321875 0.837500 0.025000 0.025000
0 0.157812 0.564063 0.028125 0.028125
0 0.139063 0.645312 0.028125 0.028125
0 0.551562 0.732812 0.028125 0.028125
0 0.107813 0.643750 0.028125 0.031250
0 0.173437 0.754687 0.028125 0.028125
0 0.337500 0.489063 0.031250 0.028125
0 0.073438 0.426563 0.028125 0.028125
0 0.671875 0.881250 0.031250 0.031250
0 0.239063 0.753125 0.028125 0.031250
0 0.660937 0.675000 0.028125 0.031250
0 0.289062 0.784375 0.028125 0.031250
0 0.125000 0.618750 0.031250 0.031250
0 0.451562 0.676562 0.028125 0.028125
0 0.485938 0.732812 0.028125 0.028125
0 0.357812 0.893750 0.028125 0.031250
0 0.432812 0.648438 0.028125 0.028125
0 0.401562 0.596875 0.028125 0.031250
0 0.454688 0.785937 0.028125 0.028125
0 0.175000 0.426563 0.031250 0.028125
0 0.450000 0.518750 0.031250 0.031250
0 0.551562 0.676562 0.028125 0.028125
0 0.554688 0.842187 0.028125 0.028125
0 0.043750 0.917188 0.031250 0.028125
0 0.073438 0.751563 0.028125 0.028125
0 0.189062 0.617188 0.028125 0.028125
0 0.657813 0.732812 0.028125 0.028125
0 0.123438 0.451562 0.028125 0.028125
0 0.159375 0.507812 0.031250 0.028125
0 0.489063 0.895312 0.028125 0.028125
0 0.126562 0.507812 0.028125 0.028125
0 0.090625 0.618750 0.031250 0.031250
0 0.468750 0.493750 0.031250 0.031250
0 0.304688 0.864062 0.028125 0.028125
0 0.307812 0.920312 0.028125 0.028125
0 0.289062 0.514062 0.028125 0.028125
0 0.353125 0.464062 0.031250 0.028125
0 0.451562 0.623437 0.028125 0.028125
0 0.320312 0.460938 0.028125 0.028125
0 0.554688 0.893750 0.028125 0.031250
0 0.798438 0.954688 0.028125 0.028125
0 0.535937 0.817187 0.028125 0.028125
0 0.626563 0.671875 0.028125 0.031250
0 0.304688 0.754687 0.028125 0.028125
0 0.473438 0.925000 0.028125 0.031250
0 0.564063 0.923438 0.028125 0.028125
0 0.028125 0.890625 0.031250 0.031250
0 0.157812 0.618750 0.028125 0.031250
0 0.223438 0.510938 0.028125 0.028125
0 0.107813 0.753125 0.028125 0.031250
0 0.601562 0.601562 0.028125 0.028125
0 0.715625 0.803125 0.031250 0.031250
0 0.321875 0.676562 0.025000 0.028125
0 0.454688 0.839063 0.028125 0.028125
0 0.323437 0.948438 0.028125 0.028125
0 0.370312 0.650000 0.028125 0.025000
0 0.289062 0.567187 0.028125 0.028125
0 0.592187 0.970313 0.028125 0.028125
0 0.523438 0.893750 0.028125 0.031250
0 0.504687 0.921875 0.028125 0.031250
0 0.471875 0.868750 0.031250 0.031250
0 0.125000 0.728125 0.031250 0.031250
0 0.139063 0.426563 0.028125 0.028125
0 0.096875 0.940625 0.031250 0.031250
0 0.139063 0.482812 0.028125 0.028125
0 0.404687 0.489063 0.028125 0.028125
0 0.484375 0.625000 0.031250 0.031250
0 0.139063 0.753125 0.028125 0.031250
0 0.631250 0.600000 0.031250 0.031250
0 0.304688 0.487500 0.028125 0.031250
0 0.618750 0.626563 0.031250 0.028125
0 0.323437 0.892188 0.028125 0.028125
0 0.385937 0.623437 0.028125 0.028125
0 0.173437 0.592187 0.028125 0.028125
0 0.320312 0.570312 0.028125 0.028125
0 0.535937 0.757812 0.028125 0.028125
0 0.503125 0.757812 0.025000 0.028125
0 0.154688 0.726562 0.028125 0.028125
0 0.401562 0.545312 0.028125 0.028125
0 0.765625 0.971875 0.031250 0.031250
0 0.562500 0.704688 0.031250 0.028125
0 0.157812 0.832812 0.028125 0.028125
0 0.176563 0.535937 0.028125 0.028125
0 0.210938 0.915625 0.028125 0.031250
0 0.643750 0.868750 0.031250 0.031250
0 0.368750 0.435937 0.025000 0.028125
0 0.778125 0.790625 0.031250 0.031250
0 0.403125 0.868750 0.031250 0.031250
0 0.684375 0.818750 0.031250 0.031250
0 0.435937 0.545312 0.028125 0.028125
0 0.057813 0.726562 0.028125 0.028125
0 0.770312 0.759375 0.028125 0.031250
0 0.518750 0.842187 0.025000 0.028125
0 0.154688 0.779687 0.028125 0.028125
0 0.339062 0.810937 0.028125 0.028125
0 0.501563 0.545312 0.028125 0.028125
0 0.256250 0.454688 0.031250 0.028125
0 0.367188 0.598437 0.028125 0.028125
0 0.057813 0.617188 0.028125 0.028125
0 0.692187 0.673438 0.028125 0.028125
0 0.173437 0.479687 0.028125 0.028125
0 0.226562 0.946875 0.028125 0.031250
0 0.420312 0.676562 0.028125 0.028125
0 0.520312 0.732812 0.028125 0.028125
0 0.825000 0.971875 0.031250 0.031250
0 0.123438 0.832812 0.028125 0.028125
0 0.289062 0.726562 0.028125 0.028125
0 0.354687 0.837500 0.028125 0.031250
0 0.487500 0.842187 0.025000 0.028125
0 0.060937 0.890625 0.028125 0.031250
0 0.406250 0.918750 0.031250 0.031250
0 0.562500 0.954688 0.031250 0.028125
0 0.728125 0.673438 0.031250 0.028125
0 0.389062 0.893750 0.028125 0.031250
0 0.220312 0.618750 0.028125 0.025000
0 0.467187 0.545312 0.028125 0.028125
0 0.481250 0.571875 0.031250 0.031250
0 0.257812 0.835938 0.028125 0.028125
0 0.273438 0.482812 0.028125 0.028125
0 0.370312 0.975000 0.028125 0.031250
0 0.529687 0.704688 0.028125 0.028125
0 0.237500 0.592187 0.025000 0.028125
0 0.160938 0.889062 0.028125 0.028125
0 0.517188 0.626563 0.028125 0.028125
0 0.351562 0.567187 0.028125 0.028125
0 0.534375 0.651563 0.031250 0.028125
0 0.723437 0.728125 0.028125 0.031250
0 0.585938 0.742188 0.028125 0.028125
0 0.285938 0.625000 0.028125 0.031250
0 0.762500 0.673438 0.031250 0.034375
0 0.154688 0.670312 0.028125 0.028125
0 0.473438 0.757812 0.028125 0.028125
0 0.223438 0.451562 0.028125 0.028125
0 0.126562 0.885938 0.028125 0.028125
0 0.304688 0.431250 0.028125 0.031250
0 0.517188 0.467187 0.028125 0.028125
0 0.370312 0.489063 0.028125 0.028125
0 0.304688 0.810937 0.028125 0.028125
0 0.590625 0.906250 0.031250 0.031250
0 0.289062 0.837500 0.028125 0.031250
0 0.592187 0.714063 0.028125 0.028125
0 0.189062 0.726562 0.028125 0.028125
0 0.221875 0.567187 0.025000 0.028125
0 0.520312 0.785937 0.028125 0.028125
0 0.139063 0.592187 0.028125 0.028125
0 0.435937 0.596875 0.028125 0.031250
0 0.290625 0.946875 0.025000 0.025000
0 0.040625 0.698438 0.031250 0.028125
0 0.173437 0.645312 0.028125 0.028125
0 0.617188 0.700000 0.028125 0.031250
0 0.371875 0.864062 0.031250 0.028125
0 0.406250 0.976562 0.031250 0.034375
0 0.420312 0.571875 0.028125 0.031250
0 0.353125 0.676562 0.025000 0.028125
0 0.468750 0.648438 0.031250 0.028125
0 0.139063 0.698438 0.028125 0.028125
0 0.675000 0.648438 0.031250 0.028125
0 0.517188 0.570312 0.028125 0.028125
0 0.145313 0.967187 0.028125 0.028125
0 0.306250 0.976562 0.031250 0.028125
0 0.382812 0.570312 0.028125 0.028125
0 0.401562 0.439063 0.028125 0.028125
0 0.642188 0.645312 0.028125 0.028125
0 0.439063 0.814063 0.028125 0.028125
0 0.473438 0.810937 0.028125 0.028125
0 0.679688 0.704688 0.028125 0.028125
0 0.239063 0.645312 0.028125 0.028125
0 0.023438 0.782813 0.028125 0.028125
0 0.451562 0.732812 0.028125 0.028125
0 0.714063 0.832812 0.028125 0.028125
0 0.504687 0.814063 0.028125 0.028125
0 0.706250 0.971875 0.031250 0.031250
0 0.435937 0.704688 0.028125 0.028125
0 0.254688 0.726562 0.028125 0.028125
0 0.467187 0.704688 0.028125 0.028125
0 0.385937 0.676562 0.028125 0.028125
0 0.420312 0.839063 0.028125 0.028125
0 0.651563 0.971875 0.028125 0.031250
0 0.687500 0.850000 0.031250 0.031250
0 0.154688 0.451562 0.028125 0.028125
0 0.745313 0.820312 0.028125 0.028125
0 0.254688 0.565625 0.028125 0.031250
0 0.518750 0.676562 0.031250 0.028125
0 0.254688 0.620313 0.028125 0.028125
0 0.535937 0.867188 0.028125 0.028125
0 0.254688 0.675000 0.028125 0.031250
0 0.735938 0.956250 0.028125 0.031250
0 0.657813 0.621875 0.028125 0.031250
0 0.582812 0.520312 0.028125 0.028125
0 0.353125 0.623437 0.025000 0.028125
0 0.517188 0.518750 0.028125 0.031250
0 0.240625 0.425000 0.031250 0.031250
0 0.420312 0.465625 0.028125 0.031250
0 0.026562 0.614062 0.028125 0.028125
0 0.090625 0.396875 0.031250 0.031250
0 0.404687 0.648438 0.028125 0.028125
0 0.432812 0.492188 0.028125 0.028125
0 0.190625 0.510938 0.031250 0.028125
0 0.306250 0.651563 0.025000 0.028125
0 0.204687 0.701562 0.028125 0.028125
0 0.582812 0.570312 0.028125 0.028125
0 0.737500 0.754687 0.031250 0.028125
0 0.075000 0.642188 0.031250 0.028125
0 0.532813 0.545312 0.028125 0.028125
0 0.025000 0.834375 0.031250 0.031250
0 0.550000 0.520312 0.031250 0.028125
0 0.781250 0.703125 0.031250 0.031250
0 0.206250 0.426563 0.031250 0.028125
0 0.292187 0.895312 0.028125 0.028125
0 0.467187 0.596875 0.028125 0.031250
0 0.092188 0.451562 0.028125 0.028125
0 0.242188 0.482812 0.028125 0.028125
0 0.451562 0.467187 0.028125 0.028125
0 0.190625 0.779687 0.025000 0.028125
0 0.639062 0.759375 0.028125 0.031250
0 0.270313 0.540625 0.028125 0.031250
0 0.614062 0.570312 0.028125 0.028125
0 0.209375 0.975000 0.031250 0.031250
0 0.585938 0.626563 0.028125 0.028125
0 0.817187 0.835938 0.034375 0.034375
0 0.565625 0.764062 0.025000 0.028125
0 0.042188 0.423438 0.028125 0.028125
0 0.025000 0.948438 0.031250 0.028125
0 0.678125 0.925000 0.031250 0.031250
0 0.025000 0.560937 0.031250 0.028125
0 0.337500 0.757812 0.031250 0.028125
0 0.598437 0.546875 0.028125 0.031250
0 0.448437 0.571875 0.028125 0.031250
0 0.423438 0.893750 0.028125 0.031250
0 0.745313 0.787500 0.028125 0.031250
0 0.421875 0.412500 0.031250 0.031250
0 0.320312 0.514062 0.028125 0.028125
0 0.489063 0.785937 0.028125 0.028125
0 0.550000 0.790625 0.025000 0.025000
0 0.237500 0.701562 0.025000 0.028125
0 0.690625 0.620313 0.031250 0.028125
0 0.621875 0.892188 0.031250 0.028125
0 0.043750 0.535937 0.031250 0.028125
0 0.565625 0.545312 0.025000 0.028125
0 0.023438 0.726562 0.028125 0.028125
0 0.304688 0.701562 0.028125 0.028125
0 0.081250 0.964063 0.031250 0.028125
0 0.304688 0.598437 0.028125 0.028125
0 0.420312 0.623437 0.028125 0.028125
0 0.060937 0.454688 0.028125 0.028125
0 0.057813 0.398438 0.034375 0.034375
0 0.073438 0.534375 0.028125 0.031250
0 0.387500 0.948438 0.031250 0.028125
0 0.042188 0.642188 0.028125 0.028125
0 0.500000 0.440625 0.025000 0.025000
0 0.554688 0.623437 0.028125 0.028125
0 0.571875 0.868750 0.031250 0.031250
0 0.567187 0.492188 0.028125 0.028125
0 0.535937 0.493750 0.028125 0.031250
0 0.687500 0.787500 0.031250 0.031250
0 0.287500 0.400000 0.031250 0.031250
0 0.351562 0.517188 0.028125 0.028125
0 0.125000 0.396875 0.031250 0.031250
0 0.481250 0.468750 0.031250 0.031250
0 0.728125 0.618750 0.031250 0.031250
0 0.076563 0.806250 0.028125 0.031250
0 0.654687 0.842187 0.028125 0.028125
0 0.301563 0.542188 0.028125 0.028125
0 0.809375 0.798438 0.031250 0.034375
0 0.601562 0.654687 0.028125 0.028125
0 0.129688 0.942187 0.028125 0.028125
0 0.190625 0.396875 0.031250 0.031250
0 0.389062 0.839063 0.028125 0.028125
0 0.176563 0.914062 0.028125 0.028125
0 0.157812 0.396875 0.034375 0.031250
0 0.221875 0.726562 0.025000 0.028125
0 0.673438 0.759375 0.028125 0.031250
0 0.181250 0.971875 0.031250 0.031250
0 0.501563 0.492188 0.028125 0.028125
0 0.385937 0.409375 0.028125 0.031250
0 0.656250 0.787500 0.031250 0.031250
0 0.023438 0.398438 0.028125 0.028125
0 0.646875 0.571875 0.031250 0.031250
0 0.678125 0.959375 0.031250 0.031250
0 0.320312 0.729688 0.028125 0.028125
0 0.475000 0.968750 0.031250 0.031250
0 0.339062 0.976562 0.028125 0.028125
0 0.273438 0.976562 0.028125 0.028125
0 0.025000 0.667188 0.031250 0.028125
0 0.803125 0.767188 0.031250 0.034375
0 0.060937 0.560937 0.028125 0.028125
0 0.195312 0.942187 0.028125 0.028125
0 0.790625 0.734375 0.031250 0.031250
0 0.123438 0.670312 0.028125 0.028125
0 0.114062 0.967187 0.028125 0.028125
0 0.550000 0.467187 0.025000 0.028125
0 0.335938 0.542188 0.028125 0.028125
0 0.339062 0.432812 0.028125 0.028125
0 0.623437 0.842187 0.028125 0.028125
0 0.320312 0.623437 0.028125 0.028125
0 0.420312 0.950000 0.028125 0.031250
0 0.335938 0.596875 0.028125 0.025000
0 0.465625 0.432812 0.031250 0.028125
0 0.404687 0.810937 0.028125 0.028125
0 0.023438 0.451562 0.028125 0.028125
0 0.354687 0.948438 0.028125 0.028125
0 0.339062 0.704688 0.028125 0.028125
0 0.162500 0.940625 0.025000 0.025000
0 0.354687 0.404687 0.028125 0.028125
0 0.285938 0.456250 0.028125 0.031250
0 0.367188 0.545312 0.028125 0.028125
0 0.629687 0.543750 0.028125 0.031250
0 0.025000 0.512500 0.031250 0.031250
0 0.735938 0.923438 0.028125 0.028125
0 0.692187 0.732812 0.028125 0.028125
0 0.607812 0.760938 0.028125 0.028125
0 0.223438 0.398438 0.028125 0.028125
0 0.567187 0.598437 0.028125 0.028125
0 0.451562 0.948438 0.028125 0.028125
0 0.257812 0.398438 0.028125 0.028125
0 0.537500 0.596875 0.031250 0.031250
