0 0.881250 0.803125 0.031250 0.031250
0 0.473438 0.887500 0.028125 0.031250
0 0.742188 0.570312 0.028125 0.028125
0 0.934375 0.834375 0.031250 0.031250
0 0.950000 0.918750 0.031250 0.031250
0 0.900000 0.834375 0.031250 0.031250
0 0.771875 0.590625 0.031250 0.031250
0 0.503125 0.550000 0.031250 0.031250
0 0.837500 0.557813 0.031250 0.028125
0 0.865625 0.890625 0.031250 0.031250
0 0.867188 0.946875 0.028125 0.031250
0 0.498437 0.909375 0.028125 0.031250
0 0.412500 0.903125 0.031250 0.031250
0 0.850000 0.918750 0.031250 0.031250
0 0.900000 0.776563 0.031250 0.028125
0 0.614062 0.782813 0.028125 0.028125
0 0.581250 0.792188 0.025000 0.028125
0 0.915625 0.693750 0.031250 0.031250
0 0.753125 0.534375 0.031250 0.031250
0 0.915625 0.804688 0.031250 0.028125
0 0.385937 0.884375 0.028125 0.031250
0 0.723437 0.806250 0.028125 0.031250
0 0.920312 0.639062 0.028125 0.028125
0 0.785937 0.789062 0.028125 0.028125
0 0.775000 0.854688 0.031250 0.034375
0 0.935937 0.560937 0.028125 0.028125
0 0.846875 0.803125 0.031250 0.031250
0 0.900000 0.890625 0.031250 0.031250
0 0.706250 0.753125 0.031250 0.031250
0 0.607812 0.817187 0.028125 0.028125
0 0.868750 0.834375 0.031250 0.031250
0 0.534375 0.606250 0.031250 0.031250
0 0.360938 0.862500 0.028125 0.031250
0 0.917188 0.917188 0.028125 0.028125
0 0.614062 0.639062 0.028125 0.028125
0 0.817187 0.920312 0.028125 0.028125
0 0.817187 0.585938 0.028125 0.028125
0 0.532813 0.751563 0.028125 0.028125
0 0.834375 0.834375 0.031250 0.031250
0 0.523438 0.929688 0.028125 0.028125
0 0.932813 0.779687 0.028125 0.028125
0 0.885938 0.478125 0.028125 0.031250
0 0.901563 0.667188 0.028125 0.028125
0 0.742188 0.859375 0.028125 0.031250
0 0.765625 0.506250 0.031250 0.031250
0 0.889062 0.529687 0.028125 0.028125
0 0.932813 0.668750 0.028125 0.031250
0 0.720313 0.546875 0.028125 0.031250
0 0.403125 0.609375 0.031250 0.031250
0 0.832812 0.890625 0.028125 0.031250
0 0.776563 0.817187 0.028125 0.028125
0 0.951562 0.639062 0.028125 0.028125
0 0.970313 0.557813 0.028125 0.028125
0 0.623437 0.867188 0.028125 0.028125
0 0.581250 0.935937 0.031250 0.028125
0 0.884375 0.860938 0.031250 0.028125
0 0.607812 0.670312 0.028125 0.028125
0 0.296875 0.931250 0.031250 0.031250
0 0.392188 0.737500 0.028125 0.031250
0 0.551562 0.804688 0.028125 0.028125
0 0.598437 0.732812 0.028125 0.028125
0 0.884375 0.750000 0.031250 0.031250
0 0.796875 0.610938 0.031250 0.028125
0 0.739062 0.601562 0.028125 0.028125
0 0.853125 0.476562 0.031250 0.028125
0 0.935937 0.504687 0.028125 0.028125
0 0.639062 0.659375 0.028125 0.031250
0 0.739062 0.745313 0.028125 0.028125
0 0.932813 0.721875 0.028125 0.031250
0 0.951562 0.423438 0.028125 0.028125
0 0.484375 0.709375 0.031250 0.031250
0 0.806250 0.728125 0.031250 0.031250
0 0.560937 0.485938 0.028125 0.028125
0 0.714063 0.723437 0.028125 0.028125
0 0.851562 0.639062 0.028125 0.028125
0 0.803125 0.837500 0.031250 0.031250
0 0.468750 0.921875 0.031250 0.031250
0 0.750000 0.423438 0.031250 0.028125
0 0.651563 0.742188 0.028125 0.028125
0 0.689063 0.703125 0.028125 0.031250
0 0.645312 0.628125 0.028125 0.031250
0 0.901563 0.557813 0.028125 0.028125
0 0.385937 0.950000 0.028125 0.031250
0 0.881250 0.696875 0.031250 0.031250
0 0.564063 0.742188 0.028125 0.028125
0 0.676562 0.764062 0.028125 0.028125
0 0.884375 0.917188 0.031250 0.028125
0 0.839063 0.750000 0.028125 0.031250
0 0.415625 0.934375 0.031250 0.031250
0 0.415625 0.759375 0.031250 0.031250
0 0.898438 0.945312 0.028125 0.028125
0 0.673438 0.912500 0.028125 0.031250
0 0.478125 0.739062 0.031250 0.028125
0 0.479687 0.854688 0.028125 0.028125
0 0.951562 0.696875 0.028125 0.031250
0 0.526563 0.782813 0.028125 0.028125
0 0.635938 0.545312 0.028125 0.028125
0 0.723437 0.692187 0.028125 0.028125
0 0.948438 0.807813 0.028125 0.028125
0 0.454688 0.832812 0.028125 0.028125
0 0.728125 0.512500 0.031250 0.031250
0 0.965625 0.778125 0.031250 0.031250
0 0.557813 0.770312 0.028125 0.028125
0 0.917188 0.423438 0.028125 0.028125
0 0.817187 0.976562 0.028125 0.028125
0 0.817187 0.635938 0.028125 0.028125
0 0.801562 0.503125 0.028125 0.031250
0 0.703125 0.898438 0.031250 0.028125
0 0.740625 0.484375 0.031250 0.031250
0 0.592187 0.876563 0.028125 0.028125
0 0.664062 0.681250 0.028125 0.031250
0 0.868750 0.448437 0.031250 0.028125
0 0.639062 0.804688 0.028125 0.028125
0 0.851562 0.860938 0.028125 0.028125
0 0.331250 0.878125 0.031250 0.031250
0 0.620313 0.754687 0.028125 0.028125
0 0.710938 0.868750 0.028125 0.031250
0 0.446875 0.946875 0.031250 0.031250
0 0.676562 0.876563 0.028125 0.028125
0 0.768750 0.884375 0.031250 0.031250
0 0.448437 0.867188 0.028125 0.028125
0 0.789062 0.531250 0.028125 0.031250
0 0.545312 0.832812 0.028125 0.028125
0 0.915625 0.862500 0.031250 0.031250
0 0.823438 0.776563 0.028125 0.028125
0 0.951562 0.862500 0.028125 0.031250
0 0.610938 0.525000 0.028125 0.031250
0 0.632812 0.692187 0.028125 0.028125
0 0.965625 0.612500 0.031250 0.031250
0 0.748437 0.828125 0.028125 0.031250
0 0.692187 0.815625 0.028125 0.031250
0 0.660937 0.567187 0.028125 0.028125
0 0.292187 0.900000 0.028125 0.031250
0 0.784375 0.421875 0.031250 0.031250
0 0.357812 0.745313 0.028125 0.028125
0 0.785937 0.976562 0.028125 0.028125
0 0.931250 0.948438 0.031250 0.028125
0 0.750000 0.714063 0.031250 0.028125
0 0.495312 0.942187 0.028125 0.028125
0 0.851562 0.976562 0.028125 0.028125
0 0.870313 0.503125 0.028125 0.031250
0 0.904687 0.504687 0.028125 0.028125
0 0.832812 0.948438 0.028125 0.028125
0 0.323437 0.912500 0.028125 0.031250
0 0.773438 0.735938 0.028125 0.028125
0 0.495312 0.795312 0.028125 0.028125
0 0.837500 0.610938 0.031250 0.028125
0 0.785937 0.920312 0.028125 0.028125
0 0.965625 0.723437 0.031250 0.028125
0 0.504687 0.876563 0.028125 0.028125
0 0.375000 0.798438 0.031250 0.028125
0 0.628125 0.721875 0.031250 0.031250
0 0.868750 0.612500 0.031250 0.031250
0 0.754687 0.795312 0.028125 0.028125
0 0.773438 0.559375 0.028125 0.031250
0 0.581250 0.534375 0.031250 0.031250
0 0.951562 0.748437 0.028125 0.028125
0 0.334375 0.840625 0.031250 0.031250
0 0.920312 0.585938 0.028125 0.028125
0 0.665625 0.943750 0.031250 0.031250
0 0.700000 0.943750 0.031250 0.031250
0 0.881250 0.975000 0.031250 0.031250
0 0.835938 0.448437 0.028125 0.028125
0 0.442188 0.898438 0.028125 0.028125
0 0.318750 0.778125 0.031250 0.031250
0 0.735938 0.890625 0.028125 0.031250
0 0.657813 0.714063 0.028125 0.028125
0 0.967187 0.832812 0.028125 0.028125
0 0.598437 0.845313 0.028125 0.028125
0 0.782813 0.704688 0.028125 0.028125
0 0.920312 0.532813 0.028125 0.028125
0 0.950000 0.975000 0.031250 0.031250
0 0.800000 0.890625 0.031250 0.031250
0 0.920312 0.478125 0.028125 0.031250
0 0.692187 0.556250 0.028125 0.031250
0 0.701562 0.785937 0.028125 0.028125
0 0.503125 0.764062 0.031250 0.028125
0 0.560937 0.629687 0.028125 0.028125
0 0.754687 0.914062 0.028125 0.028125
0 0.493750 0.517188 0.031250 0.028125
0 0.306250 0.807813 0.031250 0.028125
0 0.732812 0.629687 0.028125 0.028125
0 0.623437 0.607812 0.028125 0.028125
0 0.417187 0.873437 0.028125 0.028125
0 0.820312 0.478125 0.028125 0.031250
0 0.520312 0.817187 0.028125 0.028125
0 0.676562 0.473438 0.028125 0.028125
0 0.685937 0.845313 0.028125 0.028125
0 0.303125 0.837500 0.031250 0.031250
0 0.717187 0.431250 0.028125 0.031250
0 0.723437 0.918750 0.028125 0.031250
0 0.564063 0.450000 0.034375 0.031250
0 0.350000 0.776563 0.031250 0.028125
0 0.670312 0.795312 0.028125 0.028125
0 0.368750 0.831250 0.031250 0.031250
0 0.951562 0.532813 0.028125 0.028125
0 0.854688 0.529687 0.028125 0.028125
0 0.967187 0.668750 0.028125 0.031250
0 0.660937 0.826562 0.028125 0.028125
0 0.459375 0.635938 0.031250 0.028125
0 0.425000 0.729688 0.031250 0.028125
0 0.353125 0.932813 0.031250 0.028125
0 0.340625 0.809375 0.031250 0.031250
0 0.520312 0.960938 0.028125 0.028125
0 0.837500 0.503125 0.031250 0.031250
0 0.953125 0.585938 0.031250 0.028125
0 0.682813 0.732812 0.028125 0.028125
0 0.917188 0.748437 0.028125 0.028125
0 0.854688 0.584375 0.028125 0.031250
0 0.737500 0.454688 0.031250 0.028125
0 0.576562 0.823438 0.028125 0.028125
0 0.764062 0.764062 0.028125 0.028125
0 0.729688 0.773438 0.028125 0.028125
0 0.707812 0.460938 0.028125 0.028125
0 0.801562 0.946875 0.028125 0.031250
0 0.904687 0.451562 0.028125 0.028125
0 0.784375 0.478125 0.031250 0.031250
0 0.768750 0.946875 0.031250 0.031250
0 0.442188 0.662500 0.028125 0.031250
0 0.868750 0.667188 0.031250 0.028125
0 0.889062 0.585938 0.028125 0.028125
0 0.968750 0.506250 0.031250 0.031250
0 0.526563 0.635938 0.028125 0.028125
0 0.526563 0.498437 0.028125 0.028125
0 0.821875 0.529687 0.031250 0.028125
0 0.393750 0.853125 0.031250 0.031250
0 0.728125 0.400000 0.031250 0.031250
0 0.753125 0.685937 0.031250 0.028125
0 0.325000 0.746875 0.031250 0.031250
0 0.487500 0.662500 0.031250 0.031250
0 0.570312 0.710938 0.028125 0.028125
0 0.412500 0.968750 0.031250 0.031250
0 0.768750 0.450000 0.031250 0.031250
0 0.454688 0.592187 0.028125 0.028125
0 0.676562 0.620313 0.028125 0.028125
0 0.618750 0.898438 0.031250 0.028125
0 0.468750 0.771875 0.031250 0.031250
0 0.459375 0.510938 0.031250 0.034375
0 0.348438 0.690625 0.028125 0.031250
0 0.587500 0.503125 0.031250 0.031250
0 0.454688 0.718750 0.028125 0.031250
0 0.368750 0.714063 0.031250 0.028125
0 0.525000 0.526563 0.031250 0.028125
0 0.882812 0.421875 0.028125 0.031250
0 0.642188 0.512500 0.028125 0.031250
0 0.671875 0.506250 0.031250 0.031250
0 0.868750 0.721875 0.031250 0.031250
0 0.717187 0.835938 0.028125 0.028125
0 0.314063 0.693750 0.028125 0.031250
0 0.932813 0.890625 0.028125 0.031250
0 0.364063 0.660937 0.028125 0.028125
0 0.670312 0.650000 0.028125 0.031250
0 0.935937 0.612500 0.028125 0.031250
0 0.885938 0.639062 0.028125 0.028125
0 0.814063 0.806250 0.028125 0.031250
0 0.589063 0.470313 0.028125 0.028125
0 0.965625 0.948438 0.031250 0.028125
0 0.426563 0.842187 0.028125 0.028125
0 0.403125 0.706250 0.031250 0.031250
0 0.645312 0.773438 0.028125 0.028125
0 0.370312 0.603125 0.028125 0.031250
0 0.303125 0.721875 0.031250 0.031250
0 0.718750 0.975000 0.031250 0.031250
0 0.542188 0.576562 0.028125 0.028125
0 0.328125 0.662500 0.031250 0.031250
0 0.434375 0.615625 0.031250 0.031250
0 0.596875 0.585938 0.025000 0.028125
0 0.651563 0.598437 0.028125 0.028125
0 0.432812 0.810937 0.028125 0.028125
0 0.382812 0.917188 0.028125 0.028125
0 0.654687 0.854688 0.028125 0.028125
0 0.531250 0.898438 0.031250 0.028125
0 0.382812 0.767188 0.028125 0.028125
0 0.703125 0.493750 0.031250 0.031250
0 0.696875 0.526563 0.031250 0.028125
0 0.535937 0.867188 0.028125 0.028125
0 0.551562 0.657813 0.028125 0.028125
0 0.735938 0.948438 0.028125 0.028125
0 0.710938 0.581250 0.028125 0.031250
0 0.381250 0.682813 0.031250 0.028125
0 0.423438 0.585938 0.028125 0.028125
0 0.648438 0.889062 0.028125 0.028125
0 0.695312 0.404687 0.034375 0.034375
0 0.932813 0.450000 0.028125 0.031250
0 0.432812 0.696875 0.028125 0.031250
0 0.356250 0.898438 0.031250 0.028125
0 0.337500 0.718750 0.031250 0.031250
0 0.390625 0.575000 0.031250 0.031250
0 0.560937 0.885938 0.028125 0.028125
0 0.915625 0.975000 0.031250 0.031250
0 0.612500 0.929688 0.031250 0.028125
0 0.510938 0.845313 0.028125 0.028125
0 0.862500 0.775000 0.031250 0.031250
0 0.556250 0.917188 0.025000 0.028125
0 0.567187 0.854688 0.028125 0.028125
0 0.554688 0.514062 0.028125 0.028125
0 0.589063 0.764062 0.028125 0.028125
0 0.296875 0.965625 0.031250 0.031250
0 0.818750 0.418750 0.031250 0.031250
0 0.265625 0.879687 0.031250 0.034375
0 0.951562 0.478125 0.028125 0.031250
0 0.271875 0.850000 0.031250 0.031250
0 0.804688 0.557813 0.028125 0.028125
0 0.509375 0.581250 0.031250 0.031250
0 0.753125 0.976562 0.031250 0.028125
0 0.495312 0.632812 0.028125 0.028125
0 0.440625 0.782813 0.031250 0.028125
0 0.901563 0.723437 0.028125 0.028125
0 0.407813 0.792188 0.028125 0.028125
0 0.901563 0.614062 0.028125 0.028125
0 0.629687 0.576562 0.028125 0.028125
0 0.642188 0.920312 0.028125 0.028125
0 0.573438 0.567187 0.028125 0.028125
0 0.839063 0.717187 0.028125 0.028125
0 0.707812 0.607812 0.028125 0.028125
0 0.582812 0.648438 0.028125 0.028125
0 0.551562 0.545312 0.028125 0.028125
0 0.643750 0.479687 0.031250 0.028125
0 0.567187 0.598437 0.028125 0.028125
0 0.842187 0.689063 0.028125 0.028125
0 0.965625 0.450000 0.031250 0.031250
0 0.785937 0.643750 0.028125 0.031250
0 0.412500 0.553125 0.031250 0.031250
0 0.473438 0.964063 0.028125 0.028125
0 0.290625 0.753125 0.031250 0.031250
0 0.820312 0.667188 0.028125 0.028125
0 0.464062 0.801562 0.028125 0.028125
0 0.300000 0.868750 0.031250 0.031250
0 0.265625 0.918750 0.031250 0.031250
0 0.281250 0.787500 0.031250 0.031250
0 0.728125 0.660937 0.031250 0.028125
0 0.604688 0.554688 0.028125 0.028125
0 0.870313 0.557813 0.028125 0.028125
0 0.507812 0.729688 0.028125 0.028125
0 0.532813 0.464062 0.034375 0.034375
0 0.764062 0.623437 0.028125 0.028125
0 0.464062 0.685937 0.028125 0.028125
0 0.814063 0.696875 0.028125 0.031250
0 0.818750 0.865625 0.031250 0.031250
0 0.798438 0.756250 0.028125 0.031250
0 0.409375 0.671875 0.031250 0.031250
0 0.687500 0.971875 0.031250 0.031250
0 0.667188 0.535937 0.028125 0.028125
0 0.629687 0.835938 0.028125 0.028125
0 0.382812 0.635938 0.028125 0.028125
0 0.757812 0.653125 0.028125 0.031250
0 0.932813 0.392188 0.034375 0.034375
0 0.487500 0.603125 0.031250 0.031250
0 0.965625 0.890625 0.031250 0.031250
0 0.698438 0.670312 0.028125 0.028125
0 0.550000 0.948438 0.025000 0.028125
0 0.489063 0.823438 0.028125 0.028125
0 0.684375 0.437500 0.031250 0.031250
0 0.350000 0.631250 0.031250 0.031250
0 0.576562 0.681250 0.028125 0.031250
0 0.615625 0.490625 0.031250 0.031250
0 0.653125 0.973437 0.031250 0.034375
0 0.784375 0.673438 0.031250 0.028125
0 0.800000 0.451562 0.031250 0.028125
0 0.495312 0.485938 0.034375 0.034375
0 0.415625 0.642188 0.031250 0.028125
0 0.851562 0.420312 0.028125 0.028125
0 0.470313 0.542188 0.028125 0.028125
0 0.323437 0.948438 0.028125 0.028125
0 0.400000 0.820312 0.025000 0.028125
0 0.515625 0.700000 0.031250 0.031250
0 0.901563 0.392188 0.028125 0.028125
0 0.701562 0.639062 0.028125 0.028125
0 0.478125 0.571875 0.031250 0.031250
0 0.585938 0.907813 0.028125 0.028125
0 0.601562 0.701562 0.028125 0.028125
0 0.539062 0.717187 0.028125 0.028125
0 0.448437 0.748437 0.028125 0.028125
0 0.679688 0.589063 0.028125 0.028125
0 0.262500 0.948438 0.031250 0.034375
0 0.610938 0.967187 0.034375 0.034375
0 0.979688 0.806250 0.028125 0.031250
0 0.442188 0.978125 0.028125 0.031250
0 0.434375 0.531250 0.031250 0.031250
0 0.575000 0.970313 0.031250 0.034375
0 0.271875 0.818750 0.031250 0.031250
0 0.450000 0.559375 0.031250 0.031250
0 0.868750 0.392188 0.031250 0.028125
0 0.590625 0.617188 0.025000 0.028125
0 0.545312 0.689063 0.028125 0.028125
0 0.662500 0.412500 0.031250 0.031250
0 0.979688 0.860938 0.028125 0.028125
0 0.545312 0.978125 0.028125 0.025000
0 0.967187 0.395313 0.034375 0.034375
0 0.520312 0.667188 0.028125 0.028125
