0 0.048438 0.782813 0.028125 0.028125
0 0.678125 0.100000 0.031250 0.031250
0 0.089063 0.929688 0.028125 0.028125
0 0.250000 0.257812 0.031250 0.028125
0 0.828125 0.178125 0.031250 0.031250
0 0.043750 0.840625 0.031250 0.031250
0 0.142187 0.845313 0.028125 0.028125
0 0.075000 0.843750 0.031250 0.031250
0 0.331250 0.142187 0.031250 0.028125
0 0.056250 0.929688 0.031250 0.028125
0 0.025000 0.428125 0.031250 0.031250
0 0.243750 0.129688 0.031250 0.028125
0 0.040625 0.898438 0.031250 0.028125
0 0.354687 0.060937 0.028125 0.028125
0 0.167187 0.342187 0.028125 0.028125
0 0.153125 0.053125 0.031250 0.031250
0 0.046875 0.281250 0.031250 0.031250
0 0.765625 0.843750 0.031250 0.031250
0 0.057813 0.870313 0.028125 0.028125
0 0.510938 0.295312 0.028125 0.028125
0 0.028125 0.756250 0.031250 0.031250
0 0.509375 0.328125 0.031250 0.031250
0 0.303125 0.190625 0.031250 0.031250
0 0.482812 0.279687 0.028125 0.028125
0 0.064062 0.812500 0.028125 0.031250
0 0.095312 0.801562 0.034375 0.034375
0 0.387500 0.140625 0.031250 0.031250
0 0.637500 0.056250 0.031250 0.031250
0 0.167187 0.375000 0.028125 0.031250
0 0.157812 0.114062 0.028125 0.028125
0 0.768750 0.403125 0.031250 0.031250
0 0.390625 0.234375 0.031250 0.031250
0 0.423438 0.281250 0.028125 0.031250
0 0.768750 0.275000 0.031250 0.031250
0 0.260937 0.668750 0.028125 0.031250
0 0.025000 0.870313 0.031250 0.028125
0 0.090625 0.875000 0.031250 0.031250
0 0.425000 0.314063 0.031250 0.028125
0 0.062500 0.753125 0.031250 0.031250
0 0.025000 0.393750 0.031250 0.031250
0 0.768750 0.637500 0.031250 0.031250
0 0.598437 0.276562 0.028125 0.028125
0 0.473438 0.120313 0.028125 0.028125
0 0.096875 0.056250 0.031250 0.031250
0 0.482812 0.310937 0.028125 0.028125
0 0.218750 0.178125 0.031250 0.031250
0 0.109375 0.343750 0.031250 0.031250
0 0.187500 0.164062 0.031250 0.028125
0 0.362500 0.220312 0.031250 0.028125
0 0.329688 0.109375 0.028125 0.031250
0 0.453125 0.293750 0.031250 0.031250
0 0.360938 0.189062 0.028125 0.028125
0 0.796875 0.100000 0.031250 0.031250
0 0.796875 0.290625 0.031250 0.031250
0 0.685937 0.451562 0.028125 0.028125
0 0.251563 0.323437 0.028125 0.028125
0 0.021875 0.329688 0.031250 0.028125
0 0.251563 0.639062 0.028125 0.028125
0 0.796875 0.068750 0.031250 0.031250
0 0.337500 0.332813 0.031250 0.028125
0 0.651563 0.117188 0.028125 0.028125
0 0.390625 0.937500 0.031250 0.031250
0 0.335938 0.268750 0.028125 0.031250
0 0.596875 0.307812 0.025000 0.028125
0 0.798438 0.323437 0.028125 0.028125
0 0.307812 0.851562 0.028125 0.028125
0 0.707812 0.176563 0.028125 0.028125
0 0.425000 0.345313 0.031250 0.028125
0 0.246875 0.226562 0.031250 0.028125
0 0.081250 0.392188 0.031250 0.028125
0 0.335938 0.909375 0.028125 0.031250
0 0.468750 0.059375 0.031250 0.031250
0 0.414062 0.059375 0.028125 0.031250
0 0.682813 0.385937 0.028125 0.028125
0 0.075000 0.901563 0.031250 0.028125
0 0.712500 0.307812 0.031250 0.028125
0 0.115625 0.775000 0.031250 0.031250
0 0.189062 0.195312 0.028125 0.028125
0 0.289062 0.935937 0.028125 0.028125
0 0.225000 0.403125 0.031250 0.031250
0 0.742188 0.356250 0.028125 0.031250
0 0.414062 0.090625 0.028125 0.031250
0 0.639062 0.087500 0.028125 0.031250
0 0.109375 0.901563 0.031250 0.028125
0 0.126562 0.067187 0.028125 0.028125
0 0.382812 0.046875 0.028125 0.031250
0 0.739062 0.164062 0.028125 0.028125
0 0.334375 0.206250 0.031250 0.031250
0 0.828125 0.112500 0.031250 0.031250
0 0.417187 0.123438 0.028125 0.028125
0 0.087500 0.718750 0.031250 0.031250
0 0.240625 0.034375 0.031250 0.031250
0 0.109375 0.845313 0.031250 0.028125
0 0.192188 0.292187 0.028125 0.028125
0 0.079687 0.359375 0.028125 0.031250
0 0.318750 0.656250 0.031250 0.031250
0 0.257812 0.821875 0.028125 0.031250
0 0.354687 0.935937 0.028125 0.028125
0 0.275000 0.142187 0.031250 0.028125
0 0.710938 0.403125 0.028125 0.031250
0 0.254688 0.932813 0.028125 0.028125
0 0.270313 0.081250 0.028125 0.031250
0 0.442188 0.104688 0.028125 0.028125
0 0.359375 0.157812 0.031250 0.028125
0 0.623437 0.259375 0.028125 0.031250
0 0.306250 0.223438 0.031250 0.028125
0 0.185938 0.129688 0.028125 0.028125
0 0.121875 0.653125 0.031250 0.031250
0 0.568750 0.325000 0.031250 0.031250
0 0.221875 0.339062 0.031250 0.028125
0 0.243750 0.096875 0.031250 0.031250
0 0.248438 0.290625 0.028125 0.031250
0 0.765625 0.084375 0.031250 0.031250
0 0.331250 0.173437 0.031250 0.028125
0 0.320312 0.879687 0.028125 0.028125
0 0.514062 0.387500 0.028125 0.031250
0 0.354687 0.879687 0.028125 0.028125
0 0.712500 0.470313 0.031250 0.028125
0 0.768750 0.604688 0.031250 0.028125
0 0.828125 0.143750 0.031250 0.031250
0 0.654687 0.275000 0.028125 0.031250
0 0.828125 0.081250 0.031250 0.031250
0 0.337500 0.300000 0.031250 0.031250
0 0.171875 0.409375 0.031250 0.031250
0 0.795312 0.160938 0.028125 0.028125
0 0.654687 0.304688 0.028125 0.028125
0 0.482812 0.375000 0.028125 0.031250
0 0.073438 0.165625 0.028125 0.031250
0 0.281250 0.337500 0.031250 0.031250
0 0.190625 0.228125 0.031250 0.031250
0 0.739062 0.290625 0.028125 0.031250
0 0.737500 0.485938 0.031250 0.028125
0 0.273438 0.907813 0.028125 0.028125
0 0.498437 0.104688 0.028125 0.028125
0 0.712500 0.370312 0.031250 0.028125
0 0.273438 0.795312 0.028125 0.028125
0 0.710938 0.340625 0.028125 0.031250
0 0.765625 0.703125 0.031250 0.031250
0 0.796875 0.556250 0.031250 0.031250
0 0.268750 0.703125 0.031250 0.031250
0 0.303125 0.126562 0.031250 0.028125
0 0.485938 0.404687 0.028125 0.028125
0 0.128125 0.101562 0.031250 0.028125
0 0.626563 0.323437 0.028125 0.028125
0 0.654687 0.150000 0.028125 0.031250
0 0.293750 0.678125 0.031250 0.031250
0 0.278125 0.271875 0.031250 0.031250
0 0.393750 0.298438 0.031250 0.028125
0 0.129688 0.164062 0.028125 0.028125
0 0.307812 0.739062 0.028125 0.028125
0 0.767188 0.370312 0.028125 0.028125
0 0.242188 0.792188 0.028125 0.028125
0 0.596875 0.242188 0.025000 0.028125
0 0.351562 0.029687 0.028125 0.028125
0 0.164062 0.276562 0.028125 0.028125
0 0.454688 0.329688 0.028125 0.028125
0 0.712500 0.437500 0.031250 0.031250
0 0.367188 0.315625 0.028125 0.031250
0 0.164062 0.310937 0.028125 0.028125
0 0.709375 0.084375 0.031250 0.031250
0 0.767188 0.114062 0.028125 0.028125
0 0.598437 0.404687 0.028125 0.028125
0 0.273438 0.732812 0.028125 0.028125
0 0.739062 0.390625 0.028125 0.031250
0 0.796875 0.356250 0.031250 0.031250
0 0.304688 0.907813 0.028125 0.028125
0 0.798438 0.193750 0.028125 0.031250
0 0.125000 0.740625 0.031250 0.031250
0 0.320312 0.935937 0.028125 0.028125
0 0.025000 0.360938 0.031250 0.028125
0 0.596875 0.212500 0.025000 0.025000
0 0.623437 0.132812 0.028125 0.028125
0 0.710938 0.635938 0.028125 0.028125
0 0.209375 0.625000 0.031250 0.031250
0 0.826562 0.842187 0.034375 0.034375
0 0.770312 0.337500 0.028125 0.031250
0 0.031250 0.581250 0.031250 0.031250
0 0.387500 0.171875 0.031250 0.031250
0 0.223438 0.820312 0.028125 0.028125
0 0.104688 0.623437 0.028125 0.028125
0 0.310937 0.351562 0.028125 0.028125
0 0.051562 0.554688 0.028125 0.028125
0 0.046875 0.246875 0.031250 0.031250
0 0.256250 0.450000 0.031250 0.031250
0 0.245312 0.160938 0.028125 0.028125
0 0.765625 0.671875 0.031250 0.031250
0 0.023438 0.926562 0.028125 0.028125
0 0.693750 0.056250 0.031250 0.031250
0 0.292187 0.589063 0.028125 0.028125
0 0.192188 0.820312 0.028125 0.028125
0 0.364063 0.282813 0.028125 0.028125
0 0.737500 0.068750 0.031250 0.031250
0 0.137500 0.681250 0.031250 0.031250
0 0.253125 0.387500 0.031250 0.031250
0 0.303125 0.621875 0.031250 0.031250
0 0.445312 0.168750 0.028125 0.031250
0 0.220312 0.210938 0.028125 0.028125
0 0.796875 0.390625 0.031250 0.031250
0 0.257812 0.764062 0.028125 0.028125
0 0.795312 0.226562 0.028125 0.028125
0 0.682813 0.257812 0.028125 0.028125
0 0.135937 0.328125 0.028125 0.031250
0 0.217188 0.243750 0.028125 0.031250
0 0.290625 0.764062 0.031250 0.028125
0 0.439063 0.043750 0.028125 0.031250
0 0.473438 0.085938 0.028125 0.028125
0 0.681250 0.223438 0.031250 0.028125
0 0.251563 0.357812 0.028125 0.028125
0 0.450000 0.262500 0.031250 0.031250
0 0.712500 0.504687 0.031250 0.028125
0 0.795312 0.257812 0.028125 0.028125
0 0.682813 0.420312 0.028125 0.028125
0 0.821875 0.807813 0.031250 0.034375
0 0.768750 0.573438 0.031250 0.028125
0 0.335938 0.851562 0.028125 0.028125
0 0.826562 0.879687 0.034375 0.034375
0 0.417187 0.185938 0.028125 0.028125
0 0.737500 0.860938 0.031250 0.028125
0 0.339062 0.364063 0.028125 0.028125
0 0.610938 0.071875 0.028125 0.031250
0 0.223438 0.653125 0.028125 0.031250
0 0.710938 0.210938 0.028125 0.028125
0 0.053125 0.343750 0.031250 0.031250
0 0.465625 0.026562 0.031250 0.028125
0 0.598437 0.339062 0.028125 0.028125
0 0.737500 0.589063 0.031250 0.028125
0 0.793750 0.689063 0.031250 0.028125
0 0.612500 0.103125 0.025000 0.025000
0 0.654687 0.339062 0.028125 0.028125
0 0.064062 0.476562 0.034375 0.034375
0 0.384375 0.076563 0.031250 0.028125
0 0.767188 0.146875 0.028125 0.031250
0 0.067187 0.070312 0.028125 0.028125
0 0.276562 0.239063 0.028125 0.028125
0 0.825000 0.475000 0.031250 0.031250
0 0.742188 0.323437 0.028125 0.028125
0 0.290625 0.821875 0.031250 0.031250
0 0.043750 0.671875 0.031250 0.031250
0 0.046875 0.215625 0.031250 0.031250
0 0.710938 0.273438 0.028125 0.028125
0 0.567187 0.164062 0.028125 0.028125
0 0.651563 0.435937 0.028125 0.028125
0 0.337500 0.964063 0.031250 0.028125
0 0.510938 0.264062 0.028125 0.028125
0 0.595313 0.181250 0.028125 0.031250
0 0.120313 0.707812 0.028125 0.028125
0 0.275000 0.207813 0.031250 0.028125
0 0.765625 0.439063 0.031250 0.034375
0 0.654687 0.404687 0.028125 0.028125
0 0.768750 0.243750 0.031250 0.031250
0 0.495312 0.042188 0.028125 0.028125
0 0.106250 0.956250 0.031250 0.031250
0 0.793750 0.129688 0.031250 0.028125
0 0.284375 0.645312 0.031250 0.028125
0 0.126562 0.815625 0.028125 0.031250
0 0.567187 0.292187 0.028125 0.028125
0 0.306250 0.285938 0.031250 0.028125
0 0.796875 0.521875 0.031250 0.031250
0 0.654687 0.179688 0.028125 0.028125
0 0.637500 0.023438 0.031250 0.028125
0 0.529687 0.060937 0.028125 0.028125
0 0.796875 0.490625 0.031250 0.031250
0 0.651563 0.243750 0.028125 0.025000
0 0.335938 0.237500 0.028125 0.031250
0 0.682813 0.289062 0.028125 0.028125
0 0.362500 0.253125 0.031250 0.031250
0 0.709375 0.875000 0.031250 0.031250
0 0.078125 0.293750 0.031250 0.031250
0 0.796875 0.037500 0.031250 0.031250
0 0.796875 0.856250 0.031250 0.031250
0 0.303125 0.709375 0.031250 0.031250
0 0.737500 0.100000 0.031250 0.031250
0 0.739062 0.520312 0.028125 0.028125
0 0.182812 0.037500 0.028125 0.031250
0 0.137500 0.359375 0.031250 0.031250
0 0.442188 0.073438 0.028125 0.028125
0 0.101562 0.182812 0.028125 0.028125
0 0.329688 0.689063 0.028125 0.028125
0 0.239063 0.848437 0.028125 0.028125
0 0.142187 0.421875 0.028125 0.031250
0 0.100000 0.475000 0.031250 0.031250
0 0.682813 0.320312 0.028125 0.028125
0 0.245312 0.195312 0.028125 0.028125
0 0.825000 0.571875 0.031250 0.031250
0 0.282813 0.398438 0.028125 0.028125
0 0.093750 0.751563 0.031250 0.028125
0 0.051562 0.376563 0.028125 0.028125
0 0.254688 0.418750 0.028125 0.031250
0 0.395313 0.329688 0.028125 0.028125
0 0.707812 0.145313 0.028125 0.028125
0 0.739062 0.196875 0.028125 0.031250
0 0.045312 0.150000 0.028125 0.031250
0 0.570312 0.357812 0.028125 0.028125
0 0.137500 0.390625 0.031250 0.031250
0 0.623437 0.164062 0.028125 0.028125
0 0.626563 0.289062 0.028125 0.028125
0 0.273438 0.851562 0.028125 0.028125
0 0.539062 0.310937 0.028125 0.028125
0 0.026562 0.643750 0.028125 0.031250
0 0.567187 0.196875 0.028125 0.025000
0 0.360938 0.125000 0.028125 0.031250
0 0.529687 0.120313 0.028125 0.028125
0 0.679688 0.132812 0.028125 0.028125
0 0.739062 0.621875 0.028125 0.031250
0 0.512500 0.550000 0.031250 0.031250
0 0.582812 0.087500 0.028125 0.025000
0 0.417187 0.154688 0.028125 0.028125
0 0.798438 0.456250 0.028125 0.031250
0 0.304688 0.159375 0.028125 0.031250
0 0.737500 0.685937 0.031250 0.028125
0 0.542188 0.435937 0.028125 0.028125
0 0.679688 0.195312 0.028125 0.028125
0 0.453125 0.390625 0.031250 0.031250
0 0.273438 0.175000 0.028125 0.031250
0 0.567187 0.229687 0.028125 0.028125
0 0.482812 0.342187 0.028125 0.028125
0 0.739062 0.556250 0.028125 0.031250
0 0.710938 0.604688 0.028125 0.028125
0 0.031250 0.812500 0.031250 0.031250
0 0.395313 0.360938 0.028125 0.028125
0 0.267188 0.050000 0.028125 0.031250
0 0.195312 0.323437 0.028125 0.028125
0 0.540625 0.181250 0.031250 0.031250
0 0.793750 0.657813 0.031250 0.028125
0 0.239063 0.068750 0.028125 0.031250
0 0.392188 0.267188 0.028125 0.028125
0 0.554688 0.073438 0.028125 0.028125
0 0.054688 0.407813 0.028125 0.028125
0 0.154688 0.085938 0.028125 0.028125
0 0.040625 0.525000 0.031250 0.031250
0 0.403125 0.965625 0.031250 0.031250
0 0.410938 0.909375 0.028125 0.031250
0 0.221875 0.371875 0.031250 0.031250
0 0.223438 0.765625 0.028125 0.031250
0 0.239063 0.609375 0.028125 0.031250
0 0.767188 0.537500 0.034375 0.031250
0 0.021875 0.296875 0.031250 0.031250
0 0.767188 0.503125 0.028125 0.031250
0 0.409375 0.028125 0.031250 0.031250
0 0.651563 0.212500 0.028125 0.025000
0 0.125000 0.871875 0.031250 0.031250
0 0.071875 0.528125 0.031250 0.031250
0 0.065625 0.696875 0.031250 0.031250
0 0.540625 0.339062 0.031250 0.028125
0 0.190625 0.260937 0.031250 0.028125
0 0.310937 0.565625 0.028125 0.031250
0 0.281250 0.306250 0.031250 0.031250
0 0.304688 0.254688 0.028125 0.028125
0 0.682813 0.354687 0.028125 0.028125
0 0.032813 0.493750 0.028125 0.031250
0 0.598437 0.373437 0.028125 0.028125
0 0.512500 0.487500 0.031250 0.031250
0 0.387500 0.884375 0.031250 0.031250
0 0.132812 0.195312 0.028125 0.028125
0 0.139063 0.626563 0.028125 0.028125
0 0.765625 0.876563 0.031250 0.028125
0 0.735938 0.720313 0.028125 0.028125
0 0.367188 0.346875 0.028125 0.031250
0 0.512500 0.518750 0.031250 0.031250
0 0.184375 0.065625 0.031250 0.031250
0 0.681250 0.620313 0.031250 0.028125
0 0.129688 0.134375 0.028125 0.031250
0 0.557813 0.135937 0.028125 0.028125
0 0.189062 0.651563 0.028125 0.028125
0 0.073438 0.957812 0.028125 0.028125
0 0.445312 0.139063 0.028125 0.028125
0 0.039062 0.954688 0.028125 0.028125
0 0.096875 0.682813 0.031250 0.034375
0 0.540625 0.279687 0.031250 0.028125
0 0.825000 0.309375 0.031250 0.031250
0 0.101562 0.150000 0.028125 0.031250
0 0.326562 0.048438 0.028125 0.028125
0 0.529687 0.151562 0.028125 0.028125
0 0.679688 0.164062 0.028125 0.028125
0 0.239063 0.904687 0.028125 0.028125
0 0.712500 0.539062 0.031250 0.028125
0 0.164062 0.210938 0.028125 0.028125
0 0.271875 0.962500 0.031250 0.031250
0 0.125000 0.035937 0.031250 0.028125
0 0.209375 0.021875 0.031250 0.031250
0 0.046875 0.721875 0.031250 0.031250
0 0.553125 0.040625 0.031250 0.031250
0 0.268750 0.018750 0.031250 0.031250
0 0.828125 0.209375 0.031250 0.031250
0 0.164062 0.245312 0.028125 0.028125
0 0.473438 0.151562 0.028125 0.028125
0 0.223438 0.304688 0.028125 0.028125
0 0.079687 0.326562 0.028125 0.028125
0 0.065625 0.037500 0.031250 0.031250
0 0.665625 0.070312 0.031250 0.028125
0 0.623437 0.226562 0.028125 0.028125
0 0.107813 0.310937 0.028125 0.028125
0 0.284375 0.465625 0.031250 0.031250
0 0.418750 0.939063 0.031250 0.028125
0 0.195312 0.356250 0.028125 0.031250
0 0.809375 0.907813 0.031250 0.034375
0 0.710938 0.242188 0.028125 0.028125
0 0.300000 0.096875 0.031250 0.031250
0 0.654687 0.570312 0.028125 0.028125
0 0.739062 0.654687 0.028125 0.028125
0 0.768750 0.307812 0.031250 0.028125
0 0.223438 0.932813 0.028125 0.028125
0 0.050000 0.615625 0.031250 0.031250
0 0.300000 0.534375 0.031250 0.031250
0 0.098437 0.118750 0.028125 0.031250
0 0.567187 0.389062 0.028125 0.028125
0 0.625000 0.418750 0.031250 0.031250
0 0.220312 0.276562 0.028125 0.028125
0 0.595313 0.150000 0.028125 0.031250
0 0.542188 0.371875 0.028125 0.031250
0 0.207813 0.792188 0.028125 0.028125
0 0.098437 0.087500 0.028125 0.031250
0 0.542188 0.534375 0.028125 0.031250
0 0.018750 0.262500 0.031250 0.031250
0 0.270313 0.614062 0.028125 0.028125
0 0.054688 0.440625 0.028125 0.031250
0 0.709375 0.843750 0.031250 0.031250
0 0.445312 0.962500 0.034375 0.031250
0 0.160938 0.148438 0.028125 0.028125
0 0.282813 0.557813 0.028125 0.028125
0 0.567187 0.260937 0.028125 0.028125
0 0.598437 0.435937 0.028125 0.028125
0 0.796875 0.421875 0.031250 0.031250
0 0.109375 0.376563 0.031250 0.028125
0 0.017188 0.231250 0.028125 0.031250
0 0.090625 0.653125 0.031250 0.031250
0 0.768750 0.471875 0.031250 0.031250
0 0.017188 0.200000 0.028125 0.031250
0 0.667188 0.040625 0.028125 0.031250
0 0.767188 0.179688 0.028125 0.028125
0 0.526563 0.089063 0.028125 0.028125
0 0.142187 0.901563 0.028125 0.028125
0 0.323437 0.017188 0.028125 0.028125
0 0.740625 0.421875 0.031250 0.031250
0 0.234375 0.684375 0.031250 0.031250
0 0.354687 0.604688 0.028125 0.028125
0 0.045312 0.182812 0.028125 0.028125
0 0.825000 0.540625 0.031250 0.031250
0 0.479687 0.248438 0.028125 0.028125
0 0.260937 0.582812 0.028125 0.028125
0 0.153125 0.709375 0.031250 0.031250
0 0.501563 0.135937 0.028125 0.028125
0 0.326562 0.076563 0.028125 0.028125
0 0.123438 0.929688 0.028125 0.028125
0 0.525000 0.026562 0.031250 0.028125
0 0.306250 0.793750 0.031250 0.031250
0 0.425000 0.376563 0.031250 0.028125
0 0.028125 0.462500 0.031250 0.031250
0 0.765625 0.053125 0.031250 0.031250
0 0.018750 0.612500 0.031250 0.031250
0 0.271875 0.521875 0.031250 0.031250
0 0.150000 0.021875 0.031250 0.031250
0 0.214062 0.117188 0.028125 0.028125
0 0.214062 0.082812 0.028125 0.028125
0 0.825000 0.606250 0.031250 0.031250
0 0.050000 0.314063 0.031250 0.028125
0 0.682813 0.520312 0.028125 0.028125
0 0.210938 0.051562 0.028125 0.028125
0 0.073438 0.198437 0.028125 0.028125
0 0.035937 0.056250 0.028125 0.031250
0 0.193750 0.431250 0.031250 0.031250
0 0.787500 0.934375 0.031250 0.031250
0 0.365625 0.543750 0.031250 0.031250
0 0.735938 0.960938 0.034375 0.034375
0 0.160938 0.179688 0.028125 0.028125
0 0.279687 0.370312 0.028125 0.028125
0 0.307812 0.317188 0.028125 0.028125
0 0.092188 0.023438 0.028125 0.028125
0 0.251563 0.550000 0.028125 0.031250
0 0.231250 0.475000 0.031250 0.031250
0 0.739062 0.892188 0.028125 0.028125
0 0.585938 0.118750 0.028125 0.031250
0 0.185938 0.098437 0.028125 0.028125
0 0.510938 0.357812 0.028125 0.028125
0 0.110937 0.407813 0.028125 0.028125
0 0.542188 0.501563 0.028125 0.028125
0 0.539062 0.214062 0.028125 0.028125
0 0.115625 0.439063 0.031250 0.028125
0 0.153125 0.931250 0.031250 0.031250
0 0.257812 0.878125 0.028125 0.025000
0 0.828125 0.343750 0.031250 0.031250
0 0.707812 0.703125 0.028125 0.031250
0 0.795312 0.592187 0.028125 0.028125
0 0.135937 0.295312 0.028125 0.028125
0 0.370312 0.910937 0.028125 0.028125
0 0.310937 0.382812 0.028125 0.028125
0 0.828125 0.050000 0.031250 0.031250
0 0.304688 0.962500 0.028125 0.031250
0 0.826562 0.242188 0.034375 0.034375
0 0.173437 0.903125 0.028125 0.031250
0 0.418750 0.246875 0.031250 0.031250
0 0.334375 0.537500 0.031250 0.031250
0 0.084375 0.559375 0.031250 0.031250
0 0.143750 0.790625 0.031250 0.031250
0 0.501563 0.073438 0.028125 0.028125
0 0.739062 0.129688 0.028125 0.028125
0 0.656250 0.537500 0.031250 0.031250
0 0.825000 0.509375 0.031250 0.031250
0 0.448437 0.893750 0.028125 0.031250
0 0.628125 0.551562 0.031250 0.028125
0 0.076563 0.264062 0.028125 0.028125
0 0.707812 0.114062 0.028125 0.028125
0 0.485938 0.535937 0.028125 0.028125
0 0.173437 0.678125 0.028125 0.031250
0 0.092188 0.593750 0.028125 0.031250
0 0.373437 0.576562 0.028125 0.028125
0 0.264062 0.489063 0.028125 0.028125
0 0.540625 0.567187 0.031250 0.028125
0 0.389062 0.201563 0.028125 0.028125
0 0.040625 0.118750 0.025000 0.025000
0 0.089063 0.501563 0.028125 0.028125
0 0.371875 0.965625 0.031250 0.031250
0 0.740625 0.923438 0.031250 0.028125
0 0.767188 0.909375 0.034375 0.031250
0 0.796875 0.621875 0.031250 0.031250
0 0.554688 0.104688 0.028125 0.028125
0 0.356250 0.095312 0.031250 0.028125
0 0.542188 0.470313 0.028125 0.028125
0 0.298438 0.062500 0.028125 0.031250
0 0.321875 0.821875 0.031250 0.031250
0 0.828125 0.275000 0.031250 0.031250
0 0.217188 0.145313 0.028125 0.028125
0 0.018750 0.167187 0.031250 0.028125
0 0.706250 0.975000 0.031250 0.031250
0 0.735938 0.828125 0.028125 0.031250
0 0.793750 0.828125 0.031250 0.031250
0 0.651563 0.604688 0.028125 0.028125
0 0.242188 0.739062 0.028125 0.028125
0 0.610938 0.039062 0.028125 0.028125
0 0.567187 0.420312 0.028125 0.028125
0 0.125000 0.500000 0.031250 0.031250
0 0.289062 0.498437 0.028125 0.028125
0 0.060937 0.585938 0.028125 0.028125
0 0.159375 0.817187 0.031250 0.028125
0 0.739062 0.228125 0.028125 0.025000
0 0.514062 0.454688 0.028125 0.028125
0 0.082812 0.423438 0.028125 0.028125
0 0.368750 0.378125 0.025000 0.025000
0 0.204687 0.904687 0.028125 0.028125
0 0.154688 0.873437 0.028125 0.028125
0 0.481250 0.975000 0.031250 0.031250
0 0.626563 0.198437 0.028125 0.028125
0 0.021875 0.700000 0.031250 0.031250
0 0.153125 0.759375 0.031250 0.031250
0 0.625000 0.584375 0.031250 0.031250
0 0.175000 0.846875 0.031250 0.031250
0 0.823438 0.018750 0.034375 0.031250
0 0.740625 0.453125 0.031250 0.031250
0 0.582812 0.054688 0.028125 0.028125
0 0.581250 0.026562 0.031250 0.028125
0 0.568750 0.689063 0.031250 0.028125
0 0.039062 0.085938 0.028125 0.028125
0 0.329688 0.764062 0.028125 0.028125
0 0.335938 0.629687 0.028125 0.028125
0 0.709375 0.940625 0.031250 0.031250
0 0.204687 0.678125 0.028125 0.031250
0 0.170313 0.626563 0.028125 0.028125
0 0.820312 0.970313 0.034375 0.034375
0 0.693750 0.025000 0.031250 0.031250
0 0.060937 0.645312 0.028125 0.028125
0 0.131250 0.468750 0.031250 0.031250
0 0.826562 0.439063 0.034375 0.034375
0 0.821875 0.939063 0.031250 0.034375
0 0.121875 0.600000 0.031250 0.031250
0 0.725000 0.040625 0.031250 0.031250
0 0.767188 0.809375 0.028125 0.031250
0 0.226562 0.437500 0.028125 0.031250
0 0.237500 0.959375 0.031250 0.031250
0 0.454688 0.357812 0.028125 0.028125
0 0.070312 0.101562 0.028125 0.028125
0 0.070312 0.132812 0.028125 0.028125
0 0.429688 0.535937 0.028125 0.028125
0 0.742188 0.257812 0.028125 0.028125
0 0.289062 0.879687 0.028125 0.028125
0 0.429688 0.503125 0.028125 0.025000
0 0.767188 0.210938 0.028125 0.028125
0 0.509375 0.959375 0.031250 0.031250
0 0.154688 0.651563 0.028125 0.028125
0 0.159375 0.450000 0.031250 0.031250
0 0.795312 0.721875 0.028125 0.031250
0 0.450000 0.928125 0.031250 0.031250
0 0.707812 0.909375 0.028125 0.025000
0 0.420312 0.607812 0.028125 0.028125
0 0.426563 0.437500 0.028125 0.031250
0 0.507812 0.229687 0.028125 0.028125
0 0.510938 0.423438 0.028125 0.028125
0 0.389062 0.107813 0.028125 0.028125
0 0.420312 0.879687 0.028125 0.028125
0 0.404687 0.523438 0.028125 0.028125
0 0.823438 0.673438 0.034375 0.034375
0 0.229687 0.578125 0.028125 0.031250
0 0.268750 0.110937 0.031250 0.028125
