0 0.121875 0.781250 0.031250 0.031250
0 0.942187 0.729688 0.028125 0.028125
0 0.087500 0.176563 0.031250 0.028125
0 0.640625 0.296875 0.031250 0.031250
0 0.540625 0.071875 0.031250 0.031250
0 0.121875 0.178125 0.031250 0.031250
0 0.023438 0.178125 0.028125 0.031250
0 0.892188 0.048438 0.028125 0.028125
0 0.921875 0.871875 0.031250 0.031250
0 0.523438 0.098437 0.028125 0.028125
0 0.859375 0.048438 0.031250 0.028125
0 0.179688 0.351562 0.028125 0.028125
0 0.681250 0.728125 0.031250 0.031250
0 0.820312 0.443750 0.028125 0.031250
0 0.073438 0.865625 0.028125 0.031250
0 0.776563 0.075000 0.028125 0.031250
0 0.256250 0.725000 0.031250 0.031250
0 0.289062 0.667188 0.028125 0.028125
0 0.775000 0.129688 0.031250 0.028125
0 0.860938 0.756250 0.028125 0.031250
0 0.581250 0.843750 0.031250 0.031250
0 0.532813 0.871875 0.028125 0.031250
0 0.506250 0.181250 0.031250 0.031250
0 0.837500 0.303125 0.031250 0.031250
0 0.140625 0.153125 0.031250 0.031250
0 0.443750 0.146875 0.031250 0.031250
0 0.528125 0.931250 0.031250 0.031250
0 0.862500 0.698438 0.031250 0.028125
0 0.040625 0.865625 0.031250 0.031250
0 0.459375 0.115625 0.031250 0.031250
0 0.615625 0.840625 0.031250 0.031250
0 0.196875 0.267188 0.031250 0.028125
0 0.287500 0.725000 0.031250 0.031250
0 0.025000 0.120313 0.031250 0.028125
0 0.154688 0.781250 0.028125 0.031250
0 0.409375 0.240625 0.031250 0.031250
0 0.043750 0.090625 0.031250 0.031250
0 0.782813 0.729688 0.028125 0.028125
0 0.781250 0.615625 0.031250 0.031250
0 0.090625 0.781250 0.031250 0.031250
0 0.450000 0.668750 0.031250 0.031250
0 0.550000 0.784375 0.031250 0.031250
0 0.171875 0.809375 0.031250 0.031250
0 0.120313 0.896875 0.028125 0.031250
0 0.440625 0.087500 0.031250 0.031250
0 0.940625 0.787500 0.031250 0.031250
0 0.059375 0.662500 0.031250 0.031250
0 0.640625 0.184375 0.031250 0.031250
0 0.090625 0.065625 0.031250 0.031250
0 0.746875 0.729688 0.031250 0.028125
0 0.042188 0.750000 0.028125 0.031250
0 0.367188 0.810937 0.028125 0.028125
0 0.465625 0.870313 0.031250 0.028125
0 0.056250 0.896875 0.031250 0.031250
0 0.546875 0.901563 0.031250 0.028125
0 0.454688 0.496875 0.028125 0.031250
0 0.062500 0.434375 0.031250 0.031250
0 0.059375 0.721875 0.031250 0.031250
0 0.023438 0.835938 0.028125 0.028125
0 0.304688 0.809375 0.028125 0.031250
0 0.432812 0.870313 0.028125 0.028125
0 0.056250 0.176563 0.031250 0.028125
0 0.026562 0.268750 0.034375 0.031250
0 0.729688 0.815625 0.028125 0.031250
0 0.785937 0.445312 0.028125 0.028125
0 0.867188 0.415625 0.028125 0.031250
0 0.165625 0.203125 0.031250 0.031250
0 0.840625 0.187500 0.031250 0.031250
0 0.800000 0.531250 0.031250 0.031250
0 0.596875 0.871875 0.031250 0.031250
0 0.920312 0.275000 0.028125 0.031250
0 0.262500 0.325000 0.031250 0.031250
0 0.696875 0.815625 0.031250 0.031250
0 0.312500 0.353125 0.031250 0.031250
0 0.484375 0.784375 0.031250 0.031250
0 0.385937 0.839063 0.028125 0.028125
0 0.125000 0.065625 0.031250 0.031250
0 0.792188 0.159375 0.028125 0.031250
0 0.246875 0.184375 0.031250 0.031250
0 0.450000 0.840625 0.031250 0.031250
0 0.450000 0.782813 0.031250 0.028125
0 0.125000 0.125000 0.031250 0.031250
0 0.853125 0.331250 0.031250 0.031250
0 0.734375 0.700000 0.031250 0.031250
0 0.209375 0.521875 0.031250 0.031250
0 0.590625 0.100000 0.031250 0.031250
0 0.068750 0.209375 0.031250 0.031250
0 0.317188 0.900000 0.028125 0.031250
0 0.565625 0.814063 0.031250 0.028125
0 0.681250 0.787500 0.031250 0.031250
0 0.815625 0.557813 0.031250 0.028125
0 0.907813 0.076563 0.028125 0.028125
0 0.340625 0.468750 0.031250 0.031250
0 0.846875 0.668750 0.031250 0.031250
0 0.468750 0.696875 0.031250 0.031250
0 0.256250 0.609375 0.031250 0.031250
0 0.181250 0.234375 0.031250 0.031250
0 0.815625 0.614062 0.031250 0.028125
0 0.192188 0.493750 0.028125 0.031250
0 0.206250 0.637500 0.031250 0.031250
0 0.428125 0.209375 0.031250 0.031250
0 0.037500 0.209375 0.031250 0.031250
0 0.750000 0.615625 0.031250 0.031250
0 0.137500 0.209375 0.031250 0.031250
0 0.562500 0.931250 0.031250 0.031250
0 0.692187 0.101562 0.028125 0.028125
0 0.726562 0.101562 0.028125 0.028125
0 0.106250 0.150000 0.031250 0.031250
0 0.925000 0.757812 0.031250 0.028125
0 0.839063 0.243750 0.028125 0.031250
0 0.053125 0.234375 0.031250 0.031250
0 0.859375 0.815625 0.031250 0.031250
0 0.457813 0.382812 0.028125 0.028125
0 0.893750 0.698438 0.031250 0.028125
0 0.826562 0.103125 0.028125 0.031250
0 0.481250 0.146875 0.031250 0.031250
0 0.292187 0.495312 0.028125 0.028125
0 0.153125 0.900000 0.031250 0.031250
0 0.778125 0.845313 0.031250 0.028125
0 0.212500 0.293750 0.031250 0.031250
0 0.376563 0.353125 0.028125 0.031250
0 0.218750 0.898438 0.031250 0.028125
0 0.542188 0.128125 0.028125 0.031250
0 0.870313 0.301563 0.028125 0.028125
0 0.579688 0.901563 0.028125 0.028125
0 0.075000 0.690625 0.031250 0.031250
0 0.168750 0.171875 0.031250 0.031250
0 0.917188 0.442188 0.028125 0.028125
0 0.909375 0.728125 0.031250 0.031250
0 0.737500 0.356250 0.031250 0.031250
0 0.884375 0.387500 0.031250 0.031250
0 0.515625 0.843750 0.031250 0.031250
0 0.826562 0.159375 0.028125 0.031250
0 0.500000 0.871875 0.031250 0.031250
0 0.328125 0.267188 0.031250 0.028125
0 0.237500 0.809375 0.031250 0.031250
0 0.504687 0.071875 0.028125 0.031250
0 0.028125 0.434375 0.031250 0.031250
0 0.087500 0.896875 0.031250 0.031250
0 0.375000 0.093750 0.031250 0.031250
0 0.696875 0.756250 0.031250 0.031250
0 0.828125 0.814063 0.031250 0.028125
0 0.704688 0.356250 0.028125 0.031250
0 0.317188 0.839063 0.028125 0.028125
0 0.810937 0.076563 0.028125 0.028125
0 0.228125 0.379688 0.031250 0.028125
0 0.501563 0.698438 0.028125 0.028125
0 0.809375 0.129688 0.031250 0.028125
0 0.028125 0.318750 0.031250 0.031250
0 0.156250 0.068750 0.031250 0.031250
0 0.826562 0.048438 0.028125 0.028125
0 0.675000 0.071875 0.031250 0.031250
0 0.212500 0.351562 0.031250 0.028125
0 0.418750 0.668750 0.031250 0.031250
0 0.196875 0.196875 0.031250 0.031250
0 0.370312 0.696875 0.028125 0.031250
0 0.750000 0.673438 0.031250 0.028125
0 0.140625 0.929688 0.031250 0.034375
0 0.065625 0.265625 0.031250 0.031250
0 0.356250 0.496875 0.031250 0.031250
0 0.448437 0.900000 0.028125 0.031250
0 0.140625 0.096875 0.031250 0.031250
0 0.857812 0.217188 0.028125 0.028125
0 0.225000 0.068750 0.031250 0.031250
0 0.137500 0.809375 0.031250 0.031250
0 0.734375 0.528125 0.031250 0.031250
0 0.239063 0.637500 0.028125 0.031250
0 0.862500 0.642188 0.031250 0.028125
0 0.726562 0.046875 0.028125 0.031250
0 0.675000 0.129688 0.031250 0.028125
0 0.142187 0.464062 0.028125 0.028125
0 0.159375 0.126562 0.031250 0.034375
0 0.731250 0.757812 0.031250 0.028125
0 0.137500 0.868750 0.031250 0.031250
0 0.517188 0.668750 0.028125 0.031250
0 0.943750 0.615625 0.031250 0.031250
0 0.743750 0.131250 0.031250 0.031250
0 0.604688 0.410938 0.028125 0.028125
0 0.323437 0.554688 0.028125 0.028125
0 0.090625 0.121875 0.031250 0.031250
0 0.126562 0.665625 0.028125 0.031250
0 0.537500 0.526563 0.031250 0.028125
0 0.475000 0.178125 0.031250 0.031250
0 0.682813 0.670312 0.028125 0.028125
0 0.907813 0.132812 0.028125 0.028125
0 0.376563 0.470313 0.028125 0.028125
0 0.214062 0.237500 0.028125 0.031250
0 0.273438 0.637500 0.028125 0.031250
0 0.350000 0.896875 0.031250 0.031250
0 0.321875 0.781250 0.031250 0.031250
0 0.854688 0.275000 0.028125 0.031250
0 0.173437 0.635938 0.028125 0.028125
0 0.459375 0.209375 0.031250 0.031250
0 0.812500 0.784375 0.031250 0.031250
0 0.193750 0.550000 0.031250 0.031250
0 0.356250 0.556250 0.031250 0.031250
0 0.240625 0.151562 0.031250 0.034375
0 0.126562 0.434375 0.028125 0.031250
0 0.042188 0.693750 0.028125 0.031250
0 0.621875 0.328125 0.031250 0.031250
0 0.706250 0.184375 0.031250 0.031250
0 0.625000 0.101562 0.031250 0.028125
0 0.593750 0.931250 0.031250 0.031250
0 0.707812 0.131250 0.028125 0.031250
0 0.160938 0.321875 0.028125 0.031250
0 0.195312 0.379688 0.028125 0.028125
0 0.642188 0.071875 0.028125 0.031250
0 0.192188 0.437500 0.028125 0.031250
0 0.815625 0.728125 0.031250 0.031250
0 0.662500 0.756250 0.031250 0.031250
0 0.910937 0.670312 0.028125 0.028125
0 0.490625 0.209375 0.031250 0.031250
0 0.759375 0.159375 0.031250 0.031250
0 0.339062 0.526563 0.028125 0.028125
0 0.846875 0.614062 0.031250 0.028125
0 0.409375 0.151562 0.031250 0.034375
0 0.037500 0.928125 0.031250 0.031250
0 0.907813 0.021875 0.028125 0.031250
0 0.209375 0.579688 0.031250 0.028125
0 0.254688 0.667188 0.028125 0.028125
0 0.843750 0.075000 0.031250 0.031250
0 0.532813 0.754687 0.028125 0.028125
0 0.440625 0.410938 0.031250 0.028125
0 0.112500 0.351562 0.031250 0.028125
0 0.121875 0.837500 0.031250 0.031250
0 0.359375 0.439063 0.031250 0.028125
0 0.262500 0.209375 0.031250 0.031250
0 0.209375 0.693750 0.031250 0.031250
0 0.278125 0.239063 0.031250 0.028125
0 0.204687 0.751563 0.028125 0.028125
0 0.040625 0.150000 0.031250 0.031250
0 0.525000 0.212500 0.031250 0.031250
0 0.403125 0.754687 0.031250 0.028125
0 0.770312 0.415625 0.028125 0.031250
0 0.468750 0.642188 0.031250 0.028125
0 0.117188 0.235937 0.028125 0.028125
0 0.101562 0.206250 0.028125 0.031250
0 0.126562 0.493750 0.028125 0.031250
0 0.021875 0.893750 0.031250 0.031250
0 0.325000 0.439063 0.031250 0.028125
0 0.401562 0.810937 0.028125 0.028125
0 0.204687 0.809375 0.028125 0.031250
0 0.418750 0.726562 0.031250 0.028125
0 0.423438 0.384375 0.028125 0.031250
0 0.375000 0.150000 0.031250 0.031250
0 0.557813 0.096875 0.028125 0.031250
0 0.042188 0.037500 0.034375 0.031250
0 0.220312 0.840625 0.028125 0.031250
0 0.457813 0.323437 0.028125 0.028125
0 0.870313 0.243750 0.028125 0.031250
0 0.221875 0.781250 0.031250 0.031250
0 0.831250 0.643750 0.031250 0.031250
0 0.259375 0.551562 0.031250 0.028125
0 0.303125 0.034375 0.031250 0.031250
0 0.631250 0.756250 0.031250 0.031250
0 0.862500 0.585938 0.031250 0.028125
0 0.728125 0.875000 0.031250 0.031250
0 0.145313 0.351562 0.028125 0.028125
0 0.425000 0.120313 0.031250 0.028125
0 0.821875 0.215625 0.031250 0.031250
0 0.820312 0.387500 0.028125 0.031250
0 0.106250 0.037500 0.031250 0.031250
0 0.500000 0.757812 0.031250 0.028125
0 0.589063 0.268750 0.028125 0.031250
0 0.104688 0.870313 0.028125 0.028125
0 0.321875 0.065625 0.031250 0.031250
0 0.253125 0.837500 0.031250 0.031250
0 0.115625 0.293750 0.031250 0.031250
0 0.062500 0.606250 0.031250 0.031250
0 0.585938 0.556250 0.028125 0.031250
0 0.484375 0.668750 0.031250 0.031250
0 0.093750 0.664062 0.031250 0.028125
0 0.071875 0.928125 0.031250 0.031250
0 0.323437 0.121875 0.028125 0.031250
0 0.739062 0.185938 0.028125 0.028125
0 0.360938 0.210938 0.028125 0.028125
0 0.059375 0.834375 0.031250 0.031250
0 0.450000 0.725000 0.031250 0.031250
0 0.354687 0.064062 0.028125 0.028125
0 0.443750 0.353125 0.031250 0.031250
0 0.106250 0.928125 0.031250 0.031250
0 0.625000 0.043750 0.031250 0.031250
0 0.892188 0.815625 0.028125 0.031250
0 0.073438 0.807813 0.028125 0.028125
0 0.359375 0.381250 0.031250 0.031250
0 0.351562 0.726562 0.028125 0.028125
0 0.321875 0.667188 0.031250 0.028125
0 0.732812 0.587500 0.028125 0.031250
0 0.807813 0.189062 0.028125 0.028125
0 0.271875 0.693750 0.031250 0.031250
0 0.564063 0.871875 0.028125 0.031250
0 0.768750 0.471875 0.031250 0.031250
0 0.671875 0.356250 0.031250 0.031250
0 0.793750 0.815625 0.031250 0.031250
0 0.957812 0.759375 0.028125 0.031250
0 0.040625 0.806250 0.031250 0.031250
0 0.484375 0.843750 0.031250 0.031250
0 0.153125 0.837500 0.031250 0.031250
0 0.503125 0.526563 0.031250 0.028125
0 0.904687 0.304688 0.028125 0.028125
0 0.767188 0.703125 0.028125 0.031250
0 0.476562 0.353125 0.028125 0.031250
0 0.814063 0.671875 0.028125 0.031250
0 0.106250 0.579688 0.031250 0.028125
0 0.084375 0.235937 0.031250 0.028125
0 0.659375 0.043750 0.031250 0.031250
0 0.421875 0.056250 0.031250 0.031250
0 0.325000 0.496875 0.031250 0.031250
0 0.843750 0.843750 0.031250 0.031250
0 0.495312 0.931250 0.034375 0.031250
0 0.689063 0.440625 0.028125 0.031250
0 0.376563 0.239063 0.028125 0.028125
0 0.485938 0.612500 0.028125 0.031250
0 0.664062 0.814063 0.028125 0.028125
0 0.190625 0.606250 0.031250 0.031250
0 0.110937 0.406250 0.028125 0.031250
0 0.604688 0.298438 0.028125 0.028125
0 0.650000 0.612500 0.031250 0.031250
0 0.159375 0.665625 0.031250 0.031250
0 0.423438 0.440625 0.028125 0.031250
0 0.225000 0.121875 0.031250 0.031250
0 0.343750 0.296875 0.031250 0.031250
0 0.043750 0.634375 0.031250 0.031250
0 0.371875 0.584375 0.031250 0.031250
0 0.471875 0.073438 0.031250 0.028125
0 0.142187 0.635938 0.028125 0.028125
0 0.895312 0.585938 0.028125 0.028125
0 0.407813 0.353125 0.028125 0.031250
0 0.225000 0.609375 0.031250 0.031250
0 0.048438 0.292187 0.028125 0.028125
0 0.400000 0.868750 0.031250 0.031250
0 0.243750 0.468750 0.031250 0.031250
0 0.932813 0.471875 0.028125 0.031250
0 0.285938 0.781250 0.028125 0.031250
0 0.721875 0.214062 0.031250 0.028125
0 0.587500 0.325000 0.031250 0.031250
0 0.878125 0.729688 0.031250 0.028125
0 0.307812 0.468750 0.028125 0.031250
0 0.835938 0.415625 0.028125 0.031250
0 0.073438 0.150000 0.028125 0.031250
0 0.929688 0.585938 0.028125 0.028125
0 0.229687 0.929688 0.034375 0.034375
0 0.631250 0.700000 0.031250 0.031250
0 0.292187 0.439063 0.028125 0.028125
0 0.179688 0.293750 0.028125 0.031250
0 0.226562 0.437500 0.028125 0.031250
0 0.275000 0.581250 0.031250 0.031250
0 0.573438 0.070312 0.028125 0.028125
0 0.845313 0.728125 0.028125 0.031250
0 0.518750 0.043750 0.031250 0.031250
0 0.407813 0.410938 0.028125 0.028125
0 0.175000 0.464062 0.031250 0.028125
0 0.951562 0.442188 0.028125 0.028125
0 0.785937 0.501563 0.028125 0.028125
0 0.140625 0.751563 0.031250 0.028125
0 0.100000 0.265625 0.031250 0.031250
0 0.129688 0.321875 0.028125 0.031250
0 0.090625 0.721875 0.031250 0.031250
0 0.292187 0.551562 0.028125 0.028125
0 0.276562 0.409375 0.028125 0.031250
0 0.062500 0.321875 0.031250 0.031250
0 0.453125 0.612500 0.031250 0.031250
0 0.821875 0.271875 0.031250 0.031250
0 0.390625 0.064062 0.031250 0.034375
0 0.754687 0.270313 0.028125 0.028125
0 0.968750 0.303125 0.031250 0.031250
0 0.304688 0.696875 0.028125 0.031250
0 0.259375 0.439063 0.031250 0.028125
0 0.257812 0.121875 0.028125 0.031250
0 0.435937 0.810937 0.028125 0.028125
0 0.473438 0.412500 0.028125 0.031250
0 0.935937 0.304688 0.028125 0.028125
0 0.093750 0.434375 0.031250 0.031250
0 0.059375 0.064062 0.031250 0.028125
0 0.717187 0.670312 0.028125 0.028125
0 0.173437 0.695312 0.028125 0.028125
0 0.673438 0.296875 0.028125 0.031250
0 0.742188 0.073438 0.028125 0.028125
0 0.221875 0.665625 0.031250 0.031250
0 0.339062 0.582812 0.028125 0.028125
0 0.156250 0.606250 0.031250 0.031250
0 0.753125 0.442188 0.031250 0.028125
0 0.306250 0.581250 0.031250 0.031250
0 0.689063 0.328125 0.028125 0.031250
0 0.300000 0.868750 0.031250 0.031250
0 0.437500 0.584375 0.031250 0.031250
0 0.714063 0.556250 0.028125 0.031250
0 0.270313 0.753125 0.028125 0.031250
0 0.240625 0.579688 0.031250 0.028125
0 0.617188 0.615625 0.028125 0.031250
0 0.485938 0.556250 0.028125 0.031250
0 0.714063 0.787500 0.028125 0.031250
0 0.556250 0.384375 0.031250 0.031250
0 0.851562 0.445312 0.028125 0.028125
0 0.589063 0.384375 0.028125 0.031250
0 0.590625 0.043750 0.031250 0.031250
0 0.417187 0.839063 0.028125 0.028125
0 0.879687 0.668750 0.028125 0.031250
0 0.689063 0.214062 0.028125 0.028125
0 0.409375 0.293750 0.031250 0.031250
0 0.746875 0.784375 0.031250 0.031250
0 0.739062 0.243750 0.028125 0.031250
0 0.959375 0.700000 0.031250 0.031250
0 0.175000 0.521875 0.031250 0.031250
0 0.914062 0.501563 0.028125 0.028125
0 0.618750 0.556250 0.031250 0.031250
0 0.940625 0.078125 0.031250 0.031250
0 0.359375 0.121875 0.031250 0.031250
0 0.106250 0.750000 0.031250 0.031250
0 0.600000 0.698438 0.031250 0.028125
0 0.917188 0.331250 0.028125 0.031250
0 0.192188 0.135937 0.034375 0.034375
0 0.831250 0.528125 0.031250 0.031250
0 0.646875 0.840625 0.031250 0.031250
0 0.906250 0.903125 0.031250 0.031250
0 0.532813 0.698438 0.028125 0.028125
0 0.976562 0.728125 0.028125 0.031250
0 0.925000 0.162500 0.031250 0.031250
0 0.785937 0.385937 0.028125 0.028125
0 0.506250 0.240625 0.031250 0.031250
0 0.551562 0.556250 0.028125 0.031250
0 0.145313 0.407813 0.028125 0.028125
0 0.648438 0.728125 0.028125 0.031250
0 0.520312 0.556250 0.028125 0.031250
0 0.150000 0.237500 0.031250 0.031250
0 0.875000 0.075000 0.031250 0.031250
0 0.640625 0.412500 0.031250 0.031250
0 0.370312 0.753125 0.028125 0.031250
0 0.754687 0.329688 0.028125 0.028125
0 0.271875 0.037500 0.031250 0.031250
0 0.075000 0.406250 0.031250 0.031250
0 0.278125 0.296875 0.031250 0.031250
0 0.468750 0.756250 0.031250 0.031250
0 0.607812 0.184375 0.028125 0.031250
0 0.418750 0.612500 0.031250 0.031250
0 0.078125 0.348438 0.031250 0.028125
0 0.671875 0.184375 0.031250 0.031250
0 0.540625 0.354687 0.031250 0.028125
0 0.604688 0.354687 0.028125 0.028125
0 0.226562 0.495312 0.028125 0.028125
0 0.907813 0.843750 0.028125 0.031250
0 0.043750 0.578125 0.031250 0.031250
0 0.567187 0.698438 0.028125 0.028125
0 0.390625 0.556250 0.031250 0.031250
0 0.189062 0.781250 0.028125 0.031250
0 0.751563 0.498437 0.028125 0.028125
0 0.229687 0.267188 0.028125 0.028125
0 0.628125 0.934375 0.031250 0.031250
0 0.078125 0.464062 0.031250 0.028125
0 0.256250 0.065625 0.031250 0.031250
0 0.582812 0.670312 0.028125 0.028125
0 0.078125 0.520312 0.031250 0.028125
0 0.704688 0.471875 0.028125 0.031250
0 0.304688 0.753125 0.028125 0.031250
0 0.343750 0.240625 0.031250 0.031250
0 0.587500 0.440625 0.031250 0.031250
0 0.765625 0.643750 0.031250 0.031250
0 0.512500 0.901563 0.031250 0.028125
0 0.385937 0.782813 0.028125 0.028125
0 0.646875 0.787500 0.031250 0.031250
0 0.162500 0.378125 0.031250 0.031250
0 0.731250 0.642188 0.031250 0.028125
0 0.089063 0.839063 0.028125 0.028125
0 0.754687 0.214062 0.028125 0.028125
0 0.540625 0.296875 0.031250 0.031250
0 0.892188 0.875000 0.028125 0.031250
0 0.046875 0.348438 0.031250 0.028125
0 0.195312 0.323437 0.028125 0.028125
0 0.767188 0.528125 0.028125 0.031250
0 0.546875 0.843750 0.031250 0.031250
0 0.490625 0.103125 0.031250 0.031250
0 0.657813 0.101562 0.028125 0.028125
0 0.621875 0.268750 0.031250 0.031250
0 0.293750 0.325000 0.031250 0.031250
0 0.743750 0.903125 0.031250 0.031250
0 0.060937 0.378125 0.028125 0.031250
0 0.615625 0.901563 0.031250 0.028125
0 0.925000 0.050000 0.031250 0.031250
0 0.078125 0.635938 0.031250 0.028125
0 0.959375 0.815625 0.031250 0.031250
0 0.104688 0.809375 0.028125 0.031250
0 0.435937 0.696875 0.028125 0.031250
0 0.406250 0.584375 0.031250 0.031250
0 0.596875 0.810937 0.031250 0.028125
0 0.137500 0.037500 0.031250 0.031250
0 0.440625 0.179688 0.031250 0.028125
0 0.614062 0.784375 0.028125 0.031250
0 0.392188 0.439063 0.028125 0.028125
0 0.953125 0.331250 0.031250 0.031250
0 0.665625 0.698438 0.031250 0.028125
0 0.715625 0.729688 0.031250 0.028125
0 0.106250 0.692187 0.031250 0.028125
0 0.581250 0.782813 0.031250 0.028125
0 0.671875 0.410938 0.031250 0.028125
0 0.210938 0.465625 0.028125 0.031250
0 0.735938 0.471875 0.028125 0.031250
0 0.107813 0.520312 0.028125 0.028125
0 0.323437 0.610938 0.028125 0.028125
0 0.848437 0.556250 0.028125 0.031250
0 0.360938 0.268750 0.028125 0.031250
0 0.392188 0.382812 0.028125 0.028125
0 0.401562 0.696875 0.028125 0.031250
0 0.775000 0.189062 0.031250 0.028125
0 0.192188 0.929688 0.034375 0.034375
0 0.304688 0.637500 0.028125 0.031250
0 0.806250 0.300000 0.031250 0.031250
0 0.289062 0.065625 0.028125 0.031250
0 0.609375 0.128125 0.031250 0.031250
0 0.825000 0.871875 0.031250 0.031250
0 0.642188 0.128125 0.028125 0.031250
0 0.271875 0.153125 0.031250 0.031250
0 0.353125 0.667188 0.031250 0.028125
0 0.587500 0.496875 0.031250 0.031250
0 0.745313 0.845313 0.028125 0.028125
0 0.571875 0.526563 0.031250 0.028125
0 0.435937 0.754687 0.028125 0.028125
0 0.762500 0.759375 0.031250 0.031250
0 0.815625 0.501563 0.031250 0.028125
0 0.656250 0.212500 0.031250 0.031250
0 0.576562 0.185938 0.028125 0.028125
0 0.059375 0.550000 0.031250 0.031250
0 0.523438 0.382812 0.028125 0.028125
0 0.553125 0.043750 0.031250 0.031250
0 0.392188 0.268750 0.028125 0.031250
0 0.128125 0.379688 0.031250 0.028125
0 0.746875 0.559375 0.031250 0.031250
0 0.810937 0.845313 0.028125 0.028125
0 0.925000 0.700000 0.031250 0.031250
0 0.126562 0.550000 0.028125 0.031250
0 0.210938 0.167187 0.034375 0.034375
0 0.254688 0.781250 0.028125 0.031250
0 0.800000 0.471875 0.031250 0.031250
0 0.521875 0.500000 0.031250 0.031250
0 0.798438 0.642188 0.028125 0.028125
0 0.812500 0.903125 0.031250 0.031250
0 0.901563 0.415625 0.028125 0.031250
0 0.523438 0.325000 0.028125 0.031250
0 0.484375 0.043750 0.031250 0.031250
0 0.773438 0.243750 0.028125 0.031250
0 0.332813 0.868750 0.028125 0.031250
0 0.931250 0.528125 0.031250 0.031250
0 0.720313 0.445312 0.028125 0.028125
0 0.890625 0.159375 0.031250 0.031250
0 0.932813 0.415625 0.028125 0.031250
0 0.900000 0.471875 0.031250 0.031250
0 0.840625 0.132812 0.031250 0.028125
0 0.301563 0.931250 0.034375 0.031250
0 0.795312 0.048438 0.028125 0.028125
0 0.975000 0.134375 0.031250 0.031250
0 0.723437 0.270313 0.028125 0.028125
0 0.225000 0.553125 0.031250 0.031250
0 0.631250 0.871875 0.031250 0.031250
0 0.656250 0.325000 0.031250 0.031250
0 0.321875 0.726562 0.031250 0.028125
0 0.417187 0.900000 0.028125 0.031250
0 0.506250 0.128125 0.031250 0.031250
0 0.123438 0.609375 0.028125 0.031250
0 0.889062 0.275000 0.028125 0.031250
0 0.531250 0.812500 0.031250 0.031250
0 0.159375 0.493750 0.031250 0.031250
0 0.392188 0.120313 0.028125 0.028125
0 0.385937 0.726562 0.028125 0.028125
0 0.679688 0.845313 0.028125 0.028125
0 0.876563 0.787500 0.028125 0.031250
0 0.392188 0.207813 0.028125 0.028125
0 0.654687 0.440625 0.028125 0.031250
0 0.026562 0.664062 0.028125 0.028125
0 0.606250 0.242188 0.031250 0.028125
0 0.075000 0.579688 0.031250 0.028125
0 0.025000 0.720313 0.031250 0.028125
0 0.337500 0.034375 0.031250 0.031250
0 0.268750 0.871875 0.031250 0.031250
0 0.879687 0.614062 0.028125 0.028125
0 0.453125 0.050000 0.031250 0.031250
0 0.171875 0.865625 0.031250 0.031250
0 0.656250 0.271875 0.031250 0.031250
0 0.025000 0.776563 0.031250 0.028125
0 0.228125 0.209375 0.031250 0.031250
0 0.700000 0.526563 0.031250 0.028125
0 0.253125 0.901563 0.031250 0.028125
0 0.759375 0.100000 0.031250 0.031250
0 0.940625 0.134375 0.031250 0.031250
0 0.507812 0.296875 0.028125 0.031250
0 0.337500 0.810937 0.031250 0.028125
0 0.953125 0.275000 0.031250 0.031250
0 0.723437 0.157812 0.028125 0.028125
0 0.243750 0.409375 0.031250 0.031250
0 0.500000 0.812500 0.031250 0.031250
0 0.657813 0.157812 0.028125 0.028125
0 0.576562 0.128125 0.028125 0.031250
0 0.043750 0.464062 0.031250 0.028125
0 0.560937 0.156250 0.028125 0.031250
0 0.132812 0.265625 0.028125 0.031250
0 0.043750 0.521875 0.031250 0.031250
0 0.351562 0.840625 0.028125 0.031250
0 0.259375 0.495312 0.031250 0.028125
0 0.307812 0.525000 0.028125 0.031250
0 0.621875 0.382812 0.031250 0.028125
0 0.109375 0.635938 0.031250 0.028125
0 0.707812 0.073438 0.028125 0.028125
0 0.770312 0.356250 0.028125 0.031250
0 0.689063 0.385937 0.028125 0.028125
0 0.210938 0.409375 0.028125 0.031250
0 0.706250 0.414062 0.031250 0.028125
0 0.376563 0.296875 0.028125 0.031250
0 0.145313 0.292187 0.028125 0.028125
0 0.792188 0.103125 0.028125 0.031250
0 0.475000 0.240625 0.031250 0.031250
0 0.739062 0.415625 0.028125 0.031250
0 0.228125 0.323437 0.031250 0.028125
0 0.807813 0.243750 0.028125 0.031250
0 0.434375 0.642188 0.031250 0.028125
0 0.956250 0.875000 0.031250 0.031250
0 0.242188 0.523438 0.028125 0.028125
0 0.956250 0.164062 0.031250 0.028125
0 0.401562 0.639062 0.028125 0.028125
0 0.343750 0.412500 0.031250 0.031250
0 0.376563 0.181250 0.028125 0.031250
0 0.610938 0.071875 0.028125 0.031250
0 0.481250 0.900000 0.031250 0.031250
0 0.096875 0.321875 0.031250 0.031250
0 0.804688 0.359375 0.028125 0.031250
0 0.093750 0.490625 0.031250 0.031250
0 0.407813 0.467187 0.028125 0.028125
0 0.312500 0.296875 0.031250 0.031250
0 0.810937 0.018750 0.028125 0.031250
0 0.721875 0.385937 0.031250 0.028125
0 0.371875 0.526563 0.031250 0.028125
0 0.550000 0.726562 0.031250 0.028125
0 0.142187 0.579688 0.028125 0.028125
0 0.554688 0.325000 0.028125 0.031250
0 0.237500 0.753125 0.031250 0.031250
0 0.504687 0.410938 0.028125 0.028125
0 0.826562 0.757812 0.028125 0.028125
0 0.926562 0.642188 0.028125 0.028125
0 0.406250 0.093750 0.031250 0.031250
0 0.778125 0.790625 0.031250 0.031250
0 0.971875 0.845313 0.031250 0.028125
0 0.879687 0.557813 0.028125 0.028125
0 0.370312 0.639062 0.028125 0.028125
0 0.573438 0.354687 0.028125 0.028125
0 0.620313 0.440625 0.028125 0.031250
0 0.712500 0.903125 0.031250 0.031250
0 0.601562 0.643750 0.028125 0.031250
0 0.892188 0.932813 0.034375 0.034375
0 0.875000 0.129688 0.031250 0.028125
0 0.603125 0.526563 0.031250 0.028125
0 0.965625 0.473438 0.031250 0.028125
0 0.895312 0.642188 0.028125 0.028125
0 0.290625 0.607812 0.031250 0.028125
0 0.948438 0.501563 0.028125 0.028125
0 0.312500 0.239063 0.031250 0.028125
0 0.285938 0.900000 0.028125 0.031250
0 0.057813 0.120313 0.028125 0.028125
0 0.173437 0.096875 0.028125 0.031250
0 0.690625 0.271875 0.031250 0.031250
0 0.925000 0.815625 0.031250 0.031250
0 0.206250 0.037500 0.031250 0.031250
0 0.293750 0.267188 0.031250 0.028125
0 0.940625 0.901563 0.031250 0.028125
0 0.245312 0.293750 0.028125 0.031250
0 0.175000 0.579688 0.031250 0.028125
0 0.910937 0.614062 0.028125 0.028125
0 0.290625 0.123438 0.031250 0.028125
0 0.470313 0.582812 0.028125 0.028125
0 0.339062 0.093750 0.028125 0.031250
0 0.600000 0.753125 0.031250 0.031250
0 0.307812 0.410938 0.028125 0.028125
0 0.270313 0.809375 0.028125 0.031250
0 0.059375 0.490625 0.031250 0.031250
0 0.273438 0.095312 0.028125 0.028125
0 0.753125 0.385937 0.031250 0.028125
0 0.206250 0.096875 0.031250 0.031250
0 0.376563 0.412500 0.028125 0.031250
0 0.442188 0.293750 0.028125 0.031250
0 0.164062 0.267188 0.028125 0.028125
0 0.765625 0.584375 0.031250 0.031250
0 0.515625 0.728125 0.031250 0.031250
0 0.484375 0.726562 0.031250 0.028125
0 0.489063 0.382812 0.028125 0.028125
0 0.837500 0.359375 0.031250 0.031250
0 0.306250 0.093750 0.031250 0.031250
0 0.962500 0.585938 0.031250 0.028125
0 0.771875 0.300000 0.031250 0.031250
0 0.189062 0.720313 0.028125 0.028125
0 0.095312 0.378125 0.028125 0.031250
0 0.342187 0.932813 0.034375 0.034375
0 0.393750 0.323437 0.031250 0.028125
0 0.525000 0.267188 0.031250 0.028125
0 0.276562 0.467187 0.028125 0.028125
0 0.425000 0.323437 0.031250 0.028125
0 0.487500 0.496875 0.031250 0.031250
0 0.057813 0.776563 0.028125 0.028125
0 0.700000 0.698438 0.031250 0.028125
0 0.176563 0.407813 0.028125 0.028125
0 0.471875 0.526563 0.031250 0.028125
0 0.914062 0.556250 0.028125 0.031250
0 0.073438 0.093750 0.028125 0.031250
0 0.889062 0.217188 0.028125 0.028125
0 0.585938 0.614062 0.028125 0.028125
0 0.565625 0.753125 0.031250 0.031250
0 0.739062 0.300000 0.028125 0.031250
0 0.889062 0.104688 0.028125 0.028125
0 0.157812 0.721875 0.028125 0.031250
0 0.473438 0.296875 0.028125 0.031250
0 0.157812 0.553125 0.028125 0.031250
0 0.571875 0.410938 0.031250 0.028125
0 0.884375 0.442188 0.031250 0.028125
0 0.875000 0.018750 0.031250 0.031250
0 0.343750 0.184375 0.031250 0.031250
0 0.667188 0.643750 0.028125 0.031250
0 0.440625 0.470313 0.031250 0.028125
0 0.857812 0.932813 0.034375 0.034375
0 0.242188 0.095312 0.028125 0.028125
0 0.276562 0.354687 0.028125 0.028125
0 0.857812 0.103125 0.028125 0.031250
0 0.760938 0.814063 0.028125 0.028125
0 0.920312 0.387500 0.028125 0.031250
0 0.787500 0.329688 0.031250 0.028125
0 0.885938 0.332813 0.028125 0.028125
0 0.906250 0.787500 0.031250 0.031250
0 0.293750 0.212500 0.031250 0.031250
0 0.592187 0.154688 0.028125 0.028125
0 0.456250 0.440625 0.031250 0.031250
0 0.693750 0.871875 0.031250 0.031250
0 0.426563 0.267188 0.028125 0.028125
0 0.873437 0.189062 0.028125 0.028125
0 0.957812 0.104688 0.028125 0.028125
0 0.818750 0.329688 0.031250 0.028125
0 0.629687 0.814063 0.028125 0.028125
0 0.075000 0.037500 0.031250 0.031250
0 0.843750 0.784375 0.031250 0.031250
0 0.026562 0.606250 0.028125 0.031250
0 0.245312 0.353125 0.028125 0.031250
0 0.189062 0.839063 0.028125 0.028125
0 0.951562 0.389062 0.028125 0.028125
0 0.189062 0.665625 0.028125 0.031250
0 0.542188 0.182812 0.028125 0.028125
0 0.221875 0.723437 0.031250 0.028125
0 0.371875 0.037500 0.031250 0.031250
0 0.804688 0.415625 0.028125 0.031250
0 0.712500 0.843750 0.031250 0.031250
0 0.760938 0.876563 0.028125 0.028125
0 0.923438 0.932813 0.034375 0.034375
0 0.787500 0.268750 0.031250 0.031250
0 0.490625 0.267188 0.031250 0.028125
0 0.503125 0.585938 0.031250 0.028125
0 0.968750 0.360938 0.031250 0.028125
0 0.173437 0.040625 0.028125 0.031250
0 0.829688 0.698438 0.028125 0.028125
0 0.139063 0.692187 0.028125 0.028125
0 0.601562 0.587500 0.028125 0.031250
0 0.073438 0.748437 0.028125 0.028125
0 0.142187 0.523438 0.028125 0.028125
0 0.721875 0.329688 0.031250 0.028125
0 0.025000 0.064062 0.031250 0.028125
0 0.093750 0.550000 0.031250 0.031250
0 0.570312 0.298438 0.028125 0.028125
0 0.779687 0.557813 0.028125 0.028125
0 0.590625 0.212500 0.031250 0.031250
0 0.385937 0.667188 0.028125 0.028125
0 0.790625 0.215625 0.031250 0.031250
0 0.795312 0.873437 0.028125 0.028125
0 0.285938 0.839063 0.028125 0.028125
0 0.671875 0.243750 0.031250 0.031250
0 0.654687 0.384375 0.028125 0.031250
0 0.798438 0.700000 0.028125 0.031250
0 0.859375 0.875000 0.031250 0.031250
0 0.645312 0.901563 0.028125 0.028125
0 0.554688 0.496875 0.028125 0.031250
0 0.125000 0.721875 0.031250 0.031250
0 0.029687 0.548438 0.028125 0.028125
0 0.489063 0.325000 0.028125 0.031250
0 0.462500 0.931250 0.031250 0.031250
0 0.682813 0.614062 0.028125 0.028125
0 0.245312 0.239063 0.028125 0.028125
0 0.525000 0.156250 0.031250 0.031250
0 0.554688 0.443750 0.028125 0.031250
0 0.640625 0.242188 0.031250 0.028125
0 0.964063 0.531250 0.028125 0.031250
0 0.690625 0.157812 0.031250 0.028125
0 0.795312 0.759375 0.028125 0.031250
0 0.343750 0.354687 0.031250 0.028125
0 0.859375 0.159375 0.031250 0.031250
0 0.826562 0.935937 0.034375 0.034375
0 0.173437 0.753125 0.028125 0.031250
0 0.615625 0.728125 0.031250 0.031250
0 0.868750 0.471875 0.031250 0.031250
0 0.335938 0.698438 0.028125 0.028125
0 0.940625 0.845313 0.031250 0.028125
0 0.357812 0.610938 0.028125 0.028125
0 0.328125 0.325000 0.031250 0.031250
0 0.539062 0.470313 0.028125 0.028125
0 0.679688 0.901563 0.028125 0.028125
0 0.389062 0.610938 0.028125 0.028125
0 0.957812 0.053125 0.028125 0.031250
0 0.971875 0.906250 0.031250 0.031250
0 0.625000 0.157812 0.031250 0.028125
0 0.706250 0.018750 0.031250 0.031250
0 0.340625 0.150000 0.031250 0.031250
0 0.184375 0.895312 0.031250 0.028125
0 0.779687 0.901563 0.028125 0.028125
0 0.018750 0.237500 0.031250 0.031250
0 0.354687 0.782813 0.028125 0.028125
0 0.942187 0.670312 0.028125 0.028125
0 0.539062 0.410938 0.028125 0.028125
0 0.704688 0.243750 0.028125 0.031250
0 0.904687 0.190625 0.028125 0.031250
0 0.367188 0.867188 0.028125 0.028125
0 0.237500 0.870313 0.031250 0.028125
0 0.109375 0.464062 0.031250 0.028125
0 0.328125 0.382812 0.031250 0.028125
0 0.956250 0.934375 0.031250 0.031250
0 0.637500 0.354687 0.031250 0.028125
0 0.829688 0.589063 0.028125 0.028125
0 0.923438 0.104688 0.028125 0.028125
0 0.309375 0.184375 0.031250 0.031250
0 0.660937 0.871875 0.028125 0.031250
0 0.360938 0.325000 0.028125 0.031250
0 0.800000 0.587500 0.031250 0.031250
0 0.973437 0.785937 0.028125 0.028125
0 0.632812 0.585938 0.028125 0.028125
0 0.868750 0.359375 0.031250 0.031250
0 0.518750 0.614062 0.031250 0.028125
0 0.043750 0.406250 0.031250 0.031250
0 0.832812 0.471875 0.028125 0.031250
0 0.782813 0.670312 0.028125 0.028125
0 0.268750 0.928125 0.031250 0.031250
0 0.743750 0.018750 0.031250 0.031250
0 0.451562 0.554688 0.028125 0.028125
0 0.239063 0.695312 0.028125 0.028125
0 0.384375 0.898438 0.031250 0.028125
0 0.720313 0.498437 0.028125 0.028125
0 0.895312 0.757812 0.028125 0.028125
0 0.275000 0.525000 0.031250 0.031250
0 0.876563 0.843750 0.028125 0.031250
0 0.965625 0.417187 0.031250 0.028125
0 0.570312 0.470313 0.028125 0.028125
0 0.426563 0.931250 0.034375 0.031250
0 0.717187 0.614062 0.028125 0.028125
0 0.945312 0.557813 0.028125 0.028125
0 0.026562 0.490625 0.028125 0.031250
0 0.240625 0.037500 0.031250 0.031250
0 0.293750 0.382812 0.031250 0.028125
0 0.978125 0.615625 0.031250 0.031250
0 0.698438 0.645312 0.028125 0.028125
0 0.507812 0.354687 0.028125 0.028125
0 0.159375 0.434375 0.031250 0.031250
0 0.335938 0.639062 0.028125 0.028125
0 0.471875 0.470313 0.031250 0.028125
0 0.276562 0.182812 0.028125 0.028125
0 0.959375 0.643750 0.031250 0.031250
0 0.853125 0.389062 0.031250 0.028125
0 0.260937 0.379688 0.028125 0.028125
0 0.648438 0.670312 0.028125 0.028125
0 0.623437 0.212500 0.028125 0.031250
0 0.335938 0.753125 0.028125 0.031250
0 0.667188 0.529687 0.028125 0.028125
0 0.537500 0.642188 0.031250 0.028125
0 0.903125 0.245312 0.031250 0.028125
0 0.309375 0.153125 0.031250 0.031250
0 0.932813 0.360938 0.028125 0.028125
0 0.029687 0.378125 0.028125 0.031250
0 0.106250 0.095312 0.031250 0.028125
0 0.264062 0.268750 0.028125 0.031250
0 0.389062 0.498437 0.028125 0.028125
0 0.901563 0.357812 0.028125 0.028125
0 0.898438 0.529687 0.028125 0.028125
0 0.776563 0.018750 0.028125 0.031250
0 0.079687 0.293750 0.028125 0.031250
0 0.328125 0.209375 0.031250 0.031250
0 0.690625 0.045312 0.025000 0.028125
0 0.443750 0.240625 0.031250 0.031250
0 0.942187 0.023438 0.028125 0.028125
0 0.975000 0.668750 0.031250 0.031250
0 0.539062 0.239063 0.028125 0.028125
0 0.706250 0.303125 0.031250 0.031250
0 0.407813 0.181250 0.028125 0.031250
0 0.190625 0.067187 0.031250 0.028125
0 0.701562 0.585938 0.028125 0.028125
0 0.759375 0.048438 0.031250 0.028125
0 0.420312 0.554688 0.028125 0.028125
0 0.618750 0.670312 0.031250 0.028125
0 0.573438 0.239063 0.028125 0.028125
0 0.092188 0.607812 0.028125 0.028125
0 0.557813 0.268750 0.028125 0.031250
0 0.843750 0.018750 0.031250 0.031250
0 0.557813 0.212500 0.028125 0.031250
0 0.567187 0.643750 0.028125 0.031250
0 0.434375 0.021875 0.031250 0.031250
0 0.550000 0.670312 0.031250 0.028125
0 0.465625 0.814063 0.031250 0.028125
0 0.604688 0.470313 0.028125 0.028125
0 0.632812 0.642188 0.028125 0.028125
0 0.204687 0.870313 0.028125 0.028125
0 0.843750 0.901563 0.031250 0.028125
0 0.728125 0.932813 0.031250 0.028125
0 0.407813 0.525000 0.028125 0.031250
0 0.970313 0.246875 0.034375 0.031250
0 0.376563 0.931250 0.034375 0.031250
0 0.457813 0.267188 0.028125 0.028125
0 0.504687 0.642188 0.028125 0.028125
0 0.939063 0.190625 0.028125 0.031250
0 0.420312 0.782813 0.028125 0.028125
0 0.971875 0.190625 0.031250 0.031250
0 0.420312 0.498437 0.028125 0.028125
0 0.403125 0.028125 0.031250 0.031250
0 0.978125 0.557813 0.031250 0.028125
0 0.685937 0.498437 0.028125 0.028125
0 0.973437 0.023438 0.028125 0.028125
0 0.873437 0.901563 0.028125 0.028125
0 0.617188 0.498437 0.028125 0.028125
0 0.973437 0.076563 0.028125 0.028125
0 0.017188 0.351562 0.028125 0.028125
0 0.439063 0.526563 0.028125 0.028125
0 0.978125 0.503125 0.031250 0.031250
0 0.517188 0.789062 0.028125 0.028125
0 0.604688 0.017188 0.034375 0.034375
