0 0.487500 0.893750 0.025000 0.025000
0 0.239063 0.779687 0.028125 0.028125
0 0.654687 0.857812 0.028125 0.028125
0 0.235937 0.926562 0.028125 0.028125
0 0.314063 0.814063 0.028125 0.028125
0 0.576562 0.832812 0.028125 0.028125
0 0.093750 0.943750 0.031250 0.031250
0 0.389062 0.842187 0.028125 0.028125
0 0.145313 0.842187 0.028125 0.028125
0 0.690625 0.779687 0.025000 0.028125
0 0.534375 0.935937 0.025000 0.028125
0 0.114062 0.848437 0.028125 0.028125
0 0.067187 0.920312 0.028125 0.028125
0 0.060937 0.717187 0.028125 0.028125
0 0.204687 0.935937 0.028125 0.028125
0 0.717187 0.801562 0.028125 0.028125
0 0.682813 0.845313 0.028125 0.028125
0 0.085938 0.415625 0.028125 0.031250
0 0.701562 0.720313 0.028125 0.028125
0 0.564063 0.926562 0.028125 0.028125
0 0.323437 0.389062 0.028125 0.028125
0 0.451562 0.935937 0.028125 0.028125
0 0.150000 0.807813 0.025000 0.028125
0 0.576562 0.654687 0.028125 0.028125
0 0.157812 0.892188 0.028125 0.028125
0 0.282813 0.707812 0.028125 0.028125
0 0.376563 0.907813 0.028125 0.028125
0 0.560937 0.573438 0.028125 0.028125
0 0.185938 0.767188 0.028125 0.028125
0 0.534375 0.556250 0.025000 0.025000
0 0.089063 0.826562 0.028125 0.028125
0 0.035937 0.442188 0.028125 0.028125
0 0.457813 0.904687 0.028125 0.028125
0 0.425000 0.770312 0.031250 0.028125
0 0.232813 0.810937 0.028125 0.028125
0 0.645312 0.920312 0.028125 0.028125
0 0.040625 0.935937 0.031250 0.028125
0 0.285938 0.820312 0.028125 0.028125
0 0.581250 0.623437 0.025000 0.028125
0 0.726562 0.926562 0.028125 0.028125
0 0.523438 0.648438 0.028125 0.028125
0 0.379688 0.510938 0.028125 0.028125
0 0.051562 0.415625 0.028125 0.031250
0 0.276562 0.853125 0.028125 0.025000
0 0.260937 0.801562 0.028125 0.028125
0 0.357812 0.857812 0.028125 0.028125
0 0.659375 0.826562 0.025000 0.028125
0 0.446875 0.729688 0.031250 0.028125
0 0.123438 0.932813 0.028125 0.028125
0 0.632812 0.804688 0.028125 0.028125
0 0.410938 0.864062 0.028125 0.028125
0 0.207813 0.789062 0.028125 0.028125
0 0.098437 0.389062 0.028125 0.028125
0 0.448437 0.967187 0.028125 0.028125
0 0.076563 0.889062 0.028125 0.028125
0 0.267188 0.770312 0.028125 0.028125
0 0.129688 0.445312 0.028125 0.028125
0 0.560937 0.954688 0.028125 0.028125
0 0.189062 0.882812 0.028125 0.028125
0 0.035937 0.385937 0.028125 0.028125
0 0.592187 0.735938 0.028125 0.028125
0 0.420312 0.579688 0.028125 0.028125
0 0.640625 0.568750 0.031250 0.031250
0 0.168750 0.975000 0.031250 0.031250
0 0.609375 0.612500 0.031250 0.031250
0 0.132812 0.757812 0.028125 0.028125
0 0.148438 0.415625 0.028125 0.031250
0 0.620313 0.514062 0.028125 0.028125
0 0.417187 0.832812 0.028125 0.028125
0 0.415625 0.742188 0.031250 0.028125
0 0.082812 0.857812 0.028125 0.028125
0 0.164062 0.745313 0.028125 0.028125
0 0.223438 0.445312 0.028125 0.028125
0 0.482812 0.926562 0.028125 0.028125
0 0.723437 0.770312 0.028125 0.028125
0 0.167187 0.860938 0.028125 0.028125
0 0.295312 0.904687 0.028125 0.028125
0 0.062500 0.659375 0.031250 0.031250
0 0.667188 0.556250 0.028125 0.031250
0 0.539062 0.729688 0.028125 0.028125
0 0.456250 0.503125 0.031250 0.031250
0 0.635938 0.598437 0.028125 0.028125
0 0.251563 0.717187 0.028125 0.028125
0 0.298438 0.759375 0.028125 0.025000
0 0.410938 0.673438 0.028125 0.028125
0 0.432812 0.885938 0.028125 0.028125
0 0.092188 0.714063 0.028125 0.028125
0 0.121875 0.971875 0.031250 0.031250
0 0.426563 0.548438 0.028125 0.028125
0 0.348438 0.917188 0.028125 0.028125
0 0.098437 0.910937 0.028125 0.028125
0 0.129688 0.901563 0.028125 0.028125
0 0.689063 0.645312 0.028125 0.028125
0 0.254688 0.832812 0.028125 0.028125
0 0.114062 0.692187 0.028125 0.028125
0 0.582812 0.801562 0.028125 0.028125
0 0.192188 0.735938 0.028125 0.028125
0 0.482812 0.753125 0.028125 0.031250
0 0.364063 0.710938 0.028125 0.028125
0 0.395313 0.701562 0.028125 0.028125
0 0.298438 0.873437 0.028125 0.028125
0 0.632812 0.839063 0.028125 0.028125
0 0.098437 0.551562 0.028125 0.028125
0 0.560937 0.779687 0.028125 0.028125
0 0.104688 0.767188 0.028125 0.028125
0 0.592187 0.910937 0.028125 0.028125
0 0.045312 0.900000 0.028125 0.031250
0 0.079687 0.579688 0.028125 0.028125
0 0.275000 0.737500 0.025000 0.025000
0 0.157812 0.779687 0.028125 0.028125
0 0.329688 0.867188 0.028125 0.028125
0 0.290625 0.389062 0.025000 0.028125
0 0.098437 0.498437 0.028125 0.028125
0 0.757812 0.873437 0.028125 0.028125
0 0.337500 0.835938 0.025000 0.028125
0 0.439063 0.685937 0.028125 0.028125
0 0.251563 0.978125 0.028125 0.025000
0 0.498437 0.832812 0.028125 0.028125
0 0.676562 0.700000 0.028125 0.031250
0 0.592187 0.529687 0.028125 0.028125
0 0.614062 0.579688 0.028125 0.028125
0 0.570312 0.476562 0.028125 0.028125
0 0.217188 0.873437 0.028125 0.028125
0 0.164062 0.498437 0.028125 0.028125
0 0.067187 0.442188 0.028125 0.028125
0 0.192188 0.445312 0.028125 0.028125
0 0.290625 0.790625 0.025000 0.025000
0 0.035937 0.498437 0.028125 0.028125
0 0.596875 0.493750 0.031250 0.031250
0 0.701562 0.900000 0.028125 0.031250
0 0.545312 0.698438 0.028125 0.028125
0 0.223438 0.551562 0.028125 0.028125
0 0.517188 0.882812 0.028125 0.028125
0 0.223438 0.498437 0.028125 0.028125
0 0.173437 0.829688 0.028125 0.028125
0 0.673438 0.729688 0.028125 0.028125
0 0.259375 0.946875 0.025000 0.025000
0 0.304688 0.417187 0.028125 0.028125
0 0.392188 0.814063 0.028125 0.028125
0 0.248438 0.864062 0.028125 0.028125
0 0.201563 0.964063 0.028125 0.028125
0 0.404687 0.898438 0.028125 0.028125
0 0.104688 0.879687 0.028125 0.028125
0 0.160938 0.445312 0.028125 0.028125
0 0.479687 0.782813 0.028125 0.028125
0 0.504687 0.801562 0.028125 0.028125
0 0.439063 0.854688 0.028125 0.028125
0 0.345313 0.445312 0.028125 0.028125
0 0.407813 0.498437 0.028125 0.028125
0 0.032813 0.551562 0.028125 0.028125
0 0.623437 0.901563 0.028125 0.028125
0 0.214062 0.757812 0.028125 0.028125
0 0.464062 0.873437 0.028125 0.028125
0 0.414062 0.404687 0.028125 0.028125
0 0.582812 0.976562 0.028125 0.028125
0 0.420312 0.607812 0.028125 0.028125
0 0.067187 0.387500 0.028125 0.031250
0 0.626563 0.692187 0.028125 0.028125
0 0.446875 0.595313 0.025000 0.028125
0 0.257812 0.685937 0.028125 0.028125
0 0.470313 0.642188 0.028125 0.028125
0 0.670312 0.587500 0.028125 0.031250
0 0.718750 0.631250 0.031250 0.031250
0 0.126562 0.789062 0.028125 0.028125
0 0.654687 0.679688 0.028125 0.028125
0 0.051562 0.523438 0.028125 0.028125
0 0.323437 0.898438 0.028125 0.028125
0 0.357812 0.739062 0.028125 0.028125
0 0.089063 0.973437 0.028125 0.028125
0 0.117188 0.820312 0.028125 0.028125
0 0.317188 0.929688 0.028125 0.028125
0 0.096875 0.798438 0.025000 0.028125
0 0.145313 0.473438 0.028125 0.028125
0 0.473438 0.614062 0.028125 0.028125
0 0.023438 0.876563 0.028125 0.028125
0 0.117188 0.414062 0.028125 0.028125
0 0.370312 0.792188 0.028125 0.028125
0 0.114062 0.739062 0.028125 0.028125
0 0.504687 0.570312 0.028125 0.028125
0 0.207813 0.523438 0.028125 0.028125
0 0.529687 0.821875 0.028125 0.025000
0 0.510938 0.507812 0.028125 0.028125
0 0.037500 0.729688 0.031250 0.028125
0 0.239063 0.523438 0.028125 0.028125
0 0.607812 0.820312 0.028125 0.028125
0 0.348438 0.770312 0.028125 0.028125
0 0.229687 0.954688 0.028125 0.028125
0 0.523438 0.851562 0.028125 0.028125
0 0.315625 0.445312 0.025000 0.028125
0 0.098437 0.442188 0.028125 0.028125
0 0.029687 0.607812 0.028125 0.028125
0 0.451562 0.567187 0.028125 0.028125
0 0.423438 0.801562 0.028125 0.028125
0 0.539062 0.523438 0.028125 0.028125
0 0.639062 0.951562 0.028125 0.028125
0 0.542188 0.492188 0.028125 0.028125
0 0.310937 0.960938 0.028125 0.028125
0 0.051562 0.868750 0.028125 0.031250
0 0.632812 0.629687 0.028125 0.028125
0 0.482812 0.520312 0.028125 0.028125
0 0.685937 0.814063 0.028125 0.028125
0 0.570312 0.509375 0.028125 0.031250
0 0.596875 0.704688 0.025000 0.028125
0 0.664062 0.618750 0.028125 0.031250
0 0.114062 0.471875 0.028125 0.031250
0 0.129688 0.498437 0.028125 0.028125
0 0.664062 0.795312 0.028125 0.028125
0 0.540625 0.904687 0.025000 0.028125
0 0.732812 0.851562 0.028125 0.028125
0 0.175000 0.945312 0.025000 0.028125
0 0.228125 0.695312 0.025000 0.028125
0 0.196875 0.851562 0.025000 0.028125
0 0.045312 0.689063 0.028125 0.028125
0 0.264062 0.654687 0.028125 0.028125
0 0.135937 0.873437 0.028125 0.028125
0 0.626563 0.481250 0.028125 0.031250
0 0.201563 0.704688 0.028125 0.028125
0 0.415625 0.642188 0.025000 0.028125
0 0.370312 0.679688 0.028125 0.028125
0 0.053125 0.356250 0.031250 0.031250
0 0.332813 0.473438 0.028125 0.028125
0 0.212500 0.904687 0.025000 0.028125
0 0.210938 0.414062 0.028125 0.028125
0 0.289062 0.935937 0.028125 0.028125
0 0.042188 0.784375 0.028125 0.031250
0 0.282813 0.967187 0.028125 0.028125
0 0.170313 0.714063 0.028125 0.028125
0 0.382812 0.479687 0.028125 0.028125
0 0.739062 0.821875 0.028125 0.031250
0 0.475000 0.428125 0.031250 0.031250
0 0.139063 0.723437 0.028125 0.028125
0 0.196875 0.389062 0.025000 0.028125
0 0.792188 0.829688 0.028125 0.028125
0 0.565625 0.748437 0.025000 0.028125
0 0.695312 0.931250 0.028125 0.031250
0 0.354687 0.392188 0.028125 0.028125
0 0.239063 0.895312 0.028125 0.028125
0 0.301563 0.473438 0.028125 0.028125
0 0.604688 0.643750 0.028125 0.025000
0 0.514062 0.742188 0.028125 0.028125
0 0.570312 0.717187 0.028125 0.028125
0 0.143750 0.526563 0.025000 0.028125
0 0.307812 0.842187 0.028125 0.028125
0 0.476562 0.814063 0.028125 0.028125
0 0.700000 0.868750 0.031250 0.031250
0 0.460938 0.471875 0.028125 0.031250
0 0.401562 0.529687 0.028125 0.028125
0 0.342187 0.518750 0.028125 0.031250
0 0.367188 0.970313 0.028125 0.028125
0 0.467187 0.845313 0.028125 0.028125
0 0.726562 0.739062 0.028125 0.028125
0 0.560937 0.542188 0.028125 0.028125
0 0.095312 0.664062 0.028125 0.028125
0 0.314063 0.554688 0.028125 0.028125
0 0.060937 0.835938 0.028125 0.028125
0 0.264062 0.914062 0.028125 0.028125
0 0.067187 0.498437 0.028125 0.028125
0 0.501563 0.601562 0.028125 0.028125
0 0.242188 0.417187 0.028125 0.028125
0 0.257812 0.389062 0.028125 0.028125
0 0.492188 0.864062 0.028125 0.028125
0 0.420312 0.710938 0.028125 0.028125
0 0.082812 0.470313 0.028125 0.028125
0 0.667188 0.760938 0.028125 0.028125
0 0.385937 0.398438 0.028125 0.028125
0 0.612500 0.785937 0.025000 0.028125
0 0.207813 0.473438 0.028125 0.028125
0 0.457813 0.535937 0.028125 0.028125
0 0.467187 0.673438 0.028125 0.028125
0 0.660937 0.648438 0.028125 0.028125
0 0.254688 0.445312 0.028125 0.028125
0 0.201563 0.820312 0.028125 0.028125
0 0.179688 0.800000 0.028125 0.025000
0 0.748437 0.904687 0.028125 0.028125
0 0.542188 0.460938 0.028125 0.028125
0 0.181250 0.914062 0.025000 0.028125
0 0.554688 0.604688 0.028125 0.028125
0 0.017188 0.914062 0.028125 0.028125
0 0.520312 0.679688 0.028125 0.028125
0 0.064062 0.957812 0.028125 0.028125
0 0.082812 0.743750 0.028125 0.031250
0 0.485938 0.459375 0.028125 0.031250
0 0.617188 0.754687 0.028125 0.028125
0 0.596875 0.882812 0.025000 0.028125
0 0.235937 0.664062 0.028125 0.028125
0 0.112500 0.523438 0.025000 0.028125
0 0.617188 0.548438 0.028125 0.028125
0 0.248438 0.607812 0.028125 0.028125
0 0.768750 0.926562 0.031250 0.028125
0 0.585938 0.560937 0.028125 0.028125
0 0.364063 0.820312 0.028125 0.028125
0 0.154688 0.923438 0.028125 0.028125
0 0.370312 0.939063 0.028125 0.028125
0 0.228125 0.389062 0.025000 0.028125
0 0.076563 0.689063 0.028125 0.028125
0 0.054688 0.753125 0.028125 0.031250
0 0.504687 0.945312 0.028125 0.028125
0 0.492188 0.690625 0.028125 0.025000
0 0.728125 0.884375 0.031250 0.031250
0 0.321875 0.779687 0.025000 0.028125
0 0.176563 0.682813 0.028125 0.028125
0 0.404687 0.457813 0.028125 0.028125
0 0.514062 0.478125 0.028125 0.031250
0 0.029687 0.845313 0.028125 0.028125
0 0.371875 0.365625 0.031250 0.031250
0 0.756250 0.728125 0.031250 0.031250
0 0.179688 0.417187 0.028125 0.028125
0 0.176563 0.526563 0.028125 0.028125
0 0.639062 0.773438 0.028125 0.028125
0 0.239063 0.579688 0.028125 0.028125
0 0.448437 0.442188 0.028125 0.028125
0 0.326562 0.748437 0.028125 0.028125
0 0.342187 0.801562 0.028125 0.028125
0 0.176563 0.471875 0.028125 0.031250
0 0.676562 0.910937 0.028125 0.028125
0 0.060937 0.607812 0.028125 0.028125
0 0.384375 0.876563 0.025000 0.028125
0 0.400000 0.929688 0.025000 0.028125
0 0.514062 0.710938 0.028125 0.028125
0 0.395313 0.560937 0.028125 0.028125
0 0.253125 0.551562 0.031250 0.028125
0 0.526563 0.617188 0.028125 0.028125
0 0.485938 0.489063 0.028125 0.028125
0 0.535937 0.757812 0.028125 0.028125
0 0.485938 0.723437 0.028125 0.028125
0 0.310937 0.698438 0.028125 0.028125
0 0.567187 0.892188 0.028125 0.028125
0 0.703125 0.579688 0.031250 0.028125
0 0.073438 0.776563 0.028125 0.028125
0 0.395313 0.426563 0.028125 0.028125
0 0.392188 0.592187 0.028125 0.028125
0 0.721875 0.660937 0.031250 0.028125
0 0.589063 0.767188 0.028125 0.028125
0 0.025000 0.665625 0.031250 0.031250
0 0.223438 0.726562 0.028125 0.028125
0 0.245312 0.360938 0.028125 0.028125
0 0.239063 0.471875 0.028125 0.031250
0 0.354687 0.885938 0.028125 0.028125
0 0.648438 0.889062 0.028125 0.028125
0 0.620313 0.721875 0.028125 0.025000
0 0.379688 0.760938 0.028125 0.028125
0 0.445312 0.414062 0.028125 0.028125
0 0.587500 0.945312 0.025000 0.028125
0 0.529687 0.967187 0.028125 0.028125
0 0.392188 0.623437 0.028125 0.028125
0 0.675000 0.525000 0.031250 0.031250
0 0.018750 0.525000 0.031250 0.031250
0 0.050000 0.579688 0.031250 0.028125
0 0.289062 0.676562 0.028125 0.028125
0 0.220312 0.612500 0.028125 0.031250
0 0.254688 0.498437 0.028125 0.028125
0 0.442188 0.656250 0.028125 0.025000
0 0.429688 0.478125 0.028125 0.031250
0 0.332813 0.717187 0.028125 0.028125
0 0.020313 0.415625 0.028125 0.031250
0 0.478125 0.581250 0.025000 0.025000
0 0.082812 0.523438 0.028125 0.028125
0 0.364063 0.601562 0.028125 0.028125
0 0.573438 0.862500 0.028125 0.025000
0 0.064062 0.551562 0.028125 0.028125
0 0.707812 0.689063 0.028125 0.028125
0 0.226562 0.842187 0.028125 0.028125
0 0.603125 0.851562 0.025000 0.028125
0 0.643750 0.742188 0.025000 0.028125
0 0.748437 0.759375 0.028125 0.031250
0 0.364063 0.570312 0.028125 0.028125
0 0.446875 0.820312 0.025000 0.028125
0 0.785937 0.860938 0.028125 0.028125
0 0.601562 0.673438 0.028125 0.028125
0 0.300000 0.526563 0.025000 0.028125
0 0.145313 0.954688 0.028125 0.028125
0 0.035937 0.968750 0.028125 0.031250
0 0.206250 0.673438 0.031250 0.028125
0 0.373437 0.451562 0.028125 0.028125
0 0.545312 0.873437 0.028125 0.028125
0 0.551562 0.635938 0.028125 0.028125
0 0.317188 0.668750 0.028125 0.031250
0 0.515625 0.443750 0.031250 0.031250
0 0.585938 0.592187 0.028125 0.028125
0 0.342187 0.948438 0.028125 0.028125
0 0.192188 0.498437 0.028125 0.028125
0 0.148438 0.692187 0.028125 0.028125
0 0.084375 0.359375 0.031250 0.031250
0 0.079687 0.634375 0.028125 0.031250
0 0.389062 0.651563 0.028125 0.028125
0 0.385937 0.732812 0.028125 0.028125
0 0.273438 0.623437 0.028125 0.028125
0 0.275000 0.417187 0.025000 0.028125
0 0.340625 0.365625 0.031250 0.031250
0 0.429688 0.917188 0.028125 0.028125
0 0.692187 0.610938 0.028125 0.028125
0 0.745313 0.789062 0.028125 0.028125
0 0.304688 0.585938 0.028125 0.028125
0 0.612500 0.960938 0.025000 0.028125
0 0.510938 0.915625 0.028125 0.025000
0 0.270313 0.884375 0.028125 0.025000
0 0.507812 0.539062 0.028125 0.028125
0 0.335938 0.417187 0.028125 0.028125
0 0.464062 0.704688 0.028125 0.028125
0 0.373437 0.539062 0.028125 0.028125
0 0.498437 0.632812 0.028125 0.028125
0 0.451562 0.789062 0.028125 0.028125
0 0.767188 0.810937 0.028125 0.028125
0 0.273438 0.585938 0.028125 0.028125
0 0.245312 0.748437 0.028125 0.028125
0 0.617188 0.931250 0.028125 0.025000
0 0.745313 0.679688 0.028125 0.028125
0 0.501563 0.978125 0.028125 0.025000
0 0.270313 0.473438 0.028125 0.028125
0 0.651563 0.504687 0.028125 0.028125
0 0.315625 0.501563 0.025000 0.028125
0 0.482812 0.550000 0.028125 0.025000
0 0.364063 0.420312 0.028125 0.028125
0 0.670312 0.940625 0.028125 0.025000
0 0.270313 0.526563 0.028125 0.028125
0 0.342187 0.689063 0.028125 0.028125
0 0.039062 0.814063 0.028125 0.028125
0 0.406250 0.375000 0.031250 0.031250
0 0.648438 0.710938 0.028125 0.028125
0 0.242188 0.635938 0.028125 0.028125
0 0.698438 0.748437 0.028125 0.028125
0 0.420312 0.978125 0.028125 0.025000
0 0.529687 0.585938 0.028125 0.028125
0 0.495312 0.660937 0.028125 0.028125
0 0.015625 0.703125 0.031250 0.031250
0 0.446875 0.623437 0.025000 0.028125
0 0.548438 0.667188 0.028125 0.028125
0 0.423438 0.948438 0.028125 0.028125
0 0.576562 0.446875 0.028125 0.031250
0 0.796875 0.953125 0.031250 0.031250
0 0.764062 0.842187 0.028125 0.028125
0 0.018750 0.359375 0.031250 0.031250
0 0.603125 0.462500 0.031250 0.031250
0 0.192188 0.554688 0.028125 0.028125
0 0.395313 0.960938 0.028125 0.028125
0 0.335938 0.576562 0.028125 0.028125
0 0.117188 0.359375 0.028125 0.031250
0 0.815625 0.809375 0.031250 0.031250
0 0.573438 0.685937 0.028125 0.028125
0 0.354687 0.489063 0.028125 0.028125
0 0.342187 0.548438 0.028125 0.028125
0 0.698438 0.550000 0.028125 0.031250
0 0.478125 0.957812 0.025000 0.028125
0 0.645312 0.532813 0.028125 0.028125
0 0.710938 0.832812 0.028125 0.028125
0 0.628125 0.870313 0.025000 0.028125
0 0.293750 0.645312 0.031250 0.028125
0 0.779687 0.770312 0.028125 0.028125
0 0.070312 0.804688 0.028125 0.028125
0 0.092188 0.607812 0.028125 0.028125
0 0.556250 0.810937 0.025000 0.028125
0 0.039062 0.637500 0.028125 0.031250
0 0.454688 0.759375 0.028125 0.031250
0 0.431250 0.518750 0.025000 0.025000
0 0.746875 0.621875 0.031250 0.031250
0 0.729688 0.707812 0.028125 0.028125
0 0.796875 0.921875 0.031250 0.031250
0 0.690625 0.962500 0.025000 0.025000
0 0.823438 0.970313 0.028125 0.028125
0 0.807813 0.778125 0.028125 0.031250
0 0.532813 0.790625 0.028125 0.025000
0 0.181250 0.359375 0.031250 0.031250
0 0.285938 0.445312 0.028125 0.028125
0 0.128125 0.554688 0.031250 0.028125
0 0.776563 0.898438 0.028125 0.028125
0 0.212500 0.360938 0.031250 0.028125
0 0.750000 0.650000 0.031250 0.031250
0 0.664062 0.973437 0.028125 0.028125
0 0.025000 0.759375 0.031250 0.031250
0 0.156250 0.664062 0.031250 0.028125
0 0.434375 0.381250 0.031250 0.031250
0 0.285938 0.554688 0.028125 0.028125
0 0.823438 0.939063 0.028125 0.028125
0 0.306250 0.728125 0.025000 0.025000
0 0.465625 0.390625 0.031250 0.031250
0 0.628125 0.660937 0.025000 0.028125
0 0.276562 0.360938 0.028125 0.028125
0 0.771875 0.671875 0.031250 0.031250
0 0.304688 0.617188 0.028125 0.028125
0 0.400000 0.784375 0.025000 0.025000
0 0.335938 0.978125 0.028125 0.025000
0 0.123438 0.664062 0.028125 0.028125
0 0.051562 0.470313 0.028125 0.028125
0 0.731250 0.593750 0.031250 0.031250
0 0.800000 0.746875 0.031250 0.031250
0 0.553125 0.428125 0.031250 0.031250
0 0.748437 0.948438 0.028125 0.028125
0 0.017188 0.581250 0.028125 0.031250
0 0.304688 0.362500 0.028125 0.031250
0 0.285938 0.501563 0.028125 0.028125
0 0.746875 0.978125 0.031250 0.031250
0 0.720313 0.957812 0.028125 0.028125
0 0.510938 0.773438 0.028125 0.028125
0 0.212500 0.643750 0.031250 0.031250
0 0.676562 0.882812 0.028125 0.028125
