0 0.368750 0.568750 0.031250 0.031250
0 0.417187 0.857812 0.028125 0.028125
0 0.089063 0.910937 0.028125 0.028125
0 0.417187 0.889062 0.028125 0.028125
0 0.470313 0.892188 0.028125 0.028125
0 0.065625 0.759375 0.031250 0.031250
0 0.765625 0.917188 0.031250 0.028125
0 0.551562 0.910937 0.028125 0.028125
0 0.498437 0.907813 0.028125 0.028125
0 0.045312 0.909375 0.028125 0.031250
0 0.417187 0.826562 0.028125 0.028125
0 0.389062 0.904687 0.028125 0.028125
0 0.182812 0.582812 0.028125 0.028125
0 0.417187 0.795312 0.028125 0.028125
0 0.557813 0.467187 0.028125 0.028125
0 0.307812 0.857812 0.028125 0.028125
0 0.050000 0.414062 0.031250 0.028125
0 0.660937 0.720313 0.028125 0.028125
0 0.362500 0.920312 0.025000 0.028125
0 0.335938 0.476562 0.028125 0.028125
0 0.032813 0.442188 0.028125 0.028125
0 0.026562 0.828125 0.028125 0.031250
0 0.729688 0.696875 0.028125 0.031250
0 0.192188 0.445312 0.028125 0.028125
0 0.095312 0.554688 0.028125 0.028125
0 0.026562 0.882812 0.028125 0.028125
0 0.089063 0.879687 0.028125 0.028125
0 0.125000 0.646875 0.031250 0.031250
0 0.145313 0.914062 0.028125 0.028125
0 0.364063 0.889062 0.028125 0.028125
0 0.078125 0.848437 0.031250 0.028125
0 0.423438 0.498437 0.028125 0.028125
0 0.765625 0.884375 0.031250 0.031250
0 0.098437 0.442188 0.028125 0.028125
0 0.795312 0.900000 0.028125 0.025000
0 0.526563 0.639062 0.028125 0.028125
0 0.315625 0.667188 0.025000 0.028125
0 0.629687 0.862500 0.028125 0.031250
0 0.384375 0.450000 0.031250 0.031250
0 0.239063 0.473438 0.028125 0.028125
0 0.578125 0.926562 0.031250 0.028125
0 0.471875 0.457813 0.031250 0.028125
0 0.198437 0.882812 0.028125 0.028125
0 0.768750 0.750000 0.031250 0.031250
0 0.389062 0.935937 0.028125 0.028125
0 0.314063 0.532813 0.028125 0.028125
0 0.251563 0.917188 0.028125 0.028125
0 0.059375 0.881250 0.031250 0.031250
0 0.176563 0.742188 0.028125 0.028125
0 0.657813 0.846875 0.028125 0.031250
0 0.145313 0.882812 0.028125 0.028125
0 0.550000 0.973437 0.031250 0.028125
0 0.110937 0.770312 0.028125 0.028125
0 0.629687 0.893750 0.028125 0.031250
0 0.223438 0.445312 0.028125 0.028125
0 0.096875 0.385937 0.031250 0.028125
0 0.389062 0.967187 0.028125 0.028125
0 0.579688 0.732812 0.028125 0.028125
0 0.067187 0.657813 0.028125 0.028125
0 0.471875 0.496875 0.031250 0.031250
0 0.795312 0.932813 0.028125 0.028125
0 0.335938 0.873437 0.028125 0.028125
0 0.576562 0.829688 0.028125 0.028125
0 0.498437 0.876563 0.028125 0.028125
0 0.471875 0.826562 0.025000 0.028125
0 0.076563 0.581250 0.028125 0.031250
0 0.737500 0.767188 0.031250 0.028125
0 0.551562 0.782813 0.028125 0.028125
0 0.531250 0.450000 0.031250 0.031250
0 0.079687 0.817187 0.028125 0.028125
0 0.389062 0.873437 0.028125 0.028125
0 0.364063 0.826562 0.028125 0.028125
0 0.764062 0.851562 0.028125 0.028125
0 0.142187 0.523438 0.028125 0.028125
0 0.145313 0.851562 0.028125 0.028125
0 0.289062 0.682813 0.028125 0.028125
0 0.471875 0.857812 0.025000 0.028125
0 0.498437 0.845313 0.028125 0.028125
0 0.417187 0.920312 0.028125 0.028125
0 0.223438 0.932813 0.028125 0.028125
0 0.765625 0.781250 0.031250 0.031250
0 0.585938 0.514062 0.028125 0.028125
0 0.117188 0.929688 0.028125 0.028125
0 0.279687 0.904687 0.028125 0.028125
0 0.550000 0.942187 0.031250 0.028125
0 0.498437 0.717187 0.028125 0.028125
0 0.129688 0.442188 0.028125 0.028125
0 0.737500 0.800000 0.031250 0.031250
0 0.107813 0.835938 0.028125 0.028125
0 0.175000 0.776563 0.025000 0.028125
0 0.471875 0.764062 0.025000 0.028125
0 0.551562 0.654687 0.028125 0.028125
0 0.473438 0.607812 0.028125 0.028125
0 0.710938 0.879687 0.028125 0.028125
0 0.367188 0.473438 0.028125 0.028125
0 0.160938 0.389062 0.028125 0.028125
0 0.260937 0.698438 0.028125 0.028125
0 0.576562 0.892188 0.028125 0.028125
0 0.045312 0.639062 0.028125 0.028125
0 0.170313 0.962500 0.028125 0.031250
0 0.150000 0.757812 0.025000 0.028125
0 0.685937 0.800000 0.028125 0.031250
0 0.767188 0.950000 0.028125 0.031250
0 0.498437 0.748437 0.028125 0.028125
0 0.529687 0.607812 0.028125 0.028125
0 0.523438 0.956250 0.028125 0.031250
0 0.685937 0.768750 0.028125 0.031250
0 0.289062 0.554688 0.028125 0.028125
0 0.737500 0.895312 0.031250 0.028125
0 0.132812 0.821875 0.028125 0.031250
0 0.060937 0.610938 0.028125 0.028125
0 0.790625 0.834375 0.031250 0.031250
0 0.498437 0.814063 0.028125 0.028125
0 0.337500 0.776563 0.025000 0.028125
0 0.032813 0.498437 0.028125 0.028125
0 0.529687 0.576562 0.028125 0.028125
0 0.206250 0.525000 0.031250 0.031250
0 0.064062 0.690625 0.028125 0.031250
0 0.682813 0.898438 0.028125 0.028125
0 0.823438 0.914062 0.028125 0.028125
0 0.364063 0.764062 0.028125 0.028125
0 0.778125 0.681250 0.031250 0.031250
0 0.229687 0.807813 0.028125 0.028125
0 0.818750 0.850000 0.031250 0.031250
0 0.092188 0.498437 0.028125 0.028125
0 0.212500 0.571875 0.031250 0.031250
0 0.289062 0.389062 0.028125 0.028125
0 0.529687 0.545312 0.028125 0.028125
0 0.290625 0.589063 0.025000 0.028125
0 0.498437 0.782813 0.028125 0.028125
0 0.473438 0.425000 0.028125 0.031250
0 0.473438 0.670312 0.028125 0.028125
0 0.632812 0.798438 0.028125 0.028125
0 0.307812 0.889062 0.028125 0.028125
0 0.337500 0.842187 0.025000 0.028125
0 0.657813 0.879687 0.028125 0.028125
0 0.629687 0.925000 0.028125 0.031250
0 0.176563 0.414062 0.028125 0.028125
0 0.526563 0.701562 0.028125 0.028125
0 0.364063 0.857812 0.028125 0.028125
0 0.145313 0.415625 0.028125 0.031250
0 0.170313 0.929688 0.028125 0.028125
0 0.445312 0.842187 0.028125 0.028125
0 0.420312 0.639062 0.028125 0.028125
0 0.445312 0.779687 0.028125 0.028125
0 0.445312 0.873437 0.028125 0.028125
0 0.529687 0.514062 0.028125 0.028125
0 0.554688 0.592187 0.028125 0.028125
0 0.795312 0.867188 0.028125 0.028125
0 0.335938 0.904687 0.028125 0.028125
0 0.173437 0.867188 0.028125 0.028125
0 0.198437 0.915625 0.028125 0.025000
0 0.064062 0.442188 0.028125 0.028125
0 0.582812 0.576562 0.028125 0.028125
0 0.095312 0.673438 0.028125 0.028125
0 0.551562 0.814063 0.028125 0.028125
0 0.042188 0.964063 0.028125 0.028125
0 0.657813 0.942187 0.028125 0.028125
0 0.090625 0.739062 0.031250 0.028125
0 0.576562 0.798438 0.028125 0.028125
0 0.301563 0.476562 0.028125 0.028125
0 0.448437 0.623437 0.028125 0.028125
0 0.556250 0.560937 0.025000 0.028125
0 0.021875 0.796875 0.031250 0.031250
0 0.748437 0.670312 0.028125 0.028125
0 0.473438 0.576562 0.028125 0.028125
0 0.239063 0.417187 0.028125 0.028125
0 0.160938 0.442188 0.028125 0.028125
0 0.660937 0.751563 0.028125 0.028125
0 0.420312 0.467187 0.028125 0.028125
0 0.317188 0.446875 0.028125 0.031250
0 0.665625 0.650000 0.031250 0.031250
0 0.123438 0.551562 0.028125 0.028125
0 0.526563 0.732812 0.028125 0.028125
0 0.632812 0.735938 0.028125 0.028125
0 0.414062 0.403125 0.028125 0.031250
0 0.170313 0.898438 0.028125 0.028125
0 0.370312 0.639062 0.028125 0.028125
0 0.585938 0.482812 0.028125 0.028125
0 0.057813 0.935937 0.028125 0.028125
0 0.392188 0.779687 0.028125 0.028125
0 0.237500 0.525000 0.031250 0.031250
0 0.629687 0.829688 0.028125 0.028125
0 0.551562 0.751563 0.028125 0.028125
0 0.582812 0.545312 0.028125 0.028125
0 0.554688 0.529687 0.028125 0.028125
0 0.082812 0.414062 0.028125 0.028125
0 0.201563 0.792188 0.028125 0.028125
0 0.337500 0.810937 0.025000 0.028125
0 0.123438 0.607812 0.028125 0.028125
0 0.501563 0.592187 0.028125 0.028125
0 0.279687 0.870313 0.028125 0.028125
0 0.307812 0.951562 0.028125 0.028125
0 0.048438 0.526563 0.028125 0.028125
0 0.557813 0.498437 0.028125 0.028125
0 0.307812 0.920312 0.028125 0.028125
0 0.335938 0.935937 0.028125 0.028125
0 0.614062 0.532813 0.028125 0.028125
0 0.289062 0.512500 0.028125 0.031250
0 0.393750 0.684375 0.025000 0.025000
0 0.501563 0.432812 0.028125 0.028125
0 0.604688 0.814063 0.028125 0.028125
0 0.257812 0.389062 0.028125 0.028125
0 0.717187 0.670312 0.028125 0.028125
0 0.192188 0.387500 0.028125 0.031250
0 0.685937 0.735938 0.028125 0.028125
0 0.660937 0.689063 0.028125 0.028125
0 0.259375 0.503125 0.031250 0.031250
0 0.065625 0.721875 0.031250 0.031250
0 0.181250 0.681250 0.025000 0.025000
0 0.160938 0.806250 0.028125 0.031250
0 0.393750 0.654687 0.025000 0.028125
0 0.604688 0.782813 0.028125 0.028125
0 0.476562 0.542188 0.028125 0.028125
0 0.367188 0.504687 0.028125 0.028125
0 0.095312 0.610938 0.028125 0.028125
0 0.364063 0.795312 0.028125 0.028125
0 0.154688 0.551562 0.028125 0.028125
0 0.503125 0.465625 0.031250 0.031250
0 0.081250 0.785937 0.031250 0.028125
0 0.712500 0.721875 0.031250 0.031250
0 0.807813 0.770312 0.034375 0.034375
0 0.251563 0.951562 0.028125 0.028125
0 0.107813 0.581250 0.028125 0.031250
0 0.707812 0.612500 0.028125 0.031250
0 0.342187 0.717187 0.028125 0.028125
0 0.117188 0.895312 0.028125 0.028125
0 0.579688 0.670312 0.028125 0.028125
0 0.093750 0.704688 0.031250 0.028125
0 0.442188 0.970313 0.028125 0.028125
0 0.728125 0.640625 0.031250 0.031250
0 0.085938 0.973437 0.028125 0.028125
0 0.107813 0.804688 0.028125 0.028125
0 0.423438 0.532813 0.028125 0.028125
0 0.182812 0.617188 0.028125 0.028125
0 0.735938 0.832812 0.028125 0.028125
0 0.420312 0.764062 0.028125 0.028125
0 0.471875 0.798438 0.025000 0.028125
0 0.445312 0.810937 0.028125 0.028125
0 0.229687 0.776563 0.028125 0.028125
0 0.498437 0.623437 0.028125 0.028125
0 0.634375 0.670312 0.031250 0.028125
0 0.228125 0.870313 0.025000 0.028125
0 0.393750 0.487500 0.031250 0.031250
0 0.448437 0.654687 0.028125 0.028125
0 0.360938 0.951562 0.028125 0.028125
0 0.685937 0.832812 0.028125 0.028125
0 0.576562 0.767188 0.028125 0.028125
0 0.659375 0.815625 0.025000 0.025000
0 0.601562 0.910937 0.028125 0.028125
0 0.607812 0.751563 0.028125 0.028125
0 0.264062 0.535937 0.028125 0.028125
0 0.657813 0.785937 0.028125 0.028125
0 0.114062 0.960938 0.028125 0.028125
0 0.114062 0.414062 0.028125 0.028125
0 0.310937 0.823438 0.028125 0.028125
0 0.467187 0.957812 0.028125 0.028125
0 0.370312 0.604688 0.028125 0.028125
0 0.612500 0.501563 0.031250 0.028125
0 0.498437 0.685937 0.028125 0.028125
0 0.370312 0.365625 0.034375 0.031250
0 0.207813 0.664062 0.028125 0.028125
0 0.607812 0.657813 0.028125 0.028125
0 0.389062 0.842187 0.028125 0.028125
0 0.796875 0.740625 0.031250 0.031250
0 0.223438 0.389062 0.028125 0.028125
0 0.525000 0.829688 0.025000 0.028125
0 0.143750 0.945312 0.025000 0.028125
0 0.142187 0.978125 0.028125 0.025000
0 0.495312 0.939063 0.028125 0.028125
0 0.042188 0.857812 0.028125 0.028125
0 0.254688 0.823438 0.028125 0.028125
0 0.632812 0.701562 0.028125 0.028125
0 0.037500 0.667188 0.031250 0.028125
0 0.823438 0.879687 0.028125 0.028125
0 0.257812 0.729688 0.028125 0.028125
0 0.395313 0.520312 0.028125 0.028125
0 0.765625 0.817187 0.031250 0.028125
0 0.529687 0.482812 0.028125 0.028125
0 0.054688 0.800000 0.028125 0.031250
0 0.285938 0.714063 0.028125 0.028125
0 0.064062 0.385937 0.028125 0.028125
0 0.253125 0.885938 0.025000 0.028125
0 0.601562 0.879687 0.028125 0.028125
0 0.060937 0.498437 0.028125 0.028125
0 0.368750 0.668750 0.025000 0.025000
0 0.739062 0.735938 0.028125 0.028125
0 0.607812 0.626563 0.028125 0.028125
0 0.254688 0.445312 0.028125 0.028125
0 0.129688 0.389062 0.028125 0.028125
0 0.085938 0.942187 0.028125 0.028125
0 0.348438 0.445312 0.028125 0.028125
0 0.117188 0.864062 0.028125 0.028125
0 0.210938 0.603125 0.028125 0.025000
0 0.471875 0.732812 0.025000 0.028125
0 0.279687 0.964063 0.028125 0.028125
0 0.026562 0.935937 0.028125 0.028125
0 0.139063 0.576562 0.028125 0.028125
0 0.392188 0.748437 0.028125 0.028125
0 0.389062 0.810937 0.028125 0.028125
0 0.603125 0.942187 0.025000 0.028125
0 0.576562 0.704688 0.028125 0.028125
0 0.609375 0.595313 0.031250 0.028125
0 0.320312 0.389062 0.028125 0.028125
0 0.585938 0.450000 0.028125 0.031250
0 0.207813 0.632812 0.028125 0.028125
0 0.581250 0.610938 0.031250 0.028125
0 0.675000 0.617188 0.031250 0.028125
0 0.790625 0.975000 0.031250 0.031250
0 0.315625 0.700000 0.025000 0.025000
0 0.554688 0.623437 0.028125 0.028125
0 0.453125 0.521875 0.031250 0.031250
0 0.148438 0.726562 0.028125 0.028125
0 0.232813 0.743750 0.028125 0.031250
0 0.284375 0.748437 0.025000 0.028125
0 0.237500 0.585938 0.025000 0.028125
0 0.501563 0.529687 0.028125 0.028125
0 0.687500 0.704688 0.031250 0.028125
0 0.259375 0.760938 0.025000 0.028125
0 0.160938 0.495312 0.028125 0.028125
0 0.315625 0.635938 0.025000 0.028125
0 0.173437 0.832812 0.028125 0.028125
0 0.192188 0.498437 0.028125 0.028125
0 0.710938 0.910937 0.028125 0.028125
0 0.332813 0.967187 0.028125 0.028125
0 0.792188 0.798438 0.028125 0.028125
0 0.551562 0.876563 0.028125 0.028125
0 0.395313 0.592187 0.028125 0.028125
0 0.442188 0.446875 0.028125 0.031250
0 0.207813 0.414062 0.028125 0.028125
0 0.467187 0.923438 0.028125 0.028125
0 0.221875 0.498437 0.025000 0.028125
0 0.735938 0.864062 0.028125 0.028125
0 0.154688 0.634375 0.028125 0.031250
0 0.523438 0.860938 0.028125 0.028125
0 0.264062 0.573438 0.028125 0.028125
0 0.787500 0.709375 0.031250 0.031250
0 0.189062 0.551562 0.028125 0.028125
0 0.060937 0.551562 0.028125 0.028125
0 0.442188 0.414062 0.028125 0.028125
0 0.682813 0.864062 0.028125 0.028125
0 0.398438 0.551562 0.028125 0.028125
0 0.317188 0.573438 0.028125 0.028125
0 0.370312 0.534375 0.028125 0.025000
0 0.710938 0.973437 0.028125 0.028125
0 0.551562 0.720313 0.028125 0.028125
0 0.029687 0.607812 0.028125 0.028125
0 0.143750 0.470313 0.025000 0.028125
0 0.173437 0.523438 0.028125 0.028125
0 0.559375 0.432812 0.031250 0.028125
0 0.473438 0.639062 0.028125 0.028125
0 0.337500 0.362500 0.031250 0.031250
0 0.523438 0.926562 0.028125 0.028125
0 0.607812 0.717187 0.028125 0.028125
0 0.445312 0.589063 0.028125 0.028125
0 0.367188 0.701562 0.028125 0.028125
0 0.290625 0.620313 0.025000 0.028125
0 0.498437 0.654687 0.028125 0.028125
0 0.442188 0.939063 0.028125 0.028125
0 0.304688 0.420312 0.028125 0.028125
0 0.151562 0.695312 0.028125 0.028125
0 0.657813 0.910937 0.028125 0.028125
0 0.526563 0.670312 0.028125 0.028125
0 0.634375 0.640625 0.031250 0.031250
0 0.551562 0.685937 0.028125 0.028125
0 0.576562 0.860938 0.028125 0.028125
0 0.495312 0.973437 0.028125 0.028125
0 0.759375 0.709375 0.031250 0.031250
0 0.501563 0.560937 0.028125 0.028125
0 0.045312 0.581250 0.028125 0.031250
0 0.601562 0.846875 0.028125 0.031250
0 0.110937 0.523438 0.028125 0.028125
0 0.181250 0.650000 0.025000 0.025000
0 0.607812 0.689063 0.028125 0.028125
0 0.342187 0.685937 0.028125 0.028125
0 0.237500 0.556250 0.031250 0.031250
0 0.342187 0.623437 0.028125 0.028125
0 0.050000 0.356250 0.031250 0.031250
0 0.151562 0.664062 0.028125 0.028125
0 0.176563 0.710938 0.028125 0.028125
0 0.226562 0.901563 0.028125 0.028125
0 0.317188 0.504687 0.028125 0.028125
0 0.204687 0.759375 0.028125 0.025000
0 0.207813 0.473438 0.028125 0.028125
0 0.367188 0.420312 0.028125 0.028125
0 0.093750 0.642188 0.031250 0.028125
0 0.123438 0.710938 0.028125 0.028125
0 0.420312 0.732812 0.028125 0.028125
0 0.351562 0.392188 0.028125 0.028125
0 0.442188 0.907813 0.028125 0.028125
0 0.685937 0.929688 0.028125 0.028125
0 0.582812 0.639062 0.028125 0.028125
0 0.525000 0.892188 0.025000 0.028125
0 0.657813 0.976562 0.028125 0.028125
0 0.635938 0.607812 0.028125 0.028125
0 0.640625 0.559375 0.031250 0.031250
0 0.740625 0.609375 0.031250 0.031250
0 0.465625 0.392188 0.031250 0.028125
0 0.685937 0.670312 0.028125 0.028125
0 0.528125 0.417187 0.031250 0.028125
0 0.495312 0.403125 0.028125 0.031250
0 0.682813 0.960938 0.028125 0.028125
0 0.601562 0.976562 0.028125 0.028125
0 0.382812 0.395313 0.028125 0.028125
0 0.253125 0.854688 0.025000 0.028125
0 0.818750 0.815625 0.031250 0.031250
0 0.029687 0.554688 0.028125 0.028125
0 0.689063 0.589063 0.028125 0.028125
0 0.314063 0.731250 0.028125 0.025000
0 0.525000 0.798438 0.025000 0.028125
0 0.229687 0.839063 0.028125 0.028125
0 0.196875 0.946875 0.025000 0.025000
0 0.823438 0.945312 0.028125 0.028125
0 0.134375 0.789062 0.025000 0.028125
0 0.632812 0.767188 0.028125 0.028125
0 0.504687 0.498437 0.028125 0.028125
0 0.254688 0.792188 0.028125 0.028125
0 0.079687 0.470313 0.028125 0.028125
0 0.415625 0.951562 0.025000 0.028125
0 0.279687 0.935937 0.028125 0.028125
0 0.575000 0.957812 0.031250 0.028125
0 0.126562 0.495312 0.028125 0.028125
0 0.710938 0.784375 0.028125 0.031250
0 0.445312 0.554688 0.028125 0.028125
0 0.079687 0.526563 0.028125 0.028125
0 0.264062 0.604688 0.028125 0.028125
0 0.710938 0.846875 0.028125 0.031250
0 0.420312 0.571875 0.028125 0.031250
0 0.550000 0.845313 0.031250 0.028125
0 0.342187 0.523438 0.028125 0.028125
0 0.721875 0.584375 0.031250 0.031250
0 0.710938 0.942187 0.028125 0.028125
0 0.273438 0.417187 0.028125 0.028125
0 0.695312 0.642188 0.028125 0.028125
0 0.273438 0.473438 0.028125 0.028125
0 0.289062 0.651563 0.028125 0.028125
0 0.110937 0.470313 0.028125 0.028125
0 0.176563 0.470313 0.028125 0.028125
0 0.445312 0.748437 0.028125 0.028125
0 0.235937 0.618750 0.028125 0.025000
0 0.032813 0.382812 0.028125 0.028125
0 0.420312 0.670312 0.028125 0.028125
0 0.628125 0.957812 0.025000 0.028125
0 0.342187 0.589063 0.028125 0.028125
0 0.739062 0.929688 0.028125 0.028125
0 0.112500 0.359375 0.031250 0.031250
0 0.196875 0.978125 0.025000 0.025000
0 0.335938 0.420312 0.028125 0.028125
0 0.317188 0.604688 0.028125 0.028125
0 0.395313 0.623437 0.028125 0.028125
0 0.710938 0.753125 0.028125 0.031250
0 0.081250 0.359375 0.031250 0.031250
0 0.282813 0.842187 0.028125 0.028125
0 0.756250 0.642188 0.031250 0.028125
0 0.434375 0.381250 0.031250 0.031250
0 0.367188 0.732812 0.028125 0.028125
0 0.423438 0.607812 0.028125 0.028125
0 0.018750 0.359375 0.031250 0.031250
0 0.201563 0.823438 0.028125 0.028125
0 0.221875 0.964063 0.031250 0.028125
0 0.473438 0.701562 0.028125 0.028125
0 0.523438 0.764062 0.028125 0.028125
0 0.206250 0.696875 0.025000 0.025000
0 0.448437 0.478125 0.028125 0.025000
0 0.342187 0.654687 0.028125 0.028125
0 0.306250 0.362500 0.031250 0.031250
0 0.232813 0.681250 0.028125 0.025000
0 0.403125 0.371875 0.031250 0.031250
0 0.393750 0.717187 0.025000 0.028125
0 0.414062 0.434375 0.028125 0.031250
0 0.737500 0.957812 0.031250 0.028125
0 0.612500 0.468750 0.031250 0.031250
0 0.035937 0.770312 0.028125 0.028125
0 0.339062 0.551562 0.028125 0.028125
0 0.264062 0.635938 0.028125 0.028125
0 0.039062 0.706250 0.028125 0.031250
0 0.646875 0.528125 0.031250 0.031250
0 0.235937 0.651563 0.028125 0.028125
0 0.154688 0.601562 0.028125 0.028125
0 0.146875 0.359375 0.031250 0.031250
0 0.710938 0.817187 0.028125 0.028125
0 0.123438 0.742188 0.028125 0.028125
0 0.275000 0.360938 0.031250 0.028125
0 0.242188 0.360938 0.028125 0.028125
0 0.285938 0.446875 0.028125 0.031250
0 0.260937 0.665625 0.028125 0.025000
0 0.703125 0.557813 0.031250 0.034375
0 0.123438 0.676562 0.028125 0.028125
0 0.017188 0.415625 0.028125 0.031250
0 0.309375 0.760938 0.025000 0.028125
0 0.204687 0.728125 0.028125 0.025000
0 0.671875 0.559375 0.031250 0.031250
0 0.607812 0.564063 0.028125 0.028125
0 0.017188 0.526563 0.028125 0.028125
0 0.200000 0.853125 0.025000 0.025000
0 0.040625 0.737500 0.031250 0.031250
0 0.048438 0.470313 0.028125 0.028125
0 0.657813 0.587500 0.028125 0.031250
0 0.678125 0.528125 0.031250 0.031250
0 0.020313 0.471875 0.028125 0.031250
0 0.209375 0.359375 0.031250 0.031250
0 0.440625 0.696875 0.031250 0.031250
0 0.178125 0.359375 0.031250 0.031250
0 0.231250 0.712500 0.025000 0.025000
0 0.646875 0.496875 0.031250 0.031250
0 0.757812 0.979688 0.028125 0.028125
