0 0.539062 0.929688 0.028125 0.028125
0 0.137500 0.839063 0.031250 0.028125
0 0.103125 0.895312 0.031250 0.028125
0 0.425000 0.898438 0.031250 0.028125
0 0.167187 0.898438 0.028125 0.028125
0 0.087500 0.867188 0.031250 0.028125
0 0.134375 0.895312 0.031250 0.028125
0 0.504687 0.929688 0.028125 0.028125
0 0.343750 0.925000 0.031250 0.031250
0 0.831250 0.592187 0.031250 0.028125
0 0.757812 0.623437 0.028125 0.028125
0 0.198437 0.895312 0.028125 0.028125
0 0.120313 0.810937 0.028125 0.028125
0 0.764062 0.815625 0.028125 0.031250
0 0.150000 0.925000 0.031250 0.031250
0 0.118750 0.867188 0.031250 0.028125
0 0.667188 0.929688 0.028125 0.028125
0 0.056250 0.867188 0.031250 0.028125
0 0.134375 0.117188 0.031250 0.028125
0 0.781250 0.901563 0.031250 0.028125
0 0.779687 0.845313 0.028125 0.028125
0 0.440625 0.926562 0.031250 0.028125
0 0.651563 0.842187 0.028125 0.028125
0 0.473438 0.929688 0.028125 0.028125
0 0.717187 0.898438 0.028125 0.028125
0 0.570312 0.929688 0.028125 0.028125
0 0.957812 0.820312 0.028125 0.028125
0 0.153125 0.812500 0.031250 0.031250
0 0.262500 0.840625 0.031250 0.031250
0 0.634375 0.929688 0.031250 0.028125
0 0.925000 0.875000 0.031250 0.031250
0 0.170313 0.839063 0.028125 0.028125
0 0.860938 0.875000 0.028125 0.031250
0 0.085938 0.810937 0.028125 0.028125
0 0.426563 0.729688 0.028125 0.028125
0 0.796875 0.871875 0.031250 0.031250
0 0.231250 0.895312 0.031250 0.028125
0 0.343750 0.140625 0.031250 0.031250
0 0.360938 0.898438 0.028125 0.028125
0 0.070312 0.839063 0.028125 0.028125
0 0.123438 0.701562 0.028125 0.028125
0 0.492188 0.150000 0.028125 0.031250
0 0.296875 0.840625 0.031250 0.031250
0 0.528125 0.040625 0.031250 0.031250
0 0.020313 0.867188 0.028125 0.028125
0 0.518750 0.095312 0.031250 0.028125
0 0.893750 0.871875 0.031250 0.031250
0 0.442188 0.757812 0.028125 0.028125
0 0.785937 0.210938 0.028125 0.028125
0 0.679688 0.064062 0.028125 0.028125
0 0.656250 0.567187 0.031250 0.028125
0 0.168750 0.121875 0.031250 0.031250
0 0.828125 0.931250 0.031250 0.031250
0 0.876563 0.901563 0.028125 0.028125
0 0.604688 0.650000 0.028125 0.031250
0 0.473438 0.870313 0.028125 0.028125
0 0.101562 0.173437 0.028125 0.028125
0 0.603125 0.929688 0.031250 0.028125
0 0.409375 0.868750 0.031250 0.031250
0 0.200000 0.840625 0.031250 0.031250
0 0.278125 0.925000 0.031250 0.031250
0 0.267188 0.054688 0.028125 0.028125
0 0.796875 0.931250 0.031250 0.031250
0 0.706250 0.703125 0.031250 0.031250
0 0.200000 0.229687 0.031250 0.028125
0 0.035937 0.893750 0.028125 0.031250
0 0.170313 0.784375 0.028125 0.031250
0 0.732812 0.815625 0.028125 0.031250
0 0.701562 0.815625 0.028125 0.031250
0 0.079687 0.198437 0.028125 0.028125
0 0.070312 0.895312 0.028125 0.028125
0 0.376563 0.925000 0.028125 0.031250
0 0.168750 0.059375 0.031250 0.031250
0 0.895312 0.710938 0.028125 0.028125
0 0.670312 0.706250 0.028125 0.031250
0 0.909375 0.901563 0.031250 0.028125
0 0.214062 0.925000 0.028125 0.031250
0 0.753125 0.576562 0.025000 0.028125
0 0.812500 0.901563 0.031250 0.028125
0 0.065625 0.117188 0.031250 0.028125
0 0.235937 0.782813 0.028125 0.028125
0 0.685937 0.842187 0.028125 0.028125
0 0.375000 0.135937 0.031250 0.028125
0 0.546875 0.065625 0.031250 0.031250
0 0.817187 0.679688 0.028125 0.028125
0 0.493750 0.565625 0.031250 0.031250
0 0.248438 0.810937 0.028125 0.028125
0 0.860938 0.931250 0.028125 0.031250
0 0.460938 0.785937 0.028125 0.028125
0 0.057813 0.754687 0.028125 0.028125
0 0.845313 0.901563 0.028125 0.028125
0 0.523438 0.843750 0.028125 0.031250
0 0.326562 0.898438 0.028125 0.028125
0 0.925000 0.931250 0.031250 0.031250
0 0.085938 0.925000 0.028125 0.031250
0 0.956250 0.932813 0.031250 0.028125
0 0.942187 0.789062 0.028125 0.028125
0 0.345313 0.810937 0.028125 0.028125
0 0.051562 0.923438 0.028125 0.028125
0 0.971875 0.903125 0.031250 0.031250
0 0.107813 0.729688 0.028125 0.028125
0 0.042188 0.726562 0.028125 0.028125
0 0.185938 0.810937 0.028125 0.028125
0 0.165625 0.228125 0.031250 0.031250
0 0.301563 0.617188 0.028125 0.028125
0 0.059375 0.700000 0.031250 0.031250
0 0.814063 0.843750 0.028125 0.031250
0 0.867188 0.076563 0.028125 0.028125
0 0.457813 0.900000 0.028125 0.031250
0 0.748437 0.842187 0.028125 0.028125
0 0.117188 0.925000 0.028125 0.031250
0 0.123438 0.757812 0.028125 0.028125
0 0.639062 0.814063 0.028125 0.028125
0 0.926562 0.820312 0.028125 0.028125
0 0.232813 0.839063 0.028125 0.028125
0 0.314063 0.810937 0.028125 0.028125
0 0.898438 0.076563 0.028125 0.028125
0 0.746875 0.900000 0.031250 0.031250
0 0.040625 0.839063 0.031250 0.028125
0 0.206250 0.671875 0.031250 0.031250
0 0.675000 0.123438 0.031250 0.028125
0 0.892188 0.931250 0.028125 0.031250
0 0.829688 0.871875 0.028125 0.031250
0 0.635938 0.760938 0.028125 0.028125
0 0.926562 0.764062 0.028125 0.028125
0 0.407813 0.926562 0.028125 0.028125
0 0.895312 0.820312 0.028125 0.028125
0 0.801562 0.573438 0.028125 0.028125
0 0.393750 0.839063 0.031250 0.028125
0 0.957812 0.129688 0.028125 0.028125
0 0.654687 0.514062 0.028125 0.028125
0 0.526563 0.676562 0.028125 0.028125
0 0.743750 0.071875 0.031250 0.031250
0 0.075000 0.728125 0.031250 0.031250
0 0.296875 0.898438 0.031250 0.028125
0 0.701562 0.760938 0.028125 0.028125
0 0.181250 0.925000 0.031250 0.031250
0 0.073438 0.782813 0.028125 0.028125
0 0.317188 0.645312 0.028125 0.028125
0 0.457813 0.840625 0.028125 0.031250
0 0.139063 0.673438 0.028125 0.028125
0 0.798438 0.817187 0.028125 0.028125
0 0.925000 0.182812 0.031250 0.028125
0 0.114062 0.203125 0.028125 0.031250
0 0.829688 0.764062 0.028125 0.028125
0 0.139063 0.728125 0.028125 0.031250
0 0.800000 0.181250 0.025000 0.025000
0 0.732812 0.873437 0.028125 0.028125
0 0.510938 0.179688 0.028125 0.028125
0 0.770312 0.651563 0.028125 0.028125
0 0.701562 0.870313 0.028125 0.028125
0 0.635938 0.707812 0.028125 0.028125
0 0.696875 0.282813 0.031250 0.028125
0 0.054688 0.810937 0.028125 0.028125
0 0.204687 0.564063 0.028125 0.028125
0 0.765625 0.871875 0.031250 0.031250
0 0.670312 0.760938 0.028125 0.028125
0 0.848437 0.679688 0.028125 0.028125
0 0.264062 0.898438 0.028125 0.028125
0 0.879687 0.682813 0.028125 0.028125
0 0.554688 0.900000 0.028125 0.031250
0 0.832812 0.654687 0.028125 0.028125
0 0.406250 0.132812 0.031250 0.028125
0 0.523438 0.789062 0.028125 0.028125
0 0.509375 0.064062 0.031250 0.028125
0 0.184375 0.200000 0.031250 0.031250
0 0.557813 0.565625 0.028125 0.031250
0 0.926562 0.707812 0.028125 0.028125
0 0.879687 0.210938 0.028125 0.028125
0 0.378125 0.757812 0.025000 0.028125
0 0.064062 0.057813 0.028125 0.028125
0 0.654687 0.785937 0.028125 0.028125
0 0.654687 0.679688 0.028125 0.028125
0 0.798438 0.764062 0.028125 0.028125
0 0.231250 0.223438 0.031250 0.028125
0 0.089063 0.757812 0.028125 0.028125
0 0.275000 0.146875 0.031250 0.031250
0 0.492188 0.900000 0.028125 0.031250
0 0.910937 0.682813 0.028125 0.028125
0 0.284375 0.253125 0.031250 0.031250
0 0.092188 0.701562 0.028125 0.028125
0 0.693750 0.037500 0.031250 0.031250
0 0.723437 0.151562 0.028125 0.028125
0 0.642188 0.067187 0.028125 0.028125
0 0.946875 0.681250 0.031250 0.031250
0 0.685937 0.623437 0.028125 0.028125
0 0.717187 0.789062 0.028125 0.028125
0 0.100000 0.120313 0.031250 0.028125
0 0.251563 0.754687 0.028125 0.028125
0 0.929688 0.076563 0.028125 0.028125
0 0.560937 0.039062 0.028125 0.028125
0 0.910937 0.848437 0.028125 0.028125
0 0.270313 0.728125 0.028125 0.031250
0 0.742188 0.123438 0.028125 0.028125
0 0.150000 0.087500 0.031250 0.031250
0 0.601562 0.870313 0.028125 0.028125
0 0.217188 0.703125 0.028125 0.031250
0 0.829688 0.289062 0.028125 0.028125
0 0.618750 0.900000 0.031250 0.031250
0 0.737500 0.235937 0.031250 0.028125
0 0.657813 0.040625 0.028125 0.031250
0 0.685937 0.095312 0.028125 0.028125
0 0.635938 0.870313 0.028125 0.028125
0 0.426563 0.101562 0.028125 0.028125
0 0.864062 0.654687 0.028125 0.028125
0 0.104688 0.782813 0.028125 0.028125
0 0.685937 0.679688 0.028125 0.028125
0 0.526563 0.567187 0.028125 0.028125
0 0.862500 0.817187 0.031250 0.028125
0 0.732812 0.759375 0.028125 0.031250
0 0.587500 0.785937 0.031250 0.028125
0 0.379688 0.810937 0.028125 0.028125
0 0.092188 0.645312 0.028125 0.028125
0 0.651563 0.732812 0.028125 0.028125
0 0.328125 0.168750 0.031250 0.031250
0 0.570312 0.817187 0.028125 0.028125
0 0.851562 0.101562 0.028125 0.028125
0 0.251563 0.701562 0.028125 0.028125
0 0.864062 0.182812 0.028125 0.028125
0 0.279687 0.868750 0.028125 0.031250
0 0.864062 0.710938 0.028125 0.028125
0 0.770312 0.182812 0.028125 0.028125
0 0.845313 0.845313 0.028125 0.028125
0 0.729688 0.929688 0.028125 0.028125
0 0.217188 0.810937 0.028125 0.028125
0 0.554688 0.732812 0.028125 0.028125
0 0.654687 0.623437 0.028125 0.028125
0 0.832812 0.181250 0.028125 0.025000
0 0.618750 0.789062 0.031250 0.028125
0 0.585938 0.842187 0.028125 0.028125
0 0.676562 0.431250 0.028125 0.031250
0 0.312500 0.925000 0.031250 0.031250
0 0.957812 0.765625 0.028125 0.031250
0 0.817187 0.207813 0.028125 0.028125
0 0.670312 0.814063 0.028125 0.028125
0 0.317188 0.757812 0.028125 0.028125
0 0.623437 0.676562 0.028125 0.028125
0 0.426563 0.843750 0.028125 0.031250
0 0.879687 0.154688 0.028125 0.028125
0 0.751563 0.734375 0.028125 0.031250
0 0.654687 0.095312 0.028125 0.028125
0 0.773438 0.126562 0.028125 0.028125
0 0.785937 0.154688 0.028125 0.028125
0 0.220312 0.254688 0.028125 0.028125
0 0.815625 0.320312 0.031250 0.028125
0 0.707812 0.120313 0.028125 0.028125
0 0.064062 0.226562 0.028125 0.028125
0 0.748437 0.789062 0.028125 0.028125
0 0.346875 0.757812 0.025000 0.028125
0 0.082812 0.145313 0.028125 0.028125
0 0.092188 0.589063 0.028125 0.028125
0 0.173437 0.673438 0.028125 0.028125
0 0.445312 0.703125 0.028125 0.031250
0 0.762500 0.931250 0.031250 0.031250
0 0.718750 0.734375 0.031250 0.031250
0 0.960938 0.020313 0.028125 0.028125
0 0.201563 0.729688 0.028125 0.028125
0 0.895312 0.401562 0.028125 0.028125
0 0.623437 0.567187 0.028125 0.028125
0 0.717187 0.845313 0.028125 0.028125
0 0.820312 0.045312 0.028125 0.028125
0 0.804688 0.073438 0.028125 0.028125
0 0.540625 0.870313 0.031250 0.028125
0 0.032813 0.059375 0.028125 0.031250
0 0.507812 0.648438 0.028125 0.028125
0 0.123438 0.645312 0.028125 0.028125
0 0.770312 0.420312 0.028125 0.028125
0 0.192188 0.368750 0.028125 0.031250
0 0.117188 0.145313 0.028125 0.028125
0 0.107813 0.673438 0.028125 0.028125
0 0.332813 0.729688 0.028125 0.028125
0 0.220312 0.592187 0.028125 0.028125
0 0.217188 0.757812 0.028125 0.028125
0 0.723437 0.045312 0.028125 0.028125
0 0.026562 0.754687 0.028125 0.028125
0 0.346875 0.020313 0.025000 0.028125
0 0.654687 0.201563 0.028125 0.028125
0 0.639062 0.595313 0.028125 0.028125
0 0.768750 0.706250 0.025000 0.025000
0 0.200000 0.121875 0.031250 0.031250
0 0.926562 0.237500 0.028125 0.031250
0 0.364063 0.729688 0.028125 0.028125
0 0.620313 0.842187 0.028125 0.028125
0 0.864062 0.764062 0.028125 0.028125
0 0.139063 0.617188 0.028125 0.028125
0 0.670312 0.485938 0.028125 0.028125
0 0.879687 0.790625 0.028125 0.031250
0 0.392188 0.898438 0.028125 0.028125
0 0.331250 0.226562 0.031250 0.028125
0 0.281250 0.203125 0.031250 0.031250
0 0.279687 0.814063 0.028125 0.028125
0 0.464062 0.039062 0.028125 0.028125
0 0.189062 0.535937 0.028125 0.028125
0 0.779687 0.523438 0.028125 0.028125
0 0.367188 0.565625 0.028125 0.031250
0 0.510938 0.595313 0.028125 0.028125
0 0.957812 0.185938 0.028125 0.028125
0 0.878125 0.737500 0.031250 0.031250
0 0.268750 0.673438 0.031250 0.028125
0 0.717187 0.259375 0.028125 0.031250
0 0.135937 0.785937 0.028125 0.028125
0 0.507812 0.870313 0.028125 0.028125
0 0.754687 0.154688 0.028125 0.028125
0 0.623437 0.623437 0.028125 0.028125
0 0.492188 0.620313 0.028125 0.028125
0 0.589063 0.732812 0.028125 0.028125
0 0.095312 0.226562 0.028125 0.028125
0 0.326562 0.842187 0.028125 0.028125
0 0.382812 0.371875 0.028125 0.031250
0 0.220312 0.153125 0.028125 0.031250
0 0.204687 0.284375 0.028125 0.031250
0 0.914062 0.101562 0.028125 0.028125
0 0.554688 0.842187 0.028125 0.028125
0 0.685937 0.514062 0.028125 0.028125
0 0.445312 0.648438 0.028125 0.028125
0 0.220312 0.190625 0.028125 0.031250
0 0.254688 0.645312 0.028125 0.028125
0 0.556250 0.317188 0.025000 0.028125
0 0.332813 0.051562 0.028125 0.028125
0 0.201563 0.782813 0.028125 0.028125
0 0.489063 0.840625 0.028125 0.031250
0 0.739062 0.650000 0.028125 0.031250
0 0.712500 0.309375 0.031250 0.031250
0 0.529687 0.510938 0.028125 0.028125
0 0.232813 0.729688 0.028125 0.028125
0 0.079687 0.254688 0.028125 0.028125
0 0.910937 0.792188 0.028125 0.028125
0 0.362500 0.785937 0.025000 0.028125
0 0.410938 0.757812 0.028125 0.028125
0 0.162500 0.175000 0.031250 0.031250
0 0.571875 0.870313 0.031250 0.028125
0 0.945312 0.732812 0.028125 0.028125
0 0.848437 0.735938 0.028125 0.028125
0 0.110937 0.253125 0.028125 0.031250
0 0.721875 0.676562 0.031250 0.028125
0 0.235937 0.673438 0.028125 0.028125
0 0.801562 0.651563 0.028125 0.028125
0 0.170313 0.620313 0.028125 0.028125
0 0.148438 0.200000 0.028125 0.031250
0 0.650000 0.259375 0.031250 0.031250
0 0.478125 0.071875 0.031250 0.031250
0 0.148438 0.145313 0.028125 0.028125
0 0.848437 0.207813 0.028125 0.028125
0 0.800000 0.707812 0.025000 0.028125
0 0.395313 0.784375 0.028125 0.031250
0 0.410938 0.648438 0.028125 0.028125
0 0.739062 0.179688 0.028125 0.028125
0 0.832812 0.129688 0.028125 0.028125
0 0.126562 0.367188 0.028125 0.028125
0 0.460938 0.623437 0.028125 0.028125
0 0.470313 0.126562 0.028125 0.028125
0 0.895312 0.239063 0.028125 0.028125
0 0.182812 0.868750 0.028125 0.031250
0 0.556250 0.785937 0.031250 0.028125
0 0.076563 0.673438 0.028125 0.028125
0 0.185938 0.757812 0.028125 0.028125
0 0.962500 0.707812 0.031250 0.028125
0 0.254688 0.082812 0.028125 0.028125
0 0.717187 0.206250 0.028125 0.031250
0 0.779687 0.595313 0.028125 0.028125
0 0.142187 0.395313 0.028125 0.028125
0 0.493750 0.035937 0.031250 0.028125
0 0.910937 0.317188 0.028125 0.028125
0 0.667188 0.870313 0.028125 0.028125
0 0.926562 0.654687 0.028125 0.028125
0 0.029687 0.643750 0.028125 0.031250
0 0.685937 0.732812 0.028125 0.028125
0 0.603125 0.817187 0.025000 0.028125
0 0.079687 0.504687 0.028125 0.028125
0 0.607812 0.064062 0.028125 0.028125
0 0.034375 0.114062 0.031250 0.028125
0 0.639062 0.650000 0.028125 0.031250
0 0.040625 0.779687 0.025000 0.028125
0 0.751563 0.207813 0.028125 0.028125
0 0.895312 0.129688 0.028125 0.028125
0 0.539062 0.757812 0.028125 0.028125
0 0.248438 0.923438 0.028125 0.028125
0 0.476562 0.535937 0.028125 0.028125
0 0.789062 0.623437 0.028125 0.028125
0 0.540625 0.481250 0.031250 0.031250
0 0.765625 0.459375 0.031250 0.031250
0 0.414062 0.070312 0.028125 0.028125
0 0.718750 0.376563 0.031250 0.028125
0 0.031250 0.312500 0.031250 0.031250
0 0.231250 0.125000 0.031250 0.031250
0 0.154688 0.757812 0.028125 0.028125
0 0.573438 0.704688 0.028125 0.028125
0 0.389062 0.165625 0.028125 0.031250
0 0.268750 0.345313 0.031250 0.028125
0 0.284375 0.645312 0.031250 0.028125
0 0.590625 0.565625 0.031250 0.031250
0 0.182812 0.095312 0.028125 0.028125
0 0.029687 0.698438 0.028125 0.028125
0 0.154688 0.701562 0.028125 0.028125
0 0.782813 0.735938 0.028125 0.028125
0 0.620313 0.264062 0.028125 0.028125
0 0.576562 0.539062 0.028125 0.028125
0 0.032813 0.171875 0.028125 0.031250
0 0.942187 0.101562 0.028125 0.028125
0 0.268750 0.284375 0.031250 0.031250
0 0.023438 0.810937 0.028125 0.028125
0 0.409375 0.246875 0.031250 0.031250
0 0.460938 0.729688 0.028125 0.028125
0 0.926562 0.129688 0.028125 0.028125
0 0.310937 0.868750 0.028125 0.031250
0 0.509375 0.759375 0.031250 0.031250
0 0.301563 0.051562 0.028125 0.028125
0 0.445312 0.067187 0.028125 0.028125
0 0.670312 0.650000 0.028125 0.031250
0 0.246875 0.868750 0.031250 0.031250
0 0.285938 0.701562 0.028125 0.028125
0 0.154688 0.257812 0.028125 0.028125
0 0.957812 0.239063 0.028125 0.028125
0 0.187500 0.703125 0.031250 0.031250
0 0.587500 0.900000 0.031250 0.031250
0 0.376563 0.867188 0.028125 0.028125
0 0.132812 0.173437 0.028125 0.028125
0 0.767188 0.764062 0.028125 0.028125
0 0.151562 0.868750 0.028125 0.031250
0 0.682813 0.900000 0.028125 0.031250
0 0.239063 0.617188 0.028125 0.028125
0 0.820312 0.101562 0.028125 0.028125
0 0.029687 0.587500 0.028125 0.031250
0 0.698438 0.928125 0.028125 0.031250
0 0.492188 0.207813 0.028125 0.028125
0 0.792188 0.442188 0.028125 0.028125
0 0.542188 0.704688 0.028125 0.028125
0 0.264062 0.228125 0.028125 0.031250
0 0.029687 0.226562 0.028125 0.028125
0 0.104688 0.839063 0.028125 0.028125
0 0.685937 0.206250 0.028125 0.031250
0 0.789062 0.098437 0.028125 0.028125
0 0.021875 0.923438 0.031250 0.028125
0 0.607812 0.704688 0.028125 0.028125
0 0.798438 0.403125 0.028125 0.031250
0 0.675000 0.173437 0.031250 0.028125
0 0.626563 0.039062 0.028125 0.028125
0 0.817187 0.732812 0.028125 0.028125
0 0.726562 0.096875 0.028125 0.031250
0 0.095312 0.060937 0.028125 0.028125
0 0.560937 0.510938 0.028125 0.028125
0 0.457813 0.157812 0.028125 0.028125
0 0.864062 0.292187 0.028125 0.028125
0 0.525000 0.150000 0.031250 0.031250
0 0.304688 0.565625 0.028125 0.031250
0 0.187500 0.151562 0.031250 0.028125
0 0.607812 0.595313 0.028125 0.028125
0 0.395313 0.729688 0.028125 0.028125
0 0.589063 0.676562 0.028125 0.028125
0 0.942187 0.846875 0.028125 0.031250
0 0.926562 0.598437 0.028125 0.028125
0 0.112500 0.090625 0.031250 0.031250
0 0.910937 0.157812 0.028125 0.028125
0 0.732812 0.407813 0.028125 0.028125
0 0.048438 0.198437 0.028125 0.028125
0 0.479687 0.237500 0.028125 0.031250
0 0.460938 0.676562 0.028125 0.028125
0 0.782813 0.260937 0.028125 0.028125
0 0.270313 0.510938 0.028125 0.028125
0 0.048438 0.143750 0.028125 0.031250
0 0.331250 0.109375 0.031250 0.031250
0 0.307812 0.143750 0.028125 0.031250
0 0.507812 0.814063 0.028125 0.028125
0 0.737500 0.290625 0.031250 0.031250
0 0.206250 0.398438 0.031250 0.028125
0 0.170313 0.564063 0.028125 0.028125
0 0.492188 0.731250 0.028125 0.031250
0 0.973437 0.210938 0.028125 0.028125
0 0.845313 0.790625 0.028125 0.031250
0 0.857812 0.571875 0.028125 0.031250
0 0.576562 0.067187 0.028125 0.028125
0 0.523438 0.732812 0.028125 0.028125
0 0.107813 0.617188 0.028125 0.028125
0 0.214062 0.868750 0.028125 0.031250
0 0.440625 0.129688 0.031250 0.028125
0 0.639062 0.487500 0.028125 0.031250
0 0.426563 0.675000 0.028125 0.031250
0 0.442188 0.870313 0.028125 0.028125
0 0.806250 0.509375 0.031250 0.031250
0 0.487500 0.098437 0.031250 0.028125
0 0.848437 0.626563 0.028125 0.028125
0 0.476562 0.592187 0.028125 0.028125
0 0.848437 0.264062 0.028125 0.028125
0 0.332813 0.335938 0.028125 0.028125
0 0.895312 0.601562 0.028125 0.028125
0 0.829688 0.559375 0.028125 0.031250
0 0.289062 0.535937 0.028125 0.028125
0 0.173437 0.507812 0.028125 0.028125
0 0.848437 0.373437 0.028125 0.028125
0 0.570312 0.289062 0.028125 0.028125
0 0.157812 0.535937 0.028125 0.028125
0 0.107813 0.560937 0.028125 0.028125
0 0.681250 0.254688 0.031250 0.028125
0 0.879687 0.264062 0.028125 0.028125
0 0.557813 0.676562 0.028125 0.028125
0 0.707812 0.070312 0.028125 0.028125
0 0.685937 0.317188 0.028125 0.028125
0 0.204687 0.617188 0.028125 0.028125
0 0.620313 0.732812 0.028125 0.028125
0 0.126562 0.535937 0.028125 0.028125
0 0.909375 0.264062 0.025000 0.028125
0 0.060937 0.645312 0.028125 0.028125
0 0.898438 0.020313 0.028125 0.028125
0 0.767188 0.492188 0.028125 0.028125
0 0.492188 0.676562 0.028125 0.028125
0 0.051562 0.087500 0.028125 0.031250
0 0.351562 0.648438 0.028125 0.028125
0 0.742188 0.018750 0.028125 0.031250
0 0.556250 0.264062 0.031250 0.028125
0 0.610938 0.431250 0.028125 0.031250
0 0.364063 0.675000 0.028125 0.031250
0 0.703125 0.231250 0.031250 0.031250
0 0.320312 0.592187 0.028125 0.028125
0 0.410938 0.701562 0.028125 0.028125
0 0.589063 0.623437 0.028125 0.028125
0 0.154688 0.592187 0.028125 0.028125
0 0.604688 0.757812 0.028125 0.028125
0 0.784375 0.679688 0.025000 0.028125
0 0.425000 0.157812 0.031250 0.028125
0 0.940625 0.901563 0.031250 0.028125
0 0.189062 0.314063 0.028125 0.028125
0 0.670312 0.595313 0.028125 0.028125
0 0.942187 0.212500 0.028125 0.025000
0 0.426563 0.785937 0.028125 0.028125
0 0.492188 0.785937 0.028125 0.028125
0 0.157812 0.310937 0.028125 0.028125
0 0.226562 0.367188 0.028125 0.028125
0 0.289062 0.373437 0.028125 0.028125
0 0.060937 0.589063 0.028125 0.028125
0 0.123438 0.589063 0.028125 0.028125
0 0.829688 0.817187 0.028125 0.028125
0 0.835938 0.073438 0.028125 0.028125
0 0.651563 0.898438 0.028125 0.028125
0 0.248438 0.259375 0.028125 0.031250
0 0.776563 0.556250 0.028125 0.031250
0 0.128125 0.064062 0.031250 0.028125
0 0.910937 0.739062 0.028125 0.028125
0 0.376563 0.192188 0.028125 0.028125
0 0.789062 0.045312 0.028125 0.028125
0 0.637500 0.121875 0.031250 0.031250
0 0.429688 0.620313 0.028125 0.028125
0 0.357812 0.164062 0.028125 0.028125
0 0.285938 0.757812 0.028125 0.028125
0 0.804688 0.539062 0.028125 0.028125
0 0.332813 0.673438 0.028125 0.028125
0 0.460938 0.565625 0.028125 0.031250
0 0.045312 0.614062 0.028125 0.028125
0 0.573438 0.648438 0.028125 0.028125
0 0.226562 0.060937 0.028125 0.028125
0 0.832812 0.235937 0.028125 0.028125
0 0.864062 0.237500 0.028125 0.025000
0 0.248438 0.165625 0.028125 0.031250
0 0.509375 0.425000 0.031250 0.031250
0 0.510938 0.539062 0.028125 0.028125
0 0.134375 0.232813 0.031250 0.028125
0 0.346875 0.253125 0.031250 0.031250
0 0.360938 0.842187 0.028125 0.028125
0 0.717187 0.626563 0.028125 0.028125
0 0.170313 0.728125 0.028125 0.031250
0 0.398438 0.214062 0.028125 0.028125
0 0.545312 0.595313 0.028125 0.028125
0 0.539062 0.817187 0.028125 0.028125
0 0.779687 0.790625 0.028125 0.031250
0 0.889062 0.571875 0.028125 0.031250
0 0.956250 0.875000 0.031250 0.031250
0 0.304688 0.401562 0.028125 0.028125
0 0.642188 0.431250 0.028125 0.031250
0 0.895312 0.764062 0.028125 0.028125
0 0.076563 0.560937 0.028125 0.028125
0 0.207813 0.342187 0.028125 0.028125
0 0.142187 0.451562 0.028125 0.028125
0 0.942187 0.628125 0.028125 0.031250
0 0.285938 0.426563 0.028125 0.028125
0 0.445312 0.185938 0.028125 0.028125
0 0.571875 0.237500 0.031250 0.031250
0 0.378125 0.253125 0.031250 0.031250
0 0.442188 0.814063 0.028125 0.028125
0 0.520312 0.898438 0.028125 0.028125
0 0.929688 0.020313 0.028125 0.028125
0 0.235937 0.284375 0.028125 0.031250
0 0.292187 0.173437 0.028125 0.028125
0 0.848437 0.154688 0.028125 0.028125
0 0.110937 0.507812 0.028125 0.028125
0 0.893750 0.345313 0.025000 0.028125
0 0.814063 0.790625 0.028125 0.031250
0 0.267188 0.782813 0.028125 0.028125
0 0.495312 0.398438 0.028125 0.028125
0 0.592187 0.514062 0.028125 0.028125
0 0.720313 0.571875 0.028125 0.031250
0 0.895312 0.185938 0.028125 0.028125
0 0.960938 0.603125 0.028125 0.031250
0 0.667188 0.290625 0.028125 0.031250
0 0.345313 0.195312 0.028125 0.028125
0 0.942187 0.264062 0.028125 0.028125
0 0.540625 0.123438 0.031250 0.028125
0 0.157812 0.479687 0.028125 0.028125
0 0.345313 0.867188 0.028125 0.028125
0 0.570312 0.757812 0.028125 0.028125
0 0.139063 0.564063 0.028125 0.028125
0 0.732812 0.487500 0.028125 0.031250
0 0.429688 0.565625 0.028125 0.031250
0 0.701562 0.596875 0.028125 0.031250
0 0.960938 0.076563 0.028125 0.028125
0 0.185938 0.257812 0.028125 0.028125
0 0.510938 0.237500 0.028125 0.031250
0 0.064062 0.170313 0.028125 0.028125
0 0.848437 0.317188 0.028125 0.028125
0 0.576562 0.595313 0.028125 0.028125
0 0.760938 0.045312 0.028125 0.028125
0 0.479687 0.701562 0.028125 0.028125
0 0.879687 0.845313 0.028125 0.028125
0 0.154688 0.645312 0.028125 0.028125
0 0.365625 0.106250 0.031250 0.031250
0 0.315625 0.253125 0.031250 0.031250
0 0.271875 0.109375 0.031250 0.031250
0 0.239063 0.565625 0.028125 0.031250
0 0.757812 0.098437 0.028125 0.028125
0 0.817187 0.154688 0.028125 0.028125
0 0.351562 0.535937 0.028125 0.028125
0 0.685937 0.789062 0.028125 0.028125
0 0.698438 0.398438 0.028125 0.028125
0 0.184375 0.031250 0.031250 0.031250
0 0.707812 0.429688 0.028125 0.028125
0 0.523438 0.453125 0.028125 0.031250
0 0.576562 0.485938 0.028125 0.028125
0 0.414062 0.592187 0.028125 0.028125
0 0.742188 0.435937 0.028125 0.028125
0 0.507812 0.704688 0.028125 0.028125
0 0.223438 0.539062 0.028125 0.028125
0 0.445312 0.425000 0.028125 0.031250
0 0.335938 0.392188 0.028125 0.028125
0 0.973437 0.157812 0.028125 0.028125
0 0.476562 0.648438 0.028125 0.028125
0 0.060937 0.532813 0.028125 0.028125
0 0.773438 0.073438 0.028125 0.028125
0 0.095312 0.367188 0.028125 0.028125
0 0.382812 0.592187 0.028125 0.028125
0 0.596875 0.034375 0.031250 0.031250
0 0.382812 0.070312 0.028125 0.028125
0 0.079687 0.395313 0.028125 0.028125
0 0.346875 0.079687 0.031250 0.028125
0 0.142187 0.507812 0.028125 0.028125
0 0.957812 0.292187 0.028125 0.028125
0 0.745313 0.362500 0.028125 0.031250
0 0.698438 0.348438 0.028125 0.028125
0 0.895312 0.654687 0.028125 0.028125
0 0.298438 0.784375 0.028125 0.025000
0 0.457813 0.096875 0.028125 0.031250
0 0.882812 0.045312 0.028125 0.028125
0 0.396875 0.100000 0.031250 0.031250
0 0.754687 0.679688 0.028125 0.028125
0 0.973437 0.104688 0.028125 0.028125
0 0.445312 0.539062 0.028125 0.028125
0 0.973437 0.317188 0.028125 0.028125
0 0.545312 0.539062 0.028125 0.028125
0 0.221875 0.031250 0.031250 0.031250
0 0.792188 0.473438 0.028125 0.028125
0 0.556250 0.207813 0.031250 0.028125
0 0.689063 0.460938 0.028125 0.028125
0 0.189062 0.645312 0.028125 0.028125
0 0.173437 0.339062 0.028125 0.028125
0 0.728125 0.334375 0.031250 0.031250
0 0.239063 0.510938 0.028125 0.028125
0 0.409375 0.814063 0.031250 0.028125
0 0.879687 0.426563 0.028125 0.028125
0 0.460938 0.210938 0.028125 0.028125
0 0.320312 0.535937 0.028125 0.028125
0 0.476562 0.429688 0.028125 0.028125
0 0.476562 0.179688 0.028125 0.028125
0 0.867188 0.020313 0.028125 0.028125
0 0.379688 0.701562 0.028125 0.028125
0 0.045312 0.560937 0.028125 0.028125
0 0.820312 0.426563 0.028125 0.028125
0 0.832812 0.707812 0.028125 0.028125
0 0.557813 0.623437 0.028125 0.028125
0 0.492188 0.510938 0.028125 0.028125
0 0.525000 0.207813 0.031250 0.028125
0 0.351562 0.592187 0.028125 0.028125
0 0.285938 0.592187 0.028125 0.028125
0 0.701562 0.485938 0.028125 0.028125
0 0.223438 0.643750 0.028125 0.031250
0 0.940625 0.540625 0.025000 0.025000
0 0.460938 0.507812 0.028125 0.028125
0 0.400000 0.045312 0.025000 0.028125
0 0.251563 0.196875 0.028125 0.031250
0 0.095312 0.535937 0.028125 0.028125
0 0.737500 0.704688 0.025000 0.028125
0 0.851562 0.048438 0.028125 0.028125
0 0.064062 0.364063 0.028125 0.028125
0 0.064062 0.478125 0.028125 0.031250
0 0.556250 0.095312 0.025000 0.028125
0 0.707812 0.545312 0.028125 0.028125
0 0.395313 0.675000 0.028125 0.031250
0 0.018750 0.143750 0.031250 0.031250
0 0.851562 0.537500 0.028125 0.031250
0 0.720313 0.457813 0.028125 0.028125
0 0.942187 0.157812 0.028125 0.028125
0 0.509375 0.123438 0.031250 0.028125
0 0.607812 0.485938 0.028125 0.028125
0 0.048438 0.254688 0.028125 0.028125
0 0.623437 0.457813 0.028125 0.028125
0 0.895312 0.457813 0.028125 0.028125
0 0.351562 0.367188 0.028125 0.028125
0 0.223438 0.482812 0.028125 0.028125
0 0.076563 0.618750 0.028125 0.031250
0 0.920312 0.567187 0.028125 0.028125
0 0.335938 0.620313 0.028125 0.028125
0 0.368750 0.223438 0.031250 0.028125
0 0.517188 0.376563 0.028125 0.028125
0 0.382812 0.539062 0.028125 0.028125
0 0.048438 0.504687 0.028125 0.028125
0 0.804688 0.020313 0.028125 0.028125
0 0.045312 0.670312 0.028125 0.028125
0 0.509375 0.292187 0.031250 0.028125
0 0.398438 0.343750 0.028125 0.031250
0 0.509375 0.482812 0.031250 0.028125
0 0.773438 0.020313 0.028125 0.028125
0 0.603125 0.237500 0.031250 0.031250
0 0.221875 0.092188 0.031250 0.028125
0 0.173437 0.284375 0.028125 0.031250
0 0.832812 0.398438 0.028125 0.028125
0 0.317188 0.482812 0.028125 0.028125
0 0.493750 0.264062 0.031250 0.028125
0 0.692187 0.148438 0.028125 0.028125
0 0.317188 0.310937 0.028125 0.028125
0 0.545312 0.648438 0.028125 0.028125
0 0.157812 0.426563 0.028125 0.028125
0 0.832812 0.345313 0.028125 0.028125
0 0.270313 0.618750 0.028125 0.031250
0 0.478125 0.759375 0.031250 0.031250
0 0.882812 0.540625 0.028125 0.031250
0 0.429688 0.042188 0.028125 0.028125
0 0.732812 0.601562 0.028125 0.028125
0 0.623437 0.514062 0.028125 0.028125
0 0.414062 0.185938 0.028125 0.028125
0 0.976562 0.735938 0.028125 0.028125
0 0.951562 0.570312 0.028125 0.028125
0 0.017188 0.201563 0.028125 0.028125
0 0.126562 0.310937 0.028125 0.028125
0 0.285938 0.079687 0.028125 0.028125
0 0.110937 0.285938 0.028125 0.028125
0 0.254688 0.535937 0.028125 0.028125
0 0.029687 0.529687 0.028125 0.028125
0 0.914062 0.048438 0.028125 0.028125
0 0.675000 0.543750 0.031250 0.031250
0 0.667188 0.345313 0.028125 0.028125
0 0.632812 0.234375 0.028125 0.031250
0 0.739062 0.545312 0.028125 0.028125
0 0.971875 0.846875 0.031250 0.031250
0 0.335938 0.564063 0.028125 0.028125
0 0.398438 0.565625 0.028125 0.031250
0 0.142187 0.339062 0.028125 0.028125
0 0.817187 0.264062 0.028125 0.028125
0 0.464062 0.400000 0.028125 0.031250
0 0.409375 0.314063 0.031250 0.028125
0 0.617188 0.095312 0.028125 0.028125
0 0.540625 0.289062 0.025000 0.028125
0 0.173437 0.395313 0.028125 0.028125
0 0.304688 0.507812 0.028125 0.028125
0 0.865625 0.600000 0.031250 0.031250
0 0.817187 0.373437 0.028125 0.028125
0 0.329688 0.784375 0.028125 0.025000
0 0.314063 0.198437 0.028125 0.028125
0 0.192188 0.482812 0.028125 0.028125
0 0.239063 0.398438 0.028125 0.028125
0 0.759375 0.392188 0.031250 0.028125
0 0.048438 0.285938 0.028125 0.028125
0 0.429688 0.210938 0.028125 0.028125
0 0.303125 0.106250 0.031250 0.031250
0 0.654687 0.317188 0.028125 0.028125
0 0.929688 0.514062 0.028125 0.028125
0 0.285938 0.482812 0.028125 0.028125
0 0.879687 0.373437 0.028125 0.028125
0 0.315625 0.701562 0.025000 0.028125
0 0.414062 0.539062 0.028125 0.028125
0 0.767188 0.235937 0.028125 0.028125
0 0.284375 0.310937 0.031250 0.028125
0 0.448437 0.237500 0.028125 0.031250
0 0.639062 0.345313 0.028125 0.028125
0 0.429688 0.398438 0.028125 0.028125
0 0.665625 0.232813 0.031250 0.028125
0 0.301563 0.726562 0.028125 0.028125
0 0.367188 0.045312 0.028125 0.028125
0 0.654687 0.457813 0.028125 0.028125
0 0.112500 0.037500 0.031250 0.031250
0 0.895312 0.292187 0.028125 0.028125
0 0.910937 0.210938 0.028125 0.028125
0 0.351562 0.482812 0.028125 0.028125
0 0.348438 0.306250 0.028125 0.031250
0 0.635938 0.290625 0.028125 0.025000
0 0.962500 0.654687 0.031250 0.028125
0 0.542188 0.176563 0.028125 0.028125
0 0.254688 0.373437 0.028125 0.028125
0 0.751563 0.264062 0.028125 0.028125
0 0.821875 0.481250 0.031250 0.031250
0 0.748437 0.517188 0.028125 0.028125
0 0.864062 0.398438 0.028125 0.028125
0 0.084375 0.034375 0.031250 0.031250
0 0.945312 0.048438 0.028125 0.028125
0 0.396875 0.281250 0.031250 0.031250
0 0.770312 0.343750 0.028125 0.031250
0 0.079687 0.285938 0.028125 0.028125
0 0.854688 0.482812 0.028125 0.028125
0 0.867188 0.129688 0.028125 0.028125
0 0.632812 0.400000 0.028125 0.031250
0 0.251563 0.310937 0.028125 0.028125
0 0.942187 0.317188 0.028125 0.028125
0 0.300000 0.226562 0.031250 0.028125
0 0.639062 0.539062 0.028125 0.028125
0 0.064062 0.420312 0.028125 0.028125
0 0.973437 0.264062 0.028125 0.028125
0 0.348438 0.701562 0.028125 0.028125
0 0.270313 0.560937 0.028125 0.028125
0 0.317188 0.023438 0.028125 0.028125
0 0.045312 0.339062 0.028125 0.028125
0 0.910937 0.429688 0.028125 0.028125
0 0.445312 0.014063 0.028125 0.028125
0 0.185938 0.592187 0.028125 0.028125
0 0.270313 0.400000 0.028125 0.031250
0 0.667188 0.398438 0.028125 0.028125
0 0.110937 0.451562 0.028125 0.028125
0 0.414062 0.482812 0.028125 0.028125
0 0.910937 0.628125 0.028125 0.031250
0 0.623437 0.201563 0.028125 0.028125
0 0.539062 0.235937 0.028125 0.028125
0 0.126562 0.478125 0.028125 0.031250
0 0.971875 0.373437 0.031250 0.028125
0 0.206250 0.451562 0.031250 0.028125
0 0.604688 0.398438 0.028125 0.028125
0 0.925000 0.345313 0.025000 0.028125
0 0.317188 0.079687 0.028125 0.028125
0 0.425000 0.276562 0.031250 0.028125
0 0.254688 0.426563 0.028125 0.028125
0 0.717187 0.514062 0.028125 0.028125
0 0.618750 0.370312 0.025000 0.028125
0 0.254688 0.025000 0.028125 0.031250
0 0.754687 0.317188 0.028125 0.028125
0 0.882812 0.101562 0.028125 0.028125
0 0.701562 0.654687 0.028125 0.028125
0 0.798438 0.346875 0.028125 0.031250
0 0.414062 0.017188 0.028125 0.028125
0 0.300000 0.279687 0.031250 0.028125
0 0.367188 0.335938 0.028125 0.028125
0 0.445312 0.592187 0.028125 0.028125
0 0.942187 0.426563 0.028125 0.028125
0 0.942187 0.373437 0.028125 0.028125
0 0.095312 0.476562 0.028125 0.028125
0 0.914062 0.482812 0.028125 0.028125
0 0.414062 0.370312 0.028125 0.028125
0 0.832812 0.454688 0.028125 0.028125
0 0.207813 0.507812 0.028125 0.028125
0 0.898438 0.514062 0.028125 0.028125
0 0.285938 0.025000 0.028125 0.031250
0 0.798438 0.285938 0.028125 0.028125
0 0.081250 0.090625 0.031250 0.031250
0 0.367188 0.454688 0.028125 0.028125
0 0.379688 0.307812 0.028125 0.028125
0 0.835938 0.510938 0.028125 0.028125
0 0.784375 0.376563 0.031250 0.028125
0 0.301563 0.673438 0.028125 0.028125
0 0.592187 0.457813 0.028125 0.028125
0 0.107813 0.339062 0.028125 0.028125
0 0.335938 0.456250 0.028125 0.031250
0 0.384375 0.020313 0.025000 0.028125
0 0.800000 0.235937 0.025000 0.028125
0 0.570312 0.398438 0.028125 0.028125
0 0.879687 0.317188 0.028125 0.028125
0 0.092188 0.310937 0.028125 0.028125
0 0.589063 0.317188 0.028125 0.028125
0 0.782813 0.314063 0.028125 0.028125
0 0.301563 0.335938 0.028125 0.028125
0 0.431250 0.509375 0.031250 0.031250
0 0.301563 0.454688 0.028125 0.028125
0 0.029687 0.364063 0.028125 0.028125
0 0.393750 0.623437 0.031250 0.028125
0 0.018750 0.087500 0.031250 0.031250
0 0.270313 0.456250 0.028125 0.031250
0 0.804688 0.126562 0.028125 0.028125
0 0.607812 0.540625 0.028125 0.031250
0 0.456250 0.268750 0.031250 0.031250
0 0.529687 0.623437 0.028125 0.028125
0 0.198437 0.067187 0.028125 0.028125
0 0.509375 0.345313 0.025000 0.028125
0 0.882812 0.626563 0.028125 0.028125
0 0.589063 0.264062 0.028125 0.028125
0 0.973437 0.792188 0.028125 0.028125
0 0.398438 0.454688 0.028125 0.028125
0 0.048438 0.031250 0.028125 0.031250
0 0.864062 0.345313 0.028125 0.028125
0 0.364063 0.620313 0.028125 0.028125
0 0.837500 0.018750 0.031250 0.031250
0 0.651563 0.373437 0.028125 0.028125
0 0.956250 0.346875 0.031250 0.031250
0 0.848437 0.426563 0.028125 0.028125
0 0.367188 0.510938 0.028125 0.028125
0 0.142187 0.285938 0.028125 0.028125
0 0.957812 0.456250 0.028125 0.031250
0 0.060937 0.310937 0.028125 0.028125
0 0.654687 0.148438 0.028125 0.028125
0 0.473438 0.295312 0.028125 0.028125
0 0.223438 0.425000 0.028125 0.031250
0 0.589063 0.370312 0.028125 0.028125
0 0.973437 0.484375 0.028125 0.031250
0 0.476562 0.814063 0.028125 0.028125
0 0.032813 0.476562 0.028125 0.028125
0 0.110937 0.395313 0.028125 0.028125
0 0.523438 0.264062 0.028125 0.028125
0 0.398438 0.507812 0.028125 0.028125
0 0.973437 0.429688 0.028125 0.028125
0 0.143750 0.039062 0.031250 0.028125
0 0.460938 0.454688 0.028125 0.028125
0 0.254688 0.482812 0.028125 0.028125
0 0.351562 0.426563 0.028125 0.028125
0 0.543750 0.431250 0.031250 0.031250
0 0.820312 0.623437 0.028125 0.028125
0 0.317188 0.429688 0.028125 0.028125
0 0.239063 0.451562 0.028125 0.028125
0 0.445312 0.482812 0.028125 0.028125
0 0.601562 0.292187 0.028125 0.028125
0 0.926562 0.292187 0.028125 0.028125
0 0.395313 0.400000 0.028125 0.031250
0 0.364063 0.400000 0.028125 0.031250
0 0.767188 0.289062 0.028125 0.028125
0 0.478125 0.482812 0.031250 0.028125
0 0.706250 0.176563 0.025000 0.028125
0 0.410938 0.426563 0.028125 0.028125
0 0.332813 0.279687 0.028125 0.028125
0 0.157812 0.367188 0.028125 0.028125
0 0.126562 0.423438 0.028125 0.028125
0 0.976562 0.679688 0.028125 0.028125
0 0.079687 0.335938 0.028125 0.028125
0 0.957812 0.398438 0.028125 0.028125
0 0.973437 0.050000 0.028125 0.031250
0 0.579688 0.431250 0.028125 0.031250
0 0.364063 0.279687 0.028125 0.028125
0 0.585938 0.098437 0.028125 0.028125
0 0.562500 0.456250 0.031250 0.031250
0 0.335938 0.509375 0.028125 0.031250
0 0.926562 0.454688 0.028125 0.028125
0 0.223438 0.310937 0.028125 0.028125
0 0.526563 0.317188 0.028125 0.028125
0 0.556250 0.370312 0.025000 0.028125
0 0.192188 0.426563 0.028125 0.028125
0 0.867188 0.514062 0.028125 0.028125
0 0.595313 0.207813 0.028125 0.028125
0 0.942187 0.485938 0.028125 0.028125
0 0.573438 0.345313 0.028125 0.028125
0 0.176563 0.451562 0.028125 0.028125
0 0.254688 0.592187 0.028125 0.028125
0 0.973437 0.540625 0.028125 0.031250
0 0.429688 0.451562 0.028125 0.028125
0 0.079687 0.448437 0.028125 0.028125
0 0.095312 0.420312 0.028125 0.028125
0 0.976562 0.626563 0.028125 0.028125
0 0.620313 0.317188 0.028125 0.028125
0 0.604688 0.342187 0.028125 0.028125
0 0.382812 0.482812 0.028125 0.028125
0 0.048438 0.395313 0.028125 0.028125
0 0.382812 0.426563 0.028125 0.028125
0 0.014063 0.560937 0.028125 0.028125
0 0.639062 0.175000 0.028125 0.031250
0 0.017188 0.031250 0.028125 0.031250
0 0.685937 0.373437 0.028125 0.028125
0 0.485938 0.323437 0.028125 0.028125
0 0.493750 0.454688 0.031250 0.028125
0 0.540625 0.345313 0.025000 0.028125
0 0.239063 0.339062 0.028125 0.028125
0 0.014063 0.670312 0.028125 0.028125
0 0.537500 0.396875 0.031250 0.031250
0 0.957812 0.514062 0.028125 0.028125
0 0.910937 0.373437 0.028125 0.028125
0 0.320312 0.362500 0.028125 0.031250
0 0.685937 0.570312 0.028125 0.028125
0 0.864062 0.454688 0.028125 0.028125
0 0.048438 0.448437 0.028125 0.028125
0 0.979688 0.570312 0.028125 0.028125
0 0.448437 0.368750 0.028125 0.031250
0 0.017188 0.339062 0.028125 0.028125
0 0.926562 0.401562 0.028125 0.028125
0 0.017188 0.448437 0.028125 0.028125
0 0.032813 0.420312 0.028125 0.028125
0 0.014063 0.614062 0.028125 0.028125
0 0.457813 0.332813 0.028125 0.028125
0 0.478125 0.360938 0.031250 0.028125
0 0.015625 0.256250 0.031250 0.031250
0 0.882812 0.489063 0.028125 0.028125
0 0.443750 0.309375 0.031250 0.031250
