0 0.150000 0.056250 0.031250 0.031250
0 0.278125 0.056250 0.031250 0.031250
0 0.245312 0.056250 0.028125 0.031250
0 0.310937 0.056250 0.028125 0.031250
0 0.182812 0.056250 0.028125 0.031250
0 0.054688 0.054688 0.028125 0.028125
0 0.117188 0.056250 0.028125 0.031250
0 0.085938 0.054688 0.028125 0.028125
0 0.039062 0.026562 0.028125 0.028125
0 0.342187 0.051562 0.028125 0.028125
0 0.070312 0.082812 0.028125 0.028125
0 0.373437 0.048438 0.028125 0.028125
0 0.039062 0.082812 0.028125 0.028125
0 0.214062 0.056250 0.028125 0.031250
0 0.070312 0.026562 0.028125 0.028125
0 0.020313 0.054688 0.028125 0.028125
0 0.101562 0.082812 0.028125 0.028125
0 0.404687 0.040625 0.028125 0.031250
0 0.353125 0.025000 0.031250 0.031250
0 0.164062 0.082812 0.028125 0.028125
0 0.132812 0.026562 0.028125 0.028125
0 0.329688 0.082812 0.028125 0.028125
0 0.101562 0.026562 0.028125 0.028125
0 0.321875 0.026562 0.031250 0.028125
0 0.289062 0.026562 0.028125 0.028125
0 0.228125 0.026562 0.031250 0.028125
0 0.195312 0.082812 0.028125 0.028125
0 0.165625 0.028125 0.031250 0.031250
0 0.362500 0.076563 0.031250 0.028125
0 0.132812 0.082812 0.028125 0.028125
0 0.381250 0.017188 0.031250 0.028125
0 0.196875 0.026562 0.031250 0.028125
0 0.295312 0.082812 0.028125 0.028125
0 0.393750 0.073438 0.031250 0.028125
0 0.259375 0.026562 0.031250 0.028125
0 0.228125 0.082812 0.025000 0.028125
0 0.260937 0.082812 0.028125 0.028125
