0 0.732812 0.082812 0.034375 0.034375
0 0.471875 0.550000 0.031250 0.031250
0 0.076563 0.056250 0.028125 0.031250
0 0.734375 0.048438 0.031250 0.028125
0 0.090625 0.189062 0.031250 0.028125
0 0.679688 0.150000 0.028125 0.031250
0 0.518750 0.048438 0.031250 0.028125
0 0.598437 0.096875 0.028125 0.031250
0 0.400000 0.807813 0.031250 0.028125
0 0.651563 0.134375 0.028125 0.031250
0 0.081250 0.764062 0.031250 0.028125
0 0.160938 0.789062 0.028125 0.028125
0 0.789062 0.214062 0.028125 0.028125
0 0.087500 0.243750 0.031250 0.031250
0 0.229687 0.901563 0.028125 0.028125
0 0.785937 0.279687 0.028125 0.028125
0 0.625000 0.046875 0.031250 0.031250
0 0.782813 0.376563 0.028125 0.028125
0 0.754687 0.420312 0.028125 0.028125
0 0.464062 0.045312 0.028125 0.028125
0 0.267188 0.059375 0.028125 0.031250
0 0.707812 0.229687 0.028125 0.028125
0 0.815625 0.262500 0.031250 0.031250
0 0.275000 0.871875 0.031250 0.031250
0 0.717187 0.534375 0.028125 0.031250
0 0.309375 0.928125 0.031250 0.031250
0 0.090625 0.082812 0.031250 0.028125
0 0.676562 0.046875 0.028125 0.031250
0 0.665625 0.567187 0.031250 0.028125
0 0.789062 0.248438 0.028125 0.028125
0 0.023438 0.135937 0.028125 0.028125
0 0.814063 0.360938 0.028125 0.028125
0 0.667188 0.717187 0.028125 0.028125
0 0.818750 0.131250 0.031250 0.031250
0 0.789062 0.181250 0.028125 0.031250
0 0.598437 0.129688 0.028125 0.028125
0 0.073438 0.217188 0.028125 0.028125
0 0.495312 0.742188 0.028125 0.028125
0 0.773438 0.503125 0.028125 0.031250
0 0.817187 0.165625 0.028125 0.031250
0 0.370312 0.864062 0.028125 0.028125
0 0.134375 0.145313 0.031250 0.028125
0 0.676562 0.214062 0.028125 0.028125
0 0.623437 0.079687 0.028125 0.028125
0 0.084375 0.875000 0.031250 0.031250
0 0.192188 0.789062 0.028125 0.028125
0 0.764062 0.101562 0.028125 0.028125
0 0.676562 0.114062 0.028125 0.028125
0 0.732812 0.182812 0.028125 0.028125
0 0.732812 0.339062 0.028125 0.028125
0 0.190625 0.081250 0.031250 0.031250
0 0.623437 0.273438 0.028125 0.028125
0 0.732812 0.151562 0.028125 0.028125
0 0.626563 0.114062 0.028125 0.028125
0 0.239063 0.759375 0.028125 0.031250
0 0.245312 0.931250 0.028125 0.031250
0 0.814063 0.328125 0.028125 0.031250
0 0.721875 0.635938 0.031250 0.028125
0 0.596875 0.060937 0.031250 0.028125
0 0.487500 0.192188 0.031250 0.028125
0 0.492188 0.096875 0.028125 0.031250
0 0.307812 0.870313 0.028125 0.028125
0 0.067187 0.792188 0.028125 0.028125
0 0.051562 0.820312 0.028125 0.028125
0 0.545312 0.064062 0.028125 0.028125
0 0.757812 0.260937 0.028125 0.028125
0 0.048438 0.710938 0.028125 0.028125
0 0.573438 0.809375 0.028125 0.031250
0 0.114062 0.817187 0.028125 0.028125
0 0.148438 0.873437 0.028125 0.028125
0 0.079687 0.707812 0.028125 0.028125
0 0.704688 0.198437 0.028125 0.028125
0 0.760938 0.198437 0.028125 0.028125
0 0.114062 0.764062 0.028125 0.028125
0 0.546875 0.828125 0.031250 0.031250
0 0.764062 0.165625 0.028125 0.025000
0 0.326562 0.898438 0.028125 0.028125
0 0.790625 0.117188 0.031250 0.028125
0 0.785937 0.342187 0.028125 0.028125
0 0.623437 0.768750 0.028125 0.031250
0 0.332813 0.754687 0.028125 0.028125
0 0.223438 0.785937 0.028125 0.028125
0 0.818750 0.100000 0.031250 0.031250
0 0.212500 0.873437 0.031250 0.028125
0 0.339062 0.868750 0.028125 0.025000
0 0.675000 0.754687 0.031250 0.028125
0 0.814063 0.393750 0.034375 0.031250
0 0.701562 0.385937 0.028125 0.028125
0 0.110937 0.707812 0.028125 0.028125
0 0.489063 0.129688 0.028125 0.028125
0 0.317188 0.729688 0.028125 0.028125
0 0.139063 0.598437 0.028125 0.028125
0 0.104688 0.268750 0.028125 0.031250
0 0.642188 0.656250 0.028125 0.031250
0 0.651563 0.164062 0.028125 0.028125
0 0.790625 0.050000 0.031250 0.031250
0 0.298438 0.176563 0.028125 0.028125
0 0.489063 0.692187 0.028125 0.028125
0 0.260937 0.429688 0.028125 0.028125
0 0.651563 0.196875 0.028125 0.025000
0 0.576562 0.842187 0.028125 0.028125
0 0.260937 0.901563 0.028125 0.028125
0 0.126562 0.084375 0.028125 0.031250
0 0.215625 0.064062 0.031250 0.028125
0 0.023438 0.245312 0.028125 0.028125
0 0.782813 0.440625 0.028125 0.031250
0 0.596875 0.195312 0.025000 0.028125
0 0.590625 0.759375 0.031250 0.031250
0 0.732812 0.217188 0.028125 0.028125
0 0.321875 0.842187 0.031250 0.028125
0 0.492188 0.064062 0.028125 0.028125
0 0.623437 0.179688 0.028125 0.028125
0 0.292187 0.900000 0.028125 0.031250
0 0.082812 0.817187 0.028125 0.028125
0 0.098437 0.790625 0.028125 0.031250
0 0.290625 0.843750 0.031250 0.031250
0 0.298438 0.114062 0.028125 0.028125
0 0.704688 0.326562 0.028125 0.028125
0 0.815625 0.231250 0.031250 0.031250
0 0.545312 0.160938 0.028125 0.028125
0 0.414062 0.778125 0.028125 0.031250
0 0.496875 0.854688 0.031250 0.028125
0 0.764062 0.132812 0.028125 0.028125
0 0.723437 0.467187 0.028125 0.028125
0 0.632812 0.801562 0.028125 0.028125
0 0.815625 0.198437 0.031250 0.028125
0 0.353125 0.839063 0.025000 0.028125
0 0.195312 0.901563 0.028125 0.028125
0 0.076563 0.489063 0.028125 0.028125
0 0.107813 0.598437 0.028125 0.028125
0 0.176563 0.760938 0.028125 0.028125
0 0.104688 0.215625 0.028125 0.031250
0 0.676562 0.279687 0.028125 0.028125
0 0.757812 0.292187 0.028125 0.028125
0 0.326562 0.226562 0.028125 0.028125
0 0.040625 0.160938 0.031250 0.028125
0 0.754687 0.451562 0.028125 0.028125
0 0.492188 0.031250 0.028125 0.031250
0 0.743750 0.517188 0.031250 0.028125
0 0.189062 0.112500 0.028125 0.031250
0 0.107813 0.545312 0.028125 0.028125
0 0.754687 0.389062 0.028125 0.028125
0 0.048438 0.764062 0.028125 0.028125
0 0.593750 0.675000 0.031250 0.031250
0 0.573438 0.701562 0.028125 0.028125
0 0.057813 0.135937 0.028125 0.028125
0 0.076563 0.545312 0.028125 0.028125
0 0.354687 0.893750 0.028125 0.031250
0 0.707812 0.132812 0.028125 0.028125
0 0.598437 0.790625 0.028125 0.031250
0 0.089063 0.137500 0.028125 0.031250
0 0.676562 0.310937 0.028125 0.028125
0 0.181250 0.873437 0.031250 0.028125
0 0.276562 0.929688 0.028125 0.028125
0 0.515625 0.829688 0.031250 0.028125
0 0.712500 0.604688 0.031250 0.028125
0 0.257812 0.842187 0.028125 0.028125
0 0.243750 0.871875 0.031250 0.031250
0 0.581250 0.645312 0.031250 0.028125
0 0.040625 0.057813 0.031250 0.028125
0 0.681250 0.082812 0.031250 0.028125
0 0.057813 0.082812 0.028125 0.028125
0 0.570312 0.145313 0.028125 0.028125
0 0.145313 0.817187 0.028125 0.028125
0 0.517188 0.176563 0.028125 0.028125
0 0.545312 0.031250 0.028125 0.031250
0 0.814063 0.296875 0.028125 0.031250
0 0.434375 0.159375 0.031250 0.031250
0 0.407813 0.142187 0.028125 0.028125
0 0.335938 0.812500 0.028125 0.031250
0 0.460938 0.801562 0.028125 0.028125
0 0.285938 0.785937 0.028125 0.028125
0 0.535937 0.768750 0.028125 0.031250
0 0.226562 0.842187 0.028125 0.028125
0 0.546875 0.096875 0.031250 0.031250
0 0.687500 0.692187 0.031250 0.028125
0 0.220312 0.676562 0.028125 0.028125
0 0.645312 0.743750 0.028125 0.031250
0 0.340625 0.926562 0.031250 0.028125
0 0.681250 0.604688 0.031250 0.028125
0 0.651563 0.095312 0.028125 0.028125
0 0.759375 0.323437 0.031250 0.028125
0 0.201563 0.598437 0.028125 0.028125
0 0.432812 0.285938 0.028125 0.028125
0 0.451562 0.695312 0.028125 0.028125
0 0.179688 0.815625 0.028125 0.031250
0 0.762500 0.067187 0.031250 0.028125
0 0.040625 0.109375 0.031250 0.031250
0 0.160938 0.223438 0.028125 0.028125
0 0.556250 0.745313 0.031250 0.028125
0 0.243750 0.081250 0.031250 0.031250
0 0.706250 0.029687 0.031250 0.028125
0 0.664062 0.498437 0.028125 0.028125
0 0.165625 0.064062 0.031250 0.028125
0 0.403125 0.917188 0.031250 0.028125
0 0.762500 0.620313 0.031250 0.034375
0 0.784375 0.407813 0.031250 0.028125
0 0.076563 0.654687 0.028125 0.028125
0 0.623437 0.150000 0.028125 0.031250
0 0.189062 0.207813 0.028125 0.028125
0 0.601562 0.823438 0.028125 0.028125
0 0.526563 0.737500 0.028125 0.031250
0 0.217188 0.192188 0.028125 0.028125
0 0.518750 0.081250 0.031250 0.031250
0 0.817187 0.068750 0.028125 0.031250
0 0.217188 0.254688 0.028125 0.028125
0 0.707812 0.167187 0.028125 0.028125
0 0.518750 0.112500 0.031250 0.031250
0 0.496875 0.801562 0.031250 0.028125
0 0.664062 0.529687 0.028125 0.028125
0 0.295312 0.592187 0.028125 0.028125
0 0.214062 0.398438 0.028125 0.028125
0 0.367188 0.810937 0.028125 0.028125
0 0.295312 0.079687 0.028125 0.028125
0 0.690625 0.635938 0.031250 0.028125
0 0.764062 0.034375 0.028125 0.031250
0 0.134375 0.270313 0.031250 0.028125
0 0.164062 0.254688 0.028125 0.028125
0 0.760938 0.229687 0.028125 0.028125
0 0.715625 0.704688 0.031250 0.028125
0 0.542188 0.226562 0.028125 0.028125
0 0.518750 0.143750 0.031250 0.031250
0 0.757812 0.354687 0.028125 0.028125
0 0.039062 0.217188 0.028125 0.028125
0 0.514062 0.710938 0.028125 0.028125
0 0.779687 0.470313 0.028125 0.028125
0 0.128125 0.679688 0.031250 0.028125
0 0.254688 0.789062 0.028125 0.028125
0 0.182812 0.401562 0.028125 0.028125
0 0.189062 0.176563 0.028125 0.028125
0 0.407813 0.239063 0.028125 0.028125
0 0.210938 0.817187 0.028125 0.028125
0 0.351562 0.782813 0.028125 0.028125
0 0.595313 0.226562 0.028125 0.028125
0 0.464062 0.893750 0.028125 0.031250
0 0.092188 0.626563 0.028125 0.028125
0 0.060937 0.517188 0.028125 0.028125
0 0.245312 0.514062 0.028125 0.028125
0 0.204687 0.648438 0.028125 0.028125
0 0.107813 0.164062 0.028125 0.028125
0 0.673438 0.660937 0.028125 0.028125
0 0.620313 0.337500 0.028125 0.025000
0 0.268750 0.101562 0.031250 0.028125
0 0.598437 0.618750 0.028125 0.031250
0 0.454688 0.457813 0.028125 0.028125
0 0.382812 0.781250 0.028125 0.031250
0 0.071875 0.164062 0.031250 0.028125
0 0.726562 0.404687 0.028125 0.028125
0 0.268750 0.226562 0.031250 0.028125
0 0.389062 0.889062 0.028125 0.028125
0 0.504687 0.770312 0.028125 0.028125
0 0.589063 0.415625 0.028125 0.025000
0 0.217188 0.223438 0.028125 0.028125
0 0.439063 0.723437 0.028125 0.028125
0 0.651563 0.064062 0.028125 0.028125
0 0.607812 0.589063 0.028125 0.028125
0 0.189062 0.148438 0.028125 0.028125
0 0.618750 0.401562 0.025000 0.028125
0 0.096875 0.681250 0.031250 0.031250
0 0.509375 0.670312 0.031250 0.028125
0 0.732812 0.307812 0.028125 0.028125
0 0.273438 0.814063 0.028125 0.028125
0 0.379688 0.164062 0.028125 0.028125
0 0.790625 0.082812 0.031250 0.028125
0 0.700000 0.417187 0.025000 0.028125
0 0.498437 0.607812 0.028125 0.028125
0 0.435937 0.190625 0.028125 0.031250
0 0.604688 0.704688 0.028125 0.028125
0 0.435937 0.064062 0.028125 0.028125
0 0.101562 0.901563 0.028125 0.028125
0 0.775000 0.590625 0.031250 0.031250
0 0.717187 0.498437 0.028125 0.028125
0 0.639062 0.514062 0.028125 0.028125
0 0.554688 0.628125 0.028125 0.031250
0 0.170313 0.598437 0.028125 0.028125
0 0.360938 0.701562 0.028125 0.028125
0 0.489063 0.160938 0.028125 0.028125
0 0.725000 0.565625 0.031250 0.031250
0 0.437500 0.128125 0.031250 0.031250
0 0.493750 0.887500 0.031250 0.031250
0 0.650000 0.601562 0.031250 0.028125
0 0.406250 0.864062 0.031250 0.028125
0 0.237500 0.704688 0.031250 0.028125
0 0.373437 0.614062 0.028125 0.028125
0 0.467187 0.667188 0.028125 0.028125
0 0.404687 0.670312 0.028125 0.028125
0 0.432812 0.907813 0.028125 0.028125
0 0.473438 0.773438 0.028125 0.028125
0 0.528125 0.798438 0.031250 0.028125
0 0.173437 0.651563 0.028125 0.028125
0 0.140625 0.046875 0.031250 0.031250
0 0.407813 0.176563 0.028125 0.028125
0 0.648438 0.292187 0.028125 0.028125
0 0.214062 0.514062 0.028125 0.028125
0 0.326562 0.592187 0.028125 0.028125
0 0.629687 0.623437 0.028125 0.028125
0 0.292187 0.429688 0.028125 0.028125
0 0.570312 0.079687 0.028125 0.028125
0 0.407813 0.206250 0.028125 0.031250
0 0.096875 0.735938 0.031250 0.028125
0 0.217188 0.160938 0.028125 0.028125
0 0.215625 0.129688 0.031250 0.028125
0 0.692187 0.515625 0.028125 0.025000
0 0.160938 0.292187 0.028125 0.028125
0 0.123438 0.623437 0.028125 0.028125
0 0.073438 0.435937 0.028125 0.028125
0 0.325000 0.129688 0.031250 0.028125
0 0.489063 0.223438 0.028125 0.028125
0 0.695312 0.576562 0.028125 0.028125
0 0.160938 0.192188 0.028125 0.028125
0 0.067187 0.737500 0.028125 0.031250
0 0.620313 0.368750 0.028125 0.025000
0 0.812500 0.425000 0.031250 0.031250
0 0.623437 0.304688 0.028125 0.028125
0 0.410938 0.723437 0.028125 0.028125
0 0.679688 0.245312 0.028125 0.028125
0 0.654687 0.685937 0.028125 0.028125
0 0.329688 0.645312 0.028125 0.028125
0 0.514062 0.207813 0.028125 0.028125
0 0.651563 0.260937 0.028125 0.028125
0 0.378125 0.132812 0.031250 0.028125
0 0.406250 0.081250 0.031250 0.031250
0 0.143750 0.707812 0.031250 0.028125
0 0.229687 0.485938 0.028125 0.028125
0 0.104688 0.110937 0.028125 0.028125
0 0.160938 0.129688 0.028125 0.028125
0 0.482812 0.639062 0.028125 0.028125
0 0.182812 0.351562 0.028125 0.028125
0 0.190625 0.045312 0.031250 0.028125
0 0.464062 0.079687 0.028125 0.028125
0 0.804688 0.492188 0.028125 0.028125
0 0.704688 0.292187 0.028125 0.028125
0 0.570312 0.045312 0.028125 0.028125
0 0.460938 0.145313 0.028125 0.028125
0 0.479687 0.826562 0.028125 0.028125
0 0.567187 0.304688 0.028125 0.028125
0 0.389062 0.642188 0.028125 0.028125
0 0.798438 0.525000 0.028125 0.031250
0 0.785937 0.310937 0.028125 0.028125
0 0.032813 0.682813 0.028125 0.028125
0 0.326562 0.160938 0.028125 0.028125
0 0.128125 0.732812 0.031250 0.028125
0 0.739062 0.592187 0.028125 0.028125
0 0.435937 0.095312 0.028125 0.028125
0 0.785937 0.560937 0.028125 0.028125
0 0.648438 0.229687 0.028125 0.028125
0 0.732812 0.248438 0.028125 0.028125
0 0.045312 0.545312 0.028125 0.028125
0 0.510938 0.335938 0.028125 0.028125
0 0.820312 0.034375 0.034375 0.031250
0 0.310937 0.620313 0.028125 0.028125
0 0.160938 0.160938 0.028125 0.028125
0 0.351562 0.176563 0.028125 0.028125
0 0.276562 0.514062 0.028125 0.028125
0 0.462500 0.112500 0.031250 0.031250
0 0.092188 0.517188 0.028125 0.028125
0 0.384375 0.837500 0.025000 0.025000
0 0.392188 0.698438 0.028125 0.028125
0 0.064062 0.679688 0.028125 0.028125
0 0.217188 0.623437 0.028125 0.028125
0 0.768750 0.535937 0.031250 0.028125
0 0.404687 0.364063 0.028125 0.028125
0 0.301563 0.759375 0.028125 0.031250
0 0.460938 0.270313 0.028125 0.028125
0 0.206250 0.704688 0.031250 0.028125
0 0.378125 0.195312 0.031250 0.028125
0 0.693750 0.731250 0.031250 0.031250
0 0.185938 0.623437 0.028125 0.028125
0 0.614062 0.735938 0.028125 0.028125
0 0.251563 0.676562 0.028125 0.028125
0 0.596875 0.029687 0.031250 0.028125
0 0.139063 0.542188 0.028125 0.028125
0 0.704688 0.103125 0.028125 0.031250
0 0.135937 0.487500 0.028125 0.031250
0 0.570312 0.179688 0.028125 0.028125
0 0.587500 0.448437 0.025000 0.028125
0 0.654687 0.779687 0.028125 0.028125
0 0.304688 0.814063 0.028125 0.028125
0 0.270313 0.701562 0.028125 0.028125
0 0.160938 0.681250 0.028125 0.031250
0 0.273438 0.759375 0.028125 0.031250
0 0.732812 0.120313 0.028125 0.028125
0 0.282813 0.676562 0.028125 0.028125
0 0.545312 0.195312 0.028125 0.028125
0 0.379688 0.257812 0.028125 0.028125
0 0.614062 0.432812 0.028125 0.028125
0 0.042188 0.270313 0.028125 0.028125
0 0.198437 0.429688 0.028125 0.028125
0 0.582812 0.729688 0.028125 0.028125
0 0.145313 0.764062 0.028125 0.028125
0 0.398438 0.507812 0.028125 0.028125
0 0.595313 0.321875 0.028125 0.025000
0 0.045312 0.598437 0.028125 0.028125
0 0.018750 0.820312 0.031250 0.028125
0 0.057813 0.242188 0.028125 0.028125
0 0.448437 0.832812 0.028125 0.028125
0 0.335938 0.507812 0.028125 0.028125
0 0.670312 0.435937 0.028125 0.028125
0 0.457813 0.332813 0.028125 0.028125
0 0.190625 0.732812 0.031250 0.028125
0 0.123438 0.570312 0.028125 0.028125
0 0.592187 0.353125 0.028125 0.025000
0 0.632812 0.573438 0.028125 0.028125
0 0.545312 0.714063 0.028125 0.028125
0 0.214062 0.457813 0.028125 0.028125
0 0.585938 0.479687 0.028125 0.028125
0 0.570312 0.210938 0.028125 0.028125
0 0.248438 0.623437 0.028125 0.028125
0 0.076563 0.598437 0.028125 0.028125
0 0.753125 0.562500 0.031250 0.031250
0 0.704688 0.062500 0.028125 0.031250
0 0.284375 0.732812 0.031250 0.028125
0 0.110937 0.654687 0.028125 0.028125
0 0.317188 0.785937 0.028125 0.028125
0 0.514062 0.304688 0.028125 0.028125
0 0.295312 0.648438 0.028125 0.028125
0 0.545312 0.126562 0.028125 0.028125
0 0.164062 0.845313 0.028125 0.028125
0 0.556250 0.556250 0.025000 0.025000
0 0.485938 0.317188 0.028125 0.028125
0 0.445312 0.776563 0.028125 0.028125
0 0.460938 0.207813 0.028125 0.028125
0 0.267188 0.320312 0.028125 0.028125
0 0.160938 0.095312 0.028125 0.028125
0 0.726562 0.373437 0.028125 0.028125
0 0.571875 0.112500 0.031250 0.031250
0 0.092188 0.570312 0.028125 0.028125
0 0.357812 0.589063 0.028125 0.028125
0 0.067187 0.845313 0.028125 0.028125
0 0.540625 0.289062 0.025000 0.028125
0 0.342187 0.617188 0.028125 0.028125
0 0.434375 0.876563 0.031250 0.028125
0 0.023438 0.082812 0.028125 0.028125
0 0.295312 0.242188 0.028125 0.028125
0 0.435937 0.223438 0.028125 0.028125
0 0.223438 0.732812 0.028125 0.028125
0 0.135937 0.176563 0.028125 0.028125
0 0.414062 0.835938 0.028125 0.028125
0 0.135937 0.114062 0.028125 0.028125
0 0.295312 0.048438 0.028125 0.028125
0 0.323437 0.535937 0.028125 0.028125
0 0.045312 0.489063 0.028125 0.028125
0 0.135937 0.323437 0.028125 0.028125
0 0.623437 0.243750 0.028125 0.025000
0 0.310937 0.565625 0.028125 0.025000
0 0.557813 0.525000 0.028125 0.025000
0 0.035937 0.792188 0.028125 0.028125
0 0.378125 0.726562 0.025000 0.028125
0 0.295312 0.210938 0.028125 0.028125
0 0.623437 0.212500 0.028125 0.025000
0 0.070312 0.270313 0.028125 0.028125
0 0.535937 0.685937 0.028125 0.028125
0 0.404687 0.270313 0.028125 0.028125
0 0.107813 0.489063 0.028125 0.028125
0 0.129688 0.239063 0.028125 0.028125
0 0.482812 0.582812 0.028125 0.028125
0 0.731250 0.676562 0.031250 0.028125
0 0.592187 0.384375 0.028125 0.025000
0 0.214062 0.929688 0.028125 0.028125
0 0.032813 0.626563 0.028125 0.028125
0 0.064062 0.626563 0.028125 0.028125
0 0.270313 0.160938 0.028125 0.028125
0 0.295312 0.335938 0.028125 0.028125
0 0.598437 0.164062 0.028125 0.028125
0 0.364063 0.754687 0.028125 0.028125
0 0.023438 0.189062 0.028125 0.028125
0 0.465625 0.860938 0.031250 0.028125
0 0.610938 0.526563 0.028125 0.028125
0 0.217188 0.567187 0.028125 0.028125
0 0.673438 0.342187 0.028125 0.028125
0 0.567187 0.242188 0.028125 0.028125
0 0.435937 0.557813 0.028125 0.028125
0 0.154688 0.570312 0.028125 0.028125
0 0.217188 0.029687 0.028125 0.028125
0 0.348438 0.726562 0.028125 0.028125
0 0.314063 0.676562 0.028125 0.028125
0 0.242188 0.210938 0.028125 0.028125
0 0.451562 0.639062 0.028125 0.028125
0 0.242188 0.148438 0.028125 0.028125
0 0.123438 0.517188 0.028125 0.028125
0 0.354687 0.535937 0.028125 0.028125
0 0.323437 0.257812 0.028125 0.028125
0 0.056250 0.190625 0.031250 0.031250
0 0.185938 0.570312 0.028125 0.028125
0 0.270313 0.028125 0.028125 0.031250
0 0.570312 0.601562 0.028125 0.028125
0 0.326562 0.192188 0.028125 0.028125
0 0.232813 0.595313 0.028125 0.028125
0 0.404687 0.393750 0.028125 0.025000
0 0.750000 0.651563 0.031250 0.028125
0 0.073438 0.110937 0.028125 0.028125
0 0.748437 0.482812 0.028125 0.028125
0 0.514062 0.242188 0.028125 0.028125
0 0.648438 0.323437 0.028125 0.028125
0 0.120313 0.295312 0.028125 0.028125
0 0.295312 0.145313 0.028125 0.028125
0 0.689063 0.545312 0.028125 0.028125
0 0.667188 0.464062 0.028125 0.028125
0 0.243750 0.242188 0.025000 0.028125
0 0.279687 0.565625 0.028125 0.025000
0 0.264062 0.382812 0.028125 0.028125
0 0.462500 0.176563 0.031250 0.028125
0 0.679688 0.179688 0.028125 0.028125
0 0.298438 0.701562 0.028125 0.028125
0 0.565625 0.776563 0.031250 0.028125
0 0.404687 0.301563 0.028125 0.028125
0 0.270313 0.195312 0.028125 0.028125
0 0.460938 0.239063 0.028125 0.028125
0 0.789062 0.150000 0.028125 0.031250
0 0.348438 0.364063 0.028125 0.028125
0 0.270313 0.257812 0.028125 0.028125
0 0.292187 0.398438 0.028125 0.028125
0 0.734375 0.017188 0.031250 0.028125
0 0.232813 0.373437 0.028125 0.028125
0 0.489063 0.254688 0.028125 0.028125
0 0.060937 0.570312 0.028125 0.028125
0 0.348438 0.395313 0.028125 0.028125
0 0.254688 0.729688 0.028125 0.028125
0 0.207813 0.757812 0.028125 0.028125
0 0.535937 0.414062 0.028125 0.028125
0 0.214062 0.320312 0.028125 0.028125
0 0.279687 0.623437 0.028125 0.028125
0 0.295312 0.367188 0.028125 0.028125
0 0.487500 0.285938 0.025000 0.028125
0 0.215625 0.096875 0.031250 0.031250
0 0.585938 0.507812 0.028125 0.028125
0 0.645312 0.385937 0.028125 0.028125
0 0.581250 0.573438 0.025000 0.028125
0 0.726562 0.435937 0.028125 0.028125
0 0.342187 0.564063 0.028125 0.028125
0 0.348438 0.426563 0.028125 0.028125
0 0.245312 0.457813 0.028125 0.028125
0 0.567187 0.335938 0.028125 0.028125
0 0.546875 0.859375 0.031250 0.031250
0 0.029687 0.460938 0.028125 0.028125
0 0.198437 0.489063 0.028125 0.028125
0 0.167187 0.432812 0.028125 0.028125
0 0.643750 0.417187 0.025000 0.028125
0 0.696875 0.448437 0.025000 0.028125
0 0.445312 0.529687 0.028125 0.028125
0 0.623437 0.681250 0.028125 0.031250
0 0.182812 0.514062 0.028125 0.028125
0 0.429688 0.804688 0.028125 0.028125
0 0.435937 0.254688 0.028125 0.028125
0 0.639062 0.542188 0.028125 0.028125
0 0.129688 0.789062 0.028125 0.028125
0 0.379688 0.226562 0.028125 0.028125
0 0.529687 0.507812 0.028125 0.028125
0 0.351562 0.482812 0.028125 0.028125
0 0.670312 0.401562 0.028125 0.028125
0 0.029687 0.573438 0.028125 0.028125
0 0.170313 0.542188 0.028125 0.028125
0 0.651563 0.029687 0.028125 0.028125
0 0.404687 0.332813 0.028125 0.028125
0 0.545312 0.587500 0.028125 0.031250
0 0.351562 0.301563 0.028125 0.028125
0 0.195312 0.842187 0.028125 0.028125
0 0.151562 0.514062 0.028125 0.028125
0 0.437500 0.031250 0.031250 0.031250
0 0.120313 0.404687 0.028125 0.028125
0 0.154688 0.623437 0.028125 0.028125
0 0.504687 0.556250 0.028125 0.031250
0 0.567187 0.273438 0.028125 0.028125
0 0.242188 0.814063 0.028125 0.028125
0 0.217188 0.289062 0.028125 0.028125
0 0.035937 0.739062 0.028125 0.028125
0 0.165625 0.323437 0.025000 0.028125
0 0.292187 0.482812 0.028125 0.028125
0 0.470313 0.720313 0.028125 0.028125
0 0.306250 0.457813 0.025000 0.028125
0 0.457813 0.364063 0.028125 0.028125
0 0.132812 0.207813 0.028125 0.028125
0 0.521875 0.875000 0.031250 0.031250
0 0.514062 0.582812 0.028125 0.028125
0 0.160938 0.732812 0.028125 0.028125
0 0.612500 0.498437 0.025000 0.028125
0 0.376563 0.351562 0.028125 0.028125
0 0.248438 0.565625 0.028125 0.025000
0 0.373437 0.670312 0.028125 0.028125
0 0.235937 0.648438 0.028125 0.028125
0 0.660937 0.629687 0.028125 0.028125
0 0.264062 0.648438 0.028125 0.028125
0 0.540625 0.320312 0.025000 0.028125
0 0.376563 0.289062 0.028125 0.028125
0 0.639062 0.479687 0.028125 0.028125
0 0.706250 0.260937 0.025000 0.028125
0 0.482812 0.414062 0.028125 0.028125
0 0.048438 0.654687 0.028125 0.028125
0 0.612500 0.651563 0.025000 0.028125
0 0.367188 0.507812 0.028125 0.028125
0 0.701562 0.357812 0.028125 0.028125
0 0.426563 0.473438 0.028125 0.028125
0 0.321875 0.351562 0.025000 0.028125
0 0.292187 0.539062 0.028125 0.028125
0 0.104688 0.379688 0.028125 0.028125
0 0.295312 0.304688 0.028125 0.028125
0 0.376563 0.317188 0.028125 0.028125
0 0.420312 0.585938 0.028125 0.028125
0 0.373437 0.414062 0.028125 0.028125
0 0.151562 0.460938 0.028125 0.028125
0 0.110937 0.026562 0.028125 0.028125
0 0.404687 0.614062 0.028125 0.028125
0 0.270313 0.289062 0.028125 0.028125
0 0.648438 0.354687 0.028125 0.028125
0 0.276562 0.457813 0.028125 0.028125
0 0.089063 0.404687 0.028125 0.028125
0 0.410938 0.112500 0.028125 0.031250
0 0.107813 0.057813 0.028125 0.028125
0 0.457813 0.748437 0.028125 0.028125
0 0.539062 0.351562 0.028125 0.028125
0 0.560937 0.670312 0.028125 0.028125
0 0.435937 0.612500 0.028125 0.031250
0 0.395313 0.754687 0.028125 0.028125
0 0.456250 0.493750 0.025000 0.025000
0 0.335938 0.454688 0.028125 0.028125
0 0.242188 0.404687 0.028125 0.028125
0 0.607812 0.557813 0.028125 0.028125
0 0.190625 0.676562 0.025000 0.028125
0 0.673438 0.370312 0.028125 0.028125
0 0.807813 0.457813 0.028125 0.028125
0 0.612500 0.464062 0.025000 0.028125
0 0.595313 0.259375 0.028125 0.025000
0 0.420312 0.695312 0.028125 0.028125
0 0.371875 0.923438 0.031250 0.028125
0 0.373437 0.448437 0.028125 0.028125
0 0.432812 0.317188 0.028125 0.028125
0 0.351562 0.270313 0.028125 0.028125
0 0.560937 0.492188 0.028125 0.028125
0 0.426563 0.748437 0.028125 0.028125
0 0.635938 0.712500 0.028125 0.025000
0 0.260937 0.485938 0.028125 0.028125
0 0.482812 0.473438 0.028125 0.028125
0 0.051562 0.875000 0.028125 0.031250
0 0.692187 0.482812 0.028125 0.028125
0 0.351562 0.210938 0.028125 0.028125
0 0.264062 0.592187 0.028125 0.028125
0 0.029687 0.517188 0.028125 0.028125
0 0.535937 0.654687 0.028125 0.028125
0 0.214062 0.351562 0.028125 0.028125
0 0.485938 0.348438 0.028125 0.028125
0 0.017188 0.710938 0.028125 0.028125
0 0.242188 0.114062 0.028125 0.028125
0 0.504687 0.523438 0.028125 0.028125
0 0.201563 0.542188 0.028125 0.028125
0 0.384375 0.534375 0.025000 0.025000
0 0.331250 0.701562 0.031250 0.028125
0 0.120313 0.460938 0.028125 0.028125
0 0.514062 0.273438 0.028125 0.028125
0 0.320312 0.414062 0.028125 0.028125
0 0.242188 0.304688 0.028125 0.028125
0 0.564063 0.400000 0.028125 0.025000
0 0.401562 0.560937 0.028125 0.028125
0 0.017188 0.654687 0.028125 0.028125
0 0.507812 0.460938 0.028125 0.028125
0 0.320312 0.482812 0.028125 0.028125
0 0.529687 0.610938 0.028125 0.028125
0 0.089063 0.460938 0.028125 0.028125
0 0.790625 0.018750 0.031250 0.031250
0 0.046875 0.915625 0.043750 0.043750
0 0.189062 0.239063 0.028125 0.028125
0 0.229687 0.429688 0.028125 0.028125
0 0.732812 0.279687 0.028125 0.028125
0 0.467187 0.610938 0.028125 0.028125
0 0.320312 0.382812 0.028125 0.028125
0 0.295312 0.273438 0.028125 0.028125
0 0.542188 0.254688 0.028125 0.028125
0 0.370312 0.560937 0.028125 0.028125
0 0.260937 0.539062 0.028125 0.028125
0 0.242188 0.179688 0.028125 0.028125
0 0.351562 0.115625 0.028125 0.031250
0 0.120313 0.351562 0.028125 0.028125
0 0.164062 0.032813 0.028125 0.028125
0 0.582812 0.542188 0.028125 0.028125
0 0.073438 0.323437 0.028125 0.028125
0 0.182812 0.457813 0.028125 0.028125
0 0.389062 0.587500 0.028125 0.025000
0 0.268750 0.129688 0.031250 0.028125
0 0.085938 0.295312 0.028125 0.028125
0 0.704688 0.664062 0.028125 0.028125
0 0.104688 0.323437 0.028125 0.028125
0 0.351562 0.145313 0.028125 0.028125
0 0.267188 0.348438 0.028125 0.028125
0 0.595313 0.290625 0.028125 0.025000
0 0.448437 0.582812 0.028125 0.028125
0 0.026562 0.298438 0.028125 0.028125
0 0.321875 0.320312 0.025000 0.028125
0 0.382812 0.479687 0.028125 0.028125
0 0.460938 0.301563 0.028125 0.028125
0 0.018750 0.765625 0.031250 0.031250
0 0.431250 0.379688 0.025000 0.028125
0 0.429688 0.410938 0.028125 0.028125
0 0.639062 0.448437 0.028125 0.028125
0 0.151562 0.404687 0.028125 0.028125
0 0.457813 0.395313 0.028125 0.028125
0 0.379688 0.101562 0.028125 0.028125
0 0.107813 0.435937 0.028125 0.028125
0 0.139063 0.432812 0.028125 0.028125
0 0.429688 0.504687 0.028125 0.028125
0 0.190625 0.017188 0.031250 0.028125
0 0.084375 0.931250 0.031250 0.031250
0 0.189062 0.273438 0.028125 0.028125
0 0.404687 0.426563 0.028125 0.028125
0 0.035937 0.845313 0.028125 0.028125
0 0.532813 0.478125 0.028125 0.025000
0 0.073438 0.379688 0.028125 0.028125
0 0.373437 0.382812 0.028125 0.028125
0 0.482812 0.379688 0.028125 0.028125
0 0.529687 0.540625 0.028125 0.025000
0 0.535937 0.446875 0.028125 0.025000
0 0.132812 0.901563 0.028125 0.028125
0 0.042188 0.435937 0.028125 0.028125
0 0.056250 0.298438 0.025000 0.028125
0 0.359375 0.643750 0.025000 0.025000
0 0.570312 0.014063 0.028125 0.028125
0 0.625000 0.015625 0.031250 0.031250
0 0.117188 0.931250 0.028125 0.031250
0 0.509375 0.429688 0.025000 0.028125
0 0.298438 0.017188 0.028125 0.028125
0 0.351562 0.242188 0.028125 0.028125
0 0.342187 0.673438 0.028125 0.028125
0 0.135937 0.376563 0.028125 0.028125
0 0.509375 0.395313 0.025000 0.028125
0 0.517188 0.015625 0.028125 0.031250
0 0.431250 0.348438 0.025000 0.028125
0 0.167187 0.487500 0.028125 0.025000
0 0.435937 0.667188 0.028125 0.028125
0 0.482812 0.442188 0.028125 0.028125
0 0.142187 0.651563 0.028125 0.028125
0 0.476562 0.517188 0.028125 0.028125
0 0.098437 0.845313 0.028125 0.028125
0 0.057813 0.351562 0.028125 0.028125
0 0.132812 0.845313 0.028125 0.028125
0 0.401562 0.457813 0.028125 0.028125
0 0.056250 0.031250 0.031250 0.031250
0 0.560937 0.462500 0.028125 0.025000
0 0.323437 0.289062 0.028125 0.028125
0 0.454688 0.426563 0.028125 0.028125
0 0.514062 0.639062 0.028125 0.028125
0 0.512500 0.367188 0.025000 0.028125
0 0.089063 0.351562 0.028125 0.028125
0 0.679688 0.015625 0.028125 0.031250
0 0.420312 0.645312 0.028125 0.028125
0 0.325000 0.100000 0.031250 0.031250
0 0.429688 0.440625 0.028125 0.025000
0 0.026562 0.351562 0.028125 0.028125
0 0.060937 0.460938 0.028125 0.028125
0 0.307812 0.510938 0.028125 0.028125
0 0.242188 0.273438 0.028125 0.028125
0 0.414062 0.532813 0.028125 0.028125
0 0.040625 0.326562 0.025000 0.028125
0 0.539062 0.382812 0.028125 0.028125
0 0.351562 0.332813 0.028125 0.028125
0 0.185938 0.304688 0.028125 0.028125
0 0.151562 0.351562 0.028125 0.028125
0 0.175000 0.706250 0.025000 0.025000
0 0.243750 0.042188 0.031250 0.028125
0 0.507812 0.492188 0.028125 0.028125
0 0.464062 0.015625 0.028125 0.031250
0 0.020313 0.884375 0.028125 0.031250
0 0.182812 0.929688 0.028125 0.028125
0 0.164062 0.903125 0.028125 0.031250
0 0.239063 0.335938 0.028125 0.028125
0 0.017188 0.601562 0.028125 0.028125
0 0.117188 0.876563 0.028125 0.028125
0 0.232813 0.540625 0.028125 0.025000
0 0.014063 0.545312 0.028125 0.028125
0 0.028125 0.028125 0.031250 0.031250
0 0.562500 0.431250 0.025000 0.025000
