0 0.690625 0.717187 0.031250 0.028125
0 0.073438 0.732812 0.028125 0.028125
0 0.317188 0.495312 0.028125 0.028125
0 0.082812 0.898438 0.028125 0.028125
0 0.706250 0.873437 0.031250 0.028125
0 0.734375 0.859375 0.031250 0.031250
0 0.239063 0.904687 0.028125 0.028125
0 0.765625 0.875000 0.031250 0.031250
0 0.554688 0.473438 0.028125 0.028125
0 0.482812 0.815625 0.028125 0.031250
0 0.123438 0.757812 0.028125 0.028125
0 0.203125 0.971875 0.031250 0.031250
0 0.090625 0.706250 0.031250 0.031250
0 0.685937 0.920312 0.028125 0.028125
0 0.426563 0.659375 0.028125 0.031250
0 0.376563 0.910937 0.028125 0.028125
0 0.565625 0.893750 0.031250 0.031250
0 0.582812 0.525000 0.028125 0.031250
0 0.051562 0.900000 0.028125 0.031250
0 0.337500 0.576562 0.025000 0.028125
0 0.170313 0.973437 0.028125 0.028125
0 0.535937 0.817187 0.028125 0.028125
0 0.392188 0.482812 0.028125 0.028125
0 0.404687 0.926562 0.028125 0.028125
0 0.471875 0.392188 0.031250 0.028125
0 0.151562 0.743750 0.028125 0.031250
0 0.676562 0.859375 0.028125 0.031250
0 0.692187 0.651563 0.028125 0.028125
0 0.482812 0.784375 0.028125 0.031250
0 0.304688 0.629687 0.028125 0.028125
0 0.164062 0.920312 0.028125 0.028125
0 0.639062 0.748437 0.028125 0.028125
0 0.589063 0.848437 0.028125 0.028125
0 0.675000 0.543750 0.031250 0.031250
0 0.764062 0.842187 0.028125 0.028125
0 0.067187 0.870313 0.028125 0.028125
0 0.076563 0.789062 0.028125 0.028125
0 0.795312 0.889062 0.028125 0.028125
0 0.107813 0.785937 0.028125 0.028125
0 0.731250 0.828125 0.031250 0.031250
0 0.692187 0.748437 0.028125 0.028125
0 0.670312 0.795312 0.028125 0.028125
0 0.110937 0.839063 0.028125 0.028125
0 0.518750 0.954688 0.031250 0.028125
0 0.778125 0.767188 0.031250 0.028125
0 0.320312 0.917188 0.028125 0.028125
0 0.042188 0.789062 0.028125 0.028125
0 0.057813 0.760938 0.028125 0.028125
0 0.370312 0.592187 0.028125 0.028125
0 0.795312 0.951562 0.028125 0.028125
0 0.746875 0.684375 0.031250 0.031250
0 0.795312 0.920312 0.028125 0.028125
0 0.665625 0.575000 0.031250 0.031250
0 0.032813 0.873437 0.028125 0.028125
0 0.376563 0.454688 0.028125 0.028125
0 0.545312 0.939063 0.028125 0.028125
0 0.448437 0.576562 0.028125 0.028125
0 0.723437 0.764062 0.028125 0.028125
0 0.792188 0.857812 0.028125 0.028125
0 0.059375 0.653125 0.031250 0.031250
0 0.479687 0.720313 0.028125 0.028125
0 0.151562 0.948438 0.028125 0.028125
0 0.134375 0.714063 0.031250 0.028125
0 0.075000 0.679688 0.031250 0.028125
0 0.610938 0.504687 0.028125 0.028125
0 0.751563 0.746875 0.028125 0.031250
0 0.418750 0.465625 0.031250 0.031250
0 0.485938 0.940625 0.028125 0.031250
0 0.737500 0.889062 0.031250 0.028125
0 0.695312 0.620313 0.028125 0.028125
0 0.182812 0.945312 0.028125 0.028125
0 0.454688 0.832812 0.028125 0.028125
0 0.065625 0.606250 0.031250 0.031250
0 0.692187 0.589063 0.028125 0.028125
0 0.582812 0.557813 0.028125 0.028125
0 0.139063 0.785937 0.028125 0.028125
0 0.192188 0.382812 0.028125 0.028125
0 0.067187 0.926562 0.028125 0.028125
0 0.110937 0.414062 0.028125 0.028125
0 0.665625 0.732812 0.031250 0.028125
0 0.207813 0.629687 0.028125 0.028125
0 0.503125 0.509375 0.031250 0.031250
0 0.582812 0.592187 0.028125 0.028125
0 0.092188 0.759375 0.028125 0.031250
0 0.348438 0.898438 0.028125 0.028125
0 0.473438 0.493750 0.028125 0.031250
0 0.503125 0.439063 0.031250 0.028125
0 0.482812 0.878125 0.028125 0.031250
0 0.043750 0.414062 0.031250 0.028125
0 0.423438 0.560937 0.028125 0.028125
0 0.195312 0.914062 0.028125 0.028125
0 0.173437 0.414062 0.028125 0.028125
0 0.473438 0.560937 0.028125 0.028125
0 0.429688 0.942187 0.028125 0.028125
0 0.117188 0.685937 0.028125 0.028125
0 0.720313 0.731250 0.028125 0.031250
0 0.354687 0.389062 0.028125 0.028125
0 0.504687 0.639062 0.028125 0.028125
0 0.060937 0.815625 0.028125 0.031250
0 0.028125 0.384375 0.031250 0.031250
0 0.482812 0.754687 0.028125 0.028125
0 0.556250 0.576562 0.025000 0.028125
0 0.748437 0.717187 0.028125 0.028125
0 0.535937 0.751563 0.028125 0.028125
0 0.089063 0.951562 0.028125 0.028125
0 0.514062 0.925000 0.028125 0.031250
0 0.770312 0.935937 0.028125 0.028125
0 0.129688 0.867188 0.028125 0.028125
0 0.670312 0.829688 0.028125 0.028125
0 0.270313 0.914062 0.028125 0.028125
0 0.760938 0.812500 0.028125 0.031250
0 0.285938 0.385937 0.028125 0.028125
0 0.451562 0.607812 0.028125 0.028125
0 0.395313 0.545312 0.028125 0.028125
0 0.504687 0.670312 0.028125 0.028125
0 0.282813 0.495312 0.028125 0.028125
0 0.401562 0.895312 0.028125 0.028125
0 0.432812 0.976562 0.028125 0.028125
0 0.045312 0.842187 0.028125 0.028125
0 0.723437 0.635938 0.028125 0.028125
0 0.426563 0.817187 0.028125 0.028125
0 0.560937 0.767188 0.028125 0.028125
0 0.589063 0.817187 0.028125 0.028125
0 0.040625 0.626563 0.031250 0.028125
0 0.373437 0.785937 0.028125 0.028125
0 0.123438 0.810937 0.028125 0.028125
0 0.534375 0.448437 0.031250 0.028125
0 0.557813 0.701562 0.028125 0.028125
0 0.035937 0.926562 0.028125 0.028125
0 0.060937 0.440625 0.028125 0.031250
0 0.295312 0.932813 0.028125 0.028125
0 0.704688 0.843750 0.028125 0.031250
0 0.750000 0.781250 0.031250 0.031250
0 0.479687 0.462500 0.028125 0.031250
0 0.048438 0.525000 0.028125 0.031250
0 0.476562 0.425000 0.028125 0.031250
0 0.401562 0.864062 0.028125 0.028125
0 0.659375 0.970313 0.025000 0.028125
0 0.556250 0.607812 0.025000 0.028125
0 0.337500 0.359375 0.031250 0.031250
0 0.639062 0.779687 0.028125 0.028125
0 0.114062 0.632812 0.028125 0.028125
0 0.695312 0.781250 0.028125 0.031250
0 0.451562 0.448437 0.028125 0.028125
0 0.270313 0.629687 0.028125 0.028125
0 0.301563 0.523438 0.028125 0.028125
0 0.665625 0.635938 0.025000 0.028125
0 0.723437 0.795312 0.028125 0.028125
0 0.535937 0.785937 0.028125 0.028125
0 0.664062 0.670312 0.028125 0.028125
0 0.245312 0.939063 0.028125 0.028125
0 0.062500 0.384375 0.031250 0.031250
0 0.179688 0.685937 0.028125 0.028125
0 0.142187 0.414062 0.028125 0.028125
0 0.720313 0.701562 0.028125 0.028125
0 0.448437 0.542188 0.028125 0.028125
0 0.204687 0.414062 0.028125 0.028125
0 0.598437 0.907813 0.028125 0.028125
0 0.451562 0.706250 0.028125 0.031250
0 0.664062 0.607812 0.028125 0.028125
0 0.501563 0.607812 0.028125 0.028125
0 0.457813 0.893750 0.028125 0.031250
0 0.373437 0.817187 0.028125 0.028125
0 0.454688 0.798438 0.028125 0.028125
0 0.714063 0.967187 0.028125 0.028125
0 0.098437 0.867188 0.028125 0.028125
0 0.510938 0.471875 0.028125 0.031250
0 0.560937 0.800000 0.028125 0.031250
0 0.476562 0.526563 0.028125 0.028125
0 0.195312 0.714063 0.028125 0.028125
0 0.295312 0.864062 0.028125 0.028125
0 0.610938 0.545312 0.028125 0.028125
0 0.623437 0.890625 0.028125 0.031250
0 0.657813 0.939063 0.028125 0.028125
0 0.270313 0.882812 0.028125 0.028125
0 0.503125 0.573438 0.025000 0.028125
0 0.265625 0.964063 0.031250 0.028125
0 0.592187 0.878125 0.028125 0.031250
0 0.095312 0.495312 0.028125 0.028125
0 0.654687 0.907813 0.028125 0.028125
0 0.128125 0.550000 0.031250 0.031250
0 0.157812 0.442188 0.028125 0.028125
0 0.254688 0.442188 0.028125 0.028125
0 0.529687 0.654687 0.028125 0.028125
0 0.239063 0.629687 0.028125 0.028125
0 0.395313 0.610938 0.028125 0.028125
0 0.451562 0.768750 0.028125 0.031250
0 0.823438 0.906250 0.028125 0.031250
0 0.145313 0.523438 0.028125 0.028125
0 0.373437 0.690625 0.028125 0.031250
0 0.823438 0.937500 0.028125 0.031250
0 0.709375 0.906250 0.031250 0.031250
0 0.025000 0.598437 0.031250 0.028125
0 0.373437 0.879687 0.028125 0.028125
0 0.529687 0.592187 0.028125 0.028125
0 0.501563 0.542188 0.028125 0.028125
0 0.554688 0.542188 0.028125 0.028125
0 0.132812 0.920312 0.028125 0.028125
0 0.610938 0.701562 0.028125 0.028125
0 0.420312 0.498437 0.028125 0.028125
0 0.143750 0.629687 0.031250 0.028125
0 0.239063 0.523438 0.028125 0.028125
0 0.448437 0.510938 0.028125 0.028125
0 0.426563 0.692187 0.028125 0.028125
0 0.348438 0.832812 0.028125 0.028125
0 0.173437 0.523438 0.028125 0.028125
0 0.509375 0.862500 0.031250 0.031250
0 0.076563 0.842187 0.028125 0.028125
0 0.482812 0.909375 0.028125 0.031250
0 0.742188 0.920312 0.028125 0.028125
0 0.164062 0.714063 0.028125 0.028125
0 0.373437 0.754687 0.028125 0.028125
0 0.560937 0.862500 0.028125 0.031250
0 0.457813 0.926562 0.028125 0.028125
0 0.532813 0.720313 0.028125 0.028125
0 0.182812 0.742188 0.028125 0.028125
0 0.317188 0.385937 0.028125 0.028125
0 0.610938 0.607812 0.028125 0.028125
0 0.587500 0.748437 0.031250 0.028125
0 0.626563 0.923438 0.028125 0.028125
0 0.639062 0.651563 0.028125 0.028125
0 0.643750 0.845313 0.031250 0.028125
0 0.157812 0.385937 0.028125 0.028125
0 0.420312 0.592187 0.028125 0.028125
0 0.401562 0.800000 0.028125 0.025000
0 0.720313 0.670312 0.028125 0.028125
0 0.064062 0.495312 0.028125 0.028125
0 0.176563 0.629687 0.028125 0.028125
0 0.301563 0.414062 0.028125 0.028125
0 0.126562 0.440625 0.028125 0.031250
0 0.425000 0.435937 0.031250 0.028125
0 0.639062 0.556250 0.028125 0.031250
0 0.685937 0.951562 0.028125 0.028125
0 0.029687 0.820312 0.028125 0.028125
0 0.531250 0.496875 0.031250 0.031250
0 0.825000 0.968750 0.031250 0.031250
0 0.042188 0.354687 0.034375 0.034375
0 0.342187 0.642188 0.028125 0.028125
0 0.237500 0.414062 0.025000 0.028125
0 0.064062 0.550000 0.028125 0.031250
0 0.784375 0.693750 0.031250 0.031250
0 0.598437 0.939063 0.028125 0.028125
0 0.692187 0.682813 0.028125 0.028125
0 0.395313 0.576562 0.028125 0.028125
0 0.292187 0.801562 0.028125 0.028125
0 0.642188 0.814063 0.028125 0.028125
0 0.790625 0.825000 0.031250 0.031250
0 0.753125 0.640625 0.031250 0.031250
0 0.346875 0.801562 0.025000 0.028125
0 0.110937 0.467187 0.028125 0.028125
0 0.803125 0.745313 0.031250 0.028125
0 0.160938 0.495312 0.028125 0.028125
0 0.629687 0.954688 0.028125 0.028125
0 0.529687 0.623437 0.028125 0.028125
0 0.135937 0.978125 0.028125 0.025000
0 0.210938 0.685937 0.028125 0.028125
0 0.635938 0.525000 0.028125 0.031250
0 0.589063 0.451562 0.028125 0.028125
0 0.560937 0.829688 0.028125 0.028125
0 0.042188 0.679688 0.028125 0.028125
0 0.126562 0.495312 0.028125 0.028125
0 0.254688 0.601562 0.028125 0.028125
0 0.342187 0.479687 0.028125 0.028125
0 0.393750 0.426563 0.031250 0.028125
0 0.560937 0.732812 0.028125 0.028125
0 0.679688 0.889062 0.028125 0.028125
0 0.529687 0.560937 0.028125 0.028125
0 0.562500 0.434375 0.031250 0.031250
0 0.232813 0.767188 0.028125 0.028125
0 0.042188 0.732812 0.028125 0.028125
0 0.031250 0.493750 0.031250 0.031250
0 0.560937 0.504687 0.028125 0.028125
0 0.742188 0.951562 0.028125 0.028125
0 0.415625 0.404687 0.025000 0.028125
0 0.214062 0.739062 0.028125 0.028125
0 0.373437 0.657813 0.028125 0.028125
0 0.148438 0.685937 0.028125 0.028125
0 0.557813 0.670312 0.028125 0.028125
0 0.029687 0.440625 0.028125 0.031250
0 0.556250 0.639062 0.025000 0.028125
0 0.142187 0.467187 0.028125 0.028125
0 0.809375 0.776563 0.031250 0.028125
0 0.345313 0.610938 0.028125 0.028125
0 0.610938 0.732812 0.028125 0.028125
0 0.473438 0.626563 0.028125 0.028125
0 0.082812 0.632812 0.028125 0.028125
0 0.323437 0.978125 0.028125 0.025000
0 0.076563 0.414062 0.028125 0.028125
0 0.192188 0.495312 0.028125 0.028125
0 0.401562 0.832812 0.028125 0.028125
0 0.420312 0.529687 0.028125 0.028125
0 0.404687 0.960938 0.028125 0.028125
0 0.501563 0.407813 0.028125 0.028125
0 0.114062 0.895312 0.028125 0.028125
0 0.451562 0.737500 0.028125 0.031250
0 0.818750 0.807813 0.031250 0.034375
0 0.348438 0.864062 0.028125 0.028125
0 0.207813 0.523438 0.028125 0.028125
0 0.346875 0.446875 0.025000 0.025000
0 0.268750 0.523438 0.025000 0.028125
0 0.110937 0.523438 0.028125 0.028125
0 0.534375 0.846875 0.031250 0.031250
0 0.096875 0.551562 0.031250 0.028125
0 0.585938 0.485938 0.028125 0.028125
0 0.232813 0.970313 0.028125 0.028125
0 0.098437 0.659375 0.028125 0.031250
0 0.081250 0.579688 0.031250 0.028125
0 0.393750 0.514062 0.025000 0.028125
0 0.651563 0.873437 0.028125 0.028125
0 0.364063 0.498437 0.028125 0.028125
0 0.445312 0.479687 0.028125 0.028125
0 0.529687 0.526563 0.028125 0.028125
0 0.614062 0.798438 0.028125 0.028125
0 0.639062 0.589063 0.028125 0.028125
0 0.665625 0.515625 0.031250 0.031250
0 0.095312 0.442188 0.028125 0.028125
0 0.145313 0.892188 0.028125 0.028125
0 0.639062 0.685937 0.028125 0.028125
0 0.078125 0.356250 0.031250 0.031250
0 0.426563 0.721875 0.028125 0.031250
0 0.345313 0.770312 0.028125 0.028125
0 0.446875 0.410938 0.025000 0.028125
0 0.320312 0.848437 0.028125 0.028125
0 0.545312 0.970313 0.028125 0.028125
0 0.251563 0.495312 0.028125 0.028125
0 0.507812 0.831250 0.028125 0.031250
0 0.221875 0.385937 0.025000 0.028125
0 0.373437 0.848437 0.028125 0.028125
0 0.101562 0.923438 0.028125 0.028125
0 0.507812 0.768750 0.028125 0.031250
0 0.254688 0.385937 0.028125 0.028125
0 0.640625 0.493750 0.031250 0.031250
0 0.385937 0.395313 0.028125 0.028125
0 0.214062 0.940625 0.028125 0.031250
0 0.223438 0.601562 0.028125 0.028125
0 0.423438 0.623437 0.028125 0.028125
0 0.610938 0.639062 0.028125 0.028125
0 0.615625 0.471875 0.031250 0.031250
0 0.323437 0.946875 0.028125 0.025000
0 0.823438 0.871875 0.028125 0.031250
0 0.270313 0.414062 0.028125 0.028125
0 0.479687 0.689063 0.028125 0.028125
0 0.032813 0.551562 0.028125 0.028125
0 0.092188 0.814063 0.028125 0.028125
0 0.426563 0.848437 0.028125 0.028125
0 0.712500 0.935937 0.031250 0.028125
0 0.768750 0.970313 0.025000 0.028125
0 0.725000 0.584375 0.031250 0.031250
0 0.223438 0.551562 0.028125 0.028125
0 0.437500 0.381250 0.031250 0.031250
0 0.400000 0.768750 0.025000 0.025000
0 0.364063 0.420312 0.028125 0.028125
0 0.167187 0.770312 0.028125 0.028125
0 0.207813 0.467187 0.028125 0.028125
0 0.510938 0.892188 0.028125 0.028125
0 0.818750 0.840625 0.031250 0.031250
0 0.507812 0.704688 0.028125 0.028125
0 0.704688 0.557813 0.028125 0.028125
0 0.610938 0.576562 0.028125 0.028125
0 0.426563 0.784375 0.028125 0.031250
0 0.351562 0.960938 0.028125 0.028125
0 0.767188 0.906250 0.028125 0.031250
0 0.351562 0.929688 0.028125 0.028125
0 0.295312 0.832812 0.028125 0.028125
0 0.192188 0.601562 0.028125 0.028125
0 0.429688 0.878125 0.028125 0.031250
0 0.192188 0.442188 0.028125 0.028125
0 0.639062 0.623437 0.028125 0.028125
0 0.317188 0.659375 0.028125 0.031250
0 0.610938 0.670312 0.028125 0.028125
0 0.476562 0.592187 0.028125 0.028125
0 0.604688 0.970313 0.028125 0.028125
0 0.778125 0.726562 0.031250 0.028125
0 0.332813 0.414062 0.028125 0.028125
0 0.126562 0.385937 0.028125 0.028125
0 0.267188 0.817187 0.028125 0.028125
0 0.451562 0.639062 0.028125 0.028125
0 0.346875 0.675000 0.025000 0.025000
0 0.221875 0.440625 0.025000 0.025000
0 0.378125 0.945312 0.025000 0.028125
0 0.142187 0.835938 0.028125 0.028125
0 0.114062 0.576562 0.028125 0.028125
0 0.237500 0.467187 0.025000 0.028125
0 0.160938 0.551562 0.028125 0.028125
0 0.239063 0.576562 0.028125 0.028125
0 0.529687 0.685937 0.028125 0.028125
0 0.314063 0.548438 0.028125 0.028125
0 0.095312 0.384375 0.028125 0.031250
0 0.456250 0.864062 0.031250 0.028125
0 0.489063 0.970313 0.028125 0.028125
0 0.176563 0.467187 0.028125 0.028125
0 0.317188 0.442188 0.028125 0.028125
0 0.664062 0.764062 0.028125 0.028125
0 0.582812 0.654687 0.028125 0.028125
0 0.303125 0.359375 0.031250 0.031250
0 0.531250 0.417187 0.031250 0.028125
0 0.539062 0.907813 0.028125 0.028125
0 0.342187 0.514062 0.028125 0.028125
0 0.406250 0.371875 0.031250 0.031250
0 0.664062 0.701562 0.028125 0.028125
0 0.639062 0.717187 0.028125 0.028125
0 0.160938 0.601562 0.028125 0.028125
0 0.398438 0.676562 0.028125 0.028125
0 0.375000 0.364063 0.031250 0.034375
0 0.771875 0.662500 0.031250 0.031250
0 0.571875 0.923438 0.031250 0.028125
0 0.120313 0.951562 0.028125 0.028125
0 0.476562 0.657813 0.028125 0.028125
0 0.582812 0.685937 0.028125 0.028125
0 0.175000 0.576562 0.025000 0.028125
0 0.614062 0.829688 0.028125 0.028125
0 0.740625 0.609375 0.031250 0.031250
0 0.160938 0.657813 0.028125 0.028125
0 0.057813 0.707812 0.028125 0.028125
0 0.023438 0.654687 0.028125 0.028125
0 0.098437 0.604688 0.028125 0.028125
0 0.507812 0.735938 0.028125 0.028125
0 0.321875 0.879687 0.025000 0.028125
0 0.207813 0.576562 0.028125 0.028125
0 0.457813 0.957812 0.028125 0.028125
0 0.206250 0.356250 0.031250 0.031250
0 0.614062 0.767188 0.028125 0.028125
0 0.535937 0.879687 0.028125 0.028125
0 0.426563 0.753125 0.028125 0.031250
0 0.509375 0.801562 0.025000 0.028125
0 0.298438 0.576562 0.028125 0.028125
0 0.295312 0.964063 0.028125 0.028125
0 0.079687 0.525000 0.028125 0.031250
0 0.582812 0.623437 0.028125 0.028125
0 0.696875 0.810937 0.031250 0.028125
0 0.370312 0.629687 0.028125 0.028125
0 0.373437 0.721875 0.028125 0.031250
0 0.029687 0.760938 0.028125 0.028125
0 0.285938 0.601562 0.028125 0.028125
0 0.378125 0.976562 0.025000 0.028125
0 0.320312 0.789062 0.028125 0.028125
0 0.270313 0.576562 0.028125 0.028125
0 0.342187 0.707812 0.028125 0.028125
0 0.253125 0.550000 0.025000 0.025000
0 0.073438 0.976562 0.028125 0.028125
0 0.295312 0.898438 0.028125 0.028125
0 0.348438 0.739062 0.028125 0.028125
0 0.429688 0.910937 0.028125 0.028125
0 0.107813 0.976562 0.028125 0.028125
0 0.129688 0.603125 0.028125 0.025000
0 0.192188 0.551562 0.028125 0.028125
0 0.221875 0.495312 0.025000 0.028125
0 0.398438 0.645312 0.028125 0.028125
0 0.076563 0.470313 0.028125 0.028125
0 0.254688 0.657813 0.028125 0.028125
0 0.050000 0.579688 0.031250 0.028125
0 0.262500 0.762500 0.031250 0.031250
0 0.342187 0.545312 0.028125 0.028125
0 0.157812 0.810937 0.028125 0.028125
0 0.617188 0.860938 0.028125 0.028125
0 0.482812 0.846875 0.028125 0.031250
0 0.320312 0.820312 0.028125 0.028125
0 0.228125 0.710938 0.025000 0.028125
0 0.400000 0.737500 0.025000 0.025000
0 0.315625 0.601562 0.025000 0.028125
0 0.451562 0.673438 0.028125 0.028125
0 0.284375 0.440625 0.025000 0.025000
0 0.192188 0.657813 0.028125 0.028125
0 0.023438 0.707812 0.028125 0.028125
0 0.018750 0.953125 0.031250 0.031250
0 0.368750 0.529687 0.025000 0.028125
0 0.051562 0.954688 0.028125 0.028125
0 0.248438 0.792188 0.028125 0.028125
0 0.256250 0.850000 0.031250 0.031250
0 0.045312 0.467187 0.028125 0.028125
0 0.273438 0.682813 0.028125 0.028125
0 0.020313 0.901563 0.028125 0.028125
0 0.585938 0.782813 0.028125 0.028125
0 0.129688 0.659375 0.028125 0.025000
0 0.245312 0.737500 0.028125 0.031250
0 0.239063 0.359375 0.028125 0.031250
0 0.017188 0.525000 0.028125 0.031250
0 0.237500 0.875000 0.031250 0.031250
0 0.370312 0.564063 0.028125 0.028125
0 0.107813 0.732812 0.028125 0.028125
0 0.285938 0.551562 0.028125 0.028125
0 0.271875 0.359375 0.031250 0.031250
0 0.209375 0.887500 0.031250 0.031250
0 0.242188 0.685937 0.028125 0.028125
0 0.289062 0.654687 0.028125 0.028125
0 0.571875 0.954688 0.025000 0.028125
0 0.398438 0.707812 0.028125 0.028125
0 0.198437 0.767188 0.028125 0.028125
0 0.300000 0.467187 0.025000 0.028125
0 0.292187 0.771875 0.028125 0.031250
0 0.159375 0.865625 0.031250 0.031250
0 0.142187 0.354687 0.028125 0.028125
0 0.587500 0.717187 0.025000 0.028125
0 0.143750 0.576562 0.025000 0.028125
0 0.226562 0.657813 0.028125 0.028125
0 0.109375 0.356250 0.031250 0.031250
0 0.268750 0.467187 0.025000 0.028125
0 0.785937 0.795312 0.028125 0.028125
0 0.175000 0.356250 0.031250 0.031250
0 0.178125 0.890625 0.031250 0.031250
0 0.260937 0.712500 0.028125 0.031250
0 0.014063 0.467187 0.028125 0.028125
0 0.182812 0.795312 0.028125 0.028125
0 0.014063 0.845313 0.028125 0.028125
