0 0.843750 0.153125 0.031250 0.031250
0 0.871875 0.412500 0.031250 0.031250
0 0.909375 0.817187 0.031250 0.034375
0 0.787500 0.537500 0.031250 0.031250
0 0.875000 0.171875 0.031250 0.031250
0 0.839063 0.756250 0.034375 0.031250
0 0.960938 0.485938 0.034375 0.034375
0 0.895312 0.321875 0.034375 0.031250
0 0.831250 0.290625 0.031250 0.031250
0 0.854688 0.787500 0.034375 0.031250
0 0.489063 0.204687 0.034375 0.034375
0 0.871875 0.878125 0.031250 0.031250
0 0.590625 0.312500 0.031250 0.031250
0 0.903125 0.428125 0.031250 0.031250
0 0.932813 0.342187 0.034375 0.034375
0 0.787500 0.728125 0.031250 0.031250
0 0.928125 0.375000 0.031250 0.031250
0 0.960938 0.364063 0.034375 0.034375
0 0.835938 0.360938 0.034375 0.034375
0 0.565625 0.662500 0.031250 0.031250
0 0.812500 0.171875 0.031250 0.031250
0 0.228125 0.375000 0.031250 0.031250
0 0.432812 0.243750 0.028125 0.031250
0 0.890625 0.846875 0.031250 0.031250
0 0.807813 0.381250 0.028125 0.031250
0 0.703125 0.693750 0.031250 0.031250
0 0.196875 0.359375 0.031250 0.031250
0 0.371875 0.246875 0.031250 0.031250
0 0.892188 0.789062 0.034375 0.034375
0 0.298438 0.478125 0.034375 0.031250
0 0.840625 0.393750 0.031250 0.031250
0 0.550000 0.162500 0.031250 0.031250
0 0.562500 0.368750 0.031250 0.031250
0 0.793750 0.575000 0.031250 0.031250
0 0.778125 0.362500 0.031250 0.031250
0 0.959375 0.846875 0.031250 0.031250
0 0.546875 0.750000 0.031250 0.031250
0 0.900000 0.357812 0.031250 0.034375
0 0.684375 0.318750 0.031250 0.031250
0 0.904687 0.048438 0.034375 0.034375
0 0.843750 0.637500 0.031250 0.031250
0 0.343750 0.267188 0.031250 0.034375
0 0.812500 0.448437 0.031250 0.034375
0 0.771875 0.696875 0.031250 0.031250
0 0.854688 0.846875 0.034375 0.031250
0 0.782813 0.907813 0.034375 0.034375
0 0.839063 0.817187 0.034375 0.034375
0 0.760938 0.559375 0.028125 0.031250
0 0.859375 0.609375 0.031250 0.031250
0 0.832812 0.326562 0.034375 0.034375
0 0.909375 0.637500 0.031250 0.031250
0 0.684375 0.784375 0.031250 0.031250
0 0.823438 0.728125 0.028125 0.031250
0 0.468750 0.325000 0.031250 0.031250
0 0.871875 0.275000 0.031250 0.031250
0 0.892188 0.728125 0.034375 0.031250
0 0.803125 0.818750 0.031250 0.031250
0 0.818750 0.518750 0.031250 0.031250
0 0.662500 0.478125 0.031250 0.031250
0 0.868750 0.376563 0.031250 0.034375
0 0.875000 0.815625 0.031250 0.031250
0 0.593750 0.384375 0.031250 0.031250
0 0.928125 0.606250 0.031250 0.031250
0 0.714063 0.331250 0.028125 0.031250
0 0.729688 0.540625 0.028125 0.031250
0 0.614062 0.259375 0.034375 0.031250
0 0.712500 0.298438 0.031250 0.034375
0 0.768750 0.817187 0.031250 0.034375
0 0.876563 0.637500 0.034375 0.031250
0 0.892188 0.667188 0.034375 0.034375
0 0.928125 0.667188 0.031250 0.028125
0 0.496875 0.307812 0.031250 0.034375
0 0.715625 0.845313 0.031250 0.034375
0 0.840625 0.428125 0.031250 0.031250
0 0.876563 0.575000 0.034375 0.031250
0 0.890625 0.907813 0.031250 0.034375
0 0.715625 0.365625 0.031250 0.031250
0 0.814063 0.135937 0.034375 0.034375
0 0.537500 0.423438 0.031250 0.034375
0 0.960938 0.426563 0.034375 0.034375
0 0.525000 0.250000 0.031250 0.031250
0 0.531250 0.356250 0.031250 0.031250
0 0.925000 0.846875 0.031250 0.031250
0 0.748437 0.173437 0.034375 0.034375
0 0.871875 0.206250 0.031250 0.031250
0 0.690625 0.423438 0.031250 0.034375
0 0.192188 0.185938 0.034375 0.034375
0 0.403125 0.262500 0.031250 0.031250
0 0.628125 0.431250 0.031250 0.031250
0 0.631250 0.690625 0.031250 0.031250
0 0.907813 0.278125 0.034375 0.037500
0 0.221875 0.203125 0.031250 0.031250
0 0.710938 0.260937 0.034375 0.034375
0 0.665625 0.814063 0.031250 0.034375
0 0.601562 0.117188 0.034375 0.034375
0 0.854688 0.543750 0.034375 0.031250
0 0.643750 0.840625 0.031250 0.031250
0 0.528125 0.284375 0.031250 0.031250
0 0.681250 0.282813 0.031250 0.034375
0 0.612500 0.778125 0.031250 0.031250
0 0.750000 0.787500 0.031250 0.031250
0 0.943750 0.637500 0.031250 0.031250
0 0.359375 0.475000 0.031250 0.031250
0 0.634375 0.134375 0.031250 0.031250
0 0.868750 0.342187 0.031250 0.034375
0 0.687500 0.387500 0.031250 0.031250
0 0.437500 0.606250 0.031250 0.031250
0 0.553125 0.784375 0.031250 0.031250
0 0.746875 0.381250 0.031250 0.031250
0 0.750000 0.846875 0.031250 0.031250
0 0.734375 0.815625 0.031250 0.031250
0 0.787500 0.787500 0.031250 0.031250
0 0.943750 0.696875 0.031250 0.031250
0 0.693750 0.134375 0.031250 0.031250
0 0.926562 0.907813 0.034375 0.034375
0 0.584375 0.278125 0.031250 0.031250
0 0.803125 0.756250 0.031250 0.031250
0 0.596875 0.675000 0.031250 0.031250
0 0.500000 0.340625 0.031250 0.031250
0 0.450000 0.709375 0.031250 0.031250
0 0.684375 0.353125 0.031250 0.031250
0 0.568750 0.437500 0.031250 0.031250
0 0.809375 0.637500 0.031250 0.031250
0 0.909375 0.517188 0.031250 0.034375
0 0.457813 0.156250 0.034375 0.031250
0 0.198437 0.395313 0.034375 0.034375
0 0.415625 0.693750 0.031250 0.031250
0 0.943750 0.818750 0.031250 0.031250
0 0.621875 0.362500 0.031250 0.031250
0 0.528125 0.321875 0.031250 0.031250
0 0.820312 0.789062 0.034375 0.034375
0 0.559375 0.334375 0.031250 0.031250
0 0.285938 0.339062 0.034375 0.034375
0 0.668750 0.753125 0.031250 0.031250
0 0.790625 0.668750 0.031250 0.031250
0 0.428125 0.140625 0.031250 0.031250
0 0.665625 0.151562 0.031250 0.034375
0 0.910937 0.185938 0.034375 0.034375
0 0.612500 0.225000 0.031250 0.031250
0 0.296875 0.442188 0.031250 0.034375
0 0.900000 0.392188 0.031250 0.034375
0 0.731250 0.875000 0.031250 0.031250
0 0.871875 0.134375 0.031250 0.031250
0 0.681250 0.843750 0.031250 0.031250
0 0.354687 0.403125 0.028125 0.031250
0 0.221875 0.165625 0.031250 0.031250
0 0.750000 0.907813 0.031250 0.034375
0 0.460938 0.742188 0.034375 0.034375
0 0.496875 0.271875 0.031250 0.031250
0 0.768750 0.257812 0.031250 0.034375
0 0.321875 0.387500 0.031250 0.031250
0 0.520312 0.179688 0.034375 0.034375
0 0.351562 0.665625 0.034375 0.031250
0 0.403125 0.229687 0.031250 0.034375
0 0.409375 0.626563 0.031250 0.028125
0 0.878125 0.482812 0.031250 0.034375
0 0.364063 0.545312 0.034375 0.034375
0 0.939063 0.454688 0.034375 0.034375
0 0.664062 0.114062 0.034375 0.034375
0 0.823438 0.606250 0.034375 0.031250
0 0.932813 0.132812 0.034375 0.034375
0 0.496875 0.825000 0.031250 0.031250
0 0.328125 0.457813 0.031250 0.034375
0 0.750000 0.417187 0.031250 0.034375
0 0.650000 0.307812 0.031250 0.034375
0 0.590625 0.346875 0.031250 0.031250
0 0.782813 0.151562 0.034375 0.034375
0 0.471875 0.653125 0.031250 0.031250
0 0.250000 0.181250 0.031250 0.031250
0 0.843750 0.465625 0.031250 0.031250
0 0.825000 0.667188 0.031250 0.028125
0 0.784375 0.850000 0.031250 0.031250
0 0.192188 0.292187 0.034375 0.034375
0 0.781250 0.431250 0.031250 0.031250
0 0.465625 0.809375 0.031250 0.031250
0 0.578125 0.140625 0.031250 0.031250
0 0.431250 0.209375 0.031250 0.031250
0 0.731250 0.575000 0.031250 0.031250
0 0.548438 0.123438 0.034375 0.034375
0 0.262500 0.390625 0.031250 0.031250
0 0.653125 0.375000 0.031250 0.031250
0 0.646875 0.784375 0.031250 0.031250
0 0.521875 0.771875 0.031250 0.031250
0 0.765625 0.875000 0.031250 0.031250
0 0.287500 0.653125 0.031250 0.031250
0 0.406250 0.593750 0.031250 0.031250
0 0.735938 0.754687 0.034375 0.034375
0 0.267188 0.462500 0.034375 0.031250
0 0.476562 0.687500 0.034375 0.031250
0 0.496875 0.634375 0.031250 0.031250
0 0.532813 0.387500 0.034375 0.031250
0 0.375000 0.282813 0.031250 0.034375
0 0.943750 0.276562 0.031250 0.034375
0 0.337500 0.596875 0.031250 0.031250
0 0.693750 0.493750 0.031250 0.031250
0 0.840625 0.696875 0.031250 0.031250
0 0.806250 0.696875 0.031250 0.031250
0 0.656250 0.409375 0.031250 0.031250
0 0.742188 0.276562 0.034375 0.034375
0 0.557813 0.300000 0.028125 0.031250
0 0.843750 0.257812 0.031250 0.034375
0 0.543750 0.715625 0.031250 0.031250
0 0.506250 0.443750 0.031250 0.031250
0 0.820312 0.907813 0.034375 0.034375
0 0.737500 0.696875 0.031250 0.031250
0 0.646875 0.721875 0.031250 0.031250
0 0.875000 0.239063 0.031250 0.034375
0 0.746875 0.346875 0.031250 0.031250
0 0.696875 0.875000 0.031250 0.031250
0 0.443750 0.415625 0.031250 0.031250
0 0.625000 0.395313 0.031250 0.034375
0 0.703125 0.595313 0.031250 0.034375
0 0.606250 0.156250 0.031250 0.031250
0 0.325000 0.423438 0.031250 0.034375
0 0.531250 0.648438 0.031250 0.034375
0 0.556250 0.818750 0.031250 0.031250
0 0.400000 0.193750 0.031250 0.031250
0 0.753125 0.134375 0.031250 0.031250
0 0.803125 0.309375 0.031250 0.031250
0 0.195312 0.325000 0.034375 0.031250
0 0.168750 0.417187 0.037500 0.034375
0 0.892188 0.548438 0.034375 0.034375
0 0.432812 0.759375 0.034375 0.031250
0 0.809375 0.412500 0.031250 0.031250
0 0.481250 0.465625 0.031250 0.031250
0 0.192188 0.220312 0.034375 0.034375
0 0.464062 0.256250 0.028125 0.031250
0 0.818750 0.846875 0.031250 0.031250
0 0.450000 0.484375 0.031250 0.031250
0 0.703125 0.756250 0.031250 0.031250
0 0.753125 0.725000 0.031250 0.031250
0 0.621875 0.812500 0.031250 0.031250
0 0.579688 0.765625 0.034375 0.031250
0 0.668750 0.696875 0.031250 0.031250
0 0.962500 0.306250 0.031250 0.031250
0 0.396875 0.157812 0.031250 0.034375
0 0.300000 0.512500 0.031250 0.031250
0 0.690625 0.214062 0.031250 0.034375
0 0.362500 0.509375 0.031250 0.031250
0 0.334375 0.528125 0.031250 0.031250
0 0.251563 0.218750 0.034375 0.031250
0 0.840625 0.187500 0.031250 0.031250
0 0.775000 0.328125 0.031250 0.031250
0 0.720313 0.401562 0.034375 0.034375
0 0.684375 0.725000 0.031250 0.031250
0 0.871875 0.446875 0.031250 0.031250
0 0.468750 0.359375 0.031250 0.031250
0 0.934375 0.100000 0.031250 0.031250
0 0.382812 0.681250 0.034375 0.031250
0 0.903125 0.220312 0.031250 0.034375
0 0.909375 0.696875 0.031250 0.031250
0 0.290625 0.375000 0.031250 0.031250
0 0.471875 0.396875 0.031250 0.031250
0 0.339062 0.698438 0.034375 0.034375
0 0.571875 0.468750 0.031250 0.031250
0 0.387500 0.454688 0.031250 0.028125
0 0.485938 0.721875 0.034375 0.031250
0 0.584375 0.800000 0.031250 0.031250
0 0.568750 0.696875 0.031250 0.031250
0 0.637500 0.171875 0.031250 0.031250
0 0.453125 0.518750 0.031250 0.031250
0 0.437500 0.829688 0.031250 0.034375
0 0.321875 0.646875 0.031250 0.031250
0 0.693750 0.062500 0.031250 0.031250
0 0.645312 0.239063 0.034375 0.034375
0 0.462500 0.225000 0.031250 0.031250
0 0.254688 0.323437 0.034375 0.034375
0 0.284375 0.271875 0.031250 0.031250
0 0.693750 0.459375 0.031250 0.031250
0 0.640625 0.204687 0.031250 0.034375
0 0.943750 0.875000 0.031250 0.031250
0 0.876563 0.029687 0.034375 0.034375
0 0.693750 0.100000 0.031250 0.031250
0 0.432812 0.571875 0.028125 0.031250
0 0.318750 0.354687 0.031250 0.034375
0 0.464062 0.776563 0.028125 0.028125
0 0.256250 0.359375 0.031250 0.031250
0 0.668750 0.546875 0.031250 0.031250
0 0.223438 0.307812 0.034375 0.034375
0 0.421875 0.503125 0.031250 0.031250
0 0.518750 0.143750 0.031250 0.031250
0 0.621875 0.328125 0.031250 0.031250
0 0.345313 0.300000 0.028125 0.031250
0 0.784375 0.118750 0.031250 0.031250
0 0.840625 0.578125 0.031250 0.031250
0 0.273438 0.621875 0.034375 0.031250
0 0.565625 0.403125 0.031250 0.031250
0 0.293750 0.406250 0.031250 0.031250
0 0.862500 0.306250 0.031250 0.031250
0 0.268750 0.500000 0.031250 0.031250
0 0.334375 0.562500 0.031250 0.031250
0 0.854688 0.907813 0.034375 0.034375
0 0.856250 0.725000 0.031250 0.031250
0 0.253125 0.287500 0.031250 0.031250
0 0.962500 0.667188 0.031250 0.034375
0 0.312500 0.251563 0.031250 0.034375
0 0.281250 0.234375 0.031250 0.031250
0 0.314063 0.287500 0.034375 0.031250
0 0.846875 0.498437 0.031250 0.034375
0 0.304688 0.581250 0.034375 0.031250
0 0.343750 0.231250 0.031250 0.031250
0 0.512500 0.510938 0.031250 0.034375
0 0.328125 0.493750 0.031250 0.031250
0 0.164062 0.345313 0.034375 0.034375
0 0.457813 0.120313 0.034375 0.034375
0 0.631250 0.465625 0.031250 0.031250
0 0.965625 0.048438 0.031250 0.034375
0 0.678125 0.246875 0.031250 0.031250
0 0.418750 0.468750 0.031250 0.031250
0 0.315625 0.321875 0.031250 0.031250
0 0.440625 0.640625 0.031250 0.031250
0 0.609375 0.190625 0.031250 0.031250
0 0.378125 0.609375 0.031250 0.031250
0 0.251563 0.146875 0.034375 0.031250
0 0.803125 0.343750 0.031250 0.031250
0 0.573438 0.506250 0.028125 0.031250
0 0.653125 0.340625 0.031250 0.031250
0 0.490625 0.756250 0.031250 0.031250
0 0.876563 0.696875 0.034375 0.031250
0 0.384375 0.750000 0.031250 0.031250
0 0.459375 0.189062 0.031250 0.034375
0 0.634375 0.496875 0.031250 0.031250
0 0.396875 0.121875 0.031250 0.031250
0 0.500000 0.375000 0.031250 0.031250
0 0.475000 0.428125 0.031250 0.031250
0 0.875000 0.065625 0.031250 0.031250
0 0.635938 0.753125 0.028125 0.031250
0 0.231250 0.412500 0.031250 0.031250
0 0.779687 0.189062 0.034375 0.034375
0 0.412500 0.659375 0.031250 0.031250
0 0.903125 0.153125 0.031250 0.031250
0 0.428125 0.171875 0.031250 0.031250
0 0.601562 0.082812 0.034375 0.034375
0 0.312500 0.678125 0.031250 0.031250
0 0.304688 0.546875 0.034375 0.031250
0 0.762500 0.590625 0.031250 0.031250
0 0.525000 0.807813 0.031250 0.028125
0 0.720313 0.195312 0.034375 0.034375
0 0.756250 0.667188 0.031250 0.028125
0 0.226562 0.340625 0.034375 0.031250
0 0.493750 0.237500 0.031250 0.031250
0 0.418750 0.728125 0.031250 0.031250
0 0.506250 0.409375 0.031250 0.031250
0 0.718750 0.725000 0.031250 0.031250
0 0.520312 0.217188 0.034375 0.034375
0 0.584375 0.245312 0.031250 0.034375
0 0.721875 0.667188 0.031250 0.028125
0 0.603125 0.484375 0.031250 0.031250
0 0.603125 0.709375 0.031250 0.031250
0 0.593750 0.418750 0.031250 0.031250
0 0.437500 0.345313 0.031250 0.034375
0 0.821875 0.551562 0.031250 0.034375
0 0.978125 0.817187 0.031250 0.034375
0 0.434375 0.793750 0.031250 0.031250
0 0.503125 0.668750 0.031250 0.031250
0 0.906250 0.462500 0.031250 0.031250
0 0.512500 0.057813 0.031250 0.034375
0 0.943750 0.515625 0.031250 0.031250
0 0.712500 0.904687 0.031250 0.034375
0 0.440625 0.381250 0.031250 0.031250
0 0.265625 0.425000 0.031250 0.031250
0 0.281250 0.200000 0.031250 0.031250
0 0.614062 0.860938 0.034375 0.034375
0 0.778125 0.396875 0.031250 0.031250
0 0.528125 0.840625 0.031250 0.031250
0 0.673438 0.579688 0.028125 0.028125
0 0.243750 0.562500 0.031250 0.031250
0 0.843750 0.118750 0.031250 0.031250
0 0.468750 0.845313 0.031250 0.034375
0 0.590625 0.642188 0.031250 0.028125
0 0.871875 0.100000 0.031250 0.031250
0 0.160938 0.095312 0.034375 0.034375
0 0.350000 0.370312 0.031250 0.034375
0 0.723437 0.229687 0.034375 0.034375
0 0.771875 0.756250 0.031250 0.031250
0 0.434375 0.278125 0.031250 0.031250
0 0.192188 0.254688 0.034375 0.034375
0 0.939063 0.217188 0.034375 0.034375
0 0.164062 0.310937 0.034375 0.034375
0 0.618750 0.292187 0.031250 0.034375
0 0.209375 0.465625 0.031250 0.031250
0 0.668750 0.187500 0.031250 0.031250
0 0.256250 0.593750 0.031250 0.031250
0 0.559375 0.625000 0.031250 0.031250
0 0.876563 0.517188 0.034375 0.034375
0 0.415625 0.432812 0.031250 0.028125
0 0.203125 0.431250 0.031250 0.031250
0 0.265625 0.532813 0.031250 0.034375
0 0.675000 0.903125 0.031250 0.031250
0 0.659375 0.443750 0.031250 0.031250
0 0.465625 0.293750 0.031250 0.031250
0 0.959375 0.246875 0.031250 0.031250
0 0.706250 0.634375 0.031250 0.031250
0 0.687500 0.662500 0.031250 0.031250
0 0.493750 0.790625 0.031250 0.031250
0 0.367188 0.576562 0.034375 0.034375
0 0.385937 0.714063 0.034375 0.034375
0 0.926562 0.307812 0.034375 0.034375
0 0.600000 0.450000 0.031250 0.031250
0 0.595313 0.831250 0.034375 0.031250
0 0.406250 0.809375 0.031250 0.031250
0 0.928125 0.785937 0.031250 0.034375
0 0.520312 0.101562 0.034375 0.034375
0 0.354687 0.439063 0.028125 0.028125
0 0.567187 0.853125 0.034375 0.031250
0 0.485938 0.531250 0.028125 0.031250
0 0.443750 0.671875 0.031250 0.031250
0 0.803125 0.878125 0.031250 0.031250
0 0.160938 0.275000 0.034375 0.031250
0 0.800000 0.271875 0.031250 0.031250
0 0.606250 0.518750 0.031250 0.031250
0 0.385937 0.418750 0.028125 0.031250
0 0.517188 0.735938 0.028125 0.028125
0 0.725000 0.150000 0.031250 0.031250
0 0.346875 0.334375 0.031250 0.031250
0 0.973437 0.082812 0.034375 0.034375
0 0.381250 0.646875 0.031250 0.031250
0 0.906250 0.875000 0.031250 0.031250
0 0.698438 0.526563 0.028125 0.028125
0 0.345313 0.762500 0.034375 0.031250
0 0.223438 0.273438 0.034375 0.034375
0 0.743750 0.314063 0.031250 0.034375
0 0.537500 0.681250 0.031250 0.031250
0 0.384375 0.387500 0.031250 0.031250
0 0.773438 0.293750 0.034375 0.031250
0 0.434375 0.312500 0.031250 0.031250
0 0.378125 0.350000 0.031250 0.031250
0 0.960938 0.789062 0.034375 0.034375
0 0.790625 0.606250 0.031250 0.031250
0 0.407813 0.331250 0.028125 0.031250
0 0.250000 0.110937 0.031250 0.034375
0 0.487500 0.137500 0.031250 0.031250
0 0.253125 0.253125 0.031250 0.031250
0 0.426563 0.103125 0.034375 0.031250
0 0.571875 0.098437 0.031250 0.034375
0 0.718750 0.437500 0.031250 0.031250
0 0.481250 0.496875 0.031250 0.031250
0 0.370312 0.212500 0.028125 0.031250
0 0.396875 0.557813 0.031250 0.034375
0 0.307812 0.617188 0.034375 0.034375
0 0.928125 0.546875 0.031250 0.031250
0 0.912500 0.575000 0.031250 0.031250
0 0.446875 0.448437 0.031250 0.028125
0 0.284375 0.306250 0.031250 0.031250
0 0.781250 0.225000 0.031250 0.031250
0 0.728125 0.506250 0.031250 0.031250
0 0.625000 0.656250 0.031250 0.031250
0 0.160938 0.167187 0.034375 0.034375
0 0.234375 0.443750 0.031250 0.031250
0 0.542188 0.489063 0.028125 0.028125
0 0.490625 0.171875 0.031250 0.031250
0 0.459375 0.553125 0.031250 0.031250
0 0.976562 0.395313 0.034375 0.034375
0 0.160938 0.204687 0.034375 0.034375
0 0.221875 0.592187 0.031250 0.034375
0 0.964063 0.118750 0.034375 0.031250
0 0.775000 0.635938 0.031250 0.034375
0 0.254688 0.654687 0.034375 0.034375
0 0.812500 0.481250 0.031250 0.031250
0 0.281250 0.128125 0.031250 0.031250
0 0.539062 0.873437 0.034375 0.034375
0 0.901563 0.115625 0.028125 0.031250
0 0.375000 0.315625 0.031250 0.031250
0 0.528125 0.615625 0.031250 0.031250
0 0.390625 0.490625 0.031250 0.031250
0 0.229687 0.531250 0.028125 0.031250
0 0.237500 0.623437 0.031250 0.034375
0 0.937500 0.065625 0.031250 0.031250
0 0.510938 0.478125 0.028125 0.031250
0 0.756250 0.521875 0.031250 0.031250
0 0.937500 0.031250 0.031250 0.031250
0 0.718750 0.784375 0.031250 0.031250
0 0.553125 0.265625 0.031250 0.031250
0 0.604688 0.740625 0.028125 0.031250
0 0.573438 0.729688 0.028125 0.028125
0 0.721875 0.471875 0.031250 0.031250
0 0.659375 0.871875 0.031250 0.031250
0 0.392188 0.525000 0.028125 0.031250
0 0.190625 0.076563 0.031250 0.034375
0 0.406250 0.776563 0.031250 0.034375
0 0.512500 0.703125 0.031250 0.031250
0 0.696875 0.167187 0.031250 0.034375
0 0.493750 0.600000 0.031250 0.031250
0 0.962500 0.607812 0.031250 0.034375
0 0.350000 0.628125 0.031250 0.031250
0 0.960938 0.907813 0.034375 0.034375
0 0.700000 0.815625 0.031250 0.031250
0 0.481250 0.071875 0.031250 0.031250
0 0.578125 0.178125 0.031250 0.031250
0 0.923438 0.248438 0.034375 0.034375
0 0.487500 0.103125 0.031250 0.031250
0 0.428125 0.537500 0.031250 0.031250
0 0.223438 0.239063 0.034375 0.034375
0 0.165625 0.379688 0.031250 0.034375
0 0.484375 0.035937 0.031250 0.034375
0 0.546875 0.525000 0.031250 0.031250
0 0.932813 0.409375 0.034375 0.031250
0 0.371875 0.784375 0.031250 0.031250
0 0.978125 0.275000 0.031250 0.031250
0 0.468750 0.620313 0.031250 0.028125
0 0.871875 0.759375 0.031250 0.031250
0 0.501563 0.862500 0.034375 0.031250
0 0.462500 0.585938 0.031250 0.028125
0 0.909375 0.756250 0.031250 0.031250
0 0.632812 0.098437 0.034375 0.034375
0 0.618750 0.621875 0.031250 0.031250
0 0.973437 0.151562 0.034375 0.034375
0 0.751563 0.207813 0.034375 0.034375
0 0.640625 0.898438 0.037500 0.034375
0 0.160938 0.237500 0.034375 0.031250
0 0.371875 0.178125 0.031250 0.031250
0 0.298438 0.712500 0.034375 0.031250
0 0.723437 0.081250 0.034375 0.031250
0 0.815625 0.101562 0.031250 0.034375
0 0.276562 0.685937 0.034375 0.034375
0 0.893750 0.606250 0.031250 0.031250
0 0.412500 0.365625 0.031250 0.031250
0 0.940625 0.165625 0.031250 0.031250
0 0.859375 0.668750 0.031250 0.031250
0 0.406250 0.296875 0.031250 0.031250
0 0.809375 0.240625 0.031250 0.031250
0 0.665625 0.512500 0.031250 0.031250
0 0.928125 0.487500 0.031250 0.031250
0 0.537500 0.456250 0.031250 0.031250
0 0.903125 0.084375 0.031250 0.031250
0 0.840625 0.221875 0.031250 0.031250
0 0.215625 0.500000 0.031250 0.031250
0 0.515625 0.020313 0.031250 0.034375
0 0.837500 0.878125 0.031250 0.031250
0 0.575000 0.059375 0.031250 0.031250
0 0.740625 0.637500 0.031250 0.031250
0 0.278125 0.162500 0.031250 0.031250
0 0.976562 0.517188 0.034375 0.034375
0 0.701562 0.560937 0.028125 0.028125
0 0.734375 0.606250 0.031250 0.031250
0 0.356250 0.728125 0.031250 0.031250
0 0.725000 0.046875 0.031250 0.031250
0 0.575000 0.025000 0.031250 0.031250
0 0.368750 0.142187 0.031250 0.034375
0 0.218750 0.093750 0.031250 0.031250
0 0.581250 0.575000 0.031250 0.031250
0 0.812500 0.206250 0.031250 0.031250
0 0.843750 0.046875 0.031250 0.031250
0 0.276562 0.564063 0.028125 0.028125
0 0.543750 0.042188 0.031250 0.034375
0 0.160938 0.059375 0.034375 0.037500
0 0.428125 0.068750 0.031250 0.031250
0 0.543750 0.075000 0.031250 0.031250
0 0.195312 0.526563 0.034375 0.034375
0 0.603125 0.043750 0.031250 0.031250
0 0.207813 0.557813 0.034375 0.034375
0 0.817187 0.029687 0.034375 0.034375
0 0.160938 0.129688 0.034375 0.034375
0 0.695312 0.029687 0.034375 0.034375
0 0.723437 0.117188 0.028125 0.028125
0 0.240625 0.479687 0.031250 0.028125
0 0.787500 0.503125 0.031250 0.031250
0 0.182812 0.489063 0.034375 0.034375
0 0.321875 0.737500 0.031250 0.031250
0 0.584375 0.609375 0.031250 0.031250
0 0.842187 0.081250 0.034375 0.031250
0 0.943750 0.578125 0.031250 0.031250
0 0.453125 0.051562 0.031250 0.034375
0 0.173437 0.451562 0.034375 0.034375
0 0.278125 0.093750 0.031250 0.031250
0 0.487500 0.565625 0.031250 0.031250
0 0.651563 0.634375 0.028125 0.031250
0 0.553125 0.593750 0.031250 0.031250
0 0.218750 0.131250 0.031250 0.031250
0 0.646875 0.275000 0.031250 0.031250
0 0.964063 0.189062 0.034375 0.034375
0 0.573438 0.889062 0.034375 0.034375
0 0.604688 0.893750 0.034375 0.031250
0 0.653125 0.667188 0.031250 0.028125
0 0.978125 0.456250 0.031250 0.031250
0 0.978125 0.876563 0.031250 0.034375
0 0.395313 0.089063 0.034375 0.034375
0 0.578125 0.537500 0.031250 0.031250
0 0.312500 0.215625 0.031250 0.031250
0 0.978125 0.757812 0.031250 0.034375
0 0.637500 0.531250 0.031250 0.031250
0 0.978125 0.335938 0.031250 0.034375
0 0.646875 0.600000 0.031250 0.031250
0 0.190625 0.115625 0.031250 0.031250
0 0.190625 0.146875 0.031250 0.031250
0 0.814063 0.065625 0.034375 0.031250
0 0.753125 0.100000 0.031250 0.031250
0 0.581250 0.212500 0.031250 0.031250
0 0.978125 0.217188 0.031250 0.034375
0 0.309375 0.143750 0.031250 0.031250
0 0.553125 0.231250 0.031250 0.031250
0 0.453125 0.018750 0.031250 0.031250
0 0.675000 0.615625 0.031250 0.031250
0 0.976562 0.639062 0.034375 0.034375
0 0.550000 0.196875 0.031250 0.031250
0 0.337500 0.126562 0.031250 0.028125
0 0.189062 0.040625 0.034375 0.037500
0 0.634375 0.026562 0.031250 0.034375
0 0.753125 0.028125 0.031250 0.031250
0 0.423438 0.034375 0.034375 0.031250
0 0.968750 0.017188 0.031250 0.034375
0 0.276562 0.020313 0.034375 0.034375
0 0.307812 0.110937 0.034375 0.034375
0 0.337500 0.018750 0.031250 0.031250
0 0.279687 0.057813 0.034375 0.034375
0 0.162500 0.018750 0.037500 0.037500
