0 0.475000 0.678125 0.031250 0.031250
0 0.660937 0.696875 0.028125 0.031250
0 0.329688 0.693750 0.034375 0.031250
0 0.801562 0.804688 0.034375 0.034375
0 0.815625 0.287500 0.031250 0.031250
0 0.845313 0.167187 0.034375 0.034375
0 0.693750 0.282813 0.031250 0.028125
0 0.521875 0.646875 0.031250 0.031250
0 0.696875 0.695312 0.031250 0.028125
0 0.887500 0.171875 0.031250 0.031250
0 0.721875 0.265625 0.031250 0.031250
0 0.490625 0.650000 0.031250 0.031250
0 0.662500 0.262500 0.031250 0.031250
0 0.870313 0.142187 0.034375 0.034375
0 0.478125 0.542188 0.031250 0.028125
0 0.843750 0.093750 0.031250 0.031250
0 0.662500 0.298438 0.031250 0.028125
0 0.225000 0.384375 0.031250 0.031250
0 0.693750 0.246875 0.031250 0.031250
0 0.781250 0.721875 0.031250 0.031250
0 0.437500 0.682813 0.031250 0.028125
0 0.459375 0.706250 0.031250 0.031250
0 0.190625 0.093750 0.031250 0.031250
0 0.829688 0.690625 0.028125 0.031250
0 0.221875 0.590625 0.037500 0.037500
0 0.340625 0.553125 0.031250 0.031250
0 0.346875 0.662500 0.031250 0.031250
0 0.559375 0.703125 0.031250 0.031250
0 0.870313 0.200000 0.034375 0.031250
0 0.290625 0.525000 0.031250 0.031250
0 0.239063 0.485938 0.034375 0.034375
0 0.481250 0.789062 0.031250 0.028125
0 0.812500 0.110937 0.031250 0.034375
0 0.906250 0.140625 0.031250 0.031250
0 0.428125 0.159375 0.031250 0.031250
0 0.507812 0.676562 0.028125 0.028125
0 0.832812 0.257812 0.028125 0.028125
0 0.356250 0.523438 0.031250 0.028125
0 0.871875 0.075000 0.031250 0.031250
0 0.800000 0.750000 0.031250 0.031250
0 0.600000 0.465625 0.031250 0.031250
0 0.631250 0.448437 0.031250 0.028125
0 0.631250 0.350000 0.031250 0.031250
0 0.548438 0.784375 0.028125 0.031250
0 0.629687 0.415625 0.028125 0.031250
0 0.868750 0.259375 0.031250 0.031250
0 0.795312 0.315625 0.028125 0.031250
0 0.714063 0.723437 0.028125 0.028125
0 0.353125 0.720313 0.031250 0.028125
0 0.937500 0.203125 0.031250 0.031250
0 0.781250 0.128125 0.031250 0.031250
0 0.659375 0.400000 0.031250 0.031250
0 0.365625 0.690625 0.031250 0.031250
0 0.198437 0.437500 0.028125 0.031250
0 0.450000 0.653125 0.031250 0.031250
0 0.746875 0.721875 0.031250 0.031250
0 0.546875 0.531250 0.031250 0.031250
0 0.231250 0.450000 0.031250 0.031250
0 0.521875 0.590625 0.031250 0.031250
0 0.782813 0.776563 0.028125 0.028125
0 0.665625 0.806250 0.031250 0.031250
0 0.921875 0.781250 0.031250 0.031250
0 0.190625 0.059375 0.031250 0.031250
0 0.537500 0.562500 0.031250 0.031250
0 0.270313 0.612500 0.034375 0.031250
0 0.595313 0.700000 0.028125 0.031250
0 0.571875 0.448437 0.031250 0.028125
0 0.781250 0.345313 0.031250 0.034375
0 0.240625 0.556250 0.031250 0.031250
0 0.306250 0.668750 0.031250 0.031250
0 0.396875 0.212500 0.031250 0.031250
0 0.843750 0.059375 0.031250 0.031250
0 0.671875 0.495312 0.031250 0.034375
0 0.678125 0.725000 0.031250 0.031250
0 0.837500 0.746875 0.031250 0.031250
0 0.603125 0.365625 0.031250 0.031250
0 0.567187 0.812500 0.028125 0.031250
0 0.159375 0.110937 0.031250 0.034375
0 0.204687 0.467187 0.028125 0.028125
0 0.918750 0.231250 0.031250 0.031250
0 0.275000 0.554688 0.031250 0.028125
0 0.756250 0.143750 0.031250 0.031250
0 0.571875 0.481250 0.031250 0.031250
0 0.539062 0.618750 0.028125 0.031250
0 0.631250 0.484375 0.031250 0.031250
0 0.543750 0.432812 0.031250 0.028125
0 0.359375 0.579688 0.031250 0.028125
0 0.325000 0.581250 0.031250 0.031250
0 0.600000 0.432812 0.031250 0.028125
0 0.159375 0.075000 0.031250 0.031250
0 0.837500 0.803125 0.031250 0.031250
0 0.903125 0.200000 0.031250 0.031250
0 0.221875 0.350000 0.031250 0.031250
0 0.798438 0.256250 0.034375 0.031250
0 0.729688 0.695312 0.028125 0.028125
0 0.635938 0.212500 0.028125 0.031250
0 0.459375 0.106250 0.031250 0.031250
0 0.598437 0.498437 0.028125 0.028125
0 0.481250 0.600000 0.031250 0.031250
0 0.323437 0.523438 0.028125 0.028125
0 0.676562 0.667188 0.028125 0.028125
0 0.814063 0.142187 0.034375 0.034375
0 0.415625 0.657813 0.031250 0.028125
0 0.584375 0.840625 0.031250 0.031250
0 0.445312 0.601562 0.028125 0.028125
0 0.975000 0.143750 0.031250 0.031250
0 0.225000 0.528125 0.031250 0.031250
0 0.662500 0.334375 0.031250 0.031250
0 0.546875 0.731250 0.031250 0.031250
0 0.906250 0.751563 0.031250 0.028125
0 0.818750 0.228125 0.031250 0.031250
0 0.564063 0.757812 0.028125 0.028125
0 0.721875 0.300000 0.031250 0.031250
0 0.753125 0.109375 0.031250 0.031250
0 0.784375 0.890625 0.031250 0.031250
0 0.409375 0.740625 0.031250 0.031250
0 0.600000 0.400000 0.031250 0.031250
0 0.428125 0.229687 0.031250 0.028125
0 0.515625 0.481250 0.031250 0.031250
0 0.400000 0.279687 0.031250 0.028125
0 0.843750 0.126562 0.031250 0.034375
0 0.512500 0.448437 0.031250 0.028125
0 0.193750 0.371875 0.031250 0.031250
0 0.721875 0.581250 0.031250 0.031250
0 0.506250 0.620313 0.031250 0.028125
0 0.901563 0.259375 0.028125 0.031250
0 0.764062 0.750000 0.028125 0.031250
0 0.409375 0.603125 0.031250 0.031250
0 0.753125 0.250000 0.031250 0.031250
0 0.903125 0.806250 0.031250 0.031250
0 0.901563 0.059375 0.028125 0.031250
0 0.748437 0.776563 0.028125 0.028125
0 0.307812 0.551562 0.028125 0.028125
0 0.339062 0.495312 0.028125 0.028125
0 0.484375 0.465625 0.031250 0.031250
0 0.453125 0.485938 0.031250 0.034375
0 0.587500 0.587500 0.031250 0.031250
0 0.228125 0.418750 0.031250 0.031250
0 0.381250 0.659375 0.031250 0.031250
0 0.750000 0.890625 0.031250 0.031250
0 0.815625 0.721875 0.031250 0.031250
0 0.632812 0.382812 0.028125 0.028125
0 0.812500 0.178125 0.031250 0.031250
0 0.687500 0.465625 0.031250 0.031250
0 0.665625 0.196875 0.031250 0.031250
0 0.398438 0.632812 0.028125 0.028125
0 0.956250 0.553125 0.031250 0.031250
0 0.765625 0.803125 0.031250 0.031250
0 0.871875 0.043750 0.031250 0.031250
0 0.256250 0.525000 0.031250 0.031250
0 0.390625 0.521875 0.031250 0.031250
0 0.615625 0.782813 0.031250 0.028125
0 0.220312 0.075000 0.034375 0.031250
0 0.557813 0.645312 0.028125 0.028125
0 0.843750 0.662500 0.031250 0.031250
0 0.425000 0.518750 0.031250 0.031250
0 0.396875 0.146875 0.031250 0.031250
0 0.712500 0.665625 0.031250 0.031250
0 0.401562 0.687500 0.028125 0.031250
0 0.396875 0.178125 0.031250 0.031250
0 0.764062 0.695312 0.028125 0.028125
0 0.734375 0.806250 0.031250 0.031250
0 0.887500 0.776563 0.031250 0.028125
0 0.526563 0.703125 0.028125 0.031250
0 0.762500 0.315625 0.031250 0.031250
0 0.375000 0.550000 0.031250 0.031250
0 0.531250 0.756250 0.031250 0.031250
0 0.571875 0.557813 0.031250 0.028125
0 0.593750 0.531250 0.031250 0.031250
0 0.684375 0.831250 0.031250 0.031250
0 0.690625 0.525000 0.031250 0.031250
0 0.460938 0.571875 0.028125 0.031250
0 0.428125 0.125000 0.031250 0.031250
0 0.271875 0.495312 0.031250 0.028125
0 0.668750 0.859375 0.031250 0.031250
0 0.873437 0.109375 0.028125 0.031250
0 0.579688 0.728125 0.028125 0.031250
0 0.371875 0.493750 0.031250 0.031250
0 0.532813 0.814063 0.028125 0.028125
0 0.603125 0.331250 0.031250 0.031250
0 0.796875 0.695312 0.031250 0.028125
0 0.478125 0.731250 0.031250 0.031250
0 0.782813 0.090625 0.034375 0.031250
0 0.510938 0.543750 0.028125 0.031250
0 0.662500 0.231250 0.031250 0.031250
0 0.315625 0.728125 0.031250 0.031250
0 0.423438 0.710938 0.028125 0.028125
0 0.193750 0.403125 0.031250 0.031250
0 0.259375 0.584375 0.031250 0.031250
0 0.851562 0.229687 0.028125 0.028125
0 0.781250 0.287500 0.031250 0.031250
0 0.209375 0.496875 0.031250 0.031250
0 0.626563 0.698438 0.028125 0.028125
0 0.323437 0.640625 0.028125 0.031250
0 0.495312 0.571875 0.028125 0.031250
0 0.779687 0.229687 0.034375 0.034375
0 0.689063 0.584375 0.028125 0.031250
0 0.376563 0.742188 0.028125 0.028125
0 0.251563 0.367188 0.028125 0.028125
0 0.396875 0.245312 0.031250 0.028125
0 0.651563 0.832812 0.028125 0.028125
0 0.659375 0.367188 0.031250 0.028125
0 0.625000 0.518750 0.031250 0.031250
0 0.265625 0.464062 0.031250 0.034375
0 0.457813 0.243750 0.028125 0.031250
0 0.643750 0.726562 0.031250 0.028125
0 0.814063 0.075000 0.034375 0.031250
0 0.632812 0.753125 0.028125 0.031250
0 0.429688 0.260937 0.028125 0.028125
0 0.290625 0.640625 0.031250 0.031250
0 0.496875 0.759375 0.031250 0.031250
0 0.937500 0.809375 0.031250 0.031250
0 0.445312 0.737500 0.028125 0.031250
0 0.809375 0.665625 0.031250 0.031250
0 0.340625 0.181250 0.031250 0.031250
0 0.682813 0.781250 0.028125 0.031250
0 0.339062 0.214062 0.028125 0.028125
0 0.662500 0.434375 0.031250 0.031250
0 0.292187 0.581250 0.028125 0.031250
0 0.746875 0.343750 0.031250 0.031250
0 0.571875 0.415625 0.031250 0.031250
0 0.250000 0.334375 0.031250 0.031250
0 0.542188 0.464062 0.028125 0.028125
0 0.657813 0.465625 0.028125 0.031250
0 0.698438 0.753125 0.028125 0.031250
0 0.485938 0.500000 0.028125 0.031250
0 0.870313 0.751563 0.028125 0.028125
0 0.725000 0.162500 0.031250 0.031250
0 0.340625 0.610938 0.031250 0.028125
0 0.689063 0.315625 0.028125 0.031250
0 0.862500 0.690625 0.031250 0.031250
0 0.739062 0.610938 0.028125 0.028125
0 0.665625 0.753125 0.031250 0.031250
0 0.360938 0.632812 0.028125 0.028125
0 0.306250 0.493750 0.031250 0.031250
0 0.515625 0.512500 0.031250 0.031250
0 0.550000 0.840625 0.031250 0.031250
0 0.750000 0.284375 0.031250 0.031250
0 0.818750 0.775000 0.031250 0.031250
0 0.971875 0.381250 0.031250 0.031250
0 0.187500 0.525000 0.031250 0.031250
0 0.939063 0.143750 0.034375 0.031250
0 0.431250 0.764062 0.031250 0.028125
0 0.784375 0.834375 0.031250 0.031250
0 0.392188 0.578125 0.028125 0.031250
0 0.395313 0.114062 0.034375 0.034375
0 0.464062 0.760938 0.028125 0.028125
0 0.376563 0.607812 0.028125 0.028125
0 0.634375 0.315625 0.031250 0.031250
0 0.340625 0.146875 0.031250 0.031250
0 0.687500 0.387500 0.031250 0.031250
0 0.732812 0.751563 0.028125 0.028125
0 0.718750 0.890625 0.031250 0.031250
0 0.542188 0.398438 0.028125 0.028125
0 0.321875 0.465625 0.031250 0.031250
0 0.293750 0.704688 0.031250 0.034375
0 0.751563 0.834375 0.028125 0.031250
0 0.848437 0.285938 0.028125 0.028125
0 0.448437 0.790625 0.028125 0.031250
0 0.782813 0.162500 0.028125 0.031250
0 0.968750 0.581250 0.031250 0.031250
0 0.354687 0.465625 0.028125 0.031250
0 0.164062 0.353125 0.034375 0.031250
0 0.515625 0.785937 0.031250 0.028125
0 0.596875 0.754687 0.031250 0.028125
0 0.370312 0.196875 0.028125 0.031250
0 0.554688 0.592187 0.028125 0.028125
0 0.818750 0.834375 0.031250 0.031250
0 0.704688 0.860938 0.028125 0.028125
0 0.706250 0.496875 0.031250 0.031250
0 0.368750 0.229687 0.031250 0.028125
0 0.926562 0.112500 0.034375 0.031250
0 0.431250 0.628125 0.031250 0.031250
0 0.575000 0.673438 0.031250 0.028125
0 0.642188 0.668750 0.028125 0.031250
0 0.717187 0.779687 0.028125 0.028125
0 0.903125 0.093750 0.031250 0.031250
0 0.829688 0.315625 0.028125 0.031250
0 0.515625 0.418750 0.031250 0.031250
0 0.368750 0.264062 0.031250 0.028125
0 0.429688 0.195312 0.028125 0.028125
0 0.692187 0.639062 0.028125 0.028125
0 0.253125 0.400000 0.031250 0.031250
0 0.573438 0.382812 0.028125 0.028125
0 0.671875 0.556250 0.031250 0.031250
0 0.487500 0.843750 0.031250 0.031250
0 0.465625 0.626563 0.031250 0.028125
0 0.970313 0.321875 0.034375 0.031250
0 0.851562 0.832812 0.028125 0.028125
0 0.487500 0.293750 0.031250 0.031250
0 0.814063 0.040625 0.034375 0.031250
0 0.784375 0.196875 0.031250 0.031250
0 0.635938 0.178125 0.028125 0.031250
0 0.512500 0.731250 0.031250 0.031250
0 0.201563 0.554688 0.034375 0.034375
0 0.457813 0.517188 0.028125 0.028125
0 0.426563 0.575000 0.028125 0.031250
0 0.612500 0.728125 0.031250 0.031250
0 0.487500 0.090625 0.031250 0.031250
0 0.706250 0.610938 0.031250 0.028125
0 0.971875 0.204687 0.031250 0.034375
0 0.293750 0.446875 0.031250 0.031250
0 0.443750 0.546875 0.031250 0.031250
0 0.257812 0.431250 0.028125 0.031250
0 0.254688 0.651563 0.034375 0.034375
0 0.598437 0.876563 0.034375 0.034375
0 0.693750 0.178125 0.031250 0.031250
0 0.542188 0.675000 0.028125 0.031250
0 0.887500 0.229687 0.031250 0.028125
0 0.306250 0.610938 0.031250 0.028125
0 0.656250 0.525000 0.031250 0.031250
0 0.367188 0.164062 0.028125 0.028125
0 0.684375 0.887500 0.031250 0.031250
0 0.398438 0.314063 0.028125 0.028125
0 0.459375 0.140625 0.031250 0.031250
0 0.239063 0.623437 0.034375 0.034375
0 0.493750 0.704688 0.031250 0.028125
0 0.743750 0.667188 0.031250 0.028125
0 0.848437 0.718750 0.028125 0.031250
0 0.950000 0.606250 0.031250 0.031250
0 0.953125 0.171875 0.031250 0.031250
0 0.171875 0.459375 0.031250 0.031250
0 0.690625 0.353125 0.031250 0.031250
0 0.723437 0.640625 0.028125 0.031250
0 0.406250 0.493750 0.031250 0.031250
0 0.487500 0.400000 0.031250 0.031250
0 0.573438 0.350000 0.028125 0.031250
0 0.168750 0.421875 0.031250 0.031250
0 0.190625 0.023438 0.031250 0.034375
0 0.754687 0.582812 0.028125 0.028125
0 0.456250 0.451562 0.031250 0.028125
0 0.606250 0.195312 0.031250 0.028125
0 0.704688 0.554688 0.028125 0.028125
0 0.870313 0.804688 0.028125 0.028125
0 0.693750 0.143750 0.031250 0.031250
0 0.721875 0.526563 0.031250 0.028125
0 0.370312 0.293750 0.028125 0.031250
0 0.934375 0.260937 0.031250 0.028125
0 0.923438 0.171875 0.028125 0.031250
0 0.459375 0.178125 0.031250 0.031250
0 0.189062 0.128125 0.028125 0.031250
0 0.601562 0.812500 0.028125 0.031250
0 0.665625 0.162500 0.031250 0.031250
0 0.389062 0.714063 0.028125 0.028125
0 0.468750 0.817187 0.031250 0.028125
0 0.737500 0.556250 0.031250 0.031250
0 0.459375 0.278125 0.031250 0.031250
0 0.281250 0.350000 0.031250 0.031250
0 0.309375 0.231250 0.031250 0.031250
0 0.881250 0.718750 0.031250 0.031250
0 0.426563 0.295312 0.028125 0.028125
0 0.718750 0.834375 0.031250 0.031250
0 0.398438 0.768750 0.028125 0.031250
0 0.457813 0.073438 0.034375 0.034375
0 0.581250 0.782813 0.031250 0.028125
0 0.178125 0.490625 0.031250 0.031250
0 0.425000 0.468750 0.031250 0.031250
0 0.718750 0.334375 0.031250 0.031250
0 0.518750 0.853125 0.031250 0.031250
0 0.407813 0.553125 0.028125 0.031250
0 0.779687 0.667188 0.028125 0.028125
0 0.640625 0.615625 0.031250 0.031250
0 0.673438 0.612500 0.028125 0.031250
0 0.339062 0.248438 0.028125 0.028125
0 0.545312 0.498437 0.028125 0.028125
0 0.700000 0.806250 0.031250 0.031250
0 0.693750 0.215625 0.031250 0.031250
0 0.687500 0.417187 0.031250 0.028125
0 0.650000 0.779687 0.031250 0.028125
0 0.403125 0.798438 0.031250 0.034375
0 0.309375 0.200000 0.031250 0.031250
0 0.845313 0.025000 0.034375 0.031250
0 0.160938 0.042188 0.034375 0.034375
0 0.501563 0.814063 0.028125 0.028125
0 0.834375 0.200000 0.031250 0.031250
0 0.340625 0.750000 0.031250 0.031250
0 0.309375 0.164062 0.031250 0.034375
0 0.485938 0.432812 0.028125 0.028125
0 0.618750 0.837500 0.031250 0.031250
0 0.953125 0.231250 0.031250 0.031250
0 0.709375 0.439063 0.031250 0.028125
0 0.953125 0.290625 0.031250 0.031250
0 0.190625 0.267188 0.031250 0.028125
0 0.604688 0.228125 0.028125 0.031250
0 0.367188 0.129688 0.028125 0.028125
0 0.715625 0.403125 0.031250 0.031250
0 0.565625 0.868750 0.031250 0.031250
0 0.768750 0.857812 0.031250 0.028125
0 0.273438 0.679688 0.034375 0.034375
0 0.718750 0.371875 0.031250 0.031250
0 0.609375 0.671875 0.031250 0.031250
0 0.250000 0.300000 0.031250 0.031250
0 0.784375 0.059375 0.031250 0.031250
0 0.603125 0.300000 0.031250 0.031250
0 0.784375 0.025000 0.031250 0.031250
0 0.457813 0.212500 0.028125 0.031250
0 0.571875 0.618750 0.031250 0.031250
0 0.284375 0.414062 0.031250 0.034375
0 0.960938 0.112500 0.034375 0.031250
0 0.365625 0.325000 0.031250 0.031250
0 0.851562 0.776563 0.028125 0.028125
0 0.387500 0.465625 0.031250 0.031250
0 0.893750 0.693750 0.031250 0.031250
0 0.914062 0.720313 0.028125 0.028125
0 0.364063 0.773438 0.034375 0.034375
0 0.721875 0.468750 0.031250 0.031250
0 0.854688 0.885938 0.034375 0.034375
0 0.871875 0.856250 0.031250 0.031250
0 0.754687 0.179688 0.028125 0.028125
0 0.323437 0.432812 0.034375 0.034375
0 0.634375 0.807813 0.025000 0.028125
0 0.940625 0.521875 0.031250 0.031250
0 0.975000 0.525000 0.031250 0.031250
0 0.412500 0.350000 0.031250 0.031250
0 0.162500 0.390625 0.031250 0.031250
0 0.737500 0.860938 0.031250 0.028125
0 0.220312 0.110937 0.034375 0.034375
0 0.917188 0.837500 0.034375 0.031250
0 0.515625 0.381250 0.031250 0.031250
0 0.876563 0.662500 0.028125 0.031250
0 0.970313 0.260937 0.034375 0.034375
0 0.932813 0.078125 0.028125 0.031250
0 0.835938 0.857812 0.028125 0.028125
0 0.159375 0.145313 0.031250 0.034375
0 0.160938 0.317188 0.034375 0.034375
0 0.487500 0.057813 0.031250 0.034375
0 0.250000 0.093750 0.031250 0.031250
0 0.279687 0.379688 0.028125 0.028125
0 0.356250 0.434375 0.031250 0.031250
0 0.373437 0.404687 0.028125 0.028125
0 0.906250 0.028125 0.031250 0.031250
0 0.278125 0.314063 0.031250 0.034375
0 0.953125 0.350000 0.031250 0.031250
0 0.818750 0.887500 0.031250 0.031250
0 0.937500 0.576562 0.025000 0.028125
0 0.757812 0.640625 0.028125 0.031250
0 0.970313 0.029687 0.034375 0.034375
0 0.307812 0.262500 0.028125 0.031250
0 0.868750 0.578125 0.031250 0.031250
0 0.962500 0.637500 0.031250 0.031250
0 0.939063 0.381250 0.028125 0.031250
0 0.401562 0.018750 0.034375 0.031250
0 0.935937 0.320312 0.028125 0.028125
0 0.220312 0.040625 0.034375 0.031250
0 0.960938 0.062500 0.034375 0.031250
0 0.159375 0.284375 0.031250 0.031250
0 0.900000 0.575000 0.025000 0.025000
0 0.651563 0.885938 0.034375 0.034375
0 0.756250 0.376563 0.031250 0.034375
0 0.810937 0.342187 0.028125 0.028125
0 0.928125 0.693750 0.031250 0.031250
0 0.884375 0.834375 0.031250 0.031250
0 0.659375 0.639062 0.031250 0.028125
0 0.278125 0.214062 0.031250 0.028125
0 0.631250 0.865625 0.031250 0.031250
0 0.434375 0.815625 0.031250 0.031250
0 0.950000 0.764062 0.031250 0.034375
0 0.218750 0.284375 0.031250 0.031250
0 0.943750 0.734375 0.031250 0.031250
0 0.960938 0.792188 0.034375 0.034375
0 0.635938 0.143750 0.028125 0.025000
0 0.801562 0.860938 0.028125 0.028125
0 0.517188 0.278125 0.028125 0.031250
