0 0.625000 0.095312 0.031250 0.028125
0 0.467187 0.220312 0.028125 0.028125
0 0.815625 0.079687 0.031250 0.034375
0 0.732812 0.139063 0.028125 0.028125
0 0.787500 0.095312 0.031250 0.034375
0 0.764062 0.154688 0.028125 0.028125
0 0.785937 0.059375 0.028125 0.031250
0 0.318750 0.782813 0.031250 0.034375
0 0.729688 0.200000 0.028125 0.031250
0 0.762500 0.120313 0.031250 0.028125
0 0.729688 0.170313 0.028125 0.028125
0 0.551562 0.420312 0.028125 0.028125
0 0.759375 0.185938 0.031250 0.028125
0 0.065625 0.709375 0.031250 0.031250
0 0.089063 0.792188 0.028125 0.028125
0 0.134375 0.564063 0.031250 0.028125
0 0.068750 0.162500 0.031250 0.031250
0 0.070312 0.820312 0.028125 0.028125
0 0.273438 0.590625 0.028125 0.031250
0 0.615625 0.690625 0.031250 0.031250
0 0.448437 0.135937 0.028125 0.028125
0 0.706250 0.118750 0.031250 0.031250
0 0.356250 0.173437 0.031250 0.028125
0 0.435937 0.232813 0.028125 0.028125
0 0.367188 0.110937 0.028125 0.028125
0 0.367188 0.079687 0.028125 0.028125
0 0.735938 0.103125 0.028125 0.031250
0 0.278125 0.110937 0.031250 0.028125
0 0.539062 0.746875 0.028125 0.031250
0 0.450000 0.753125 0.031250 0.031250
0 0.540625 0.067187 0.031250 0.028125
0 0.567187 0.085938 0.028125 0.028125
0 0.151562 0.642188 0.028125 0.028125
0 0.067187 0.765625 0.028125 0.031250
0 0.495312 0.204687 0.028125 0.028125
0 0.571875 0.323437 0.031250 0.028125
0 0.457813 0.720313 0.028125 0.028125
0 0.051562 0.535937 0.028125 0.028125
0 0.696875 0.182812 0.031250 0.028125
0 0.598437 0.076563 0.028125 0.028125
0 0.139063 0.820312 0.028125 0.028125
0 0.450000 0.785937 0.031250 0.028125
0 0.592187 0.135937 0.028125 0.028125
0 0.564063 0.529687 0.028125 0.028125
0 0.571875 0.292187 0.031250 0.028125
0 0.115625 0.734375 0.031250 0.031250
0 0.560937 0.595313 0.028125 0.028125
0 0.107813 0.545312 0.028125 0.028125
0 0.534375 0.129688 0.031250 0.028125
0 0.064062 0.678125 0.028125 0.031250
0 0.607812 0.425000 0.028125 0.031250
0 0.473438 0.154688 0.028125 0.028125
0 0.607812 0.220312 0.028125 0.028125
0 0.617188 0.126562 0.028125 0.028125
0 0.629687 0.239063 0.028125 0.028125
0 0.651563 0.675000 0.028125 0.031250
0 0.289062 0.473438 0.028125 0.028125
0 0.114062 0.481250 0.028125 0.031250
0 0.550000 0.626563 0.031250 0.028125
0 0.628125 0.062500 0.031250 0.031250
0 0.645312 0.145313 0.028125 0.028125
0 0.595313 0.345313 0.028125 0.028125
0 0.709375 0.084375 0.031250 0.031250
0 0.565625 0.731250 0.031250 0.031250
0 0.560937 0.564063 0.028125 0.028125
0 0.287500 0.790625 0.031250 0.031250
0 0.335938 0.567187 0.028125 0.028125
0 0.329688 0.151562 0.028125 0.028125
0 0.701562 0.151562 0.028125 0.028125
0 0.612500 0.157812 0.031250 0.028125
0 0.390625 0.776563 0.031250 0.028125
0 0.610938 0.190625 0.028125 0.031250
0 0.601562 0.282813 0.028125 0.028125
0 0.520312 0.223438 0.028125 0.028125
0 0.350000 0.781250 0.031250 0.031250
0 0.784375 0.204687 0.031250 0.028125
0 0.482812 0.093750 0.028125 0.031250
0 0.771875 0.521875 0.031250 0.031250
0 0.742188 0.525000 0.028125 0.031250
0 0.068750 0.412500 0.031250 0.031250
0 0.545312 0.276562 0.028125 0.028125
0 0.564063 0.117188 0.028125 0.028125
0 0.418750 0.150000 0.031250 0.031250
0 0.759375 0.079687 0.031250 0.028125
0 0.259375 0.482812 0.025000 0.028125
0 0.153125 0.846875 0.031250 0.031250
0 0.128125 0.248438 0.031250 0.028125
0 0.784375 0.490625 0.031250 0.031250
0 0.300000 0.404687 0.031250 0.028125
0 0.626563 0.331250 0.028125 0.031250
0 0.089063 0.850000 0.028125 0.031250
0 0.442188 0.404687 0.028125 0.028125
0 0.728125 0.056250 0.031250 0.031250
0 0.275000 0.143750 0.025000 0.025000
0 0.334375 0.814063 0.031250 0.028125
0 0.815625 0.114062 0.031250 0.034375
0 0.539062 0.098437 0.028125 0.028125
0 0.343750 0.059375 0.031250 0.031250
0 0.635938 0.207813 0.028125 0.028125
0 0.260937 0.685937 0.028125 0.028125
0 0.228125 0.728125 0.031250 0.031250
0 0.373437 0.048438 0.028125 0.028125
0 0.323437 0.843750 0.028125 0.031250
0 0.656250 0.084375 0.031250 0.031250
0 0.592187 0.107813 0.028125 0.028125
0 0.307812 0.373437 0.028125 0.028125
0 0.248438 0.123438 0.028125 0.028125
0 0.503125 0.143750 0.031250 0.031250
0 0.284375 0.081250 0.031250 0.031250
0 0.354687 0.840625 0.028125 0.031250
0 0.726562 0.554688 0.028125 0.028125
0 0.682813 0.667188 0.034375 0.034375
0 0.051562 0.048438 0.028125 0.028125
0 0.270313 0.817187 0.028125 0.028125
0 0.442188 0.198437 0.028125 0.028125
0 0.396875 0.096875 0.031250 0.031250
0 0.304688 0.579688 0.028125 0.028125
0 0.598437 0.487500 0.028125 0.031250
0 0.264062 0.451562 0.028125 0.028125
0 0.756250 0.043750 0.031250 0.031250
0 0.285938 0.050000 0.028125 0.031250
0 0.628125 0.300000 0.031250 0.031250
0 0.285938 0.729688 0.028125 0.028125
0 0.310937 0.748437 0.028125 0.028125
0 0.414062 0.592187 0.028125 0.028125
0 0.065625 0.648438 0.031250 0.028125
0 0.120313 0.420312 0.028125 0.028125
0 0.098437 0.604688 0.028125 0.028125
0 0.620313 0.539062 0.028125 0.028125
0 0.618750 0.726562 0.031250 0.034375
0 0.523438 0.431250 0.028125 0.031250
0 0.292187 0.701562 0.028125 0.028125
0 0.595313 0.518750 0.028125 0.031250
0 0.640625 0.175000 0.031250 0.031250
0 0.592187 0.376563 0.028125 0.028125
0 0.667188 0.432812 0.028125 0.028125
0 0.337500 0.362500 0.025000 0.025000
0 0.301563 0.610938 0.028125 0.028125
0 0.045312 0.567187 0.028125 0.028125
0 0.657813 0.353125 0.028125 0.031250
0 0.339062 0.092188 0.028125 0.028125
0 0.589063 0.548438 0.028125 0.028125
0 0.643750 0.706250 0.031250 0.031250
0 0.173437 0.690625 0.028125 0.031250
0 0.610938 0.659375 0.028125 0.031250
0 0.498437 0.175000 0.028125 0.031250
0 0.139063 0.326562 0.028125 0.028125
0 0.539062 0.339062 0.028125 0.028125
0 0.639062 0.415625 0.028125 0.031250
0 0.159375 0.581250 0.031250 0.031250
0 0.654687 0.114062 0.028125 0.028125
0 0.579688 0.703125 0.028125 0.031250
0 0.353125 0.645312 0.025000 0.028125
0 0.304688 0.817187 0.028125 0.028125
0 0.510938 0.726562 0.028125 0.028125
0 0.156250 0.792188 0.031250 0.028125
0 0.668750 0.400000 0.031250 0.031250
0 0.226562 0.498437 0.028125 0.028125
0 0.054688 0.504687 0.028125 0.028125
0 0.345313 0.298438 0.028125 0.028125
0 0.275000 0.385937 0.025000 0.028125
0 0.535937 0.542188 0.028125 0.028125
0 0.164062 0.551562 0.028125 0.028125
0 0.310937 0.343750 0.028125 0.031250
0 0.335938 0.120313 0.028125 0.028125
0 0.092188 0.665625 0.028125 0.031250
0 0.048438 0.079687 0.028125 0.028125
0 0.371875 0.803125 0.031250 0.031250
0 0.445312 0.579688 0.028125 0.028125
0 0.510938 0.081250 0.028125 0.031250
0 0.812500 0.259375 0.031250 0.031250
0 0.617188 0.395313 0.028125 0.028125
0 0.082812 0.737500 0.028125 0.031250
0 0.492188 0.239063 0.028125 0.028125
0 0.023438 0.793750 0.028125 0.031250
0 0.487500 0.676562 0.031250 0.028125
0 0.451562 0.104688 0.028125 0.028125
0 0.139063 0.707812 0.028125 0.028125
0 0.448437 0.545312 0.028125 0.028125
0 0.362500 0.142187 0.031250 0.028125
0 0.148438 0.440625 0.028125 0.031250
0 0.473438 0.567187 0.028125 0.028125
0 0.123438 0.279687 0.028125 0.028125
0 0.325000 0.184375 0.031250 0.031250
0 0.429688 0.701562 0.028125 0.028125
0 0.635938 0.032813 0.028125 0.028125
0 0.457813 0.689063 0.028125 0.028125
0 0.198437 0.737500 0.028125 0.031250
0 0.332813 0.598437 0.028125 0.028125
0 0.087500 0.320312 0.031250 0.028125
0 0.567187 0.351562 0.028125 0.028125
0 0.043750 0.109375 0.031250 0.031250
0 0.589063 0.579688 0.028125 0.028125
0 0.120313 0.846875 0.028125 0.031250
0 0.757812 0.220312 0.028125 0.028125
0 0.507812 0.110937 0.028125 0.028125
0 0.054688 0.795312 0.028125 0.028125
0 0.781250 0.267188 0.031250 0.034375
0 0.790625 0.134375 0.031250 0.031250
0 0.781250 0.234375 0.031250 0.031250
0 0.579688 0.198437 0.028125 0.028125
0 0.781250 0.300000 0.031250 0.031250
0 0.300000 0.165625 0.031250 0.031250
0 0.625000 0.507812 0.031250 0.028125
0 0.290625 0.845313 0.031250 0.028125
0 0.081250 0.525000 0.031250 0.031250
0 0.814063 0.223438 0.034375 0.034375
0 0.746875 0.250000 0.031250 0.031250
0 0.664062 0.195312 0.028125 0.028125
0 0.182812 0.629687 0.028125 0.028125
0 0.442188 0.170313 0.028125 0.028125
0 0.348438 0.676562 0.028125 0.028125
0 0.110937 0.514062 0.028125 0.028125
0 0.598437 0.253125 0.028125 0.031250
0 0.570312 0.498437 0.028125 0.028125
0 0.620313 0.364063 0.028125 0.028125
0 0.485938 0.710938 0.028125 0.028125
0 0.503125 0.382812 0.031250 0.028125
0 0.776563 0.365625 0.028125 0.031250
0 0.576562 0.439063 0.028125 0.028125
0 0.326562 0.629687 0.028125 0.028125
0 0.451562 0.342187 0.028125 0.028125
0 0.100000 0.704688 0.031250 0.028125
0 0.306250 0.132812 0.025000 0.028125
0 0.651563 0.525000 0.028125 0.031250
0 0.525000 0.192188 0.031250 0.028125
0 0.545312 0.482812 0.028125 0.028125
0 0.598437 0.310937 0.028125 0.028125
0 0.529687 0.160938 0.028125 0.028125
0 0.315625 0.279687 0.025000 0.028125
0 0.500000 0.585938 0.031250 0.028125
0 0.640625 0.646875 0.031250 0.031250
0 0.354687 0.204687 0.028125 0.028125
0 0.418750 0.793750 0.031250 0.031250
0 0.376563 0.254688 0.028125 0.028125
0 0.126562 0.389062 0.028125 0.028125
0 0.123438 0.623437 0.028125 0.028125
0 0.232813 0.467187 0.028125 0.028125
0 0.251563 0.092188 0.028125 0.028125
0 0.345313 0.707812 0.028125 0.028125
0 0.307812 0.551562 0.028125 0.028125
0 0.154688 0.267188 0.028125 0.028125
0 0.207813 0.676562 0.028125 0.028125
0 0.507812 0.525000 0.028125 0.031250
0 0.101562 0.765625 0.028125 0.031250
0 0.417187 0.385937 0.028125 0.028125
0 0.040625 0.142187 0.031250 0.028125
0 0.470313 0.596875 0.028125 0.031250
0 0.392188 0.128125 0.028125 0.031250
0 0.292187 0.670312 0.028125 0.028125
0 0.270313 0.420312 0.028125 0.028125
0 0.314063 0.070312 0.028125 0.028125
0 0.682813 0.509375 0.028125 0.031250
0 0.364063 0.554688 0.028125 0.028125
0 0.489063 0.270313 0.028125 0.028125
0 0.312500 0.520312 0.031250 0.028125
0 0.218750 0.850000 0.031250 0.031250
0 0.510938 0.317188 0.028125 0.028125
0 0.239063 0.820312 0.028125 0.028125
0 0.789062 0.173437 0.028125 0.028125
0 0.653125 0.318750 0.031250 0.031250
0 0.418750 0.765625 0.031250 0.031250
0 0.364063 0.379688 0.028125 0.028125
0 0.520312 0.257812 0.028125 0.028125
0 0.690625 0.343750 0.031250 0.031250
0 0.745313 0.581250 0.028125 0.031250
0 0.253125 0.514062 0.025000 0.028125
0 0.021875 0.548438 0.031250 0.028125
0 0.479687 0.773438 0.028125 0.028125
0 0.420312 0.560937 0.028125 0.028125
0 0.573438 0.054688 0.028125 0.028125
0 0.700000 0.448437 0.031250 0.028125
0 0.668750 0.634375 0.031250 0.031250
0 0.760938 0.553125 0.028125 0.031250
0 0.173437 0.756250 0.028125 0.031250
0 0.473438 0.392188 0.028125 0.028125
0 0.470313 0.185938 0.028125 0.028125
0 0.132812 0.360938 0.028125 0.028125
0 0.557813 0.382812 0.028125 0.028125
0 0.110937 0.342187 0.028125 0.028125
0 0.617188 0.567187 0.028125 0.028125
0 0.318750 0.037500 0.031250 0.031250
0 0.432812 0.673438 0.028125 0.028125
0 0.387500 0.159375 0.031250 0.031250
0 0.367188 0.348438 0.028125 0.028125
0 0.745313 0.379688 0.028125 0.028125
0 0.484375 0.506250 0.031250 0.031250
0 0.462500 0.657813 0.025000 0.028125
0 0.395313 0.335938 0.028125 0.028125
0 0.117188 0.307812 0.028125 0.028125
0 0.509375 0.760938 0.025000 0.028125
0 0.101562 0.820312 0.028125 0.028125
0 0.507812 0.348438 0.028125 0.028125
0 0.556250 0.176563 0.031250 0.028125
0 0.025000 0.517188 0.031250 0.028125
0 0.426563 0.732812 0.028125 0.028125
0 0.103125 0.576562 0.025000 0.028125
0 0.498437 0.410938 0.028125 0.028125
0 0.660937 0.228125 0.028125 0.031250
0 0.371875 0.493750 0.031250 0.031250
0 0.476562 0.123438 0.028125 0.028125
0 0.032813 0.689063 0.028125 0.028125
0 0.339062 0.535937 0.028125 0.028125
0 0.476562 0.535937 0.028125 0.028125
0 0.373437 0.695312 0.028125 0.028125
0 0.704688 0.643750 0.034375 0.031250
0 0.603125 0.456250 0.031250 0.031250
0 0.725000 0.025000 0.031250 0.031250
0 0.357812 0.617188 0.028125 0.028125
0 0.429688 0.498437 0.028125 0.028125
0 0.282813 0.504687 0.028125 0.028125
0 0.367188 0.523438 0.028125 0.028125
0 0.379688 0.221875 0.028125 0.031250
0 0.367188 0.754687 0.028125 0.028125
0 0.425000 0.085938 0.031250 0.028125
0 0.135937 0.767188 0.028125 0.028125
0 0.551562 0.654687 0.028125 0.028125
0 0.582812 0.404687 0.028125 0.028125
0 0.235937 0.667188 0.028125 0.028125
0 0.550000 0.687500 0.031250 0.031250
0 0.546875 0.037500 0.031250 0.031250
0 0.307812 0.103125 0.028125 0.031250
0 0.184375 0.601562 0.031250 0.028125
0 0.462500 0.456250 0.025000 0.025000
0 0.712500 0.495312 0.031250 0.028125
0 0.707812 0.529687 0.028125 0.028125
0 0.342187 0.329688 0.028125 0.028125
0 0.467187 0.626563 0.028125 0.028125
0 0.042188 0.598437 0.028125 0.028125
0 0.085938 0.493750 0.028125 0.031250
0 0.489063 0.648438 0.028125 0.028125
0 0.812500 0.290625 0.031250 0.031250
0 0.050000 0.740625 0.031250 0.031250
0 0.420312 0.118750 0.028125 0.031250
0 0.560937 0.150000 0.028125 0.031250
0 0.346875 0.026562 0.031250 0.028125
0 0.750000 0.346875 0.031250 0.031250
0 0.692187 0.039062 0.028125 0.028125
0 0.254688 0.792188 0.028125 0.028125
0 0.685937 0.478125 0.028125 0.031250
0 0.187500 0.848437 0.031250 0.028125
0 0.746875 0.492188 0.031250 0.028125
0 0.395313 0.743750 0.028125 0.031250
0 0.382812 0.192188 0.028125 0.028125
0 0.204687 0.820312 0.028125 0.028125
0 0.325000 0.215625 0.031250 0.031250
0 0.681250 0.101562 0.031250 0.028125
0 0.057813 0.473438 0.028125 0.028125
0 0.478125 0.806250 0.031250 0.031250
0 0.167187 0.520312 0.028125 0.028125
0 0.446875 0.373437 0.025000 0.028125
0 0.478125 0.362500 0.025000 0.025000
0 0.254688 0.743750 0.028125 0.031250
0 0.506250 0.793750 0.031250 0.031250
0 0.439063 0.610938 0.028125 0.028125
0 0.039062 0.629687 0.028125 0.028125
0 0.537500 0.781250 0.031250 0.031250
0 0.435937 0.642188 0.028125 0.028125
0 0.073438 0.587500 0.028125 0.031250
0 0.520312 0.664062 0.028125 0.028125
0 0.129688 0.592187 0.028125 0.028125
0 0.120313 0.795312 0.028125 0.028125
0 0.482812 0.329688 0.028125 0.028125
0 0.410938 0.420312 0.028125 0.028125
0 0.201563 0.478125 0.028125 0.031250
0 0.423438 0.529687 0.028125 0.028125
0 0.681250 0.543750 0.031250 0.031250
0 0.332813 0.392188 0.028125 0.028125
0 0.582812 0.642188 0.028125 0.028125
0 0.614062 0.598437 0.028125 0.028125
0 0.148438 0.737500 0.028125 0.031250
0 0.400000 0.714063 0.025000 0.028125
0 0.060937 0.301563 0.028125 0.028125
0 0.582812 0.670312 0.028125 0.028125
0 0.585938 0.167187 0.028125 0.028125
0 0.660937 0.050000 0.028125 0.031250
0 0.632812 0.445312 0.028125 0.028125
0 0.570312 0.467187 0.028125 0.028125
0 0.514062 0.289062 0.028125 0.028125
0 0.642188 0.615625 0.028125 0.031250
0 0.670312 0.164062 0.028125 0.028125
0 0.614062 0.628125 0.028125 0.031250
0 0.035937 0.425000 0.028125 0.031250
0 0.387500 0.834375 0.031250 0.031250
0 0.346875 0.268750 0.031250 0.031250
0 0.532813 0.575000 0.028125 0.031250
0 0.692187 0.214062 0.028125 0.028125
0 0.292187 0.639062 0.028125 0.028125
0 0.643750 0.379688 0.031250 0.028125
0 0.573438 0.229687 0.028125 0.028125
0 0.179688 0.659375 0.028125 0.025000
0 0.784375 0.028125 0.031250 0.031250
0 0.750000 0.315625 0.031250 0.031250
0 0.470313 0.425000 0.028125 0.031250
0 0.385937 0.604688 0.028125 0.028125
0 0.092188 0.432812 0.028125 0.028125
0 0.315625 0.717187 0.025000 0.028125
0 0.318750 0.459375 0.031250 0.031250
0 0.542188 0.306250 0.028125 0.025000
0 0.257812 0.059375 0.028125 0.031250
0 0.550000 0.210938 0.025000 0.028125
0 0.410938 0.210938 0.028125 0.028125
0 0.050000 0.221875 0.031250 0.031250
0 0.660937 0.460938 0.028125 0.028125
0 0.242188 0.151562 0.028125 0.028125
0 0.259375 0.714063 0.025000 0.028125
0 0.432812 0.467187 0.028125 0.028125
0 0.315625 0.310937 0.031250 0.028125
0 0.398438 0.067187 0.028125 0.028125
0 0.076563 0.557813 0.028125 0.028125
0 0.681250 0.373437 0.031250 0.028125
0 0.420312 0.354687 0.028125 0.028125
0 0.145313 0.470313 0.028125 0.028125
0 0.314063 0.489063 0.028125 0.028125
0 0.568750 0.765625 0.031250 0.031250
0 0.189062 0.570312 0.028125 0.028125
0 0.342187 0.737500 0.028125 0.031250
0 0.628125 0.476562 0.031250 0.028125
0 0.395313 0.540625 0.028125 0.031250
0 0.489063 0.473438 0.028125 0.028125
0 0.207813 0.648438 0.028125 0.028125
0 0.192188 0.539062 0.028125 0.028125
0 0.720313 0.328125 0.028125 0.031250
0 0.404687 0.682813 0.028125 0.028125
0 0.279687 0.532813 0.028125 0.028125
0 0.035937 0.767188 0.028125 0.028125
0 0.485938 0.062500 0.028125 0.031250
0 0.593750 0.746875 0.031250 0.031250
0 0.270313 0.175000 0.028125 0.031250
0 0.792188 0.456250 0.034375 0.031250
0 0.020313 0.726562 0.034375 0.034375
0 0.778125 0.332813 0.031250 0.028125
0 0.579688 0.025000 0.028125 0.031250
0 0.364063 0.585938 0.028125 0.028125
0 0.092188 0.179688 0.028125 0.028125
0 0.718750 0.356250 0.031250 0.031250
0 0.812500 0.193750 0.031250 0.031250
0 0.214062 0.135937 0.028125 0.028125
0 0.676562 0.132812 0.028125 0.028125
0 0.526563 0.398438 0.028125 0.028125
0 0.545312 0.245312 0.028125 0.028125
0 0.256250 0.845313 0.031250 0.028125
0 0.096875 0.401562 0.031250 0.028125
0 0.462500 0.250000 0.025000 0.025000
0 0.021875 0.059375 0.031250 0.031250
0 0.139063 0.501563 0.028125 0.028125
0 0.098437 0.260937 0.028125 0.028125
0 0.264062 0.654687 0.028125 0.028125
0 0.187500 0.793750 0.031250 0.031250
0 0.518750 0.464062 0.025000 0.028125
0 0.101562 0.370312 0.028125 0.028125
0 0.654687 0.493750 0.028125 0.031250
0 0.173437 0.821875 0.028125 0.031250
0 0.382812 0.632812 0.028125 0.028125
0 0.157812 0.128125 0.028125 0.031250
0 0.351562 0.235937 0.028125 0.028125
0 0.454688 0.076563 0.028125 0.028125
0 0.529687 0.370312 0.028125 0.028125
0 0.410938 0.623437 0.028125 0.028125
0 0.545312 0.451562 0.028125 0.028125
0 0.414062 0.179688 0.028125 0.028125
0 0.229687 0.696875 0.028125 0.031250
0 0.223438 0.526563 0.028125 0.028125
0 0.201563 0.707812 0.028125 0.028125
0 0.700000 0.417187 0.031250 0.028125
0 0.806250 0.384375 0.031250 0.031250
0 0.079687 0.210938 0.028125 0.028125
0 0.103125 0.229687 0.031250 0.028125
0 0.690625 0.312500 0.031250 0.031250
0 0.071875 0.129688 0.031250 0.028125
0 0.326562 0.423438 0.028125 0.028125
0 0.457813 0.489063 0.028125 0.028125
0 0.503125 0.554688 0.031250 0.028125
0 0.089063 0.460938 0.028125 0.028125
0 0.267188 0.623437 0.028125 0.028125
0 0.482812 0.745313 0.028125 0.028125
0 0.801562 0.417187 0.034375 0.034375
0 0.154688 0.614062 0.028125 0.028125
0 0.135937 0.529687 0.028125 0.028125
0 0.404687 0.243750 0.028125 0.031250
0 0.189062 0.114062 0.028125 0.028125
0 0.451562 0.517188 0.028125 0.028125
0 0.098437 0.635938 0.028125 0.028125
0 0.687500 0.278125 0.031250 0.031250
0 0.060937 0.442188 0.028125 0.028125
0 0.073438 0.239063 0.028125 0.028125
0 0.148438 0.298438 0.028125 0.028125
0 0.403125 0.034375 0.031250 0.031250
0 0.809375 0.354687 0.031250 0.034375
0 0.279687 0.760938 0.028125 0.028125
0 0.248438 0.545312 0.028125 0.028125
0 0.392188 0.367188 0.028125 0.028125
0 0.210938 0.164062 0.028125 0.028125
0 0.050000 0.331250 0.031250 0.031250
0 0.604688 0.042188 0.028125 0.028125
0 0.435937 0.435937 0.028125 0.028125
0 0.482812 0.300000 0.028125 0.031250
0 0.379688 0.664062 0.028125 0.028125
0 0.320312 0.248438 0.028125 0.028125
0 0.710938 0.387500 0.028125 0.031250
0 0.034375 0.657813 0.031250 0.028125
0 0.031250 0.173437 0.031250 0.028125
0 0.514062 0.495312 0.028125 0.028125
0 0.407813 0.448437 0.028125 0.028125
0 0.429688 0.056250 0.028125 0.031250
0 0.717187 0.232813 0.028125 0.028125
0 0.182812 0.148438 0.028125 0.028125
0 0.367188 0.317188 0.028125 0.028125
0 0.537500 0.714063 0.031250 0.028125
0 0.196875 0.507812 0.025000 0.028125
0 0.457813 0.314063 0.028125 0.028125
0 0.078125 0.068750 0.031250 0.031250
0 0.193750 0.260937 0.031250 0.028125
0 0.173437 0.723437 0.028125 0.028125
0 0.279687 0.357812 0.028125 0.028125
0 0.321875 0.659375 0.025000 0.025000
0 0.096875 0.150000 0.031250 0.031250
0 0.214062 0.587500 0.028125 0.031250
0 0.398438 0.304688 0.028125 0.028125
0 0.757812 0.462500 0.028125 0.031250
0 0.775000 0.395313 0.031250 0.028125
0 0.417187 0.825000 0.028125 0.031250
0 0.407813 0.654687 0.028125 0.028125
0 0.515625 0.050000 0.031250 0.031250
0 0.389062 0.571875 0.028125 0.025000
0 0.171875 0.489063 0.031250 0.028125
0 0.514062 0.696875 0.028125 0.031250
0 0.370312 0.723437 0.028125 0.028125
0 0.404687 0.273438 0.028125 0.028125
0 0.585938 0.610938 0.028125 0.028125
0 0.292187 0.439063 0.028125 0.028125
0 0.092188 0.289062 0.028125 0.028125
0 0.815625 0.154688 0.031250 0.034375
0 0.117188 0.451562 0.028125 0.028125
0 0.170313 0.317188 0.028125 0.028125
0 0.632812 0.270313 0.028125 0.028125
0 0.025000 0.028125 0.031250 0.031250
0 0.401562 0.479687 0.028125 0.028125
0 0.175000 0.460938 0.031250 0.028125
0 0.665625 0.018750 0.031250 0.031250
0 0.179688 0.176563 0.028125 0.028125
0 0.725000 0.610938 0.031250 0.034375
0 0.518750 0.017188 0.031250 0.028125
0 0.165625 0.348438 0.031250 0.028125
0 0.426563 0.323437 0.028125 0.028125
0 0.239063 0.182812 0.028125 0.028125
0 0.495312 0.617188 0.028125 0.028125
0 0.745313 0.409375 0.028125 0.031250
0 0.492188 0.445312 0.028125 0.028125
0 0.321875 0.689063 0.025000 0.028125
0 0.168750 0.239063 0.031250 0.028125
0 0.031250 0.456250 0.031250 0.031250
0 0.017188 0.579688 0.028125 0.028125
0 0.054688 0.845313 0.028125 0.028125
0 0.751563 0.281250 0.028125 0.031250
0 0.812500 0.323437 0.031250 0.034375
0 0.712500 0.581250 0.031250 0.031250
0 0.373437 0.285938 0.028125 0.028125
0 0.725000 0.468750 0.031250 0.031250
0 0.220312 0.792188 0.028125 0.028125
0 0.070312 0.270313 0.028125 0.028125
0 0.657813 0.289062 0.028125 0.028125
0 0.123438 0.657813 0.028125 0.028125
0 0.245312 0.576562 0.028125 0.028125
0 0.648438 0.556250 0.028125 0.031250
0 0.687500 0.603125 0.031250 0.031250
0 0.376563 0.018750 0.028125 0.031250
0 0.070312 0.618750 0.028125 0.025000
0 0.242188 0.401562 0.028125 0.028125
0 0.021875 0.309375 0.031250 0.031250
0 0.645312 0.585938 0.028125 0.028125
0 0.285938 0.326562 0.028125 0.028125
0 0.525000 0.604688 0.025000 0.028125
0 0.237500 0.434375 0.031250 0.031250
0 0.075000 0.100000 0.031250 0.031250
0 0.117188 0.685937 0.028125 0.028125
0 0.448437 0.815625 0.028125 0.031250
0 0.770312 0.428125 0.028125 0.031250
0 0.056250 0.017188 0.031250 0.028125
0 0.734375 0.439063 0.031250 0.028125
0 0.212500 0.617188 0.025000 0.028125
0 0.690625 0.245312 0.031250 0.028125
0 0.206250 0.231250 0.031250 0.031250
0 0.518750 0.635938 0.031250 0.028125
0 0.204687 0.767188 0.028125 0.028125
0 0.398438 0.510938 0.028125 0.028125
0 0.026562 0.487500 0.028125 0.031250
0 0.540625 0.514062 0.025000 0.028125
0 0.045312 0.254688 0.028125 0.028125
0 0.143750 0.220312 0.031250 0.028125
0 0.148438 0.673438 0.028125 0.028125
0 0.040625 0.392188 0.031250 0.028125
0 0.387500 0.398438 0.025000 0.028125
0 0.151562 0.407813 0.028125 0.028125
0 0.718750 0.293750 0.031250 0.031250
0 0.054688 0.192188 0.028125 0.028125
0 0.235937 0.767188 0.028125 0.028125
0 0.285938 0.289062 0.028125 0.028125
0 0.203125 0.198437 0.031250 0.028125
0 0.176563 0.285938 0.028125 0.028125
0 0.815625 0.042188 0.031250 0.034375
0 0.175000 0.210938 0.031250 0.028125
0 0.340625 0.507812 0.031250 0.028125
0 0.160938 0.095312 0.028125 0.028125
0 0.115625 0.200000 0.031250 0.031250
0 0.231250 0.212500 0.031250 0.031250
0 0.248438 0.370312 0.028125 0.028125
0 0.570312 0.264062 0.028125 0.028125
0 0.218750 0.104688 0.031250 0.028125
0 0.043750 0.365625 0.031250 0.031250
0 0.292187 0.257812 0.028125 0.028125
0 0.039062 0.820312 0.028125 0.028125
0 0.290625 0.018750 0.031250 0.031250
0 0.610938 0.014063 0.028125 0.028125
0 0.357812 0.410938 0.028125 0.028125
0 0.159375 0.379688 0.031250 0.028125
0 0.343750 0.479687 0.031250 0.028125
0 0.084375 0.034375 0.031250 0.031250
0 0.071875 0.379688 0.031250 0.028125
0 0.026562 0.201563 0.028125 0.028125
0 0.017188 0.267188 0.028125 0.028125
0 0.017188 0.090625 0.028125 0.031250
0 0.431250 0.023438 0.031250 0.028125
0 0.020313 0.235937 0.028125 0.028125
