0 0.859375 0.862500 0.031250 0.031250
0 0.840625 0.831250 0.031250 0.031250
0 0.875000 0.532813 0.031250 0.034375
0 0.909375 0.712500 0.031250 0.031250
0 0.807813 0.771875 0.034375 0.031250
0 0.859375 0.803125 0.031250 0.031250
0 0.875000 0.712500 0.031250 0.031250
0 0.940625 0.473438 0.031250 0.034375
0 0.771875 0.771875 0.031250 0.031250
0 0.534375 0.890625 0.031250 0.031250
0 0.890625 0.862500 0.031250 0.031250
0 0.925000 0.559375 0.031250 0.031250
0 0.959375 0.804688 0.031250 0.034375
0 0.825000 0.803125 0.031250 0.031250
0 0.890625 0.684375 0.031250 0.031250
0 0.959375 0.740625 0.031250 0.031250
0 0.890625 0.384375 0.031250 0.031250
0 0.823438 0.682813 0.034375 0.034375
0 0.892188 0.803125 0.034375 0.031250
0 0.943750 0.771875 0.031250 0.031250
0 0.443750 0.903125 0.031250 0.031250
0 0.589063 0.925000 0.028125 0.031250
0 0.440625 0.935937 0.031250 0.028125
0 0.959375 0.621875 0.031250 0.031250
0 0.468750 0.496875 0.031250 0.031250
0 0.773438 0.893750 0.034375 0.031250
0 0.943750 0.834375 0.031250 0.031250
0 0.890625 0.621875 0.031250 0.031250
0 0.803125 0.415625 0.031250 0.031250
0 0.875000 0.653125 0.031250 0.031250
0 0.943750 0.653125 0.031250 0.031250
0 0.475000 0.887500 0.031250 0.031250
0 0.909375 0.771875 0.031250 0.031250
0 0.271875 0.928125 0.031250 0.031250
0 0.471875 0.921875 0.031250 0.031250
0 0.925000 0.621875 0.031250 0.031250
0 0.706250 0.890625 0.031250 0.031250
0 0.703125 0.593750 0.031250 0.031250
0 0.184375 0.943750 0.031250 0.031250
0 0.787500 0.684375 0.031250 0.031250
0 0.740625 0.771875 0.031250 0.031250
0 0.856250 0.501563 0.031250 0.028125
0 0.925000 0.804688 0.031250 0.034375
0 0.909375 0.831250 0.031250 0.031250
0 0.756250 0.740625 0.031250 0.031250
0 0.506250 0.871875 0.031250 0.031250
0 0.706250 0.415625 0.031250 0.031250
0 0.334375 0.796875 0.031250 0.031250
0 0.620313 0.906250 0.028125 0.031250
0 0.925000 0.862500 0.031250 0.031250
0 0.823438 0.740625 0.028125 0.031250
0 0.612500 0.487500 0.031250 0.031250
0 0.789062 0.862500 0.034375 0.031250
0 0.621875 0.875000 0.031250 0.031250
0 0.756250 0.862500 0.031250 0.031250
0 0.790625 0.562500 0.031250 0.031250
0 0.757812 0.801562 0.034375 0.034375
0 0.928125 0.684375 0.031250 0.031250
0 0.840625 0.893750 0.031250 0.031250
0 0.943750 0.590625 0.031250 0.031250
0 0.875000 0.831250 0.031250 0.031250
0 0.740625 0.475000 0.031250 0.031250
0 0.484375 0.715625 0.031250 0.031250
0 0.890625 0.562500 0.031250 0.031250
0 0.840625 0.651563 0.031250 0.034375
0 0.395313 0.729688 0.028125 0.028125
0 0.787500 0.621875 0.031250 0.031250
0 0.403125 0.562500 0.031250 0.031250
0 0.771875 0.651563 0.031250 0.034375
0 0.557813 0.415625 0.028125 0.031250
0 0.687500 0.503125 0.031250 0.031250
0 0.365625 0.778125 0.031250 0.031250
0 0.696875 0.645312 0.031250 0.034375
0 0.640625 0.571875 0.031250 0.031250
0 0.839063 0.415625 0.028125 0.031250
0 0.593750 0.856250 0.031250 0.031250
0 0.434375 0.546875 0.031250 0.031250
0 0.585938 0.468750 0.028125 0.031250
0 0.589063 0.959375 0.028125 0.031250
0 0.721875 0.803125 0.031250 0.031250
0 0.651563 0.506250 0.034375 0.031250
0 0.909375 0.590625 0.031250 0.031250
0 0.840625 0.712500 0.031250 0.031250
0 0.687500 0.387500 0.031250 0.031250
0 0.662500 0.657813 0.031250 0.034375
0 0.807813 0.834375 0.034375 0.031250
0 0.184375 0.912500 0.031250 0.031250
0 0.789062 0.926562 0.034375 0.034375
0 0.496875 0.481250 0.031250 0.031250
0 0.684375 0.562500 0.031250 0.031250
0 0.426563 0.681250 0.028125 0.031250
0 0.385937 0.900000 0.028125 0.031250
0 0.790625 0.803125 0.031250 0.031250
0 0.806250 0.712500 0.031250 0.031250
0 0.423438 0.746875 0.028125 0.031250
0 0.839063 0.475000 0.028125 0.031250
0 0.300000 0.878125 0.031250 0.031250
0 0.721875 0.562500 0.031250 0.031250
0 0.606250 0.653125 0.031250 0.031250
0 0.806250 0.893750 0.031250 0.031250
0 0.806250 0.651563 0.031250 0.034375
0 0.959375 0.865625 0.031250 0.031250
0 0.543750 0.684375 0.031250 0.031250
0 0.856250 0.443750 0.031250 0.031250
0 0.432812 0.579688 0.028125 0.028125
0 0.620313 0.943750 0.028125 0.031250
0 0.787500 0.384375 0.031250 0.031250
0 0.976562 0.832812 0.034375 0.034375
0 0.528125 0.431250 0.031250 0.031250
0 0.531250 0.395313 0.031250 0.034375
0 0.454688 0.698438 0.028125 0.028125
0 0.198437 0.751563 0.028125 0.028125
0 0.790625 0.740625 0.031250 0.031250
0 0.665625 0.825000 0.031250 0.031250
0 0.410938 0.460938 0.034375 0.034375
0 0.603125 0.689063 0.031250 0.028125
0 0.671875 0.625000 0.031250 0.031250
0 0.414062 0.918750 0.028125 0.031250
0 0.637500 0.606250 0.031250 0.031250
0 0.214062 0.928125 0.028125 0.031250
0 0.564063 0.875000 0.028125 0.031250
0 0.715625 0.923438 0.031250 0.034375
0 0.771875 0.531250 0.031250 0.031250
0 0.409375 0.953125 0.031250 0.031250
0 0.556250 0.450000 0.031250 0.031250
0 0.656250 0.793750 0.031250 0.031250
0 0.771875 0.834375 0.031250 0.031250
0 0.650000 0.925000 0.031250 0.031250
0 0.631250 0.706250 0.031250 0.031250
0 0.703125 0.356250 0.031250 0.031250
0 0.587500 0.434375 0.031250 0.031250
0 0.840625 0.771875 0.031250 0.031250
0 0.581250 0.503125 0.031250 0.031250
0 0.578125 0.635938 0.031250 0.028125
0 0.751563 0.925000 0.034375 0.031250
0 0.907813 0.651563 0.034375 0.034375
0 0.975000 0.590625 0.031250 0.031250
0 0.243750 0.876563 0.031250 0.028125
0 0.393750 0.762500 0.031250 0.031250
0 0.503125 0.375000 0.031250 0.031250
0 0.571875 0.703125 0.031250 0.031250
0 0.359375 0.881250 0.031250 0.031250
0 0.921875 0.384375 0.031250 0.031250
0 0.553125 0.515625 0.031250 0.031250
0 0.273438 0.859375 0.028125 0.031250
0 0.526563 0.465625 0.028125 0.031250
0 0.906250 0.412500 0.031250 0.031250
0 0.720313 0.860938 0.034375 0.034375
0 0.600000 0.721875 0.031250 0.031250
0 0.562500 0.907813 0.031250 0.028125
0 0.418750 0.850000 0.031250 0.031250
0 0.343750 0.528125 0.031250 0.031250
0 0.679688 0.909375 0.034375 0.031250
0 0.803125 0.356250 0.031250 0.031250
0 0.959375 0.503125 0.031250 0.031250
0 0.462500 0.564063 0.031250 0.028125
0 0.823438 0.621875 0.034375 0.031250
0 0.737500 0.356250 0.031250 0.031250
0 0.673438 0.471875 0.034375 0.031250
0 0.401562 0.595313 0.028125 0.028125
0 0.378125 0.942187 0.031250 0.034375
0 0.753125 0.621875 0.031250 0.031250
0 0.875000 0.475000 0.031250 0.031250
0 0.554688 0.484375 0.028125 0.031250
0 0.756250 0.562500 0.031250 0.031250
0 0.957812 0.562500 0.028125 0.031250
0 0.721875 0.503125 0.031250 0.031250
0 0.371875 0.578125 0.031250 0.031250
0 0.534375 0.854688 0.031250 0.028125
0 0.718750 0.621875 0.031250 0.031250
0 0.329688 0.862500 0.028125 0.031250
0 0.512500 0.700000 0.031250 0.031250
0 0.854688 0.384375 0.028125 0.031250
0 0.720313 0.385937 0.034375 0.034375
0 0.468750 0.462500 0.031250 0.031250
0 0.340625 0.628125 0.031250 0.031250
0 0.825000 0.862500 0.031250 0.031250
0 0.496875 0.446875 0.031250 0.031250
0 0.621875 0.840625 0.031250 0.031250
0 0.651563 0.892188 0.028125 0.028125
0 0.771875 0.475000 0.031250 0.031250
0 0.740625 0.412500 0.031250 0.031250
0 0.892188 0.743750 0.034375 0.031250
0 0.415625 0.884375 0.031250 0.031250
0 0.706250 0.475000 0.031250 0.031250
0 0.740625 0.893750 0.031250 0.031250
0 0.392188 0.798438 0.028125 0.028125
0 0.925000 0.443750 0.031250 0.031250
0 0.339062 0.660937 0.028125 0.028125
0 0.214062 0.962500 0.028125 0.031250
0 0.907813 0.532813 0.028125 0.028125
0 0.668750 0.590625 0.031250 0.031250
0 0.734375 0.653125 0.031250 0.031250
0 0.790625 0.443750 0.031250 0.031250
0 0.975000 0.475000 0.031250 0.031250
0 0.278125 0.696875 0.031250 0.031250
0 0.306250 0.776563 0.031250 0.028125
0 0.153125 0.893750 0.031250 0.031250
0 0.943750 0.712500 0.031250 0.031250
0 0.890625 0.443750 0.031250 0.031250
0 0.240625 0.840625 0.031250 0.031250
0 0.575000 0.668750 0.031250 0.031250
0 0.653125 0.328125 0.031250 0.031250
0 0.840625 0.593750 0.031250 0.031250
0 0.871875 0.412500 0.031250 0.031250
0 0.370312 0.646875 0.028125 0.031250
0 0.940625 0.354687 0.031250 0.034375
0 0.437500 0.512500 0.031250 0.031250
0 0.521875 0.568750 0.031250 0.031250
0 0.312500 0.610938 0.031250 0.034375
0 0.375000 0.510938 0.031250 0.034375
0 0.975000 0.354687 0.031250 0.028125
0 0.737500 0.532813 0.031250 0.028125
0 0.190625 0.787500 0.031250 0.031250
0 0.446875 0.868750 0.031250 0.031250
0 0.635938 0.359375 0.028125 0.031250
0 0.246875 0.675000 0.031250 0.031250
0 0.923438 0.325000 0.034375 0.031250
0 0.859375 0.682813 0.031250 0.028125
0 0.214062 0.892188 0.028125 0.028125
0 0.940625 0.531250 0.031250 0.031250
0 0.648438 0.440625 0.034375 0.031250
0 0.646875 0.959375 0.031250 0.031250
0 0.821875 0.923438 0.031250 0.034375
0 0.562500 0.381250 0.031250 0.031250
0 0.771875 0.714063 0.031250 0.028125
0 0.542188 0.718750 0.028125 0.031250
0 0.976562 0.893750 0.034375 0.031250
0 0.192188 0.821875 0.034375 0.037500
0 0.975000 0.771875 0.031250 0.031250
0 0.428125 0.646875 0.031250 0.031250
0 0.607812 0.339062 0.034375 0.034375
0 0.653125 0.387500 0.031250 0.031250
0 0.875000 0.593750 0.031250 0.031250
0 0.278125 0.662500 0.031250 0.031250
0 0.396875 0.662500 0.031250 0.031250
0 0.281250 0.756250 0.031250 0.031250
0 0.589063 0.401562 0.028125 0.028125
0 0.756250 0.443750 0.031250 0.031250
0 0.703125 0.828125 0.031250 0.031250
0 0.242188 0.943750 0.028125 0.031250
0 0.425000 0.714063 0.031250 0.028125
0 0.214062 0.687500 0.028125 0.031250
0 0.975000 0.653125 0.031250 0.031250
0 0.503125 0.904687 0.031250 0.028125
0 0.479687 0.751563 0.028125 0.028125
0 0.314063 0.543750 0.028125 0.031250
0 0.359375 0.846875 0.031250 0.031250
0 0.281250 0.625000 0.031250 0.031250
0 0.439063 0.971875 0.028125 0.031250
0 0.756250 0.682813 0.031250 0.034375
0 0.771875 0.590625 0.031250 0.031250
0 0.226562 0.810937 0.034375 0.034375
0 0.651563 0.856250 0.034375 0.031250
0 0.737500 0.593750 0.031250 0.031250
0 0.856250 0.621875 0.031250 0.031250
0 0.365625 0.678125 0.031250 0.031250
0 0.612500 0.521875 0.031250 0.031250
0 0.421875 0.781250 0.031250 0.031250
0 0.271875 0.893750 0.031250 0.031250
0 0.756250 0.503125 0.031250 0.031250
0 0.940625 0.414062 0.031250 0.028125
0 0.704688 0.532813 0.028125 0.028125
0 0.956250 0.323437 0.031250 0.034375
0 0.875000 0.771875 0.031250 0.031250
0 0.343750 0.559375 0.031250 0.031250
0 0.678125 0.943750 0.031250 0.031250
0 0.856250 0.743750 0.031250 0.031250
0 0.329688 0.898438 0.028125 0.028125
0 0.459375 0.596875 0.031250 0.031250
0 0.973437 0.415625 0.028125 0.031250
0 0.756250 0.381250 0.031250 0.031250
0 0.442188 0.373437 0.040625 0.040625
0 0.275000 0.792188 0.031250 0.028125
0 0.625000 0.809375 0.031250 0.031250
0 0.790625 0.503125 0.031250 0.031250
0 0.490625 0.584375 0.031250 0.031250
0 0.959375 0.387500 0.031250 0.031250
0 0.510938 0.768750 0.028125 0.031250
0 0.406250 0.528125 0.031250 0.031250
0 0.375000 0.543750 0.031250 0.031250
0 0.431250 0.612500 0.031250 0.031250
0 0.400000 0.629687 0.031250 0.028125
0 0.370312 0.612500 0.028125 0.031250
0 0.581250 0.537500 0.031250 0.031250
0 0.387500 0.865625 0.031250 0.031250
0 0.493750 0.548438 0.031250 0.028125
0 0.231250 0.742188 0.031250 0.034375
0 0.684375 0.328125 0.031250 0.031250
0 0.221875 0.776563 0.031250 0.034375
0 0.640625 0.537500 0.031250 0.031250
0 0.409375 0.495312 0.031250 0.028125
0 0.339062 0.728125 0.028125 0.031250
0 0.459375 0.631250 0.031250 0.031250
0 0.635938 0.637500 0.028125 0.031250
0 0.906250 0.475000 0.031250 0.031250
0 0.609375 0.556250 0.031250 0.031250
0 0.312500 0.578125 0.031250 0.031250
0 0.381250 0.478125 0.031250 0.031250
0 0.185938 0.873437 0.034375 0.034375
0 0.440625 0.443750 0.031250 0.031250
0 0.475000 0.853125 0.031250 0.031250
0 0.825000 0.562500 0.031250 0.031250
0 0.303125 0.812500 0.031250 0.031250
0 0.395313 0.696875 0.028125 0.031250
0 0.821875 0.387500 0.031250 0.031250
0 0.718750 0.325000 0.031250 0.031250
0 0.740625 0.834375 0.031250 0.031250
0 0.839063 0.532813 0.028125 0.028125
0 0.609375 0.620313 0.031250 0.028125
0 0.510938 0.734375 0.028125 0.031250
0 0.593750 0.823438 0.031250 0.028125
0 0.618750 0.418750 0.031250 0.031250
0 0.410938 0.421875 0.034375 0.031250
0 0.281250 0.593750 0.031250 0.031250
0 0.156250 0.928125 0.031250 0.031250
0 0.242188 0.909375 0.028125 0.031250
0 0.959375 0.681250 0.031250 0.031250
0 0.271875 0.825000 0.031250 0.031250
0 0.568750 0.803125 0.031250 0.031250
0 0.362500 0.814063 0.031250 0.028125
0 0.975000 0.531250 0.031250 0.031250
0 0.553125 0.553125 0.031250 0.031250
0 0.309375 0.643750 0.031250 0.031250
0 0.521875 0.531250 0.031250 0.031250
0 0.785937 0.325000 0.028125 0.031250
0 0.342187 0.960938 0.034375 0.034375
0 0.614062 0.453125 0.028125 0.031250
0 0.468750 0.428125 0.031250 0.031250
0 0.723437 0.742188 0.028125 0.028125
0 0.343750 0.593750 0.031250 0.031250
0 0.668750 0.356250 0.031250 0.031250
0 0.153125 0.962500 0.031250 0.031250
0 0.456250 0.665625 0.031250 0.031250
0 0.439063 0.479687 0.028125 0.028125
0 0.593750 0.368750 0.031250 0.031250
0 0.671875 0.417187 0.031250 0.034375
0 0.703125 0.771875 0.031250 0.031250
0 0.906250 0.356250 0.031250 0.031250
0 0.564063 0.839063 0.028125 0.028125
0 0.465625 0.532813 0.031250 0.028125
0 0.690625 0.443750 0.031250 0.031250
0 0.975000 0.709375 0.031250 0.031250
0 0.165625 0.760938 0.031250 0.034375
0 0.534375 0.360938 0.031250 0.028125
0 0.250000 0.609375 0.031250 0.031250
0 0.495312 0.514062 0.028125 0.028125
0 0.390625 0.831250 0.031250 0.031250
0 0.923438 0.506250 0.028125 0.031250
0 0.518750 0.635938 0.031250 0.028125
0 0.421875 0.815625 0.031250 0.031250
0 0.251563 0.640625 0.034375 0.031250
0 0.687500 0.800000 0.031250 0.031250
0 0.301563 0.845313 0.028125 0.028125
0 0.959375 0.443750 0.031250 0.031250
0 0.210938 0.853125 0.034375 0.031250
0 0.679688 0.976562 0.034375 0.034375
0 0.892188 0.503125 0.028125 0.031250
0 0.770312 0.354687 0.028125 0.028125
0 0.334375 0.829688 0.031250 0.028125
0 0.887500 0.325000 0.031250 0.031250
0 0.753125 0.323437 0.031250 0.028125
0 0.537500 0.821875 0.031250 0.031250
0 0.690625 0.678125 0.031250 0.031250
0 0.856250 0.562500 0.031250 0.031250
0 0.737500 0.714063 0.031250 0.028125
0 0.579688 0.568750 0.028125 0.031250
0 0.300000 0.912500 0.031250 0.031250
0 0.206250 0.720313 0.031250 0.028125
0 0.725000 0.443750 0.031250 0.031250
0 0.250000 0.771875 0.031250 0.031250
0 0.721875 0.681250 0.031250 0.031250
0 0.473438 0.392188 0.034375 0.034375
0 0.806250 0.590625 0.031250 0.031250
0 0.737500 0.973437 0.031250 0.034375
0 0.659375 0.693750 0.031250 0.031250
0 0.329688 0.931250 0.028125 0.031250
0 0.550000 0.618750 0.031250 0.031250
0 0.356250 0.915625 0.031250 0.031250
0 0.592187 0.889062 0.028125 0.028125
0 0.818750 0.325000 0.031250 0.031250
0 0.515625 0.667188 0.031250 0.028125
0 0.600000 0.756250 0.031250 0.031250
0 0.500000 0.412500 0.031250 0.031250
0 0.546875 0.651563 0.031250 0.028125
0 0.253125 0.573438 0.031250 0.034375
0 0.487500 0.650000 0.031250 0.031250
0 0.642188 0.475000 0.034375 0.031250
0 0.807813 0.534375 0.028125 0.031250
0 0.485938 0.682813 0.028125 0.028125
0 0.337500 0.760938 0.031250 0.028125
0 0.631250 0.740625 0.031250 0.031250
0 0.565625 0.350000 0.031250 0.031250
0 0.826562 0.445312 0.028125 0.028125
0 0.853125 0.325000 0.031250 0.031250
0 0.673438 0.532813 0.028125 0.028125
0 0.837500 0.356250 0.031250 0.031250
0 0.870313 0.354687 0.028125 0.028125
0 0.798438 0.973437 0.034375 0.034375
0 0.773438 0.415625 0.028125 0.031250
0 0.609375 0.589063 0.031250 0.028125
0 0.823438 0.503125 0.028125 0.031250
0 0.265625 0.728125 0.031250 0.031250
0 0.309375 0.679688 0.031250 0.028125
0 0.853125 0.973437 0.031250 0.034375
0 0.284375 0.526563 0.031250 0.034375
0 0.300000 0.946875 0.031250 0.031250
0 0.634375 0.671875 0.031250 0.031250
0 0.367188 0.745313 0.028125 0.028125
0 0.659375 0.759375 0.031250 0.031250
0 0.181250 0.696875 0.031250 0.031250
0 0.368750 0.712500 0.031250 0.031250
0 0.470313 0.956250 0.028125 0.031250
0 0.453125 0.734375 0.031250 0.031250
0 0.237500 0.709375 0.031250 0.031250
0 0.689063 0.742188 0.034375 0.034375
0 0.807813 0.473438 0.028125 0.028125
0 0.768750 0.956250 0.031250 0.031250
0 0.559375 0.943750 0.031250 0.031250
0 0.220312 0.653125 0.034375 0.031250
0 0.490625 0.615625 0.031250 0.031250
0 0.571875 0.735938 0.031250 0.028125
0 0.345313 0.490625 0.034375 0.031250
0 0.521875 0.600000 0.031250 0.031250
0 0.335938 0.695312 0.028125 0.028125
0 0.506250 0.837500 0.031250 0.031250
0 0.307812 0.712500 0.028125 0.031250
0 0.942187 0.893750 0.034375 0.031250
0 0.925000 0.745313 0.031250 0.028125
0 0.310937 0.976562 0.034375 0.034375
0 0.537500 0.787500 0.031250 0.031250
0 0.270313 0.962500 0.034375 0.031250
0 0.904687 0.292187 0.034375 0.034375
0 0.315625 0.510938 0.031250 0.028125
0 0.450000 0.765625 0.031250 0.031250
0 0.579688 0.600000 0.028125 0.031250
0 0.598437 0.787500 0.028125 0.031250
0 0.635938 0.300000 0.034375 0.031250
0 0.525000 0.500000 0.031250 0.031250
0 0.704688 0.712500 0.034375 0.031250
0 0.620313 0.387500 0.028125 0.031250
0 0.618750 0.978125 0.031250 0.031250
0 0.159375 0.796875 0.031250 0.031250
0 0.940625 0.295312 0.031250 0.034375
0 0.659375 0.725000 0.031250 0.031250
0 0.184375 0.978125 0.031250 0.031250
0 0.284375 0.559375 0.031250 0.031250
0 0.309375 0.743750 0.031250 0.031250
0 0.443750 0.409375 0.031250 0.031250
0 0.509375 0.801562 0.031250 0.028125
0 0.476562 0.351562 0.034375 0.034375
0 0.603125 0.306250 0.031250 0.031250
0 0.354687 0.425000 0.034375 0.031250
0 0.384375 0.440625 0.031250 0.031250
0 0.823438 0.956250 0.034375 0.031250
0 0.803125 0.293750 0.031250 0.031250
0 0.709375 0.956250 0.031250 0.031250
0 0.628125 0.775000 0.031250 0.031250
0 0.768750 0.296875 0.031250 0.031250
0 0.507812 0.337500 0.034375 0.037500
0 0.870313 0.295312 0.034375 0.034375
0 0.559375 0.976562 0.031250 0.034375
0 0.154688 0.860938 0.034375 0.034375
0 0.568750 0.771875 0.031250 0.031250
0 0.837500 0.295312 0.031250 0.034375
0 0.550000 0.585938 0.031250 0.028125
0 0.570312 0.314063 0.034375 0.034375
0 0.206250 0.620313 0.037500 0.034375
0 0.221875 0.589063 0.031250 0.034375
0 0.851562 0.939063 0.034375 0.034375
0 0.670312 0.295312 0.034375 0.034375
0 0.701562 0.295312 0.034375 0.034375
0 0.409375 0.387500 0.031250 0.031250
0 0.157812 0.829688 0.034375 0.034375
0 0.448437 0.834375 0.028125 0.031250
0 0.356250 0.459375 0.031250 0.031250
0 0.171875 0.729688 0.031250 0.034375
0 0.189062 0.664062 0.034375 0.034375
0 0.542188 0.753125 0.028125 0.031250
0 0.539062 0.325000 0.034375 0.031250
0 0.284375 0.493750 0.031250 0.031250
0 0.684375 0.860938 0.031250 0.028125
0 0.371875 0.978125 0.031250 0.031250
0 0.975000 0.293750 0.031250 0.031250
0 0.314063 0.478125 0.034375 0.031250
0 0.871875 0.890625 0.031250 0.031250
0 0.379688 0.406250 0.034375 0.031250
0 0.243750 0.978125 0.031250 0.031250
0 0.735938 0.295312 0.034375 0.034375
0 0.328125 0.448437 0.031250 0.034375
0 0.251563 0.539062 0.034375 0.034375
0 0.971875 0.967187 0.037500 0.034375
0 0.909375 0.889062 0.031250 0.028125
0 0.967187 0.929688 0.034375 0.034375
0 0.498437 0.973437 0.034375 0.034375
