0 0.889062 0.937500 0.028125 0.031250
0 0.681250 0.818750 0.031250 0.031250
0 0.156250 0.812500 0.031250 0.031250
0 0.862500 0.885938 0.031250 0.028125
0 0.185938 0.467187 0.040625 0.040625
0 0.054688 0.826562 0.028125 0.028125
0 0.515625 0.875000 0.031250 0.031250
0 0.318750 0.928125 0.031250 0.031250
0 0.140625 0.843750 0.031250 0.031250
0 0.335938 0.898438 0.028125 0.028125
0 0.596875 0.846875 0.031250 0.031250
0 0.484375 0.875000 0.031250 0.031250
0 0.056250 0.795312 0.031250 0.028125
0 0.354687 0.757812 0.028125 0.028125
0 0.110937 0.828125 0.028125 0.031250
0 0.465625 0.901563 0.031250 0.028125
0 0.026562 0.876563 0.028125 0.028125
0 0.276562 0.553125 0.028125 0.031250
0 0.748437 0.885938 0.028125 0.028125
0 0.112500 0.796875 0.031250 0.031250
0 0.714063 0.640625 0.028125 0.031250
0 0.468750 0.381250 0.031250 0.031250
0 0.776563 0.604688 0.028125 0.028125
0 0.748437 0.920312 0.028125 0.028125
0 0.056250 0.860938 0.031250 0.028125
0 0.225000 0.753125 0.031250 0.031250
0 0.948438 0.506250 0.028125 0.031250
0 0.943750 0.903125 0.031250 0.031250
0 0.118750 0.343750 0.031250 0.031250
0 0.626563 0.906250 0.028125 0.031250
0 0.712500 0.934375 0.031250 0.031250
0 0.562500 0.903125 0.031250 0.031250
0 0.715625 0.704688 0.031250 0.028125
0 0.153125 0.345313 0.031250 0.028125
0 0.776563 0.773438 0.028125 0.028125
0 0.468750 0.671875 0.031250 0.031250
0 0.917188 0.918750 0.028125 0.031250
0 0.237500 0.896875 0.031250 0.031250
0 0.804688 0.920312 0.028125 0.028125
0 0.595313 0.903125 0.028125 0.031250
0 0.225000 0.809375 0.031250 0.031250
0 0.290625 0.810937 0.031250 0.028125
0 0.381250 0.928125 0.031250 0.031250
0 0.485938 0.409375 0.028125 0.031250
0 0.056250 0.893750 0.031250 0.031250
0 0.171875 0.840625 0.031250 0.031250
0 0.089063 0.482812 0.028125 0.028125
0 0.835938 0.904687 0.028125 0.028125
0 0.875000 0.409375 0.031250 0.031250
0 0.082812 0.812500 0.028125 0.031250
0 0.082812 0.778125 0.028125 0.031250
0 0.448437 0.931250 0.028125 0.031250
0 0.056250 0.728125 0.031250 0.031250
0 0.720313 0.870313 0.028125 0.028125
0 0.082812 0.876563 0.028125 0.028125
0 0.140625 0.781250 0.031250 0.031250
0 0.453125 0.642188 0.031250 0.028125
0 0.909375 0.618750 0.031250 0.031250
0 0.259375 0.640625 0.031250 0.031250
0 0.084375 0.975000 0.031250 0.031250
0 0.759375 0.381250 0.031250 0.031250
0 0.790625 0.493750 0.031250 0.031250
0 0.204687 0.900000 0.028125 0.031250
0 0.776563 0.935937 0.028125 0.028125
0 0.725000 0.553125 0.031250 0.031250
0 0.421875 0.642188 0.031250 0.028125
0 0.596875 0.729688 0.031250 0.028125
0 0.284375 0.926562 0.031250 0.028125
0 0.087500 0.514062 0.031250 0.028125
0 0.860938 0.954688 0.028125 0.028125
0 0.112500 0.860938 0.031250 0.028125
0 0.806250 0.853125 0.031250 0.031250
0 0.582812 0.700000 0.028125 0.031250
0 0.693750 0.850000 0.031250 0.031250
0 0.198437 0.651563 0.028125 0.028125
0 0.254688 0.812500 0.028125 0.031250
0 0.173437 0.376563 0.028125 0.028125
0 0.645312 0.820312 0.028125 0.028125
0 0.403125 0.671875 0.031250 0.031250
0 0.273438 0.782813 0.028125 0.028125
0 0.450000 0.409375 0.031250 0.031250
0 0.750000 0.789062 0.031250 0.028125
0 0.403125 0.612500 0.031250 0.031250
0 0.318750 0.346875 0.031250 0.031250
0 0.681250 0.759375 0.031250 0.031250
0 0.292187 0.582812 0.028125 0.028125
0 0.026562 0.842187 0.028125 0.028125
0 0.095312 0.381250 0.034375 0.031250
0 0.112500 0.892188 0.031250 0.028125
0 0.642188 0.934375 0.028125 0.031250
0 0.137500 0.371875 0.031250 0.031250
0 0.806250 0.725000 0.031250 0.031250
0 0.531250 0.903125 0.031250 0.031250
0 0.371875 0.612500 0.031250 0.031250
0 0.679688 0.525000 0.028125 0.031250
0 0.142187 0.648438 0.028125 0.028125
0 0.609375 0.932813 0.031250 0.028125
0 0.881250 0.637500 0.031250 0.031250
0 0.629687 0.790625 0.028125 0.031250
0 0.835938 0.870313 0.028125 0.028125
0 0.498437 0.901563 0.028125 0.028125
0 0.614062 0.759375 0.028125 0.031250
0 0.084375 0.909375 0.031250 0.031250
0 0.271875 0.437500 0.031250 0.031250
0 0.084375 0.581250 0.031250 0.031250
0 0.059375 0.531250 0.031250 0.031250
0 0.806250 0.885938 0.031250 0.028125
0 0.146875 0.453125 0.031250 0.031250
0 0.421875 0.528125 0.031250 0.031250
0 0.026562 0.909375 0.028125 0.031250
0 0.401562 0.376563 0.028125 0.028125
0 0.832812 0.935937 0.028125 0.028125
0 0.209375 0.553125 0.031250 0.031250
0 0.906250 0.409375 0.031250 0.031250
0 0.550000 0.700000 0.031250 0.031250
0 0.387500 0.700000 0.031250 0.031250
0 0.059375 0.496875 0.031250 0.031250
0 0.387500 0.757812 0.031250 0.028125
0 0.339062 0.728125 0.028125 0.031250
0 0.276562 0.612500 0.028125 0.031250
0 0.481250 0.931250 0.031250 0.031250
0 0.565625 0.496875 0.031250 0.031250
0 0.270313 0.898438 0.028125 0.028125
0 0.028125 0.610938 0.031250 0.028125
0 0.243750 0.554688 0.031250 0.028125
0 0.751563 0.626563 0.028125 0.028125
0 0.614062 0.817187 0.028125 0.028125
0 0.775000 0.525000 0.031250 0.031250
0 0.946875 0.537500 0.031250 0.031250
0 0.890625 0.534375 0.031250 0.031250
0 0.304688 0.842187 0.028125 0.028125
0 0.945312 0.939063 0.028125 0.028125
0 0.384375 0.870313 0.031250 0.028125
0 0.171875 0.565625 0.031250 0.031250
0 0.153125 0.403125 0.031250 0.031250
0 0.196875 0.682813 0.031250 0.028125
0 0.709375 0.465625 0.031250 0.031250
0 0.289062 0.870313 0.028125 0.028125
0 0.565625 0.789062 0.031250 0.028125
0 0.678125 0.700000 0.031250 0.031250
0 0.795312 0.379688 0.028125 0.028125
0 0.920312 0.754687 0.028125 0.028125
0 0.859375 0.690625 0.031250 0.031250
0 0.835938 0.837500 0.028125 0.031250
0 0.142187 0.976562 0.028125 0.028125
0 0.306250 0.434375 0.031250 0.031250
0 0.518750 0.407813 0.031250 0.028125
0 0.859375 0.657813 0.031250 0.028125
0 0.189062 0.809375 0.028125 0.031250
0 0.325000 0.584375 0.031250 0.031250
0 0.168750 0.700000 0.031250 0.031250
0 0.612500 0.353125 0.031250 0.031250
0 0.946875 0.770312 0.031250 0.028125
0 0.776563 0.706250 0.028125 0.031250
0 0.117188 0.468750 0.028125 0.031250
0 0.273438 0.839063 0.028125 0.028125
0 0.468750 0.437500 0.031250 0.031250
0 0.842187 0.407813 0.028125 0.028125
0 0.142187 0.518750 0.028125 0.031250
0 0.518750 0.585938 0.031250 0.028125
0 0.660937 0.731250 0.028125 0.031250
0 0.057813 0.560937 0.028125 0.028125
0 0.673438 0.935937 0.028125 0.028125
0 0.648438 0.760938 0.028125 0.028125
0 0.339062 0.668750 0.028125 0.031250
0 0.810937 0.409375 0.028125 0.031250
0 0.759375 0.553125 0.031250 0.031250
0 0.206250 0.839063 0.031250 0.028125
0 0.550000 0.815625 0.031250 0.031250
0 0.779687 0.868750 0.028125 0.025000
0 0.240625 0.725000 0.031250 0.031250
0 0.432812 0.900000 0.028125 0.031250
0 0.629687 0.382812 0.028125 0.028125
0 0.917188 0.721875 0.028125 0.031250
0 0.501563 0.671875 0.028125 0.031250
0 0.532813 0.498437 0.028125 0.028125
0 0.117188 0.498437 0.028125 0.028125
0 0.175000 0.781250 0.031250 0.031250
0 0.779687 0.673438 0.028125 0.028125
0 0.776563 0.351562 0.028125 0.028125
0 0.339062 0.612500 0.028125 0.031250
0 0.889062 0.904687 0.028125 0.028125
0 0.421875 0.700000 0.031250 0.031250
0 0.200000 0.721875 0.031250 0.031250
0 0.356250 0.585938 0.031250 0.028125
0 0.857812 0.379688 0.028125 0.028125
0 0.832812 0.637500 0.028125 0.031250
0 0.662500 0.850000 0.031250 0.031250
0 0.648438 0.703125 0.028125 0.031250
0 0.437500 0.612500 0.031250 0.031250
0 0.356250 0.698438 0.031250 0.028125
0 0.087500 0.548438 0.031250 0.028125
0 0.948438 0.737500 0.028125 0.031250
0 0.550000 0.582812 0.031250 0.028125
0 0.029687 0.745313 0.028125 0.028125
0 0.223438 0.867188 0.028125 0.028125
0 0.240625 0.376563 0.031250 0.028125
0 0.565625 0.556250 0.031250 0.031250
0 0.082812 0.843750 0.028125 0.031250
0 0.721875 0.740625 0.031250 0.031250
0 0.028125 0.645312 0.031250 0.028125
0 0.693750 0.787500 0.031250 0.031250
0 0.112500 0.762500 0.031250 0.031250
0 0.679688 0.879687 0.028125 0.028125
0 0.804688 0.589063 0.028125 0.028125
0 0.779687 0.837500 0.028125 0.025000
0 0.237500 0.667188 0.031250 0.028125
0 0.112500 0.696875 0.031250 0.031250
0 0.323437 0.698438 0.028125 0.028125
0 0.565625 0.384375 0.031250 0.031250
0 0.421875 0.584375 0.031250 0.031250
0 0.034375 0.446875 0.031250 0.031250
0 0.275000 0.726562 0.031250 0.028125
0 0.056250 0.925000 0.031250 0.031250
0 0.142187 0.876563 0.028125 0.028125
0 0.451562 0.871875 0.028125 0.031250
0 0.517188 0.700000 0.028125 0.031250
0 0.140625 0.909375 0.031250 0.031250
0 0.142187 0.750000 0.028125 0.031250
0 0.351562 0.926562 0.028125 0.028125
0 0.225000 0.462500 0.031250 0.031250
0 0.550000 0.412500 0.031250 0.031250
0 0.256250 0.406250 0.031250 0.031250
0 0.615625 0.700000 0.031250 0.031250
0 0.889062 0.567187 0.028125 0.028125
0 0.501563 0.439063 0.028125 0.028125
0 0.403125 0.500000 0.031250 0.031250
0 0.271875 0.375000 0.031250 0.031250
0 0.803125 0.553125 0.031250 0.031250
0 0.709375 0.581250 0.031250 0.031250
0 0.239063 0.839063 0.028125 0.028125
0 0.885938 0.598437 0.028125 0.028125
0 0.550000 0.759375 0.031250 0.031250
0 0.484375 0.350000 0.031250 0.031250
0 0.485938 0.582812 0.028125 0.028125
0 0.831250 0.604688 0.031250 0.028125
0 0.776563 0.464062 0.028125 0.028125
0 0.168750 0.959375 0.031250 0.031250
0 0.187500 0.346875 0.031250 0.031250
0 0.082812 0.745313 0.028125 0.028125
0 0.434375 0.381250 0.031250 0.031250
0 0.085938 0.614062 0.028125 0.028125
0 0.465625 0.845313 0.031250 0.028125
0 0.745313 0.584375 0.028125 0.031250
0 0.776563 0.739062 0.028125 0.028125
0 0.726562 0.609375 0.028125 0.031250
0 0.259375 0.696875 0.031250 0.031250
0 0.339062 0.493750 0.028125 0.031250
0 0.746875 0.950000 0.031250 0.031250
0 0.385937 0.465625 0.028125 0.031250
0 0.335938 0.785937 0.028125 0.028125
0 0.370312 0.671875 0.028125 0.031250
0 0.550000 0.642188 0.031250 0.028125
0 0.253125 0.346875 0.031250 0.031250
0 0.485938 0.643750 0.028125 0.031250
0 0.323437 0.754687 0.028125 0.028125
0 0.596875 0.789062 0.031250 0.028125
0 0.809375 0.465625 0.031250 0.031250
0 0.309375 0.553125 0.031250 0.031250
0 0.140625 0.715625 0.031250 0.031250
0 0.500000 0.845313 0.031250 0.028125
0 0.353125 0.464062 0.031250 0.028125
0 0.387500 0.528125 0.031250 0.031250
0 0.742188 0.523438 0.028125 0.028125
0 0.759375 0.495312 0.031250 0.028125
0 0.751563 0.690625 0.028125 0.031250
0 0.387500 0.642188 0.031250 0.028125
0 0.112500 0.665625 0.031250 0.031250
0 0.721875 0.901563 0.031250 0.028125
0 0.254688 0.868750 0.028125 0.031250
0 0.225000 0.698438 0.031250 0.028125
0 0.532813 0.556250 0.028125 0.031250
0 0.168750 0.600000 0.031250 0.031250
0 0.084375 0.943750 0.031250 0.031250
0 0.401562 0.785937 0.028125 0.028125
0 0.026562 0.812500 0.028125 0.031250
0 0.810937 0.351562 0.028125 0.028125
0 0.190625 0.868750 0.031250 0.031250
0 0.434375 0.729688 0.031250 0.028125
0 0.093750 0.417187 0.031250 0.028125
0 0.056250 0.629687 0.031250 0.028125
0 0.089063 0.450000 0.028125 0.031250
0 0.026562 0.942187 0.028125 0.028125
0 0.748437 0.754687 0.028125 0.028125
0 0.417187 0.350000 0.028125 0.031250
0 0.307812 0.668750 0.028125 0.031250
0 0.054688 0.664062 0.028125 0.028125
0 0.384375 0.346875 0.031250 0.031250
0 0.276562 0.495312 0.028125 0.028125
0 0.287500 0.465625 0.031250 0.031250
0 0.140625 0.940625 0.031250 0.031250
0 0.112500 0.600000 0.031250 0.031250
0 0.550000 0.470313 0.031250 0.028125
0 0.301563 0.900000 0.028125 0.031250
0 0.171875 0.921875 0.031250 0.031250
0 0.645312 0.526563 0.028125 0.028125
0 0.660937 0.379688 0.028125 0.028125
0 0.725000 0.495312 0.031250 0.028125
0 0.646875 0.350000 0.031250 0.031250
0 0.548438 0.875000 0.028125 0.031250
0 0.371875 0.556250 0.031250 0.031250
0 0.085938 0.648438 0.028125 0.028125
0 0.370312 0.434375 0.028125 0.031250
0 0.806250 0.757812 0.031250 0.028125
0 0.354687 0.407813 0.028125 0.028125
0 0.646875 0.412500 0.031250 0.031250
0 0.368750 0.378125 0.031250 0.031250
0 0.221875 0.343750 0.031250 0.031250
0 0.832812 0.706250 0.028125 0.031250
0 0.437500 0.440625 0.031250 0.031250
0 0.614062 0.582812 0.028125 0.028125
0 0.434375 0.671875 0.031250 0.031250
0 0.190625 0.403125 0.031250 0.031250
0 0.484375 0.468750 0.031250 0.031250
0 0.257812 0.465625 0.028125 0.031250
0 0.370312 0.728125 0.028125 0.031250
0 0.501563 0.612500 0.028125 0.031250
0 0.776563 0.409375 0.028125 0.031250
0 0.659375 0.904687 0.031250 0.028125
0 0.695312 0.496875 0.028125 0.031250
0 0.776563 0.804688 0.028125 0.028125
0 0.629687 0.554688 0.028125 0.028125
0 0.534375 0.670312 0.031250 0.028125
0 0.323437 0.639062 0.028125 0.028125
0 0.243750 0.495312 0.031250 0.028125
0 0.679688 0.640625 0.028125 0.031250
0 0.340625 0.556250 0.031250 0.031250
0 0.353125 0.346875 0.031250 0.031250
0 0.257812 0.756250 0.028125 0.031250
0 0.142187 0.550000 0.028125 0.031250
0 0.534375 0.440625 0.031250 0.031250
0 0.565625 0.729688 0.031250 0.028125
0 0.629687 0.846875 0.028125 0.031250
0 0.290625 0.698438 0.031250 0.028125
0 0.743750 0.409375 0.031250 0.031250
0 0.750000 0.721875 0.031250 0.031250
0 0.631250 0.440625 0.031250 0.031250
0 0.056250 0.696875 0.031250 0.031250
0 0.260937 0.525000 0.028125 0.031250
0 0.387500 0.585938 0.031250 0.028125
0 0.779687 0.639062 0.028125 0.028125
0 0.806250 0.690625 0.031250 0.031250
0 0.971875 0.415625 0.031250 0.031250
0 0.517188 0.526563 0.028125 0.028125
0 0.385937 0.406250 0.028125 0.031250
0 0.321875 0.406250 0.031250 0.031250
0 0.256250 0.975000 0.031250 0.031250
0 0.351562 0.870313 0.028125 0.028125
0 0.646875 0.468750 0.031250 0.031250
0 0.712500 0.409375 0.031250 0.031250
0 0.356250 0.528125 0.031250 0.031250
0 0.325000 0.521875 0.031250 0.031250
0 0.660937 0.790625 0.028125 0.031250
0 0.085938 0.712500 0.028125 0.031250
0 0.517188 0.815625 0.028125 0.031250
0 0.582812 0.585938 0.028125 0.028125
0 0.470313 0.612500 0.028125 0.031250
0 0.450000 0.350000 0.031250 0.031250
0 0.743750 0.350000 0.031250 0.031250
0 0.337500 0.376563 0.031250 0.028125
0 0.581250 0.759375 0.031250 0.031250
0 0.678125 0.412500 0.031250 0.031250
0 0.975000 0.720313 0.031250 0.028125
0 0.403125 0.556250 0.031250 0.031250
0 0.209375 0.376563 0.031250 0.028125
0 0.307812 0.612500 0.028125 0.031250
0 0.532813 0.612500 0.028125 0.031250
0 0.260937 0.582812 0.028125 0.028125
0 0.579688 0.876563 0.028125 0.028125
0 0.826562 0.379688 0.028125 0.028125
0 0.417187 0.931250 0.028125 0.031250
0 0.662500 0.671875 0.031250 0.031250
0 0.275000 0.668750 0.031250 0.031250
0 0.054688 0.764062 0.028125 0.028125
0 0.239063 0.432812 0.028125 0.028125
0 0.306250 0.782813 0.031250 0.028125
0 0.890625 0.439063 0.031250 0.028125
0 0.565625 0.614062 0.031250 0.028125
0 0.937500 0.667188 0.031250 0.028125
0 0.112500 0.632812 0.031250 0.028125
0 0.290625 0.754687 0.031250 0.028125
0 0.890625 0.379688 0.031250 0.028125
0 0.679688 0.351562 0.028125 0.028125
0 0.543750 0.932813 0.031250 0.028125
0 0.112500 0.925000 0.031250 0.031250
0 0.207813 0.782813 0.028125 0.028125
0 0.565625 0.440625 0.031250 0.031250
0 0.576562 0.932813 0.028125 0.028125
0 0.532813 0.845313 0.028125 0.028125
0 0.614062 0.410938 0.028125 0.028125
0 0.198437 0.617188 0.028125 0.028125
0 0.834375 0.740625 0.031250 0.031250
0 0.532813 0.789062 0.028125 0.028125
0 0.453125 0.700000 0.031250 0.031250
0 0.307812 0.726562 0.028125 0.028125
0 0.945312 0.971875 0.028125 0.031250
0 0.371875 0.496875 0.031250 0.031250
0 0.057813 0.596875 0.028125 0.031250
0 0.857812 0.585938 0.028125 0.028125
0 0.834375 0.500000 0.031250 0.031250
0 0.835938 0.804688 0.028125 0.028125
0 0.437500 0.556250 0.031250 0.031250
0 0.581250 0.642188 0.031250 0.028125
0 0.062500 0.432812 0.031250 0.028125
0 0.692187 0.728125 0.028125 0.031250
0 0.728125 0.437500 0.031250 0.031250
0 0.832812 0.539062 0.028125 0.028125
0 0.748437 0.853125 0.028125 0.031250
0 0.600000 0.440625 0.031250 0.031250
0 0.865625 0.487500 0.031250 0.031250
0 0.198437 0.585938 0.028125 0.028125
0 0.826562 0.435937 0.028125 0.028125
0 0.629687 0.500000 0.028125 0.031250
0 0.171875 0.503125 0.031250 0.031250
0 0.501563 0.378125 0.028125 0.031250
0 0.743750 0.465625 0.031250 0.031250
0 0.550000 0.526563 0.031250 0.028125
0 0.945312 0.868750 0.028125 0.031250
0 0.832812 0.673438 0.028125 0.028125
0 0.517188 0.642188 0.028125 0.028125
0 0.792188 0.439063 0.028125 0.028125
0 0.401562 0.901563 0.028125 0.028125
0 0.971875 0.921875 0.031250 0.031250
0 0.256250 0.940625 0.031250 0.031250
0 0.806250 0.821875 0.031250 0.031250
0 0.287500 0.406250 0.031250 0.031250
0 0.121875 0.403125 0.031250 0.031250
0 0.029687 0.514062 0.028125 0.028125
0 0.687500 0.965625 0.031250 0.031250
0 0.435937 0.845313 0.028125 0.028125
0 0.304688 0.376563 0.028125 0.028125
0 0.501563 0.556250 0.028125 0.031250
0 0.950000 0.440625 0.031250 0.031250
0 0.676562 0.582812 0.028125 0.028125
0 0.831250 0.970313 0.031250 0.028125
0 0.335938 0.842187 0.028125 0.028125
0 0.712500 0.353125 0.031250 0.031250
0 0.403125 0.728125 0.031250 0.031250
0 0.026562 0.779687 0.028125 0.028125
0 0.695312 0.437500 0.028125 0.031250
0 0.581250 0.410938 0.031250 0.028125
0 0.370312 0.842187 0.028125 0.028125
0 0.660937 0.554688 0.028125 0.028125
0 0.910937 0.651563 0.028125 0.028125
0 0.829688 0.568750 0.028125 0.031250
0 0.512500 0.931250 0.031250 0.031250
0 0.806250 0.621875 0.031250 0.031250
0 0.065625 0.398438 0.031250 0.034375
0 0.037500 0.412500 0.031250 0.031250
0 0.643750 0.878125 0.031250 0.031250
0 0.320312 0.814063 0.028125 0.028125
0 0.403125 0.439063 0.031250 0.028125
0 0.320312 0.867188 0.028125 0.028125
0 0.748437 0.821875 0.028125 0.031250
0 0.243750 0.610938 0.031250 0.028125
0 0.418750 0.409375 0.031250 0.031250
0 0.437500 0.500000 0.031250 0.031250
0 0.198437 0.976562 0.028125 0.028125
0 0.943750 0.703125 0.031250 0.031250
0 0.917188 0.954688 0.028125 0.028125
0 0.143750 0.485938 0.031250 0.028125
0 0.971875 0.887500 0.031250 0.031250
0 0.367188 0.900000 0.028125 0.031250
0 0.693750 0.668750 0.031250 0.031250
0 0.059375 0.465625 0.031250 0.031250
0 0.242188 0.782813 0.028125 0.028125
0 0.292187 0.639062 0.028125 0.028125
0 0.221875 0.406250 0.031250 0.031250
0 0.451562 0.470313 0.028125 0.028125
0 0.598437 0.554688 0.028125 0.028125
0 0.751563 0.657813 0.028125 0.028125
0 0.920312 0.485938 0.028125 0.028125
0 0.114062 0.532813 0.028125 0.028125
0 0.973437 0.820312 0.028125 0.028125
0 0.370312 0.784375 0.028125 0.031250
0 0.860938 0.921875 0.028125 0.031250
0 0.054688 0.957812 0.028125 0.028125
0 0.923438 0.381250 0.028125 0.031250
0 0.728125 0.381250 0.031250 0.031250
0 0.806250 0.657813 0.031250 0.028125
0 0.612500 0.470313 0.031250 0.028125
0 0.142187 0.617188 0.028125 0.028125
0 0.614062 0.876563 0.028125 0.028125
0 0.139063 0.682813 0.028125 0.028125
0 0.720313 0.771875 0.028125 0.031250
0 0.582812 0.817187 0.028125 0.028125
0 0.196875 0.940625 0.031250 0.031250
0 0.212500 0.493750 0.031250 0.031250
0 0.453125 0.584375 0.031250 0.031250
0 0.209375 0.432812 0.031250 0.028125
0 0.287500 0.346875 0.031250 0.031250
0 0.693750 0.610938 0.031250 0.028125
0 0.581250 0.354687 0.031250 0.028125
0 0.484375 0.815625 0.031250 0.031250
0 0.029687 0.543750 0.028125 0.031250
0 0.940625 0.409375 0.031250 0.031250
0 0.920312 0.520312 0.028125 0.028125
0 0.940625 0.568750 0.031250 0.031250
0 0.546875 0.350000 0.031250 0.031250
0 0.110937 0.729688 0.028125 0.028125
0 0.171875 0.428125 0.031250 0.031250
0 0.112500 0.568750 0.031250 0.031250
0 0.532813 0.378125 0.028125 0.031250
0 0.692187 0.554688 0.028125 0.028125
0 0.695312 0.381250 0.028125 0.031250
0 0.581250 0.467187 0.031250 0.028125
0 0.229687 0.525000 0.028125 0.031250
0 0.292187 0.525000 0.028125 0.031250
0 0.565625 0.846875 0.031250 0.031250
0 0.028125 0.579688 0.031250 0.028125
0 0.320312 0.465625 0.028125 0.031250
0 0.889062 0.673438 0.028125 0.028125
0 0.842187 0.351562 0.028125 0.028125
0 0.120313 0.434375 0.028125 0.031250
0 0.859375 0.618750 0.031250 0.031250
0 0.112500 0.956250 0.031250 0.031250
0 0.590625 0.962500 0.031250 0.031250
0 0.354687 0.814063 0.028125 0.028125
0 0.354687 0.642188 0.028125 0.028125
0 0.198437 0.520312 0.028125 0.028125
0 0.840625 0.464062 0.031250 0.028125
0 0.862500 0.853125 0.031250 0.031250
0 0.168750 0.634375 0.031250 0.031250
0 0.140625 0.582812 0.031250 0.028125
0 0.612500 0.526563 0.031250 0.028125
0 0.168750 0.667188 0.031250 0.028125
0 0.418750 0.470313 0.031250 0.028125
0 0.889062 0.970313 0.028125 0.028125
0 0.082812 0.681250 0.028125 0.031250
0 0.168750 0.892188 0.031250 0.028125
0 0.084375 0.350000 0.031250 0.031250
0 0.806250 0.521875 0.031250 0.031250
0 0.976562 0.785937 0.028125 0.028125
0 0.598437 0.384375 0.028125 0.031250
0 0.721875 0.673438 0.031250 0.028125
0 0.565625 0.671875 0.031250 0.031250
0 0.598437 0.671875 0.028125 0.031250
0 0.723437 0.804688 0.028125 0.028125
0 0.860938 0.521875 0.028125 0.031250
0 0.662500 0.495312 0.031250 0.028125
0 0.307812 0.493750 0.028125 0.031250
0 0.496875 0.959375 0.031250 0.031250
0 0.948438 0.471875 0.028125 0.031250
0 0.946875 0.804688 0.031250 0.028125
0 0.678125 0.468750 0.031250 0.031250
0 0.139063 0.317188 0.034375 0.034375
0 0.973437 0.853125 0.028125 0.031250
0 0.806250 0.790625 0.031250 0.031250
0 0.973437 0.753125 0.028125 0.031250
0 0.965625 0.610938 0.031250 0.028125
0 0.857812 0.435937 0.028125 0.028125
0 0.915625 0.690625 0.031250 0.031250
0 0.167187 0.731250 0.028125 0.031250
0 0.517188 0.470313 0.028125 0.028125
0 0.026562 0.976562 0.028125 0.028125
0 0.559375 0.962500 0.031250 0.031250
0 0.581250 0.526563 0.031250 0.028125
0 0.937500 0.603125 0.031250 0.031250
0 0.645312 0.582812 0.028125 0.028125
0 0.337500 0.435937 0.031250 0.028125
0 0.228125 0.581250 0.031250 0.031250
0 0.470313 0.556250 0.028125 0.031250
0 0.762500 0.318750 0.031250 0.031250
0 0.337500 0.956250 0.031250 0.031250
0 0.657813 0.964063 0.028125 0.028125
0 0.168750 0.534375 0.031250 0.031250
0 0.465625 0.317188 0.031250 0.034375
0 0.660937 0.320312 0.034375 0.034375
0 0.695312 0.321875 0.034375 0.031250
0 0.500000 0.787500 0.031250 0.031250
0 0.862500 0.723437 0.031250 0.028125
0 0.312500 0.975000 0.031250 0.031250
0 0.464062 0.960938 0.028125 0.028125
0 0.917188 0.885938 0.028125 0.028125
0 0.598437 0.498437 0.028125 0.028125
0 0.385937 0.814063 0.028125 0.028125
0 0.398438 0.956250 0.028125 0.031250
0 0.860938 0.554688 0.028125 0.028125
0 0.226562 0.637500 0.028125 0.031250
0 0.053125 0.343750 0.031250 0.031250
0 0.451562 0.815625 0.028125 0.031250
0 0.451562 0.529687 0.028125 0.028125
0 0.485938 0.701562 0.028125 0.028125
0 0.431250 0.957812 0.031250 0.028125
0 0.037500 0.378125 0.031250 0.031250
0 0.535937 0.729688 0.028125 0.028125
0 0.873437 0.351562 0.028125 0.028125
0 0.304688 0.317188 0.034375 0.034375
0 0.664062 0.439063 0.028125 0.028125
0 0.889062 0.706250 0.028125 0.031250
0 0.914062 0.582812 0.028125 0.028125
0 0.337500 0.315625 0.031250 0.031250
0 0.417187 0.871875 0.028125 0.031250
0 0.226562 0.959375 0.028125 0.031250
0 0.892188 0.737500 0.028125 0.031250
0 0.804688 0.951562 0.028125 0.028125
0 0.282813 0.959375 0.028125 0.031250
0 0.917188 0.453125 0.028125 0.031250
0 0.225000 0.925000 0.031250 0.031250
0 0.907813 0.351562 0.028125 0.028125
0 0.515625 0.350000 0.031250 0.031250
0 0.418750 0.814063 0.031250 0.028125
0 0.467187 0.728125 0.028125 0.031250
0 0.728125 0.317188 0.031250 0.034375
0 0.629687 0.729688 0.028125 0.028125
0 0.971875 0.954688 0.031250 0.028125
0 0.967187 0.643750 0.028125 0.031250
0 0.775000 0.968750 0.031250 0.031250
0 0.723437 0.835938 0.028125 0.028125
0 0.779687 0.901563 0.028125 0.028125
0 0.693750 0.907813 0.031250 0.028125
0 0.420312 0.757812 0.028125 0.028125
0 0.760938 0.435937 0.028125 0.028125
0 0.625000 0.962500 0.031250 0.031250
0 0.029687 0.679688 0.028125 0.028125
0 0.528125 0.959375 0.031250 0.031250
0 0.401562 0.317188 0.034375 0.034375
0 0.835938 0.773438 0.028125 0.028125
0 0.596875 0.320312 0.031250 0.034375
0 0.368750 0.315625 0.031250 0.031250
0 0.971875 0.573438 0.031250 0.034375
0 0.193750 0.753125 0.031250 0.031250
0 0.434375 0.317188 0.031250 0.034375
0 0.628125 0.318750 0.031250 0.031250
0 0.239063 0.317188 0.034375 0.034375
0 0.026562 0.712500 0.028125 0.031250
0 0.270313 0.317188 0.034375 0.034375
0 0.892188 0.503125 0.028125 0.031250
0 0.937500 0.634375 0.031250 0.031250
0 0.862500 0.821875 0.031250 0.031250
0 0.946875 0.834375 0.031250 0.031250
0 0.628125 0.673438 0.031250 0.028125
0 0.171875 0.315625 0.031250 0.031250
0 0.032813 0.479687 0.028125 0.028125
0 0.404687 0.842187 0.028125 0.028125
0 0.978125 0.450000 0.031250 0.031250
0 0.070312 0.314063 0.034375 0.034375
0 0.978125 0.481250 0.031250 0.031250
0 0.793750 0.321875 0.031250 0.031250
0 0.920312 0.789062 0.028125 0.028125
0 0.660937 0.610938 0.028125 0.028125
0 0.890625 0.468750 0.031250 0.031250
0 0.710938 0.525000 0.028125 0.031250
0 0.892188 0.870313 0.028125 0.028125
0 0.939063 0.353125 0.028125 0.031250
0 0.365625 0.971875 0.031250 0.031250
0 0.864062 0.754687 0.028125 0.028125
0 0.956250 0.381250 0.031250 0.031250
0 0.856250 0.323437 0.031250 0.028125
0 0.103125 0.315625 0.031250 0.031250
0 0.467187 0.498437 0.028125 0.028125
0 0.779687 0.573438 0.028125 0.028125
0 0.035937 0.315625 0.034375 0.031250
0 0.915625 0.551562 0.031250 0.028125
0 0.720313 0.968750 0.028125 0.031250
0 0.968750 0.678125 0.031250 0.031250
0 0.596875 0.612500 0.031250 0.031250
0 0.890625 0.325000 0.031250 0.031250
0 0.498437 0.317188 0.034375 0.034375
0 0.978125 0.510938 0.031250 0.034375
0 0.564063 0.320312 0.034375 0.034375
0 0.204687 0.317188 0.034375 0.034375
0 0.482812 0.529687 0.028125 0.028125
0 0.018750 0.348438 0.037500 0.034375
0 0.825000 0.321875 0.031250 0.031250
0 0.529687 0.317188 0.034375 0.034375
0 0.923438 0.323437 0.034375 0.034375
