0 0.923438 0.920312 0.034375 0.034375
0 0.501563 0.715625 0.034375 0.031250
0 0.531250 0.875000 0.031250 0.031250
0 0.898438 0.457813 0.034375 0.034375
0 0.940625 0.546875 0.031250 0.031250
0 0.771875 0.871875 0.031250 0.031250
0 0.907813 0.107813 0.034375 0.034375
0 0.929688 0.332813 0.034375 0.034375
0 0.946875 0.760938 0.031250 0.034375
0 0.945312 0.656250 0.034375 0.031250
0 0.801562 0.890625 0.034375 0.031250
0 0.912500 0.635938 0.031250 0.034375
0 0.529687 0.804688 0.034375 0.034375
0 0.839063 0.389062 0.034375 0.034375
0 0.804688 0.160938 0.034375 0.034375
0 0.626563 0.407813 0.040625 0.040625
0 0.945312 0.620313 0.034375 0.034375
0 0.912500 0.564063 0.031250 0.034375
0 0.823438 0.726562 0.034375 0.034375
0 0.831250 0.871875 0.031250 0.031250
0 0.803125 0.090625 0.031250 0.031250
0 0.440625 0.890625 0.031250 0.031250
0 0.840625 0.425000 0.031250 0.031250
0 0.809375 0.550000 0.031250 0.031250
0 0.971875 0.564063 0.031250 0.034375
0 0.940625 0.581250 0.031250 0.031250
0 0.921875 0.887500 0.031250 0.031250
0 0.950000 0.865625 0.031250 0.031250
0 0.962500 0.385937 0.031250 0.034375
0 0.800000 0.854688 0.031250 0.034375
0 0.860938 0.887500 0.034375 0.031250
0 0.200000 0.156250 0.031250 0.031250
0 0.804688 0.231250 0.034375 0.031250
0 0.742188 0.890625 0.034375 0.031250
0 0.382812 0.087500 0.034375 0.031250
0 0.915625 0.743750 0.031250 0.031250
0 0.714063 0.143750 0.028125 0.031250
0 0.809375 0.443750 0.031250 0.031250
0 0.809375 0.481250 0.031250 0.031250
0 0.293750 0.209375 0.031250 0.031250
0 0.625000 0.368750 0.031250 0.031250
0 0.750000 0.409375 0.031250 0.031250
0 0.873437 0.514062 0.034375 0.034375
0 0.929688 0.368750 0.034375 0.031250
0 0.896875 0.281250 0.031250 0.031250
0 0.940625 0.509375 0.031250 0.031250
0 0.931250 0.406250 0.031250 0.031250
0 0.562500 0.125000 0.031250 0.031250
0 0.684375 0.231250 0.031250 0.031250
0 0.625000 0.298438 0.031250 0.034375
0 0.864062 0.126562 0.034375 0.034375
0 0.412500 0.731250 0.031250 0.031250
0 0.854688 0.709375 0.034375 0.031250
0 0.840625 0.496875 0.031250 0.031250
0 0.953125 0.901563 0.031250 0.034375
0 0.653125 0.250000 0.031250 0.031250
0 0.775000 0.178125 0.031250 0.031250
0 0.917188 0.778125 0.034375 0.031250
0 0.746875 0.371875 0.031250 0.031250
0 0.775000 0.250000 0.031250 0.031250
0 0.231250 0.137500 0.031250 0.031250
0 0.701562 0.654687 0.034375 0.034375
0 0.318750 0.890625 0.031250 0.031250
0 0.290625 0.803125 0.031250 0.031250
0 0.746875 0.303125 0.031250 0.031250
0 0.682813 0.126562 0.028125 0.028125
0 0.887500 0.690625 0.031250 0.031250
0 0.868750 0.300000 0.031250 0.031250
0 0.468750 0.871875 0.031250 0.031250
0 0.840625 0.534375 0.031250 0.031250
0 0.803125 0.056250 0.031250 0.031250
0 0.928125 0.228125 0.031250 0.031250
0 0.807813 0.407813 0.028125 0.028125
0 0.882812 0.585938 0.034375 0.034375
0 0.868750 0.334375 0.031250 0.031250
0 0.828125 0.798438 0.031250 0.034375
0 0.231250 0.103125 0.031250 0.031250
0 0.562500 0.228125 0.031250 0.031250
0 0.867188 0.195312 0.034375 0.034375
0 0.812500 0.515625 0.031250 0.031250
0 0.806250 0.267188 0.031250 0.034375
0 0.914062 0.603125 0.034375 0.031250
0 0.778125 0.462500 0.031250 0.031250
0 0.381250 0.854688 0.031250 0.034375
0 0.498437 0.089063 0.034375 0.034375
0 0.715625 0.250000 0.031250 0.031250
0 0.887500 0.834375 0.031250 0.031250
0 0.740625 0.928125 0.031250 0.031250
0 0.625000 0.093750 0.031250 0.031250
0 0.412500 0.871875 0.031250 0.031250
0 0.946875 0.723437 0.031250 0.034375
0 0.912500 0.673438 0.031250 0.034375
0 0.884375 0.726562 0.031250 0.034375
0 0.762500 0.690625 0.031250 0.031250
0 0.821875 0.585938 0.037500 0.034375
0 0.292187 0.137500 0.028125 0.031250
0 0.975000 0.706250 0.031250 0.031250
0 0.562500 0.056250 0.031250 0.031250
0 0.778125 0.318750 0.031250 0.031250
0 0.778125 0.390625 0.031250 0.031250
0 0.440625 0.087500 0.031250 0.031250
0 0.682813 0.162500 0.034375 0.031250
0 0.381250 0.121875 0.031250 0.031250
0 0.895312 0.142187 0.034375 0.034375
0 0.503125 0.434375 0.031250 0.031250
0 0.803125 0.126562 0.031250 0.034375
0 0.943750 0.687500 0.031250 0.031250
0 0.653125 0.178125 0.031250 0.031250
0 0.809375 0.371875 0.031250 0.031250
0 0.200000 0.925000 0.031250 0.031250
0 0.962500 0.079687 0.031250 0.034375
0 0.290625 0.871875 0.031250 0.031250
0 0.948438 0.798438 0.034375 0.034375
0 0.260937 0.818750 0.028125 0.031250
0 0.590625 0.212500 0.031250 0.031250
0 0.715625 0.178125 0.031250 0.031250
0 0.960938 0.420312 0.034375 0.034375
0 0.775000 0.143750 0.031250 0.031250
0 0.928125 0.298438 0.031250 0.034375
0 0.823438 0.620313 0.034375 0.034375
0 0.260937 0.890625 0.028125 0.031250
0 0.690625 0.371875 0.031250 0.031250
0 0.656250 0.320312 0.031250 0.034375
0 0.745313 0.093750 0.028125 0.031250
0 0.203125 0.609375 0.031250 0.031250
0 0.871875 0.478125 0.031250 0.031250
0 0.896875 0.318750 0.031250 0.031250
0 0.593750 0.282813 0.031250 0.034375
0 0.684375 0.337500 0.031250 0.031250
0 0.745313 0.196875 0.028125 0.031250
0 0.776563 0.284375 0.028125 0.031250
0 0.200000 0.890625 0.031250 0.031250
0 0.231250 0.243750 0.031250 0.031250
0 0.932813 0.476562 0.034375 0.034375
0 0.350000 0.837500 0.031250 0.031250
0 0.381250 0.750000 0.031250 0.031250
0 0.957812 0.243750 0.034375 0.031250
0 0.231250 0.765625 0.031250 0.031250
0 0.350000 0.417187 0.031250 0.034375
0 0.975000 0.671875 0.031250 0.031250
0 0.840625 0.353125 0.031250 0.031250
0 0.825000 0.762500 0.031250 0.031250
0 0.856250 0.671875 0.031250 0.031250
0 0.412500 0.314063 0.031250 0.034375
0 0.918750 0.850000 0.031250 0.031250
0 0.834375 0.212500 0.031250 0.031250
0 0.900000 0.389062 0.031250 0.034375
0 0.746875 0.337500 0.031250 0.031250
0 0.971875 0.528125 0.031250 0.031250
0 0.775000 0.214062 0.031250 0.034375
0 0.898438 0.351562 0.034375 0.034375
0 0.771875 0.940625 0.031250 0.031250
0 0.950000 0.831250 0.031250 0.031250
0 0.865625 0.159375 0.031250 0.031250
0 0.262500 0.856250 0.031250 0.031250
0 0.890625 0.870313 0.031250 0.034375
0 0.734375 0.671875 0.031250 0.031250
0 0.262500 0.053125 0.031250 0.031250
0 0.871875 0.406250 0.031250 0.031250
0 0.809375 0.334375 0.031250 0.031250
0 0.231250 0.803125 0.031250 0.031250
0 0.560937 0.645312 0.034375 0.034375
0 0.293750 0.243750 0.031250 0.031250
0 0.781250 0.500000 0.031250 0.031250
0 0.718750 0.353125 0.031250 0.031250
0 0.260937 0.784375 0.028125 0.031250
0 0.778125 0.425000 0.031250 0.031250
0 0.837500 0.320312 0.031250 0.034375
0 0.503125 0.610938 0.031250 0.034375
0 0.350000 0.871875 0.031250 0.031250
0 0.868750 0.370312 0.031250 0.034375
0 0.859375 0.812500 0.031250 0.031250
0 0.715625 0.109375 0.031250 0.031250
0 0.703125 0.689063 0.031250 0.034375
0 0.292187 0.071875 0.028125 0.031250
0 0.670312 0.670312 0.034375 0.034375
0 0.381250 0.925000 0.031250 0.031250
0 0.321875 0.156250 0.031250 0.031250
0 0.651563 0.909375 0.028125 0.031250
0 0.656250 0.284375 0.031250 0.031250
0 0.796875 0.778125 0.031250 0.031250
0 0.975000 0.637500 0.031250 0.031250
0 0.659375 0.426563 0.031250 0.034375
0 0.762500 0.653125 0.031250 0.031250
0 0.684375 0.265625 0.031250 0.031250
0 0.593750 0.351562 0.031250 0.034375
0 0.443750 0.610938 0.031250 0.034375
0 0.593750 0.109375 0.031250 0.031250
0 0.884375 0.620313 0.031250 0.034375
0 0.620313 0.751563 0.028125 0.028125
0 0.793750 0.709375 0.031250 0.031250
0 0.879687 0.546875 0.034375 0.031250
0 0.887500 0.796875 0.031250 0.031250
0 0.743750 0.162500 0.031250 0.031250
0 0.562500 0.296875 0.031250 0.031250
0 0.781250 0.532813 0.031250 0.034375
0 0.503125 0.575000 0.031250 0.031250
0 0.862500 0.923438 0.031250 0.034375
0 0.534375 0.525000 0.031250 0.031250
0 0.718750 0.392188 0.031250 0.034375
0 0.928125 0.262500 0.031250 0.031250
0 0.353125 0.106250 0.031250 0.031250
0 0.593750 0.245312 0.031250 0.034375
0 0.959375 0.314063 0.031250 0.034375
0 0.853125 0.567187 0.031250 0.034375
0 0.318750 0.925000 0.031250 0.031250
0 0.750000 0.445312 0.031250 0.034375
0 0.835938 0.250000 0.034375 0.031250
0 0.793750 0.743750 0.031250 0.031250
0 0.475000 0.593750 0.031250 0.031250
0 0.590625 0.875000 0.031250 0.031250
0 0.653125 0.075000 0.031250 0.031250
0 0.620313 0.859375 0.028125 0.031250
0 0.840625 0.459375 0.031250 0.031250
0 0.200000 0.787500 0.031250 0.031250
0 0.562500 0.437500 0.031250 0.031250
0 0.717187 0.426563 0.034375 0.034375
0 0.760938 0.618750 0.034375 0.031250
0 0.626563 0.623437 0.034375 0.034375
0 0.834375 0.178125 0.031250 0.031250
0 0.740625 0.856250 0.031250 0.031250
0 0.231250 0.453125 0.031250 0.031250
0 0.231250 0.731250 0.031250 0.031250
0 0.590625 0.840625 0.031250 0.031250
0 0.503125 0.401562 0.031250 0.034375
0 0.975000 0.776563 0.031250 0.034375
0 0.800000 0.820312 0.031250 0.034375
0 0.746875 0.265625 0.031250 0.031250
0 0.412500 0.767188 0.031250 0.034375
0 0.621875 0.332813 0.031250 0.034375
0 0.896875 0.246875 0.031250 0.031250
0 0.834375 0.110937 0.031250 0.034375
0 0.564063 0.578125 0.034375 0.031250
0 0.714063 0.284375 0.028125 0.031250
0 0.625000 0.162500 0.031250 0.031250
0 0.710938 0.804688 0.034375 0.034375
0 0.503125 0.542188 0.031250 0.034375
0 0.942187 0.110937 0.034375 0.034375
0 0.593750 0.075000 0.031250 0.031250
0 0.743750 0.231250 0.031250 0.031250
0 0.654687 0.354687 0.034375 0.034375
0 0.775000 0.110937 0.031250 0.034375
0 0.765625 0.762500 0.031250 0.031250
0 0.293750 0.731250 0.031250 0.031250
0 0.470313 0.804688 0.034375 0.034375
0 0.200000 0.434375 0.031250 0.031250
0 0.325000 0.121875 0.031250 0.031250
0 0.381250 0.053125 0.031250 0.031250
0 0.771875 0.907813 0.031250 0.034375
0 0.742188 0.821875 0.034375 0.031250
0 0.381250 0.890625 0.031250 0.031250
0 0.714063 0.215625 0.028125 0.031250
0 0.503125 0.296875 0.031250 0.031250
0 0.684375 0.196875 0.031250 0.031250
0 0.807813 0.300000 0.028125 0.031250
0 0.381250 0.400000 0.031250 0.031250
0 0.657813 0.496875 0.034375 0.031250
0 0.621875 0.196875 0.031250 0.031250
0 0.681250 0.856250 0.031250 0.031250
0 0.853125 0.637500 0.031250 0.031250
0 0.653125 0.109375 0.031250 0.031250
0 0.443750 0.715625 0.031250 0.031250
0 0.653125 0.214062 0.031250 0.034375
0 0.412500 0.384375 0.031250 0.031250
0 0.831250 0.835938 0.031250 0.034375
0 0.231250 0.943750 0.031250 0.031250
0 0.650000 0.875000 0.031250 0.031250
0 0.684375 0.303125 0.031250 0.031250
0 0.293750 0.662500 0.031250 0.031250
0 0.292187 0.521875 0.028125 0.031250
0 0.975000 0.740625 0.031250 0.031250
0 0.293750 0.696875 0.031250 0.031250
0 0.412500 0.907813 0.031250 0.034375
0 0.743750 0.960938 0.031250 0.034375
0 0.593750 0.385937 0.031250 0.034375
0 0.590625 0.418750 0.031250 0.031250
0 0.442188 0.296875 0.034375 0.031250
0 0.229687 0.907813 0.028125 0.028125
0 0.689063 0.479687 0.034375 0.034375
0 0.290625 0.906250 0.031250 0.031250
0 0.834375 0.907813 0.031250 0.034375
0 0.853125 0.603125 0.031250 0.031250
0 0.292187 0.314063 0.028125 0.028125
0 0.867188 0.229687 0.034375 0.034375
0 0.443750 0.053125 0.031250 0.031250
0 0.832812 0.073438 0.034375 0.034375
0 0.789062 0.601562 0.034375 0.034375
0 0.262500 0.506250 0.031250 0.031250
0 0.625000 0.229687 0.031250 0.034375
0 0.859375 0.778125 0.031250 0.031250
0 0.900000 0.423438 0.031250 0.034375
0 0.443750 0.400000 0.031250 0.031250
0 0.931250 0.439063 0.031250 0.034375
0 0.292187 0.037500 0.034375 0.031250
0 0.200000 0.120313 0.031250 0.034375
0 0.964063 0.456250 0.034375 0.031250
0 0.531250 0.384375 0.031250 0.031250
0 0.837500 0.284375 0.031250 0.031250
0 0.350000 0.943750 0.031250 0.031250
0 0.959375 0.348438 0.031250 0.034375
0 0.292187 0.104688 0.028125 0.028125
0 0.734375 0.709375 0.031250 0.031250
0 0.292187 0.346875 0.028125 0.031250
0 0.353125 0.140625 0.031250 0.031250
0 0.712500 0.945312 0.031250 0.034375
0 0.590625 0.945312 0.031250 0.034375
0 0.792188 0.637500 0.028125 0.031250
0 0.912500 0.528125 0.031250 0.031250
0 0.321875 0.365625 0.031250 0.031250
0 0.262500 0.537500 0.031250 0.031250
0 0.318750 0.856250 0.031250 0.031250
0 0.470313 0.840625 0.028125 0.031250
0 0.410938 0.104688 0.034375 0.034375
0 0.350000 0.696875 0.031250 0.031250
0 0.200000 0.225000 0.031250 0.031250
0 0.350000 0.068750 0.031250 0.031250
0 0.750000 0.479687 0.031250 0.034375
0 0.381250 0.156250 0.031250 0.031250
0 0.440625 0.193750 0.031250 0.031250
0 0.682813 0.090625 0.028125 0.031250
0 0.659375 0.603125 0.031250 0.031250
0 0.625000 0.265625 0.031250 0.031250
0 0.781250 0.568750 0.031250 0.031250
0 0.410938 0.348438 0.034375 0.034375
0 0.353125 0.628125 0.031250 0.031250
0 0.765625 0.725000 0.031250 0.031250
0 0.734375 0.743750 0.031250 0.031250
0 0.290625 0.940625 0.031250 0.031250
0 0.262500 0.087500 0.031250 0.031250
0 0.621875 0.128125 0.031250 0.031250
0 0.410938 0.139063 0.034375 0.034375
0 0.231250 0.521875 0.031250 0.031250
0 0.564063 0.471875 0.034375 0.031250
0 0.718750 0.532813 0.031250 0.034375
0 0.896875 0.178125 0.031250 0.031250
0 0.750000 0.517188 0.031250 0.034375
0 0.381250 0.678125 0.031250 0.031250
0 0.231250 0.485938 0.031250 0.034375
0 0.860938 0.853125 0.034375 0.031250
0 0.720313 0.496875 0.034375 0.031250
0 0.381250 0.715625 0.031250 0.031250
0 0.620313 0.928125 0.028125 0.031250
0 0.350000 0.381250 0.031250 0.031250
0 0.825000 0.656250 0.031250 0.031250
0 0.854688 0.743750 0.034375 0.031250
0 0.503125 0.260937 0.031250 0.034375
0 0.884375 0.653125 0.031250 0.031250
0 0.200000 0.539062 0.031250 0.034375
0 0.626563 0.550000 0.034375 0.031250
0 0.715625 0.318750 0.031250 0.031250
0 0.720313 0.604688 0.034375 0.034375
0 0.381250 0.434375 0.031250 0.031250
0 0.229687 0.209375 0.034375 0.031250
0 0.871875 0.440625 0.031250 0.031250
0 0.471875 0.243750 0.031250 0.031250
0 0.689063 0.623437 0.034375 0.034375
0 0.318750 0.818750 0.031250 0.031250
0 0.412500 0.243750 0.031250 0.031250
0 0.651563 0.840625 0.028125 0.031250
0 0.684375 0.059375 0.031250 0.031250
0 0.353125 0.453125 0.031250 0.031250
0 0.715625 0.040625 0.031250 0.031250
0 0.678125 0.821875 0.031250 0.031250
0 0.750000 0.585938 0.031250 0.034375
0 0.768750 0.839063 0.031250 0.028125
0 0.231250 0.626563 0.031250 0.034375
0 0.292187 0.173437 0.028125 0.028125
0 0.200000 0.053125 0.031250 0.031250
0 0.862500 0.957812 0.031250 0.034375
0 0.562500 0.089063 0.031250 0.034375
0 0.834375 0.940625 0.031250 0.031250
0 0.589063 0.909375 0.028125 0.031250
0 0.743750 0.056250 0.031250 0.031250
0 0.823438 0.689063 0.028125 0.028125
0 0.834375 0.143750 0.031250 0.031250
0 0.670312 0.706250 0.034375 0.031250
0 0.410938 0.278125 0.034375 0.031250
0 0.321875 0.678125 0.031250 0.031250
0 0.262500 0.156250 0.031250 0.031250
0 0.381250 0.365625 0.031250 0.031250
0 0.442188 0.157812 0.034375 0.034375
0 0.975000 0.600000 0.031250 0.031250
0 0.382812 0.610938 0.034375 0.034375
0 0.412500 0.068750 0.031250 0.031250
0 0.885938 0.762500 0.034375 0.031250
0 0.200000 0.262500 0.031250 0.031250
0 0.621875 0.787500 0.031250 0.031250
0 0.562500 0.262500 0.031250 0.031250
0 0.928125 0.079687 0.031250 0.034375
0 0.443750 0.578125 0.031250 0.031250
0 0.803125 0.959375 0.031250 0.031250
0 0.621875 0.825000 0.031250 0.031250
0 0.660937 0.387500 0.034375 0.031250
0 0.353125 0.175000 0.031250 0.031250
0 0.593750 0.560937 0.031250 0.034375
0 0.564063 0.368750 0.034375 0.031250
0 0.718750 0.462500 0.031250 0.031250
0 0.678125 0.893750 0.031250 0.031250
0 0.471875 0.276562 0.031250 0.034375
0 0.689063 0.407813 0.034375 0.034375
0 0.381250 0.784375 0.031250 0.031250
0 0.292187 0.767188 0.028125 0.028125
0 0.262500 0.750000 0.031250 0.031250
0 0.292187 0.556250 0.028125 0.031250
0 0.200000 0.818750 0.031250 0.031250
0 0.412500 0.696875 0.031250 0.031250
0 0.471875 0.418750 0.031250 0.031250
0 0.414062 0.593750 0.034375 0.031250
0 0.689063 0.514062 0.034375 0.034375
0 0.868750 0.050000 0.037500 0.037500
0 0.321875 0.470313 0.031250 0.028125
0 0.890625 0.903125 0.031250 0.031250
0 0.559375 0.893750 0.031250 0.031250
0 0.262500 0.364063 0.031250 0.034375
0 0.562500 0.718750 0.031250 0.031250
0 0.657813 0.462500 0.034375 0.031250
0 0.559375 0.856250 0.031250 0.031250
0 0.896875 0.212500 0.031250 0.031250
0 0.681250 0.928125 0.031250 0.031250
0 0.471875 0.384375 0.031250 0.031250
0 0.776563 0.354687 0.028125 0.028125
0 0.200000 0.750000 0.031250 0.031250
0 0.292187 0.278125 0.028125 0.031250
0 0.650000 0.943750 0.031250 0.031250
0 0.262500 0.400000 0.031250 0.031250
0 0.628125 0.585938 0.031250 0.034375
0 0.231250 0.173437 0.031250 0.034375
0 0.353125 0.034375 0.031250 0.031250
0 0.321875 0.434375 0.031250 0.031250
0 0.262500 0.225000 0.031250 0.031250
0 0.628125 0.514062 0.031250 0.034375
0 0.231250 0.871875 0.031250 0.031250
0 0.957812 0.207813 0.034375 0.034375
0 0.321875 0.087500 0.031250 0.031250
0 0.290625 0.837500 0.031250 0.031250
0 0.681250 0.960938 0.031250 0.034375
0 0.471875 0.768750 0.031250 0.031250
0 0.501563 0.192188 0.034375 0.034375
0 0.321875 0.225000 0.031250 0.031250
0 0.440625 0.750000 0.031250 0.031250
0 0.593750 0.179688 0.031250 0.034375
0 0.657813 0.637500 0.034375 0.031250
0 0.868750 0.265625 0.031250 0.031250
0 0.959375 0.278125 0.031250 0.031250
0 0.231250 0.556250 0.031250 0.031250
0 0.503125 0.470313 0.031250 0.034375
0 0.292187 0.626563 0.028125 0.028125
0 0.595313 0.525000 0.034375 0.031250
0 0.471875 0.696875 0.031250 0.031250
0 0.260937 0.262500 0.028125 0.031250
0 0.471875 0.559375 0.031250 0.031250
0 0.653125 0.771875 0.031250 0.031250
0 0.412500 0.628125 0.031250 0.031250
0 0.531250 0.628125 0.031250 0.031250
0 0.503125 0.646875 0.031250 0.031250
0 0.201563 0.960938 0.034375 0.034375
0 0.960938 0.142187 0.034375 0.034375
0 0.532813 0.593750 0.034375 0.031250
0 0.590625 0.315625 0.031250 0.031250
0 0.562500 0.751563 0.031250 0.034375
0 0.471875 0.350000 0.031250 0.031250
0 0.350000 0.803125 0.031250 0.031250
0 0.381250 0.643750 0.031250 0.031250
0 0.470313 0.734375 0.028125 0.031250
0 0.775000 0.976562 0.031250 0.034375
0 0.703125 0.721875 0.031250 0.031250
0 0.681250 0.787500 0.031250 0.031250
0 0.590625 0.734375 0.031250 0.031250
0 0.203125 0.503125 0.031250 0.031250
0 0.321875 0.190625 0.031250 0.031250
0 0.231250 0.837500 0.031250 0.031250
0 0.200000 0.084375 0.031250 0.031250
0 0.409375 0.943750 0.031250 0.031250
0 0.531250 0.281250 0.031250 0.031250
0 0.503125 0.331250 0.031250 0.031250
0 0.834375 0.037500 0.031250 0.031250
0 0.531250 0.453125 0.031250 0.031250
0 0.440625 0.260937 0.031250 0.034375
0 0.443750 0.678125 0.031250 0.031250
0 0.200000 0.573438 0.031250 0.034375
0 0.200000 0.470313 0.031250 0.034375
0 0.562500 0.159375 0.031250 0.031250
0 0.262500 0.959375 0.031250 0.031250
0 0.382812 0.504687 0.034375 0.034375
0 0.775000 0.040625 0.031250 0.031250
0 0.562500 0.193750 0.031250 0.031250
0 0.750000 0.550000 0.031250 0.031250
0 0.379688 0.960938 0.034375 0.034375
0 0.410938 0.801562 0.034375 0.034375
0 0.471875 0.453125 0.031250 0.031250
0 0.231250 0.662500 0.031250 0.031250
0 0.381250 0.818750 0.031250 0.031250
0 0.864062 0.092188 0.034375 0.034375
0 0.350000 0.487500 0.031250 0.031250
0 0.531250 0.559375 0.031250 0.031250
0 0.793750 0.671875 0.031250 0.031250
0 0.531250 0.768750 0.031250 0.031250
0 0.970313 0.492188 0.034375 0.034375
0 0.718750 0.567187 0.031250 0.034375
0 0.381250 0.468750 0.031250 0.031250
0 0.471875 0.907813 0.031250 0.028125
0 0.437500 0.856250 0.031250 0.031250
0 0.926562 0.157812 0.034375 0.034375
0 0.917188 0.812500 0.028125 0.031250
0 0.321875 0.784375 0.031250 0.031250
0 0.500000 0.751563 0.031250 0.034375
0 0.806250 0.196875 0.031250 0.031250
0 0.653125 0.143750 0.031250 0.031250
0 0.712500 0.839063 0.031250 0.034375
0 0.262500 0.121875 0.031250 0.031250
0 0.200000 0.856250 0.031250 0.031250
0 0.771875 0.075000 0.031250 0.031250
0 0.293750 0.381250 0.031250 0.031250
0 0.440625 0.121875 0.031250 0.031250
0 0.531250 0.246875 0.031250 0.031250
0 0.745313 0.128125 0.028125 0.031250
0 0.542188 0.956250 0.034375 0.031250
0 0.628125 0.479687 0.031250 0.034375
0 0.412500 0.175000 0.031250 0.031250
0 0.712500 0.907813 0.031250 0.034375
0 0.440625 0.784375 0.031250 0.031250
0 0.503125 0.225000 0.031250 0.031250
0 0.440625 0.821875 0.031250 0.031250
0 0.628125 0.445312 0.031250 0.034375
0 0.620313 0.892188 0.028125 0.028125
0 0.170313 0.626563 0.034375 0.034375
0 0.531250 0.734375 0.031250 0.031250
0 0.293750 0.418750 0.031250 0.031250
0 0.687500 0.585938 0.031250 0.034375
0 0.500000 0.925000 0.031250 0.031250
0 0.593750 0.698438 0.031250 0.034375
0 0.325000 0.329688 0.031250 0.034375
0 0.532813 0.351562 0.034375 0.034375
0 0.590625 0.803125 0.031250 0.031250
0 0.171875 0.068750 0.031250 0.031250
0 0.409375 0.837500 0.031250 0.031250
0 0.412500 0.210938 0.031250 0.034375
0 0.896875 0.975000 0.031250 0.031250
0 0.926562 0.195312 0.034375 0.034375
0 0.742188 0.785937 0.034375 0.034375
0 0.639062 0.689063 0.034375 0.034375
0 0.621875 0.057813 0.031250 0.034375
0 0.350000 0.731250 0.031250 0.031250
0 0.382812 0.296875 0.034375 0.031250
0 0.626563 0.657813 0.034375 0.034375
0 0.475000 0.626563 0.031250 0.034375
0 0.834375 0.975000 0.031250 0.031250
0 0.231250 0.696875 0.031250 0.031250
0 0.595313 0.593750 0.034375 0.031250
0 0.321875 0.400000 0.031250 0.031250
0 0.259375 0.925000 0.031250 0.031250
0 0.200000 0.643750 0.031250 0.031250
0 0.321875 0.609375 0.031250 0.031250
0 0.350000 0.907813 0.031250 0.034375
0 0.200000 0.190625 0.031250 0.031250
0 0.231250 0.068750 0.031250 0.031250
0 0.262500 0.434375 0.031250 0.031250
0 0.171875 0.243750 0.031250 0.031250
0 0.262500 0.609375 0.031250 0.031250
0 0.412500 0.662500 0.031250 0.031250
0 0.650000 0.806250 0.031250 0.031250
0 0.321875 0.259375 0.031250 0.031250
0 0.712500 0.875000 0.031250 0.031250
0 0.353125 0.276562 0.031250 0.034375
0 0.471875 0.314063 0.031250 0.034375
0 0.200000 0.293750 0.031250 0.031250
0 0.231250 0.590625 0.031250 0.031250
0 0.293750 0.590625 0.031250 0.031250
0 0.657813 0.534375 0.034375 0.031250
0 0.528125 0.909375 0.031250 0.031250
0 0.262500 0.643750 0.031250 0.031250
0 0.945312 0.050000 0.034375 0.031250
0 0.171875 0.804688 0.031250 0.034375
0 0.321875 0.293750 0.031250 0.031250
0 0.321875 0.503125 0.031250 0.031250
0 0.714063 0.075000 0.028125 0.031250
0 0.500000 0.681250 0.031250 0.031250
0 0.562500 0.610938 0.031250 0.034375
0 0.321875 0.714063 0.031250 0.028125
0 0.382812 0.331250 0.034375 0.031250
0 0.507812 0.957812 0.034375 0.034375
0 0.709375 0.768750 0.031250 0.031250
0 0.595313 0.492188 0.034375 0.034375
0 0.260937 0.293750 0.028125 0.031250
0 0.321875 0.750000 0.031250 0.031250
0 0.412500 0.418750 0.031250 0.031250
0 0.353125 0.662500 0.031250 0.031250
0 0.500000 0.825000 0.031250 0.031250
0 0.231250 0.418750 0.031250 0.031250
0 0.903125 0.495312 0.031250 0.034375
0 0.564063 0.507812 0.034375 0.034375
0 0.681250 0.751563 0.031250 0.034375
0 0.323437 0.643750 0.028125 0.031250
0 0.590625 0.143750 0.031250 0.031250
0 0.803125 0.925000 0.031250 0.031250
0 0.595313 0.454688 0.034375 0.034375
0 0.531250 0.312500 0.031250 0.031250
0 0.592187 0.629687 0.034375 0.034375
0 0.562500 0.331250 0.031250 0.031250
0 0.529687 0.176563 0.034375 0.034375
0 0.893750 0.939063 0.031250 0.034375
0 0.229687 0.276562 0.028125 0.028125
0 0.262500 0.678125 0.031250 0.031250
0 0.378125 0.225000 0.031250 0.031250
0 0.440625 0.957812 0.031250 0.034375
0 0.471875 0.209375 0.031250 0.031250
0 0.590625 0.040625 0.031250 0.031250
0 0.442188 0.367188 0.034375 0.034375
0 0.170313 0.523438 0.034375 0.034375
0 0.562500 0.821875 0.031250 0.031250
0 0.532813 0.698438 0.028125 0.028125
0 0.292187 0.485938 0.034375 0.034375
0 0.562500 0.787500 0.031250 0.031250
0 0.443750 0.437500 0.031250 0.031250
0 0.321875 0.053125 0.031250 0.031250
0 0.167187 0.139063 0.034375 0.034375
0 0.412500 0.034375 0.031250 0.031250
0 0.590625 0.665625 0.031250 0.031250
0 0.440625 0.331250 0.031250 0.031250
0 0.170313 0.451562 0.034375 0.034375
0 0.350000 0.765625 0.031250 0.031250
0 0.171875 0.278125 0.031250 0.031250
0 0.656250 0.568750 0.031250 0.031250
0 0.503125 0.506250 0.031250 0.031250
0 0.731250 0.637500 0.031250 0.031250
0 0.562500 0.542188 0.031250 0.034375
0 0.746875 0.021875 0.031250 0.031250
0 0.443750 0.225000 0.031250 0.031250
0 0.167187 0.873437 0.034375 0.034375
0 0.170313 0.557813 0.034375 0.034375
0 0.290625 0.975000 0.031250 0.031250
0 0.321875 0.540625 0.031250 0.031250
0 0.621875 0.715625 0.031250 0.031250
0 0.262500 0.329688 0.031250 0.028125
0 0.531250 0.840625 0.031250 0.031250
0 0.262500 0.468750 0.031250 0.031250
0 0.171875 0.103125 0.031250 0.031250
0 0.471875 0.662500 0.031250 0.031250
0 0.573438 0.976562 0.034375 0.034375
0 0.260937 0.190625 0.028125 0.031250
0 0.231250 0.309375 0.031250 0.031250
0 0.350000 0.209375 0.031250 0.031250
0 0.689063 0.445312 0.034375 0.034375
0 0.620313 0.964063 0.034375 0.034375
0 0.531250 0.418750 0.031250 0.031250
0 0.471875 0.175000 0.031250 0.031250
0 0.978125 0.814063 0.031250 0.034375
0 0.559375 0.928125 0.031250 0.031250
0 0.967187 0.176563 0.034375 0.034375
0 0.167187 0.942187 0.034375 0.034375
0 0.910937 0.046875 0.034375 0.031250
0 0.687500 0.550000 0.031250 0.031250
0 0.171875 0.487500 0.031250 0.031250
0 0.468750 0.940625 0.031250 0.031250
0 0.531250 0.209375 0.031250 0.031250
0 0.171875 0.837500 0.031250 0.031250
0 0.170313 0.904687 0.034375 0.034375
0 0.442188 0.540625 0.034375 0.031250
0 0.473438 0.489063 0.034375 0.034375
0 0.262500 0.575000 0.031250 0.031250
0 0.653125 0.043750 0.031250 0.031250
0 0.978125 0.110937 0.031250 0.034375
0 0.412500 0.559375 0.031250 0.031250
0 0.262500 0.715625 0.031250 0.031250
0 0.915625 0.709375 0.031250 0.031250
0 0.440625 0.925000 0.031250 0.031250
0 0.200000 0.400000 0.031250 0.031250
0 0.443750 0.646875 0.031250 0.031250
0 0.590625 0.768750 0.031250 0.031250
0 0.170313 0.767188 0.034375 0.034375
0 0.409375 0.975000 0.031250 0.031250
0 0.562500 0.023438 0.031250 0.034375
0 0.501563 0.365625 0.028125 0.031250
0 0.471875 0.034375 0.031250 0.031250
0 0.353125 0.346875 0.031250 0.031250
0 0.381250 0.190625 0.031250 0.031250
0 0.893750 0.073438 0.031250 0.034375
0 0.562500 0.403125 0.031250 0.031250
0 0.501563 0.854688 0.028125 0.028125
0 0.321875 0.959375 0.031250 0.031250
0 0.321875 0.021875 0.031250 0.031250
0 0.773438 0.801562 0.034375 0.034375
0 0.531250 0.071875 0.031250 0.031250
0 0.500000 0.890625 0.031250 0.031250
0 0.531250 0.037500 0.031250 0.031250
0 0.168750 0.590625 0.031250 0.031250
0 0.471875 0.068750 0.031250 0.031250
0 0.231250 0.382812 0.031250 0.034375
0 0.500000 0.787500 0.031250 0.031250
0 0.381250 0.259375 0.031250 0.031250
0 0.500000 0.053125 0.031250 0.031250
0 0.531250 0.487500 0.031250 0.031250
0 0.170313 0.173437 0.034375 0.034375
0 0.171875 0.417187 0.031250 0.034375
0 0.684375 0.021875 0.031250 0.031250
0 0.476562 0.976562 0.034375 0.034375
0 0.621875 0.026562 0.031250 0.034375
0 0.171875 0.209375 0.031250 0.031250
0 0.231250 0.037500 0.031250 0.031250
0 0.350000 0.521875 0.031250 0.031250
0 0.978125 0.848437 0.031250 0.034375
0 0.978125 0.048438 0.031250 0.034375
0 0.440625 0.018750 0.031250 0.031250
0 0.350000 0.978125 0.031250 0.031250
0 0.803125 0.021875 0.031250 0.031250
0 0.960938 0.020313 0.034375 0.034375
0 0.503125 0.021875 0.031250 0.031250
0 0.712500 0.978125 0.031250 0.031250
0 0.323437 0.575000 0.028125 0.031250
0 0.412500 0.450000 0.031250 0.031250
0 0.231250 0.975000 0.031250 0.031250
0 0.925000 0.956250 0.031250 0.031250
0 0.529687 0.142187 0.034375 0.034375
0 0.475000 0.521875 0.031250 0.031250
0 0.353125 0.593750 0.031250 0.031250
0 0.979688 0.884375 0.034375 0.031250
0 0.653125 0.734375 0.031250 0.031250
0 0.262500 0.021875 0.031250 0.031250
0 0.170313 0.382812 0.034375 0.034375
0 0.531250 0.106250 0.031250 0.031250
0 0.953125 0.940625 0.031250 0.031250
0 0.382812 0.018750 0.034375 0.031250
0 0.410938 0.523438 0.034375 0.034375
0 0.562500 0.681250 0.031250 0.031250
0 0.954688 0.973437 0.034375 0.034375
0 0.170313 0.034375 0.034375 0.037500
0 0.171875 0.976562 0.031250 0.034375
0 0.532813 0.662500 0.028125 0.031250
0 0.651563 0.978125 0.028125 0.031250
0 0.168750 0.312500 0.031250 0.031250
0 0.926562 0.017188 0.034375 0.034375
0 0.200000 0.018750 0.031250 0.031250
0 0.892188 0.020313 0.034375 0.034375
0 0.168750 0.346875 0.031250 0.031250
0 0.167187 0.660937 0.034375 0.034375
