0 0.071875 0.071875 0.031250 0.031250
0 0.343750 0.275000 0.031250 0.031250
0 0.854688 0.179688 0.034375 0.034375
0 0.800000 0.807813 0.031250 0.034375
0 0.050000 0.264062 0.031250 0.034375
0 0.285938 0.623437 0.034375 0.034375
0 0.946875 0.581250 0.031250 0.031250
0 0.450000 0.807813 0.031250 0.034375
0 0.364063 0.654687 0.034375 0.034375
0 0.525000 0.273438 0.031250 0.034375
0 0.946875 0.196875 0.031250 0.031250
0 0.917188 0.423438 0.028125 0.028125
0 0.434375 0.325000 0.031250 0.031250
0 0.946875 0.406250 0.031250 0.031250
0 0.796875 0.387500 0.031250 0.031250
0 0.828125 0.337500 0.031250 0.031250
0 0.854688 0.250000 0.034375 0.031250
0 0.975000 0.459375 0.031250 0.031250
0 0.734375 0.075000 0.031250 0.031250
0 0.462500 0.132812 0.031250 0.034375
0 0.465625 0.275000 0.031250 0.031250
0 0.048438 0.228125 0.034375 0.031250
0 0.856250 0.318750 0.031250 0.031250
0 0.551562 0.150000 0.034375 0.031250
0 0.675000 0.250000 0.031250 0.031250
0 0.196875 0.142187 0.031250 0.034375
0 0.693750 0.807813 0.031250 0.034375
0 0.909375 0.745313 0.031250 0.034375
0 0.285938 0.126562 0.034375 0.034375
0 0.887500 0.265625 0.031250 0.031250
0 0.842187 0.685937 0.034375 0.034375
0 0.282813 0.275000 0.034375 0.031250
0 0.885938 0.126562 0.034375 0.034375
0 0.165625 0.121875 0.031250 0.031250
0 0.464062 0.093750 0.034375 0.031250
0 0.735938 0.110937 0.034375 0.034375
0 0.539062 0.717187 0.034375 0.034375
0 0.868750 0.807813 0.031250 0.034375
0 0.317188 0.107813 0.034375 0.034375
0 0.915625 0.212500 0.031250 0.031250
0 0.828125 0.303125 0.031250 0.031250
0 0.170313 0.264062 0.034375 0.034375
0 0.493750 0.115625 0.031250 0.031250
0 0.828125 0.370312 0.031250 0.034375
0 0.915625 0.178125 0.031250 0.031250
0 0.885938 0.615625 0.034375 0.031250
0 0.132812 0.070312 0.034375 0.034375
0 0.796875 0.076563 0.031250 0.034375
0 0.403125 0.093750 0.031250 0.031250
0 0.887500 0.371875 0.031250 0.031250
0 0.285938 0.092188 0.034375 0.034375
0 0.678125 0.356250 0.031250 0.031250
0 0.068750 0.865625 0.031250 0.031250
0 0.695312 0.629687 0.034375 0.034375
0 0.800000 0.746875 0.031250 0.031250
0 0.675000 0.321875 0.031250 0.031250
0 0.375000 0.292187 0.031250 0.034375
0 0.371875 0.220312 0.031250 0.034375
0 0.434375 0.184375 0.031250 0.031250
0 0.706250 0.339062 0.031250 0.028125
0 0.856250 0.390625 0.031250 0.031250
0 0.106250 0.865625 0.031250 0.031250
0 0.198437 0.640625 0.028125 0.031250
0 0.404687 0.056250 0.034375 0.031250
0 0.357812 0.592187 0.034375 0.034375
0 0.887500 0.406250 0.031250 0.031250
0 0.796875 0.110937 0.031250 0.034375
0 0.196875 0.500000 0.031250 0.031250
0 0.798438 0.596875 0.034375 0.031250
0 0.087500 0.837500 0.031250 0.031250
0 0.196875 0.537500 0.031250 0.031250
0 0.281250 0.309375 0.031250 0.031250
0 0.735938 0.214062 0.034375 0.034375
0 0.434375 0.256250 0.031250 0.031250
0 0.450000 0.746875 0.031250 0.031250
0 0.312500 0.687500 0.031250 0.031250
0 0.131250 0.396875 0.031250 0.031250
0 0.765625 0.126562 0.031250 0.034375
0 0.160938 0.310937 0.034375 0.034375
0 0.523438 0.096875 0.034375 0.031250
0 0.854688 0.142187 0.028125 0.028125
0 0.496875 0.360938 0.031250 0.034375
0 0.223438 0.415625 0.034375 0.031250
0 0.917188 0.387500 0.028125 0.031250
0 0.485938 0.626563 0.034375 0.034375
0 0.223438 0.345313 0.034375 0.034375
0 0.878125 0.685937 0.031250 0.034375
0 0.870313 0.750000 0.034375 0.031250
0 0.800000 0.632812 0.031250 0.034375
0 0.375000 0.328125 0.031250 0.031250
0 0.434375 0.110937 0.031250 0.034375
0 0.646875 0.340625 0.031250 0.031250
0 0.221875 0.050000 0.031250 0.031250
0 0.257812 0.142187 0.034375 0.034375
0 0.887500 0.546875 0.031250 0.031250
0 0.082812 0.317188 0.034375 0.034375
0 0.918750 0.600000 0.031250 0.031250
0 0.503125 0.596875 0.031250 0.031250
0 0.584375 0.096875 0.031250 0.031250
0 0.434375 0.150000 0.031250 0.031250
0 0.162500 0.415625 0.031250 0.031250
0 0.765625 0.231250 0.031250 0.031250
0 0.453125 0.687500 0.031250 0.031250
0 0.946875 0.615625 0.031250 0.031250
0 0.521875 0.868750 0.031250 0.031250
0 0.825000 0.231250 0.031250 0.031250
0 0.918750 0.564063 0.031250 0.034375
0 0.190625 0.778125 0.031250 0.031250
0 0.704688 0.095312 0.034375 0.034375
0 0.340625 0.204687 0.031250 0.034375
0 0.834375 0.809375 0.031250 0.031250
0 0.228125 0.553125 0.031250 0.031250
0 0.782813 0.778125 0.034375 0.031250
0 0.240625 0.865625 0.031250 0.031250
0 0.257812 0.179688 0.034375 0.034375
0 0.315625 0.071875 0.031250 0.031250
0 0.490625 0.150000 0.031250 0.031250
0 0.917188 0.528125 0.028125 0.031250
0 0.673438 0.078125 0.034375 0.031250
0 0.221875 0.275000 0.031250 0.031250
0 0.253125 0.362500 0.031250 0.031250
0 0.462500 0.237500 0.031250 0.031250
0 0.765625 0.807813 0.031250 0.034375
0 0.375000 0.109375 0.031250 0.031250
0 0.825000 0.267188 0.031250 0.028125
0 0.887500 0.337500 0.031250 0.031250
0 0.317188 0.535937 0.034375 0.034375
0 0.887500 0.089063 0.031250 0.034375
0 0.462500 0.203125 0.031250 0.031250
0 0.765625 0.750000 0.031250 0.031250
0 0.296875 0.837500 0.031250 0.031250
0 0.437500 0.465625 0.031250 0.031250
0 0.162500 0.345313 0.031250 0.034375
0 0.193750 0.067187 0.031250 0.034375
0 0.137500 0.606250 0.031250 0.031250
0 0.165625 0.087500 0.031250 0.031250
0 0.796875 0.493750 0.031250 0.031250
0 0.796875 0.143750 0.031250 0.031250
0 0.135937 0.178125 0.034375 0.031250
0 0.643750 0.200000 0.031250 0.031250
0 0.585938 0.306250 0.034375 0.031250
0 0.137500 0.745313 0.031250 0.034375
0 0.943750 0.720313 0.031250 0.028125
0 0.615625 0.218750 0.031250 0.031250
0 0.314063 0.325000 0.034375 0.031250
0 0.078125 0.606250 0.031250 0.031250
0 0.164062 0.050000 0.034375 0.031250
0 0.903125 0.807813 0.031250 0.034375
0 0.887500 0.300000 0.031250 0.031250
0 0.284375 0.345313 0.031250 0.034375
0 0.521875 0.131250 0.031250 0.031250
0 0.859375 0.596875 0.031250 0.031250
0 0.465625 0.059375 0.031250 0.031250
0 0.834375 0.746875 0.031250 0.031250
0 0.054688 0.332813 0.034375 0.034375
0 0.225000 0.778125 0.031250 0.031250
0 0.825000 0.090625 0.031250 0.031250
0 0.585938 0.235937 0.034375 0.034375
0 0.223438 0.310937 0.034375 0.034375
0 0.917188 0.284375 0.034375 0.031250
0 0.887500 0.579688 0.031250 0.028125
0 0.379688 0.565625 0.034375 0.031250
0 0.590625 0.750000 0.031250 0.031250
0 0.793750 0.212500 0.031250 0.031250
0 0.192188 0.326562 0.034375 0.034375
0 0.253125 0.290625 0.031250 0.031250
0 0.156250 0.778125 0.031250 0.031250
0 0.584375 0.131250 0.031250 0.031250
0 0.825000 0.406250 0.031250 0.031250
0 0.120313 0.776563 0.034375 0.034375
0 0.675000 0.146875 0.031250 0.031250
0 0.856250 0.073438 0.031250 0.034375
0 0.296875 0.776563 0.031250 0.034375
0 0.209375 0.745313 0.031250 0.034375
0 0.376563 0.432812 0.034375 0.034375
0 0.645312 0.598437 0.034375 0.034375
0 0.625000 0.809375 0.031250 0.031250
0 0.917188 0.459375 0.028125 0.031250
0 0.712500 0.720313 0.031250 0.034375
0 0.103125 0.809375 0.031250 0.031250
0 0.317188 0.467187 0.034375 0.034375
0 0.279687 0.685937 0.034375 0.034375
0 0.765625 0.371875 0.031250 0.031250
0 0.796875 0.250000 0.031250 0.031250
0 0.642188 0.778125 0.034375 0.031250
0 0.731250 0.807813 0.031250 0.034375
0 0.554688 0.078125 0.034375 0.031250
0 0.612500 0.115625 0.031250 0.031250
0 0.950000 0.371875 0.031250 0.031250
0 0.856250 0.353125 0.031250 0.031250
0 0.403125 0.240625 0.031250 0.031250
0 0.381250 0.687500 0.031250 0.031250
0 0.196875 0.178125 0.031250 0.031250
0 0.168750 0.229687 0.031250 0.034375
0 0.403125 0.126562 0.031250 0.034375
0 0.206250 0.806250 0.031250 0.031250
0 0.975000 0.212500 0.031250 0.031250
0 0.109375 0.693750 0.031250 0.031250
0 0.946875 0.687500 0.031250 0.031250
0 0.521875 0.628125 0.031250 0.031250
0 0.828125 0.440625 0.031250 0.031250
0 0.585938 0.200000 0.034375 0.031250
0 0.693750 0.750000 0.031250 0.031250
0 0.434375 0.218750 0.031250 0.031250
0 0.168750 0.625000 0.031250 0.031250
0 0.557813 0.568750 0.034375 0.031250
0 0.140625 0.710938 0.031250 0.034375
0 0.401562 0.167187 0.034375 0.034375
0 0.856250 0.284375 0.031250 0.031250
0 0.887500 0.510938 0.031250 0.028125
0 0.162500 0.381250 0.031250 0.031250
0 0.078125 0.642188 0.031250 0.034375
0 0.885938 0.229687 0.034375 0.034375
0 0.825000 0.125000 0.031250 0.031250
0 0.198437 0.212500 0.034375 0.031250
0 0.703125 0.198437 0.031250 0.034375
0 0.173437 0.745313 0.034375 0.034375
0 0.262500 0.778125 0.031250 0.031250
0 0.432812 0.075000 0.034375 0.031250
0 0.043750 0.121875 0.031250 0.031250
0 0.398438 0.595313 0.034375 0.034375
0 0.317188 0.501563 0.034375 0.034375
0 0.465625 0.309375 0.031250 0.031250
0 0.856250 0.212500 0.031250 0.031250
0 0.767188 0.867188 0.034375 0.034375
0 0.165625 0.518750 0.031250 0.031250
0 0.223438 0.085938 0.034375 0.034375
0 0.315625 0.035937 0.031250 0.034375
0 0.134375 0.140625 0.031250 0.031250
0 0.315625 0.431250 0.031250 0.031250
0 0.584375 0.165625 0.031250 0.031250
0 0.793750 0.178125 0.031250 0.031250
0 0.750000 0.718750 0.031250 0.031250
0 0.192188 0.292187 0.034375 0.034375
0 0.585938 0.270313 0.034375 0.034375
0 0.800000 0.562500 0.031250 0.031250
0 0.068750 0.807813 0.031250 0.034375
0 0.282813 0.239063 0.034375 0.034375
0 0.071875 0.400000 0.031250 0.031250
0 0.435937 0.362500 0.034375 0.031250
0 0.612500 0.078125 0.031250 0.031250
0 0.312500 0.359375 0.031250 0.031250
0 0.642188 0.060937 0.034375 0.034375
0 0.853125 0.839063 0.031250 0.034375
0 0.256250 0.537500 0.031250 0.031250
0 0.915625 0.109375 0.031250 0.031250
0 0.285938 0.054688 0.034375 0.034375
0 0.254688 0.070312 0.034375 0.034375
0 0.975000 0.387500 0.031250 0.031250
0 0.132812 0.328125 0.034375 0.031250
0 0.701562 0.057813 0.034375 0.034375
0 0.285938 0.482812 0.034375 0.034375
0 0.731250 0.562500 0.031250 0.031250
0 0.975000 0.737500 0.031250 0.031250
0 0.537500 0.778125 0.031250 0.031250
0 0.315625 0.398438 0.031250 0.034375
0 0.435937 0.501563 0.034375 0.034375
0 0.554688 0.114062 0.034375 0.034375
0 0.537500 0.837500 0.031250 0.031250
0 0.468750 0.450000 0.031250 0.031250
0 0.675000 0.215625 0.031250 0.031250
0 0.853125 0.717187 0.031250 0.034375
0 0.503125 0.715625 0.031250 0.031250
0 0.225000 0.195312 0.031250 0.034375
0 0.662500 0.806250 0.031250 0.031250
0 0.112500 0.298438 0.031250 0.034375
0 0.051562 0.764062 0.034375 0.034375
0 0.646875 0.268750 0.031250 0.031250
0 0.135937 0.501563 0.028125 0.028125
0 0.659375 0.746875 0.031250 0.031250
0 0.556250 0.750000 0.031250 0.031250
0 0.406250 0.343750 0.031250 0.031250
0 0.506250 0.837500 0.031250 0.031250
0 0.381250 0.868750 0.031250 0.031250
0 0.887500 0.776563 0.031250 0.034375
0 0.289062 0.196875 0.034375 0.031250
0 0.734375 0.181250 0.031250 0.031250
0 0.285938 0.159375 0.034375 0.031250
0 0.767188 0.268750 0.034375 0.031250
0 0.450000 0.626563 0.031250 0.034375
0 0.612500 0.600000 0.031250 0.031250
0 0.285938 0.518750 0.034375 0.031250
0 0.762500 0.090625 0.031250 0.031250
0 0.190625 0.032813 0.031250 0.034375
0 0.075000 0.468750 0.031250 0.031250
0 0.462500 0.168750 0.031250 0.031250
0 0.946875 0.265625 0.031250 0.031250
0 0.582812 0.060937 0.034375 0.034375
0 0.406250 0.450000 0.031250 0.031250
0 0.975000 0.421875 0.031250 0.031250
0 0.293750 0.715625 0.031250 0.031250
0 0.609375 0.659375 0.031250 0.031250
0 0.731250 0.868750 0.031250 0.031250
0 0.106250 0.195312 0.031250 0.034375
0 0.104688 0.484375 0.028125 0.031250
0 0.165625 0.484375 0.031250 0.031250
0 0.765625 0.690625 0.031250 0.031250
0 0.315625 0.143750 0.031250 0.031250
0 0.468750 0.718750 0.031250 0.031250
0 0.371875 0.184375 0.031250 0.031250
0 0.378125 0.468750 0.031250 0.031250
0 0.228125 0.159375 0.031250 0.031250
0 0.053125 0.837500 0.031250 0.031250
0 0.168750 0.193750 0.031250 0.031250
0 0.406250 0.309375 0.031250 0.031250
0 0.915625 0.250000 0.031250 0.031250
0 0.643750 0.659375 0.031250 0.031250
0 0.554688 0.185938 0.034375 0.034375
0 0.573438 0.900000 0.034375 0.031250
0 0.078125 0.212500 0.031250 0.031250
0 0.106250 0.556250 0.031250 0.031250
0 0.796875 0.459375 0.031250 0.031250
0 0.379688 0.504687 0.034375 0.034375
0 0.048438 0.626563 0.028125 0.028125
0 0.193750 0.432812 0.031250 0.034375
0 0.856250 0.425000 0.031250 0.031250
0 0.804688 0.687500 0.034375 0.031250
0 0.346875 0.868750 0.031250 0.031250
0 0.345313 0.378125 0.034375 0.031250
0 0.731250 0.687500 0.031250 0.031250
0 0.679688 0.596875 0.034375 0.031250
0 0.331250 0.715625 0.031250 0.031250
0 0.818750 0.840625 0.031250 0.031250
0 0.225000 0.120313 0.031250 0.034375
0 0.381250 0.746875 0.031250 0.031250
0 0.573438 0.718750 0.028125 0.031250
0 0.285938 0.554688 0.034375 0.034375
0 0.493750 0.075000 0.031250 0.031250
0 0.764062 0.057813 0.034375 0.034375
0 0.434375 0.293750 0.031250 0.031250
0 0.135937 0.640625 0.028125 0.031250
0 0.468750 0.656250 0.031250 0.031250
0 0.487500 0.565625 0.031250 0.031250
0 0.109375 0.625000 0.031250 0.031250
0 0.496875 0.328125 0.031250 0.031250
0 0.660937 0.629687 0.034375 0.034375
0 0.254688 0.465625 0.034375 0.031250
0 0.375000 0.071875 0.031250 0.031250
0 0.850000 0.778125 0.031250 0.031250
0 0.346875 0.126562 0.031250 0.034375
0 0.825000 0.475000 0.031250 0.031250
0 0.693750 0.868750 0.031250 0.031250
0 0.595313 0.628125 0.034375 0.031250
0 0.573438 0.837500 0.034375 0.031250
0 0.251563 0.254688 0.034375 0.034375
0 0.042188 0.382812 0.034375 0.034375
0 0.714063 0.593750 0.034375 0.031250
0 0.346875 0.164062 0.031250 0.034375
0 0.556250 0.628125 0.031250 0.031250
0 0.198437 0.606250 0.028125 0.031250
0 0.403125 0.203125 0.031250 0.031250
0 0.643750 0.235937 0.031250 0.034375
0 0.109375 0.656250 0.031250 0.031250
0 0.398438 0.534375 0.034375 0.031250
0 0.228125 0.621875 0.031250 0.031250
0 0.678125 0.718750 0.031250 0.031250
0 0.917188 0.039062 0.034375 0.034375
0 0.826562 0.056250 0.034375 0.031250
0 0.493750 0.256250 0.031250 0.031250
0 0.418750 0.687500 0.031250 0.031250
0 0.487500 0.868750 0.031250 0.031250
0 0.825000 0.193750 0.031250 0.031250
0 0.615625 0.287500 0.031250 0.031250
0 0.746875 0.778125 0.031250 0.031250
0 0.539062 0.598437 0.034375 0.034375
0 0.735938 0.392188 0.034375 0.034375
0 0.703125 0.265625 0.031250 0.031250
0 0.556250 0.687500 0.031250 0.031250
0 0.193750 0.396875 0.031250 0.031250
0 0.167187 0.556250 0.034375 0.031250
0 0.887500 0.653125 0.031250 0.031250
0 0.609375 0.718750 0.031250 0.031250
0 0.278125 0.807813 0.031250 0.034375
0 0.167187 0.589063 0.028125 0.028125
0 0.917188 0.354687 0.034375 0.034375
0 0.137500 0.675000 0.031250 0.031250
0 0.382812 0.623437 0.034375 0.034375
0 0.664062 0.564063 0.034375 0.034375
0 0.695312 0.687500 0.034375 0.031250
0 0.731250 0.750000 0.031250 0.031250
0 0.675000 0.182812 0.031250 0.034375
0 0.403125 0.275000 0.031250 0.031250
0 0.071875 0.362500 0.031250 0.031250
0 0.885938 0.054688 0.034375 0.034375
0 0.470313 0.534375 0.034375 0.037500
0 0.200000 0.246875 0.031250 0.031250
0 0.328125 0.778125 0.031250 0.031250
0 0.676562 0.395313 0.034375 0.034375
0 0.734375 0.250000 0.031250 0.031250
0 0.259375 0.834375 0.031250 0.031250
0 0.345313 0.415625 0.034375 0.031250
0 0.406250 0.378125 0.031250 0.031250
0 0.284375 0.448437 0.031250 0.034375
0 0.376563 0.145313 0.034375 0.034375
0 0.521875 0.684375 0.031250 0.031250
0 0.626563 0.689063 0.028125 0.028125
0 0.676562 0.285938 0.034375 0.034375
0 0.856250 0.459375 0.031250 0.031250
0 0.712500 0.659375 0.031250 0.031250
0 0.173437 0.865625 0.028125 0.031250
0 0.225000 0.484375 0.031250 0.031250
0 0.079687 0.678125 0.028125 0.031250
0 0.376563 0.035937 0.034375 0.034375
0 0.104688 0.159375 0.034375 0.031250
0 0.109375 0.590625 0.031250 0.031250
0 0.132812 0.034375 0.034375 0.031250
0 0.587500 0.342187 0.031250 0.034375
0 0.346875 0.484375 0.031250 0.031250
0 0.818750 0.718750 0.031250 0.031250
0 0.706250 0.375000 0.031250 0.031250
0 0.137500 0.573438 0.031250 0.034375
0 0.606250 0.837500 0.031250 0.031250
0 0.437500 0.434375 0.031250 0.031250
0 0.575000 0.598437 0.031250 0.034375
0 0.484375 0.746875 0.031250 0.031250
0 0.260937 0.718750 0.028125 0.031250
0 0.828125 0.546875 0.031250 0.031250
0 0.946875 0.231250 0.031250 0.031250
0 0.284375 0.378125 0.031250 0.031250
0 0.346875 0.089063 0.031250 0.034375
0 0.278125 0.865625 0.031250 0.031250
0 0.662500 0.687500 0.031250 0.031250
0 0.134375 0.434375 0.031250 0.031250
0 0.493750 0.184375 0.031250 0.031250
0 0.523438 0.565625 0.034375 0.031250
0 0.171875 0.806250 0.031250 0.031250
0 0.081250 0.746875 0.031250 0.031250
0 0.312500 0.806250 0.031250 0.031250
0 0.168750 0.156250 0.031250 0.031250
0 0.495312 0.504687 0.034375 0.034375
0 0.704688 0.234375 0.034375 0.031250
0 0.468750 0.593750 0.031250 0.031250
0 0.975000 0.250000 0.031250 0.031250
0 0.818750 0.778125 0.031250 0.031250
0 0.375000 0.360938 0.031250 0.034375
0 0.856250 0.109375 0.031250 0.031250
0 0.201563 0.679688 0.034375 0.034375
0 0.418750 0.868750 0.031250 0.031250
0 0.084375 0.778125 0.031250 0.031250
0 0.137500 0.806250 0.031250 0.031250
0 0.435937 0.035937 0.034375 0.034375
0 0.287500 0.587500 0.031250 0.031250
0 0.434375 0.595313 0.031250 0.034375
0 0.103125 0.417187 0.031250 0.028125
0 0.825000 0.159375 0.031250 0.031250
0 0.465625 0.381250 0.031250 0.031250
0 0.487500 0.807813 0.031250 0.034375
0 0.767188 0.542188 0.034375 0.034375
0 0.746875 0.598437 0.031250 0.034375
0 0.312500 0.868750 0.031250 0.031250
0 0.312500 0.221875 0.031250 0.031250
0 0.648438 0.414062 0.034375 0.034375
0 0.975000 0.140625 0.031250 0.031250
0 0.103125 0.381250 0.031250 0.031250
0 0.765625 0.196875 0.031250 0.031250
0 0.496875 0.396875 0.031250 0.031250
0 0.746875 0.839063 0.031250 0.028125
0 0.021875 0.315625 0.031250 0.031250
0 0.434375 0.715625 0.031250 0.031250
0 0.467187 0.900000 0.034375 0.031250
0 0.254688 0.328125 0.034375 0.031250
0 0.243750 0.746875 0.031250 0.031250
0 0.209375 0.868750 0.031250 0.031250
0 0.973437 0.704688 0.028125 0.028125
0 0.526563 0.378125 0.028125 0.031250
0 0.915625 0.318750 0.031250 0.031250
0 0.796875 0.356250 0.031250 0.031250
0 0.700000 0.421875 0.031250 0.031250
0 0.734375 0.143750 0.031250 0.031250
0 0.712500 0.839063 0.031250 0.028125
0 0.642188 0.718750 0.028125 0.031250
0 0.189062 0.834375 0.028125 0.031250
0 0.345313 0.053125 0.034375 0.031250
0 0.975000 0.562500 0.031250 0.031250
0 0.464062 0.343750 0.028125 0.031250
0 0.540625 0.539062 0.031250 0.034375
0 0.503125 0.896875 0.031250 0.031250
0 0.231250 0.656250 0.031250 0.031250
0 0.856250 0.493750 0.031250 0.031250
0 0.614062 0.039062 0.034375 0.034375
0 0.887500 0.718750 0.031250 0.031250
0 0.628125 0.568750 0.031250 0.031250
0 0.228125 0.589063 0.031250 0.028125
0 0.975000 0.528125 0.031250 0.031250
0 0.406250 0.415625 0.031250 0.031250
0 0.887500 0.837500 0.031250 0.031250
0 0.856250 0.562500 0.031250 0.031250
0 0.796875 0.421875 0.031250 0.031250
0 0.073438 0.434375 0.028125 0.031250
0 0.643750 0.839063 0.031250 0.034375
0 0.593750 0.571875 0.031250 0.031250
0 0.415625 0.565625 0.031250 0.031250
0 0.346875 0.518750 0.031250 0.031250
0 0.075000 0.140625 0.031250 0.031250
0 0.192188 0.715625 0.034375 0.031250
0 0.035937 0.807813 0.034375 0.034375
0 0.225000 0.715625 0.031250 0.031250
0 0.228125 0.518750 0.031250 0.031250
0 0.765625 0.631250 0.031250 0.031250
0 0.256250 0.106250 0.031250 0.031250
0 0.053125 0.728125 0.031250 0.031250
0 0.615625 0.323437 0.031250 0.034375
0 0.256250 0.396875 0.031250 0.031250
0 0.043750 0.160938 0.031250 0.034375
0 0.493750 0.221875 0.031250 0.031250
0 0.375000 0.395313 0.031250 0.034375
0 0.106250 0.518750 0.031250 0.031250
0 0.046875 0.193750 0.031250 0.031250
0 0.701562 0.456250 0.034375 0.031250
0 0.256250 0.571875 0.031250 0.031250
0 0.193750 0.465625 0.031250 0.031250
0 0.104688 0.453125 0.028125 0.031250
0 0.465625 0.484375 0.031250 0.031250
0 0.259375 0.896875 0.031250 0.031250
0 0.193750 0.103125 0.031250 0.031250
0 0.504687 0.535937 0.034375 0.034375
0 0.671875 0.439063 0.031250 0.034375
0 0.312500 0.746875 0.031250 0.031250
0 0.050000 0.659375 0.031250 0.031250
0 0.915625 0.143750 0.031250 0.031250
0 0.109375 0.728125 0.031250 0.031250
0 0.573438 0.778125 0.028125 0.031250
0 0.746875 0.898438 0.031250 0.034375
0 0.946875 0.546875 0.031250 0.031250
0 0.590625 0.687500 0.031250 0.031250
0 0.946875 0.440625 0.031250 0.031250
0 0.648438 0.376563 0.034375 0.034375
0 0.712500 0.900000 0.031250 0.031250
0 0.198437 0.571875 0.028125 0.031250
0 0.487500 0.689063 0.031250 0.028125
0 0.193750 0.362500 0.031250 0.031250
0 0.137500 0.537500 0.031250 0.031250
0 0.678125 0.840625 0.031250 0.031250
0 0.415625 0.626563 0.031250 0.034375
0 0.256250 0.501563 0.031250 0.034375
0 0.551562 0.220312 0.034375 0.034375
0 0.715625 0.778125 0.031250 0.031250
0 0.828125 0.512500 0.031250 0.031250
0 0.703125 0.128125 0.031250 0.031250
0 0.646875 0.303125 0.031250 0.031250
0 0.121875 0.834375 0.031250 0.031250
0 0.225000 0.448437 0.031250 0.034375
0 0.312500 0.292187 0.031250 0.034375
0 0.259375 0.214062 0.031250 0.034375
0 0.946875 0.512500 0.031250 0.031250
0 0.103125 0.053125 0.031250 0.031250
0 0.701562 0.529687 0.034375 0.034375
0 0.240625 0.806250 0.031250 0.031250
0 0.856250 0.528125 0.031250 0.031250
0 0.889062 0.442188 0.028125 0.028125
0 0.168750 0.656250 0.031250 0.031250
0 0.434375 0.898438 0.031250 0.034375
0 0.575000 0.659375 0.031250 0.031250
0 0.975000 0.600000 0.031250 0.031250
0 0.617188 0.393750 0.034375 0.031250
0 0.168750 0.690625 0.031250 0.031250
0 0.134375 0.106250 0.031250 0.031250
0 0.101562 0.346875 0.034375 0.031250
0 0.506250 0.776563 0.031250 0.034375
0 0.640625 0.131250 0.031250 0.031250
0 0.945312 0.335938 0.034375 0.034375
0 0.264062 0.648438 0.034375 0.034375
0 0.951562 0.117188 0.034375 0.034375
0 0.495312 0.292187 0.028125 0.028125
0 0.453125 0.565625 0.031250 0.031250
0 0.140625 0.865625 0.031250 0.031250
0 0.734375 0.356250 0.031250 0.031250
0 0.617188 0.360938 0.034375 0.034375
0 0.625000 0.750000 0.031250 0.031250
0 0.678125 0.776563 0.031250 0.028125
0 0.526563 0.343750 0.028125 0.031250
0 0.340625 0.239063 0.031250 0.034375
0 0.556250 0.868750 0.031250 0.031250
0 0.453125 0.868750 0.031250 0.031250
0 0.521875 0.746875 0.031250 0.031250
0 0.162500 0.450000 0.031250 0.031250
0 0.698438 0.562500 0.034375 0.031250
0 0.375000 0.257812 0.031250 0.034375
0 0.345313 0.448437 0.034375 0.034375
0 0.046875 0.693750 0.031250 0.031250
0 0.228125 0.229687 0.031250 0.034375
0 0.554688 0.040625 0.034375 0.031250
0 0.796875 0.040625 0.037500 0.037500
0 0.853125 0.642188 0.031250 0.034375
0 0.470313 0.776563 0.028125 0.028125
0 0.406250 0.484375 0.031250 0.031250
0 0.153125 0.834375 0.031250 0.031250
0 0.796875 0.321875 0.031250 0.031250
0 0.885938 0.159375 0.028125 0.031250
0 0.887500 0.475000 0.031250 0.031250
0 0.140625 0.212500 0.031250 0.031250
0 0.590625 0.868750 0.031250 0.031250
0 0.612500 0.150000 0.031250 0.031250
0 0.940625 0.867188 0.031250 0.034375
0 0.643750 0.165625 0.031250 0.031250
0 0.350000 0.746875 0.031250 0.031250
0 0.400000 0.715625 0.031250 0.031250
0 0.245312 0.687500 0.034375 0.031250
0 0.521875 0.203125 0.031250 0.031250
0 0.525000 0.059375 0.031250 0.031250
0 0.521875 0.806250 0.031250 0.031250
0 0.796875 0.528125 0.031250 0.031250
0 0.329688 0.837500 0.028125 0.031250
0 0.915625 0.634375 0.031250 0.031250
0 0.312500 0.256250 0.031250 0.031250
0 0.437500 0.396875 0.031250 0.031250
0 0.615625 0.184375 0.031250 0.031250
0 0.135937 0.465625 0.028125 0.031250
0 0.317188 0.607812 0.034375 0.034375
0 0.615625 0.253125 0.031250 0.031250
0 0.735938 0.493750 0.034375 0.031250
0 0.762500 0.162500 0.031250 0.031250
0 0.048438 0.556250 0.034375 0.031250
0 0.364063 0.835938 0.034375 0.034375
0 0.915625 0.670312 0.031250 0.034375
0 0.468750 0.415625 0.031250 0.031250
0 0.257812 0.604688 0.028125 0.028125
0 0.765625 0.406250 0.031250 0.031250
0 0.432812 0.657813 0.034375 0.034375
0 0.225000 0.837500 0.031250 0.031250
0 0.915625 0.703125 0.031250 0.031250
0 0.735938 0.529687 0.034375 0.034375
0 0.040625 0.053125 0.031250 0.031250
0 0.781250 0.662500 0.031250 0.031250
0 0.020313 0.282813 0.034375 0.034375
0 0.553125 0.290625 0.031250 0.031250
0 0.521875 0.167187 0.031250 0.034375
0 0.317188 0.571875 0.034375 0.031250
0 0.821875 0.659375 0.031250 0.031250
0 0.734375 0.284375 0.031250 0.031250
0 0.048438 0.589063 0.028125 0.028125
0 0.075000 0.178125 0.031250 0.031250
0 0.628125 0.631250 0.031250 0.031250
0 0.415625 0.746875 0.031250 0.031250
0 0.493750 0.040625 0.031250 0.031250
0 0.042188 0.450000 0.034375 0.031250
0 0.854688 0.035937 0.034375 0.034375
0 0.121875 0.898438 0.031250 0.034375
0 0.284375 0.412500 0.031250 0.031250
0 0.034375 0.865625 0.031250 0.031250
0 0.079687 0.712500 0.028125 0.031250
0 0.537500 0.657813 0.031250 0.034375
0 0.435937 0.539062 0.034375 0.034375
0 0.345313 0.625000 0.034375 0.031250
0 0.606250 0.781250 0.031250 0.031250
0 0.765625 0.478125 0.031250 0.031250
0 0.256250 0.431250 0.031250 0.031250
0 0.525000 0.237500 0.031250 0.031250
0 0.503125 0.656250 0.031250 0.031250
0 0.465625 0.021875 0.031250 0.031250
0 0.140625 0.281250 0.031250 0.031250
0 0.765625 0.337500 0.031250 0.031250
0 0.779687 0.898438 0.034375 0.034375
0 0.918750 0.490625 0.031250 0.031250
0 0.671875 0.042188 0.031250 0.034375
0 0.362500 0.715625 0.031250 0.031250
0 0.556250 0.359375 0.031250 0.031250
0 0.068750 0.037500 0.031250 0.031250
0 0.626563 0.868750 0.028125 0.031250
0 0.053125 0.298438 0.031250 0.034375
0 0.796875 0.287500 0.031250 0.031250
0 0.921875 0.837500 0.031250 0.031250
0 0.732812 0.040625 0.034375 0.031250
0 0.556250 0.323437 0.031250 0.034375
0 0.782813 0.718750 0.028125 0.031250
0 0.537500 0.896875 0.031250 0.031250
0 0.642188 0.898438 0.034375 0.034375
0 0.706250 0.303125 0.031250 0.031250
0 0.975000 0.178125 0.031250 0.031250
0 0.678125 0.900000 0.031250 0.031250
0 0.556250 0.806250 0.031250 0.031250
0 0.225000 0.381250 0.031250 0.031250
0 0.225000 0.898438 0.031250 0.034375
0 0.921875 0.778125 0.031250 0.031250
0 0.075000 0.503125 0.031250 0.031250
0 0.662500 0.868750 0.031250 0.031250
0 0.317188 0.179688 0.034375 0.034375
0 0.400000 0.896875 0.031250 0.031250
0 0.156250 0.896875 0.031250 0.031250
0 0.343750 0.343750 0.031250 0.031250
0 0.971875 0.773438 0.031250 0.034375
0 0.946875 0.653125 0.031250 0.031250
0 0.432812 0.776563 0.034375 0.034375
0 0.496875 0.470313 0.031250 0.034375
0 0.018750 0.212500 0.031250 0.031250
0 0.956250 0.837500 0.031250 0.031250
0 0.643750 0.096875 0.031250 0.031250
0 0.348438 0.554688 0.034375 0.034375
0 0.254688 0.035937 0.034375 0.034375
0 0.081250 0.281250 0.031250 0.031250
0 0.678125 0.659375 0.031250 0.031250
0 0.828125 0.581250 0.031250 0.031250
0 0.343750 0.309375 0.031250 0.031250
0 0.923438 0.898438 0.034375 0.034375
0 0.021875 0.746875 0.031250 0.031250
0 0.278125 0.746875 0.031250 0.031250
0 0.043750 0.090625 0.031250 0.031250
0 0.731250 0.631250 0.031250 0.031250
0 0.582812 0.023438 0.034375 0.034375
0 0.917188 0.073438 0.034375 0.034375
0 0.590625 0.809375 0.031250 0.031250
0 0.104688 0.121875 0.028125 0.031250
0 0.400000 0.657813 0.031250 0.034375
0 0.885938 0.193750 0.028125 0.031250
0 0.295312 0.898438 0.034375 0.034375
0 0.609375 0.898438 0.031250 0.034375
0 0.943750 0.753125 0.031250 0.031250
0 0.951562 0.079687 0.034375 0.034375
0 0.701562 0.492188 0.034375 0.034375
0 0.021875 0.609375 0.031250 0.031250
0 0.768750 0.303125 0.031250 0.031250
0 0.770312 0.578125 0.034375 0.031250
0 0.087500 0.896875 0.031250 0.031250
0 0.078125 0.573438 0.031250 0.028125
0 0.831250 0.615625 0.031250 0.031250
0 0.187500 0.896875 0.031250 0.031250
0 0.767188 0.440625 0.028125 0.031250
0 0.131250 0.362500 0.031250 0.031250
0 0.417187 0.807813 0.028125 0.028125
0 0.704688 0.162500 0.034375 0.031250
0 0.345313 0.684375 0.028125 0.031250
0 0.767188 0.510938 0.028125 0.028125
0 0.043750 0.418750 0.031250 0.031250
0 0.496875 0.431250 0.031250 0.031250
0 0.345313 0.018750 0.034375 0.031250
0 0.800000 0.868750 0.031250 0.031250
0 0.906250 0.868750 0.031250 0.031250
0 0.939063 0.807813 0.034375 0.034375
0 0.525000 0.307812 0.031250 0.028125
0 0.746875 0.659375 0.031250 0.031250
0 0.025000 0.351562 0.031250 0.034375
0 0.975000 0.668750 0.031250 0.031250
0 0.078125 0.537500 0.031250 0.031250
0 0.434375 0.837500 0.031250 0.031250
0 0.671875 0.112500 0.031250 0.031250
0 0.468750 0.837500 0.031250 0.031250
0 0.396875 0.837500 0.031250 0.031250
0 0.948438 0.298438 0.034375 0.034375
0 0.587500 0.378125 0.031250 0.031250
0 0.735938 0.323437 0.034375 0.034375
0 0.018750 0.575000 0.031250 0.031250
0 0.971875 0.807813 0.031250 0.034375
0 0.053125 0.896875 0.031250 0.031250
0 0.946875 0.159375 0.031250 0.031250
0 0.103125 0.089063 0.031250 0.034375
0 0.557813 0.392188 0.034375 0.034375
0 0.018750 0.679688 0.031250 0.034375
0 0.782813 0.840625 0.028125 0.031250
0 0.365625 0.896875 0.031250 0.031250
0 0.815625 0.900000 0.031250 0.031250
0 0.735938 0.459375 0.034375 0.031250
0 0.671875 0.473438 0.031250 0.034375
0 0.553125 0.256250 0.031250 0.031250
0 0.020313 0.778125 0.034375 0.031250
0 0.017188 0.178125 0.028125 0.031250
0 0.735938 0.426563 0.034375 0.034375
0 0.046875 0.521875 0.031250 0.031250
0 0.831250 0.867188 0.031250 0.028125
0 0.018750 0.643750 0.031250 0.031250
0 0.075000 0.106250 0.031250 0.031250
0 0.346875 0.806250 0.031250 0.031250
0 0.040625 0.018750 0.031250 0.031250
0 0.329688 0.656250 0.028125 0.031250
0 0.018750 0.712500 0.031250 0.031250
0 0.670312 0.509375 0.034375 0.031250
0 0.975000 0.318750 0.031250 0.031250
0 0.296875 0.656250 0.031250 0.031250
0 0.975000 0.354687 0.031250 0.034375
0 0.648438 0.534375 0.034375 0.031250
0 0.946875 0.476562 0.031250 0.028125
0 0.975000 0.865625 0.031250 0.031250
0 0.079687 0.245312 0.034375 0.034375
0 0.328125 0.896875 0.031250 0.031250
0 0.404687 0.018750 0.034375 0.031250
0 0.957812 0.898438 0.034375 0.034375
0 0.951562 0.048438 0.034375 0.034375
0 0.975000 0.493750 0.031250 0.031250
0 0.851562 0.895312 0.034375 0.034375
0 0.100000 0.017188 0.031250 0.034375
0 0.282813 0.018750 0.034375 0.031250
0 0.529687 0.504687 0.034375 0.034375
0 0.017188 0.837500 0.034375 0.031250
0 0.579688 0.542188 0.034375 0.034375
0 0.975000 0.631250 0.031250 0.031250
0 0.160938 0.017188 0.034375 0.034375
0 0.018750 0.246875 0.031250 0.031250
0 0.973437 0.282813 0.028125 0.028125
0 0.650000 0.020313 0.031250 0.034375
0 0.018750 0.898438 0.031250 0.034375
0 0.109375 0.265625 0.031250 0.031250
0 0.887500 0.896875 0.031250 0.031250
0 0.642188 0.456250 0.034375 0.031250
0 0.978125 0.101562 0.031250 0.034375
0 0.220312 0.017188 0.034375 0.034375
