0 0.912500 0.418750 0.031250 0.031250
0 0.667188 0.137500 0.028125 0.031250
0 0.667188 0.173437 0.028125 0.028125
0 0.850000 0.892188 0.031250 0.028125
0 0.940625 0.809375 0.031250 0.031250
0 0.943750 0.401562 0.031250 0.028125
0 0.912500 0.384375 0.031250 0.031250
0 0.881250 0.909375 0.031250 0.031250
0 0.881250 0.840625 0.031250 0.031250
0 0.879687 0.468750 0.028125 0.031250
0 0.881250 0.434375 0.031250 0.031250
0 0.909375 0.859375 0.031250 0.031250
0 0.256250 0.828125 0.031250 0.031250
0 0.760938 0.909375 0.028125 0.031250
0 0.943750 0.439063 0.031250 0.034375
0 0.850000 0.450000 0.031250 0.031250
0 0.910937 0.453125 0.028125 0.031250
0 0.912500 0.825000 0.031250 0.031250
0 0.910937 0.792188 0.028125 0.028125
0 0.912500 0.350000 0.031250 0.031250
0 0.521875 0.362500 0.031250 0.031250
0 0.317188 0.248438 0.034375 0.034375
0 0.762500 0.875000 0.031250 0.031250
0 0.787500 0.071875 0.031250 0.031250
0 0.909375 0.893750 0.031250 0.031250
0 0.818750 0.121875 0.031250 0.031250
0 0.850000 0.106250 0.031250 0.031250
0 0.818750 0.945312 0.031250 0.034375
0 0.940625 0.298438 0.031250 0.028125
0 0.198437 0.281250 0.028125 0.031250
0 0.581250 0.360938 0.031250 0.028125
0 0.850000 0.518750 0.031250 0.031250
0 0.943750 0.845313 0.031250 0.034375
0 0.850000 0.687500 0.031250 0.031250
0 0.878125 0.089063 0.031250 0.034375
0 0.850000 0.928125 0.031250 0.031250
0 0.821875 0.843750 0.031250 0.031250
0 0.943750 0.331250 0.031250 0.031250
0 0.198437 0.350000 0.028125 0.031250
0 0.371875 0.137500 0.031250 0.031250
0 0.943750 0.368750 0.031250 0.031250
0 0.907813 0.071875 0.034375 0.031250
0 0.315625 0.828125 0.031250 0.031250
0 0.881250 0.807813 0.031250 0.028125
0 0.490625 0.171875 0.031250 0.031250
0 0.490625 0.312500 0.031250 0.031250
0 0.850000 0.825000 0.031250 0.031250
0 0.881250 0.331250 0.031250 0.031250
0 0.371875 0.206250 0.031250 0.031250
0 0.881250 0.400000 0.031250 0.031250
0 0.912500 0.315625 0.031250 0.031250
0 0.907813 0.106250 0.034375 0.031250
0 0.343750 0.084375 0.031250 0.031250
0 0.287500 0.368750 0.031250 0.031250
0 0.818750 0.053125 0.031250 0.031250
0 0.787500 0.925000 0.031250 0.031250
0 0.346875 0.265625 0.031250 0.031250
0 0.853125 0.721875 0.031250 0.031250
0 0.343750 0.120313 0.031250 0.034375
0 0.850000 0.485938 0.031250 0.028125
0 0.939063 0.878125 0.034375 0.031250
0 0.881250 0.876563 0.031250 0.028125
0 0.850000 0.859375 0.031250 0.031250
0 0.343750 0.156250 0.031250 0.031250
0 0.787500 0.037500 0.031250 0.031250
0 0.287500 0.265625 0.031250 0.031250
0 0.818750 0.090625 0.031250 0.031250
0 0.940625 0.264062 0.031250 0.034375
0 0.821875 0.909375 0.031250 0.031250
0 0.729688 0.584375 0.028125 0.031250
0 0.728125 0.206250 0.031250 0.031250
0 0.312500 0.103125 0.031250 0.031250
0 0.818750 0.876563 0.031250 0.028125
0 0.698438 0.225000 0.028125 0.031250
0 0.459375 0.293750 0.031250 0.031250
0 0.698438 0.156250 0.028125 0.031250
0 0.256250 0.896875 0.031250 0.031250
0 0.760938 0.671875 0.028125 0.031250
0 0.731250 0.892188 0.031250 0.028125
0 0.553125 0.412500 0.031250 0.031250
0 0.846875 0.071875 0.031250 0.031250
0 0.729688 0.550000 0.028125 0.031250
0 0.725000 0.068750 0.031250 0.031250
0 0.492188 0.470313 0.034375 0.034375
0 0.790625 0.484375 0.031250 0.031250
0 0.437500 0.423438 0.031250 0.034375
0 0.431250 0.240625 0.031250 0.031250
0 0.284375 0.120313 0.031250 0.028125
0 0.490625 0.346875 0.031250 0.031250
0 0.971875 0.350000 0.031250 0.031250
0 0.912500 0.928125 0.031250 0.031250
0 0.609375 0.378125 0.031250 0.031250
0 0.198437 0.932813 0.028125 0.028125
0 0.375000 0.281250 0.031250 0.031250
0 0.637500 0.156250 0.031250 0.031250
0 0.790625 0.859375 0.031250 0.031250
0 0.937500 0.090625 0.031250 0.031250
0 0.945312 0.910937 0.034375 0.034375
0 0.696875 0.189062 0.031250 0.028125
0 0.729688 0.517188 0.028125 0.028125
0 0.881250 0.296875 0.031250 0.031250
0 0.318750 0.421875 0.031250 0.031250
0 0.881250 0.775000 0.031250 0.031250
0 0.640625 0.360938 0.031250 0.034375
0 0.818750 0.534375 0.031250 0.031250
0 0.698438 0.053125 0.028125 0.031250
0 0.287500 0.809375 0.031250 0.031250
0 0.667188 0.206250 0.028125 0.031250
0 0.971875 0.417187 0.031250 0.034375
0 0.459375 0.156250 0.031250 0.031250
0 0.756250 0.053125 0.031250 0.031250
0 0.371875 0.890625 0.031250 0.031250
0 0.315625 0.893750 0.031250 0.031250
0 0.760938 0.942187 0.028125 0.028125
0 0.287500 0.845313 0.031250 0.028125
0 0.728125 0.137500 0.031250 0.031250
0 0.756250 0.121875 0.031250 0.031250
0 0.431250 0.137500 0.031250 0.031250
0 0.954688 0.973437 0.034375 0.034375
0 0.434375 0.350000 0.031250 0.031250
0 0.970313 0.281250 0.034375 0.031250
0 0.343750 0.223438 0.031250 0.034375
0 0.790625 0.653125 0.031250 0.031250
0 0.968750 0.106250 0.031250 0.031250
0 0.256250 0.862500 0.031250 0.031250
0 0.431250 0.173437 0.031250 0.028125
0 0.668750 0.068750 0.031250 0.031250
0 0.609375 0.515625 0.031250 0.031250
0 0.259375 0.418750 0.031250 0.031250
0 0.434375 0.387500 0.031250 0.031250
0 0.971875 0.315625 0.031250 0.031250
0 0.228125 0.950000 0.031250 0.031250
0 0.375000 0.068750 0.031250 0.031250
0 0.371875 0.240625 0.031250 0.031250
0 0.371875 0.103125 0.031250 0.031250
0 0.550000 0.343750 0.031250 0.031250
0 0.403125 0.190625 0.031250 0.031250
0 0.287500 0.403125 0.031250 0.031250
0 0.728125 0.106250 0.031250 0.031250
0 0.284375 0.878125 0.031250 0.031250
0 0.948438 0.639062 0.034375 0.034375
0 0.198437 0.968750 0.028125 0.031250
0 0.198437 0.106250 0.028125 0.031250
0 0.228125 0.881250 0.031250 0.031250
0 0.818750 0.501563 0.031250 0.028125
0 0.401562 0.121875 0.028125 0.031250
0 0.760938 0.635938 0.028125 0.028125
0 0.725000 0.171875 0.031250 0.031250
0 0.609375 0.481250 0.031250 0.031250
0 0.229687 0.368750 0.028125 0.031250
0 0.821875 0.706250 0.031250 0.031250
0 0.846875 0.140625 0.031250 0.031250
0 0.578125 0.496875 0.031250 0.031250
0 0.231250 0.334375 0.031250 0.031250
0 0.490625 0.381250 0.031250 0.031250
0 0.729688 0.618750 0.028125 0.031250
0 0.198437 0.314063 0.028125 0.028125
0 0.315625 0.282813 0.031250 0.034375
0 0.821875 0.465625 0.031250 0.031250
0 0.376563 0.353125 0.028125 0.031250
0 0.312500 0.206250 0.031250 0.031250
0 0.696875 0.121875 0.031250 0.031250
0 0.759375 0.568750 0.031250 0.031250
0 0.790625 0.518750 0.031250 0.031250
0 0.881250 0.365625 0.031250 0.031250
0 0.314063 0.173437 0.028125 0.028125
0 0.728125 0.037500 0.031250 0.031250
0 0.640625 0.496875 0.031250 0.031250
0 0.254688 0.070312 0.034375 0.034375
0 0.700000 0.875000 0.031250 0.031250
0 0.343750 0.875000 0.031250 0.031250
0 0.790625 0.962500 0.031250 0.031250
0 0.759375 0.500000 0.031250 0.031250
0 0.225000 0.845313 0.031250 0.028125
0 0.346875 0.300000 0.031250 0.031250
0 0.403125 0.334375 0.031250 0.031250
0 0.225000 0.915625 0.031250 0.031250
0 0.431250 0.206250 0.031250 0.031250
0 0.200000 0.071875 0.031250 0.031250
0 0.428125 0.276562 0.031250 0.034375
0 0.700000 0.565625 0.031250 0.031250
0 0.318750 0.385937 0.031250 0.034375
0 0.640625 0.464062 0.031250 0.034375
0 0.287500 0.437500 0.031250 0.031250
0 0.345313 0.050000 0.028125 0.031250
0 0.731250 0.959375 0.031250 0.031250
0 0.609375 0.171875 0.031250 0.031250
0 0.731250 0.925000 0.031250 0.031250
0 0.228125 0.265625 0.031250 0.031250
0 0.459375 0.259375 0.031250 0.031250
0 0.228125 0.298438 0.031250 0.028125
0 0.401562 0.871875 0.028125 0.031250
0 0.196875 0.898438 0.031250 0.028125
0 0.518750 0.293750 0.031250 0.031250
0 0.371875 0.171875 0.031250 0.031250
0 0.912500 0.485938 0.031250 0.028125
0 0.550000 0.479687 0.031250 0.028125
0 0.606250 0.137500 0.031250 0.031250
0 0.759375 0.603125 0.031250 0.031250
0 0.610938 0.446875 0.028125 0.031250
0 0.256250 0.793750 0.031250 0.031250
0 0.432812 0.315625 0.028125 0.031250
0 0.876563 0.125000 0.034375 0.031250
0 0.459375 0.190625 0.031250 0.031250
0 0.760938 0.704688 0.028125 0.028125
0 0.937500 0.056250 0.031250 0.031250
0 0.759375 0.534375 0.031250 0.031250
0 0.700000 0.496875 0.031250 0.031250
0 0.790625 0.721875 0.031250 0.031250
0 0.314063 0.140625 0.028125 0.031250
0 0.850000 0.037500 0.031250 0.031250
0 0.731250 0.653125 0.031250 0.031250
0 0.940625 0.776563 0.031250 0.034375
0 0.225000 0.812500 0.031250 0.031250
0 0.465625 0.403125 0.031250 0.031250
0 0.315625 0.034375 0.031250 0.031250
0 0.259375 0.350000 0.031250 0.031250
0 0.821875 0.740625 0.031250 0.031250
0 0.287500 0.334375 0.031250 0.031250
0 0.284375 0.153125 0.031250 0.031250
0 0.256250 0.931250 0.031250 0.031250
0 0.345313 0.909375 0.028125 0.031250
0 0.668750 0.240625 0.031250 0.031250
0 0.198437 0.796875 0.028125 0.031250
0 0.256250 0.137500 0.031250 0.031250
0 0.403125 0.259375 0.031250 0.031250
0 0.196875 0.864062 0.031250 0.028125
0 0.732812 0.685937 0.028125 0.028125
0 0.910937 0.279687 0.034375 0.034375
0 0.787500 0.104688 0.031250 0.028125
0 0.284375 0.050000 0.031250 0.031250
0 0.790625 0.892188 0.031250 0.028125
0 0.609375 0.309375 0.031250 0.031250
0 0.406250 0.300000 0.031250 0.031250
0 0.579688 0.328125 0.034375 0.031250
0 0.971875 0.384375 0.031250 0.031250
0 0.915625 0.656250 0.031250 0.031250
0 0.170313 0.367188 0.034375 0.034375
0 0.467187 0.440625 0.034375 0.031250
0 0.228125 0.434375 0.031250 0.031250
0 0.640625 0.532813 0.031250 0.034375
0 0.287500 0.471875 0.031250 0.031250
0 0.671875 0.856250 0.031250 0.031250
0 0.521875 0.396875 0.031250 0.031250
0 0.581250 0.464062 0.031250 0.028125
0 0.259375 0.454688 0.031250 0.028125
0 0.609375 0.343750 0.031250 0.031250
0 0.553125 0.446875 0.031250 0.031250
0 0.853125 0.417187 0.031250 0.034375
0 0.553125 0.378125 0.031250 0.031250
0 0.225000 0.089063 0.031250 0.034375
0 0.259375 0.246875 0.031250 0.031250
0 0.970313 0.828125 0.034375 0.031250
0 0.881250 0.703125 0.031250 0.031250
0 0.787500 0.550000 0.031250 0.031250
0 0.787500 0.584375 0.031250 0.031250
0 0.196875 0.140625 0.031250 0.031250
0 0.229687 0.401562 0.028125 0.028125
0 0.460938 0.485938 0.034375 0.034375
0 0.464062 0.365625 0.028125 0.031250
0 0.884375 0.639062 0.031250 0.034375
0 0.401562 0.153125 0.028125 0.031250
0 0.259375 0.385937 0.031250 0.028125
0 0.521875 0.328125 0.031250 0.031250
0 0.318750 0.454688 0.031250 0.028125
0 0.581250 0.431250 0.031250 0.031250
0 0.200000 0.246875 0.031250 0.031250
0 0.256250 0.281250 0.031250 0.031250
0 0.343750 0.190625 0.031250 0.031250
0 0.878125 0.054688 0.031250 0.034375
0 0.578125 0.531250 0.031250 0.031250
0 0.490625 0.506250 0.031250 0.031250
0 0.287500 0.229687 0.031250 0.034375
0 0.937500 0.121875 0.031250 0.031250
0 0.314063 0.068750 0.028125 0.031250
0 0.287500 0.298438 0.031250 0.034375
0 0.698438 0.532813 0.028125 0.028125
0 0.731250 0.720313 0.031250 0.028125
0 0.406250 0.437500 0.031250 0.031250
0 0.668750 0.517188 0.031250 0.028125
0 0.884375 0.671875 0.031250 0.031250
0 0.518750 0.156250 0.031250 0.031250
0 0.406250 0.370312 0.031250 0.028125
0 0.637500 0.121875 0.031250 0.031250
0 0.376563 0.318750 0.028125 0.031250
0 0.820312 0.668750 0.034375 0.031250
0 0.878125 0.156250 0.031250 0.031250
0 0.850000 0.787500 0.031250 0.031250
0 0.346875 0.334375 0.031250 0.031250
0 0.371875 0.856250 0.031250 0.031250
0 0.937500 0.021875 0.031250 0.031250
0 0.548438 0.173437 0.034375 0.034375
0 0.490625 0.137500 0.031250 0.031250
0 0.881250 0.503125 0.031250 0.031250
0 0.881250 0.943750 0.031250 0.031250
0 0.756250 0.087500 0.031250 0.031250
0 0.917188 0.617188 0.034375 0.034375
0 0.401562 0.225000 0.028125 0.031250
0 0.787500 0.620313 0.031250 0.034375
0 0.640625 0.393750 0.031250 0.031250
0 0.346875 0.368750 0.031250 0.031250
0 0.818750 0.021875 0.031250 0.031250
0 0.198437 0.384375 0.028125 0.031250
0 0.550000 0.512500 0.031250 0.031250
0 0.314063 0.860938 0.028125 0.028125
0 0.459375 0.225000 0.031250 0.031250
0 0.912500 0.759375 0.031250 0.031250
0 0.965625 0.037500 0.031250 0.031250
0 0.284375 0.740625 0.031250 0.031250
0 0.885938 0.975000 0.034375 0.031250
0 0.284375 0.084375 0.031250 0.031250
0 0.609375 0.412500 0.031250 0.031250
0 0.790625 0.689063 0.031250 0.028125
0 0.496875 0.418750 0.031250 0.031250
0 0.696875 0.087500 0.031250 0.031250
0 0.401562 0.084375 0.034375 0.031250
0 0.700000 0.975000 0.031250 0.031250
0 0.518750 0.526563 0.031250 0.028125
0 0.700000 0.703125 0.031250 0.031250
0 0.787500 0.137500 0.031250 0.031250
0 0.729688 0.859375 0.028125 0.031250
0 0.581250 0.395313 0.031250 0.028125
0 0.315625 0.318750 0.031250 0.031250
0 0.256250 0.315625 0.031250 0.031250
0 0.848437 0.551562 0.028125 0.028125
0 0.818750 0.568750 0.031250 0.031250
0 0.965625 0.071875 0.031250 0.031250
0 0.518750 0.493750 0.031250 0.031250
0 0.318750 0.350000 0.031250 0.031250
0 0.287500 0.912500 0.031250 0.031250
0 0.971875 0.945312 0.031250 0.034375
0 0.948438 0.603125 0.034375 0.037500
0 0.228125 0.121875 0.031250 0.031250
0 0.971875 0.885938 0.031250 0.034375
0 0.314063 0.754687 0.028125 0.028125
0 0.521875 0.462500 0.031250 0.031250
0 0.401562 0.904687 0.028125 0.028125
0 0.668750 0.104688 0.031250 0.028125
0 0.756250 0.225000 0.031250 0.031250
0 0.375000 0.925000 0.031250 0.031250
0 0.406250 0.406250 0.031250 0.031250
0 0.853125 0.314063 0.031250 0.034375
0 0.578125 0.156250 0.031250 0.031250
0 0.668750 0.550000 0.031250 0.031250
0 0.517188 0.190625 0.028125 0.031250
0 0.881250 0.740625 0.031250 0.031250
0 0.640625 0.428125 0.031250 0.031250
0 0.850000 0.962500 0.031250 0.031250
0 0.167187 0.125000 0.034375 0.031250
0 0.167187 0.917188 0.034375 0.034375
0 0.729688 0.481250 0.028125 0.031250
0 0.284375 0.775000 0.031250 0.031250
0 0.937500 0.945312 0.031250 0.034375
0 0.920312 0.971875 0.034375 0.031250
0 0.168750 0.298438 0.031250 0.034375
0 0.167187 0.264062 0.034375 0.034375
0 0.762500 0.465625 0.031250 0.031250
0 0.314063 0.789062 0.028125 0.028125
0 0.914062 0.690625 0.028125 0.031250
0 0.700000 0.600000 0.031250 0.031250
0 0.821875 0.807813 0.031250 0.034375
0 0.167187 0.229687 0.034375 0.034375
0 0.640625 0.839063 0.031250 0.034375
0 0.703125 0.906250 0.031250 0.031250
0 0.668750 0.378125 0.031250 0.031250
0 0.912500 0.725000 0.031250 0.031250
0 0.700000 0.839063 0.031250 0.028125
0 0.168750 0.401562 0.031250 0.034375
0 0.198437 0.831250 0.028125 0.031250
0 0.256250 0.106250 0.031250 0.031250
0 0.546875 0.206250 0.031250 0.031250
0 0.640625 0.875000 0.031250 0.031250
0 0.968750 0.142187 0.031250 0.034375
0 0.939063 0.504687 0.034375 0.034375
0 0.198437 0.418750 0.028125 0.031250
0 0.637500 0.328125 0.031250 0.031250
0 0.970313 0.245312 0.034375 0.034375
0 0.818750 0.157812 0.031250 0.028125
0 0.198437 0.178125 0.034375 0.031250
0 0.850000 0.346875 0.031250 0.031250
0 0.198437 0.212500 0.034375 0.031250
0 0.340625 0.734375 0.031250 0.031250
0 0.368750 0.681250 0.031250 0.031250
0 0.462500 0.331250 0.031250 0.031250
0 0.439063 0.457813 0.034375 0.034375
0 0.579688 0.871875 0.028125 0.031250
0 0.259375 0.968750 0.031250 0.031250
0 0.914062 0.576562 0.034375 0.034375
0 0.939063 0.229687 0.034375 0.034375
0 0.346875 0.471875 0.031250 0.031250
0 0.637500 0.293750 0.031250 0.031250
0 0.167187 0.195312 0.034375 0.034375
0 0.759375 0.978125 0.031250 0.031250
0 0.821875 0.771875 0.031250 0.031250
0 0.368750 0.646875 0.031250 0.031250
0 0.525000 0.428125 0.031250 0.031250
0 0.312500 0.720313 0.031250 0.034375
0 0.759375 0.018750 0.031250 0.031250
0 0.431250 0.103125 0.031250 0.031250
0 0.942187 0.471875 0.028125 0.031250
0 0.431250 0.887500 0.031250 0.031250
0 0.671875 0.821875 0.031250 0.031250
0 0.926562 0.545312 0.034375 0.034375
0 0.167187 0.950000 0.034375 0.031250
0 0.167187 0.159375 0.034375 0.031250
0 0.725000 0.240625 0.031250 0.031250
0 0.546875 0.312500 0.031250 0.031250
0 0.487500 0.278125 0.031250 0.031250
0 0.853125 0.756250 0.031250 0.031250
0 0.225000 0.053125 0.031250 0.031250
0 0.610938 0.854688 0.034375 0.034375
0 0.846875 0.175000 0.031250 0.031250
0 0.256250 0.759375 0.031250 0.031250
0 0.198437 0.453125 0.028125 0.031250
0 0.760938 0.737500 0.028125 0.031250
0 0.548438 0.546875 0.028125 0.031250
0 0.487500 0.206250 0.031250 0.031250
0 0.259375 0.489063 0.031250 0.028125
0 0.967187 0.212500 0.034375 0.031250
0 0.578125 0.564063 0.031250 0.034375
0 0.228125 0.778125 0.031250 0.031250
0 0.340625 0.700000 0.031250 0.031250
0 0.578125 0.189062 0.031250 0.034375
0 0.667188 0.276562 0.028125 0.028125
0 0.703125 0.943750 0.031250 0.031250
0 0.371875 0.034375 0.031250 0.031250
0 0.700000 0.668750 0.031250 0.031250
0 0.456250 0.523438 0.031250 0.034375
0 0.698438 0.362500 0.028125 0.031250
0 0.196875 0.037500 0.031250 0.031250
0 0.370312 0.715625 0.028125 0.031250
0 0.853125 0.381250 0.031250 0.031250
0 0.317188 0.489063 0.034375 0.034375
0 0.887500 0.603125 0.031250 0.031250
0 0.350000 0.437500 0.031250 0.031250
0 0.957812 0.570312 0.034375 0.034375
0 0.818750 0.978125 0.031250 0.031250
0 0.970313 0.760938 0.034375 0.034375
0 0.168750 0.090625 0.031250 0.031250
0 0.964063 0.531250 0.034375 0.037500
0 0.790625 0.825000 0.031250 0.031250
0 0.668750 0.484375 0.031250 0.031250
0 0.878125 0.021875 0.031250 0.031250
0 0.168750 0.332813 0.031250 0.034375
0 0.971875 0.492188 0.031250 0.034375
0 0.790625 0.448437 0.031250 0.034375
0 0.971875 0.459375 0.031250 0.031250
0 0.167187 0.779687 0.034375 0.034375
0 0.167187 0.020313 0.034375 0.034375
0 0.282813 0.704688 0.034375 0.034375
0 0.907813 0.035937 0.034375 0.034375
0 0.196875 0.762500 0.031250 0.031250
0 0.821875 0.432812 0.031250 0.034375
0 0.698438 0.396875 0.028125 0.031250
0 0.637500 0.189062 0.031250 0.028125
0 0.167187 0.434375 0.034375 0.031250
0 0.460938 0.120313 0.034375 0.034375
0 0.971875 0.728125 0.031250 0.031250
0 0.365625 0.610938 0.031250 0.034375
0 0.907813 0.245312 0.034375 0.034375
0 0.401562 0.839063 0.028125 0.028125
0 0.668750 0.035937 0.031250 0.034375
0 0.943750 0.706250 0.031250 0.031250
0 0.609375 0.890625 0.031250 0.031250
0 0.668750 0.412500 0.031250 0.031250
0 0.228125 0.540625 0.031250 0.031250
0 0.940625 0.743750 0.031250 0.031250
0 0.879687 0.570312 0.034375 0.034375
0 0.518750 0.562500 0.031250 0.031250
0 0.850000 0.653125 0.031250 0.031250
0 0.906250 0.140625 0.031250 0.031250
0 0.487500 0.542188 0.031250 0.028125
0 0.637500 0.259375 0.031250 0.031250
0 0.401562 0.053125 0.028125 0.031250
0 0.906250 0.518750 0.031250 0.031250
0 0.640625 0.087500 0.031250 0.031250
0 0.168750 0.057813 0.031250 0.034375
0 0.343750 0.018750 0.031250 0.031250
0 0.703125 0.635938 0.031250 0.028125
0 0.881250 0.537500 0.031250 0.031250
0 0.342187 0.807813 0.034375 0.034375
0 0.696875 0.259375 0.031250 0.031250
0 0.228125 0.229687 0.031250 0.034375
0 0.253125 0.689063 0.031250 0.034375
0 0.167187 0.884375 0.034375 0.031250
0 0.668750 0.584375 0.031250 0.031250
0 0.167187 0.743750 0.034375 0.031250
0 0.371875 0.825000 0.031250 0.031250
0 0.609375 0.276562 0.031250 0.034375
0 0.228125 0.575000 0.031250 0.031250
0 0.943750 0.678125 0.031250 0.031250
0 0.668750 0.687500 0.031250 0.031250
0 0.337500 0.631250 0.031250 0.031250
0 0.975000 0.690625 0.031250 0.031250
0 0.490625 0.956250 0.031250 0.031250
0 0.167187 0.470313 0.034375 0.034375
0 0.703125 0.737500 0.031250 0.031250
0 0.609375 0.548438 0.031250 0.028125
0 0.609375 0.103125 0.031250 0.031250
0 0.640625 0.703125 0.031250 0.031250
0 0.198437 0.556250 0.028125 0.031250
0 0.284375 0.018750 0.031250 0.031250
0 0.225000 0.156250 0.031250 0.031250
0 0.548438 0.240625 0.028125 0.031250
0 0.850000 0.587500 0.031250 0.031250
0 0.578125 0.121875 0.031250 0.031250
0 0.853125 0.278125 0.031250 0.031250
0 0.976562 0.657813 0.034375 0.034375
0 0.515625 0.978125 0.031250 0.031250
0 0.968750 0.176563 0.031250 0.034375
0 0.346875 0.506250 0.031250 0.031250
0 0.671875 0.960938 0.031250 0.034375
0 0.754687 0.257812 0.034375 0.034375
0 0.760938 0.842187 0.028125 0.028125
0 0.431250 0.854688 0.031250 0.028125
0 0.339062 0.771875 0.034375 0.031250
0 0.550000 0.854688 0.031250 0.028125
0 0.378125 0.456250 0.031250 0.031250
0 0.246875 0.650000 0.031250 0.031250
0 0.459375 0.906250 0.031250 0.031250
0 0.257812 0.523438 0.028125 0.028125
0 0.728125 0.448437 0.031250 0.034375
0 0.548438 0.579688 0.028125 0.028125
