0 0.120313 0.920312 0.028125 0.028125
0 0.192188 0.553125 0.028125 0.031250
0 0.065625 0.921875 0.031250 0.031250
0 0.535937 0.935937 0.028125 0.028125
0 0.220312 0.535937 0.028125 0.028125
0 0.153125 0.409375 0.031250 0.031250
0 0.243750 0.390625 0.031250 0.031250
0 0.482812 0.935937 0.028125 0.028125
0 0.482812 0.904687 0.028125 0.028125
0 0.395313 0.792188 0.028125 0.028125
0 0.671875 0.564063 0.031250 0.028125
0 0.535937 0.710938 0.028125 0.028125
0 0.535937 0.840625 0.028125 0.031250
0 0.535937 0.904687 0.028125 0.028125
0 0.789062 0.846875 0.028125 0.031250
0 0.095312 0.868750 0.028125 0.031250
0 0.425000 0.873437 0.025000 0.028125
0 0.814063 0.829688 0.034375 0.034375
0 0.534375 0.743750 0.025000 0.025000
0 0.395313 0.757812 0.028125 0.028125
0 0.420312 0.648438 0.028125 0.028125
0 0.142187 0.628125 0.028125 0.031250
0 0.039062 0.937500 0.028125 0.031250
0 0.065625 0.954688 0.031250 0.028125
0 0.092188 0.939063 0.028125 0.028125
0 0.120313 0.415625 0.028125 0.031250
0 0.057813 0.409375 0.028125 0.031250
0 0.451562 0.889062 0.028125 0.028125
0 0.589063 0.710938 0.028125 0.028125
0 0.220312 0.601562 0.028125 0.028125
0 0.223438 0.675000 0.028125 0.031250
0 0.612500 0.531250 0.031250 0.031250
0 0.148438 0.904687 0.028125 0.028125
0 0.131250 0.448437 0.031250 0.034375
0 0.393750 0.696875 0.025000 0.025000
0 0.195312 0.657813 0.028125 0.028125
0 0.564063 0.920312 0.028125 0.028125
0 0.276562 0.601562 0.028125 0.028125
0 0.732812 0.882812 0.028125 0.028125
0 0.392188 0.598437 0.028125 0.028125
0 0.039062 0.379688 0.028125 0.028125
0 0.528125 0.517188 0.031250 0.028125
0 0.507812 0.920312 0.028125 0.028125
0 0.757812 0.832812 0.028125 0.028125
0 0.592187 0.870313 0.028125 0.028125
0 0.246875 0.585938 0.031250 0.028125
0 0.159375 0.471875 0.031250 0.031250
0 0.787500 0.878125 0.031250 0.031250
0 0.248438 0.618750 0.028125 0.031250
0 0.564063 0.889062 0.028125 0.028125
0 0.445312 0.598437 0.028125 0.028125
0 0.445312 0.440625 0.028125 0.031250
0 0.448437 0.664062 0.028125 0.028125
0 0.645312 0.770312 0.028125 0.028125
0 0.032813 0.637500 0.028125 0.031250
0 0.120313 0.887500 0.028125 0.031250
0 0.096875 0.737500 0.031250 0.031250
0 0.303125 0.390625 0.031250 0.031250
0 0.729688 0.851562 0.028125 0.028125
0 0.089063 0.409375 0.028125 0.031250
0 0.698438 0.581250 0.028125 0.031250
0 0.368750 0.807813 0.025000 0.028125
0 0.504687 0.629687 0.028125 0.028125
0 0.068750 0.484375 0.031250 0.031250
0 0.476562 0.645312 0.028125 0.028125
0 0.420312 0.679688 0.028125 0.028125
0 0.614062 0.693750 0.028125 0.031250
0 0.193750 0.584375 0.031250 0.031250
0 0.715625 0.609375 0.031250 0.031250
0 0.175000 0.951562 0.025000 0.028125
0 0.448437 0.695312 0.028125 0.028125
0 0.617188 0.790625 0.028125 0.031250
0 0.557813 0.565625 0.028125 0.031250
0 0.364063 0.617188 0.028125 0.028125
0 0.096875 0.770312 0.031250 0.028125
0 0.385937 0.439063 0.028125 0.028125
0 0.135937 0.379688 0.028125 0.028125
0 0.414062 0.489063 0.028125 0.028125
0 0.479687 0.873437 0.028125 0.028125
0 0.560937 0.692187 0.028125 0.028125
0 0.385937 0.471875 0.028125 0.031250
0 0.334375 0.362500 0.031250 0.031250
0 0.398438 0.857812 0.028125 0.028125
0 0.817187 0.862500 0.028125 0.031250
0 0.175000 0.920312 0.031250 0.028125
0 0.096875 0.440625 0.031250 0.031250
0 0.092188 0.904687 0.028125 0.028125
0 0.068750 0.756250 0.031250 0.031250
0 0.425000 0.839063 0.025000 0.028125
0 0.784375 0.815625 0.031250 0.031250
0 0.500000 0.437500 0.031250 0.031250
0 0.668750 0.596875 0.031250 0.031250
0 0.671875 0.628125 0.031250 0.031250
0 0.760938 0.895312 0.028125 0.028125
0 0.445312 0.503125 0.028125 0.031250
0 0.560937 0.789062 0.028125 0.028125
0 0.732812 0.914062 0.028125 0.028125
0 0.223438 0.570312 0.028125 0.028125
0 0.642188 0.517188 0.028125 0.028125
0 0.254688 0.651563 0.028125 0.028125
0 0.451562 0.726562 0.028125 0.028125
0 0.534375 0.776563 0.025000 0.028125
0 0.159375 0.440625 0.031250 0.031250
0 0.471875 0.456250 0.031250 0.031250
0 0.068750 0.721875 0.031250 0.031250
0 0.503125 0.598437 0.031250 0.028125
0 0.148438 0.939063 0.028125 0.028125
0 0.528125 0.550000 0.031250 0.031250
0 0.370312 0.842187 0.028125 0.028125
0 0.592187 0.807813 0.028125 0.028125
0 0.557813 0.534375 0.028125 0.031250
0 0.117188 0.610938 0.028125 0.028125
0 0.564063 0.823438 0.028125 0.028125
0 0.395313 0.823438 0.028125 0.028125
0 0.270313 0.407813 0.028125 0.028125
0 0.534375 0.873437 0.025000 0.028125
0 0.700000 0.642188 0.031250 0.028125
0 0.198437 0.625000 0.028125 0.031250
0 0.532813 0.648438 0.028125 0.028125
0 0.534375 0.807813 0.025000 0.028125
0 0.096875 0.475000 0.031250 0.031250
0 0.587500 0.676562 0.031250 0.028125
0 0.509375 0.857812 0.025000 0.028125
0 0.392188 0.664062 0.028125 0.028125
0 0.306250 0.614062 0.025000 0.028125
0 0.218750 0.407813 0.031250 0.028125
0 0.478125 0.710938 0.025000 0.028125
0 0.501563 0.534375 0.028125 0.031250
0 0.560937 0.757812 0.028125 0.028125
0 0.204687 0.970313 0.028125 0.028125
0 0.342187 0.826562 0.028125 0.028125
0 0.590625 0.471875 0.037500 0.037500
0 0.642188 0.676562 0.028125 0.028125
0 0.034375 0.600000 0.031250 0.031250
0 0.589063 0.775000 0.028125 0.025000
0 0.507812 0.757812 0.028125 0.028125
0 0.279687 0.634375 0.028125 0.031250
0 0.425000 0.775000 0.025000 0.025000
0 0.420312 0.614062 0.028125 0.028125
0 0.560937 0.660937 0.028125 0.028125
0 0.642188 0.581250 0.028125 0.031250
0 0.368750 0.776563 0.025000 0.028125
0 0.759375 0.864062 0.031250 0.028125
0 0.557813 0.501563 0.028125 0.028125
0 0.420312 0.710938 0.028125 0.028125
0 0.557813 0.629687 0.028125 0.028125
0 0.592187 0.904687 0.028125 0.028125
0 0.120313 0.954688 0.028125 0.028125
0 0.073438 0.379688 0.028125 0.028125
0 0.425000 0.807813 0.025000 0.028125
0 0.701562 0.804688 0.028125 0.028125
0 0.215625 0.440625 0.031250 0.031250
0 0.479687 0.742188 0.028125 0.028125
0 0.479687 0.842187 0.028125 0.028125
0 0.645312 0.710938 0.028125 0.028125
0 0.671875 0.692187 0.031250 0.028125
0 0.248438 0.551562 0.028125 0.028125
0 0.087500 0.667188 0.031250 0.028125
0 0.218750 0.506250 0.031250 0.031250
0 0.023438 0.409375 0.028125 0.031250
0 0.187500 0.423438 0.031250 0.028125
0 0.507812 0.726562 0.028125 0.028125
0 0.473438 0.582812 0.028125 0.028125
0 0.417187 0.457813 0.028125 0.028125
0 0.068750 0.453125 0.031250 0.031250
0 0.189062 0.454688 0.028125 0.028125
0 0.189062 0.518750 0.028125 0.031250
0 0.039062 0.534375 0.028125 0.031250
0 0.476562 0.614062 0.028125 0.028125
0 0.509375 0.889062 0.025000 0.028125
0 0.471875 0.423438 0.031250 0.028125
0 0.153125 0.351562 0.031250 0.028125
0 0.471875 0.487500 0.031250 0.031250
0 0.504687 0.695312 0.028125 0.028125
0 0.304688 0.551562 0.028125 0.028125
0 0.617188 0.726562 0.028125 0.028125
0 0.731250 0.637500 0.031250 0.031250
0 0.170313 0.642188 0.028125 0.028125
0 0.618750 0.885938 0.025000 0.028125
0 0.615625 0.600000 0.031250 0.031250
0 0.637500 0.548438 0.031250 0.028125
0 0.439063 0.376563 0.028125 0.028125
0 0.200000 0.381250 0.031250 0.031250
0 0.671875 0.662500 0.031250 0.031250
0 0.117188 0.643750 0.028125 0.031250
0 0.065625 0.690625 0.031250 0.031250
0 0.645312 0.835938 0.028125 0.028125
0 0.037500 0.970313 0.031250 0.028125
0 0.531250 0.581250 0.031250 0.031250
0 0.496875 0.406250 0.031250 0.031250
0 0.645312 0.867188 0.028125 0.028125
0 0.065625 0.885938 0.031250 0.028125
0 0.223438 0.642188 0.028125 0.028125
0 0.250000 0.520312 0.031250 0.028125
0 0.243750 0.456250 0.031250 0.031250
0 0.039062 0.903125 0.028125 0.031250
0 0.585938 0.581250 0.028125 0.031250
0 0.445312 0.407813 0.028125 0.028125
0 0.095312 0.703125 0.028125 0.031250
0 0.507812 0.951562 0.028125 0.028125
0 0.067187 0.518750 0.028125 0.031250
0 0.670312 0.723437 0.028125 0.028125
0 0.589063 0.509375 0.028125 0.031250
0 0.643750 0.643750 0.031250 0.031250
0 0.451562 0.854688 0.028125 0.028125
0 0.276562 0.570312 0.028125 0.028125
0 0.673438 0.789062 0.028125 0.028125
0 0.443750 0.537500 0.031250 0.031250
0 0.529687 0.612500 0.028125 0.031250
0 0.648438 0.901563 0.028125 0.028125
0 0.614062 0.629687 0.028125 0.028125
0 0.301563 0.487500 0.028125 0.031250
0 0.060937 0.651563 0.028125 0.028125
0 0.356250 0.425000 0.031250 0.031250
0 0.104688 0.382812 0.028125 0.028125
0 0.168750 0.379688 0.031250 0.028125
0 0.096875 0.506250 0.031250 0.031250
0 0.481250 0.968750 0.031250 0.031250
0 0.643750 0.742188 0.025000 0.028125
0 0.171875 0.610938 0.031250 0.028125
0 0.698438 0.675000 0.028125 0.031250
0 0.364063 0.648438 0.028125 0.028125
0 0.612500 0.565625 0.031250 0.031250
0 0.454688 0.920312 0.028125 0.028125
0 0.390625 0.567187 0.031250 0.028125
0 0.589063 0.742188 0.028125 0.028125
0 0.665625 0.534375 0.031250 0.031250
0 0.501563 0.565625 0.028125 0.031250
0 0.476562 0.679688 0.028125 0.028125
0 0.645312 0.804688 0.028125 0.028125
0 0.170313 0.675000 0.028125 0.031250
0 0.300000 0.425000 0.031250 0.031250
0 0.564063 0.857812 0.028125 0.028125
0 0.617188 0.854688 0.028125 0.028125
0 0.425000 0.743750 0.025000 0.025000
0 0.335938 0.664062 0.028125 0.028125
0 0.189062 0.487500 0.028125 0.031250
0 0.415625 0.426563 0.031250 0.028125
0 0.056250 0.351562 0.031250 0.028125
0 0.507812 0.790625 0.028125 0.031250
0 0.370312 0.873437 0.028125 0.028125
0 0.229687 0.920312 0.028125 0.028125
0 0.276562 0.535937 0.028125 0.028125
0 0.420312 0.582812 0.028125 0.028125
0 0.215625 0.475000 0.031250 0.031250
0 0.415625 0.395313 0.031250 0.028125
0 0.332813 0.567187 0.028125 0.028125
0 0.242188 0.426563 0.028125 0.028125
0 0.335938 0.632812 0.028125 0.028125
0 0.587500 0.645312 0.031250 0.028125
0 0.656250 0.479687 0.031250 0.034375
0 0.201563 0.935937 0.028125 0.028125
0 0.621875 0.490625 0.031250 0.031250
0 0.023438 0.353125 0.028125 0.031250
0 0.535937 0.970313 0.028125 0.028125
0 0.039062 0.706250 0.028125 0.031250
0 0.131250 0.512500 0.031250 0.031250
0 0.473438 0.551562 0.028125 0.028125
0 0.364063 0.679688 0.028125 0.028125
0 0.398438 0.889062 0.028125 0.028125
0 0.754687 0.801562 0.028125 0.028125
0 0.040625 0.439063 0.031250 0.028125
0 0.760938 0.929688 0.028125 0.028125
0 0.384375 0.407813 0.031250 0.028125
0 0.614062 0.660937 0.028125 0.028125
0 0.417187 0.520312 0.028125 0.028125
0 0.698438 0.770312 0.028125 0.028125
0 0.329688 0.473438 0.028125 0.028125
0 0.503125 0.664062 0.031250 0.028125
0 0.035937 0.673438 0.028125 0.028125
0 0.304688 0.520312 0.028125 0.028125
0 0.092188 0.973437 0.028125 0.028125
0 0.507812 0.823438 0.028125 0.028125
0 0.367188 0.712500 0.028125 0.031250
0 0.556250 0.468750 0.031250 0.031250
0 0.329688 0.409375 0.028125 0.031250
0 0.364063 0.585938 0.028125 0.028125
0 0.592187 0.839063 0.028125 0.028125
0 0.673438 0.820312 0.028125 0.028125
0 0.059375 0.621875 0.031250 0.031250
0 0.448437 0.629687 0.028125 0.028125
0 0.275000 0.375000 0.031250 0.031250
0 0.473438 0.518750 0.028125 0.031250
0 0.445312 0.471875 0.028125 0.031250
0 0.307812 0.681250 0.028125 0.031250
0 0.526563 0.420312 0.028125 0.028125
0 0.745313 0.667188 0.028125 0.028125
0 0.148438 0.970313 0.028125 0.028125
0 0.359375 0.459375 0.031250 0.031250
0 0.275000 0.504687 0.031250 0.028125
0 0.642188 0.612500 0.028125 0.031250
0 0.307812 0.648438 0.028125 0.028125
0 0.529687 0.453125 0.028125 0.031250
0 0.701562 0.837500 0.028125 0.025000
0 0.096875 0.804688 0.031250 0.028125
0 0.329688 0.440625 0.028125 0.031250
0 0.700000 0.739062 0.031250 0.028125
0 0.425000 0.904687 0.025000 0.028125
0 0.282813 0.698438 0.028125 0.028125
0 0.445312 0.567187 0.028125 0.028125
0 0.417187 0.551562 0.028125 0.028125
0 0.560937 0.726562 0.028125 0.028125
0 0.129688 0.479687 0.028125 0.028125
0 0.304688 0.585938 0.028125 0.028125
0 0.253125 0.682813 0.025000 0.028125
0 0.400000 0.370312 0.031250 0.028125
0 0.468750 0.390625 0.031250 0.031250
0 0.392188 0.629687 0.028125 0.028125
0 0.703125 0.900000 0.031250 0.031250
0 0.095312 0.837500 0.028125 0.031250
0 0.585938 0.548438 0.028125 0.028125
0 0.532813 0.676562 0.028125 0.028125
0 0.303125 0.360938 0.031250 0.034375
0 0.587500 0.612500 0.031250 0.031250
0 0.356250 0.393750 0.031250 0.031250
0 0.040625 0.737500 0.031250 0.031250
0 0.331250 0.504687 0.031250 0.028125
0 0.245312 0.489063 0.028125 0.028125
0 0.315625 0.810937 0.031250 0.028125
0 0.728125 0.817187 0.025000 0.028125
0 0.617188 0.757812 0.028125 0.028125
0 0.273438 0.471875 0.028125 0.031250
0 0.557813 0.598437 0.028125 0.028125
0 0.185938 0.353125 0.028125 0.031250
0 0.765625 0.640625 0.031250 0.031250
0 0.809375 0.796875 0.031250 0.031250
0 0.087500 0.603125 0.031250 0.031250
0 0.565625 0.953125 0.031250 0.031250
0 0.620313 0.917188 0.028125 0.028125
0 0.335938 0.601562 0.028125 0.028125
0 0.064062 0.582812 0.028125 0.028125
0 0.328125 0.328125 0.031250 0.031250
0 0.676562 0.915625 0.028125 0.031250
0 0.148438 0.871875 0.028125 0.031250
0 0.618750 0.820312 0.025000 0.028125
0 0.145313 0.660937 0.028125 0.028125
0 0.590625 0.934375 0.031250 0.031250
0 0.089063 0.353125 0.028125 0.031250
0 0.451562 0.953125 0.028125 0.031250
0 0.095312 0.539062 0.028125 0.028125
0 0.250000 0.356250 0.031250 0.031250
0 0.529687 0.485938 0.028125 0.028125
0 0.671875 0.756250 0.031250 0.031250
0 0.035937 0.565625 0.028125 0.031250
0 0.704688 0.931250 0.028125 0.031250
0 0.342187 0.795312 0.028125 0.028125
0 0.087500 0.634375 0.031250 0.031250
0 0.067187 0.789062 0.028125 0.028125
0 0.370312 0.904687 0.028125 0.028125
0 0.160938 0.503125 0.028125 0.031250
0 0.121875 0.853125 0.031250 0.031250
0 0.279687 0.664062 0.028125 0.028125
0 0.698438 0.707812 0.028125 0.028125
0 0.301563 0.456250 0.028125 0.031250
0 0.451562 0.759375 0.028125 0.025000
0 0.218750 0.353125 0.031250 0.031250
0 0.357812 0.489063 0.028125 0.028125
0 0.367188 0.742188 0.028125 0.028125
0 0.728125 0.784375 0.031250 0.031250
0 0.229687 0.954688 0.028125 0.028125
0 0.254688 0.717187 0.028125 0.028125
0 0.750000 0.609375 0.031250 0.031250
0 0.143750 0.593750 0.031250 0.031250
0 0.368750 0.364063 0.031250 0.028125
0 0.232813 0.889062 0.028125 0.028125
0 0.037500 0.321875 0.031250 0.031250
0 0.678125 0.503125 0.031250 0.031250
0 0.260937 0.904687 0.028125 0.028125
0 0.360938 0.554688 0.028125 0.028125
0 0.125000 0.751563 0.031250 0.028125
0 0.223438 0.707812 0.028125 0.028125
0 0.451562 0.826562 0.028125 0.028125
0 0.395313 0.728125 0.028125 0.025000
0 0.121875 0.720313 0.031250 0.028125
0 0.314063 0.970313 0.028125 0.028125
0 0.089063 0.568750 0.028125 0.031250
0 0.065625 0.550000 0.031250 0.031250
0 0.204687 0.904687 0.028125 0.028125
0 0.734375 0.584375 0.031250 0.031250
0 0.498437 0.470313 0.028125 0.028125
0 0.370312 0.937500 0.028125 0.031250
0 0.632812 0.457813 0.034375 0.034375
0 0.198437 0.690625 0.028125 0.025000
0 0.725000 0.693750 0.031250 0.031250
0 0.121875 0.818750 0.031250 0.031250
0 0.259375 0.873437 0.031250 0.028125
0 0.787500 0.912500 0.031250 0.031250
0 0.501563 0.501563 0.028125 0.028125
0 0.676562 0.946875 0.028125 0.031250
0 0.282813 0.760938 0.028125 0.028125
0 0.803125 0.762500 0.031250 0.031250
0 0.715625 0.556250 0.031250 0.031250
0 0.776563 0.668750 0.028125 0.031250
0 0.125000 0.787500 0.031250 0.031250
0 0.039062 0.504687 0.028125 0.028125
0 0.270313 0.442188 0.028125 0.028125
0 0.071875 0.321875 0.031250 0.031250
0 0.359375 0.331250 0.031250 0.031250
0 0.310937 0.776563 0.028125 0.028125
0 0.040625 0.870313 0.031250 0.028125
0 0.117188 0.676562 0.028125 0.028125
0 0.040625 0.470313 0.031250 0.028125
0 0.781250 0.784375 0.031250 0.031250
0 0.496875 0.371875 0.031250 0.031250
0 0.176563 0.889062 0.028125 0.028125
0 0.332813 0.539062 0.028125 0.028125
0 0.371875 0.968750 0.031250 0.031250
0 0.700000 0.528125 0.031250 0.031250
0 0.298438 0.325000 0.028125 0.031250
0 0.340625 0.954688 0.031250 0.028125
0 0.120313 0.351562 0.028125 0.028125
0 0.760938 0.962500 0.028125 0.031250
0 0.231250 0.323437 0.031250 0.034375
0 0.168750 0.323437 0.031250 0.034375
0 0.467187 0.357812 0.034375 0.034375
0 0.265625 0.325000 0.031250 0.031250
0 0.282813 0.729688 0.028125 0.028125
0 0.425000 0.968750 0.031250 0.031250
0 0.392188 0.337500 0.028125 0.031250
0 0.200000 0.325000 0.031250 0.031250
0 0.142187 0.695312 0.028125 0.028125
0 0.526563 0.387500 0.028125 0.031250
0 0.015625 0.484375 0.031250 0.031250
