0 0.260937 0.832812 0.034375 0.034375
0 0.589063 0.565625 0.034375 0.031250
0 0.260937 0.473438 0.034375 0.034375
0 0.743750 0.353125 0.031250 0.031250
0 0.812500 0.595313 0.031250 0.034375
0 0.896875 0.865625 0.031250 0.031250
0 0.137500 0.921875 0.031250 0.031250
0 0.912500 0.537500 0.031250 0.031250
0 0.896875 0.745313 0.031250 0.034375
0 0.829688 0.626563 0.034375 0.034375
0 0.309375 0.925000 0.031250 0.031250
0 0.846875 0.596875 0.031250 0.031250
0 0.640625 0.839063 0.031250 0.034375
0 0.934375 0.806250 0.031250 0.031250
0 0.831250 0.687500 0.031250 0.031250
0 0.415625 0.928125 0.031250 0.031250
0 0.381250 0.865625 0.031250 0.031250
0 0.484375 0.928125 0.031250 0.031250
0 0.434375 0.896875 0.031250 0.031250
0 0.845313 0.896875 0.034375 0.031250
0 0.225000 0.893750 0.031250 0.031250
0 0.812500 0.776563 0.031250 0.034375
0 0.485938 0.564063 0.034375 0.034375
0 0.846875 0.535937 0.031250 0.034375
0 0.121875 0.890625 0.031250 0.031250
0 0.276562 0.925000 0.034375 0.031250
0 0.537500 0.837500 0.031250 0.031250
0 0.293750 0.775000 0.031250 0.031250
0 0.915625 0.837500 0.031250 0.031250
0 0.814063 0.715625 0.034375 0.031250
0 0.931250 0.443750 0.031250 0.031250
0 0.468750 0.896875 0.031250 0.031250
0 0.243750 0.384375 0.031250 0.031250
0 0.829688 0.565625 0.034375 0.031250
0 0.187500 0.953125 0.031250 0.031250
0 0.709375 0.840625 0.031250 0.031250
0 0.625000 0.687500 0.031250 0.031250
0 0.812500 0.657813 0.031250 0.034375
0 0.657813 0.870313 0.034375 0.034375
0 0.523438 0.565625 0.034375 0.031250
0 0.881250 0.896875 0.031250 0.031250
0 0.796875 0.809375 0.031250 0.031250
0 0.932813 0.626563 0.034375 0.034375
0 0.225000 0.771875 0.031250 0.031250
0 0.760938 0.746875 0.034375 0.031250
0 0.379688 0.926562 0.034375 0.034375
0 0.760938 0.565625 0.034375 0.031250
0 0.896875 0.626563 0.031250 0.034375
0 0.846875 0.776563 0.031250 0.034375
0 0.829688 0.865625 0.034375 0.031250
0 0.865625 0.625000 0.031250 0.031250
0 0.328125 0.893750 0.031250 0.031250
0 0.693750 0.687500 0.031250 0.031250
0 0.762500 0.809375 0.031250 0.031250
0 0.865625 0.746875 0.031250 0.031250
0 0.675000 0.715625 0.031250 0.031250
0 0.068750 0.384375 0.031250 0.031250
0 0.156250 0.890625 0.031250 0.031250
0 0.865625 0.687500 0.031250 0.031250
0 0.068750 0.859375 0.031250 0.031250
0 0.948438 0.778125 0.028125 0.031250
0 0.640625 0.776563 0.031250 0.034375
0 0.209375 0.862500 0.031250 0.031250
0 0.709375 0.778125 0.031250 0.031250
0 0.589063 0.870313 0.034375 0.034375
0 0.712500 0.900000 0.031250 0.031250
0 0.932813 0.687500 0.034375 0.031250
0 0.548438 0.948438 0.034375 0.034375
0 0.693750 0.746875 0.031250 0.031250
0 0.968750 0.865625 0.031250 0.031250
0 0.896875 0.806250 0.031250 0.031250
0 0.209375 0.804688 0.031250 0.034375
0 0.865625 0.565625 0.031250 0.031250
0 0.850000 0.715625 0.031250 0.031250
0 0.157812 0.532813 0.034375 0.034375
0 0.778125 0.837500 0.031250 0.031250
0 0.539062 0.656250 0.034375 0.031250
0 0.328125 0.956250 0.031250 0.031250
0 0.571875 0.839063 0.031250 0.028125
0 0.915625 0.353125 0.031250 0.031250
0 0.948438 0.537500 0.034375 0.031250
0 0.381250 0.806250 0.031250 0.031250
0 0.137500 0.384375 0.031250 0.031250
0 0.743750 0.840625 0.031250 0.031250
0 0.034375 0.856250 0.031250 0.031250
0 0.881250 0.595313 0.031250 0.034375
0 0.434375 0.715625 0.031250 0.031250
0 0.068750 0.740625 0.031250 0.031250
0 0.796875 0.506250 0.031250 0.031250
0 0.625000 0.746875 0.031250 0.031250
0 0.068750 0.443750 0.031250 0.031250
0 0.606250 0.596875 0.031250 0.031250
0 0.675000 0.596875 0.031250 0.031250
0 0.606250 0.715625 0.031250 0.031250
0 0.693750 0.871875 0.031250 0.031250
0 0.881250 0.475000 0.031250 0.031250
0 0.657813 0.504687 0.034375 0.034375
0 0.676562 0.901563 0.034375 0.034375
0 0.793750 0.626563 0.031250 0.034375
0 0.881250 0.715625 0.031250 0.031250
0 0.240625 0.925000 0.031250 0.031250
0 0.796875 0.384375 0.031250 0.031250
0 0.589063 0.807813 0.034375 0.034375
0 0.812500 0.537500 0.031250 0.031250
0 0.468750 0.656250 0.031250 0.031250
0 0.778125 0.718750 0.031250 0.031250
0 0.829688 0.931250 0.034375 0.031250
0 0.521875 0.929688 0.031250 0.034375
0 0.503125 0.656250 0.031250 0.031250
0 0.193750 0.532813 0.031250 0.034375
0 0.778125 0.415625 0.031250 0.031250
0 0.881250 0.834375 0.031250 0.031250
0 0.553125 0.809375 0.031250 0.031250
0 0.082812 0.590625 0.034375 0.031250
0 0.521875 0.443750 0.031250 0.031250
0 0.554688 0.746875 0.034375 0.031250
0 0.965625 0.443750 0.031250 0.031250
0 0.796875 0.746875 0.031250 0.031250
0 0.950000 0.715625 0.031250 0.031250
0 0.657813 0.746875 0.034375 0.031250
0 0.590625 0.443750 0.031250 0.031250
0 0.453125 0.746875 0.031250 0.031250
0 0.140625 0.740625 0.031250 0.031250
0 0.950000 0.834375 0.031250 0.031250
0 0.068750 0.562500 0.031250 0.031250
0 0.915625 0.475000 0.031250 0.031250
0 0.365625 0.775000 0.031250 0.031250
0 0.778125 0.593750 0.031250 0.031250
0 0.296875 0.414062 0.031250 0.034375
0 0.503125 0.839063 0.031250 0.034375
0 0.485938 0.746875 0.034375 0.031250
0 0.175000 0.384375 0.031250 0.031250
0 0.829688 0.504687 0.034375 0.034375
0 0.503125 0.595313 0.031250 0.034375
0 0.950000 0.896875 0.031250 0.031250
0 0.828125 0.746875 0.031250 0.031250
0 0.450000 0.926562 0.031250 0.034375
0 0.193750 0.412500 0.031250 0.031250
0 0.779687 0.910937 0.034375 0.034375
0 0.575000 0.475000 0.031250 0.031250
0 0.675000 0.656250 0.031250 0.031250
0 0.537500 0.718750 0.031250 0.031250
0 0.068750 0.917188 0.031250 0.034375
0 0.589063 0.687500 0.034375 0.031250
0 0.468750 0.776563 0.031250 0.034375
0 0.740625 0.928125 0.031250 0.031250
0 0.192188 0.773438 0.034375 0.034375
0 0.778125 0.776563 0.031250 0.034375
0 0.031250 0.796875 0.031250 0.031250
0 0.950000 0.475000 0.031250 0.031250
0 0.520312 0.625000 0.034375 0.031250
0 0.865625 0.806250 0.031250 0.031250
0 0.915625 0.715625 0.031250 0.031250
0 0.206250 0.921875 0.031250 0.031250
0 0.278125 0.743750 0.031250 0.031250
0 0.418750 0.806250 0.031250 0.031250
0 0.209375 0.503125 0.031250 0.031250
0 0.468750 0.595313 0.031250 0.034375
0 0.193750 0.473438 0.031250 0.034375
0 0.675000 0.839063 0.031250 0.034375
0 0.350000 0.806250 0.031250 0.031250
0 0.625000 0.625000 0.031250 0.031250
0 0.642188 0.412500 0.034375 0.031250
0 0.053125 0.829688 0.031250 0.034375
0 0.503125 0.715625 0.031250 0.031250
0 0.846875 0.353125 0.031250 0.031250
0 0.068750 0.681250 0.031250 0.031250
0 0.121875 0.475000 0.031250 0.031250
0 0.434375 0.534375 0.031250 0.031250
0 0.331250 0.473438 0.031250 0.034375
0 0.728125 0.868750 0.031250 0.031250
0 0.173437 0.921875 0.028125 0.031250
0 0.140625 0.860938 0.031250 0.034375
0 0.418750 0.625000 0.031250 0.031250
0 0.121875 0.532813 0.031250 0.034375
0 0.365625 0.656250 0.031250 0.031250
0 0.243750 0.803125 0.031250 0.031250
0 0.743750 0.414062 0.031250 0.034375
0 0.725000 0.807813 0.031250 0.034375
0 0.278125 0.381250 0.031250 0.031250
0 0.050000 0.709375 0.031250 0.031250
0 0.659375 0.628125 0.031250 0.031250
0 0.068750 0.503125 0.031250 0.031250
0 0.503125 0.778125 0.031250 0.031250
0 0.521875 0.687500 0.031250 0.031250
0 0.225000 0.953125 0.031250 0.031250
0 0.259375 0.893750 0.031250 0.031250
0 0.865625 0.506250 0.031250 0.031250
0 0.657813 0.565625 0.034375 0.031250
0 0.846875 0.656250 0.031250 0.031250
0 0.503125 0.534375 0.031250 0.031250
0 0.709375 0.715625 0.031250 0.031250
0 0.453125 0.806250 0.031250 0.031250
0 0.846875 0.412500 0.031250 0.031250
0 0.659375 0.445312 0.031250 0.034375
0 0.778125 0.475000 0.031250 0.031250
0 0.118750 0.950000 0.031250 0.031250
0 0.157812 0.471875 0.034375 0.031250
0 0.796875 0.565625 0.031250 0.031250
0 0.293750 0.532813 0.031250 0.034375
0 0.140625 0.443750 0.031250 0.031250
0 0.710938 0.535937 0.034375 0.034375
0 0.209375 0.384375 0.031250 0.031250
0 0.896875 0.506250 0.031250 0.031250
0 0.896875 0.687500 0.031250 0.031250
0 0.521875 0.807813 0.031250 0.034375
0 0.725000 0.626563 0.031250 0.034375
0 0.706250 0.935937 0.031250 0.034375
0 0.556250 0.504687 0.031250 0.034375
0 0.415625 0.865625 0.031250 0.031250
0 0.745313 0.537500 0.034375 0.031250
0 0.710938 0.596875 0.034375 0.031250
0 0.678125 0.476562 0.031250 0.034375
0 0.537500 0.778125 0.031250 0.031250
0 0.537500 0.534375 0.031250 0.031250
0 0.796875 0.687500 0.031250 0.031250
0 0.331250 0.595313 0.031250 0.034375
0 0.350000 0.381250 0.031250 0.031250
0 0.640625 0.534375 0.031250 0.031250
0 0.881250 0.353125 0.031250 0.031250
0 0.312500 0.865625 0.031250 0.031250
0 0.693750 0.565625 0.031250 0.031250
0 0.693750 0.625000 0.031250 0.031250
0 0.606250 0.412500 0.031250 0.031250
0 0.312500 0.803125 0.031250 0.031250
0 0.896875 0.443750 0.031250 0.031250
0 0.537500 0.596875 0.031250 0.031250
0 0.364063 0.895312 0.034375 0.034375
0 0.589063 0.506250 0.028125 0.031250
0 0.914062 0.656250 0.034375 0.031250
0 0.190625 0.831250 0.031250 0.031250
0 0.793750 0.870313 0.031250 0.034375
0 0.606250 0.656250 0.031250 0.031250
0 0.262500 0.593750 0.031250 0.031250
0 0.400000 0.837500 0.031250 0.031250
0 0.948438 0.596875 0.034375 0.031250
0 0.898438 0.565625 0.034375 0.031250
0 0.656250 0.687500 0.031250 0.031250
0 0.312500 0.443750 0.031250 0.031250
0 0.625000 0.504687 0.031250 0.034375
0 0.225000 0.834375 0.031250 0.031250
0 0.450000 0.562500 0.031250 0.031250
0 0.931250 0.504687 0.031250 0.034375
0 0.153125 0.950000 0.031250 0.031250
0 0.881250 0.656250 0.031250 0.031250
0 0.364063 0.473438 0.034375 0.034375
0 0.828125 0.809375 0.031250 0.031250
0 0.487500 0.443750 0.031250 0.031250
0 0.693750 0.807813 0.031250 0.034375
0 0.262500 0.412500 0.031250 0.031250
0 0.367188 0.534375 0.034375 0.031250
0 0.418750 0.684375 0.031250 0.031250
0 0.625000 0.809375 0.031250 0.031250
0 0.571875 0.776563 0.031250 0.034375
0 0.778125 0.537500 0.031250 0.031250
0 0.293750 0.893750 0.031250 0.031250
0 0.537500 0.475000 0.031250 0.031250
0 0.104688 0.503125 0.034375 0.031250
0 0.106250 0.918750 0.031250 0.031250
0 0.381250 0.684375 0.031250 0.031250
0 0.328125 0.532813 0.031250 0.034375
0 0.084375 0.475000 0.031250 0.031250
0 0.621875 0.865625 0.031250 0.031250
0 0.053125 0.946875 0.031250 0.031250
0 0.675000 0.353125 0.031250 0.031250
0 0.675000 0.535937 0.031250 0.034375
0 0.725000 0.745313 0.031250 0.034375
0 0.970313 0.926562 0.034375 0.034375
0 0.243750 0.743750 0.031250 0.031250
0 0.965625 0.506250 0.031250 0.031250
0 0.365625 0.837500 0.031250 0.031250
0 0.812500 0.473438 0.031250 0.034375
0 0.343750 0.928125 0.031250 0.031250
0 0.537500 0.412500 0.031250 0.031250
0 0.400000 0.473438 0.031250 0.034375
0 0.278125 0.803125 0.031250 0.031250
0 0.401562 0.353125 0.028125 0.031250
0 0.468750 0.837500 0.031250 0.031250
0 0.450000 0.865625 0.031250 0.031250
0 0.140625 0.503125 0.031250 0.031250
0 0.050000 0.590625 0.031250 0.031250
0 0.521875 0.746875 0.031250 0.031250
0 0.950000 0.412500 0.031250 0.031250
0 0.171875 0.803125 0.031250 0.031250
0 0.762500 0.626563 0.031250 0.034375
0 0.659375 0.807813 0.031250 0.034375
0 0.400000 0.776563 0.031250 0.028125
0 0.606250 0.475000 0.031250 0.031250
0 0.468750 0.718750 0.031250 0.031250
0 0.084375 0.948438 0.031250 0.034375
0 0.915625 0.778125 0.031250 0.031250
0 0.537500 0.353125 0.031250 0.031250
0 0.675000 0.778125 0.031250 0.031250
0 0.760938 0.687500 0.034375 0.031250
0 0.778125 0.656250 0.031250 0.031250
0 0.709375 0.656250 0.031250 0.031250
0 0.642188 0.595313 0.034375 0.034375
0 0.190625 0.892188 0.031250 0.034375
0 0.171875 0.859375 0.031250 0.031250
0 0.948438 0.656250 0.034375 0.031250
0 0.434375 0.656250 0.031250 0.031250
0 0.762500 0.950000 0.031250 0.031250
0 0.365625 0.412500 0.031250 0.031250
0 0.743750 0.596875 0.031250 0.031250
0 0.175000 0.503125 0.031250 0.031250
0 0.384375 0.381250 0.031250 0.031250
0 0.228125 0.353125 0.031250 0.031250
0 0.209375 0.443750 0.031250 0.031250
0 0.084375 0.650000 0.031250 0.031250
0 0.087500 0.887500 0.031250 0.031250
0 0.640625 0.656250 0.031250 0.031250
0 0.278125 0.682813 0.031250 0.034375
0 0.521875 0.321875 0.031250 0.031250
0 0.037500 0.917188 0.031250 0.034375
0 0.693750 0.321875 0.031250 0.031250
0 0.034375 0.445312 0.031250 0.034375
0 0.120313 0.415625 0.034375 0.031250
0 0.328125 0.834375 0.031250 0.031250
0 0.934375 0.868750 0.031250 0.031250
0 0.521875 0.506250 0.031250 0.031250
0 0.743750 0.776563 0.031250 0.034375
0 0.050000 0.768750 0.031250 0.031250
0 0.503125 0.957812 0.031250 0.034375
0 0.084375 0.532813 0.031250 0.034375
0 0.485938 0.625000 0.028125 0.031250
0 0.346875 0.564063 0.031250 0.034375
0 0.453125 0.684375 0.031250 0.031250
0 0.381250 0.564063 0.031250 0.034375
0 0.726562 0.565625 0.034375 0.031250
0 0.553125 0.868750 0.031250 0.031250
0 0.865625 0.925000 0.031250 0.031250
0 0.709375 0.412500 0.031250 0.031250
0 0.065625 0.620313 0.031250 0.034375
0 0.396875 0.896875 0.031250 0.031250
0 0.934375 0.384375 0.031250 0.031250
0 0.403125 0.656250 0.031250 0.031250
0 0.156250 0.709375 0.031250 0.031250
0 0.693750 0.443750 0.031250 0.031250
0 0.796875 0.443750 0.031250 0.031250
0 0.965625 0.568750 0.031250 0.031250
0 0.381250 0.625000 0.031250 0.031250
0 0.384375 0.443750 0.031250 0.031250
0 0.382812 0.503125 0.034375 0.031250
0 0.506250 0.476562 0.031250 0.034375
0 0.640625 0.353125 0.031250 0.031250
0 0.121875 0.709375 0.031250 0.031250
0 0.762500 0.865625 0.031250 0.031250
0 0.625000 0.565625 0.031250 0.031250
0 0.796875 0.940625 0.031250 0.031250
0 0.589063 0.746875 0.034375 0.031250
0 0.743750 0.656250 0.031250 0.031250
0 0.034375 0.384375 0.031250 0.031250
0 0.606250 0.778125 0.031250 0.031250
0 0.571875 0.715625 0.031250 0.031250
0 0.606250 0.534375 0.031250 0.031250
0 0.453125 0.625000 0.031250 0.031250
0 0.809375 0.901563 0.031250 0.034375
0 0.400000 0.534375 0.031250 0.031250
0 0.296875 0.353125 0.031250 0.031250
0 0.500000 0.896875 0.031250 0.031250
0 0.862500 0.865625 0.031250 0.031250
0 0.314063 0.384375 0.034375 0.031250
0 0.829688 0.445312 0.034375 0.034375
0 0.417187 0.564063 0.034375 0.034375
0 0.281250 0.443750 0.031250 0.031250
0 0.084375 0.709375 0.031250 0.031250
0 0.296875 0.835938 0.031250 0.034375
0 0.556250 0.687500 0.031250 0.031250
0 0.418750 0.745313 0.031250 0.034375
0 0.934375 0.746875 0.031250 0.031250
0 0.103125 0.562500 0.031250 0.031250
0 0.812500 0.353125 0.031250 0.031250
0 0.418750 0.445312 0.031250 0.034375
0 0.106250 0.740625 0.031250 0.031250
0 0.351562 0.321875 0.034375 0.031250
0 0.484375 0.806250 0.031250 0.031250
0 0.156250 0.771875 0.031250 0.031250
0 0.518750 0.868750 0.031250 0.031250
0 0.193750 0.353125 0.031250 0.031250
0 0.453125 0.503125 0.031250 0.031250
0 0.725000 0.384375 0.031250 0.031250
0 0.225000 0.653125 0.031250 0.031250
0 0.362500 0.956250 0.031250 0.031250
0 0.259375 0.956250 0.031250 0.031250
0 0.434375 0.837500 0.031250 0.031250
0 0.156250 0.412500 0.031250 0.031250
0 0.400000 0.715625 0.031250 0.031250
0 0.346875 0.503125 0.031250 0.031250
0 0.031250 0.740625 0.031250 0.031250
0 0.537500 0.896875 0.031250 0.031250
0 0.418750 0.384375 0.031250 0.031250
0 0.225000 0.531250 0.031250 0.031250
0 0.243750 0.564063 0.031250 0.034375
0 0.329688 0.775000 0.028125 0.031250
0 0.468750 0.534375 0.031250 0.031250
0 0.485938 0.687500 0.034375 0.031250
0 0.896875 0.321875 0.031250 0.031250
0 0.053125 0.415625 0.031250 0.031250
0 0.209375 0.562500 0.031250 0.031250
0 0.587500 0.626563 0.031250 0.034375
0 0.403125 0.412500 0.031250 0.031250
0 0.334375 0.353125 0.031250 0.031250
0 0.640625 0.715625 0.031250 0.031250
0 0.862500 0.443750 0.031250 0.031250
0 0.506250 0.412500 0.031250 0.031250
0 0.431250 0.959375 0.031250 0.031250
0 0.640625 0.475000 0.031250 0.031250
0 0.365625 0.595313 0.031250 0.034375
0 0.156250 0.831250 0.031250 0.031250
0 0.262500 0.532813 0.031250 0.034375
0 0.778125 0.353125 0.031250 0.031250
0 0.278125 0.865625 0.031250 0.031250
0 0.346875 0.443750 0.031250 0.031250
0 0.121875 0.354687 0.031250 0.034375
0 0.225000 0.593750 0.031250 0.031250
0 0.831250 0.381250 0.031250 0.031250
0 0.487500 0.506250 0.031250 0.031250
0 0.068750 0.800000 0.031250 0.031250
0 0.384375 0.746875 0.031250 0.031250
0 0.746875 0.896875 0.031250 0.031250
0 0.592187 0.904687 0.034375 0.034375
0 0.050000 0.475000 0.031250 0.031250
0 0.228125 0.412500 0.031250 0.031250
0 0.789062 0.973437 0.034375 0.034375
0 0.846875 0.837500 0.031250 0.031250
0 0.262500 0.771875 0.031250 0.031250
0 0.293750 0.953125 0.031250 0.031250
0 0.762500 0.506250 0.031250 0.031250
0 0.484375 0.868750 0.031250 0.031250
0 0.821875 0.964063 0.031250 0.034375
0 0.728125 0.687500 0.031250 0.031250
0 0.589063 0.381250 0.034375 0.031250
0 0.912500 0.412500 0.031250 0.031250
0 0.606250 0.837500 0.031250 0.031250
0 0.031250 0.621875 0.031250 0.031250
0 0.312500 0.746875 0.031250 0.031250
0 0.571875 0.656250 0.031250 0.031250
0 0.400000 0.593750 0.031250 0.031250
0 0.950000 0.354687 0.031250 0.028125
0 0.846875 0.290625 0.031250 0.031250
0 0.281250 0.564063 0.031250 0.034375
0 0.453125 0.443750 0.031250 0.031250
0 0.296875 0.715625 0.031250 0.031250
0 0.278125 0.503125 0.031250 0.031250
0 0.246875 0.443750 0.031250 0.031250
0 0.659375 0.384375 0.031250 0.031250
0 0.467187 0.960938 0.034375 0.034375
0 0.762500 0.321875 0.031250 0.031250
0 0.087500 0.829688 0.031250 0.034375
0 0.437500 0.412500 0.031250 0.031250
0 0.621875 0.443750 0.031250 0.031250
0 0.350000 0.746875 0.031250 0.031250
0 0.965625 0.384375 0.031250 0.031250
0 0.625000 0.384375 0.031250 0.031250
0 0.642188 0.956250 0.034375 0.031250
0 0.346875 0.625000 0.031250 0.031250
0 0.084375 0.412500 0.031250 0.031250
0 0.968750 0.745313 0.031250 0.034375
0 0.434375 0.595313 0.031250 0.034375
0 0.728125 0.321875 0.031250 0.031250
0 0.693750 0.384375 0.031250 0.031250
0 0.856250 0.956250 0.031250 0.031250
0 0.296875 0.475000 0.031250 0.031250
0 0.171875 0.740625 0.031250 0.031250
0 0.468750 0.412500 0.031250 0.031250
0 0.278125 0.625000 0.031250 0.031250
0 0.453125 0.381250 0.031250 0.031250
0 0.240625 0.862500 0.031250 0.031250
0 0.812500 0.412500 0.031250 0.031250
0 0.968750 0.687500 0.031250 0.031250
0 0.709375 0.475000 0.031250 0.031250
0 0.032813 0.562500 0.028125 0.031250
0 0.573438 0.412500 0.034375 0.031250
0 0.881250 0.534375 0.031250 0.031250
0 0.312500 0.503125 0.031250 0.031250
0 0.556250 0.381250 0.031250 0.031250
0 0.678125 0.412500 0.031250 0.031250
0 0.281250 0.323437 0.031250 0.034375
0 0.296875 0.593750 0.031250 0.031250
0 0.209375 0.621875 0.031250 0.031250
0 0.245312 0.323437 0.034375 0.034375
0 0.584375 0.943750 0.031250 0.031250
0 0.881250 0.776563 0.031250 0.028125
0 0.931250 0.565625 0.031250 0.031250
0 0.625000 0.321875 0.031250 0.031250
0 0.053125 0.887500 0.031250 0.031250
0 0.312500 0.625000 0.031250 0.031250
0 0.365625 0.353125 0.031250 0.031250
0 0.396875 0.956250 0.031250 0.031250
0 0.031250 0.503125 0.031250 0.031250
0 0.693750 0.506250 0.031250 0.031250
0 0.506250 0.353125 0.031250 0.031250
0 0.031250 0.681250 0.031250 0.031250
0 0.521875 0.384375 0.031250 0.031250
0 0.434375 0.475000 0.031250 0.031250
0 0.571875 0.534375 0.031250 0.031250
0 0.562500 0.917188 0.031250 0.034375
0 0.556250 0.443750 0.031250 0.031250
0 0.417187 0.506250 0.034375 0.031250
0 0.812500 0.837500 0.031250 0.031250
0 0.331250 0.412500 0.031250 0.031250
0 0.850000 0.475000 0.031250 0.031250
0 0.471875 0.290625 0.031250 0.031250
0 0.084375 0.768750 0.031250 0.031250
0 0.726562 0.504687 0.034375 0.034375
0 0.487500 0.384375 0.031250 0.031250
0 0.175000 0.443750 0.031250 0.031250
0 0.087500 0.356250 0.031250 0.031250
0 0.793750 0.321875 0.031250 0.031250
0 0.387500 0.321875 0.031250 0.031250
0 0.262500 0.715625 0.031250 0.031250
0 0.260937 0.653125 0.034375 0.031250
0 0.964063 0.323437 0.034375 0.034375
0 0.882812 0.290625 0.034375 0.031250
0 0.346875 0.865625 0.031250 0.031250
0 0.710938 0.290625 0.034375 0.031250
0 0.137500 0.679688 0.031250 0.034375
0 0.225000 0.471875 0.031250 0.031250
0 0.656250 0.321875 0.031250 0.031250
0 0.915625 0.593750 0.031250 0.031250
0 0.673438 0.946875 0.034375 0.031250
0 0.262500 0.353125 0.031250 0.031250
0 0.650000 0.921875 0.031250 0.031250
0 0.050000 0.354687 0.031250 0.034375
0 0.709375 0.353125 0.031250 0.031250
0 0.743750 0.473438 0.031250 0.034375
0 0.243750 0.621875 0.031250 0.031250
0 0.965625 0.626563 0.031250 0.028125
0 0.106250 0.384375 0.031250 0.031250
0 0.067187 0.326562 0.034375 0.034375
0 0.106250 0.859375 0.031250 0.031250
0 0.104688 0.443750 0.034375 0.031250
0 0.626563 0.900000 0.034375 0.031250
0 0.050000 0.651563 0.031250 0.028125
0 0.103125 0.326562 0.031250 0.034375
0 0.915625 0.896875 0.031250 0.031250
0 0.418750 0.323437 0.031250 0.034375
0 0.434375 0.353125 0.031250 0.031250
0 0.207813 0.323437 0.034375 0.034375
0 0.156250 0.356250 0.031250 0.031250
0 0.615625 0.934375 0.031250 0.031250
0 0.434375 0.778125 0.031250 0.031250
0 0.246875 0.684375 0.031250 0.031250
0 0.137500 0.562500 0.031250 0.031250
0 0.487500 0.321875 0.031250 0.031250
0 0.329688 0.715625 0.028125 0.031250
0 0.760938 0.384375 0.028125 0.031250
0 0.571875 0.593750 0.031250 0.031250
0 0.575000 0.975000 0.031250 0.031250
0 0.556250 0.321875 0.031250 0.031250
0 0.301563 0.290625 0.034375 0.031250
0 0.468750 0.473438 0.031250 0.034375
0 0.243750 0.503125 0.031250 0.031250
0 0.931250 0.925000 0.031250 0.031250
0 0.103125 0.681250 0.031250 0.031250
0 0.192188 0.651563 0.034375 0.034375
0 0.743750 0.715625 0.031250 0.031250
0 0.328125 0.653125 0.031250 0.031250
0 0.053125 0.531250 0.031250 0.031250
0 0.556250 0.625000 0.031250 0.031250
0 0.759375 0.446875 0.031250 0.031250
0 0.435937 0.289062 0.034375 0.034375
0 0.865625 0.321875 0.031250 0.031250
0 0.312500 0.562500 0.031250 0.031250
0 0.865625 0.384375 0.031250 0.031250
0 0.175000 0.681250 0.031250 0.031250
0 0.829688 0.321875 0.034375 0.031250
0 0.965625 0.806250 0.031250 0.031250
0 0.120313 0.593750 0.034375 0.031250
0 0.556250 0.565625 0.031250 0.031250
0 0.642188 0.290625 0.034375 0.031250
0 0.315625 0.682813 0.031250 0.034375
0 0.315625 0.323437 0.031250 0.034375
0 0.121875 0.829688 0.031250 0.034375
0 0.103125 0.620313 0.031250 0.034375
0 0.725000 0.443750 0.031250 0.031250
0 0.745313 0.290625 0.034375 0.031250
0 0.470313 0.353125 0.034375 0.031250
0 0.731250 0.962500 0.031250 0.031250
0 0.606250 0.353125 0.031250 0.031250
0 0.900000 0.923438 0.031250 0.034375
0 0.504687 0.290625 0.034375 0.031250
0 0.175000 0.323437 0.031250 0.034375
0 0.609375 0.968750 0.031250 0.031250
0 0.814063 0.290625 0.034375 0.031250
0 0.540625 0.290625 0.031250 0.031250
0 0.698438 0.970313 0.034375 0.034375
0 0.675000 0.290625 0.031250 0.031250
0 0.139063 0.645312 0.034375 0.034375
0 0.573438 0.350000 0.028125 0.031250
0 0.401562 0.289062 0.034375 0.034375
0 0.934375 0.325000 0.031250 0.031250
0 0.267188 0.290625 0.034375 0.031250
0 0.453125 0.321875 0.031250 0.031250
0 0.235937 0.290625 0.034375 0.031250
0 0.100000 0.978125 0.031250 0.031250
0 0.140625 0.323437 0.031250 0.034375
0 0.209375 0.743750 0.031250 0.031250
0 0.590625 0.321875 0.031250 0.031250
0 0.201563 0.289062 0.034375 0.034375
0 0.018750 0.885938 0.031250 0.034375
0 0.900000 0.956250 0.031250 0.031250
0 0.018750 0.946875 0.031250 0.031250
0 0.017188 0.828125 0.028125 0.031250
0 0.573438 0.292187 0.034375 0.034375
0 0.034375 0.976562 0.031250 0.034375
0 0.946875 0.957812 0.031250 0.034375
0 0.609375 0.292187 0.031250 0.034375
0 0.103125 0.290625 0.031250 0.031250
0 0.170313 0.290625 0.034375 0.037500
0 0.917188 0.292187 0.034375 0.034375
0 0.018750 0.532813 0.031250 0.034375
0 0.032813 0.326562 0.034375 0.034375
0 0.778125 0.290625 0.031250 0.031250
0 0.175000 0.621875 0.031250 0.031250
0 0.368750 0.290625 0.031250 0.031250
0 0.896875 0.381250 0.031250 0.031250
0 0.335938 0.290625 0.034375 0.031250
0 0.362500 0.715625 0.031250 0.031250
0 0.039062 0.290625 0.034375 0.037500
0 0.350000 0.687500 0.031250 0.031250
0 0.979688 0.537500 0.028125 0.031250
0 0.878125 0.978125 0.031250 0.031250
0 0.015625 0.650000 0.031250 0.031250
0 0.017188 0.475000 0.028125 0.031250
0 0.015625 0.712500 0.031250 0.031250
0 0.881250 0.412500 0.031250 0.031250
0 0.665625 0.978125 0.031250 0.031250
0 0.071875 0.290625 0.031250 0.031250
0 0.018750 0.412500 0.031250 0.031250
0 0.017188 0.356250 0.028125 0.031250
