0 0.789062 0.868750 0.034375 0.031250
0 0.257812 0.431250 0.034375 0.031250
0 0.912500 0.178125 0.031250 0.031250
0 0.856250 0.178125 0.031250 0.031250
0 0.943750 0.196875 0.031250 0.031250
0 0.285938 0.410938 0.034375 0.034375
0 0.339062 0.850000 0.028125 0.031250
0 0.895312 0.901563 0.028125 0.028125
0 0.971875 0.282813 0.031250 0.028125
0 0.950000 0.871875 0.031250 0.031250
0 0.854688 0.142187 0.034375 0.034375
0 0.970313 0.100000 0.034375 0.031250
0 0.225000 0.765625 0.031250 0.031250
0 0.256250 0.785937 0.031250 0.034375
0 0.943750 0.300000 0.031250 0.031250
0 0.853125 0.065625 0.031250 0.031250
0 0.312500 0.825000 0.031250 0.031250
0 0.912500 0.281250 0.031250 0.031250
0 0.975000 0.212500 0.031250 0.031250
0 0.851562 0.837500 0.034375 0.031250
0 0.196875 0.784375 0.031250 0.031250
0 0.371875 0.798438 0.031250 0.028125
0 0.340625 0.812500 0.031250 0.031250
0 0.196875 0.750000 0.031250 0.031250
0 0.225000 0.906250 0.031250 0.031250
0 0.912500 0.212500 0.031250 0.031250
0 0.868750 0.098437 0.031250 0.034375
0 0.850000 0.800000 0.031250 0.031250
0 0.225000 0.940625 0.031250 0.031250
0 0.370312 0.834375 0.028125 0.031250
0 0.196875 0.959375 0.031250 0.031250
0 0.462500 0.787500 0.031250 0.031250
0 0.254688 0.890625 0.034375 0.031250
0 0.196875 0.534375 0.031250 0.031250
0 0.917188 0.139063 0.034375 0.034375
0 0.971875 0.246875 0.031250 0.031250
0 0.943750 0.231250 0.031250 0.031250
0 0.887500 0.159375 0.031250 0.031250
0 0.912500 0.246875 0.031250 0.031250
0 0.434375 0.734375 0.031250 0.031250
0 0.196875 0.500000 0.031250 0.031250
0 0.914062 0.931250 0.028125 0.031250
0 0.550000 0.975000 0.031250 0.031250
0 0.932813 0.901563 0.028125 0.028125
0 0.256250 0.751563 0.031250 0.028125
0 0.915625 0.871875 0.031250 0.031250
0 0.918750 0.068750 0.031250 0.031250
0 0.931250 0.960938 0.031250 0.034375
0 0.403125 0.784375 0.031250 0.031250
0 0.879687 0.931250 0.028125 0.031250
0 0.432812 0.768750 0.028125 0.031250
0 0.165625 0.940625 0.031250 0.031250
0 0.821875 0.818750 0.031250 0.031250
0 0.732812 0.937500 0.028125 0.031250
0 0.903125 0.096875 0.031250 0.031250
0 0.287500 0.771875 0.031250 0.031250
0 0.943750 0.262500 0.031250 0.031250
0 0.196875 0.925000 0.031250 0.031250
0 0.425000 0.062500 0.031250 0.031250
0 0.228125 0.481250 0.031250 0.031250
0 0.948438 0.931250 0.034375 0.031250
0 0.512500 0.046875 0.031250 0.031250
0 0.306250 0.865625 0.031250 0.031250
0 0.885938 0.126562 0.034375 0.034375
0 0.225000 0.975000 0.031250 0.031250
0 0.396875 0.853125 0.031250 0.031250
0 0.823438 0.126562 0.034375 0.034375
0 0.464062 0.718750 0.028125 0.031250
0 0.931250 0.843750 0.031250 0.031250
0 0.664062 0.032813 0.034375 0.034375
0 0.818750 0.885938 0.031250 0.034375
0 0.464062 0.615625 0.028125 0.031250
0 0.573438 0.048438 0.028125 0.028125
0 0.401562 0.817187 0.028125 0.028125
0 0.284375 0.515625 0.031250 0.031250
0 0.225000 0.517188 0.031250 0.034375
0 0.256250 0.500000 0.031250 0.031250
0 0.884375 0.228125 0.031250 0.031250
0 0.542188 0.064062 0.028125 0.028125
0 0.196875 0.220312 0.031250 0.028125
0 0.953125 0.128125 0.031250 0.031250
0 0.954688 0.067187 0.034375 0.034375
0 0.464062 0.682813 0.028125 0.028125
0 0.289062 0.895312 0.034375 0.034375
0 0.431250 0.804688 0.031250 0.028125
0 0.965625 0.903125 0.031250 0.031250
0 0.818750 0.065625 0.031250 0.031250
0 0.668750 0.937500 0.031250 0.031250
0 0.934375 0.096875 0.031250 0.031250
0 0.818750 0.784375 0.031250 0.031250
0 0.432812 0.598437 0.028125 0.028125
0 0.821875 0.750000 0.031250 0.031250
0 0.760938 0.848437 0.028125 0.028125
0 0.464062 0.751563 0.028125 0.028125
0 0.198437 0.609375 0.034375 0.031250
0 0.729688 0.868750 0.028125 0.031250
0 0.493750 0.734375 0.031250 0.031250
0 0.550000 0.940625 0.031250 0.031250
0 0.609375 0.971875 0.031250 0.031250
0 0.578125 0.956250 0.031250 0.031250
0 0.834375 0.037500 0.031250 0.031250
0 0.256250 0.923438 0.031250 0.034375
0 0.314063 0.465625 0.028125 0.031250
0 0.484375 0.064062 0.031250 0.034375
0 0.790625 0.731250 0.031250 0.031250
0 0.887500 0.065625 0.031250 0.031250
0 0.550000 0.906250 0.031250 0.031250
0 0.818750 0.850000 0.031250 0.031250
0 0.454688 0.046875 0.034375 0.031250
0 0.228125 0.731250 0.031250 0.031250
0 0.770312 0.110937 0.034375 0.034375
0 0.256250 0.534375 0.031250 0.031250
0 0.376563 0.432812 0.034375 0.034375
0 0.631250 0.046875 0.031250 0.031250
0 0.759375 0.885938 0.031250 0.028125
0 0.854688 0.212500 0.028125 0.031250
0 0.200000 0.465625 0.031250 0.031250
0 0.193750 0.890625 0.031250 0.031250
0 0.896875 0.962500 0.031250 0.031250
0 0.343750 0.484375 0.031250 0.031250
0 0.292187 0.343750 0.034375 0.031250
0 0.573438 0.081250 0.028125 0.031250
0 0.760938 0.610938 0.028125 0.028125
0 0.782813 0.070312 0.034375 0.034375
0 0.225000 0.803125 0.031250 0.031250
0 0.256250 0.856250 0.031250 0.031250
0 0.882812 0.643750 0.034375 0.031250
0 0.375000 0.765625 0.031250 0.031250
0 0.285938 0.929688 0.034375 0.034375
0 0.284375 0.484375 0.031250 0.031250
0 0.603125 0.065625 0.031250 0.031250
0 0.729688 0.903125 0.028125 0.031250
0 0.493750 0.768750 0.031250 0.031250
0 0.340625 0.078125 0.031250 0.031250
0 0.512500 0.081250 0.031250 0.031250
0 0.284375 0.806250 0.031250 0.031250
0 0.862500 0.903125 0.031250 0.031250
0 0.521875 0.751563 0.031250 0.028125
0 0.282813 0.840625 0.028125 0.031250
0 0.640625 0.953125 0.031250 0.031250
0 0.168750 0.515625 0.031250 0.031250
0 0.825000 0.159375 0.031250 0.031250
0 0.945312 0.160938 0.034375 0.034375
0 0.837500 0.095312 0.031250 0.034375
0 0.193750 0.568750 0.031250 0.031250
0 0.314063 0.500000 0.028125 0.031250
0 0.867188 0.034375 0.034375 0.031250
0 0.484375 0.028125 0.031250 0.031250
0 0.196875 0.428125 0.031250 0.031250
0 0.850000 0.556250 0.031250 0.031250
0 0.581250 0.923438 0.031250 0.028125
0 0.818750 0.578125 0.031250 0.031250
0 0.798438 0.039062 0.034375 0.034375
0 0.493750 0.629687 0.031250 0.028125
0 0.428125 0.837500 0.031250 0.031250
0 0.792188 0.832812 0.028125 0.028125
0 0.167187 0.625000 0.034375 0.031250
0 0.200000 0.715625 0.031250 0.031250
0 0.790625 0.593750 0.031250 0.031250
0 0.693750 0.050000 0.031250 0.031250
0 0.165625 0.732812 0.031250 0.034375
0 0.603125 0.031250 0.031250 0.031250
0 0.167187 0.481250 0.034375 0.031250
0 0.937500 0.037500 0.031250 0.031250
0 0.165625 0.906250 0.031250 0.031250
0 0.896875 0.843750 0.031250 0.031250
0 0.754687 0.045312 0.034375 0.034375
0 0.518750 0.925000 0.031250 0.031250
0 0.731250 0.835938 0.031250 0.028125
0 0.759375 0.918750 0.031250 0.031250
0 0.225000 0.553125 0.031250 0.031250
0 0.165625 0.767188 0.031250 0.034375
0 0.165625 0.551562 0.031250 0.034375
0 0.315625 0.532813 0.031250 0.028125
0 0.850000 0.870313 0.031250 0.034375
0 0.464062 0.650000 0.028125 0.031250
0 0.662500 0.068750 0.031250 0.031250
0 0.975000 0.178125 0.031250 0.031250
0 0.167187 0.237500 0.034375 0.031250
0 0.884375 0.681250 0.031250 0.031250
0 0.428125 0.870313 0.031250 0.034375
0 0.965625 0.843750 0.031250 0.031250
0 0.578125 0.887500 0.031250 0.031250
0 0.456250 0.081250 0.031250 0.031250
0 0.312500 0.028125 0.031250 0.031250
0 0.731250 0.593750 0.031250 0.031250
0 0.975000 0.037500 0.031250 0.031250
0 0.518750 0.956250 0.031250 0.031250
0 0.434375 0.700000 0.031250 0.031250
0 0.721875 0.068750 0.031250 0.031250
0 0.365625 0.865625 0.031250 0.031250
0 0.434375 0.632812 0.031250 0.028125
0 0.484375 0.100000 0.031250 0.031250
0 0.821875 0.715625 0.031250 0.031250
0 0.698438 0.921875 0.028125 0.031250
0 0.943750 0.334375 0.031250 0.031250
0 0.312500 0.062500 0.031250 0.031250
0 0.228125 0.450000 0.031250 0.031250
0 0.881250 0.870313 0.031250 0.034375
0 0.334375 0.881250 0.031250 0.031250
0 0.731250 0.731250 0.031250 0.031250
0 0.914062 0.315625 0.028125 0.031250
0 0.167187 0.448437 0.034375 0.034375
0 0.543750 0.031250 0.031250 0.031250
0 0.493750 0.698438 0.031250 0.028125
0 0.368750 0.062500 0.031250 0.031250
0 0.790625 0.559375 0.031250 0.031250
0 0.395313 0.042188 0.034375 0.034375
0 0.760938 0.817187 0.028125 0.028125
0 0.610938 0.937500 0.028125 0.031250
0 0.792188 0.696875 0.034375 0.031250
0 0.256250 0.821875 0.031250 0.031250
0 0.289062 0.735938 0.034375 0.034375
0 0.167187 0.800000 0.034375 0.031250
0 0.317188 0.910937 0.034375 0.034375
0 0.884375 0.193750 0.031250 0.031250
0 0.284375 0.046875 0.031250 0.031250
0 0.850000 0.765625 0.031250 0.031250
0 0.315625 0.756250 0.031250 0.031250
0 0.881250 0.575000 0.031250 0.031250
0 0.259375 0.360938 0.031250 0.028125
0 0.403125 0.615625 0.031250 0.031250
0 0.318750 0.396875 0.031250 0.031250
0 0.760938 0.578125 0.028125 0.031250
0 0.903125 0.037500 0.031250 0.031250
0 0.314063 0.790625 0.028125 0.031250
0 0.628125 0.189062 0.031250 0.028125
0 0.228125 0.237500 0.031250 0.031250
0 0.787500 0.803125 0.031250 0.031250
0 0.853125 0.696875 0.031250 0.031250
0 0.723437 0.034375 0.034375 0.031250
0 0.971875 0.351562 0.031250 0.034375
0 0.254688 0.956250 0.034375 0.031250
0 0.581250 0.612500 0.031250 0.031250
0 0.196875 0.643750 0.031250 0.031250
0 0.850000 0.731250 0.031250 0.031250
0 0.550000 0.871875 0.031250 0.031250
0 0.371875 0.500000 0.031250 0.031250
0 0.968750 0.960938 0.031250 0.034375
0 0.435937 0.667188 0.028125 0.028125
0 0.581250 0.578125 0.031250 0.031250
0 0.640625 0.921875 0.031250 0.031250
0 0.287500 0.376563 0.031250 0.028125
0 0.543750 0.100000 0.031250 0.031250
0 0.803125 0.098437 0.031250 0.034375
0 0.367188 0.025000 0.034375 0.031250
0 0.340625 0.043750 0.031250 0.031250
0 0.459375 0.818750 0.031250 0.031250
0 0.343750 0.776563 0.031250 0.028125
0 0.971875 0.421875 0.031250 0.031250
0 0.256250 0.465625 0.031250 0.031250
0 0.345313 0.517188 0.028125 0.028125
0 0.848437 0.593750 0.028125 0.031250
0 0.167187 0.589063 0.034375 0.034375
0 0.425000 0.026562 0.031250 0.034375
0 0.915625 0.576562 0.037500 0.034375
0 0.612500 0.595313 0.031250 0.028125
0 0.167187 0.201563 0.034375 0.034375
0 0.825000 0.193750 0.031250 0.031250
0 0.668750 0.968750 0.031250 0.031250
0 0.601562 0.171875 0.034375 0.031250
0 0.760938 0.715625 0.028125 0.031250
0 0.321875 0.360938 0.031250 0.034375
0 0.881250 0.471875 0.031250 0.031250
0 0.493750 0.665625 0.031250 0.031250
0 0.406250 0.751563 0.031250 0.028125
0 0.196875 0.678125 0.031250 0.031250
0 0.293750 0.240625 0.031250 0.031250
0 0.700000 0.954688 0.031250 0.028125
0 0.610938 0.906250 0.034375 0.031250
0 0.167187 0.696875 0.034375 0.031250
0 0.521875 0.612500 0.031250 0.031250
0 0.315625 0.431250 0.031250 0.031250
0 0.971875 0.385937 0.031250 0.034375
0 0.881250 0.815625 0.031250 0.031250
0 0.850000 0.628125 0.031250 0.031250
0 0.403125 0.581250 0.031250 0.031250
0 0.600000 0.206250 0.031250 0.031250
0 0.196875 0.254688 0.031250 0.028125
0 0.884375 0.714063 0.031250 0.034375
0 0.396875 0.887500 0.031250 0.031250
0 0.759375 0.956250 0.031250 0.031250
0 0.454688 0.114062 0.028125 0.028125
0 0.862500 0.962500 0.031250 0.031250
0 0.168750 0.662500 0.031250 0.031250
0 0.282813 0.976562 0.034375 0.034375
0 0.760938 0.645312 0.028125 0.028125
0 0.168750 0.271875 0.031250 0.031250
0 0.853125 0.664062 0.031250 0.034375
0 0.521875 0.715625 0.031250 0.031250
0 0.915625 0.643750 0.031250 0.031250
0 0.553125 0.595313 0.031250 0.028125
0 0.632812 0.082812 0.034375 0.034375
0 0.260937 0.228125 0.034375 0.031250
0 0.321875 0.221875 0.031250 0.031250
0 0.259375 0.393750 0.031250 0.031250
0 0.790625 0.767188 0.031250 0.034375
0 0.785937 0.934375 0.028125 0.031250
0 0.254688 0.567187 0.034375 0.034375
0 0.910937 0.609375 0.034375 0.031250
0 0.853125 0.245312 0.031250 0.028125
0 0.287500 0.448437 0.031250 0.028125
0 0.223438 0.871875 0.034375 0.031250
0 0.343750 0.446875 0.031250 0.031250
0 0.818750 0.540625 0.031250 0.031250
0 0.228125 0.204687 0.031250 0.034375
0 0.631250 0.153125 0.031250 0.031250
0 0.228125 0.378125 0.031250 0.031250
0 0.818750 0.610938 0.031250 0.034375
0 0.284375 0.553125 0.031250 0.031250
0 0.881250 0.610938 0.031250 0.028125
0 0.879687 0.507812 0.028125 0.028125
0 0.729688 0.803125 0.034375 0.031250
0 0.975000 0.756250 0.031250 0.031250
0 0.850000 0.490625 0.031250 0.031250
0 0.493750 0.596875 0.031250 0.031250
0 0.490625 0.803125 0.031250 0.031250
0 0.932813 0.548438 0.034375 0.034375
0 0.792188 0.968750 0.034375 0.031250
0 0.948438 0.814063 0.034375 0.034375
0 0.846875 0.928125 0.031250 0.031250
0 0.462500 0.581250 0.031250 0.031250
0 0.964063 0.723437 0.034375 0.034375
0 0.760938 0.681250 0.028125 0.031250
0 0.375000 0.534375 0.031250 0.031250
0 0.167187 0.414062 0.034375 0.034375
0 0.226562 0.587500 0.034375 0.031250
0 0.253125 0.031250 0.031250 0.031250
0 0.881250 0.540625 0.031250 0.031250
0 0.431250 0.565625 0.031250 0.031250
0 0.489063 0.940625 0.034375 0.031250
0 0.971875 0.318750 0.031250 0.031250
0 0.492188 0.976562 0.034375 0.034375
0 0.290625 0.275000 0.031250 0.031250
0 0.731250 0.631250 0.031250 0.031250
0 0.942187 0.748437 0.034375 0.034375
0 0.553125 0.628125 0.031250 0.031250
0 0.200000 0.187500 0.031250 0.031250
0 0.581250 0.751563 0.031250 0.028125
0 0.321875 0.256250 0.031250 0.031250
0 0.164062 0.870313 0.034375 0.034375
0 0.789062 0.903125 0.028125 0.031250
0 0.343750 0.550000 0.031250 0.031250
0 0.356250 0.240625 0.031250 0.031250
0 0.196875 0.290625 0.031250 0.031250
0 0.312500 0.950000 0.031250 0.031250
0 0.257812 0.718750 0.034375 0.031250
0 0.700000 0.609375 0.031250 0.031250
0 0.642188 0.610938 0.028125 0.028125
0 0.553125 0.734375 0.031250 0.031250
0 0.292187 0.204687 0.034375 0.034375
0 0.518750 0.890625 0.031250 0.031250
0 0.950000 0.781250 0.031250 0.031250
0 0.826562 0.957812 0.034375 0.034375
0 0.881250 0.332813 0.031250 0.034375
0 0.228125 0.412500 0.031250 0.031250
0 0.790625 0.525000 0.031250 0.031250
0 0.825000 0.231250 0.031250 0.031250
0 0.728125 0.971875 0.031250 0.031250
0 0.346875 0.412500 0.031250 0.031250
0 0.731250 0.700000 0.031250 0.031250
0 0.750000 0.084375 0.031250 0.031250
0 0.510938 0.115625 0.028125 0.031250
0 0.700000 0.750000 0.031250 0.031250
0 0.850000 0.521875 0.031250 0.031250
0 0.167187 0.976562 0.034375 0.034375
0 0.429688 0.907813 0.034375 0.034375
0 0.912500 0.490625 0.031250 0.031250
0 0.909375 0.525000 0.031250 0.031250
0 0.700000 0.818750 0.031250 0.031250
0 0.690625 0.084375 0.031250 0.031250
0 0.396875 0.081250 0.031250 0.031250
0 0.818750 0.507812 0.031250 0.034375
0 0.345313 0.743750 0.034375 0.031250
0 0.914062 0.810937 0.034375 0.034375
0 0.571875 0.115625 0.031250 0.031250
0 0.940625 0.437500 0.031250 0.031250
0 0.731250 0.662500 0.031250 0.031250
0 0.353125 0.275000 0.031250 0.031250
0 0.612500 0.767188 0.031250 0.028125
0 0.387500 0.256250 0.031250 0.031250
0 0.167187 0.167187 0.034375 0.034375
0 0.917188 0.678125 0.034375 0.031250
0 0.793750 0.175000 0.031250 0.031250
0 0.167187 0.307812 0.034375 0.034375
0 0.375000 0.568750 0.031250 0.031250
0 0.337500 0.118750 0.031250 0.031250
0 0.690625 0.154688 0.031250 0.034375
0 0.700000 0.781250 0.031250 0.031250
0 0.293750 0.309375 0.031250 0.031250
0 0.971875 0.526563 0.037500 0.034375
0 0.960938 0.567187 0.034375 0.034375
0 0.568750 0.153125 0.031250 0.031250
0 0.253125 0.064062 0.031250 0.034375
0 0.912500 0.456250 0.031250 0.031250
0 0.364063 0.101562 0.034375 0.034375
0 0.612500 0.734375 0.031250 0.031250
0 0.221875 0.048438 0.031250 0.034375
0 0.481250 0.134375 0.031250 0.031250
0 0.550000 0.768750 0.031250 0.031250
0 0.815625 0.921875 0.031250 0.031250
0 0.671875 0.734375 0.031250 0.031250
0 0.323437 0.185938 0.034375 0.034375
0 0.703125 0.715625 0.031250 0.031250
0 0.329688 0.151562 0.034375 0.034375
0 0.850000 0.350000 0.031250 0.031250
0 0.165625 0.837500 0.031250 0.031250
0 0.965625 0.598437 0.031250 0.034375
0 0.609375 0.559375 0.031250 0.031250
0 0.167187 0.343750 0.034375 0.031250
0 0.573438 0.017188 0.034375 0.034375
0 0.228125 0.698438 0.031250 0.034375
0 0.401562 0.515625 0.028125 0.031250
0 0.351562 0.378125 0.034375 0.031250
0 0.584375 0.718750 0.031250 0.031250
0 0.945312 0.625000 0.034375 0.031250
0 0.790625 0.490625 0.031250 0.031250
0 0.196875 0.028125 0.031250 0.031250
0 0.567187 0.223438 0.034375 0.034375
