0 0.401562 0.082812 0.034375 0.034375
0 0.100000 0.381250 0.031250 0.031250
0 0.376563 0.609375 0.034375 0.031250
0 0.553125 0.346875 0.031250 0.031250
0 0.550000 0.718750 0.031250 0.031250
0 0.506250 0.490625 0.031250 0.031250
0 0.571875 0.260937 0.031250 0.028125
0 0.129688 0.203125 0.034375 0.031250
0 0.209375 0.671875 0.031250 0.031250
0 0.146875 0.115625 0.031250 0.031250
0 0.037500 0.615625 0.031250 0.031250
0 0.250000 0.171875 0.031250 0.031250
0 0.350000 0.053125 0.031250 0.031250
0 0.093750 0.085938 0.031250 0.034375
0 0.231250 0.084375 0.031250 0.031250
0 0.250000 0.114062 0.031250 0.034375
0 0.145313 0.056250 0.034375 0.031250
0 0.256250 0.525000 0.031250 0.031250
0 0.146875 0.234375 0.031250 0.031250
0 0.231250 0.203125 0.031250 0.031250
0 0.025000 0.087500 0.031250 0.031250
0 0.178125 0.790625 0.031250 0.031250
0 0.095312 0.143750 0.034375 0.031250
0 0.053125 0.528125 0.031250 0.031250
0 0.037500 0.559375 0.031250 0.031250
0 0.162500 0.084375 0.031250 0.031250
0 0.095312 0.204687 0.034375 0.034375
0 0.246875 0.053125 0.031250 0.031250
0 0.323437 0.525000 0.034375 0.031250
0 0.150000 0.353125 0.031250 0.031250
0 0.287500 0.350000 0.031250 0.031250
0 0.303125 0.318750 0.031250 0.031250
0 0.168750 0.500000 0.031250 0.031250
0 0.131250 0.262500 0.031250 0.031250
0 0.265625 0.084375 0.031250 0.031250
0 0.353125 0.290625 0.031250 0.031250
0 0.121875 0.528125 0.031250 0.031250
0 0.334375 0.084375 0.031250 0.031250
0 0.181250 0.171875 0.031250 0.031250
0 0.281250 0.171875 0.031250 0.031250
0 0.231250 0.143750 0.031250 0.031250
0 0.362500 0.804688 0.031250 0.028125
0 0.215625 0.115625 0.031250 0.031250
0 0.078125 0.293750 0.031250 0.031250
0 0.265625 0.143750 0.031250 0.031250
0 0.078125 0.175000 0.031250 0.031250
0 0.026562 0.146875 0.034375 0.031250
0 0.184375 0.412500 0.031250 0.031250
0 0.193750 0.760938 0.031250 0.028125
0 0.354687 0.350000 0.028125 0.031250
0 0.200000 0.321875 0.031250 0.031250
0 0.637500 0.318750 0.031250 0.031250
0 0.318750 0.173437 0.031250 0.034375
0 0.204687 0.440625 0.028125 0.031250
0 0.062500 0.262500 0.031250 0.031250
0 0.109375 0.787500 0.031250 0.031250
0 0.278125 0.725000 0.031250 0.031250
0 0.112500 0.234375 0.031250 0.031250
0 0.228125 0.759375 0.031250 0.031250
0 0.225000 0.584375 0.031250 0.031250
0 0.089063 0.590625 0.028125 0.031250
0 0.334375 0.318750 0.031250 0.031250
0 0.115625 0.292187 0.031250 0.034375
0 0.118750 0.470313 0.031250 0.028125
0 0.137500 0.559375 0.031250 0.031250
0 0.198437 0.262500 0.034375 0.031250
0 0.234375 0.321875 0.031250 0.031250
0 0.043750 0.114062 0.031250 0.034375
0 0.162500 0.025000 0.031250 0.031250
0 0.168750 0.321875 0.031250 0.031250
0 0.028125 0.262500 0.031250 0.031250
0 0.318750 0.290625 0.031250 0.031250
0 0.381250 0.721875 0.031250 0.031250
0 0.235937 0.381250 0.034375 0.031250
0 0.062500 0.204687 0.031250 0.034375
0 0.146875 0.173437 0.031250 0.034375
0 0.162500 0.143750 0.031250 0.031250
0 0.168750 0.437500 0.031250 0.031250
0 0.298438 0.025000 0.028125 0.031250
0 0.271875 0.381250 0.031250 0.031250
0 0.109375 0.731250 0.031250 0.031250
0 0.159375 0.703125 0.031250 0.031250
0 0.309375 0.609375 0.031250 0.031250
0 0.234375 0.262500 0.031250 0.031250
0 0.042188 0.056250 0.034375 0.031250
0 0.246875 0.790625 0.031250 0.031250
0 0.193750 0.703125 0.031250 0.031250
0 0.396875 0.693750 0.031250 0.031250
0 0.240625 0.556250 0.031250 0.031250
0 0.153125 0.412500 0.031250 0.031250
0 0.212500 0.790625 0.031250 0.031250
0 0.265625 0.025000 0.031250 0.031250
0 0.450000 0.053125 0.031250 0.031250
0 0.284375 0.231250 0.031250 0.031250
0 0.303125 0.203125 0.031250 0.031250
0 0.196875 0.203125 0.031250 0.031250
0 0.343750 0.609375 0.031250 0.031250
0 0.370312 0.437500 0.028125 0.031250
0 0.184375 0.293750 0.031250 0.031250
0 0.553125 0.173437 0.031250 0.034375
0 0.284375 0.112500 0.031250 0.031250
0 0.156250 0.528125 0.031250 0.031250
0 0.196875 0.084375 0.031250 0.031250
0 0.412500 0.606250 0.031250 0.031250
0 0.300000 0.084375 0.031250 0.031250
0 0.228125 0.821875 0.031250 0.031250
0 0.128125 0.143750 0.031250 0.031250
0 0.112500 0.175000 0.031250 0.031250
0 0.506250 0.375000 0.031250 0.031250
0 0.340625 0.553125 0.031250 0.031250
0 0.100000 0.440625 0.031250 0.031250
0 0.531250 0.573438 0.031250 0.034375
0 0.134375 0.440625 0.031250 0.031250
0 0.257812 0.584375 0.028125 0.031250
0 0.421875 0.287500 0.031250 0.031250
0 0.159375 0.759375 0.031250 0.031250
0 0.215625 0.171875 0.031250 0.031250
0 0.215625 0.350000 0.031250 0.031250
0 0.484375 0.718750 0.031250 0.031250
0 0.121875 0.587500 0.031250 0.031250
0 0.078125 0.234375 0.031250 0.031250
0 0.370312 0.318750 0.028125 0.031250
0 0.470313 0.378125 0.028125 0.031250
0 0.306250 0.551562 0.031250 0.028125
0 0.071875 0.617188 0.031250 0.028125
0 0.034375 0.501563 0.031250 0.028125
0 0.209375 0.731250 0.031250 0.031250
0 0.065625 0.443750 0.031250 0.031250
0 0.068750 0.559375 0.031250 0.031250
0 0.470313 0.318750 0.028125 0.031250
0 0.206250 0.615625 0.031250 0.031250
0 0.275000 0.610938 0.031250 0.028125
0 0.153125 0.468750 0.031250 0.031250
0 0.106250 0.559375 0.031250 0.031250
0 0.268750 0.318750 0.031250 0.031250
0 0.412500 0.662500 0.031250 0.031250
0 0.093750 0.760938 0.031250 0.028125
0 0.637500 0.081250 0.031250 0.031250
0 0.078125 0.115625 0.031250 0.031250
0 0.135937 0.500000 0.028125 0.031250
0 0.423438 0.521875 0.028125 0.031250
0 0.345313 0.665625 0.028125 0.031250
0 0.387500 0.406250 0.031250 0.031250
0 0.320312 0.348438 0.028125 0.028125
0 0.350000 0.112500 0.031250 0.031250
0 0.500000 0.689063 0.031250 0.028125
0 0.182812 0.350000 0.028125 0.031250
0 0.446875 0.606250 0.031250 0.031250
0 0.059375 0.146875 0.031250 0.031250
0 0.112500 0.850000 0.031250 0.031250
0 0.300000 0.143750 0.031250 0.031250
0 0.346875 0.835938 0.031250 0.028125
0 0.225000 0.703125 0.031250 0.031250
0 0.126562 0.084375 0.034375 0.031250
0 0.062500 0.321875 0.031250 0.031250
0 0.178125 0.053125 0.031250 0.031250
0 0.187500 0.468750 0.031250 0.031250
0 0.303125 0.262500 0.031250 0.031250
0 0.293750 0.696875 0.031250 0.031250
0 0.142187 0.731250 0.028125 0.031250
0 0.304688 0.381250 0.028125 0.031250
0 0.350000 0.231250 0.031250 0.031250
0 0.365625 0.693750 0.031250 0.031250
0 0.329688 0.693750 0.028125 0.031250
0 0.240625 0.615625 0.031250 0.031250
0 0.181250 0.231250 0.031250 0.031250
0 0.620313 0.289062 0.028125 0.028125
0 0.112500 0.115625 0.031250 0.031250
0 0.278125 0.784375 0.031250 0.031250
0 0.046875 0.356250 0.031250 0.031250
0 0.568750 0.142187 0.031250 0.034375
0 0.190625 0.643750 0.031250 0.031250
0 0.468750 0.084375 0.031250 0.031250
0 0.265625 0.203125 0.031250 0.031250
0 0.421875 0.350000 0.031250 0.031250
0 0.075000 0.734375 0.031250 0.031250
0 0.050000 0.468750 0.031250 0.031250
0 0.287500 0.409375 0.031250 0.031250
0 0.054688 0.587500 0.028125 0.031250
0 0.245312 0.729688 0.028125 0.028125
0 0.329688 0.807813 0.028125 0.028125
0 0.215625 0.231250 0.031250 0.031250
0 0.189062 0.584375 0.028125 0.031250
0 0.050000 0.412500 0.031250 0.031250
0 0.204687 0.496875 0.028125 0.031250
0 0.237500 0.439063 0.031250 0.028125
0 0.365625 0.750000 0.031250 0.031250
0 0.653125 0.109375 0.031250 0.031250
0 0.196875 0.143750 0.031250 0.031250
0 0.318750 0.231250 0.031250 0.031250
0 0.084375 0.470313 0.031250 0.028125
0 0.181250 0.115625 0.031250 0.031250
0 0.371875 0.493750 0.031250 0.031250
0 0.275000 0.496875 0.031250 0.031250
0 0.096875 0.262500 0.031250 0.031250
0 0.334375 0.260937 0.031250 0.028125
0 0.131250 0.321875 0.031250 0.031250
0 0.409375 0.553125 0.031250 0.031250
0 0.453125 0.771875 0.031250 0.031250
0 0.656250 0.289062 0.031250 0.028125
0 0.487500 0.346875 0.031250 0.031250
0 0.059375 0.087500 0.031250 0.031250
0 0.043750 0.234375 0.031250 0.031250
0 0.387500 0.350000 0.031250 0.031250
0 0.325000 0.581250 0.031250 0.031250
0 0.448437 0.660937 0.028125 0.028125
0 0.046875 0.293750 0.031250 0.031250
0 0.128125 0.818750 0.031250 0.031250
0 0.318750 0.053125 0.031250 0.031250
0 0.318750 0.112500 0.031250 0.031250
0 0.421875 0.407813 0.031250 0.028125
0 0.618750 0.112500 0.031250 0.031250
0 0.503125 0.318750 0.031250 0.031250
0 0.146875 0.850000 0.031250 0.031250
0 0.043750 0.175000 0.031250 0.031250
0 0.143750 0.787500 0.031250 0.031250
0 0.212500 0.850000 0.031250 0.031250
0 0.459375 0.521875 0.031250 0.031250
0 0.090625 0.703125 0.031250 0.031250
0 0.275000 0.554688 0.031250 0.028125
0 0.206250 0.556250 0.031250 0.031250
0 0.403125 0.375000 0.031250 0.031250
0 0.171875 0.559375 0.031250 0.031250
0 0.259375 0.642188 0.031250 0.028125
0 0.384375 0.778125 0.031250 0.031250
0 0.671875 0.142187 0.031250 0.034375
0 0.125000 0.703125 0.031250 0.031250
0 0.653125 0.171875 0.031250 0.031250
0 0.334375 0.142187 0.031250 0.034375
0 0.484375 0.053125 0.031250 0.031250
0 0.365625 0.084375 0.031250 0.031250
0 0.517188 0.662500 0.028125 0.031250
0 0.195312 0.818750 0.028125 0.031250
0 0.318750 0.462500 0.031250 0.031250
0 0.401562 0.142187 0.028125 0.028125
0 0.137500 0.615625 0.031250 0.031250
0 0.365625 0.142187 0.031250 0.034375
0 0.084375 0.528125 0.031250 0.031250
0 0.150000 0.292187 0.031250 0.028125
0 0.117188 0.353125 0.028125 0.031250
0 0.134375 0.381250 0.031250 0.031250
0 0.345313 0.776563 0.028125 0.028125
0 0.225000 0.643750 0.031250 0.031250
0 0.064062 0.381250 0.028125 0.031250
0 0.175000 0.673438 0.031250 0.028125
0 0.337500 0.378125 0.031250 0.031250
0 0.314063 0.840625 0.028125 0.031250
0 0.437500 0.318750 0.031250 0.031250
0 0.212500 0.053125 0.031250 0.031250
0 0.165625 0.203125 0.031250 0.031250
0 0.215625 0.292187 0.031250 0.034375
0 0.600000 0.081250 0.031250 0.031250
0 0.165625 0.262500 0.031250 0.031250
0 0.100000 0.323437 0.031250 0.034375
0 0.171875 0.615625 0.031250 0.031250
0 0.028125 0.323437 0.031250 0.034375
0 0.054688 0.645312 0.028125 0.028125
0 0.262500 0.818750 0.031250 0.031250
0 0.604688 0.317188 0.028125 0.028125
0 0.487500 0.287500 0.031250 0.031250
0 0.428125 0.578125 0.031250 0.031250
0 0.250000 0.231250 0.031250 0.031250
0 0.620313 0.168750 0.028125 0.031250
0 0.368750 0.203125 0.031250 0.031250
0 0.403125 0.259375 0.031250 0.031250
0 0.354687 0.407813 0.028125 0.028125
0 0.370312 0.378125 0.028125 0.031250
0 0.553125 0.229687 0.031250 0.028125
0 0.021875 0.646875 0.031250 0.031250
0 0.218750 0.409375 0.031250 0.031250
0 0.521875 0.171875 0.031250 0.031250
0 0.312500 0.665625 0.031250 0.031250
0 0.403125 0.434375 0.031250 0.031250
0 0.465625 0.746875 0.031250 0.031250
0 0.375000 0.550000 0.031250 0.031250
0 0.418750 0.776563 0.031250 0.028125
0 0.454688 0.350000 0.028125 0.031250
0 0.439063 0.492188 0.028125 0.028125
0 0.293750 0.751563 0.031250 0.028125
0 0.287500 0.465625 0.031250 0.031250
0 0.157812 0.643750 0.028125 0.031250
0 0.090625 0.646875 0.031250 0.031250
0 0.290625 0.525000 0.031250 0.031250
0 0.234375 0.878125 0.031250 0.031250
0 0.110937 0.053125 0.034375 0.031250
0 0.115625 0.412500 0.031250 0.031250
0 0.387500 0.465625 0.031250 0.031250
0 0.521875 0.115625 0.031250 0.031250
0 0.495312 0.575000 0.028125 0.031250
0 0.260937 0.757812 0.028125 0.028125
0 0.392188 0.521875 0.028125 0.031250
0 0.418750 0.112500 0.031250 0.031250
0 0.471875 0.434375 0.031250 0.031250
0 0.103125 0.500000 0.031250 0.031250
0 0.178125 0.731250 0.031250 0.031250
0 0.571875 0.318750 0.031250 0.031250
0 0.635938 0.259375 0.028125 0.031250
0 0.240625 0.671875 0.031250 0.031250
0 0.453125 0.406250 0.031250 0.031250
0 0.353125 0.467187 0.031250 0.028125
0 0.437500 0.378125 0.031250 0.031250
0 0.318750 0.409375 0.031250 0.031250
0 0.385937 0.290625 0.028125 0.031250
0 0.331250 0.021875 0.031250 0.031250
0 0.071875 0.675000 0.031250 0.031250
0 0.109375 0.675000 0.031250 0.031250
0 0.635938 0.200000 0.028125 0.031250
0 0.039062 0.675000 0.028125 0.031250
0 0.068750 0.500000 0.031250 0.031250
0 0.032813 0.443750 0.028125 0.031250
0 0.078125 0.851562 0.031250 0.028125
0 0.168750 0.381250 0.031250 0.031250
0 0.584375 0.053125 0.031250 0.031250
0 0.106250 0.615625 0.031250 0.031250
0 0.521875 0.287500 0.031250 0.031250
0 0.296875 0.814063 0.031250 0.028125
0 0.621875 0.231250 0.031250 0.031250
0 0.075000 0.053125 0.031250 0.031250
0 0.221875 0.526563 0.031250 0.028125
0 0.384375 0.112500 0.031250 0.031250
0 0.253125 0.350000 0.031250 0.031250
0 0.578125 0.585938 0.031250 0.034375
0 0.278125 0.668750 0.031250 0.031250
0 0.443750 0.548438 0.031250 0.028125
0 0.043750 0.850000 0.031250 0.031250
0 0.428125 0.634375 0.031250 0.031250
0 0.500000 0.631250 0.031250 0.031250
0 0.478125 0.548438 0.031250 0.028125
0 0.031250 0.384375 0.031250 0.031250
0 0.682813 0.585938 0.028125 0.028125
0 0.334375 0.490625 0.031250 0.031250
0 0.620313 0.348438 0.028125 0.028125
0 0.346875 0.725000 0.031250 0.031250
0 0.379688 0.664062 0.028125 0.028125
0 0.453125 0.112500 0.031250 0.031250
0 0.400000 0.748437 0.031250 0.028125
0 0.487500 0.406250 0.031250 0.031250
0 0.260937 0.700000 0.028125 0.031250
0 0.537500 0.378125 0.031250 0.031250
0 0.573438 0.528125 0.028125 0.031250
0 0.421875 0.464062 0.031250 0.028125
0 0.743750 0.521875 0.031250 0.031250
0 0.417187 0.053125 0.028125 0.031250
0 0.292187 0.582812 0.028125 0.028125
0 0.471875 0.259375 0.031250 0.031250
0 0.550000 0.659375 0.031250 0.031250
0 0.314063 0.781250 0.028125 0.031250
0 0.081250 0.350000 0.031250 0.031250
0 0.559375 0.557813 0.031250 0.034375
0 0.314063 0.723437 0.028125 0.028125
0 0.415625 0.720313 0.031250 0.028125
0 0.687500 0.050000 0.031250 0.031250
0 0.406250 0.493750 0.031250 0.031250
0 0.603125 0.200000 0.031250 0.031250
0 0.521875 0.231250 0.031250 0.031250
0 0.506250 0.434375 0.031250 0.031250
0 0.667188 0.614062 0.028125 0.028125
0 0.282813 0.054688 0.028125 0.028125
0 0.532813 0.745313 0.028125 0.028125
0 0.668750 0.081250 0.031250 0.031250
0 0.481250 0.662500 0.031250 0.031250
0 0.284375 0.290625 0.031250 0.031250
0 0.084375 0.412500 0.031250 0.031250
0 0.556250 0.407813 0.031250 0.028125
0 0.485938 0.171875 0.028125 0.031250
0 0.625000 0.665625 0.031250 0.031250
0 0.459375 0.578125 0.031250 0.031250
0 0.423438 0.831250 0.028125 0.031250
0 0.334375 0.200000 0.031250 0.031250
0 0.489063 0.462500 0.028125 0.031250
0 0.568750 0.203125 0.031250 0.031250
0 0.437500 0.262500 0.031250 0.031250
0 0.587500 0.171875 0.031250 0.031250
0 0.568750 0.084375 0.031250 0.031250
0 0.501563 0.081250 0.028125 0.031250
0 0.687500 0.228125 0.031250 0.031250
0 0.432812 0.692187 0.028125 0.028125
0 0.403125 0.318750 0.031250 0.031250
0 0.162500 0.821875 0.031250 0.031250
0 0.281250 0.846875 0.031250 0.031250
0 0.518750 0.775000 0.031250 0.031250
0 0.126562 0.025000 0.028125 0.031250
0 0.465625 0.690625 0.031250 0.031250
0 0.464062 0.634375 0.028125 0.031250
0 0.550000 0.053125 0.031250 0.031250
0 0.265625 0.262500 0.031250 0.031250
0 0.350000 0.173437 0.031250 0.028125
0 0.328125 0.637500 0.031250 0.031250
0 0.437500 0.143750 0.031250 0.031250
0 0.028125 0.206250 0.031250 0.031250
0 0.370312 0.260937 0.028125 0.028125
0 0.078125 0.792188 0.031250 0.028125
0 0.671875 0.256250 0.031250 0.031250
0 0.251563 0.290625 0.028125 0.031250
0 0.200000 0.381250 0.031250 0.031250
0 0.360938 0.635938 0.028125 0.028125
0 0.700000 0.615625 0.031250 0.031250
0 0.484375 0.112500 0.031250 0.031250
0 0.554688 0.289062 0.028125 0.028125
0 0.612500 0.584375 0.031250 0.031250
0 0.575000 0.496875 0.031250 0.031250
0 0.432812 0.746875 0.028125 0.031250
0 0.454688 0.289062 0.028125 0.028125
0 0.432812 0.021875 0.028125 0.031250
0 0.485938 0.771875 0.028125 0.031250
0 0.140625 0.675000 0.031250 0.031250
0 0.253125 0.412500 0.031250 0.031250
0 0.653125 0.229687 0.031250 0.028125
0 0.392188 0.579688 0.028125 0.028125
0 0.329688 0.751563 0.028125 0.028125
0 0.521875 0.406250 0.031250 0.031250
0 0.095312 0.881250 0.028125 0.031250
0 0.292187 0.640625 0.028125 0.031250
0 0.587500 0.228125 0.031250 0.031250
0 0.573438 0.437500 0.028125 0.031250
0 0.470313 0.143750 0.028125 0.031250
0 0.131250 0.878125 0.031250 0.031250
0 0.337500 0.434375 0.031250 0.031250
0 0.604688 0.378125 0.028125 0.031250
0 0.703125 0.315625 0.031250 0.031250
0 0.571875 0.684375 0.031250 0.031250
0 0.593750 0.559375 0.031250 0.031250
0 0.356250 0.521875 0.031250 0.031250
0 0.531250 0.631250 0.031250 0.031250
0 0.503125 0.142187 0.031250 0.028125
0 0.156250 0.585938 0.031250 0.028125
0 0.687500 0.112500 0.031250 0.031250
0 0.273438 0.437500 0.028125 0.031250
0 0.456250 0.464062 0.031250 0.028125
0 0.125000 0.646875 0.031250 0.031250
0 0.539062 0.434375 0.028125 0.031250
0 0.246875 0.846875 0.031250 0.031250
0 0.704688 0.081250 0.034375 0.031250
0 0.684375 0.343750 0.031250 0.031250
0 0.501563 0.743750 0.028125 0.031250
0 0.189062 0.526563 0.028125 0.028125
0 0.665625 0.668750 0.031250 0.031250
0 0.473438 0.492188 0.028125 0.028125
0 0.668750 0.200000 0.031250 0.031250
0 0.231250 0.021875 0.031250 0.031250
0 0.571875 0.378125 0.031250 0.031250
0 0.403125 0.806250 0.031250 0.031250
0 0.712500 0.493750 0.031250 0.031250
0 0.618750 0.053125 0.031250 0.031250
0 0.637500 0.140625 0.031250 0.031250
0 0.653125 0.053125 0.031250 0.031250
0 0.451562 0.717187 0.028125 0.028125
0 0.540625 0.496875 0.031250 0.031250
0 0.651563 0.346875 0.028125 0.031250
0 0.650000 0.584375 0.031250 0.031250
0 0.164062 0.878125 0.034375 0.031250
0 0.521875 0.350000 0.031250 0.031250
0 0.540625 0.531250 0.031250 0.031250
0 0.126562 0.760938 0.028125 0.028125
0 0.696875 0.556250 0.031250 0.031250
0 0.434375 0.081250 0.031250 0.031250
0 0.565625 0.631250 0.031250 0.031250
0 0.501563 0.200000 0.028125 0.031250
0 0.253125 0.468750 0.031250 0.031250
0 0.537500 0.140625 0.031250 0.031250
0 0.267188 0.878125 0.034375 0.031250
0 0.385937 0.231250 0.028125 0.031250
0 0.715625 0.587500 0.031250 0.031250
0 0.684375 0.643750 0.031250 0.031250
0 0.590625 0.659375 0.031250 0.031250
0 0.534375 0.081250 0.031250 0.031250
0 0.334375 0.868750 0.031250 0.031250
0 0.453125 0.171875 0.031250 0.031250
0 0.523438 0.462500 0.028125 0.031250
0 0.556250 0.465625 0.031250 0.031250
0 0.437500 0.434375 0.031250 0.031250
0 0.603125 0.259375 0.031250 0.031250
0 0.384375 0.171875 0.031250 0.031250
0 0.690625 0.464062 0.031250 0.028125
0 0.626563 0.556250 0.034375 0.031250
0 0.589063 0.407813 0.028125 0.028125
0 0.551562 0.776563 0.034375 0.034375
0 0.365625 0.021875 0.031250 0.031250
0 0.565625 0.746875 0.031250 0.031250
0 0.062500 0.881250 0.031250 0.031250
0 0.059375 0.026562 0.031250 0.034375
0 0.479687 0.606250 0.028125 0.031250
0 0.043750 0.793750 0.031250 0.031250
0 0.546875 0.603125 0.031250 0.031250
0 0.512500 0.604688 0.031250 0.028125
0 0.603125 0.140625 0.031250 0.031250
0 0.687500 0.287500 0.031250 0.031250
0 0.470313 0.200000 0.028125 0.031250
0 0.198437 0.879687 0.034375 0.034375
0 0.400000 0.021875 0.031250 0.031250
0 0.584375 0.112500 0.031250 0.031250
0 0.300000 0.875000 0.031250 0.031250
0 0.517188 0.715625 0.028125 0.031250
0 0.379688 0.829688 0.028125 0.028125
0 0.437500 0.801562 0.031250 0.028125
0 0.471875 0.803125 0.031250 0.031250
0 0.729688 0.556250 0.028125 0.031250
0 0.240625 0.496875 0.031250 0.031250
0 0.059375 0.767188 0.031250 0.034375
0 0.512500 0.546875 0.031250 0.031250
0 0.662500 0.559375 0.031250 0.031250
0 0.485938 0.231250 0.028125 0.031250
0 0.621875 0.406250 0.031250 0.031250
0 0.393750 0.635938 0.031250 0.028125
0 0.648438 0.640625 0.028125 0.031250
0 0.537500 0.203125 0.031250 0.031250
0 0.589063 0.346875 0.028125 0.031250
0 0.590625 0.465625 0.031250 0.031250
0 0.535937 0.317188 0.028125 0.028125
0 0.368750 0.859375 0.031250 0.031250
0 0.384375 0.053125 0.031250 0.031250
0 0.178125 0.846875 0.031250 0.031250
0 0.026562 0.823438 0.034375 0.034375
0 0.018750 0.531250 0.031250 0.031250
0 0.023438 0.026562 0.034375 0.034375
0 0.710938 0.137500 0.034375 0.031250
0 0.673438 0.434375 0.028125 0.031250
0 0.468750 0.021875 0.031250 0.031250
0 0.018750 0.590625 0.031250 0.031250
0 0.357812 0.579688 0.028125 0.028125
0 0.492188 0.521875 0.028125 0.031250
0 0.621875 0.717187 0.031250 0.034375
0 0.534375 0.685937 0.031250 0.028125
0 0.582812 0.714063 0.028125 0.028125
0 0.501563 0.023438 0.028125 0.028125
0 0.675000 0.496875 0.031250 0.031250
0 0.221875 0.468750 0.031250 0.031250
0 0.018750 0.475000 0.031250 0.031250
0 0.518750 0.051562 0.031250 0.028125
0 0.717187 0.345313 0.028125 0.028125
0 0.721875 0.287500 0.031250 0.031250
0 0.025000 0.879687 0.031250 0.034375
0 0.606250 0.437500 0.031250 0.031250
0 0.609375 0.528125 0.031250 0.031250
0 0.721875 0.053125 0.031250 0.031250
0 0.093750 0.025000 0.031250 0.031250
0 0.418750 0.231250 0.031250 0.031250
0 0.196875 0.023438 0.031250 0.028125
0 0.453125 0.231250 0.031250 0.031250
0 0.709375 0.437500 0.031250 0.031250
0 0.671875 0.315625 0.031250 0.031250
0 0.062500 0.821875 0.031250 0.031250
0 0.585938 0.289062 0.028125 0.028125
0 0.687500 0.171875 0.031250 0.031250
0 0.689063 0.407813 0.034375 0.034375
0 0.403125 0.853125 0.031250 0.031250
0 0.668750 0.021875 0.031250 0.031250
0 0.735938 0.317188 0.028125 0.028125
0 0.639062 0.695312 0.034375 0.034375
0 0.596875 0.742188 0.031250 0.034375
0 0.553125 0.112500 0.031250 0.031250
0 0.642188 0.526563 0.034375 0.034375
0 0.701562 0.018750 0.034375 0.031250
0 0.459375 0.831250 0.031250 0.031250
0 0.606250 0.495312 0.031250 0.034375
0 0.017188 0.412500 0.028125 0.031250
0 0.631250 0.615625 0.031250 0.031250
0 0.595313 0.615625 0.034375 0.031250
0 0.537500 0.260937 0.031250 0.028125
0 0.090625 0.823438 0.031250 0.028125
0 0.734375 0.257812 0.031250 0.034375
0 0.603125 0.689063 0.031250 0.028125
0 0.720313 0.231250 0.028125 0.031250
0 0.640625 0.493750 0.031250 0.031250
0 0.534375 0.021875 0.031250 0.031250
0 0.709375 0.526563 0.031250 0.028125
0 0.625000 0.465625 0.031250 0.031250
0 0.703125 0.198437 0.031250 0.034375
0 0.507812 0.804688 0.034375 0.034375
0 0.600000 0.025000 0.031250 0.031250
0 0.657813 0.464062 0.028125 0.028125
0 0.568750 0.021875 0.031250 0.031250
0 0.637500 0.437500 0.031250 0.031250
0 0.675000 0.528125 0.031250 0.031250
0 0.015625 0.353125 0.031250 0.031250
0 0.737500 0.114062 0.037500 0.034375
0 0.635938 0.021875 0.028125 0.031250
0 0.745313 0.351562 0.028125 0.028125
