0 0.846875 0.856250 0.031250 0.031250
0 0.482812 0.595313 0.028125 0.028125
0 0.309375 0.690625 0.031250 0.031250
0 0.076563 0.853125 0.028125 0.031250
0 0.339062 0.378125 0.028125 0.031250
0 0.903125 0.959375 0.031250 0.031250
0 0.618750 0.753125 0.037500 0.037500
0 0.787500 0.890625 0.031250 0.031250
0 0.134375 0.820312 0.031250 0.028125
0 0.140625 0.359375 0.031250 0.031250
0 0.698438 0.570312 0.034375 0.034375
0 0.757812 0.906250 0.028125 0.031250
0 0.221875 0.737500 0.037500 0.037500
0 0.729688 0.854688 0.028125 0.028125
0 0.701562 0.935937 0.028125 0.028125
0 0.815625 0.835938 0.031250 0.034375
0 0.048438 0.768750 0.028125 0.031250
0 0.901563 0.859375 0.028125 0.031250
0 0.137500 0.525000 0.031250 0.031250
0 0.787500 0.621875 0.031250 0.031250
0 0.078125 0.718750 0.031250 0.031250
0 0.109375 0.934375 0.031250 0.031250
0 0.815625 0.906250 0.031250 0.031250
0 0.562500 0.815625 0.031250 0.031250
0 0.279687 0.906250 0.028125 0.031250
0 0.815625 0.875000 0.031250 0.031250
0 0.671875 0.953125 0.031250 0.031250
0 0.104688 0.768750 0.028125 0.031250
0 0.617188 0.917188 0.028125 0.028125
0 0.625000 0.543750 0.031250 0.031250
0 0.051562 0.571875 0.028125 0.031250
0 0.135937 0.954688 0.028125 0.028125
0 0.787500 0.856250 0.031250 0.031250
0 0.732812 0.623437 0.028125 0.028125
0 0.645312 0.868750 0.028125 0.031250
0 0.364063 0.859375 0.028125 0.031250
0 0.875000 0.907813 0.031250 0.028125
0 0.729688 0.889062 0.028125 0.028125
0 0.309375 0.526563 0.031250 0.028125
0 0.106250 0.668750 0.031250 0.031250
0 0.676562 0.854688 0.028125 0.028125
0 0.106250 0.703125 0.031250 0.031250
0 0.193750 0.656250 0.031250 0.031250
0 0.534375 0.729688 0.031250 0.028125
0 0.701562 0.904687 0.028125 0.028125
0 0.815625 0.940625 0.031250 0.031250
0 0.728125 0.921875 0.031250 0.031250
0 0.134375 0.685937 0.031250 0.028125
0 0.617188 0.885938 0.028125 0.028125
0 0.134375 0.784375 0.031250 0.031250
0 0.164062 0.803125 0.028125 0.031250
0 0.785937 0.923438 0.028125 0.028125
0 0.760938 0.770312 0.028125 0.028125
0 0.190625 0.687500 0.031250 0.031250
0 0.732812 0.654687 0.028125 0.028125
0 0.279687 0.873437 0.028125 0.028125
0 0.048438 0.868750 0.028125 0.031250
0 0.282813 0.376563 0.028125 0.028125
0 0.307812 0.857812 0.028125 0.028125
0 0.673438 0.918750 0.028125 0.031250
0 0.392188 0.873437 0.028125 0.028125
0 0.078125 0.818750 0.031250 0.031250
0 0.451562 0.810937 0.028125 0.028125
0 0.901563 0.925000 0.028125 0.031250
0 0.421875 0.828125 0.031250 0.031250
0 0.135937 0.654687 0.028125 0.028125
0 0.221875 0.640625 0.031250 0.031250
0 0.134375 0.753125 0.031250 0.031250
0 0.078125 0.917188 0.031250 0.028125
0 0.071875 0.425000 0.031250 0.031250
0 0.904687 0.892188 0.028125 0.028125
0 0.248438 0.921875 0.028125 0.031250
0 0.050000 0.970313 0.031250 0.028125
0 0.528125 0.962500 0.031250 0.031250
0 0.165625 0.573438 0.031250 0.028125
0 0.585938 0.932813 0.028125 0.028125
0 0.568750 0.512500 0.031250 0.031250
0 0.050000 0.603125 0.031250 0.031250
0 0.048438 0.668750 0.028125 0.031250
0 0.106250 0.901563 0.031250 0.028125
0 0.562500 0.850000 0.031250 0.031250
0 0.850000 0.756250 0.031250 0.031250
0 0.276562 0.939063 0.028125 0.028125
0 0.220312 0.973437 0.028125 0.028125
0 0.134375 0.885938 0.031250 0.028125
0 0.759375 0.839063 0.031250 0.028125
0 0.165625 0.606250 0.031250 0.031250
0 0.251563 0.657813 0.028125 0.028125
0 0.107813 0.735938 0.028125 0.028125
0 0.760938 0.737500 0.028125 0.031250
0 0.248438 0.889062 0.028125 0.028125
0 0.135937 0.620313 0.028125 0.028125
0 0.164062 0.671875 0.028125 0.031250
0 0.537500 0.628125 0.031250 0.031250
0 0.425000 0.462500 0.031250 0.031250
0 0.221875 0.700000 0.031250 0.031250
0 0.250000 0.956250 0.031250 0.031250
0 0.367188 0.825000 0.028125 0.031250
0 0.104688 0.803125 0.028125 0.031250
0 0.507812 0.745313 0.028125 0.028125
0 0.393750 0.578125 0.031250 0.031250
0 0.481250 0.464062 0.031250 0.028125
0 0.390625 0.940625 0.031250 0.031250
0 0.165625 0.639062 0.031250 0.028125
0 0.532813 0.798438 0.028125 0.028125
0 0.420312 0.860938 0.028125 0.028125
0 0.645312 0.935937 0.028125 0.028125
0 0.704688 0.532813 0.028125 0.028125
0 0.031250 0.421875 0.031250 0.031250
0 0.759375 0.871875 0.031250 0.031250
0 0.701562 0.970313 0.028125 0.028125
0 0.478125 0.728125 0.031250 0.031250
0 0.078125 0.784375 0.031250 0.031250
0 0.079687 0.954688 0.028125 0.028125
0 0.764062 0.670312 0.028125 0.028125
0 0.251563 0.625000 0.028125 0.031250
0 0.221875 0.839063 0.031250 0.028125
0 0.482812 0.431250 0.028125 0.031250
0 0.732812 0.820312 0.028125 0.028125
0 0.164062 0.835938 0.028125 0.028125
0 0.221875 0.606250 0.031250 0.031250
0 0.732812 0.789062 0.028125 0.028125
0 0.535937 0.595313 0.028125 0.028125
0 0.337500 0.576562 0.031250 0.028125
0 0.137500 0.490625 0.031250 0.031250
0 0.821875 0.635938 0.037500 0.034375
0 0.764062 0.704688 0.028125 0.028125
0 0.251563 0.590625 0.028125 0.031250
0 0.565625 0.546875 0.031250 0.031250
0 0.189062 0.753125 0.028125 0.031250
0 0.160938 0.703125 0.028125 0.031250
0 0.106250 0.971875 0.031250 0.031250
0 0.396875 0.479687 0.031250 0.028125
0 0.104688 0.835938 0.028125 0.028125
0 0.675000 0.653125 0.031250 0.031250
0 0.220312 0.870313 0.028125 0.028125
0 0.732812 0.689063 0.028125 0.028125
0 0.539062 0.528125 0.028125 0.031250
0 0.618750 0.717187 0.031250 0.028125
0 0.339062 0.642188 0.028125 0.028125
0 0.134375 0.720313 0.031250 0.028125
0 0.815625 0.971875 0.031250 0.031250
0 0.048438 0.803125 0.028125 0.031250
0 0.307812 0.592187 0.028125 0.028125
0 0.703125 0.637500 0.031250 0.031250
0 0.395313 0.610938 0.028125 0.028125
0 0.818750 0.771875 0.031250 0.031250
0 0.757812 0.970313 0.028125 0.028125
0 0.646875 0.671875 0.031250 0.031250
0 0.076563 0.654687 0.028125 0.028125
0 0.504687 0.846875 0.028125 0.031250
0 0.592187 0.700000 0.028125 0.031250
0 0.253125 0.526563 0.031250 0.028125
0 0.195312 0.556250 0.028125 0.031250
0 0.018750 0.850000 0.031250 0.031250
0 0.081250 0.392188 0.031250 0.028125
0 0.614062 0.951562 0.028125 0.028125
0 0.425000 0.562500 0.031250 0.031250
0 0.448437 0.878125 0.028125 0.031250
0 0.820312 0.673438 0.028125 0.028125
0 0.309375 0.493750 0.031250 0.031250
0 0.196875 0.359375 0.031250 0.031250
0 0.281250 0.642188 0.031250 0.028125
0 0.845313 0.890625 0.028125 0.031250
0 0.510938 0.379688 0.028125 0.028125
0 0.560937 0.915625 0.028125 0.031250
0 0.337500 0.842187 0.031250 0.028125
0 0.850000 0.787500 0.031250 0.031250
0 0.162500 0.735938 0.031250 0.028125
0 0.251563 0.857812 0.028125 0.028125
0 0.281250 0.609375 0.031250 0.031250
0 0.223438 0.573438 0.028125 0.028125
0 0.643750 0.967187 0.031250 0.028125
0 0.423438 0.528125 0.028125 0.031250
0 0.310937 0.623437 0.028125 0.028125
0 0.532813 0.831250 0.028125 0.031250
0 0.481250 0.496875 0.031250 0.031250
0 0.621875 0.506250 0.031250 0.031250
0 0.560937 0.882812 0.028125 0.028125
0 0.790625 0.787500 0.031250 0.031250
0 0.757812 0.935937 0.028125 0.028125
0 0.843750 0.956250 0.031250 0.031250
0 0.732812 0.721875 0.028125 0.031250
0 0.221875 0.806250 0.031250 0.031250
0 0.585938 0.635938 0.034375 0.034375
0 0.225000 0.343750 0.031250 0.031250
0 0.192188 0.851562 0.028125 0.028125
0 0.875000 0.839063 0.031250 0.034375
0 0.078125 0.751563 0.031250 0.028125
0 0.534375 0.696875 0.031250 0.031250
0 0.589063 0.732812 0.028125 0.028125
0 0.567187 0.479687 0.028125 0.028125
0 0.310937 0.657813 0.028125 0.028125
0 0.531250 0.767188 0.031250 0.028125
0 0.845313 0.921875 0.028125 0.031250
0 0.251563 0.821875 0.028125 0.031250
0 0.109375 0.409375 0.031250 0.031250
0 0.539062 0.464062 0.028125 0.028125
0 0.565625 0.610938 0.031250 0.028125
0 0.656250 0.456250 0.031250 0.031250
0 0.064062 0.364063 0.028125 0.028125
0 0.453125 0.546875 0.031250 0.031250
0 0.335938 0.807813 0.028125 0.028125
0 0.645312 0.901563 0.028125 0.028125
0 0.193750 0.818750 0.031250 0.031250
0 0.365625 0.428125 0.031250 0.031250
0 0.425000 0.595313 0.031250 0.028125
0 0.392188 0.907813 0.028125 0.028125
0 0.509375 0.643750 0.031250 0.031250
0 0.220312 0.939063 0.028125 0.028125
0 0.282813 0.343750 0.028125 0.031250
0 0.048438 0.735938 0.028125 0.028125
0 0.223438 0.509375 0.028125 0.031250
0 0.734375 0.518750 0.031250 0.031250
0 0.339062 0.478125 0.028125 0.031250
0 0.396875 0.412500 0.031250 0.031250
0 0.135937 0.918750 0.028125 0.031250
0 0.479687 0.764062 0.028125 0.028125
0 0.425000 0.496875 0.031250 0.031250
0 0.589063 0.832812 0.028125 0.028125
0 0.817187 0.704688 0.028125 0.028125
0 0.307812 0.823438 0.028125 0.028125
0 0.560937 0.751563 0.028125 0.028125
0 0.535937 0.562500 0.028125 0.031250
0 0.048438 0.701562 0.028125 0.028125
0 0.339062 0.343750 0.028125 0.031250
0 0.790625 0.756250 0.031250 0.031250
0 0.132812 0.851562 0.028125 0.028125
0 0.453125 0.512500 0.031250 0.031250
0 0.559375 0.782813 0.031250 0.028125
0 0.339062 0.742188 0.028125 0.028125
0 0.565625 0.578125 0.031250 0.031250
0 0.189062 0.720313 0.028125 0.028125
0 0.167187 0.407813 0.028125 0.028125
0 0.193750 0.787500 0.031250 0.031250
0 0.509375 0.546875 0.031250 0.031250
0 0.509375 0.514062 0.031250 0.028125
0 0.253125 0.493750 0.031250 0.031250
0 0.031250 0.364063 0.031250 0.028125
0 0.396875 0.512500 0.031250 0.031250
0 0.076563 0.685937 0.028125 0.028125
0 0.678125 0.510938 0.031250 0.028125
0 0.251563 0.560937 0.028125 0.028125
0 0.253125 0.359375 0.031250 0.031250
0 0.253125 0.690625 0.031250 0.031250
0 0.653125 0.489063 0.031250 0.028125
0 0.540625 0.400000 0.031250 0.031250
0 0.729688 0.954688 0.028125 0.028125
0 0.367188 0.495312 0.028125 0.028125
0 0.585938 0.900000 0.028125 0.031250
0 0.657813 0.421875 0.028125 0.031250
0 0.048438 0.832812 0.028125 0.028125
0 0.479687 0.560937 0.028125 0.028125
0 0.618750 0.820312 0.031250 0.028125
0 0.787500 0.821875 0.031250 0.031250
0 0.590625 0.800000 0.031250 0.031250
0 0.600000 0.396875 0.031250 0.031250
0 0.593750 0.593750 0.031250 0.031250
0 0.309375 0.462500 0.031250 0.031250
0 0.890625 0.773438 0.031250 0.034375
0 0.510938 0.415625 0.028125 0.031250
0 0.846875 0.818750 0.031250 0.031250
0 0.596875 0.528125 0.031250 0.031250
0 0.021875 0.684375 0.031250 0.031250
0 0.395313 0.446875 0.028125 0.031250
0 0.482812 0.529687 0.028125 0.028125
0 0.281250 0.542188 0.031250 0.028125
0 0.082812 0.554688 0.028125 0.028125
0 0.532813 0.864062 0.028125 0.028125
0 0.160938 0.768750 0.028125 0.031250
0 0.507812 0.712500 0.028125 0.031250
0 0.223438 0.540625 0.028125 0.031250
0 0.703125 0.606250 0.031250 0.031250
0 0.510938 0.479687 0.028125 0.028125
0 0.818750 0.737500 0.031250 0.031250
0 0.651563 0.564063 0.028125 0.028125
0 0.335938 0.545312 0.028125 0.028125
0 0.367188 0.462500 0.028125 0.031250
0 0.279687 0.575000 0.028125 0.031250
0 0.509375 0.676562 0.031250 0.028125
0 0.362500 0.956250 0.031250 0.031250
0 0.537500 0.496875 0.031250 0.031250
0 0.421875 0.893750 0.031250 0.031250
0 0.790625 0.656250 0.031250 0.031250
0 0.510938 0.445312 0.028125 0.028125
0 0.504687 0.814063 0.028125 0.028125
0 0.192188 0.621875 0.028125 0.031250
0 0.503125 0.879687 0.031250 0.028125
0 0.701562 0.837500 0.028125 0.031250
0 0.279687 0.839063 0.028125 0.028125
0 0.600000 0.428125 0.031250 0.031250
0 0.621875 0.578125 0.031250 0.031250
0 0.704688 0.804688 0.028125 0.028125
0 0.731250 0.754687 0.031250 0.028125
0 0.453125 0.414062 0.031250 0.028125
0 0.425000 0.431250 0.031250 0.031250
0 0.785937 0.954688 0.028125 0.028125
0 0.646875 0.637500 0.031250 0.031250
0 0.787500 0.590625 0.031250 0.031250
0 0.253125 0.757812 0.031250 0.028125
0 0.310937 0.560937 0.028125 0.028125
0 0.931250 0.909375 0.031250 0.031250
0 0.109375 0.440625 0.031250 0.031250
0 0.395313 0.842187 0.028125 0.028125
0 0.539062 0.431250 0.028125 0.031250
0 0.618750 0.851562 0.031250 0.028125
0 0.253125 0.460938 0.031250 0.028125
0 0.081250 0.523438 0.031250 0.028125
0 0.482812 0.398438 0.028125 0.028125
0 0.873437 0.973437 0.028125 0.028125
0 0.451562 0.845313 0.028125 0.028125
0 0.481250 0.365625 0.031250 0.031250
0 0.050000 0.937500 0.031250 0.031250
0 0.818750 0.803125 0.031250 0.031250
0 0.368750 0.659375 0.031250 0.031250
0 0.276562 0.971875 0.028125 0.031250
0 0.618750 0.684375 0.031250 0.031250
0 0.021875 0.718750 0.031250 0.031250
0 0.529687 0.929688 0.028125 0.028125
0 0.048438 0.635938 0.028125 0.028125
0 0.051562 0.537500 0.028125 0.031250
0 0.050000 0.900000 0.031250 0.031250
0 0.675000 0.542188 0.031250 0.028125
0 0.646875 0.771875 0.031250 0.031250
0 0.873437 0.940625 0.028125 0.031250
0 0.567187 0.445312 0.028125 0.028125
0 0.848437 0.690625 0.028125 0.031250
0 0.221875 0.775000 0.031250 0.031250
0 0.737500 0.479687 0.031250 0.028125
0 0.195312 0.492188 0.028125 0.028125
0 0.593750 0.559375 0.031250 0.031250
0 0.164062 0.868750 0.028125 0.031250
0 0.920312 0.764062 0.034375 0.034375
0 0.675000 0.789062 0.031250 0.028125
0 0.668750 0.590625 0.031250 0.031250
0 0.018750 0.782813 0.031250 0.028125
0 0.137500 0.392188 0.031250 0.028125
0 0.306250 0.956250 0.031250 0.031250
0 0.253125 0.393750 0.031250 0.031250
0 0.453125 0.481250 0.031250 0.031250
0 0.079687 0.487500 0.028125 0.031250
0 0.645312 0.703125 0.028125 0.031250
0 0.367188 0.595313 0.028125 0.028125
0 0.425000 0.362500 0.031250 0.031250
0 0.312500 0.325000 0.031250 0.031250
0 0.106250 0.375000 0.031250 0.031250
0 0.479687 0.795312 0.028125 0.028125
0 0.709375 0.496875 0.031250 0.031250
0 0.282813 0.412500 0.028125 0.031250
0 0.479687 0.692187 0.028125 0.028125
0 0.732812 0.589063 0.028125 0.028125
0 0.106250 0.637500 0.031250 0.031250
0 0.562500 0.714063 0.031250 0.028125
0 0.334375 0.971875 0.031250 0.031250
0 0.195312 0.590625 0.028125 0.031250
0 0.190625 0.956250 0.031250 0.031250
0 0.790625 0.689063 0.031250 0.028125
0 0.931250 0.842187 0.031250 0.034375
0 0.339062 0.707812 0.028125 0.028125
0 0.367188 0.559375 0.028125 0.031250
0 0.367188 0.626563 0.028125 0.028125
0 0.021875 0.921875 0.031250 0.031250
0 0.018750 0.815625 0.031250 0.031250
0 0.568750 0.412500 0.031250 0.031250
0 0.704688 0.671875 0.028125 0.031250
0 0.053125 0.506250 0.031250 0.031250
0 0.759375 0.804688 0.031250 0.028125
0 0.046875 0.335938 0.031250 0.028125
0 0.479687 0.628125 0.028125 0.031250
0 0.225000 0.475000 0.031250 0.031250
0 0.476562 0.895312 0.028125 0.028125
0 0.254688 0.325000 0.034375 0.031250
0 0.165625 0.473438 0.031250 0.028125
0 0.532813 0.898438 0.028125 0.028125
0 0.626563 0.471875 0.028125 0.031250
0 0.878125 0.678125 0.031250 0.031250
0 0.339062 0.510938 0.028125 0.028125
0 0.675000 0.621875 0.031250 0.031250
0 0.339062 0.673438 0.028125 0.028125
0 0.648438 0.837500 0.028125 0.031250
0 0.640625 0.604688 0.031250 0.034375
0 0.925000 0.795312 0.031250 0.034375
0 0.137500 0.423438 0.031250 0.028125
0 0.687500 0.440625 0.031250 0.031250
0 0.368750 0.328125 0.031250 0.031250
0 0.557813 0.948438 0.028125 0.028125
0 0.020313 0.750000 0.028125 0.031250
0 0.018750 0.653125 0.031250 0.031250
0 0.226562 0.376563 0.028125 0.028125
0 0.759375 0.573438 0.031250 0.028125
0 0.312500 0.428125 0.031250 0.031250
0 0.365625 0.528125 0.031250 0.031250
0 0.881250 0.740625 0.031250 0.031250
0 0.509375 0.576562 0.031250 0.028125
0 0.673438 0.885938 0.028125 0.028125
0 0.104688 0.868750 0.028125 0.031250
0 0.507812 0.612500 0.028125 0.031250
0 0.712500 0.459375 0.031250 0.031250
0 0.281250 0.510938 0.031250 0.028125
0 0.787500 0.556250 0.031250 0.031250
0 0.875000 0.876563 0.031250 0.028125
0 0.593750 0.465625 0.031250 0.031250
0 0.220312 0.904687 0.028125 0.028125
0 0.048438 0.450000 0.028125 0.031250
0 0.334375 0.939063 0.031250 0.028125
0 0.164062 0.971875 0.028125 0.031250
0 0.425000 0.398438 0.031250 0.028125
0 0.200000 0.325000 0.031250 0.031250
0 0.675000 0.689063 0.031250 0.028125
0 0.631250 0.406250 0.031250 0.031250
0 0.453125 0.446875 0.031250 0.031250
0 0.478125 0.829688 0.031250 0.028125
0 0.364063 0.923438 0.028125 0.028125
0 0.079687 0.334375 0.028125 0.031250
0 0.079687 0.623437 0.028125 0.028125
0 0.451562 0.576562 0.028125 0.028125
0 0.571875 0.378125 0.031250 0.031250
0 0.703125 0.771875 0.031250 0.031250
0 0.162500 0.937500 0.031250 0.031250
0 0.585938 0.964063 0.028125 0.028125
0 0.107813 0.504687 0.028125 0.028125
0 0.339062 0.445312 0.028125 0.028125
0 0.589063 0.867188 0.028125 0.028125
0 0.396875 0.346875 0.031250 0.031250
0 0.395313 0.546875 0.028125 0.031250
0 0.046875 0.393750 0.031250 0.031250
0 0.675000 0.753125 0.031250 0.031250
0 0.368750 0.362500 0.031250 0.031250
0 0.396875 0.378125 0.031250 0.031250
0 0.476562 0.862500 0.028125 0.031250
0 0.395313 0.642188 0.028125 0.028125
0 0.587500 0.768750 0.031250 0.031250
0 0.612500 0.621875 0.031250 0.031250
0 0.425000 0.329688 0.031250 0.028125
0 0.282813 0.442188 0.028125 0.028125
0 0.931250 0.876563 0.031250 0.034375
0 0.079687 0.456250 0.028125 0.031250
0 0.537500 0.659375 0.031250 0.031250
0 0.760938 0.501563 0.028125 0.028125
0 0.167187 0.375000 0.028125 0.031250
0 0.312500 0.393750 0.031250 0.031250
0 0.167187 0.540625 0.028125 0.031250
0 0.682813 0.478125 0.028125 0.031250
0 0.368750 0.690625 0.031250 0.031250
0 0.165625 0.440625 0.031250 0.031250
0 0.339062 0.607812 0.028125 0.028125
0 0.650000 0.525000 0.031250 0.031250
0 0.542188 0.367188 0.028125 0.028125
0 0.646875 0.735938 0.031250 0.028125
0 0.368750 0.726562 0.031250 0.028125
0 0.017188 0.953125 0.028125 0.031250
0 0.253125 0.426563 0.031250 0.028125
0 0.759375 0.604688 0.031250 0.028125
0 0.137500 0.459375 0.031250 0.031250
0 0.451562 0.779687 0.028125 0.028125
0 0.475000 0.964063 0.031250 0.028125
0 0.846875 0.725000 0.031250 0.031250
0 0.281250 0.673438 0.031250 0.028125
0 0.107813 0.604688 0.028125 0.028125
0 0.448437 0.945312 0.028125 0.028125
0 0.701562 0.870313 0.028125 0.028125
0 0.395313 0.807813 0.028125 0.028125
0 0.309375 0.723437 0.031250 0.028125
0 0.618750 0.653125 0.031250 0.031250
0 0.676562 0.820312 0.028125 0.028125
0 0.365625 0.790625 0.031250 0.031250
0 0.756250 0.542188 0.031250 0.028125
0 0.628125 0.439063 0.031250 0.028125
0 0.421875 0.925000 0.031250 0.031250
0 0.906250 0.821875 0.031250 0.031250
0 0.135937 0.556250 0.028125 0.031250
0 0.396875 0.675000 0.031250 0.031250
0 0.110937 0.475000 0.028125 0.031250
0 0.450000 0.710938 0.031250 0.028125
0 0.875000 0.709375 0.031250 0.031250
0 0.306250 0.923438 0.031250 0.028125
0 0.107813 0.573438 0.028125 0.028125
0 0.339062 0.410938 0.028125 0.028125
0 0.601562 0.360938 0.034375 0.034375
0 0.503125 0.914062 0.031250 0.028125
0 0.453125 0.381250 0.031250 0.031250
0 0.017188 0.885938 0.034375 0.034375
0 0.564063 0.681250 0.028125 0.031250
0 0.256250 0.721875 0.031250 0.031250
0 0.590625 0.668750 0.031250 0.031250
0 0.396875 0.709375 0.031250 0.031250
0 0.165625 0.507812 0.031250 0.028125
0 0.453125 0.610938 0.031250 0.028125
0 0.032813 0.478125 0.028125 0.031250
0 0.167187 0.340625 0.034375 0.031250
0 0.850000 0.657813 0.031250 0.028125
0 0.020313 0.587500 0.028125 0.031250
0 0.223438 0.670312 0.028125 0.028125
0 0.309375 0.360938 0.031250 0.028125
0 0.790625 0.720313 0.031250 0.028125
0 0.885938 0.643750 0.034375 0.031250
0 0.253125 0.790625 0.031250 0.031250
0 0.715625 0.425000 0.031250 0.031250
0 0.135937 0.312500 0.040625 0.037500
0 0.451562 0.745313 0.028125 0.028125
0 0.648438 0.804688 0.028125 0.028125
0 0.759375 0.640625 0.031250 0.031250
0 0.473438 0.929688 0.028125 0.028125
0 0.282813 0.476562 0.028125 0.028125
0 0.931250 0.976562 0.031250 0.034375
0 0.689063 0.406250 0.034375 0.031250
0 0.878125 0.803125 0.031250 0.031250
0 0.064062 0.306250 0.034375 0.031250
0 0.932813 0.943750 0.034375 0.031250
0 0.362500 0.889062 0.025000 0.028125
0 0.914062 0.729688 0.034375 0.034375
0 0.282813 0.739062 0.028125 0.028125
0 0.593750 0.495312 0.031250 0.028125
0 0.367188 0.395313 0.028125 0.028125
0 0.620313 0.790625 0.028125 0.031250
0 0.107813 0.540625 0.028125 0.031250
0 0.501563 0.945312 0.028125 0.028125
0 0.815625 0.575000 0.031250 0.031250
0 0.740625 0.446875 0.031250 0.031250
0 0.195312 0.392188 0.028125 0.028125
0 0.782813 0.525000 0.028125 0.031250
0 0.418750 0.959375 0.031250 0.031250
0 0.195312 0.459375 0.028125 0.031250
0 0.423438 0.692187 0.028125 0.028125
0 0.226562 0.304688 0.034375 0.034375
0 0.729688 0.556250 0.028125 0.031250
0 0.029687 0.306250 0.034375 0.031250
0 0.367188 0.759375 0.028125 0.031250
0 0.025000 0.556250 0.031250 0.031250
0 0.479687 0.660937 0.028125 0.028125
0 0.339062 0.773438 0.028125 0.028125
0 0.659375 0.387500 0.031250 0.031250
0 0.079687 0.589063 0.028125 0.028125
0 0.509375 0.350000 0.031250 0.031250
0 0.904687 0.696875 0.034375 0.031250
0 0.285938 0.307812 0.034375 0.034375
0 0.096875 0.306250 0.031250 0.031250
0 0.018750 0.507812 0.031250 0.034375
0 0.171875 0.306250 0.031250 0.031250
0 0.454688 0.350000 0.028125 0.031250
0 0.792188 0.493750 0.028125 0.031250
0 0.503125 0.779687 0.031250 0.028125
0 0.856250 0.625000 0.031250 0.031250
0 0.400000 0.310937 0.037500 0.034375
0 0.110937 0.340625 0.028125 0.031250
0 0.278125 0.806250 0.031250 0.031250
0 0.834375 0.603125 0.031250 0.031250
0 0.631250 0.371875 0.031250 0.031250
0 0.767188 0.470313 0.028125 0.028125
0 0.423438 0.626563 0.028125 0.028125
0 0.281250 0.707812 0.031250 0.028125
0 0.850000 0.571875 0.031250 0.031250
0 0.814063 0.518750 0.034375 0.031250
0 0.342187 0.310937 0.034375 0.034375
0 0.456250 0.315625 0.031250 0.031250
0 0.831250 0.543750 0.031250 0.031250
0 0.489063 0.323437 0.034375 0.034375
0 0.568750 0.345313 0.031250 0.034375
0 0.445312 0.978125 0.028125 0.031250
0 0.014063 0.451562 0.028125 0.028125
0 0.132812 0.585938 0.028125 0.028125
0 0.196875 0.523438 0.025000 0.028125
0 0.676562 0.720313 0.028125 0.028125
0 0.504687 0.976562 0.028125 0.028125
0 0.014063 0.335938 0.028125 0.028125
0 0.865625 0.600000 0.031250 0.031250
0 0.393750 0.978125 0.031250 0.031250
