0 0.584375 0.912500 0.031250 0.031250
0 0.546875 0.914062 0.031250 0.034375
0 0.923438 0.906250 0.034375 0.031250
0 0.896875 0.390625 0.031250 0.031250
0 0.740625 0.321875 0.031250 0.031250
0 0.668750 0.818750 0.031250 0.031250
0 0.721875 0.903125 0.031250 0.031250
0 0.459375 0.818750 0.031250 0.031250
0 0.921875 0.839063 0.031250 0.034375
0 0.943750 0.934375 0.031250 0.031250
0 0.703125 0.875000 0.031250 0.031250
0 0.443750 0.850000 0.031250 0.031250
0 0.671875 0.940625 0.031250 0.031250
0 0.865625 0.812500 0.031250 0.031250
0 0.803125 0.871875 0.031250 0.031250
0 0.870313 0.568750 0.028125 0.031250
0 0.845313 0.687500 0.034375 0.031250
0 0.928125 0.331250 0.031250 0.031250
0 0.635938 0.940625 0.028125 0.031250
0 0.443750 0.790625 0.031250 0.031250
0 0.900000 0.715625 0.031250 0.031250
0 0.884375 0.750000 0.031250 0.031250
0 0.742188 0.509375 0.034375 0.031250
0 0.443750 0.912500 0.031250 0.031250
0 0.825000 0.600000 0.031250 0.031250
0 0.518750 0.606250 0.031250 0.031250
0 0.818750 0.750000 0.031250 0.031250
0 0.637500 0.634375 0.031250 0.031250
0 0.865625 0.718750 0.031250 0.031250
0 0.656250 0.542188 0.031250 0.034375
0 0.771875 0.871875 0.031250 0.031250
0 0.890625 0.600000 0.031250 0.031250
0 0.912500 0.362500 0.031250 0.031250
0 0.934375 0.450000 0.031250 0.031250
0 0.590625 0.606250 0.031250 0.031250
0 0.903125 0.567187 0.031250 0.028125
0 0.903125 0.512500 0.031250 0.031250
0 0.759375 0.540625 0.031250 0.031250
0 0.653125 0.912500 0.031250 0.031250
0 0.731250 0.815625 0.031250 0.031250
0 0.906250 0.875000 0.031250 0.031250
0 0.881250 0.421875 0.031250 0.031250
0 0.856250 0.843750 0.031250 0.031250
0 0.659375 0.362500 0.031250 0.031250
0 0.860938 0.656250 0.034375 0.031250
0 0.539062 0.575000 0.034375 0.031250
0 0.515625 0.662500 0.031250 0.031250
0 0.757812 0.464062 0.034375 0.034375
0 0.590625 0.484375 0.031250 0.031250
0 0.948438 0.360938 0.034375 0.034375
0 0.675000 0.453125 0.031250 0.031250
0 0.462500 0.881250 0.031250 0.031250
0 0.725000 0.540625 0.031250 0.031250
0 0.553125 0.971875 0.031250 0.031250
0 0.837500 0.568750 0.031250 0.031250
0 0.776563 0.318750 0.028125 0.031250
0 0.496875 0.575000 0.031250 0.031250
0 0.345313 0.853125 0.034375 0.031250
0 0.771875 0.496875 0.031250 0.031250
0 0.787500 0.600000 0.031250 0.031250
0 0.675000 0.509375 0.031250 0.031250
0 0.340625 0.790625 0.031250 0.031250
0 0.928125 0.271875 0.031250 0.031250
0 0.934375 0.392188 0.031250 0.034375
0 0.728125 0.410938 0.031250 0.034375
0 0.496875 0.634375 0.031250 0.031250
0 0.970313 0.507812 0.034375 0.034375
0 0.642188 0.392188 0.034375 0.034375
0 0.950000 0.740625 0.031250 0.031250
0 0.825000 0.468750 0.031250 0.031250
0 0.746875 0.381250 0.031250 0.031250
0 0.793750 0.409375 0.031250 0.031250
0 0.693750 0.656250 0.031250 0.031250
0 0.531250 0.693750 0.031250 0.031250
0 0.496875 0.696875 0.031250 0.031250
0 0.640625 0.510938 0.031250 0.034375
0 0.693750 0.421875 0.031250 0.031250
0 0.878125 0.934375 0.031250 0.031250
0 0.603125 0.635938 0.031250 0.028125
0 0.725000 0.964063 0.031250 0.034375
0 0.756250 0.290625 0.031250 0.031250
0 0.725000 0.596875 0.031250 0.031250
0 0.625000 0.421875 0.031250 0.031250
0 0.428125 0.881250 0.031250 0.031250
0 0.840625 0.871875 0.031250 0.031250
0 0.825000 0.340625 0.031250 0.031250
0 0.575000 0.515625 0.031250 0.031250
0 0.731250 0.721875 0.031250 0.031250
0 0.712500 0.628125 0.031250 0.031250
0 0.556250 0.485938 0.031250 0.034375
0 0.762500 0.350000 0.031250 0.031250
0 0.479687 0.909375 0.034375 0.031250
0 0.709375 0.381250 0.031250 0.031250
0 0.950000 0.421875 0.031250 0.031250
0 0.487500 0.485938 0.031250 0.034375
0 0.510938 0.789062 0.034375 0.034375
0 0.393750 0.759375 0.031250 0.031250
0 0.778125 0.690625 0.031250 0.031250
0 0.917188 0.421875 0.028125 0.031250
0 0.709375 0.325000 0.031250 0.031250
0 0.446875 0.604688 0.031250 0.028125
0 0.606250 0.453125 0.031250 0.031250
0 0.937500 0.568750 0.031250 0.031250
0 0.675000 0.628125 0.031250 0.031250
0 0.498437 0.945312 0.034375 0.034375
0 0.809375 0.312500 0.031250 0.031250
0 0.481250 0.606250 0.031250 0.031250
0 0.743750 0.782813 0.031250 0.034375
0 0.637500 0.573438 0.031250 0.034375
0 0.709375 0.687500 0.031250 0.031250
0 0.587500 0.548438 0.031250 0.034375
0 0.825000 0.276562 0.031250 0.034375
0 0.617188 0.854688 0.028125 0.028125
0 0.759375 0.964063 0.031250 0.034375
0 0.834375 0.814063 0.031250 0.034375
0 0.659375 0.421875 0.031250 0.031250
0 0.431250 0.575000 0.031250 0.031250
0 0.812500 0.687500 0.031250 0.031250
0 0.743750 0.690625 0.031250 0.031250
0 0.378125 0.970313 0.031250 0.034375
0 0.850000 0.431250 0.031250 0.031250
0 0.778125 0.782813 0.031250 0.034375
0 0.782813 0.750000 0.034375 0.031250
0 0.962500 0.904687 0.031250 0.034375
0 0.409375 0.790625 0.031250 0.031250
0 0.676562 0.682813 0.028125 0.028125
0 0.546875 0.721875 0.031250 0.031250
0 0.806250 0.500000 0.031250 0.031250
0 0.792188 0.468750 0.028125 0.031250
0 0.968750 0.803125 0.031250 0.031250
0 0.323437 0.823438 0.034375 0.034375
0 0.909375 0.243750 0.031250 0.031250
0 0.512500 0.725000 0.031250 0.031250
0 0.725000 0.293750 0.031250 0.031250
0 0.854688 0.903125 0.034375 0.031250
0 0.653125 0.970313 0.031250 0.028125
0 0.871875 0.243750 0.031250 0.031250
0 0.825000 0.528125 0.031250 0.031250
0 0.620313 0.970313 0.028125 0.028125
0 0.668750 0.881250 0.031250 0.031250
0 0.800000 0.812500 0.031250 0.031250
0 0.520312 0.423438 0.034375 0.034375
0 0.759375 0.659375 0.031250 0.031250
0 0.932813 0.806250 0.034375 0.031250
0 0.914062 0.776563 0.034375 0.034375
0 0.412500 0.850000 0.031250 0.031250
0 0.650000 0.853125 0.031250 0.031250
0 0.395313 0.571875 0.034375 0.031250
0 0.964063 0.967187 0.034375 0.034375
0 0.587500 0.970313 0.031250 0.028125
0 0.378125 0.851562 0.031250 0.034375
0 0.912500 0.684375 0.031250 0.031250
0 0.978125 0.300000 0.031250 0.031250
0 0.946875 0.682813 0.031250 0.034375
0 0.673438 0.317188 0.034375 0.034375
0 0.878125 0.631250 0.031250 0.031250
0 0.806250 0.248438 0.031250 0.034375
0 0.896875 0.965625 0.031250 0.031250
0 0.600000 0.884375 0.031250 0.031250
0 0.462500 0.700000 0.031250 0.031250
0 0.943750 0.239063 0.031250 0.034375
0 0.787500 0.843750 0.031250 0.031250
0 0.693750 0.353125 0.031250 0.031250
0 0.446875 0.667188 0.031250 0.034375
0 0.634375 0.881250 0.031250 0.031250
0 0.339062 0.915625 0.034375 0.031250
0 0.371875 0.914062 0.031250 0.034375
0 0.631250 0.823438 0.031250 0.028125
0 0.546875 0.856250 0.031250 0.031250
0 0.618750 0.665625 0.031250 0.031250
0 0.859375 0.464062 0.031250 0.034375
0 0.860938 0.395313 0.034375 0.034375
0 0.775000 0.932813 0.031250 0.034375
0 0.631250 0.714063 0.031250 0.034375
0 0.871875 0.875000 0.031250 0.031250
0 0.532813 0.823438 0.034375 0.034375
0 0.831250 0.718750 0.031250 0.031250
0 0.354687 0.757812 0.034375 0.034375
0 0.887500 0.903125 0.031250 0.031250
0 0.959375 0.271875 0.031250 0.031250
0 0.843750 0.306250 0.031250 0.031250
0 0.412500 0.671875 0.031250 0.031250
0 0.396875 0.700000 0.031250 0.031250
0 0.978125 0.771875 0.031250 0.031250
0 0.787500 0.903125 0.031250 0.031250
0 0.978125 0.937500 0.031250 0.031250
0 0.365625 0.635938 0.031250 0.034375
0 0.718750 0.751563 0.031250 0.034375
0 0.860938 0.335938 0.034375 0.034375
0 0.359375 0.821875 0.031250 0.031250
0 0.650000 0.743750 0.031250 0.031250
0 0.698438 0.718750 0.034375 0.031250
0 0.428125 0.700000 0.031250 0.031250
0 0.676562 0.782813 0.034375 0.034375
0 0.515625 0.851562 0.031250 0.034375
0 0.506250 0.517188 0.031250 0.034375
0 0.828125 0.406250 0.031250 0.031250
0 0.878125 0.303125 0.031250 0.031250
0 0.539062 0.515625 0.034375 0.031250
0 0.878125 0.362500 0.031250 0.031250
0 0.804688 0.557813 0.034375 0.034375
0 0.706250 0.937500 0.031250 0.031250
0 0.503125 0.453125 0.031250 0.031250
0 0.684375 0.750000 0.031250 0.031250
0 0.943750 0.303125 0.031250 0.031250
0 0.584375 0.665625 0.031250 0.031250
0 0.812500 0.376563 0.031250 0.034375
0 0.568750 0.943750 0.031250 0.031250
0 0.600000 0.696875 0.031250 0.031250
0 0.740625 0.932813 0.031250 0.034375
0 0.581250 0.856250 0.031250 0.031250
0 0.565625 0.690625 0.031250 0.031250
0 0.750000 0.843750 0.031250 0.031250
0 0.446875 0.542188 0.031250 0.034375
0 0.756250 0.901563 0.031250 0.028125
0 0.396875 0.940625 0.031250 0.031250
0 0.468750 0.515625 0.031250 0.031250
0 0.767188 0.814063 0.034375 0.034375
0 0.568750 0.635938 0.031250 0.028125
0 0.446875 0.731250 0.031250 0.031250
0 0.495312 0.818750 0.028125 0.031250
0 0.712500 0.448437 0.031250 0.034375
0 0.496875 0.881250 0.031250 0.031250
0 0.954688 0.537500 0.028125 0.031250
0 0.575000 0.392188 0.031250 0.034375
0 0.750000 0.750000 0.031250 0.031250
0 0.879687 0.687500 0.028125 0.031250
0 0.534375 0.634375 0.031250 0.031250
0 0.690625 0.968750 0.031250 0.031250
0 0.928125 0.656250 0.031250 0.031250
0 0.845313 0.368750 0.034375 0.031250
0 0.812500 0.437500 0.031250 0.031250
0 0.821875 0.843750 0.031250 0.031250
0 0.840625 0.496875 0.031250 0.031250
0 0.621875 0.603125 0.031250 0.031250
0 0.646875 0.793750 0.031250 0.031250
0 0.390625 0.882812 0.031250 0.034375
0 0.687500 0.909375 0.031250 0.031250
0 0.887500 0.481250 0.031250 0.031250
0 0.592187 0.364063 0.034375 0.034375
0 0.565625 0.884375 0.031250 0.031250
0 0.396875 0.642188 0.031250 0.034375
0 0.814063 0.782813 0.034375 0.034375
0 0.910937 0.626563 0.028125 0.028125
0 0.409375 0.909375 0.031250 0.031250
0 0.606250 0.515625 0.031250 0.031250
0 0.726562 0.479687 0.034375 0.034375
0 0.478125 0.728125 0.031250 0.031250
0 0.518750 0.546875 0.031250 0.031250
0 0.606250 0.392188 0.031250 0.028125
0 0.512500 0.912500 0.031250 0.031250
0 0.537500 0.396875 0.031250 0.031250
0 0.462500 0.760938 0.031250 0.028125
0 0.495312 0.756250 0.028125 0.031250
0 0.937500 0.506250 0.031250 0.031250
0 0.301563 0.851562 0.034375 0.034375
0 0.484375 0.543750 0.031250 0.031250
0 0.432812 0.509375 0.034375 0.031250
0 0.718750 0.845313 0.031250 0.034375
0 0.707812 0.784375 0.034375 0.031250
0 0.798438 0.718750 0.028125 0.031250
0 0.354687 0.885938 0.034375 0.034375
0 0.839063 0.243750 0.034375 0.031250
0 0.609375 0.740625 0.031250 0.031250
0 0.918750 0.479687 0.031250 0.028125
0 0.893750 0.334375 0.031250 0.031250
0 0.317188 0.946875 0.034375 0.031250
0 0.378125 0.604688 0.031250 0.034375
0 0.918750 0.743750 0.031250 0.031250
0 0.589063 0.423438 0.034375 0.034375
0 0.921875 0.535937 0.031250 0.028125
0 0.900000 0.812500 0.031250 0.031250
0 0.354687 0.943750 0.034375 0.031250
0 0.398438 0.498437 0.034375 0.034375
0 0.770312 0.254688 0.034375 0.034375
0 0.381250 0.671875 0.031250 0.031250
0 0.887500 0.843750 0.031250 0.031250
0 0.620313 0.543750 0.028125 0.031250
0 0.412500 0.729688 0.031250 0.028125
0 0.478125 0.850000 0.031250 0.031250
0 0.684375 0.846875 0.031250 0.031250
0 0.534375 0.945312 0.031250 0.028125
0 0.376563 0.787500 0.034375 0.031250
0 0.965625 0.709375 0.031250 0.031250
0 0.895312 0.657813 0.028125 0.028125
0 0.479687 0.789062 0.028125 0.028125
0 0.775000 0.568750 0.031250 0.031250
0 0.971875 0.565625 0.031250 0.031250
0 0.846875 0.781250 0.031250 0.031250
0 0.726562 0.351562 0.028125 0.028125
0 0.821875 0.903125 0.031250 0.031250
0 0.359375 0.700000 0.031250 0.031250
0 0.928125 0.965625 0.031250 0.031250
0 0.939063 0.876563 0.034375 0.034375
0 0.340625 0.976562 0.031250 0.034375
0 0.646875 0.687500 0.031250 0.031250
0 0.360938 0.567187 0.034375 0.034375
0 0.689063 0.540625 0.028125 0.031250
0 0.678125 0.392188 0.031250 0.028125
0 0.390625 0.818750 0.031250 0.031250
0 0.965625 0.390625 0.031250 0.031250
0 0.428125 0.821875 0.031250 0.031250
0 0.953125 0.478125 0.031250 0.031250
0 0.853125 0.540625 0.031250 0.031250
0 0.923438 0.596875 0.028125 0.031250
0 0.428125 0.759375 0.031250 0.031250
0 0.871875 0.512500 0.031250 0.031250
0 0.528125 0.884375 0.031250 0.031250
0 0.778125 0.378125 0.031250 0.031250
0 0.618750 0.912500 0.031250 0.031250
0 0.745313 0.631250 0.028125 0.031250
0 0.690625 0.596875 0.031250 0.031250
0 0.415625 0.971875 0.031250 0.031250
0 0.792188 0.965625 0.028125 0.031250
0 0.707812 0.568750 0.028125 0.031250
0 0.410938 0.535937 0.034375 0.034375
0 0.550000 0.664062 0.031250 0.028125
0 0.414062 0.606250 0.034375 0.031250
0 0.553125 0.604688 0.031250 0.028125
0 0.623437 0.362500 0.034375 0.031250
0 0.787500 0.528125 0.031250 0.031250
0 0.481250 0.665625 0.031250 0.031250
0 0.790625 0.284375 0.031250 0.031250
0 0.840625 0.628125 0.031250 0.031250
0 0.625000 0.481250 0.031250 0.031250
0 0.859375 0.278125 0.031250 0.031250
0 0.657813 0.479687 0.028125 0.028125
0 0.673438 0.568750 0.028125 0.031250
0 0.960938 0.651563 0.034375 0.034375
0 0.910937 0.937500 0.028125 0.031250
0 0.601562 0.317188 0.034375 0.034375
0 0.946875 0.775000 0.031250 0.031250
0 0.737500 0.875000 0.031250 0.031250
0 0.315625 0.760938 0.037500 0.034375
0 0.862500 0.964063 0.031250 0.034375
0 0.901563 0.453125 0.028125 0.031250
0 0.571875 0.453125 0.031250 0.031250
0 0.965625 0.859375 0.031250 0.031250
0 0.932813 0.714063 0.028125 0.028125
0 0.665625 0.714063 0.031250 0.028125
0 0.709375 0.510938 0.031250 0.028125
0 0.968750 0.448437 0.031250 0.034375
0 0.756250 0.600000 0.031250 0.031250
0 0.693750 0.481250 0.031250 0.031250
0 0.428125 0.940625 0.031250 0.031250
0 0.642188 0.332813 0.034375 0.034375
0 0.581250 0.721875 0.031250 0.031250
0 0.742188 0.570312 0.028125 0.028125
0 0.850000 0.751563 0.031250 0.034375
0 0.551562 0.362500 0.034375 0.031250
0 0.889062 0.539062 0.028125 0.028125
0 0.881250 0.781250 0.031250 0.031250
0 0.765625 0.718750 0.031250 0.031250
0 0.320312 0.882812 0.034375 0.034375
0 0.432812 0.456250 0.034375 0.037500
0 0.521875 0.484375 0.031250 0.031250
0 0.809375 0.934375 0.031250 0.031250
0 0.760938 0.409375 0.028125 0.031250
0 0.431250 0.634375 0.031250 0.031250
0 0.453125 0.481250 0.031250 0.031250
0 0.628125 0.767188 0.031250 0.028125
0 0.518750 0.368750 0.031250 0.031250
0 0.942187 0.626563 0.028125 0.028125
0 0.642188 0.453125 0.028125 0.031250
0 0.910937 0.301563 0.028125 0.028125
0 0.556250 0.425000 0.031250 0.031250
0 0.656250 0.600000 0.031250 0.031250
0 0.378125 0.729688 0.031250 0.028125
0 0.570312 0.332813 0.034375 0.034375
0 0.603125 0.940625 0.031250 0.031250
0 0.700000 0.815625 0.031250 0.031250
0 0.465625 0.575000 0.031250 0.031250
0 0.537500 0.453125 0.031250 0.031250
0 0.470313 0.450000 0.034375 0.031250
0 0.962500 0.331250 0.031250 0.031250
0 0.553125 0.543750 0.031250 0.031250
0 0.464062 0.939063 0.028125 0.028125
0 0.954688 0.831250 0.028125 0.031250
0 0.975000 0.242188 0.031250 0.034375
0 0.726562 0.657813 0.028125 0.028125
0 0.520312 0.973437 0.028125 0.028125
0 0.806250 0.629687 0.031250 0.028125
0 0.378125 0.535937 0.037500 0.034375
0 0.857812 0.598437 0.028125 0.028125
0 0.659375 0.656250 0.031250 0.031250
0 0.735938 0.259375 0.034375 0.031250
0 0.825000 0.657813 0.031250 0.028125
0 0.343750 0.668750 0.031250 0.031250
0 0.892188 0.271875 0.028125 0.031250
0 0.979688 0.360938 0.034375 0.034375
0 0.345313 0.604688 0.034375 0.034375
0 0.598437 0.828125 0.028125 0.031250
0 0.793750 0.659375 0.031250 0.031250
0 0.629687 0.300000 0.034375 0.037500
0 0.331250 0.640625 0.031250 0.031250
0 0.343750 0.725000 0.031250 0.031250
0 0.840625 0.932813 0.031250 0.034375
0 0.571875 0.575000 0.031250 0.031250
0 0.612500 0.798438 0.031250 0.028125
0 0.304688 0.795312 0.034375 0.034375
0 0.464062 0.634375 0.028125 0.031250
0 0.498437 0.398438 0.034375 0.034375
0 0.301563 0.914062 0.034375 0.034375
0 0.606250 0.575000 0.031250 0.031250
0 0.778125 0.439063 0.025000 0.028125
0 0.528125 0.756250 0.031250 0.031250
0 0.978125 0.681250 0.031250 0.031250
0 0.465625 0.418750 0.037500 0.037500
0 0.310937 0.726562 0.034375 0.034375
0 0.320312 0.692187 0.034375 0.034375
0 0.303125 0.978125 0.031250 0.031250
0 0.825000 0.962500 0.031250 0.031250
0 0.660937 0.284375 0.034375 0.037500
0 0.693750 0.276562 0.037500 0.034375
0 0.793750 0.346875 0.031250 0.031250
