0 0.059375 0.129688 0.031250 0.034375
0 0.121875 0.064062 0.031250 0.034375
0 0.118750 0.134375 0.031250 0.031250
0 0.060937 0.548438 0.034375 0.034375
0 0.093750 0.081250 0.031250 0.031250
0 0.059375 0.267188 0.031250 0.034375
0 0.090625 0.318750 0.031250 0.031250
0 0.059375 0.095312 0.031250 0.034375
0 0.087500 0.354687 0.031250 0.034375
0 0.087500 0.423438 0.031250 0.028125
0 0.028125 0.215625 0.031250 0.031250
0 0.057813 0.198437 0.034375 0.034375
0 0.115625 0.439063 0.031250 0.028125
0 0.028125 0.250000 0.031250 0.031250
0 0.028125 0.356250 0.031250 0.031250
0 0.118750 0.167187 0.031250 0.034375
0 0.059375 0.303125 0.031250 0.031250
0 0.028125 0.146875 0.031250 0.031250
0 0.089063 0.529687 0.034375 0.034375
0 0.028125 0.079687 0.031250 0.034375
0 0.087500 0.495312 0.031250 0.034375
0 0.087500 0.284375 0.031250 0.031250
0 0.028125 0.459375 0.031250 0.031250
0 0.059375 0.165625 0.031250 0.031250
0 0.056250 0.407813 0.031250 0.028125
0 0.120313 0.028125 0.034375 0.031250
0 0.087500 0.387500 0.031250 0.031250
0 0.121875 0.100000 0.031250 0.031250
0 0.089063 0.215625 0.034375 0.031250
0 0.032813 0.603125 0.034375 0.031250
0 0.154688 0.079687 0.034375 0.034375
0 0.150000 0.421875 0.031250 0.031250
0 0.056250 0.440625 0.031250 0.031250
0 0.059375 0.512500 0.031250 0.031250
0 0.029687 0.639062 0.034375 0.034375
0 0.039062 0.689063 0.034375 0.034375
0 0.120313 0.267188 0.034375 0.034375
0 0.062500 0.062500 0.031250 0.031250
0 0.031250 0.493750 0.031250 0.031250
0 0.114062 0.476562 0.034375 0.034375
0 0.125000 0.201563 0.031250 0.034375
0 0.056250 0.371875 0.031250 0.031250
0 0.028125 0.531250 0.031250 0.031250
0 0.090625 0.146875 0.031250 0.031250
0 0.060937 0.660937 0.034375 0.034375
0 0.154688 0.112500 0.034375 0.037500
0 0.028125 0.318750 0.031250 0.031250
0 0.026562 0.387500 0.028125 0.031250
0 0.089063 0.182812 0.034375 0.034375
0 0.057813 0.475000 0.034375 0.031250
0 0.060937 0.587500 0.034375 0.037500
0 0.154688 0.148438 0.034375 0.034375
0 0.087500 0.250000 0.031250 0.031250
0 0.084375 0.456250 0.031250 0.031250
0 0.154688 0.217188 0.034375 0.034375
0 0.059375 0.234375 0.031250 0.031250
0 0.090625 0.115625 0.031250 0.031250
0 0.056250 0.337500 0.031250 0.031250
0 0.076563 0.632812 0.034375 0.034375
0 0.031250 0.046875 0.031250 0.031250
0 0.151562 0.043750 0.034375 0.031250
0 0.031250 0.565625 0.031250 0.031250
0 0.031250 0.284375 0.031250 0.031250
0 0.028125 0.425000 0.031250 0.031250
0 0.154688 0.182812 0.034375 0.034375
0 0.154688 0.285938 0.034375 0.034375
0 0.090625 0.043750 0.031250 0.031250
0 0.118750 0.303125 0.031250 0.031250
0 0.020313 0.717187 0.034375 0.034375
0 0.107813 0.570312 0.034375 0.034375
0 0.115625 0.406250 0.031250 0.031250
0 0.062500 0.029687 0.031250 0.034375
0 0.028125 0.181250 0.031250 0.031250
0 0.157812 0.253125 0.034375 0.031250
0 0.151562 0.390625 0.034375 0.031250
0 0.143750 0.457813 0.037500 0.034375
0 0.095312 0.601562 0.034375 0.034375
0 0.120313 0.539062 0.034375 0.034375
0 0.028125 0.115625 0.031250 0.031250
0 0.129688 0.507812 0.034375 0.034375
0 0.118750 0.334375 0.031250 0.031250
0 0.118750 0.234375 0.031250 0.031250
0 0.120313 0.371875 0.034375 0.031250
0 0.154688 0.321875 0.034375 0.031250
