0 0.839063 0.632812 0.028125 0.028125
0 0.721875 0.906250 0.031250 0.031250
0 0.765625 0.542188 0.031250 0.028125
0 0.953125 0.865625 0.031250 0.031250
0 0.651563 0.757812 0.028125 0.028125
0 0.870313 0.889062 0.028125 0.028125
0 0.640625 0.928125 0.031250 0.031250
0 0.935937 0.692187 0.028125 0.028125
0 0.810937 0.828125 0.028125 0.031250
0 0.876563 0.412500 0.028125 0.031250
0 0.873437 0.634375 0.028125 0.031250
0 0.598437 0.837500 0.028125 0.031250
0 0.429688 0.934375 0.028125 0.031250
0 0.940625 0.581250 0.031250 0.031250
0 0.910937 0.776563 0.028125 0.028125
0 0.860938 0.803125 0.028125 0.031250
0 0.768750 0.935937 0.031250 0.028125
0 0.843750 0.578125 0.031250 0.031250
0 0.857812 0.857812 0.028125 0.028125
0 0.765625 0.454688 0.031250 0.028125
0 0.884375 0.917188 0.031250 0.028125
0 0.485938 0.854688 0.028125 0.028125
0 0.815625 0.431250 0.031250 0.031250
0 0.754687 0.653125 0.028125 0.031250
0 0.526563 0.945312 0.028125 0.028125
0 0.956250 0.381250 0.031250 0.031250
0 0.814063 0.770312 0.028125 0.028125
0 0.851562 0.718750 0.028125 0.031250
0 0.828125 0.800000 0.031250 0.031250
0 0.920312 0.665625 0.028125 0.031250
0 0.581250 0.864062 0.031250 0.028125
0 0.832812 0.742188 0.028125 0.028125
0 0.684375 0.759375 0.031250 0.031250
0 0.376563 0.817187 0.028125 0.028125
0 0.909375 0.525000 0.031250 0.031250
0 0.396875 0.731250 0.031250 0.031250
0 0.717187 0.962500 0.028125 0.031250
0 0.473438 0.587500 0.028125 0.031250
0 0.460938 0.792188 0.028125 0.028125
0 0.632812 0.840625 0.028125 0.031250
0 0.951562 0.723437 0.028125 0.028125
0 0.940625 0.468750 0.031250 0.031250
0 0.467187 0.882812 0.028125 0.028125
0 0.585938 0.807813 0.028125 0.028125
0 0.815625 0.518750 0.031250 0.031250
0 0.798438 0.546875 0.028125 0.031250
0 0.379688 0.760938 0.028125 0.028125
0 0.907813 0.409375 0.028125 0.031250
0 0.682813 0.560937 0.028125 0.028125
0 0.789062 0.909375 0.028125 0.031250
0 0.917188 0.918750 0.028125 0.031250
0 0.395313 0.790625 0.028125 0.031250
0 0.576562 0.920312 0.028125 0.028125
0 0.435937 0.878125 0.028125 0.031250
0 0.900000 0.746875 0.031250 0.031250
0 0.957812 0.551562 0.028125 0.028125
0 0.817187 0.714063 0.028125 0.028125
0 0.775000 0.626563 0.031250 0.028125
0 0.343750 0.875000 0.031250 0.031250
0 0.917188 0.720313 0.028125 0.028125
0 0.496875 0.673438 0.031250 0.028125
0 0.540625 0.775000 0.031250 0.031250
0 0.821875 0.659375 0.031250 0.031250
0 0.446875 0.706250 0.031250 0.031250
0 0.364063 0.734375 0.028125 0.031250
0 0.604688 0.721875 0.028125 0.031250
0 0.800000 0.940625 0.031250 0.031250
0 0.798438 0.742188 0.028125 0.028125
0 0.834375 0.940625 0.031250 0.031250
0 0.701562 0.673438 0.028125 0.028125
0 0.748437 0.767188 0.028125 0.028125
0 0.653125 0.640625 0.031250 0.031250
0 0.685937 0.417187 0.028125 0.028125
0 0.739062 0.935937 0.028125 0.028125
0 0.964063 0.751563 0.028125 0.028125
0 0.582812 0.542188 0.028125 0.028125
0 0.782813 0.968750 0.028125 0.031250
0 0.496875 0.731250 0.031250 0.031250
0 0.742188 0.878125 0.028125 0.031250
0 0.607812 0.923438 0.028125 0.028125
0 0.659375 0.585938 0.031250 0.028125
0 0.832812 0.492188 0.028125 0.028125
0 0.464062 0.735938 0.028125 0.028125
0 0.728125 0.850000 0.031250 0.031250
0 0.548438 0.539062 0.028125 0.028125
0 0.440625 0.821875 0.031250 0.031250
0 0.831250 0.459375 0.031250 0.031250
0 0.890625 0.606250 0.031250 0.031250
0 0.375000 0.875000 0.031250 0.031250
0 0.907813 0.832812 0.028125 0.028125
0 0.971875 0.409375 0.031250 0.031250
0 0.785937 0.710938 0.028125 0.028125
0 0.937500 0.637500 0.031250 0.031250
0 0.759375 0.850000 0.031250 0.031250
0 0.389062 0.845313 0.028125 0.028125
0 0.707812 0.620313 0.028125 0.028125
0 0.539062 0.973437 0.028125 0.028125
0 0.454688 0.851562 0.028125 0.028125
0 0.968750 0.637500 0.031250 0.031250
0 0.531250 0.887500 0.031250 0.031250
0 0.867188 0.945312 0.028125 0.028125
0 0.856250 0.325000 0.031250 0.031250
0 0.931250 0.948438 0.031250 0.028125
0 0.753125 0.709375 0.031250 0.031250
0 0.428125 0.673438 0.031250 0.034375
0 0.923438 0.609375 0.028125 0.031250
0 0.920312 0.862500 0.028125 0.031250
0 0.876563 0.468750 0.028125 0.031250
0 0.371875 0.646875 0.031250 0.031250
0 0.873437 0.831250 0.028125 0.031250
0 0.712500 0.818750 0.031250 0.031250
0 0.957812 0.807813 0.028125 0.028125
0 0.698438 0.790625 0.028125 0.031250
0 0.676562 0.873437 0.028125 0.028125
0 0.628125 0.662500 0.031250 0.031250
0 0.904687 0.889062 0.028125 0.028125
0 0.818750 0.912500 0.031250 0.031250
0 0.792188 0.853125 0.028125 0.031250
0 0.404687 0.876563 0.028125 0.028125
0 0.764062 0.795312 0.028125 0.028125
0 0.782813 0.428125 0.028125 0.031250
0 0.620313 0.754687 0.028125 0.028125
0 0.564063 0.567187 0.028125 0.028125
0 0.806250 0.881250 0.031250 0.031250
0 0.771875 0.881250 0.031250 0.031250
0 0.362500 0.789062 0.031250 0.028125
0 0.893750 0.804688 0.031250 0.028125
0 0.721875 0.650000 0.031250 0.031250
0 0.476562 0.968750 0.028125 0.031250
0 0.925000 0.806250 0.031250 0.031250
0 0.514062 0.914062 0.028125 0.028125
0 0.571875 0.976562 0.031250 0.028125
0 0.690625 0.904687 0.031250 0.028125
0 0.776563 0.823438 0.028125 0.028125
0 0.506250 0.506250 0.031250 0.031250
0 0.512500 0.700000 0.031250 0.031250
0 0.676562 0.475000 0.028125 0.031250
0 0.457813 0.557813 0.028125 0.028125
0 0.350000 0.912500 0.031250 0.031250
0 0.889062 0.664062 0.028125 0.028125
0 0.753125 0.512500 0.031250 0.031250
0 0.643750 0.870313 0.031250 0.028125
0 0.479687 0.910937 0.028125 0.028125
0 0.695312 0.846875 0.028125 0.031250
0 0.796875 0.459375 0.031250 0.031250
0 0.843750 0.412500 0.031250 0.031250
0 0.589063 0.748437 0.028125 0.028125
0 0.750000 0.425000 0.031250 0.031250
0 0.795312 0.795312 0.028125 0.028125
0 0.517188 0.859375 0.028125 0.031250
0 0.907813 0.353125 0.028125 0.031250
0 0.860938 0.550000 0.028125 0.031250
0 0.893750 0.439063 0.031250 0.028125
0 0.859375 0.439063 0.031250 0.028125
0 0.670312 0.529687 0.028125 0.028125
0 0.710938 0.478125 0.028125 0.031250
0 0.839063 0.885938 0.028125 0.028125
0 0.598437 0.434375 0.028125 0.031250
0 0.478125 0.765625 0.031250 0.031250
0 0.684375 0.957812 0.031250 0.028125
0 0.681250 0.817187 0.031250 0.028125
0 0.742188 0.623437 0.028125 0.028125
0 0.876563 0.579688 0.028125 0.028125
0 0.729688 0.451562 0.028125 0.028125
0 0.535937 0.831250 0.028125 0.031250
0 0.745313 0.821875 0.028125 0.031250
0 0.668750 0.729688 0.031250 0.028125
0 0.760938 0.596875 0.028125 0.031250
0 0.901563 0.692187 0.028125 0.028125
0 0.443750 0.646875 0.031250 0.031250
0 0.554688 0.745313 0.028125 0.028125
0 0.732812 0.795312 0.028125 0.028125
0 0.907813 0.579688 0.028125 0.028125
0 0.750000 0.964063 0.031250 0.028125
0 0.659375 0.900000 0.031250 0.031250
0 0.545312 0.917188 0.028125 0.028125
0 0.667188 0.671875 0.028125 0.031250
0 0.554688 0.804688 0.028125 0.028125
0 0.909375 0.467187 0.031250 0.028125
0 0.721875 0.509375 0.031250 0.031250
0 0.826562 0.856250 0.028125 0.031250
0 0.879687 0.775000 0.028125 0.031250
0 0.951562 0.920312 0.028125 0.028125
0 0.573438 0.717187 0.028125 0.028125
0 0.828125 0.384375 0.031250 0.031250
0 0.971875 0.837500 0.031250 0.031250
0 0.651563 0.414062 0.028125 0.028125
0 0.792188 0.601562 0.028125 0.028125
0 0.559375 0.423438 0.031250 0.028125
0 0.657813 0.500000 0.028125 0.031250
0 0.542188 0.715625 0.028125 0.031250
0 0.321875 0.931250 0.031250 0.031250
0 0.625000 0.493750 0.031250 0.031250
0 0.604688 0.779687 0.028125 0.028125
0 0.728125 0.593750 0.031250 0.031250
0 0.825000 0.603125 0.031250 0.031250
0 0.854688 0.660937 0.028125 0.028125
0 0.968750 0.893750 0.031250 0.031250
0 0.425000 0.553125 0.031250 0.031250
0 0.956250 0.610938 0.031250 0.028125
0 0.504687 0.826562 0.028125 0.028125
0 0.409375 0.643750 0.031250 0.031250
0 0.748437 0.567187 0.028125 0.028125
0 0.440625 0.585938 0.031250 0.028125
0 0.925000 0.495312 0.031250 0.028125
0 0.904687 0.635938 0.028125 0.028125
0 0.650000 0.700000 0.031250 0.031250
0 0.523438 0.800000 0.028125 0.031250
0 0.350000 0.706250 0.031250 0.031250
0 0.879687 0.973437 0.028125 0.028125
0 0.654687 0.956250 0.028125 0.031250
0 0.868750 0.690625 0.031250 0.031250
0 0.673438 0.614062 0.028125 0.028125
0 0.846875 0.773438 0.031250 0.028125
0 0.864062 0.745313 0.028125 0.028125
0 0.801562 0.685937 0.028125 0.028125
0 0.612500 0.464062 0.031250 0.028125
0 0.459375 0.675000 0.031250 0.031250
0 0.889062 0.860938 0.028125 0.028125
0 0.595313 0.895312 0.028125 0.028125
0 0.810937 0.357812 0.028125 0.028125
0 0.475000 0.646875 0.031250 0.031250
0 0.573438 0.776563 0.028125 0.028125
0 0.953125 0.667188 0.031250 0.028125
0 0.481250 0.537500 0.031250 0.031250
0 0.690625 0.503125 0.031250 0.031250
0 0.710938 0.876563 0.028125 0.028125
0 0.560937 0.889062 0.028125 0.028125
0 0.973437 0.351562 0.028125 0.028125
0 0.893750 0.551562 0.031250 0.028125
0 0.525000 0.743750 0.031250 0.031250
0 0.496875 0.565625 0.031250 0.031250
0 0.682813 0.701562 0.028125 0.028125
0 0.393750 0.673438 0.031250 0.028125
0 0.717187 0.564063 0.028125 0.028125
0 0.528125 0.667188 0.031250 0.028125
0 0.848437 0.973437 0.028125 0.028125
0 0.635938 0.784375 0.028125 0.025000
0 0.973437 0.525000 0.028125 0.031250
0 0.696875 0.590625 0.031250 0.031250
0 0.857812 0.604688 0.028125 0.028125
0 0.925000 0.551562 0.031250 0.028125
0 0.910937 0.976562 0.028125 0.028125
0 0.337500 0.753125 0.031250 0.031250
0 0.835938 0.685937 0.028125 0.028125
0 0.421875 0.612500 0.031250 0.031250
0 0.551562 0.860938 0.028125 0.028125
0 0.704688 0.932813 0.028125 0.028125
0 0.454688 0.614062 0.028125 0.028125
0 0.665625 0.443750 0.031250 0.031250
0 0.767188 0.737500 0.028125 0.031250
0 0.443750 0.762500 0.031250 0.031250
0 0.956250 0.325000 0.031250 0.031250
0 0.768750 0.398438 0.031250 0.034375
0 0.860938 0.382812 0.028125 0.028125
0 0.357812 0.842187 0.028125 0.028125
0 0.331250 0.784375 0.031250 0.031250
0 0.618750 0.690625 0.031250 0.031250
0 0.875000 0.353125 0.031250 0.031250
0 0.553125 0.687500 0.031250 0.031250
0 0.806250 0.631250 0.031250 0.031250
0 0.779687 0.570312 0.028125 0.028125
0 0.492188 0.796875 0.028125 0.031250
0 0.650000 0.814063 0.031250 0.028125
0 0.942187 0.523438 0.028125 0.028125
0 0.600000 0.515625 0.031250 0.031250
0 0.584375 0.689063 0.031250 0.034375
0 0.664062 0.845313 0.028125 0.028125
0 0.842187 0.354687 0.028125 0.028125
0 0.939063 0.835938 0.028125 0.028125
0 0.637500 0.728125 0.031250 0.031250
0 0.443750 0.526563 0.031250 0.034375
0 0.393750 0.932813 0.031250 0.028125
0 0.718750 0.421875 0.031250 0.031250
0 0.754687 0.907813 0.028125 0.028125
0 0.465625 0.500000 0.031250 0.031250
0 0.773438 0.485938 0.028125 0.028125
0 0.784375 0.514062 0.031250 0.028125
0 0.770312 0.682813 0.028125 0.028125
0 0.667188 0.789062 0.028125 0.028125
0 0.935937 0.892188 0.028125 0.028125
0 0.696875 0.448437 0.031250 0.028125
0 0.742188 0.481250 0.028125 0.031250
0 0.846875 0.520312 0.031250 0.028125
0 0.573438 0.454688 0.028125 0.028125
0 0.348438 0.978125 0.028125 0.031250
0 0.703125 0.534375 0.031250 0.031250
0 0.509375 0.771875 0.031250 0.031250
0 0.973437 0.467187 0.028125 0.028125
0 0.634375 0.440625 0.031250 0.031250
0 0.487500 0.617188 0.031250 0.028125
0 0.800000 0.400000 0.031250 0.031250
0 0.810937 0.576562 0.028125 0.028125
0 0.895312 0.495312 0.028125 0.028125
0 0.381250 0.703125 0.031250 0.031250
0 0.414062 0.760938 0.028125 0.028125
0 0.670312 0.929688 0.028125 0.028125
0 0.898438 0.946875 0.028125 0.031250
0 0.921875 0.325000 0.031250 0.031250
0 0.735938 0.681250 0.028125 0.031250
0 0.940625 0.353125 0.031250 0.031250
0 0.617188 0.810937 0.028125 0.028125
0 0.732812 0.539062 0.028125 0.028125
0 0.732812 0.737500 0.028125 0.031250
0 0.626563 0.898438 0.028125 0.028125
0 0.945312 0.779687 0.028125 0.028125
0 0.817187 0.970313 0.028125 0.028125
0 0.479687 0.700000 0.028125 0.031250
0 0.617188 0.546875 0.028125 0.031250
0 0.704688 0.385937 0.028125 0.028125
0 0.381250 0.906250 0.031250 0.031250
0 0.448437 0.907813 0.028125 0.028125
0 0.651563 0.554688 0.028125 0.028125
0 0.973437 0.581250 0.028125 0.031250
0 0.342187 0.817187 0.028125 0.028125
0 0.589063 0.951562 0.028125 0.028125
0 0.879687 0.523438 0.028125 0.028125
0 0.685937 0.643750 0.028125 0.031250
0 0.714063 0.701562 0.028125 0.028125
0 0.637500 0.525000 0.031250 0.031250
0 0.923438 0.379688 0.028125 0.028125
0 0.498437 0.884375 0.028125 0.031250
0 0.517188 0.535937 0.028125 0.028125
0 0.926562 0.439063 0.028125 0.028125
0 0.587500 0.484375 0.031250 0.031250
0 0.442188 0.964063 0.028125 0.028125
0 0.715625 0.765625 0.031250 0.031250
0 0.853125 0.915625 0.031250 0.031250
0 0.325000 0.840625 0.031250 0.031250
0 0.415625 0.704688 0.031250 0.028125
0 0.406250 0.581250 0.031250 0.031250
0 0.789062 0.657813 0.028125 0.028125
0 0.495312 0.940625 0.028125 0.031250
0 0.790625 0.331250 0.031250 0.031250
0 0.956250 0.495312 0.031250 0.028125
0 0.409375 0.962500 0.031250 0.031250
0 0.703125 0.731250 0.031250 0.031250
0 0.968750 0.695312 0.031250 0.028125
0 0.614062 0.868750 0.028125 0.031250
0 0.473438 0.823438 0.028125 0.028125
0 0.645312 0.470313 0.028125 0.028125
0 0.779687 0.767188 0.028125 0.028125
0 0.321875 0.898438 0.031250 0.028125
0 0.823438 0.328125 0.028125 0.031250
0 0.423438 0.846875 0.028125 0.031250
0 0.428125 0.790625 0.031250 0.031250
0 0.414062 0.904687 0.028125 0.028125
0 0.409375 0.820312 0.031250 0.028125
0 0.629687 0.573438 0.028125 0.028125
0 0.460938 0.935937 0.028125 0.028125
0 0.890625 0.323437 0.031250 0.034375
0 0.387500 0.617188 0.031250 0.034375
0 0.623437 0.951562 0.028125 0.028125
0 0.978125 0.781250 0.031250 0.031250
0 0.360938 0.675000 0.028125 0.031250
0 0.864062 0.495312 0.028125 0.028125
0 0.610938 0.598437 0.028125 0.028125
0 0.734375 0.396875 0.031250 0.031250
0 0.350000 0.946875 0.031250 0.031250
0 0.639062 0.610938 0.028125 0.028125
0 0.557813 0.945312 0.028125 0.028125
0 0.431250 0.734375 0.031250 0.031250
0 0.567187 0.832812 0.028125 0.028125
0 0.940625 0.409375 0.031250 0.031250
0 0.829688 0.548438 0.028125 0.028125
0 0.893750 0.382812 0.031250 0.028125
0 0.556250 0.482812 0.031250 0.028125
0 0.596875 0.570312 0.025000 0.028125
0 0.507812 0.970313 0.028125 0.028125
0 0.539062 0.509375 0.028125 0.031250
0 0.637500 0.381250 0.031250 0.031250
0 0.570312 0.512500 0.028125 0.031250
0 0.687500 0.359375 0.031250 0.031250
0 0.509375 0.640625 0.031250 0.031250
0 0.321875 0.962500 0.031250 0.031250
0 0.801562 0.489063 0.028125 0.028125
0 0.931250 0.748437 0.031250 0.028125
0 0.884375 0.717187 0.031250 0.028125
0 0.596875 0.659375 0.031250 0.031250
0 0.620313 0.409375 0.028125 0.031250
0 0.378125 0.962500 0.031250 0.031250
0 0.531250 0.565625 0.025000 0.025000
0 0.979688 0.923438 0.028125 0.028125
0 0.671875 0.387500 0.031250 0.031250
0 0.587500 0.403125 0.031250 0.031250
0 0.842187 0.829688 0.028125 0.028125
0 0.617188 0.632812 0.028125 0.028125
0 0.557813 0.656250 0.034375 0.031250
0 0.960938 0.439063 0.028125 0.028125
0 0.603125 0.978125 0.025000 0.025000
0 0.510938 0.592187 0.028125 0.028125
0 0.490625 0.478125 0.031250 0.031250
0 0.637500 0.981250 0.025000 0.025000
