0 0.484375 0.671875 0.031250 0.031250
0 0.279687 0.473438 0.028125 0.028125
0 0.607812 0.857812 0.028125 0.028125
0 0.535937 0.570312 0.028125 0.028125
0 0.404687 0.784375 0.028125 0.031250
0 0.179688 0.951562 0.028125 0.028125
0 0.267188 0.901563 0.028125 0.028125
0 0.518750 0.810937 0.031250 0.028125
0 0.439063 0.926562 0.028125 0.028125
0 0.525000 0.971875 0.031250 0.031250
0 0.095312 0.871875 0.028125 0.031250
0 0.476562 0.479687 0.028125 0.028125
0 0.151562 0.904687 0.028125 0.028125
0 0.548438 0.828125 0.028125 0.031250
0 0.748437 0.867188 0.028125 0.028125
0 0.714063 0.723437 0.028125 0.028125
0 0.454688 0.625000 0.028125 0.031250
0 0.065625 0.921875 0.031250 0.031250
0 0.750000 0.737500 0.031250 0.031250
0 0.232813 0.726562 0.028125 0.028125
0 0.314063 0.643750 0.028125 0.031250
0 0.123438 0.951562 0.028125 0.028125
0 0.551562 0.857812 0.028125 0.028125
0 0.085938 0.645312 0.028125 0.028125
0 0.179688 0.920312 0.028125 0.028125
0 0.529687 0.476562 0.028125 0.028125
0 0.582812 0.935937 0.028125 0.028125
0 0.487500 0.764062 0.031250 0.028125
0 0.690625 0.804688 0.031250 0.028125
0 0.062500 0.890625 0.031250 0.031250
0 0.340625 0.595313 0.031250 0.028125
0 0.210938 0.968750 0.028125 0.031250
0 0.675000 0.614062 0.031250 0.028125
0 0.345313 0.690625 0.028125 0.031250
0 0.404687 0.751563 0.028125 0.028125
0 0.664062 0.885938 0.028125 0.028125
0 0.517188 0.779687 0.028125 0.028125
0 0.321875 0.835938 0.031250 0.028125
0 0.379688 0.864062 0.028125 0.028125
0 0.237500 0.920312 0.031250 0.028125
0 0.121875 0.921875 0.031250 0.031250
0 0.692187 0.901563 0.028125 0.028125
0 0.801562 0.698438 0.028125 0.028125
0 0.310937 0.550000 0.028125 0.031250
0 0.204687 0.775000 0.028125 0.025000
0 0.095312 0.935937 0.028125 0.028125
0 0.151562 0.935937 0.028125 0.028125
0 0.748437 0.835938 0.028125 0.028125
0 0.435937 0.831250 0.028125 0.031250
0 0.601562 0.760938 0.028125 0.028125
0 0.071875 0.478125 0.031250 0.031250
0 0.156250 0.398438 0.031250 0.028125
0 0.189062 0.453125 0.028125 0.031250
0 0.718750 0.787500 0.031250 0.031250
0 0.151562 0.873437 0.028125 0.028125
0 0.607812 0.889062 0.028125 0.028125
0 0.573438 0.779687 0.028125 0.028125
0 0.628125 0.742188 0.025000 0.028125
0 0.435937 0.862500 0.028125 0.031250
0 0.576562 0.810937 0.028125 0.028125
0 0.779687 0.848437 0.028125 0.028125
0 0.210938 0.935937 0.028125 0.028125
0 0.179688 0.854688 0.028125 0.028125
0 0.748437 0.801562 0.028125 0.028125
0 0.370312 0.576562 0.028125 0.028125
0 0.121875 0.856250 0.031250 0.031250
0 0.151562 0.967187 0.028125 0.028125
0 0.354687 0.946875 0.028125 0.031250
0 0.346875 0.754687 0.031250 0.028125
0 0.495312 0.926562 0.028125 0.028125
0 0.289062 0.692187 0.028125 0.028125
0 0.690625 0.835938 0.025000 0.028125
0 0.692187 0.868750 0.028125 0.025000
0 0.107813 0.532813 0.028125 0.028125
0 0.176563 0.792188 0.028125 0.028125
0 0.382812 0.960938 0.028125 0.028125
0 0.023438 0.560937 0.028125 0.028125
0 0.179688 0.823438 0.028125 0.028125
0 0.779687 0.882812 0.028125 0.028125
0 0.720313 0.851562 0.028125 0.028125
0 0.235937 0.854688 0.028125 0.028125
0 0.148438 0.807813 0.028125 0.028125
0 0.843750 0.768750 0.031250 0.031250
0 0.095312 0.970313 0.028125 0.028125
0 0.545312 0.764062 0.028125 0.028125
0 0.254688 0.345313 0.028125 0.028125
0 0.445312 0.467187 0.028125 0.028125
0 0.721875 0.884375 0.025000 0.025000
0 0.343750 0.626563 0.031250 0.028125
0 0.148438 0.842187 0.028125 0.028125
0 0.296875 0.390625 0.031250 0.031250
0 0.750000 0.768750 0.031250 0.031250
0 0.687500 0.745313 0.031250 0.028125
0 0.179688 0.889062 0.028125 0.028125
0 0.520312 0.845313 0.028125 0.028125
0 0.615625 0.421875 0.031250 0.031250
0 0.635938 0.904687 0.028125 0.028125
0 0.718750 0.820312 0.031250 0.028125
0 0.323437 0.898438 0.028125 0.028125
0 0.779687 0.751563 0.028125 0.028125
0 0.351562 0.882812 0.028125 0.028125
0 0.120313 0.826562 0.028125 0.028125
0 0.514062 0.717187 0.028125 0.028125
0 0.485938 0.734375 0.028125 0.031250
0 0.092188 0.807813 0.028125 0.028125
0 0.660937 0.820312 0.028125 0.028125
0 0.023438 0.342187 0.028125 0.028125
0 0.581250 0.343750 0.031250 0.031250
0 0.135937 0.478125 0.028125 0.031250
0 0.598437 0.729688 0.028125 0.028125
0 0.093750 0.906250 0.031250 0.031250
0 0.539062 0.635938 0.028125 0.028125
0 0.467187 0.909375 0.028125 0.031250
0 0.320312 0.867188 0.028125 0.028125
0 0.782813 0.548438 0.028125 0.028125
0 0.445312 0.432812 0.028125 0.028125
0 0.464062 0.846875 0.028125 0.031250
0 0.720313 0.753125 0.028125 0.031250
0 0.582812 0.409375 0.028125 0.031250
0 0.437500 0.895312 0.031250 0.028125
0 0.195312 0.493750 0.028125 0.031250
0 0.054688 0.625000 0.028125 0.031250
0 0.642188 0.506250 0.028125 0.031250
0 0.456250 0.689063 0.031250 0.028125
0 0.362500 0.454688 0.031250 0.028125
0 0.170313 0.632812 0.028125 0.028125
0 0.435937 0.798438 0.028125 0.028125
0 0.382812 0.929688 0.028125 0.028125
0 0.356250 0.293750 0.031250 0.031250
0 0.467187 0.878125 0.028125 0.031250
0 0.173437 0.317188 0.028125 0.028125
0 0.239063 0.951562 0.028125 0.028125
0 0.654687 0.726562 0.028125 0.028125
0 0.546875 0.793750 0.031250 0.031250
0 0.120313 0.792188 0.028125 0.028125
0 0.664062 0.851562 0.028125 0.028125
0 0.292187 0.853125 0.028125 0.031250
0 0.206250 0.839063 0.025000 0.028125
0 0.598437 0.698438 0.028125 0.028125
0 0.378125 0.832812 0.031250 0.028125
0 0.634375 0.839063 0.025000 0.028125
0 0.489063 0.795312 0.028125 0.028125
0 0.054688 0.451562 0.028125 0.028125
0 0.810937 0.764062 0.028125 0.028125
0 0.120313 0.760938 0.028125 0.028125
0 0.073438 0.585938 0.028125 0.028125
0 0.623437 0.679688 0.028125 0.028125
0 0.682813 0.710938 0.028125 0.028125
0 0.062500 0.856250 0.031250 0.031250
0 0.207813 0.904687 0.028125 0.028125
0 0.339062 0.323437 0.028125 0.028125
0 0.467187 0.942187 0.028125 0.028125
0 0.778125 0.784375 0.031250 0.031250
0 0.235937 0.885938 0.028125 0.028125
0 0.812500 0.610938 0.031250 0.034375
0 0.796875 0.575000 0.031250 0.031250
0 0.037500 0.937500 0.031250 0.031250
0 0.065625 0.954688 0.031250 0.028125
0 0.396875 0.300000 0.031250 0.031250
0 0.657813 0.757812 0.028125 0.028125
0 0.157812 0.290625 0.028125 0.031250
0 0.539062 0.701562 0.028125 0.028125
0 0.576562 0.842187 0.028125 0.028125
0 0.148438 0.776563 0.028125 0.028125
0 0.493750 0.331250 0.031250 0.031250
0 0.373437 0.673438 0.028125 0.028125
0 0.109375 0.315625 0.031250 0.031250
0 0.764062 0.575000 0.028125 0.031250
0 0.632812 0.807813 0.028125 0.028125
0 0.407813 0.879687 0.028125 0.028125
0 0.284375 0.596875 0.031250 0.031250
0 0.654687 0.695312 0.028125 0.028125
0 0.401562 0.689063 0.028125 0.028125
0 0.342187 0.657813 0.028125 0.028125
0 0.392188 0.498437 0.028125 0.028125
0 0.492188 0.829688 0.028125 0.028125
0 0.582812 0.970313 0.028125 0.028125
0 0.567187 0.682813 0.028125 0.028125
0 0.070312 0.423438 0.028125 0.028125
0 0.626563 0.710938 0.028125 0.028125
0 0.123438 0.342187 0.028125 0.028125
0 0.089063 0.557813 0.028125 0.028125
0 0.807813 0.732812 0.028125 0.028125
0 0.176563 0.757812 0.028125 0.028125
0 0.425000 0.576562 0.031250 0.028125
0 0.112500 0.601562 0.031250 0.028125
0 0.207813 0.873437 0.028125 0.028125
0 0.570312 0.714063 0.028125 0.028125
0 0.539062 0.670312 0.028125 0.028125
0 0.525000 0.379688 0.031250 0.028125
0 0.420312 0.514062 0.028125 0.028125
0 0.554688 0.393750 0.028125 0.031250
0 0.776563 0.720313 0.028125 0.028125
0 0.426563 0.670312 0.028125 0.028125
0 0.407813 0.846875 0.028125 0.031250
0 0.148438 0.743750 0.028125 0.031250
0 0.054688 0.504687 0.028125 0.028125
0 0.410938 0.914062 0.028125 0.028125
0 0.706250 0.628125 0.031250 0.031250
0 0.565625 0.650000 0.025000 0.025000
0 0.737500 0.675000 0.031250 0.031250
0 0.267188 0.935937 0.028125 0.028125
0 0.020313 0.451562 0.028125 0.028125
0 0.204687 0.742188 0.028125 0.028125
0 0.765625 0.521875 0.031250 0.031250
0 0.223438 0.290625 0.028125 0.031250
0 0.220312 0.403125 0.028125 0.031250
0 0.398438 0.592187 0.028125 0.028125
0 0.776563 0.815625 0.028125 0.031250
0 0.085938 0.451562 0.028125 0.028125
0 0.457813 0.720313 0.028125 0.028125
0 0.142187 0.556250 0.028125 0.031250
0 0.257812 0.290625 0.028125 0.031250
0 0.623437 0.648438 0.028125 0.028125
0 0.632812 0.773438 0.028125 0.028125
0 0.114062 0.632812 0.028125 0.028125
0 0.595313 0.664062 0.028125 0.028125
0 0.260937 0.773438 0.028125 0.028125
0 0.207813 0.629687 0.034375 0.034375
0 0.514062 0.748437 0.028125 0.028125
0 0.604688 0.823438 0.028125 0.028125
0 0.139063 0.423438 0.028125 0.028125
0 0.353125 0.914062 0.025000 0.028125
0 0.592187 0.503125 0.028125 0.031250
0 0.020313 0.504687 0.028125 0.028125
0 0.556250 0.426563 0.031250 0.028125
0 0.356250 0.392188 0.031250 0.028125
0 0.026562 0.675000 0.028125 0.031250
0 0.468750 0.976562 0.031250 0.028125
0 0.510938 0.654687 0.028125 0.028125
0 0.073438 0.315625 0.028125 0.031250
0 0.529687 0.414062 0.028125 0.028125
0 0.137500 0.370312 0.031250 0.028125
0 0.223438 0.507812 0.028125 0.028125
0 0.620313 0.617188 0.028125 0.028125
0 0.378125 0.800000 0.031250 0.031250
0 0.420312 0.482812 0.028125 0.028125
0 0.092188 0.290625 0.028125 0.031250
0 0.471875 0.382812 0.031250 0.028125
0 0.328125 0.381250 0.031250 0.031250
0 0.040625 0.315625 0.031250 0.031250
0 0.576562 0.873437 0.028125 0.028125
0 0.410938 0.945312 0.028125 0.028125
0 0.295312 0.885938 0.028125 0.028125
0 0.746875 0.548438 0.031250 0.028125
0 0.495312 0.957812 0.028125 0.028125
0 0.242188 0.260937 0.028125 0.028125
0 0.026562 0.643750 0.028125 0.031250
0 0.500000 0.400000 0.031250 0.031250
0 0.582812 0.373437 0.028125 0.028125
0 0.040625 0.587500 0.031250 0.031250
0 0.104688 0.423438 0.028125 0.028125
0 0.351562 0.818750 0.028125 0.031250
0 0.729688 0.518750 0.028125 0.031250
0 0.609375 0.390625 0.031250 0.031250
0 0.206250 0.807813 0.025000 0.028125
0 0.579688 0.904687 0.028125 0.028125
0 0.562500 0.520312 0.031250 0.028125
0 0.451562 0.560937 0.028125 0.028125
0 0.226562 0.567187 0.028125 0.028125
0 0.509375 0.623437 0.031250 0.028125
0 0.089063 0.342187 0.028125 0.028125
0 0.431250 0.310937 0.031250 0.028125
0 0.840625 0.737500 0.031250 0.031250
0 0.423438 0.545312 0.028125 0.028125
0 0.601562 0.795312 0.028125 0.028125
0 0.117188 0.504687 0.028125 0.028125
0 0.310937 0.518750 0.028125 0.031250
0 0.445312 0.401562 0.028125 0.028125
0 0.660937 0.789062 0.028125 0.028125
0 0.042188 0.260937 0.034375 0.034375
0 0.651563 0.664062 0.028125 0.028125
0 0.370312 0.610938 0.028125 0.028125
0 0.039062 0.423438 0.028125 0.028125
0 0.485938 0.701562 0.028125 0.028125
0 0.104688 0.476562 0.028125 0.028125
0 0.457813 0.751563 0.028125 0.028125
0 0.250000 0.428125 0.031250 0.031250
0 0.460938 0.814063 0.028125 0.028125
0 0.751563 0.898438 0.028125 0.028125
0 0.167187 0.507812 0.028125 0.028125
0 0.545312 0.732812 0.028125 0.028125
0 0.221875 0.442188 0.031250 0.028125
0 0.092188 0.842187 0.028125 0.028125
0 0.560937 0.556250 0.028125 0.031250
0 0.320312 0.348438 0.028125 0.028125
0 0.592187 0.632812 0.028125 0.028125
0 0.490625 0.300000 0.031250 0.031250
0 0.706250 0.659375 0.031250 0.031250
0 0.818750 0.643750 0.031250 0.031250
0 0.406250 0.815625 0.031250 0.031250
0 0.170313 0.370312 0.028125 0.028125
0 0.607812 0.920312 0.028125 0.028125
0 0.085938 0.504687 0.028125 0.028125
0 0.592187 0.601562 0.028125 0.028125
0 0.382812 0.898438 0.028125 0.028125
0 0.432812 0.767188 0.028125 0.028125
0 0.107813 0.370312 0.028125 0.028125
0 0.039062 0.529687 0.028125 0.028125
0 0.196875 0.554688 0.025000 0.028125
0 0.710938 0.690625 0.028125 0.031250
0 0.706250 0.443750 0.031250 0.031250
0 0.329688 0.409375 0.028125 0.031250
0 0.498437 0.362500 0.028125 0.031250
0 0.057813 0.290625 0.028125 0.031250
0 0.254688 0.520312 0.028125 0.028125
0 0.139063 0.315625 0.028125 0.031250
0 0.221875 0.473438 0.031250 0.028125
0 0.410938 0.359375 0.028125 0.031250
0 0.121875 0.398438 0.031250 0.028125
0 0.039062 0.478125 0.028125 0.031250
0 0.673438 0.448437 0.028125 0.028125
0 0.492188 0.892188 0.028125 0.028125
0 0.668750 0.490625 0.031250 0.031250
0 0.092188 0.776563 0.028125 0.028125
0 0.425000 0.607812 0.031250 0.028125
0 0.060937 0.823438 0.028125 0.028125
0 0.273438 0.317188 0.028125 0.028125
0 0.154688 0.345313 0.028125 0.028125
0 0.829688 0.675000 0.034375 0.031250
0 0.732812 0.643750 0.028125 0.031250
0 0.120313 0.451562 0.028125 0.028125
0 0.701562 0.565625 0.028125 0.031250
0 0.154688 0.451562 0.028125 0.028125
0 0.778125 0.603125 0.031250 0.031250
0 0.781250 0.914062 0.031250 0.028125
0 0.267188 0.967187 0.028125 0.028125
0 0.679688 0.676562 0.028125 0.028125
0 0.350000 0.359375 0.031250 0.031250
0 0.056250 0.395313 0.031250 0.028125
0 0.587500 0.471875 0.031250 0.031250
0 0.673438 0.521875 0.028125 0.031250
0 0.589063 0.539062 0.028125 0.028125
0 0.032813 0.871875 0.028125 0.031250
0 0.375000 0.706250 0.031250 0.031250
0 0.535937 0.604688 0.028125 0.028125
0 0.279687 0.504687 0.028125 0.028125
0 0.385937 0.407813 0.028125 0.028125
0 0.239063 0.315625 0.028125 0.031250
0 0.315625 0.675000 0.031250 0.031250
0 0.310937 0.614062 0.028125 0.028125
0 0.373437 0.768750 0.028125 0.031250
0 0.703125 0.535937 0.031250 0.028125
0 0.732812 0.607812 0.028125 0.028125
0 0.207813 0.317188 0.028125 0.028125
0 0.373437 0.642188 0.028125 0.028125
0 0.170313 0.570312 0.028125 0.028125
0 0.232813 0.820312 0.028125 0.028125
0 0.071875 0.529687 0.031250 0.028125
0 0.295312 0.917188 0.028125 0.028125
0 0.142187 0.587500 0.028125 0.025000
0 0.696875 0.475000 0.031250 0.031250
0 0.389062 0.439063 0.028125 0.028125
0 0.226562 0.601562 0.028125 0.028125
0 0.521875 0.314063 0.031250 0.034375
0 0.479687 0.542188 0.028125 0.028125
0 0.467187 0.351562 0.028125 0.028125
0 0.254688 0.551562 0.028125 0.028125
0 0.360938 0.423438 0.028125 0.028125
0 0.189062 0.345313 0.028125 0.028125
0 0.382812 0.378125 0.028125 0.031250
0 0.364063 0.485938 0.028125 0.028125
0 0.189062 0.398438 0.028125 0.028125
0 0.703125 0.596875 0.031250 0.031250
0 0.025000 0.289062 0.031250 0.028125
0 0.310937 0.581250 0.028125 0.031250
0 0.471875 0.417187 0.031250 0.028125
0 0.023438 0.612500 0.028125 0.031250
0 0.456250 0.290625 0.031250 0.031250
0 0.075000 0.262500 0.031250 0.031250
0 0.514062 0.685937 0.028125 0.028125
0 0.323437 0.295312 0.028125 0.028125
0 0.037500 0.970313 0.031250 0.028125
0 0.410938 0.976562 0.028125 0.028125
0 0.501563 0.429688 0.028125 0.028125
0 0.635938 0.870313 0.028125 0.028125
0 0.282813 0.565625 0.028125 0.025000
0 0.551562 0.359375 0.028125 0.031250
0 0.560937 0.585938 0.028125 0.028125
0 0.731250 0.579688 0.031250 0.028125
0 0.368750 0.545312 0.031250 0.028125
0 0.431250 0.735938 0.031250 0.028125
0 0.251563 0.489063 0.028125 0.028125
0 0.307812 0.489063 0.028125 0.028125
0 0.635938 0.376563 0.028125 0.028125
0 0.398438 0.623437 0.028125 0.028125
0 0.260937 0.742188 0.028125 0.028125
0 0.589063 0.570312 0.028125 0.028125
0 0.646875 0.468750 0.031250 0.031250
0 0.507812 0.589063 0.028125 0.028125
0 0.054688 0.660937 0.028125 0.028125
0 0.351562 0.848437 0.028125 0.028125
0 0.534375 0.539062 0.025000 0.028125
0 0.807813 0.864062 0.028125 0.028125
0 0.332813 0.440625 0.028125 0.031250
0 0.345313 0.721875 0.028125 0.031250
0 0.570312 0.748437 0.028125 0.028125
0 0.504687 0.523438 0.028125 0.028125
0 0.454688 0.654687 0.028125 0.028125
0 0.609375 0.359375 0.031250 0.031250
0 0.198437 0.585938 0.028125 0.028125
0 0.109375 0.262500 0.031250 0.031250
0 0.382812 0.270313 0.034375 0.034375
0 0.429688 0.704688 0.028125 0.028125
0 0.650000 0.428125 0.031250 0.031250
0 0.560937 0.489063 0.028125 0.028125
0 0.759375 0.626563 0.031250 0.028125
0 0.789062 0.635938 0.028125 0.028125
0 0.226562 0.539062 0.028125 0.028125
0 0.342187 0.564063 0.028125 0.028125
0 0.023438 0.706250 0.028125 0.031250
0 0.170313 0.601562 0.028125 0.028125
0 0.257812 0.614062 0.028125 0.028125
0 0.040625 0.370312 0.031250 0.028125
0 0.684375 0.418750 0.031250 0.031250
0 0.221875 0.342187 0.031250 0.028125
0 0.440625 0.370312 0.031250 0.028125
0 0.260937 0.707812 0.028125 0.028125
0 0.320312 0.803125 0.028125 0.031250
0 0.662500 0.396875 0.031250 0.031250
0 0.375000 0.737500 0.031250 0.031250
0 0.070312 0.367188 0.028125 0.028125
0 0.335938 0.471875 0.028125 0.031250
0 0.476562 0.604688 0.028125 0.028125
0 0.170313 0.425000 0.028125 0.031250
0 0.740625 0.706250 0.031250 0.031250
0 0.275000 0.260937 0.031250 0.028125
0 0.492188 0.860938 0.028125 0.028125
0 0.440625 0.960938 0.025000 0.028125
0 0.551562 0.328125 0.028125 0.031250
0 0.034375 0.807813 0.031250 0.028125
0 0.393750 0.529687 0.031250 0.028125
0 0.339062 0.532813 0.028125 0.028125
0 0.054688 0.690625 0.028125 0.031250
0 0.504687 0.493750 0.028125 0.025000
0 0.389062 0.467187 0.028125 0.028125
0 0.143750 0.618750 0.025000 0.025000
0 0.264062 0.870313 0.028125 0.028125
0 0.406250 0.329688 0.031250 0.028125
0 0.335938 0.501563 0.028125 0.028125
0 0.289062 0.292187 0.028125 0.028125
0 0.235937 0.370312 0.028125 0.028125
0 0.464062 0.320312 0.028125 0.028125
0 0.557813 0.457813 0.028125 0.028125
0 0.373437 0.321875 0.028125 0.031250
0 0.139063 0.526563 0.028125 0.028125
0 0.451562 0.529687 0.028125 0.028125
0 0.520312 0.876563 0.028125 0.028125
0 0.087500 0.395313 0.031250 0.028125
0 0.417187 0.451562 0.028125 0.028125
0 0.054688 0.342187 0.028125 0.028125
0 0.676562 0.645312 0.028125 0.028125
0 0.414062 0.390625 0.028125 0.031250
0 0.554688 0.954688 0.028125 0.028125
0 0.503125 0.462500 0.025000 0.025000
0 0.204687 0.370312 0.028125 0.028125
0 0.482812 0.639062 0.028125 0.028125
0 0.587500 0.440625 0.031250 0.031250
0 0.426563 0.639062 0.028125 0.028125
0 0.529687 0.445312 0.028125 0.028125
0 0.064062 0.792188 0.028125 0.028125
0 0.700000 0.503125 0.031250 0.031250
0 0.170313 0.539062 0.028125 0.028125
0 0.304688 0.320312 0.028125 0.028125
0 0.114062 0.571875 0.028125 0.031250
0 0.082812 0.676562 0.028125 0.028125
0 0.251563 0.395313 0.028125 0.028125
0 0.143750 0.648438 0.025000 0.028125
0 0.142187 0.262500 0.028125 0.031250
0 0.231250 0.695312 0.031250 0.028125
0 0.473438 0.445312 0.028125 0.028125
0 0.535937 0.507812 0.028125 0.028125
0 0.268750 0.373437 0.031250 0.028125
0 0.729688 0.468750 0.028125 0.031250
0 0.289062 0.345313 0.028125 0.028125
0 0.609375 0.953125 0.031250 0.031250
0 0.617188 0.454688 0.028125 0.028125
0 0.082812 0.614062 0.028125 0.028125
0 0.675000 0.551562 0.031250 0.028125
0 0.564063 0.618750 0.028125 0.025000
0 0.054688 0.557813 0.028125 0.028125
0 0.367188 0.517188 0.028125 0.028125
0 0.232813 0.789062 0.028125 0.028125
0 0.117188 0.726562 0.028125 0.028125
0 0.398438 0.654687 0.028125 0.028125
0 0.414062 0.420312 0.028125 0.028125
0 0.525000 0.345313 0.031250 0.028125
0 0.346875 0.785937 0.031250 0.028125
0 0.034375 0.840625 0.031250 0.031250
0 0.381250 0.350000 0.031250 0.031250
0 0.398438 0.560937 0.028125 0.028125
0 0.259375 0.676562 0.031250 0.028125
0 0.673438 0.582812 0.028125 0.028125
0 0.478125 0.510938 0.025000 0.028125
0 0.437500 0.340625 0.031250 0.031250
0 0.448437 0.498437 0.028125 0.028125
0 0.810937 0.796875 0.028125 0.031250
0 0.248438 0.457813 0.028125 0.028125
0 0.034375 0.906250 0.031250 0.031250
0 0.618750 0.585938 0.031250 0.028125
0 0.460938 0.782813 0.028125 0.028125
0 0.209375 0.262500 0.031250 0.031250
0 0.285938 0.629687 0.028125 0.028125
0 0.834375 0.706250 0.031250 0.031250
0 0.617188 0.485938 0.028125 0.028125
0 0.507812 0.554688 0.028125 0.028125
0 0.192188 0.289062 0.028125 0.028125
0 0.648438 0.632812 0.028125 0.028125
0 0.257812 0.582812 0.028125 0.028125
0 0.425000 0.281250 0.031250 0.031250
0 0.304688 0.457813 0.028125 0.028125
0 0.304688 0.426563 0.028125 0.028125
0 0.125000 0.290625 0.031250 0.031250
0 0.175000 0.696875 0.031250 0.031250
0 0.317188 0.707812 0.028125 0.028125
0 0.278125 0.414062 0.031250 0.028125
0 0.114062 0.664062 0.028125 0.028125
0 0.648438 0.598437 0.028125 0.028125
0 0.167187 0.478125 0.028125 0.031250
0 0.232813 0.757812 0.028125 0.028125
0 0.750000 0.493750 0.031250 0.031250
0 0.229687 0.664062 0.028125 0.028125
0 0.282813 0.535937 0.028125 0.028125
0 0.482812 0.573438 0.028125 0.028125
0 0.289062 0.723437 0.028125 0.028125
0 0.175000 0.260937 0.031250 0.028125
0 0.523438 0.939063 0.028125 0.028125
0 0.176563 0.728125 0.028125 0.031250
0 0.173437 0.664062 0.028125 0.028125
0 0.812500 0.896875 0.031250 0.031250
0 0.614062 0.523438 0.028125 0.028125
0 0.354687 0.978125 0.028125 0.025000
0 0.756250 0.964063 0.031250 0.034375
0 0.276562 0.442188 0.028125 0.028125
0 0.196875 0.523438 0.025000 0.028125
0 0.292187 0.789062 0.028125 0.028125
0 0.685937 0.773438 0.028125 0.028125
0 0.340625 0.265625 0.031250 0.031250
0 0.807813 0.831250 0.028125 0.031250
0 0.034375 0.775000 0.031250 0.031250
0 0.198437 0.425000 0.028125 0.031250
0 0.637500 0.968750 0.031250 0.031250
0 0.782813 0.946875 0.028125 0.031250
0 0.307812 0.262500 0.028125 0.031250
0 0.321875 0.937500 0.031250 0.031250
0 0.404687 0.721875 0.028125 0.025000
0 0.021875 0.396875 0.025000 0.025000
0 0.451562 0.589063 0.028125 0.028125
0 0.064062 0.757812 0.028125 0.028125
