0 0.721875 0.153125 0.031250 0.031250
0 0.823438 0.273438 0.028125 0.028125
0 0.934375 0.426563 0.031250 0.028125
0 0.773438 0.414062 0.028125 0.028125
0 0.750000 0.778125 0.031250 0.031250
0 0.685937 0.629687 0.028125 0.028125
0 0.318750 0.781250 0.031250 0.031250
0 0.831250 0.809375 0.031250 0.031250
0 0.850000 0.725000 0.031250 0.031250
0 0.318750 0.615625 0.031250 0.031250
0 0.432812 0.479687 0.028125 0.028125
0 0.659375 0.090625 0.031250 0.031250
0 0.864062 0.812500 0.028125 0.031250
0 0.346875 0.495312 0.031250 0.028125
0 0.675000 0.410938 0.031250 0.028125
0 0.703125 0.746875 0.031250 0.031250
0 0.779687 0.892188 0.028125 0.028125
0 0.828125 0.106250 0.031250 0.031250
0 0.720313 0.115625 0.028125 0.031250
0 0.845313 0.564063 0.028125 0.028125
0 0.854688 0.387500 0.028125 0.031250
0 0.767188 0.042188 0.028125 0.028125
0 0.542188 0.076563 0.028125 0.028125
0 0.660937 0.914062 0.028125 0.028125
0 0.543750 0.479687 0.031250 0.028125
0 0.875000 0.953125 0.031250 0.031250
0 0.315625 0.181250 0.031250 0.031250
0 0.815625 0.781250 0.031250 0.031250
0 0.404687 0.698438 0.028125 0.028125
0 0.346875 0.265625 0.031250 0.031250
0 0.946875 0.784375 0.031250 0.031250
0 0.798438 0.807813 0.028125 0.028125
0 0.289062 0.429688 0.028125 0.028125
0 0.843750 0.618750 0.031250 0.031250
0 0.593750 0.914062 0.031250 0.028125
0 0.957812 0.873437 0.028125 0.028125
0 0.964063 0.757812 0.028125 0.028125
0 0.489063 0.478125 0.028125 0.031250
0 0.884375 0.725000 0.031250 0.031250
0 0.932813 0.698438 0.028125 0.028125
0 0.378125 0.814063 0.031250 0.028125
0 0.882812 0.509375 0.028125 0.031250
0 0.917188 0.726562 0.028125 0.028125
0 0.817187 0.723437 0.028125 0.028125
0 0.918750 0.081250 0.031250 0.031250
0 0.734375 0.750000 0.031250 0.031250
0 0.645312 0.885938 0.028125 0.028125
0 0.598437 0.795312 0.028125 0.028125
0 0.832812 0.753125 0.028125 0.031250
0 0.842187 0.245312 0.028125 0.028125
0 0.782813 0.778125 0.028125 0.031250
0 0.725000 0.271875 0.031250 0.031250
0 0.910937 0.843750 0.028125 0.031250
0 0.839063 0.301563 0.028125 0.028125
0 0.875000 0.246875 0.031250 0.031250
0 0.851562 0.079687 0.028125 0.028125
0 0.900000 0.540625 0.031250 0.031250
0 0.914062 0.139063 0.028125 0.028125
0 0.490625 0.378125 0.031250 0.031250
0 0.885938 0.395313 0.028125 0.028125
0 0.812500 0.893750 0.031250 0.031250
0 0.867188 0.106250 0.028125 0.031250
0 0.793750 0.100000 0.031250 0.031250
0 0.879687 0.135937 0.028125 0.028125
0 0.854688 0.331250 0.028125 0.031250
0 0.909375 0.192188 0.031250 0.028125
0 0.667188 0.801562 0.028125 0.028125
0 0.542188 0.643750 0.028125 0.031250
0 0.700000 0.659375 0.031250 0.031250
0 0.642188 0.298438 0.028125 0.028125
0 0.929688 0.165625 0.028125 0.031250
0 0.781250 0.835938 0.031250 0.028125
0 0.918750 0.340625 0.031250 0.031250
0 0.346875 0.231250 0.031250 0.031250
0 0.793750 0.589063 0.031250 0.028125
0 0.821875 0.445312 0.031250 0.028125
0 0.810937 0.189062 0.028125 0.028125
0 0.715625 0.831250 0.031250 0.031250
0 0.695312 0.914062 0.028125 0.028125
0 0.940625 0.900000 0.031250 0.031250
0 0.606250 0.687500 0.031250 0.031250
0 0.845313 0.134375 0.028125 0.031250
0 0.925000 0.221875 0.031250 0.031250
0 0.867188 0.053125 0.028125 0.031250
0 0.868750 0.481250 0.031250 0.031250
0 0.839063 0.415625 0.028125 0.031250
0 0.934375 0.642188 0.031250 0.028125
0 0.459375 0.162500 0.031250 0.031250
0 0.848437 0.782813 0.028125 0.028125
0 0.871875 0.360938 0.031250 0.028125
0 0.287500 0.831250 0.031250 0.031250
0 0.828125 0.867188 0.031250 0.028125
0 0.892188 0.220312 0.028125 0.028125
0 0.968750 0.918750 0.031250 0.031250
0 0.800000 0.751563 0.031250 0.028125
0 0.792188 0.215625 0.028125 0.031250
0 0.750000 0.834375 0.031250 0.031250
0 0.793750 0.862500 0.031250 0.031250
0 0.918750 0.612500 0.031250 0.031250
0 0.600000 0.409375 0.031250 0.031250
0 0.842187 0.189062 0.028125 0.028125
0 0.756250 0.100000 0.031250 0.031250
0 0.685937 0.717187 0.028125 0.028125
0 0.815625 0.075000 0.031250 0.031250
0 0.635938 0.654687 0.028125 0.028125
0 0.915625 0.510938 0.031250 0.028125
0 0.857812 0.217188 0.028125 0.028125
0 0.318750 0.446875 0.031250 0.031250
0 0.798438 0.050000 0.028125 0.031250
0 0.868750 0.640625 0.031250 0.031250
0 0.634375 0.800000 0.031250 0.031250
0 0.825000 0.646875 0.031250 0.031250
0 0.951562 0.670312 0.028125 0.028125
0 0.581250 0.767188 0.031250 0.028125
0 0.843750 0.896875 0.031250 0.031250
0 0.521875 0.793750 0.031250 0.031250
0 0.610938 0.940625 0.028125 0.031250
0 0.804688 0.471875 0.028125 0.031250
0 0.887500 0.334375 0.031250 0.031250
0 0.846875 0.839063 0.031250 0.028125
0 0.826562 0.217188 0.028125 0.028125
0 0.931250 0.110937 0.031250 0.028125
0 0.903125 0.370312 0.031250 0.028125
0 0.764062 0.862500 0.028125 0.031250
0 0.860938 0.590625 0.028125 0.031250
0 0.867188 0.753125 0.028125 0.031250
0 0.823438 0.926562 0.028125 0.028125
0 0.878125 0.565625 0.031250 0.031250
0 0.921875 0.278125 0.031250 0.031250
0 0.696875 0.212500 0.031250 0.031250
0 0.925000 0.873437 0.031250 0.028125
0 0.879687 0.843750 0.028125 0.031250
0 0.931250 0.754687 0.031250 0.028125
0 0.517188 0.226562 0.028125 0.028125
0 0.464062 0.864062 0.028125 0.028125
0 0.800000 0.531250 0.031250 0.031250
0 0.878125 0.190625 0.031250 0.031250
0 0.821875 0.023438 0.031250 0.028125
0 0.346875 0.562500 0.031250 0.031250
0 0.895312 0.164062 0.028125 0.028125
0 0.776563 0.243750 0.028125 0.031250
0 0.670312 0.748437 0.028125 0.028125
0 0.951562 0.514062 0.028125 0.028125
0 0.907813 0.250000 0.028125 0.031250
0 0.542188 0.107813 0.028125 0.028125
0 0.681250 0.831250 0.031250 0.031250
0 0.735938 0.604688 0.028125 0.028125
0 0.375000 0.181250 0.031250 0.031250
0 0.945312 0.843750 0.028125 0.031250
0 0.346875 0.831250 0.031250 0.031250
0 0.559375 0.737500 0.031250 0.031250
0 0.631250 0.181250 0.031250 0.031250
0 0.287500 0.231250 0.031250 0.031250
0 0.656250 0.718750 0.031250 0.031250
0 0.559375 0.906250 0.031250 0.031250
0 0.323437 0.948438 0.028125 0.028125
0 0.609375 0.237500 0.031250 0.031250
0 0.660937 0.439063 0.028125 0.028125
0 0.614062 0.828125 0.028125 0.031250
0 0.809375 0.618750 0.031250 0.031250
0 0.853125 0.450000 0.031250 0.031250
0 0.876563 0.900000 0.028125 0.031250
0 0.717187 0.081250 0.028125 0.031250
0 0.967187 0.701562 0.028125 0.028125
0 0.287500 0.729688 0.031250 0.028125
0 0.764062 0.664062 0.028125 0.028125
0 0.807813 0.245312 0.028125 0.028125
0 0.814063 0.837500 0.028125 0.031250
0 0.792188 0.920312 0.028125 0.028125
0 0.620313 0.623437 0.028125 0.028125
0 0.796875 0.664062 0.031250 0.028125
0 0.626563 0.565625 0.028125 0.031250
0 0.901563 0.482812 0.028125 0.028125
0 0.862500 0.164062 0.031250 0.028125
0 0.679688 0.885938 0.028125 0.028125
0 0.909375 0.900000 0.031250 0.031250
0 0.948438 0.728125 0.028125 0.031250
0 0.717187 0.776563 0.028125 0.028125
0 0.632812 0.212500 0.028125 0.031250
0 0.492188 0.778125 0.028125 0.031250
0 0.432812 0.748437 0.028125 0.028125
0 0.690625 0.971875 0.031250 0.031250
0 0.378125 0.846875 0.031250 0.031250
0 0.810937 0.560937 0.028125 0.028125
0 0.664062 0.859375 0.028125 0.031250
0 0.601562 0.546875 0.028125 0.031250
0 0.885938 0.612500 0.028125 0.031250
0 0.767188 0.526563 0.028125 0.028125
0 0.834375 0.696875 0.031250 0.031250
0 0.515625 0.095312 0.031250 0.028125
0 0.935937 0.482812 0.028125 0.028125
0 0.929688 0.929688 0.028125 0.028125
0 0.290625 0.298438 0.031250 0.028125
0 0.346875 0.765625 0.031250 0.031250
0 0.290625 0.560937 0.031250 0.028125
0 0.600000 0.343750 0.031250 0.031250
0 0.739062 0.468750 0.028125 0.031250
0 0.315625 0.714063 0.031250 0.028125
0 0.740625 0.300000 0.031250 0.031250
0 0.628125 0.496875 0.031250 0.031250
0 0.545312 0.676562 0.028125 0.028125
0 0.964063 0.815625 0.028125 0.031250
0 0.548438 0.768750 0.028125 0.031250
0 0.631250 0.143750 0.031250 0.031250
0 0.287500 0.068750 0.031250 0.031250
0 0.375000 0.115625 0.031250 0.031250
0 0.914062 0.781250 0.028125 0.031250
0 0.698438 0.804688 0.028125 0.028125
0 0.403125 0.596875 0.031250 0.031250
0 0.692187 0.134375 0.028125 0.031250
0 0.346875 0.731250 0.031250 0.031250
0 0.439063 0.946875 0.028125 0.031250
0 0.903125 0.582812 0.031250 0.028125
0 0.893750 0.870313 0.031250 0.028125
0 0.521875 0.901563 0.031250 0.028125
0 0.565625 0.851562 0.031250 0.028125
0 0.642188 0.939063 0.028125 0.028125
0 0.714063 0.889062 0.028125 0.028125
0 0.796875 0.157812 0.031250 0.028125
0 0.868750 0.696875 0.031250 0.031250
0 0.873437 0.304688 0.028125 0.028125
0 0.740625 0.550000 0.031250 0.031250
0 0.515625 0.328125 0.031250 0.031250
0 0.760938 0.214062 0.028125 0.028125
0 0.521875 0.975000 0.031250 0.031250
0 0.689063 0.103125 0.028125 0.031250
0 0.806250 0.415625 0.031250 0.031250
0 0.596875 0.448437 0.031250 0.034375
0 0.882812 0.079687 0.028125 0.028125
0 0.728125 0.920312 0.031250 0.028125
0 0.435937 0.878125 0.028125 0.031250
0 0.645312 0.242188 0.028125 0.028125
0 0.675000 0.354687 0.031250 0.028125
0 0.935937 0.314063 0.028125 0.028125
0 0.401562 0.100000 0.028125 0.031250
0 0.571875 0.496875 0.031250 0.031250
0 0.751563 0.721875 0.028125 0.031250
0 0.756250 0.578125 0.031250 0.031250
0 0.289062 0.796875 0.028125 0.031250
0 0.435937 0.845313 0.028125 0.028125
0 0.826562 0.589063 0.028125 0.028125
0 0.432812 0.212500 0.028125 0.031250
0 0.939063 0.251563 0.028125 0.028125
0 0.718750 0.575000 0.031250 0.031250
0 0.381250 0.915625 0.031250 0.031250
0 0.318750 0.546875 0.031250 0.031250
0 0.720313 0.720313 0.028125 0.028125
0 0.376563 0.543750 0.028125 0.031250
0 0.896875 0.928125 0.031250 0.031250
0 0.775000 0.073438 0.031250 0.028125
0 0.639062 0.745313 0.028125 0.028125
0 0.857812 0.275000 0.028125 0.031250
0 0.460938 0.729688 0.028125 0.028125
0 0.487500 0.345313 0.031250 0.028125
0 0.487500 0.145313 0.031250 0.028125
0 0.375000 0.581250 0.031250 0.031250
0 0.628125 0.268750 0.031250 0.031250
0 0.962500 0.100000 0.031250 0.031250
0 0.571875 0.426563 0.031250 0.028125
0 0.403125 0.495312 0.031250 0.028125
0 0.318750 0.846875 0.031250 0.031250
0 0.901563 0.425000 0.028125 0.031250
0 0.781250 0.131250 0.031250 0.031250
0 0.584375 0.625000 0.031250 0.031250
0 0.520312 0.726562 0.028125 0.028125
0 0.768750 0.606250 0.031250 0.031250
0 0.782813 0.635938 0.028125 0.028125
0 0.578125 0.943750 0.031250 0.031250
0 0.778125 0.557813 0.031250 0.028125
0 0.350000 0.798438 0.031250 0.028125
0 0.740625 0.356250 0.031250 0.031250
0 0.775000 0.300000 0.031250 0.031250
0 0.900000 0.698438 0.031250 0.028125
0 0.460938 0.695312 0.028125 0.028125
0 0.901563 0.053125 0.028125 0.031250
0 0.318750 0.314063 0.031250 0.034375
0 0.675000 0.300000 0.031250 0.031250
0 0.768750 0.750000 0.031250 0.031250
0 0.929688 0.814063 0.028125 0.028125
0 0.745313 0.948438 0.028125 0.028125
0 0.757812 0.384375 0.028125 0.031250
0 0.679688 0.243750 0.028125 0.031250
0 0.675000 0.467187 0.031250 0.028125
0 0.435937 0.810937 0.028125 0.028125
0 0.770312 0.695312 0.028125 0.028125
0 0.978125 0.787500 0.031250 0.031250
0 0.484375 0.046875 0.031250 0.031250
0 0.718750 0.632812 0.031250 0.028125
0 0.379688 0.948438 0.028125 0.028125
0 0.459375 0.528125 0.031250 0.031250
0 0.462500 0.895312 0.031250 0.028125
0 0.345313 0.198437 0.028125 0.028125
0 0.432812 0.445312 0.028125 0.028125
0 0.432812 0.681250 0.028125 0.031250
0 0.515625 0.128125 0.031250 0.031250
0 0.287500 0.662500 0.031250 0.031250
0 0.898438 0.107813 0.028125 0.028125
0 0.917188 0.668750 0.028125 0.031250
0 0.889062 0.276562 0.028125 0.028125
0 0.346875 0.698438 0.031250 0.028125
0 0.973437 0.196875 0.028125 0.031250
0 0.464062 0.826562 0.028125 0.028125
0 0.376563 0.781250 0.028125 0.031250
0 0.401562 0.664062 0.028125 0.028125
0 0.835938 0.053125 0.028125 0.031250
0 0.839063 0.359375 0.028125 0.031250
0 0.739062 0.410938 0.028125 0.028125
0 0.515625 0.595313 0.031250 0.028125
0 0.545312 0.342187 0.028125 0.028125
0 0.931250 0.043750 0.031250 0.031250
0 0.623437 0.717187 0.028125 0.028125
0 0.492188 0.812500 0.028125 0.031250
0 0.464062 0.970313 0.028125 0.028125
0 0.637500 0.596875 0.031250 0.031250
0 0.431250 0.410938 0.031250 0.028125
0 0.664062 0.121875 0.028125 0.031250
0 0.626563 0.050000 0.028125 0.031250
0 0.407813 0.895312 0.028125 0.028125
0 0.490625 0.909375 0.031250 0.031250
0 0.951562 0.456250 0.028125 0.031250
0 0.542188 0.376563 0.028125 0.028125
0 0.781250 0.187500 0.031250 0.031250
0 0.690625 0.509375 0.031250 0.031250
0 0.965625 0.043750 0.031250 0.031250
0 0.651563 0.773438 0.028125 0.028125
0 0.692187 0.382812 0.028125 0.028125
0 0.693750 0.543750 0.031250 0.031250
0 0.490625 0.306250 0.031250 0.031250
0 0.290625 0.595313 0.031250 0.028125
0 0.404687 0.462500 0.028125 0.031250
0 0.432812 0.779687 0.028125 0.028125
0 0.489063 0.445312 0.028125 0.028125
0 0.723437 0.970313 0.028125 0.028125
0 0.725000 0.328125 0.031250 0.031250
0 0.548438 0.271875 0.028125 0.031250
0 0.859375 0.925000 0.031250 0.031250
0 0.946875 0.137500 0.031250 0.031250
0 0.545312 0.610938 0.028125 0.028125
0 0.750000 0.634375 0.031250 0.031250
0 0.770312 0.470313 0.028125 0.028125
0 0.959375 0.950000 0.031250 0.031250
0 0.701562 0.603125 0.028125 0.031250
0 0.745313 0.889062 0.028125 0.028125
0 0.965625 0.637500 0.031250 0.031250
0 0.579688 0.879687 0.028125 0.028125
0 0.835938 0.478125 0.028125 0.031250
0 0.517188 0.562500 0.028125 0.031250
0 0.518750 0.860938 0.031250 0.028125
0 0.545312 0.579688 0.028125 0.028125
0 0.517188 0.193750 0.028125 0.031250
0 0.435937 0.276562 0.028125 0.028125
0 0.851562 0.667188 0.028125 0.028125
0 0.692187 0.439063 0.028125 0.028125
0 0.775000 0.356250 0.031250 0.031250
0 0.737500 0.693750 0.031250 0.031250
0 0.707812 0.410938 0.028125 0.028125
0 0.743750 0.243750 0.031250 0.031250
0 0.764062 0.807813 0.028125 0.028125
0 0.759375 0.270313 0.031250 0.028125
0 0.904687 0.304688 0.028125 0.028125
0 0.950000 0.071875 0.031250 0.031250
0 0.746875 0.131250 0.031250 0.031250
0 0.596875 0.376563 0.031250 0.028125
0 0.287500 0.362500 0.031250 0.031250
0 0.651563 0.629687 0.028125 0.028125
0 0.751563 0.500000 0.028125 0.031250
0 0.698438 0.860938 0.028125 0.028125
0 0.935937 0.373437 0.028125 0.028125
0 0.625000 0.325000 0.031250 0.031250
0 0.951562 0.398438 0.028125 0.028125
0 0.740625 0.064062 0.031250 0.028125
0 0.812500 0.132812 0.031250 0.028125
0 0.956250 0.223438 0.031250 0.028125
0 0.801562 0.695312 0.028125 0.028125
0 0.829688 0.160938 0.028125 0.028125
0 0.345313 0.132812 0.028125 0.028125
0 0.517188 0.528125 0.028125 0.031250
0 0.582812 0.825000 0.028125 0.031250
0 0.864062 0.535937 0.028125 0.028125
0 0.978125 0.128125 0.031250 0.031250
0 0.789062 0.442188 0.028125 0.028125
0 0.685937 0.070312 0.028125 0.028125
0 0.895312 0.812500 0.028125 0.031250
0 0.960938 0.167187 0.028125 0.028125
0 0.692187 0.328125 0.028125 0.031250
0 0.571875 0.089063 0.031250 0.028125
0 0.595313 0.039062 0.028125 0.028125
0 0.376563 0.750000 0.028125 0.031250
0 0.515625 0.932813 0.031250 0.028125
0 0.885938 0.454688 0.028125 0.028125
0 0.401562 0.164062 0.028125 0.028125
0 0.545312 0.543750 0.028125 0.031250
0 0.968750 0.371875 0.031250 0.031250
0 0.920312 0.398438 0.028125 0.028125
0 0.431250 0.612500 0.031250 0.031250
0 0.967187 0.482812 0.028125 0.028125
0 0.489063 0.712500 0.028125 0.025000
0 0.345313 0.098437 0.028125 0.028125
0 0.784375 0.721875 0.031250 0.031250
0 0.456250 0.065625 0.031250 0.031250
0 0.712500 0.050000 0.031250 0.031250
0 0.881250 0.782813 0.031250 0.028125
0 0.807813 0.359375 0.028125 0.031250
0 0.546875 0.446875 0.031250 0.031250
0 0.900000 0.753125 0.031250 0.031250
0 0.318750 0.579688 0.031250 0.028125
0 0.403125 0.564063 0.031250 0.028125
0 0.287500 0.329688 0.031250 0.028125
0 0.487500 0.576562 0.031250 0.028125
0 0.493750 0.956250 0.031250 0.031250
0 0.518750 0.829688 0.031250 0.028125
0 0.860938 0.868750 0.028125 0.031250
0 0.485938 0.112500 0.028125 0.031250
0 0.376563 0.410938 0.028125 0.028125
0 0.942187 0.195312 0.028125 0.028125
0 0.604688 0.743750 0.028125 0.031250
0 0.681250 0.040625 0.031250 0.031250
0 0.378125 0.279687 0.031250 0.028125
0 0.318750 0.812500 0.031250 0.031250
0 0.821875 0.331250 0.031250 0.031250
0 0.573438 0.595313 0.028125 0.028125
0 0.571875 0.657813 0.031250 0.028125
0 0.706250 0.467187 0.031250 0.028125
0 0.598437 0.851562 0.028125 0.028125
0 0.350000 0.862500 0.031250 0.031250
0 0.318750 0.346875 0.031250 0.031250
0 0.545312 0.878125 0.028125 0.031250
0 0.720313 0.495312 0.028125 0.028125
0 0.628125 0.081250 0.031250 0.031250
0 0.571875 0.293750 0.031250 0.031250
0 0.460938 0.595313 0.028125 0.028125
0 0.465625 0.928125 0.031250 0.031250
0 0.596875 0.271875 0.031250 0.031250
0 0.517188 0.159375 0.028125 0.031250
0 0.951562 0.342187 0.028125 0.028125
0 0.315625 0.246875 0.031250 0.031250
0 0.723437 0.384375 0.028125 0.031250
0 0.571875 0.326562 0.031250 0.028125
0 0.765625 0.159375 0.031250 0.031250
0 0.289062 0.631250 0.028125 0.031250
0 0.868750 0.423438 0.031250 0.028125
0 0.407813 0.964063 0.028125 0.028125
0 0.687500 0.575000 0.031250 0.031250
0 0.287500 0.762500 0.031250 0.031250
0 0.707812 0.942187 0.028125 0.028125
0 0.462500 0.764062 0.031250 0.028125
0 0.754687 0.440625 0.028125 0.031250
0 0.685937 0.775000 0.028125 0.031250
0 0.381250 0.881250 0.031250 0.031250
0 0.848437 0.507812 0.028125 0.028125
0 0.545312 0.514062 0.028125 0.028125
0 0.673438 0.690625 0.028125 0.031250
0 0.675000 0.942187 0.031250 0.028125
0 0.539062 0.043750 0.028125 0.031250
0 0.375000 0.148438 0.031250 0.028125
0 0.692187 0.273438 0.028125 0.028125
0 0.432812 0.645312 0.028125 0.028125
0 0.351562 0.964063 0.028125 0.028125
0 0.603125 0.303125 0.031250 0.031250
0 0.610938 0.884375 0.028125 0.031250
0 0.760938 0.920312 0.028125 0.028125
0 0.487500 0.176563 0.031250 0.028125
0 0.431250 0.179688 0.031250 0.028125
0 0.407813 0.862500 0.028125 0.031250
0 0.665625 0.184375 0.031250 0.031250
0 0.965625 0.543750 0.031250 0.031250
0 0.375000 0.714063 0.031250 0.028125
0 0.885938 0.668750 0.028125 0.031250
0 0.790625 0.385937 0.031250 0.028125
0 0.571875 0.393750 0.031250 0.031250
0 0.712500 0.242188 0.031250 0.028125
0 0.543750 0.142187 0.031250 0.028125
0 0.601562 0.512500 0.028125 0.031250
0 0.285938 0.696875 0.028125 0.031250
0 0.578125 0.215625 0.031250 0.031250
0 0.732812 0.860938 0.028125 0.028125
0 0.934375 0.571875 0.031250 0.031250
0 0.543750 0.175000 0.031250 0.031250
0 0.664062 0.215625 0.028125 0.031250
0 0.821875 0.387500 0.031250 0.031250
0 0.346875 0.528125 0.031250 0.031250
0 0.642188 0.353125 0.028125 0.031250
0 0.967187 0.426563 0.028125 0.028125
0 0.546875 0.934375 0.031250 0.031250
0 0.460938 0.628125 0.028125 0.031250
0 0.885938 0.025000 0.028125 0.031250
0 0.734375 0.660937 0.031250 0.028125
0 0.970313 0.259375 0.028125 0.031250
0 0.656250 0.059375 0.031250 0.031250
0 0.460938 0.289062 0.028125 0.028125
0 0.514062 0.628125 0.028125 0.031250
0 0.546875 0.209375 0.031250 0.031250
0 0.570312 0.057813 0.028125 0.028125
0 0.515625 0.660937 0.031250 0.028125
0 0.371875 0.053125 0.031250 0.031250
0 0.323437 0.915625 0.028125 0.031250
0 0.459375 0.131250 0.031250 0.031250
0 0.432812 0.242188 0.028125 0.028125
0 0.435937 0.914062 0.028125 0.028125
0 0.351562 0.931250 0.028125 0.031250
0 0.489063 0.681250 0.028125 0.031250
0 0.660937 0.270313 0.028125 0.028125
0 0.489063 0.512500 0.028125 0.031250
0 0.407813 0.932813 0.028125 0.028125
0 0.604688 0.590625 0.028125 0.031250
0 0.350000 0.329688 0.031250 0.028125
0 0.731250 0.806250 0.031250 0.031250
0 0.792188 0.270313 0.028125 0.028125
0 0.543750 0.309375 0.031250 0.031250
0 0.628125 0.381250 0.031250 0.031250
0 0.625000 0.437500 0.031250 0.031250
0 0.817187 0.504687 0.028125 0.028125
0 0.689063 0.167187 0.028125 0.028125
0 0.287500 0.528125 0.031250 0.031250
0 0.346875 0.600000 0.031250 0.031250
0 0.321875 0.881250 0.031250 0.031250
0 0.287500 0.262500 0.031250 0.031250
0 0.628125 0.531250 0.031250 0.031250
0 0.487500 0.545312 0.031250 0.028125
0 0.917188 0.454688 0.028125 0.028125
0 0.404687 0.228125 0.028125 0.031250
0 0.346875 0.462500 0.031250 0.031250
0 0.642188 0.465625 0.028125 0.031250
0 0.626563 0.914062 0.028125 0.028125
0 0.432812 0.579688 0.028125 0.028125
0 0.648438 0.829688 0.028125 0.028125
0 0.746875 0.187500 0.031250 0.031250
0 0.657813 0.325000 0.028125 0.031250
0 0.520312 0.429688 0.028125 0.028125
0 0.545312 0.710938 0.028125 0.028125
0 0.406250 0.796875 0.031250 0.031250
0 0.901563 0.642188 0.028125 0.028125
0 0.564063 0.795312 0.028125 0.028125
0 0.406250 0.762500 0.031250 0.031250
0 0.578125 0.246875 0.031250 0.031250
0 0.601562 0.481250 0.028125 0.031250
0 0.656250 0.562500 0.031250 0.031250
0 0.376563 0.214062 0.028125 0.028125
0 0.489063 0.210938 0.028125 0.028125
0 0.604688 0.196875 0.028125 0.031250
0 0.429688 0.714063 0.028125 0.028125
0 0.432812 0.379688 0.028125 0.028125
0 0.287500 0.100000 0.031250 0.031250
0 0.492188 0.273438 0.028125 0.028125
0 0.375000 0.681250 0.031250 0.031250
0 0.289062 0.132812 0.028125 0.028125
0 0.729688 0.217188 0.028125 0.028125
0 0.545312 0.410938 0.028125 0.028125
0 0.376563 0.615625 0.028125 0.031250
0 0.950000 0.603125 0.031250 0.031250
0 0.459375 0.100000 0.031250 0.031250
0 0.290625 0.498437 0.031250 0.028125
0 0.404687 0.431250 0.028125 0.031250
0 0.546875 0.240625 0.031250 0.031250
0 0.460938 0.562500 0.028125 0.031250
0 0.492188 0.846875 0.028125 0.031250
0 0.345313 0.164062 0.028125 0.028125
0 0.518750 0.290625 0.031250 0.031250
0 0.353125 0.895312 0.031250 0.028125
0 0.315625 0.053125 0.031250 0.031250
0 0.371875 0.084375 0.031250 0.031250
0 0.953125 0.287500 0.031250 0.031250
0 0.667188 0.657813 0.028125 0.028125
0 0.629687 0.857812 0.028125 0.028125
0 0.460938 0.795312 0.028125 0.028125
0 0.785937 0.501563 0.028125 0.028125
0 0.517188 0.395313 0.028125 0.028125
0 0.603125 0.651563 0.031250 0.028125
0 0.376563 0.446875 0.028125 0.031250
0 0.620313 0.773438 0.028125 0.028125
0 0.832812 0.532813 0.028125 0.028125
0 0.401562 0.132812 0.028125 0.028125
0 0.548438 0.823438 0.028125 0.028125
0 0.634375 0.112500 0.031250 0.031250
0 0.487500 0.610938 0.031250 0.028125
0 0.376563 0.246875 0.028125 0.031250
0 0.317188 0.117188 0.028125 0.028125
0 0.604688 0.165625 0.028125 0.031250
0 0.485938 0.079687 0.028125 0.028125
0 0.571875 0.564063 0.031250 0.028125
0 0.598437 0.070312 0.028125 0.028125
0 0.404687 0.196875 0.028125 0.031250
0 0.345313 0.067187 0.028125 0.028125
0 0.668750 0.601562 0.031250 0.028125
0 0.435937 0.042188 0.034375 0.034375
0 0.403125 0.731250 0.031250 0.031250
0 0.759375 0.329688 0.031250 0.028125
0 0.489063 0.745313 0.028125 0.028125
0 0.967187 0.315625 0.028125 0.031250
0 0.429688 0.543750 0.028125 0.031250
0 0.462500 0.396875 0.031250 0.031250
0 0.517188 0.759375 0.028125 0.031250
0 0.315625 0.084375 0.031250 0.031250
0 0.318750 0.278125 0.031250 0.031250
0 0.318750 0.381250 0.031250 0.031250
0 0.259375 0.150000 0.031250 0.031250
0 0.660937 0.153125 0.028125 0.031250
0 0.854688 0.023438 0.028125 0.028125
0 0.460938 0.462500 0.028125 0.031250
0 0.346875 0.632812 0.031250 0.028125
0 0.485938 0.645312 0.028125 0.028125
0 0.404687 0.260937 0.028125 0.028125
0 0.318750 0.746875 0.031250 0.031250
0 0.575000 0.690625 0.031250 0.031250
0 0.407813 0.829688 0.028125 0.028125
0 0.256250 0.050000 0.031250 0.031250
0 0.571875 0.357812 0.031250 0.028125
0 0.660937 0.528125 0.028125 0.031250
0 0.375000 0.479687 0.031250 0.028125
0 0.779687 0.948438 0.028125 0.028125
0 0.704688 0.690625 0.028125 0.031250
0 0.598437 0.132812 0.028125 0.028125
0 0.493750 0.878125 0.031250 0.031250
0 0.707812 0.300000 0.028125 0.031250
0 0.287500 0.865625 0.031250 0.031250
0 0.640625 0.971875 0.031250 0.031250
0 0.290625 0.395313 0.031250 0.028125
0 0.256250 0.084375 0.031250 0.031250
0 0.715625 0.184375 0.031250 0.031250
0 0.576562 0.182812 0.028125 0.028125
0 0.403125 0.395313 0.031250 0.028125
0 0.350000 0.365625 0.031250 0.031250
0 0.376563 0.310937 0.028125 0.028125
0 0.285938 0.165625 0.028125 0.031250
0 0.932813 0.539062 0.028125 0.028125
0 0.723437 0.440625 0.028125 0.031250
0 0.707812 0.354687 0.028125 0.028125
0 0.318750 0.512500 0.031250 0.031250
0 0.262500 0.612500 0.031250 0.031250
0 0.571875 0.529687 0.031250 0.028125
0 0.660937 0.382812 0.028125 0.028125
0 0.790625 0.329688 0.031250 0.028125
0 0.931250 0.962500 0.031250 0.031250
0 0.460938 0.257812 0.028125 0.028125
0 0.975000 0.845313 0.031250 0.028125
0 0.346875 0.395313 0.031250 0.028125
0 0.620313 0.017188 0.028125 0.028125
0 0.735938 0.031250 0.028125 0.031250
0 0.517188 0.498437 0.028125 0.028125
0 0.289062 0.198437 0.028125 0.028125
0 0.460938 0.664062 0.028125 0.028125
0 0.807813 0.300000 0.028125 0.031250
0 0.315625 0.148438 0.031250 0.028125
0 0.704688 0.018750 0.028125 0.031250
0 0.459375 0.362500 0.031250 0.031250
0 0.287500 0.965625 0.031250 0.031250
0 0.809375 0.965625 0.031250 0.031250
0 0.259375 0.181250 0.031250 0.031250
0 0.431250 0.114062 0.031250 0.028125
0 0.318750 0.681250 0.031250 0.031250
0 0.639062 0.689063 0.028125 0.028125
0 0.432812 0.514062 0.028125 0.028125
0 0.403125 0.632812 0.031250 0.028125
0 0.346875 0.296875 0.031250 0.031250
0 0.514062 0.060937 0.028125 0.028125
0 0.287500 0.034375 0.031250 0.031250
0 0.642188 0.410938 0.028125 0.028125
0 0.460938 0.429688 0.028125 0.028125
0 0.571875 0.120313 0.031250 0.028125
0 0.346875 0.665625 0.031250 0.031250
0 0.509375 0.032813 0.031250 0.028125
0 0.489063 0.414062 0.028125 0.028125
0 0.376563 0.346875 0.028125 0.031250
0 0.576562 0.151562 0.028125 0.028125
0 0.554688 0.965625 0.028125 0.031250
0 0.465625 0.021875 0.031250 0.031250
0 0.900000 0.975000 0.031250 0.031250
0 0.460938 0.228125 0.028125 0.031250
0 0.592187 0.717187 0.028125 0.028125
0 0.609375 0.975000 0.031250 0.031250
0 0.431250 0.148438 0.031250 0.028125
0 0.660937 0.496875 0.028125 0.031250
0 0.979688 0.729688 0.028125 0.028125
0 0.842187 0.953125 0.028125 0.031250
0 0.403125 0.528125 0.031250 0.031250
0 0.376563 0.514062 0.028125 0.028125
0 0.315625 0.214062 0.031250 0.028125
0 0.601562 0.101562 0.028125 0.028125
0 0.651563 0.029687 0.028125 0.028125
0 0.489063 0.242188 0.028125 0.028125
0 0.289062 0.462500 0.028125 0.031250
0 0.564063 0.023438 0.028125 0.028125
0 0.346875 0.429688 0.031250 0.028125
0 0.460938 0.195312 0.028125 0.028125
0 0.428125 0.084375 0.031250 0.031250
0 0.345313 0.037500 0.028125 0.031250
0 0.514062 0.695312 0.028125 0.028125
0 0.259375 0.646875 0.031250 0.031250
0 0.460938 0.495312 0.028125 0.028125
0 0.260937 0.814063 0.028125 0.028125
0 0.318750 0.646875 0.031250 0.031250
0 0.515625 0.360938 0.031250 0.028125
0 0.376563 0.379688 0.028125 0.028125
0 0.518750 0.257812 0.031250 0.028125
0 0.517188 0.460938 0.028125 0.028125
0 0.978125 0.071875 0.031250 0.031250
0 0.403125 0.068750 0.031250 0.031250
0 0.320312 0.410938 0.028125 0.028125
0 0.260937 0.578125 0.034375 0.031250
0 0.259375 0.346875 0.031250 0.031250
0 0.262500 0.312500 0.031250 0.031250
0 0.790625 0.018750 0.031250 0.031250
0 0.404687 0.295312 0.028125 0.028125
0 0.260937 0.781250 0.028125 0.031250
0 0.259375 0.746875 0.031250 0.031250
0 0.373437 0.650000 0.028125 0.031250
0 0.256250 0.712500 0.031250 0.031250
0 0.315625 0.018750 0.031250 0.031250
0 0.403125 0.034375 0.031250 0.031250
0 0.259375 0.846875 0.031250 0.031250
0 0.968750 0.575000 0.031250 0.031250
0 0.256250 0.678125 0.031250 0.031250
0 0.460938 0.329688 0.028125 0.028125
0 0.293750 0.931250 0.031250 0.031250
0 0.317188 0.478125 0.028125 0.031250
0 0.950000 0.015625 0.031250 0.031250
0 0.918750 0.015625 0.031250 0.031250
0 0.259375 0.214062 0.031250 0.028125
0 0.571875 0.467187 0.031250 0.028125
0 0.717187 0.526563 0.028125 0.028125
0 0.257812 0.117188 0.028125 0.028125
0 0.534375 0.015625 0.031250 0.031250
0 0.260937 0.382812 0.034375 0.034375
0 0.403125 0.365625 0.031250 0.031250
0 0.379688 0.978125 0.028125 0.025000
0 0.259375 0.446875 0.031250 0.031250
0 0.256250 0.018750 0.031250 0.031250
0 0.259375 0.281250 0.031250 0.031250
0 0.257812 0.946875 0.034375 0.031250
0 0.371875 0.018750 0.031250 0.031250
0 0.256250 0.246875 0.031250 0.031250
0 0.260937 0.512500 0.028125 0.031250
0 0.259375 0.412500 0.031250 0.031250
0 0.981250 0.343750 0.031250 0.031250
0 0.784375 0.978125 0.031250 0.031250
0 0.317188 0.979688 0.028125 0.028125
0 0.259375 0.479687 0.031250 0.028125
0 0.981250 0.668750 0.031250 0.031250
0 0.259375 0.546875 0.031250 0.031250
0 0.979688 0.892188 0.028125 0.028125
