0 0.537500 0.890625 0.031250 0.031250
0 0.100000 0.439063 0.031250 0.034375
0 0.565625 0.675000 0.031250 0.031250
0 0.421875 0.756250 0.031250 0.031250
0 0.093750 0.725000 0.031250 0.031250
0 0.275000 0.875000 0.031250 0.031250
0 0.787500 0.637500 0.031250 0.031250
0 0.450000 0.906250 0.031250 0.031250
0 0.131250 0.921875 0.031250 0.031250
0 0.265625 0.559375 0.031250 0.031250
0 0.131250 0.767188 0.031250 0.028125
0 0.737500 0.881250 0.031250 0.031250
0 0.759375 0.906250 0.031250 0.031250
0 0.103125 0.940625 0.031250 0.031250
0 0.392188 0.906250 0.028125 0.031250
0 0.181250 0.878125 0.031250 0.031250
0 0.303125 0.856250 0.031250 0.031250
0 0.787500 0.890625 0.031250 0.031250
0 0.621875 0.843750 0.031250 0.031250
0 0.335938 0.906250 0.028125 0.031250
0 0.064062 0.896875 0.028125 0.031250
0 0.276562 0.909375 0.028125 0.031250
0 0.737500 0.846875 0.031250 0.031250
0 0.362500 0.823438 0.031250 0.028125
0 0.815625 0.875000 0.031250 0.031250
0 0.085938 0.843750 0.028125 0.031250
0 0.334375 0.839063 0.031250 0.034375
0 0.306250 0.925000 0.031250 0.031250
0 0.815625 0.907813 0.031250 0.028125
0 0.281250 0.793750 0.031250 0.031250
0 0.306250 0.889062 0.031250 0.028125
0 0.096875 0.909375 0.031250 0.031250
0 0.150000 0.867188 0.031250 0.028125
0 0.200000 0.668750 0.031250 0.031250
0 0.334375 0.871875 0.031250 0.031250
0 0.300000 0.735938 0.031250 0.028125
0 0.595313 0.825000 0.028125 0.031250
0 0.071875 0.931250 0.031250 0.031250
0 0.110937 0.821875 0.028125 0.031250
0 0.621875 0.776563 0.031250 0.028125
0 0.362500 0.756250 0.031250 0.031250
0 0.450000 0.871875 0.031250 0.031250
0 0.212500 0.887500 0.031250 0.031250
0 0.421875 0.887500 0.031250 0.031250
0 0.393750 0.939063 0.031250 0.028125
0 0.181250 0.723437 0.031250 0.028125
0 0.175000 0.690625 0.031250 0.031250
0 0.093750 0.568750 0.031250 0.031250
0 0.081250 0.656250 0.031250 0.031250
0 0.651563 0.760938 0.028125 0.028125
0 0.135937 0.800000 0.028125 0.031250
0 0.535937 0.823438 0.028125 0.028125
0 0.175000 0.845313 0.031250 0.028125
0 0.231250 0.834375 0.031250 0.031250
0 0.100000 0.381250 0.031250 0.031250
0 0.365625 0.956250 0.031250 0.031250
0 0.479687 0.920312 0.028125 0.028125
0 0.135937 0.954688 0.028125 0.028125
0 0.320312 0.807813 0.034375 0.034375
0 0.084375 0.350000 0.031250 0.031250
0 0.625000 0.809375 0.031250 0.031250
0 0.785937 0.923438 0.028125 0.028125
0 0.090625 0.875000 0.031250 0.031250
0 0.421875 0.921875 0.031250 0.031250
0 0.150000 0.714063 0.031250 0.028125
0 0.034375 0.734375 0.031250 0.031250
0 0.157812 0.587500 0.034375 0.031250
0 0.268750 0.725000 0.031250 0.031250
0 0.298438 0.442188 0.028125 0.028125
0 0.507812 0.839063 0.028125 0.028125
0 0.125000 0.887500 0.031250 0.031250
0 0.225000 0.803125 0.031250 0.031250
0 0.050000 0.350000 0.031250 0.031250
0 0.142187 0.834375 0.028125 0.031250
0 0.187500 0.912500 0.031250 0.031250
0 0.117188 0.854688 0.028125 0.028125
0 0.756250 0.975000 0.031250 0.031250
0 0.048438 0.646875 0.028125 0.031250
0 0.215625 0.412500 0.031250 0.031250
0 0.195312 0.945312 0.028125 0.028125
0 0.156250 0.900000 0.031250 0.031250
0 0.875000 0.942187 0.031250 0.034375
0 0.537500 0.725000 0.031250 0.031250
0 0.707812 0.862500 0.028125 0.031250
0 0.423438 0.621875 0.028125 0.031250
0 0.043750 0.953125 0.031250 0.031250
0 0.032813 0.439063 0.028125 0.028125
0 0.296875 0.503125 0.031250 0.031250
0 0.220312 0.921875 0.028125 0.031250
0 0.212500 0.584375 0.031250 0.031250
0 0.651563 0.928125 0.028125 0.031250
0 0.059375 0.865625 0.031250 0.031250
0 0.251563 0.932813 0.028125 0.028125
0 0.651563 0.893750 0.028125 0.031250
0 0.537500 0.856250 0.031250 0.031250
0 0.478125 0.823438 0.031250 0.028125
0 0.392188 0.839063 0.028125 0.028125
0 0.206250 0.856250 0.031250 0.031250
0 0.112500 0.668750 0.031250 0.031250
0 0.162500 0.932813 0.031250 0.028125
0 0.364063 0.921875 0.028125 0.031250
0 0.182812 0.468750 0.028125 0.031250
0 0.245312 0.900000 0.028125 0.031250
0 0.700000 0.937500 0.031250 0.031250
0 0.115625 0.350000 0.031250 0.031250
0 0.225000 0.953125 0.031250 0.031250
0 0.206250 0.703125 0.031250 0.031250
0 0.150000 0.525000 0.031250 0.031250
0 0.737500 0.814063 0.031250 0.028125
0 0.237500 0.865625 0.031250 0.031250
0 0.565625 0.840625 0.031250 0.031250
0 0.040625 0.767188 0.031250 0.028125
0 0.021875 0.821875 0.031250 0.031250
0 0.196875 0.556250 0.031250 0.031250
0 0.621875 0.909375 0.031250 0.031250
0 0.054688 0.834375 0.028125 0.031250
0 0.681250 0.912500 0.031250 0.031250
0 0.479687 0.956250 0.028125 0.031250
0 0.654687 0.860938 0.028125 0.028125
0 0.651563 0.826562 0.028125 0.028125
0 0.039062 0.920312 0.028125 0.028125
0 0.479687 0.656250 0.028125 0.031250
0 0.167187 0.812500 0.028125 0.031250
0 0.593750 0.792188 0.031250 0.028125
0 0.100000 0.496875 0.031250 0.031250
0 0.625000 0.876563 0.031250 0.028125
0 0.160938 0.778125 0.028125 0.031250
0 0.681250 0.812500 0.031250 0.031250
0 0.595313 0.859375 0.028125 0.031250
0 0.729688 0.921875 0.028125 0.031250
0 0.729688 0.956250 0.028125 0.031250
0 0.109375 0.975000 0.031250 0.031250
0 0.256250 0.812500 0.031250 0.031250
0 0.167187 0.437500 0.028125 0.031250
0 0.450000 0.671875 0.031250 0.031250
0 0.450000 0.637500 0.031250 0.031250
0 0.079687 0.812500 0.028125 0.031250
0 0.787500 0.956250 0.031250 0.031250
0 0.032813 0.885938 0.028125 0.028125
0 0.450000 0.706250 0.031250 0.031250
0 0.048438 0.800000 0.028125 0.031250
0 0.212500 0.735938 0.031250 0.028125
0 0.423438 0.956250 0.028125 0.031250
0 0.700000 0.971875 0.031250 0.031250
0 0.845313 0.925000 0.034375 0.031250
0 0.048438 0.465625 0.028125 0.031250
0 0.707812 0.829688 0.028125 0.028125
0 0.218750 0.768750 0.031250 0.031250
0 0.143750 0.681250 0.031250 0.031250
0 0.262500 0.693750 0.031250 0.031250
0 0.393750 0.606250 0.031250 0.031250
0 0.334375 0.628125 0.031250 0.031250
0 0.392188 0.873437 0.028125 0.028125
0 0.815625 0.940625 0.031250 0.031250
0 0.392188 0.807813 0.028125 0.028125
0 0.087500 0.690625 0.031250 0.031250
0 0.153125 0.350000 0.031250 0.031250
0 0.307812 0.956250 0.028125 0.031250
0 0.709375 0.796875 0.031250 0.031250
0 0.453125 0.939063 0.031250 0.028125
0 0.328125 0.715625 0.031250 0.031250
0 0.507812 0.771875 0.028125 0.031250
0 0.478125 0.754687 0.031250 0.028125
0 0.384375 0.481250 0.031250 0.031250
0 0.479687 0.721875 0.028125 0.031250
0 0.678125 0.534375 0.031250 0.031250
0 0.187500 0.757812 0.031250 0.028125
0 0.479687 0.689063 0.028125 0.028125
0 0.200000 0.381250 0.031250 0.031250
0 0.065625 0.495312 0.031250 0.034375
0 0.246875 0.528125 0.031250 0.031250
0 0.453125 0.971875 0.031250 0.031250
0 0.843750 0.890625 0.031250 0.031250
0 0.651563 0.728125 0.028125 0.031250
0 0.231250 0.500000 0.031250 0.031250
0 0.256250 0.659375 0.031250 0.031250
0 0.537500 0.625000 0.031250 0.031250
0 0.651563 0.795312 0.028125 0.028125
0 0.359375 0.718750 0.031250 0.031250
0 0.162500 0.625000 0.031250 0.031250
0 0.282813 0.414062 0.028125 0.028125
0 0.365625 0.887500 0.031250 0.031250
0 0.507812 0.806250 0.028125 0.031250
0 0.134375 0.381250 0.031250 0.031250
0 0.623437 0.743750 0.028125 0.031250
0 0.298438 0.618750 0.028125 0.031250
0 0.421875 0.823438 0.031250 0.028125
0 0.565625 0.904687 0.031250 0.028125
0 0.167187 0.381250 0.028125 0.031250
0 0.595313 0.893750 0.028125 0.031250
0 0.065625 0.381250 0.031250 0.031250
0 0.450000 0.839063 0.031250 0.028125
0 0.767188 0.831250 0.028125 0.031250
0 0.507812 0.871875 0.028125 0.031250
0 0.056250 0.679688 0.031250 0.028125
0 0.028125 0.853125 0.031250 0.031250
0 0.537500 0.956250 0.031250 0.031250
0 0.509375 0.640625 0.031250 0.031250
0 0.681250 0.778125 0.031250 0.031250
0 0.331250 0.745313 0.031250 0.028125
0 0.200000 0.825000 0.031250 0.031250
0 0.073438 0.778125 0.028125 0.031250
0 0.621875 0.943750 0.031250 0.031250
0 0.300000 0.384375 0.031250 0.031250
0 0.423438 0.589063 0.028125 0.028125
0 0.275000 0.757812 0.031250 0.028125
0 0.259375 0.618750 0.031250 0.031250
0 0.193750 0.790625 0.031250 0.031250
0 0.418750 0.720313 0.031250 0.028125
0 0.314063 0.473438 0.028125 0.028125
0 0.104688 0.790625 0.028125 0.031250
0 0.421875 0.689063 0.031250 0.028125
0 0.314063 0.532813 0.028125 0.028125
0 0.737500 0.781250 0.031250 0.031250
0 0.350000 0.417187 0.031250 0.028125
0 0.796875 0.850000 0.031250 0.031250
0 0.250000 0.470313 0.031250 0.028125
0 0.200000 0.439063 0.031250 0.028125
0 0.421875 0.856250 0.031250 0.031250
0 0.671875 0.954688 0.031250 0.034375
0 0.100000 0.756250 0.031250 0.031250
0 0.023438 0.667188 0.028125 0.028125
0 0.362500 0.856250 0.031250 0.031250
0 0.393750 0.971875 0.031250 0.031250
0 0.167187 0.657813 0.028125 0.028125
0 0.875000 0.909375 0.031250 0.031250
0 0.734375 0.554688 0.031250 0.034375
0 0.167187 0.321875 0.034375 0.031250
0 0.506250 0.740625 0.031250 0.031250
0 0.535937 0.790625 0.028125 0.031250
0 0.242188 0.745313 0.028125 0.028125
0 0.084375 0.534375 0.031250 0.031250
0 0.476562 0.889062 0.028125 0.028125
0 0.234375 0.440625 0.031250 0.031250
0 0.593750 0.928125 0.031250 0.031250
0 0.565625 0.875000 0.031250 0.031250
0 0.251563 0.781250 0.028125 0.031250
0 0.423438 0.556250 0.028125 0.031250
0 0.032813 0.381250 0.028125 0.031250
0 0.050000 0.409375 0.031250 0.031250
0 0.535937 0.657813 0.028125 0.028125
0 0.195312 0.635938 0.028125 0.028125
0 0.535937 0.690625 0.028125 0.031250
0 0.290625 0.825000 0.031250 0.031250
0 0.125000 0.735938 0.031250 0.028125
0 0.421875 0.656250 0.031250 0.031250
0 0.365625 0.621875 0.031250 0.031250
0 0.237500 0.714063 0.031250 0.028125
0 0.187500 0.606250 0.031250 0.031250
0 0.184375 0.353125 0.031250 0.031250
0 0.115625 0.525000 0.031250 0.031250
0 0.131250 0.615625 0.031250 0.031250
0 0.125000 0.584375 0.031250 0.031250
0 0.262500 0.843750 0.031250 0.031250
0 0.070312 0.590625 0.028125 0.031250
0 0.418750 0.787500 0.031250 0.031250
0 0.329688 0.562500 0.028125 0.031250
0 0.479687 0.857812 0.028125 0.028125
0 0.765625 0.865625 0.031250 0.031250
0 0.282813 0.471875 0.028125 0.031250
0 0.134375 0.321875 0.031250 0.031250
0 0.073438 0.625000 0.028125 0.031250
0 0.681250 0.845313 0.031250 0.028125
0 0.390625 0.704688 0.031250 0.028125
0 0.565625 0.807813 0.031250 0.028125
0 0.393750 0.637500 0.031250 0.031250
0 0.182812 0.526563 0.028125 0.028125
0 0.451562 0.773438 0.028125 0.028125
0 0.448437 0.806250 0.028125 0.031250
0 0.621875 0.709375 0.031250 0.031250
0 0.182812 0.412500 0.028125 0.031250
0 0.198437 0.496875 0.028125 0.031250
0 0.662500 0.484375 0.031250 0.031250
0 0.132812 0.495312 0.028125 0.028125
0 0.250000 0.412500 0.031250 0.031250
0 0.343750 0.659375 0.031250 0.031250
0 0.845313 0.959375 0.034375 0.031250
0 0.362500 0.684375 0.031250 0.031250
0 0.306250 0.768750 0.031250 0.031250
0 0.337500 0.939063 0.031250 0.028125
0 0.118750 0.703125 0.031250 0.031250
0 0.331250 0.445312 0.031250 0.028125
0 0.481250 0.621875 0.031250 0.031250
0 0.565625 0.709375 0.031250 0.031250
0 0.031250 0.703125 0.031250 0.031250
0 0.156250 0.746875 0.031250 0.031250
0 0.364063 0.789062 0.028125 0.028125
0 0.678125 0.878125 0.031250 0.031250
0 0.084375 0.465625 0.031250 0.031250
0 0.068750 0.745313 0.031250 0.028125
0 0.168750 0.965625 0.031250 0.031250
0 0.150000 0.468750 0.031250 0.031250
0 0.278125 0.953125 0.031250 0.031250
0 0.507812 0.706250 0.028125 0.031250
0 0.481250 0.590625 0.031250 0.031250
0 0.078125 0.965625 0.031250 0.031250
0 0.757812 0.940625 0.028125 0.031250
0 0.225000 0.646875 0.031250 0.031250
0 0.131250 0.439063 0.031250 0.028125
0 0.509375 0.939063 0.031250 0.028125
0 0.453125 0.573438 0.031250 0.028125
0 0.364063 0.448437 0.028125 0.028125
0 0.535937 0.923438 0.028125 0.028125
0 0.031250 0.500000 0.031250 0.031250
0 0.318750 0.681250 0.031250 0.031250
0 0.267188 0.384375 0.028125 0.031250
0 0.165625 0.556250 0.031250 0.031250
0 0.234375 0.381250 0.031250 0.031250
0 0.100000 0.604688 0.031250 0.028125
0 0.507812 0.673438 0.028125 0.028125
0 0.567187 0.773438 0.028125 0.028125
0 0.479687 0.789062 0.028125 0.028125
0 0.278125 0.589063 0.031250 0.028125
0 0.131250 0.553125 0.031250 0.031250
0 0.215625 0.528125 0.031250 0.031250
0 0.710938 0.592187 0.034375 0.034375
0 0.293750 0.703125 0.031250 0.031250
0 0.593750 0.725000 0.031250 0.031250
0 0.042188 0.612500 0.028125 0.031250
0 0.245312 0.587500 0.028125 0.031250
0 0.640625 0.459375 0.031250 0.031250
0 0.565625 0.939063 0.031250 0.028125
0 0.329688 0.503125 0.028125 0.031250
0 0.165625 0.496875 0.031250 0.031250
0 0.751563 0.639062 0.034375 0.034375
0 0.115625 0.468750 0.031250 0.031250
0 0.335938 0.778125 0.028125 0.031250
0 0.106250 0.637500 0.031250 0.031250
0 0.709375 0.896875 0.031250 0.031250
0 0.150000 0.409375 0.031250 0.031250
0 0.362500 0.568750 0.031250 0.031250
0 0.067187 0.320312 0.034375 0.034375
0 0.037500 0.581250 0.031250 0.031250
0 0.231250 0.681250 0.031250 0.031250
0 0.535937 0.757812 0.028125 0.028125
0 0.390625 0.737500 0.031250 0.031250
0 0.285938 0.671875 0.028125 0.031250
0 0.284375 0.353125 0.031250 0.031250
0 0.225000 0.615625 0.031250 0.031250
0 0.509375 0.606250 0.031250 0.031250
0 0.115625 0.409375 0.031250 0.031250
0 0.712500 0.528125 0.031250 0.031250
0 0.251563 0.353125 0.028125 0.031250
0 0.317188 0.414062 0.028125 0.028125
0 0.318750 0.354687 0.031250 0.028125
0 0.348438 0.476562 0.028125 0.028125
0 0.393750 0.515625 0.031250 0.031250
0 0.770312 0.545312 0.034375 0.034375
0 0.453125 0.606250 0.031250 0.031250
0 0.100000 0.321875 0.031250 0.031250
0 0.381250 0.543750 0.031250 0.031250
0 0.723437 0.495312 0.034375 0.034375
0 0.031250 0.548438 0.031250 0.034375
0 0.690625 0.503125 0.031250 0.031250
0 0.507812 0.906250 0.028125 0.031250
0 0.312500 0.589063 0.031250 0.028125
0 0.346875 0.534375 0.031250 0.031250
0 0.062500 0.712500 0.031250 0.031250
0 0.281250 0.531250 0.031250 0.031250
0 0.643750 0.971875 0.031250 0.031250
0 0.415625 0.489063 0.031250 0.028125
0 0.593750 0.759375 0.031250 0.031250
0 0.215625 0.468750 0.031250 0.031250
0 0.571875 0.973437 0.037500 0.034375
0 0.218750 0.353125 0.031250 0.031250
0 0.345313 0.596875 0.028125 0.031250
0 0.267188 0.443750 0.028125 0.031250
0 0.334375 0.384375 0.031250 0.031250
0 0.509375 0.971875 0.031250 0.031250
0 0.337500 0.975000 0.031250 0.031250
0 0.018750 0.975000 0.031250 0.031250
0 0.875000 0.976562 0.031250 0.034375
0 0.018750 0.634375 0.031250 0.031250
0 0.393750 0.571875 0.031250 0.031250
0 0.395313 0.670312 0.028125 0.028125
0 0.681250 0.745313 0.031250 0.028125
0 0.265625 0.501563 0.031250 0.028125
0 0.137500 0.648438 0.031250 0.028125
0 0.384375 0.421875 0.031250 0.031250
0 0.628125 0.490625 0.031250 0.031250
0 0.296875 0.562500 0.031250 0.031250
0 0.200000 0.975000 0.031250 0.031250
0 0.565625 0.742188 0.031250 0.028125
0 0.771875 0.609375 0.031250 0.031250
0 0.450000 0.740625 0.031250 0.031250
0 0.200000 0.321875 0.031250 0.031250
0 0.392188 0.770312 0.028125 0.028125
0 0.084375 0.409375 0.031250 0.031250
0 0.395313 0.453125 0.028125 0.031250
0 0.595313 0.693750 0.028125 0.031250
0 0.565625 0.642188 0.031250 0.028125
0 0.309375 0.650000 0.031250 0.031250
0 0.351562 0.356250 0.028125 0.031250
0 0.650000 0.515625 0.031250 0.031250
0 0.754687 0.579688 0.034375 0.034375
0 0.362500 0.507812 0.031250 0.028125
0 0.740625 0.609375 0.031250 0.031250
0 0.509375 0.573438 0.031250 0.028125
0 0.229687 0.556250 0.028125 0.031250
0 0.595313 0.659375 0.028125 0.031250
0 0.700000 0.557813 0.031250 0.034375
0 0.425000 0.523438 0.031250 0.028125
0 0.789062 0.579688 0.034375 0.034375
0 0.062500 0.559375 0.031250 0.031250
0 0.481250 0.557813 0.031250 0.028125
0 0.453125 0.540625 0.031250 0.031250
0 0.364063 0.387500 0.028125 0.031250
0 0.807813 0.607812 0.034375 0.034375
0 0.875000 0.876563 0.031250 0.034375
0 0.053125 0.526563 0.031250 0.028125
0 0.837500 0.671875 0.031250 0.031250
0 0.746875 0.521875 0.031250 0.031250
0 0.537500 0.590625 0.031250 0.031250
0 0.065625 0.437500 0.031250 0.031250
0 0.709375 0.762500 0.031250 0.031250
0 0.845313 0.857812 0.034375 0.034375
0 0.621875 0.678125 0.031250 0.031250
0 0.417187 0.428125 0.028125 0.031250
0 0.015625 0.940625 0.031250 0.031250
0 0.303125 0.325000 0.031250 0.031250
0 0.017188 0.789062 0.028125 0.028125
0 0.701562 0.471875 0.034375 0.031250
0 0.428125 0.459375 0.031250 0.031250
0 0.450000 0.496875 0.031250 0.031250
0 0.765625 0.796875 0.031250 0.031250
0 0.606250 0.456250 0.031250 0.031250
0 0.803125 0.668750 0.031250 0.031250
0 0.796875 0.815625 0.031250 0.031250
0 0.584375 0.428125 0.031250 0.031250
0 0.712500 0.629687 0.031250 0.034375
0 0.823438 0.640625 0.034375 0.031250
0 0.384375 0.357812 0.031250 0.028125
0 0.814063 0.976562 0.028125 0.028125
0 0.675000 0.450000 0.031250 0.031250
0 0.651563 0.695312 0.028125 0.028125
0 0.709375 0.731250 0.031250 0.031250
0 0.567187 0.604688 0.034375 0.034375
0 0.032813 0.320312 0.034375 0.034375
0 0.268750 0.325000 0.031250 0.031250
0 0.334375 0.325000 0.031250 0.031250
0 0.396875 0.390625 0.031250 0.031250
0 0.768750 0.667188 0.031250 0.034375
0 0.234375 0.323437 0.031250 0.034375
0 0.667188 0.567187 0.034375 0.034375
0 0.825000 0.831250 0.031250 0.031250
0 0.848437 0.704688 0.034375 0.034375
0 0.593750 0.490625 0.031250 0.031250
0 0.017188 0.470313 0.028125 0.028125
0 0.017188 0.409375 0.028125 0.031250
0 0.642188 0.546875 0.034375 0.031250
0 0.281250 0.642188 0.031250 0.028125
0 0.017188 0.350000 0.028125 0.031250
0 0.617188 0.425000 0.034375 0.031250
0 0.481250 0.526563 0.031250 0.034375
0 0.681250 0.712500 0.031250 0.031250
0 0.596875 0.396875 0.031250 0.031250
0 0.253125 0.973437 0.031250 0.028125
0 0.370312 0.328125 0.034375 0.031250
0 0.682813 0.612500 0.034375 0.031250
0 0.565625 0.403125 0.031250 0.031250
0 0.593750 0.625000 0.031250 0.031250
0 0.615625 0.518750 0.031250 0.031250
0 0.814063 0.700000 0.034375 0.031250
0 0.459375 0.468750 0.031250 0.031250
0 0.575000 0.462500 0.031250 0.031250
