0 0.903125 0.120313 0.031250 0.028125
0 0.453125 0.912500 0.031250 0.031250
0 0.412500 0.050000 0.031250 0.031250
0 0.885938 0.206250 0.034375 0.031250
0 0.712500 0.809375 0.037500 0.037500
0 0.834375 0.234375 0.031250 0.031250
0 0.823438 0.756250 0.028125 0.031250
0 0.781250 0.150000 0.031250 0.031250
0 0.843750 0.875000 0.031250 0.031250
0 0.765625 0.937500 0.031250 0.031250
0 0.800000 0.062500 0.031250 0.031250
0 0.884375 0.818750 0.031250 0.031250
0 0.534375 0.859375 0.037500 0.037500
0 0.850000 0.150000 0.031250 0.031250
0 0.843750 0.728125 0.031250 0.031250
0 0.878125 0.931250 0.031250 0.031250
0 0.800000 0.234375 0.031250 0.031250
0 0.881250 0.875000 0.031250 0.031250
0 0.890625 0.760938 0.031250 0.028125
0 0.837500 0.787500 0.031250 0.031250
0 0.912500 0.734375 0.031250 0.031250
0 0.875000 0.495312 0.031250 0.028125
0 0.937500 0.235937 0.031250 0.028125
0 0.921875 0.762500 0.031250 0.031250
0 0.893750 0.468750 0.031250 0.031250
0 0.870313 0.787500 0.028125 0.031250
0 0.921875 0.531250 0.031250 0.031250
0 0.846875 0.434375 0.031250 0.031250
0 0.765625 0.064062 0.031250 0.028125
0 0.412500 0.115625 0.031250 0.031250
0 0.912500 0.440625 0.031250 0.031250
0 0.796875 0.403125 0.031250 0.031250
0 0.350000 0.350000 0.031250 0.031250
0 0.953125 0.681250 0.031250 0.031250
0 0.784375 0.812500 0.031250 0.031250
0 0.653125 0.181250 0.031250 0.031250
0 0.959375 0.821875 0.037500 0.037500
0 0.903125 0.792188 0.031250 0.028125
0 0.809375 0.871875 0.031250 0.031250
0 0.756250 0.750000 0.031250 0.031250
0 0.878125 0.731250 0.031250 0.031250
0 0.700000 0.925000 0.031250 0.031250
0 0.796875 0.840625 0.031250 0.031250
0 0.860938 0.612500 0.028125 0.031250
0 0.776563 0.721875 0.028125 0.031250
0 0.417187 0.785937 0.028125 0.028125
0 0.937500 0.062500 0.031250 0.031250
0 0.856250 0.759375 0.031250 0.031250
0 0.409375 0.875000 0.031250 0.031250
0 0.953125 0.262500 0.031250 0.031250
0 0.901563 0.293750 0.028125 0.031250
0 0.500000 0.267188 0.031250 0.034375
0 0.903125 0.850000 0.031250 0.031250
0 0.828125 0.462500 0.031250 0.031250
0 0.534375 0.784375 0.031250 0.031250
0 0.887500 0.526563 0.031250 0.028125
0 0.729688 0.176563 0.028125 0.028125
0 0.954688 0.206250 0.034375 0.031250
0 0.798438 0.932813 0.034375 0.034375
0 0.678125 0.950000 0.031250 0.031250
0 0.417187 0.753125 0.028125 0.031250
0 0.906250 0.500000 0.031250 0.031250
0 0.971875 0.234375 0.031250 0.031250
0 0.831250 0.843750 0.031250 0.031250
0 0.868750 0.553125 0.031250 0.031250
0 0.678125 0.146875 0.031250 0.031250
0 0.903125 0.178125 0.031250 0.031250
0 0.696875 0.121875 0.031250 0.031250
0 0.798438 0.120313 0.034375 0.034375
0 0.362500 0.681250 0.031250 0.031250
0 0.356250 0.046875 0.031250 0.031250
0 0.901563 0.557813 0.028125 0.028125
0 0.887500 0.262500 0.031250 0.031250
0 0.937500 0.178125 0.031250 0.031250
0 0.671875 0.662500 0.031250 0.031250
0 0.831250 0.403125 0.031250 0.031250
0 0.789062 0.900000 0.034375 0.031250
0 0.940625 0.653125 0.031250 0.031250
0 0.714063 0.090625 0.028125 0.031250
0 0.792188 0.606250 0.028125 0.031250
0 0.646875 0.856250 0.031250 0.031250
0 0.765625 0.290625 0.031250 0.031250
0 0.943750 0.737500 0.031250 0.031250
0 0.881250 0.437500 0.031250 0.031250
0 0.781250 0.375000 0.031250 0.031250
0 0.765625 0.121875 0.031250 0.031250
0 0.756250 0.906250 0.031250 0.031250
0 0.557813 0.134375 0.028125 0.031250
0 0.818750 0.814063 0.031250 0.028125
0 0.884375 0.318750 0.031250 0.031250
0 0.918750 0.090625 0.031250 0.031250
0 0.850000 0.818750 0.031250 0.031250
0 0.946875 0.443750 0.031250 0.031250
0 0.528125 0.118750 0.031250 0.031250
0 0.782813 0.093750 0.028125 0.031250
0 0.950000 0.882812 0.031250 0.028125
0 0.689063 0.893750 0.028125 0.031250
0 0.590625 0.282813 0.031250 0.028125
0 0.710938 0.262500 0.034375 0.031250
0 0.418750 0.818750 0.031250 0.031250
0 0.934375 0.562500 0.031250 0.031250
0 0.817187 0.146875 0.028125 0.031250
0 0.765625 0.231250 0.031250 0.031250
0 0.834375 0.178125 0.031250 0.031250
0 0.868750 0.290625 0.031250 0.031250
0 0.835938 0.290625 0.028125 0.031250
0 0.839063 0.640625 0.028125 0.031250
0 0.500000 0.234375 0.031250 0.031250
0 0.762500 0.178125 0.031250 0.031250
0 0.818750 0.093750 0.031250 0.031250
0 0.715625 0.742188 0.031250 0.034375
0 0.881250 0.584375 0.031250 0.031250
0 0.440625 0.231250 0.031250 0.031250
0 0.796875 0.346875 0.031250 0.031250
0 0.750000 0.090625 0.031250 0.031250
0 0.906250 0.646875 0.031250 0.031250
0 0.731250 0.064062 0.031250 0.028125
0 0.681250 0.293750 0.031250 0.031250
0 0.559375 0.265625 0.031250 0.031250
0 0.648438 0.712500 0.028125 0.031250
0 0.503125 0.734375 0.031250 0.031250
0 0.584375 0.612500 0.031250 0.031250
0 0.896875 0.406250 0.031250 0.031250
0 0.793750 0.459375 0.031250 0.031250
0 0.806250 0.637500 0.031250 0.031250
0 0.635938 0.914062 0.028125 0.028125
0 0.885938 0.673438 0.028125 0.028125
0 0.292187 0.278125 0.028125 0.031250
0 0.801562 0.546875 0.028125 0.031250
0 0.784375 0.203125 0.031250 0.031250
0 0.531250 0.085938 0.031250 0.028125
0 0.800000 0.287500 0.031250 0.031250
0 0.315625 0.668750 0.031250 0.031250
0 0.918750 0.262500 0.031250 0.031250
0 0.770312 0.781250 0.028125 0.031250
0 0.865625 0.846875 0.031250 0.031250
0 0.765625 0.690625 0.031250 0.031250
0 0.698438 0.064062 0.028125 0.028125
0 0.714063 0.376563 0.028125 0.028125
0 0.950000 0.593750 0.031250 0.031250
0 0.667188 0.920312 0.028125 0.028125
0 0.468750 0.215625 0.031250 0.031250
0 0.781250 0.318750 0.031250 0.031250
0 0.750000 0.262500 0.031250 0.031250
0 0.934375 0.709375 0.031250 0.031250
0 0.809375 0.725000 0.031250 0.031250
0 0.953125 0.146875 0.031250 0.031250
0 0.343750 0.859375 0.031250 0.031250
0 0.292187 0.314063 0.028125 0.028125
0 0.621875 0.068750 0.031250 0.031250
0 0.587500 0.150000 0.031250 0.031250
0 0.528125 0.250000 0.031250 0.031250
0 0.381250 0.262500 0.031250 0.031250
0 0.864062 0.406250 0.028125 0.031250
0 0.818750 0.318750 0.031250 0.031250
0 0.915625 0.590625 0.031250 0.031250
0 0.834375 0.062500 0.031250 0.031250
0 0.854688 0.521875 0.028125 0.031250
0 0.657813 0.887500 0.028125 0.031250
0 0.678125 0.728125 0.031250 0.031250
0 0.776563 0.431250 0.028125 0.031250
0 0.853125 0.668750 0.031250 0.031250
0 0.746875 0.150000 0.031250 0.031250
0 0.821875 0.903125 0.031250 0.031250
0 0.834375 0.550000 0.031250 0.031250
0 0.615625 0.100000 0.031250 0.031250
0 0.767188 0.542188 0.034375 0.034375
0 0.589063 0.250000 0.028125 0.031250
0 0.896875 0.906250 0.031250 0.031250
0 0.887500 0.090625 0.031250 0.031250
0 0.834375 0.121875 0.031250 0.031250
0 0.765625 0.345313 0.031250 0.028125
0 0.565625 0.837500 0.031250 0.031250
0 0.825000 0.609375 0.031250 0.031250
0 0.625000 0.881250 0.031250 0.031250
0 0.714063 0.150000 0.028125 0.031250
0 0.593750 0.815625 0.031250 0.031250
0 0.934375 0.850000 0.031250 0.031250
0 0.531250 0.684375 0.031250 0.031250
0 0.865625 0.700000 0.031250 0.031250
0 0.381250 0.298438 0.031250 0.028125
0 0.646875 0.746875 0.031250 0.031250
0 0.800000 0.178125 0.031250 0.031250
0 0.743750 0.875000 0.031250 0.031250
0 0.865625 0.350000 0.031250 0.031250
0 0.903125 0.062500 0.031250 0.031250
0 0.356250 0.792188 0.031250 0.028125
0 0.926562 0.620313 0.028125 0.028125
0 0.321875 0.296875 0.031250 0.031250
0 0.376563 0.635938 0.028125 0.028125
0 0.493750 0.431250 0.031250 0.031250
0 0.443750 0.634375 0.031250 0.031250
0 0.851562 0.320312 0.028125 0.028125
0 0.831250 0.696875 0.031250 0.031250
0 0.323437 0.164062 0.028125 0.028125
0 0.350000 0.415625 0.031250 0.031250
0 0.965625 0.912500 0.031250 0.031250
0 0.971875 0.118750 0.031250 0.031250
0 0.765625 0.840625 0.031250 0.031250
0 0.323437 0.196875 0.028125 0.031250
0 0.464062 0.415625 0.028125 0.031250
0 0.756250 0.459375 0.031250 0.031250
0 0.740625 0.718750 0.031250 0.031250
0 0.860938 0.465625 0.028125 0.031250
0 0.562500 0.767188 0.031250 0.028125
0 0.284375 0.823438 0.031250 0.028125
0 0.557813 0.067187 0.028125 0.028125
0 0.885938 0.148438 0.028125 0.028125
0 0.471875 0.150000 0.031250 0.031250
0 0.420312 0.906250 0.028125 0.031250
0 0.868750 0.121875 0.031250 0.031250
0 0.378125 0.465625 0.031250 0.031250
0 0.790625 0.753125 0.031250 0.031250
0 0.615625 0.134375 0.031250 0.031250
0 0.475000 0.718750 0.031250 0.031250
0 0.970313 0.854688 0.034375 0.034375
0 0.412500 0.214062 0.031250 0.034375
0 0.818750 0.667188 0.031250 0.028125
0 0.557813 0.665625 0.028125 0.031250
0 0.562500 0.731250 0.031250 0.031250
0 0.470313 0.282813 0.028125 0.028125
0 0.596875 0.856250 0.031250 0.031250
0 0.346875 0.618750 0.031250 0.031250
0 0.531250 0.715625 0.031250 0.031250
0 0.778125 0.868750 0.031250 0.031250
0 0.475000 0.821875 0.031250 0.031250
0 0.803125 0.782813 0.031250 0.028125
0 0.287500 0.584375 0.031250 0.031250
0 0.495312 0.565625 0.028125 0.031250
0 0.940625 0.503125 0.031250 0.031250
0 0.409375 0.281250 0.031250 0.031250
0 0.684375 0.360938 0.031250 0.028125
0 0.893750 0.615625 0.031250 0.031250
0 0.814063 0.432812 0.028125 0.028125
0 0.440625 0.265625 0.031250 0.031250
0 0.590625 0.750000 0.031250 0.031250
0 0.434375 0.532813 0.031250 0.028125
0 0.710938 0.867188 0.034375 0.034375
0 0.312500 0.843750 0.031250 0.031250
0 0.318750 0.534375 0.031250 0.031250
0 0.531250 0.282813 0.031250 0.034375
0 0.293750 0.181250 0.031250 0.031250
0 0.917188 0.321875 0.028125 0.031250
0 0.937500 0.792188 0.031250 0.028125
0 0.501563 0.700000 0.028125 0.031250
0 0.350000 0.484375 0.031250 0.031250
0 0.471875 0.053125 0.031250 0.031250
0 0.557813 0.231250 0.028125 0.031250
0 0.434375 0.500000 0.031250 0.031250
0 0.354687 0.115625 0.028125 0.031250
0 0.642188 0.610938 0.028125 0.028125
0 0.325000 0.131250 0.031250 0.031250
0 0.437500 0.600000 0.031250 0.031250
0 0.881250 0.378125 0.031250 0.031250
0 0.557813 0.201563 0.028125 0.028125
0 0.532813 0.750000 0.028125 0.031250
0 0.712500 0.315625 0.031250 0.031250
0 0.884375 0.034375 0.031250 0.031250
0 0.971875 0.178125 0.031250 0.031250
0 0.559375 0.698438 0.031250 0.028125
0 0.815625 0.578125 0.031250 0.031250
0 0.475000 0.784375 0.031250 0.031250
0 0.679688 0.860938 0.034375 0.034375
0 0.973437 0.656250 0.028125 0.031250
0 0.550000 0.928125 0.031250 0.031250
0 0.731250 0.120313 0.031250 0.028125
0 0.293750 0.146875 0.031250 0.031250
0 0.746875 0.317188 0.031250 0.028125
0 0.464062 0.853125 0.028125 0.031250
0 0.931250 0.410938 0.031250 0.034375
0 0.587500 0.215625 0.031250 0.031250
0 0.471875 0.650000 0.031250 0.031250
0 0.464062 0.481250 0.028125 0.031250
0 0.782813 0.262500 0.028125 0.031250
0 0.873437 0.642188 0.028125 0.028125
0 0.965625 0.712500 0.031250 0.031250
0 0.296875 0.079687 0.031250 0.034375
0 0.562500 0.300000 0.031250 0.031250
0 0.850000 0.204687 0.031250 0.028125
0 0.464062 0.514062 0.028125 0.028125
0 0.745313 0.656250 0.034375 0.031250
0 0.614062 0.939063 0.028125 0.028125
0 0.620313 0.800000 0.028125 0.031250
0 0.385937 0.773438 0.028125 0.028125
0 0.959375 0.475000 0.031250 0.031250
0 0.354687 0.148438 0.028125 0.028125
0 0.321875 0.262500 0.031250 0.031250
0 0.745313 0.206250 0.028125 0.031250
0 0.517188 0.923438 0.028125 0.028125
0 0.753125 0.571875 0.031250 0.031250
0 0.771875 0.634375 0.031250 0.031250
0 0.678125 0.760938 0.031250 0.034375
0 0.353125 0.181250 0.031250 0.031250
0 0.970313 0.565625 0.028125 0.031250
0 0.287500 0.687500 0.031250 0.031250
0 0.934375 0.292187 0.031250 0.028125
0 0.681250 0.090625 0.031250 0.031250
0 0.706250 0.709375 0.031250 0.031250
0 0.495312 0.862500 0.028125 0.031250
0 0.809375 0.487500 0.031250 0.031250
0 0.443750 0.668750 0.031250 0.031250
0 0.900000 0.350000 0.031250 0.031250
0 0.434375 0.850000 0.031250 0.031250
0 0.815625 0.376563 0.031250 0.028125
0 0.618750 0.696875 0.031250 0.031250
0 0.590625 0.782813 0.031250 0.028125
0 0.896875 0.703125 0.031250 0.031250
0 0.759375 0.606250 0.031250 0.031250
0 0.903125 0.235937 0.031250 0.028125
0 0.437500 0.365625 0.031250 0.031250
0 0.850000 0.581250 0.031250 0.031250
0 0.928125 0.471875 0.031250 0.031250
0 0.289062 0.517188 0.028125 0.028125
0 0.528125 0.151562 0.031250 0.028125
0 0.953125 0.534375 0.031250 0.031250
0 0.587500 0.681250 0.031250 0.031250
0 0.531250 0.184375 0.031250 0.031250
0 0.796875 0.693750 0.031250 0.031250
0 0.378125 0.432812 0.031250 0.028125
0 0.356250 0.725000 0.031250 0.031250
0 0.965625 0.415625 0.031250 0.031250
0 0.531250 0.053125 0.031250 0.031250
0 0.470313 0.182812 0.028125 0.028125
0 0.446875 0.768750 0.031250 0.031250
0 0.731250 0.625000 0.031250 0.031250
0 0.587500 0.117188 0.031250 0.028125
0 0.625000 0.331250 0.031250 0.031250
0 0.725000 0.345313 0.031250 0.034375
0 0.353125 0.890625 0.031250 0.031250
0 0.500000 0.200000 0.031250 0.031250
0 0.650000 0.815625 0.031250 0.031250
0 0.431250 0.937500 0.031250 0.031250
0 0.620313 0.764062 0.028125 0.028125
0 0.615625 0.631250 0.031250 0.031250
0 0.850000 0.376563 0.031250 0.028125
0 0.500000 0.631250 0.031250 0.031250
0 0.728125 0.490625 0.031250 0.031250
0 0.465625 0.584375 0.031250 0.031250
0 0.265625 0.162500 0.031250 0.031250
0 0.434375 0.465625 0.031250 0.031250
0 0.959375 0.625000 0.031250 0.031250
0 0.612500 0.595313 0.031250 0.028125
0 0.678125 0.203125 0.031250 0.031250
0 0.328125 0.739062 0.031250 0.034375
0 0.784375 0.575000 0.031250 0.031250
0 0.581250 0.932813 0.031250 0.028125
0 0.587500 0.084375 0.031250 0.031250
0 0.700000 0.609375 0.031250 0.031250
0 0.918750 0.821875 0.031250 0.031250
0 0.287500 0.653125 0.031250 0.031250
0 0.557813 0.101562 0.028125 0.028125
0 0.840625 0.490625 0.031250 0.031250
0 0.725000 0.521875 0.031250 0.031250
0 0.521875 0.479687 0.031250 0.028125
0 0.821875 0.518750 0.031250 0.031250
0 0.645312 0.945312 0.028125 0.028125
0 0.868750 0.062500 0.031250 0.031250
0 0.698438 0.575000 0.028125 0.031250
0 0.646875 0.215625 0.031250 0.031250
0 0.953125 0.090625 0.031250 0.031250
0 0.500000 0.134375 0.031250 0.031250
0 0.750000 0.809375 0.031250 0.031250
0 0.443750 0.068750 0.031250 0.031250
0 0.937500 0.121875 0.031250 0.031250
0 0.653125 0.345313 0.031250 0.028125
0 0.917188 0.878125 0.028125 0.031250
0 0.921875 0.206250 0.031250 0.031250
0 0.615625 0.662500 0.031250 0.031250
0 0.850000 0.090625 0.031250 0.031250
0 0.620313 0.265625 0.028125 0.031250
0 0.368750 0.834375 0.031250 0.031250
0 0.443750 0.703125 0.031250 0.031250
0 0.356250 0.756250 0.031250 0.031250
0 0.296875 0.112500 0.031250 0.031250
0 0.834375 0.346875 0.031250 0.031250
0 0.318750 0.465625 0.031250 0.031250
0 0.406250 0.618750 0.031250 0.031250
0 0.621875 0.298438 0.031250 0.028125
0 0.315625 0.635938 0.031250 0.028125
0 0.325000 0.096875 0.031250 0.031250
0 0.528125 0.215625 0.031250 0.031250
0 0.296875 0.046875 0.031250 0.031250
0 0.350000 0.450000 0.031250 0.031250
0 0.620313 0.834375 0.028125 0.031250
0 0.565625 0.334375 0.031250 0.031250
0 0.412500 0.246875 0.031250 0.031250
0 0.671875 0.626563 0.031250 0.028125
0 0.587500 0.182812 0.031250 0.028125
0 0.287500 0.553125 0.031250 0.031250
0 0.506250 0.831250 0.031250 0.031250
0 0.471875 0.118750 0.031250 0.031250
0 0.501563 0.667188 0.028125 0.028125
0 0.318750 0.568750 0.031250 0.031250
0 0.587500 0.646875 0.031250 0.031250
0 0.618750 0.231250 0.031250 0.031250
0 0.521875 0.512500 0.031250 0.031250
0 0.495312 0.948438 0.028125 0.028125
0 0.376563 0.534375 0.028125 0.031250
0 0.537500 0.818750 0.031250 0.031250
0 0.589063 0.714063 0.028125 0.028125
0 0.556250 0.629687 0.031250 0.028125
0 0.790625 0.515625 0.031250 0.031250
0 0.503125 0.767188 0.031250 0.028125
0 0.762500 0.401562 0.031250 0.034375
0 0.550000 0.396875 0.031250 0.031250
0 0.921875 0.150000 0.031250 0.031250
0 0.534375 0.317188 0.031250 0.034375
0 0.292187 0.346875 0.028125 0.031250
0 0.618750 0.729688 0.031250 0.028125
0 0.968750 0.293750 0.031250 0.031250
0 0.523438 0.446875 0.028125 0.031250
0 0.376563 0.954688 0.028125 0.028125
0 0.693750 0.178125 0.031250 0.031250
0 0.868750 0.178125 0.031250 0.031250
0 0.443750 0.968750 0.031250 0.031250
0 0.434375 0.434375 0.031250 0.031250
0 0.464062 0.379688 0.028125 0.028125
0 0.287500 0.484375 0.031250 0.031250
0 0.528125 0.614062 0.031250 0.028125
0 0.671875 0.593750 0.031250 0.031250
0 0.725000 0.559375 0.031250 0.031250
0 0.845313 0.928125 0.034375 0.031250
0 0.325000 0.062500 0.031250 0.031250
0 0.646875 0.781250 0.031250 0.031250
0 0.551562 0.462500 0.028125 0.031250
0 0.378125 0.501563 0.031250 0.028125
0 0.615625 0.168750 0.031250 0.031250
0 0.959375 0.768750 0.031250 0.031250
0 0.550000 0.429688 0.031250 0.028125
0 0.501563 0.101562 0.028125 0.028125
0 0.503125 0.300000 0.031250 0.031250
0 0.406250 0.517188 0.031250 0.028125
0 0.470313 0.615625 0.028125 0.031250
0 0.918750 0.031250 0.031250 0.031250
0 0.784375 0.662500 0.031250 0.031250
0 0.265625 0.129688 0.031250 0.034375
0 0.415625 0.720313 0.031250 0.028125
0 0.312500 0.884375 0.043750 0.043750
0 0.970313 0.062500 0.028125 0.031250
0 0.437500 0.298438 0.031250 0.028125
0 0.526563 0.581250 0.028125 0.031250
0 0.918750 0.676562 0.031250 0.028125
0 0.475000 0.751563 0.031250 0.028125
0 0.625000 0.971875 0.031250 0.031250
0 0.553125 0.495312 0.031250 0.028125
0 0.618750 0.200000 0.031250 0.031250
0 0.350000 0.281250 0.031250 0.031250
0 0.440625 0.165625 0.031250 0.031250
0 0.650000 0.281250 0.031250 0.031250
0 0.323437 0.229687 0.028125 0.028125
0 0.343750 0.950000 0.031250 0.031250
0 0.537500 0.895312 0.031250 0.034375
0 0.385937 0.900000 0.028125 0.031250
0 0.346875 0.584375 0.031250 0.031250
0 0.626563 0.364063 0.034375 0.034375
0 0.696875 0.540625 0.031250 0.031250
0 0.398438 0.929688 0.028125 0.028125
0 0.742188 0.426563 0.034375 0.034375
0 0.354687 0.081250 0.028125 0.031250
0 0.412500 0.150000 0.031250 0.031250
0 0.817187 0.204687 0.028125 0.028125
0 0.470313 0.250000 0.028125 0.031250
0 0.415625 0.650000 0.031250 0.031250
0 0.737500 0.778125 0.031250 0.031250
0 0.493750 0.496875 0.031250 0.031250
0 0.553125 0.528125 0.031250 0.031250
0 0.493750 0.464062 0.031250 0.028125
0 0.564063 0.800000 0.028125 0.031250
0 0.712500 0.206250 0.031250 0.031250
0 0.501563 0.167187 0.028125 0.028125
0 0.346875 0.550000 0.031250 0.031250
0 0.731250 0.287500 0.031250 0.031250
0 0.407813 0.314063 0.028125 0.028125
0 0.668750 0.559375 0.031250 0.031250
0 0.850000 0.034375 0.031250 0.031250
0 0.693750 0.231250 0.031250 0.031250
0 0.387500 0.807813 0.031250 0.028125
0 0.975000 0.506250 0.031250 0.031250
0 0.381250 0.196875 0.031250 0.031250
0 0.353125 0.214062 0.031250 0.028125
0 0.318750 0.603125 0.031250 0.031250
0 0.593750 0.315625 0.031250 0.031250
0 0.406250 0.484375 0.031250 0.031250
0 0.443750 0.100000 0.031250 0.031250
0 0.381250 0.231250 0.031250 0.031250
0 0.746875 0.371875 0.031250 0.031250
0 0.651563 0.312500 0.028125 0.031250
0 0.556250 0.596875 0.031250 0.031250
0 0.595313 0.350000 0.034375 0.031250
0 0.375000 0.865625 0.031250 0.031250
0 0.496875 0.600000 0.031250 0.031250
0 0.464062 0.448437 0.028125 0.028125
0 0.385937 0.737500 0.028125 0.031250
0 0.593750 0.964063 0.031250 0.028125
0 0.725000 0.456250 0.031250 0.031250
0 0.667188 0.423438 0.028125 0.028125
0 0.406250 0.550000 0.031250 0.031250
0 0.665625 0.062500 0.031250 0.031250
0 0.346875 0.515625 0.031250 0.031250
0 0.465625 0.312500 0.031250 0.031250
0 0.318750 0.501563 0.031250 0.034375
0 0.376563 0.600000 0.028125 0.031250
0 0.501563 0.067187 0.028125 0.028125
0 0.668750 0.456250 0.031250 0.031250
0 0.868750 0.234375 0.031250 0.031250
0 0.412500 0.181250 0.031250 0.031250
0 0.656250 0.975000 0.031250 0.031250
0 0.437500 0.331250 0.031250 0.031250
0 0.712500 0.956250 0.031250 0.031250
0 0.521875 0.381250 0.031250 0.031250
0 0.253125 0.840625 0.031250 0.031250
0 0.293750 0.214062 0.031250 0.028125
0 0.853125 0.262500 0.031250 0.031250
0 0.506250 0.800000 0.031250 0.031250
0 0.409375 0.962500 0.031250 0.031250
0 0.776563 0.968750 0.034375 0.031250
0 0.328125 0.775000 0.031250 0.031250
0 0.465625 0.548438 0.031250 0.028125
0 0.682813 0.328125 0.028125 0.031250
0 0.434375 0.400000 0.031250 0.031250
0 0.734375 0.687500 0.031250 0.031250
0 0.440625 0.198437 0.031250 0.028125
0 0.550000 0.362500 0.031250 0.031250
0 0.350000 0.314063 0.031250 0.028125
0 0.253125 0.873437 0.031250 0.034375
0 0.715625 0.409375 0.031250 0.031250
0 0.528125 0.648438 0.031250 0.028125
0 0.446875 0.735938 0.031250 0.028125
0 0.587500 0.053125 0.031250 0.031250
0 0.381250 0.165625 0.031250 0.031250
0 0.656250 0.378125 0.031250 0.031250
0 0.415625 0.687500 0.031250 0.031250
0 0.464062 0.942187 0.028125 0.028125
0 0.643750 0.643750 0.031250 0.031250
0 0.321875 0.329688 0.031250 0.028125
0 0.525000 0.548438 0.031250 0.028125
0 0.442188 0.132812 0.028125 0.028125
0 0.376563 0.568750 0.028125 0.031250
0 0.446875 0.803125 0.031250 0.031250
0 0.750000 0.034375 0.031250 0.031250
0 0.407813 0.448437 0.028125 0.028125
0 0.646875 0.246875 0.031250 0.031250
0 0.782813 0.034375 0.034375 0.031250
0 0.696875 0.506250 0.031250 0.031250
0 0.696875 0.439063 0.031250 0.028125
0 0.703125 0.675000 0.031250 0.031250
0 0.257812 0.603125 0.034375 0.031250
0 0.817187 0.260937 0.028125 0.028125
0 0.471875 0.082812 0.031250 0.028125
0 0.437500 0.565625 0.031250 0.031250
0 0.506250 0.890625 0.031250 0.031250
0 0.721875 0.900000 0.031250 0.031250
0 0.398438 0.843750 0.028125 0.031250
0 0.378125 0.331250 0.031250 0.031250
0 0.678125 0.260937 0.031250 0.034375
0 0.675000 0.695312 0.031250 0.028125
0 0.287500 0.620313 0.031250 0.028125
0 0.931250 0.907813 0.031250 0.028125
0 0.728125 0.234375 0.031250 0.031250
0 0.775000 0.485938 0.031250 0.028125
0 0.731250 0.843750 0.031250 0.031250
0 0.265625 0.096875 0.031250 0.031250
0 0.340625 0.821875 0.031250 0.031250
0 0.953125 0.031250 0.031250 0.031250
0 0.378125 0.396875 0.031250 0.031250
0 0.529687 0.954688 0.028125 0.028125
0 0.407813 0.381250 0.028125 0.031250
0 0.815625 0.034375 0.031250 0.031250
0 0.559375 0.959375 0.031250 0.031250
0 0.490625 0.365625 0.031250 0.031250
0 0.364063 0.925000 0.028125 0.031250
0 0.645312 0.679688 0.028125 0.028125
0 0.385937 0.704688 0.028125 0.028125
0 0.559375 0.168750 0.031250 0.031250
0 0.553125 0.564063 0.031250 0.028125
0 0.407813 0.415625 0.028125 0.031250
0 0.703125 0.642188 0.031250 0.034375
0 0.384375 0.065625 0.031250 0.031250
0 0.687500 0.396875 0.031250 0.031250
0 0.609375 0.428125 0.031250 0.031250
0 0.637500 0.406250 0.031250 0.031250
0 0.732812 0.931250 0.028125 0.031250
0 0.915625 0.381250 0.031250 0.031250
0 0.262500 0.296875 0.031250 0.031250
0 0.298438 0.757812 0.034375 0.034375
0 0.407813 0.584375 0.028125 0.031250
0 0.493750 0.398438 0.031250 0.028125
0 0.378125 0.365625 0.031250 0.031250
0 0.696875 0.471875 0.031250 0.031250
0 0.521875 0.412500 0.031250 0.031250
0 0.578125 0.378125 0.031250 0.031250
0 0.259375 0.531250 0.031250 0.031250
0 0.495312 0.532813 0.028125 0.028125
0 0.345313 0.651563 0.028125 0.028125
0 0.440625 0.881250 0.031250 0.031250
0 0.646875 0.089063 0.031250 0.034375
0 0.743750 0.962500 0.031250 0.031250
0 0.501563 0.034375 0.028125 0.031250
0 0.381250 0.131250 0.031250 0.031250
0 0.350000 0.246875 0.031250 0.031250
0 0.862500 0.901563 0.031250 0.028125
0 0.484375 0.917188 0.031250 0.028125
0 0.443750 0.034375 0.031250 0.031250
0 0.473438 0.682813 0.028125 0.028125
0 0.603125 0.906250 0.031250 0.031250
0 0.579688 0.412500 0.028125 0.031250
0 0.637500 0.440625 0.031250 0.031250
0 0.571875 0.903125 0.031250 0.031250
0 0.662500 0.120313 0.031250 0.028125
0 0.756250 0.509375 0.031250 0.031250
0 0.292187 0.245312 0.028125 0.028125
0 0.256250 0.568750 0.031250 0.031250
0 0.265625 0.064062 0.031250 0.034375
0 0.279687 0.960938 0.034375 0.034375
0 0.309375 0.942187 0.031250 0.034375
0 0.256250 0.635938 0.031250 0.034375
0 0.281250 0.728125 0.031250 0.031250
0 0.678125 0.796875 0.031250 0.031250
0 0.706250 0.771875 0.031250 0.031250
0 0.253125 0.806250 0.031250 0.031250
0 0.951562 0.321875 0.028125 0.031250
0 0.475000 0.975000 0.031250 0.031250
0 0.609375 0.392188 0.031250 0.034375
0 0.312500 0.803125 0.031250 0.031250
0 0.407813 0.350000 0.028125 0.031250
0 0.728125 0.590625 0.031250 0.031250
0 0.284375 0.787500 0.031250 0.031250
0 0.579688 0.442188 0.028125 0.028125
0 0.384375 0.096875 0.031250 0.031250
0 0.648438 0.034375 0.034375 0.031250
0 0.285938 0.917188 0.034375 0.034375
0 0.579688 0.478125 0.028125 0.031250
0 0.521875 0.346875 0.031250 0.031250
0 0.262500 0.262500 0.031250 0.031250
0 0.640625 0.578125 0.031250 0.031250
0 0.493750 0.329688 0.031250 0.028125
0 0.412500 0.081250 0.031250 0.031250
0 0.260937 0.329688 0.028125 0.028125
0 0.714063 0.034375 0.028125 0.031250
0 0.584375 0.579688 0.031250 0.028125
0 0.290625 0.448437 0.031250 0.028125
0 0.253125 0.909375 0.031250 0.031250
0 0.667188 0.489063 0.028125 0.028125
0 0.390625 0.665625 0.031250 0.031250
0 0.646875 0.150000 0.031250 0.031250
0 0.259375 0.500000 0.031250 0.031250
0 0.614062 0.034375 0.034375 0.031250
0 0.471875 0.018750 0.031250 0.031250
0 0.254688 0.704688 0.034375 0.034375
0 0.464062 0.346875 0.028125 0.031250
0 0.679688 0.829688 0.034375 0.034375
0 0.350000 0.381250 0.031250 0.031250
0 0.312500 0.976562 0.031250 0.034375
0 0.859375 0.957812 0.031250 0.028125
0 0.334375 0.918750 0.031250 0.031250
0 0.909375 0.935937 0.031250 0.028125
0 0.473438 0.885938 0.028125 0.028125
0 0.307812 0.710938 0.034375 0.034375
0 0.260937 0.465625 0.034375 0.031250
0 0.262500 0.229687 0.031250 0.034375
0 0.282813 0.856250 0.028125 0.031250
0 0.256250 0.671875 0.031250 0.031250
0 0.318750 0.434375 0.031250 0.031250
0 0.568750 0.871875 0.031250 0.031250
0 0.334375 0.696875 0.031250 0.031250
0 0.265625 0.196875 0.031250 0.031250
0 0.325000 0.031250 0.031250 0.031250
0 0.890625 0.962500 0.031250 0.031250
0 0.825000 0.954688 0.031250 0.028125
0 0.531250 0.018750 0.031250 0.031250
0 0.978125 0.743750 0.031250 0.031250
0 0.682813 0.034375 0.028125 0.031250
0 0.262500 0.365625 0.031250 0.031250
0 0.251563 0.942187 0.034375 0.034375
0 0.385937 0.031250 0.028125 0.031250
0 0.609375 0.459375 0.031250 0.031250
0 0.253125 0.739062 0.031250 0.034375
0 0.978125 0.448437 0.031250 0.034375
0 0.253125 0.773438 0.031250 0.034375
0 0.251563 0.978125 0.028125 0.031250
0 0.581250 0.510938 0.031250 0.028125
0 0.260937 0.432812 0.034375 0.034375
0 0.559375 0.037500 0.031250 0.031250
0 0.806250 0.978125 0.031250 0.031250
0 0.264062 0.032813 0.034375 0.034375
0 0.668750 0.521875 0.031250 0.031250
0 0.320312 0.364063 0.028125 0.028125
0 0.507812 0.978125 0.028125 0.031250
0 0.975000 0.943750 0.031250 0.031250
0 0.412500 0.015625 0.031250 0.031250
0 0.259375 0.396875 0.031250 0.031250
0 0.981250 0.884375 0.031250 0.031250
0 0.979688 0.596875 0.028125 0.031250
0 0.356250 0.978125 0.031250 0.031250
