0 0.104688 0.270313 0.034375 0.034375
0 0.300000 0.128125 0.031250 0.031250
0 0.771875 0.428125 0.031250 0.031250
0 0.082812 0.862500 0.034375 0.031250
0 0.793750 0.168750 0.031250 0.031250
0 0.896875 0.053125 0.031250 0.031250
0 0.659375 0.103125 0.031250 0.031250
0 0.840625 0.431250 0.031250 0.031250
0 0.687500 0.690625 0.031250 0.031250
0 0.875000 0.731250 0.031250 0.031250
0 0.109375 0.212500 0.031250 0.031250
0 0.890625 0.700000 0.031250 0.031250
0 0.250000 0.098437 0.031250 0.034375
0 0.350000 0.271875 0.031250 0.031250
0 0.829688 0.109375 0.028125 0.031250
0 0.154688 0.857812 0.034375 0.034375
0 0.890625 0.579688 0.031250 0.028125
0 0.178125 0.212500 0.031250 0.031250
0 0.529687 0.792188 0.034375 0.034375
0 0.589063 0.393750 0.034375 0.031250
0 0.142187 0.542188 0.028125 0.028125
0 0.135937 0.826562 0.034375 0.034375
0 0.418750 0.331250 0.031250 0.031250
0 0.023438 0.181250 0.034375 0.031250
0 0.859375 0.345313 0.031250 0.028125
0 0.065625 0.748437 0.031250 0.034375
0 0.521875 0.275000 0.031250 0.031250
0 0.960938 0.762500 0.034375 0.031250
0 0.912500 0.856250 0.031250 0.031250
0 0.776563 0.857812 0.034375 0.034375
0 0.146875 0.095312 0.031250 0.034375
0 0.859375 0.762500 0.031250 0.031250
0 0.940625 0.610938 0.031250 0.034375
0 0.928125 0.287500 0.031250 0.031250
0 0.053125 0.657813 0.031250 0.034375
0 0.471875 0.187500 0.031250 0.031250
0 0.040625 0.212500 0.031250 0.031250
0 0.662500 0.043750 0.031250 0.031250
0 0.934375 0.056250 0.031250 0.031250
0 0.617188 0.692187 0.034375 0.034375
0 0.846875 0.081250 0.031250 0.031250
0 0.287500 0.334375 0.031250 0.031250
0 0.893750 0.228125 0.031250 0.031250
0 0.890625 0.640625 0.031250 0.031250
0 0.896875 0.171875 0.031250 0.031250
0 0.246875 0.215625 0.031250 0.031250
0 0.146875 0.153125 0.031250 0.031250
0 0.940625 0.731250 0.031250 0.031250
0 0.840625 0.793750 0.031250 0.031250
0 0.367188 0.668750 0.034375 0.031250
0 0.843750 0.196875 0.031250 0.031250
0 0.448437 0.692187 0.034375 0.034375
0 0.020313 0.067187 0.034375 0.034375
0 0.350000 0.100000 0.031250 0.031250
0 0.068750 0.689063 0.031250 0.034375
0 0.831250 0.053125 0.031250 0.031250
0 0.890625 0.403125 0.031250 0.031250
0 0.945312 0.259375 0.028125 0.031250
0 0.193750 0.240625 0.031250 0.031250
0 0.960938 0.289062 0.028125 0.028125
0 0.740625 0.603125 0.031250 0.031250
0 0.021875 0.103125 0.031250 0.031250
0 0.756250 0.340625 0.031250 0.031250
0 0.931250 0.115625 0.031250 0.031250
0 0.943750 0.793750 0.031250 0.031250
0 0.946875 0.857812 0.031250 0.034375
0 0.468750 0.604688 0.031250 0.034375
0 0.475000 0.068750 0.031250 0.031250
0 0.912500 0.142187 0.031250 0.028125
0 0.403125 0.243750 0.031250 0.031250
0 0.965625 0.056250 0.031250 0.031250
0 0.721875 0.893750 0.031250 0.031250
0 0.234375 0.606250 0.031250 0.031250
0 0.875000 0.315625 0.031250 0.031250
0 0.046875 0.478125 0.031250 0.031250
0 0.601562 0.792188 0.034375 0.034375
0 0.437500 0.243750 0.031250 0.031250
0 0.907813 0.550000 0.034375 0.031250
0 0.229687 0.243750 0.028125 0.031250
0 0.250000 0.637500 0.031250 0.031250
0 0.240625 0.760938 0.031250 0.034375
0 0.382812 0.634375 0.034375 0.031250
0 0.276562 0.760938 0.034375 0.034375
0 0.503125 0.362500 0.031250 0.031250
0 0.223438 0.792188 0.034375 0.034375
0 0.703125 0.862500 0.031250 0.031250
0 0.437500 0.068750 0.031250 0.031250
0 0.892188 0.285938 0.034375 0.034375
0 0.792188 0.225000 0.028125 0.031250
0 0.418750 0.156250 0.031250 0.031250
0 0.112500 0.153125 0.031250 0.031250
0 0.454688 0.098437 0.034375 0.034375
0 0.156250 0.300000 0.031250 0.031250
0 0.925000 0.760938 0.031250 0.034375
0 0.403125 0.068750 0.031250 0.031250
0 0.239063 0.823438 0.034375 0.034375
0 0.892188 0.345313 0.028125 0.028125
0 0.656250 0.337500 0.031250 0.031250
0 0.334375 0.068750 0.031250 0.031250
0 0.021875 0.240625 0.031250 0.031250
0 0.521875 0.215625 0.031250 0.031250
0 0.112500 0.092188 0.031250 0.034375
0 0.959375 0.700000 0.031250 0.031250
0 0.159375 0.240625 0.031250 0.031250
0 0.159375 0.718750 0.031250 0.031250
0 0.096875 0.506250 0.031250 0.031250
0 0.823438 0.700000 0.034375 0.031250
0 0.626563 0.103125 0.028125 0.031250
0 0.437500 0.421875 0.031250 0.031250
0 0.807813 0.314063 0.028125 0.028125
0 0.856250 0.700000 0.031250 0.031250
0 0.809375 0.859375 0.031250 0.031250
0 0.051562 0.120313 0.034375 0.034375
0 0.950000 0.084375 0.031250 0.031250
0 0.265625 0.668750 0.031250 0.031250
0 0.418750 0.100000 0.031250 0.031250
0 0.875000 0.256250 0.031250 0.031250
0 0.209375 0.271875 0.031250 0.031250
0 0.796875 0.050000 0.031250 0.031250
0 0.943750 0.200000 0.031250 0.031250
0 0.964063 0.114062 0.034375 0.034375
0 0.940625 0.668750 0.031250 0.031250
0 0.032813 0.328125 0.034375 0.031250
0 0.490625 0.100000 0.031250 0.031250
0 0.365625 0.243750 0.031250 0.031250
0 0.687500 0.575000 0.031250 0.031250
0 0.593750 0.042188 0.031250 0.034375
0 0.943750 0.434375 0.031250 0.031250
0 0.231250 0.184375 0.031250 0.031250
0 0.907813 0.731250 0.034375 0.031250
0 0.875000 0.668750 0.031250 0.031250
0 0.162500 0.184375 0.031250 0.031250
0 0.710938 0.134375 0.028125 0.031250
0 0.225000 0.731250 0.031250 0.031250
0 0.189062 0.792188 0.034375 0.034375
0 0.703125 0.484375 0.031250 0.031250
0 0.775000 0.487500 0.031250 0.031250
0 0.292187 0.857812 0.034375 0.034375
0 0.353125 0.040625 0.031250 0.031250
0 0.907813 0.668750 0.034375 0.031250
0 0.521875 0.157812 0.031250 0.034375
0 0.917188 0.025000 0.028125 0.031250
0 0.590625 0.218750 0.031250 0.031250
0 0.975000 0.553125 0.031250 0.031250
0 0.200000 0.668750 0.031250 0.031250
0 0.257812 0.857812 0.034375 0.034375
0 0.565625 0.792188 0.031250 0.034375
0 0.875000 0.371875 0.031250 0.031250
0 0.923438 0.462500 0.034375 0.031250
0 0.506250 0.068750 0.031250 0.031250
0 0.335938 0.543750 0.034375 0.031250
0 0.673438 0.309375 0.034375 0.031250
0 0.332813 0.607812 0.034375 0.034375
0 0.812500 0.078125 0.031250 0.031250
0 0.368750 0.303125 0.031250 0.031250
0 0.196875 0.184375 0.031250 0.031250
0 0.418750 0.214062 0.031250 0.034375
0 0.464062 0.723437 0.034375 0.034375
0 0.521875 0.100000 0.031250 0.031250
0 0.540625 0.068750 0.031250 0.031250
0 0.292187 0.792188 0.034375 0.034375
0 0.312500 0.760938 0.031250 0.034375
0 0.081250 0.359375 0.031250 0.031250
0 0.789062 0.764062 0.034375 0.034375
0 0.037500 0.271875 0.031250 0.031250
0 0.059375 0.181250 0.031250 0.031250
0 0.437500 0.128125 0.031250 0.031250
0 0.621875 0.573438 0.031250 0.034375
0 0.343750 0.823438 0.031250 0.034375
0 0.048438 0.860938 0.034375 0.034375
0 0.062500 0.387500 0.031250 0.031250
0 0.671875 0.485938 0.031250 0.028125
0 0.960938 0.229687 0.028125 0.028125
0 0.453125 0.453125 0.031250 0.031250
0 0.401562 0.184375 0.034375 0.031250
0 0.875000 0.489063 0.031250 0.034375
0 0.896875 0.823438 0.031250 0.034375
0 0.128125 0.450000 0.031250 0.031250
0 0.140625 0.632812 0.031250 0.034375
0 0.854688 0.637500 0.034375 0.031250
0 0.382812 0.700000 0.034375 0.031250
0 0.957812 0.464062 0.028125 0.028125
0 0.909375 0.315625 0.031250 0.031250
0 0.878125 0.854688 0.031250 0.034375
0 0.687500 0.515625 0.031250 0.031250
0 0.078125 0.151562 0.031250 0.034375
0 0.600000 0.729688 0.031250 0.034375
0 0.303125 0.068750 0.031250 0.031250
0 0.385937 0.040625 0.028125 0.031250
0 0.640625 0.309375 0.031250 0.031250
0 0.910937 0.200000 0.028125 0.031250
0 0.756250 0.282813 0.031250 0.028125
0 0.721875 0.456250 0.031250 0.031250
0 0.892188 0.760938 0.034375 0.034375
0 0.250000 0.156250 0.031250 0.031250
0 0.471875 0.131250 0.031250 0.031250
0 0.276562 0.823438 0.034375 0.034375
0 0.207813 0.759375 0.034375 0.031250
0 0.184375 0.096875 0.031250 0.031250
0 0.959375 0.403125 0.031250 0.031250
0 0.693750 0.103125 0.031250 0.031250
0 0.843750 0.859375 0.031250 0.031250
0 0.334375 0.303125 0.031250 0.031250
0 0.050000 0.084375 0.031250 0.031250
0 0.721875 0.746875 0.031250 0.031250
0 0.862500 0.109375 0.031250 0.031250
0 0.721875 0.515625 0.031250 0.031250
0 0.825000 0.284375 0.031250 0.031250
0 0.487500 0.275000 0.031250 0.031250
0 0.200000 0.125000 0.031250 0.031250
0 0.418750 0.512500 0.031250 0.031250
0 0.881250 0.084375 0.031250 0.031250
0 0.403125 0.128125 0.031250 0.031250
0 0.807813 0.487500 0.034375 0.031250
0 0.384375 0.100000 0.031250 0.031250
0 0.790625 0.400000 0.031250 0.031250
0 0.817187 0.023438 0.028125 0.028125
0 0.712500 0.075000 0.031250 0.031250
0 0.878125 0.140625 0.031250 0.031250
0 0.175000 0.271875 0.031250 0.031250
0 0.209375 0.362500 0.031250 0.031250
0 0.265625 0.184375 0.031250 0.031250
0 0.926562 0.229687 0.028125 0.028125
0 0.796875 0.109375 0.031250 0.031250
0 0.068750 0.631250 0.031250 0.031250
0 0.418750 0.271875 0.031250 0.031250
0 0.084375 0.720313 0.031250 0.034375
0 0.806250 0.606250 0.031250 0.031250
0 0.584375 0.760938 0.031250 0.034375
0 0.656250 0.278125 0.031250 0.031250
0 0.093750 0.181250 0.031250 0.031250
0 0.925000 0.343750 0.031250 0.031250
0 0.573438 0.306250 0.028125 0.031250
0 0.346875 0.760938 0.031250 0.034375
0 0.640625 0.250000 0.031250 0.031250
0 0.689063 0.456250 0.034375 0.031250
0 0.840625 0.731250 0.031250 0.031250
0 0.765625 0.048438 0.031250 0.028125
0 0.175000 0.421875 0.031250 0.031250
0 0.506250 0.303125 0.031250 0.031250
0 0.807813 0.256250 0.028125 0.031250
0 0.740625 0.370312 0.031250 0.028125
0 0.771875 0.546875 0.031250 0.031250
0 0.609375 0.131250 0.031250 0.031250
0 0.653125 0.631250 0.031250 0.031250
0 0.334375 0.243750 0.031250 0.031250
0 0.278125 0.700000 0.031250 0.031250
0 0.740625 0.485938 0.031250 0.028125
0 0.790625 0.459375 0.031250 0.031250
0 0.089063 0.601562 0.034375 0.034375
0 0.840625 0.371875 0.031250 0.031250
0 0.825000 0.825000 0.031250 0.031250
0 0.671875 0.543750 0.031250 0.031250
0 0.260937 0.729688 0.034375 0.034375
0 0.367188 0.128125 0.034375 0.031250
0 0.915625 0.084375 0.031250 0.031250
0 0.434375 0.184375 0.031250 0.031250
0 0.704688 0.543750 0.034375 0.031250
0 0.053125 0.298438 0.031250 0.034375
0 0.096875 0.387500 0.031250 0.031250
0 0.781250 0.079687 0.031250 0.028125
0 0.553125 0.573438 0.031250 0.028125
0 0.146875 0.360938 0.031250 0.034375
0 0.215625 0.156250 0.031250 0.031250
0 0.812500 0.137500 0.031250 0.031250
0 0.706250 0.371875 0.031250 0.031250
0 0.676562 0.134375 0.028125 0.031250
0 0.290625 0.393750 0.031250 0.031250
0 0.326562 0.857812 0.034375 0.034375
0 0.078125 0.100000 0.031250 0.031250
0 0.265625 0.245312 0.031250 0.034375
0 0.240625 0.423438 0.031250 0.034375
0 0.790625 0.823438 0.031250 0.034375
0 0.575000 0.131250 0.031250 0.031250
0 0.557813 0.100000 0.028125 0.031250
0 0.453125 0.390625 0.031250 0.031250
0 0.823438 0.760938 0.034375 0.034375
0 0.237500 0.543750 0.031250 0.031250
0 0.740625 0.428125 0.031250 0.031250
0 0.537500 0.306250 0.031250 0.031250
0 0.265625 0.606250 0.031250 0.031250
0 0.890625 0.521875 0.031250 0.031250
0 0.925000 0.700000 0.031250 0.031250
0 0.909375 0.792188 0.031250 0.034375
0 0.103125 0.690625 0.031250 0.031250
0 0.929688 0.171875 0.028125 0.031250
0 0.825000 0.343750 0.031250 0.031250
0 0.318750 0.637500 0.031250 0.031250
0 0.659375 0.162500 0.031250 0.031250
0 0.589063 0.334375 0.028125 0.031250
0 0.840625 0.671875 0.031250 0.031250
0 0.840625 0.314063 0.031250 0.028125
0 0.314063 0.698438 0.034375 0.034375
0 0.128125 0.184375 0.031250 0.031250
0 0.140625 0.271875 0.031250 0.031250
0 0.054688 0.800000 0.034375 0.031250
0 0.031250 0.446875 0.031250 0.031250
0 0.910937 0.257812 0.028125 0.028125
0 0.198437 0.606250 0.034375 0.031250
0 0.037500 0.626563 0.031250 0.034375
0 0.190625 0.512500 0.031250 0.031250
0 0.775000 0.662500 0.031250 0.031250
0 0.200000 0.068750 0.031250 0.031250
0 0.843750 0.140625 0.031250 0.031250
0 0.896875 0.112500 0.031250 0.031250
0 0.056250 0.240625 0.031250 0.031250
0 0.067187 0.831250 0.034375 0.031250
0 0.560937 0.857812 0.034375 0.034375
0 0.109375 0.046875 0.031250 0.031250
0 0.515625 0.759375 0.031250 0.031250
0 0.468750 0.421875 0.031250 0.031250
0 0.246875 0.271875 0.031250 0.031250
0 0.365625 0.187500 0.031250 0.031250
0 0.131250 0.125000 0.031250 0.031250
0 0.054688 0.598437 0.034375 0.034375
0 0.104688 0.631250 0.034375 0.031250
0 0.173437 0.757812 0.034375 0.034375
0 0.212500 0.215625 0.031250 0.031250
0 0.740625 0.860938 0.031250 0.034375
0 0.421875 0.390625 0.031250 0.031250
0 0.112500 0.418750 0.031250 0.031250
0 0.860938 0.825000 0.034375 0.031250
0 0.671875 0.368750 0.031250 0.031250
0 0.050000 0.718750 0.031250 0.031250
0 0.453125 0.512500 0.031250 0.031250
0 0.184375 0.575000 0.031250 0.031250
0 0.218750 0.037500 0.031250 0.031250
0 0.942187 0.317188 0.028125 0.028125
0 0.568750 0.731250 0.031250 0.031250
0 0.282813 0.157812 0.028125 0.028125
0 0.318750 0.040625 0.031250 0.031250
0 0.740625 0.543750 0.031250 0.031250
0 0.575000 0.071875 0.031250 0.031250
0 0.859375 0.287500 0.031250 0.031250
0 0.809375 0.662500 0.031250 0.031250
0 0.637500 0.543750 0.031250 0.031250
0 0.192188 0.300000 0.034375 0.031250
0 0.281250 0.214062 0.031250 0.034375
0 0.625000 0.278125 0.031250 0.031250
0 0.453125 0.156250 0.031250 0.031250
0 0.865625 0.053125 0.031250 0.031250
0 0.856250 0.579688 0.031250 0.028125
0 0.087500 0.659375 0.031250 0.031250
0 0.243750 0.700000 0.031250 0.031250
0 0.154688 0.795312 0.034375 0.034375
0 0.756250 0.690625 0.031250 0.031250
0 0.434375 0.543750 0.031250 0.031250
0 0.434375 0.484375 0.031250 0.031250
0 0.282813 0.637500 0.034375 0.031250
0 0.296875 0.667188 0.031250 0.034375
0 0.287500 0.512500 0.031250 0.031250
0 0.526563 0.857812 0.034375 0.034375
0 0.053125 0.050000 0.031250 0.031250
0 0.756250 0.456250 0.031250 0.031250
0 0.256250 0.792188 0.031250 0.034375
0 0.537500 0.423438 0.031250 0.034375
0 0.725000 0.340625 0.031250 0.031250
0 0.757812 0.895312 0.034375 0.034375
0 0.031250 0.687500 0.031250 0.031250
0 0.906250 0.434375 0.031250 0.031250
0 0.909375 0.375000 0.031250 0.031250
0 0.315625 0.271875 0.031250 0.031250
0 0.740625 0.253125 0.031250 0.031250
0 0.031250 0.387500 0.031250 0.031250
0 0.043750 0.153125 0.031250 0.031250
0 0.162500 0.125000 0.031250 0.031250
0 0.271875 0.543750 0.031250 0.031250
0 0.606250 0.306250 0.031250 0.031250
0 0.081250 0.068750 0.031250 0.031250
0 0.334375 0.187500 0.031250 0.031250
0 0.790625 0.518750 0.031250 0.031250
0 0.964063 0.826562 0.034375 0.034375
0 0.925000 0.403125 0.031250 0.031250
0 0.760938 0.106250 0.028125 0.031250
0 0.521875 0.334375 0.031250 0.031250
0 0.350000 0.575000 0.031250 0.031250
0 0.328125 0.792188 0.031250 0.034375
0 0.590625 0.159375 0.031250 0.031250
0 0.418750 0.040625 0.031250 0.031250
0 0.384375 0.215625 0.031250 0.031250
0 0.728125 0.106250 0.031250 0.031250
0 0.571875 0.543750 0.031250 0.031250
0 0.403125 0.603125 0.031250 0.031250
0 0.509375 0.821875 0.037500 0.037500
0 0.871875 0.609375 0.031250 0.031250
0 0.525000 0.040625 0.031250 0.031250
0 0.387500 0.271875 0.031250 0.031250
0 0.262500 0.304688 0.031250 0.034375
0 0.671875 0.603125 0.031250 0.031250
0 0.825000 0.575000 0.031250 0.031250
0 0.840625 0.490625 0.031250 0.031250
0 0.925000 0.521875 0.031250 0.031250
0 0.543750 0.825000 0.031250 0.031250
0 0.975000 0.731250 0.031250 0.031250
0 0.675000 0.251563 0.031250 0.028125
0 0.775000 0.253125 0.031250 0.031250
0 0.437500 0.303125 0.031250 0.031250
0 0.759375 0.225000 0.031250 0.031250
0 0.484375 0.634375 0.031250 0.031250
0 0.506250 0.128125 0.031250 0.031250
0 0.293750 0.731250 0.031250 0.031250
0 0.175000 0.484375 0.031250 0.031250
0 0.379688 0.762500 0.034375 0.031250
0 0.503125 0.543750 0.031250 0.031250
0 0.825000 0.226562 0.031250 0.028125
0 0.609375 0.071875 0.031250 0.031250
0 0.757812 0.634375 0.028125 0.031250
0 0.453125 0.573438 0.031250 0.034375
0 0.178125 0.153125 0.031250 0.031250
0 0.703125 0.603125 0.031250 0.031250
0 0.503125 0.604688 0.031250 0.028125
0 0.687500 0.631250 0.031250 0.031250
0 0.740625 0.662500 0.031250 0.031250
0 0.395313 0.860938 0.034375 0.034375
0 0.298438 0.243750 0.028125 0.031250
0 0.353125 0.331250 0.031250 0.031250
0 0.823438 0.459375 0.028125 0.031250
0 0.807813 0.731250 0.034375 0.031250
0 0.621875 0.337500 0.031250 0.031250
0 0.398438 0.732812 0.034375 0.034375
0 0.706250 0.309375 0.031250 0.031250
0 0.468750 0.484375 0.031250 0.031250
0 0.656250 0.218750 0.031250 0.031250
0 0.579688 0.823438 0.034375 0.034375
0 0.431250 0.800000 0.031250 0.031250
0 0.079687 0.535937 0.028125 0.028125
0 0.656250 0.454688 0.031250 0.028125
0 0.315625 0.575000 0.031250 0.031250
0 0.368750 0.070312 0.031250 0.028125
0 0.223438 0.857812 0.034375 0.034375
0 0.300000 0.606250 0.031250 0.031250
0 0.418750 0.453125 0.031250 0.031250
0 0.653125 0.515625 0.031250 0.031250
0 0.184375 0.037500 0.031250 0.031250
0 0.637500 0.484375 0.031250 0.031250
0 0.850000 0.025000 0.031250 0.031250
0 0.928125 0.825000 0.031250 0.031250
0 0.231250 0.126562 0.031250 0.034375
0 0.167187 0.065625 0.034375 0.031250
0 0.228125 0.300000 0.031250 0.031250
0 0.959375 0.521875 0.031250 0.031250
0 0.078125 0.418750 0.031250 0.031250
0 0.046875 0.417187 0.031250 0.034375
0 0.503125 0.421875 0.031250 0.031250
0 0.703125 0.662500 0.031250 0.031250
0 0.771875 0.792188 0.031250 0.034375
0 0.667188 0.860938 0.034375 0.034375
0 0.840625 0.548438 0.031250 0.028125
0 0.825000 0.517188 0.031250 0.028125
0 0.387500 0.512500 0.031250 0.031250
0 0.328125 0.731250 0.031250 0.031250
0 0.807813 0.793750 0.034375 0.031250
0 0.940625 0.553125 0.031250 0.031250
0 0.635938 0.662500 0.028125 0.031250
0 0.776563 0.196875 0.028125 0.031250
0 0.067187 0.895312 0.034375 0.034375
0 0.721875 0.690625 0.031250 0.031250
0 0.287500 0.040625 0.031250 0.031250
0 0.775000 0.312500 0.031250 0.031250
0 0.589063 0.276562 0.028125 0.028125
0 0.635938 0.789062 0.034375 0.034375
0 0.170313 0.893750 0.034375 0.037500
0 0.362500 0.859375 0.031250 0.031250
0 0.923438 0.640625 0.028125 0.031250
0 0.642188 0.131250 0.028125 0.031250
0 0.484375 0.575000 0.031250 0.031250
0 0.707812 0.195312 0.040625 0.040625
0 0.942187 0.376563 0.028125 0.028125
0 0.556250 0.334375 0.031250 0.031250
0 0.740625 0.720313 0.031250 0.028125
0 0.556250 0.276562 0.031250 0.034375
0 0.250000 0.040625 0.031250 0.031250
0 0.690625 0.281250 0.031250 0.031250
0 0.642188 0.190625 0.034375 0.031250
0 0.606250 0.484375 0.031250 0.031250
0 0.540625 0.128125 0.031250 0.031250
0 0.890625 0.460938 0.031250 0.028125
0 0.531250 0.728125 0.031250 0.031250
0 0.709375 0.250000 0.031250 0.031250
0 0.095312 0.448437 0.028125 0.028125
0 0.256250 0.454688 0.031250 0.034375
0 0.959375 0.350000 0.031250 0.031250
0 0.782813 0.021875 0.028125 0.031250
0 0.625000 0.159375 0.031250 0.031250
0 0.596875 0.854688 0.031250 0.034375
0 0.450000 0.634375 0.031250 0.031250
0 0.859375 0.228125 0.031250 0.031250
0 0.296875 0.184375 0.031250 0.031250
0 0.809375 0.371875 0.031250 0.031250
0 0.756250 0.829688 0.031250 0.034375
0 0.471875 0.303125 0.031250 0.031250
0 0.706250 0.428125 0.031250 0.031250
0 0.470313 0.810937 0.034375 0.034375
0 0.401562 0.484375 0.028125 0.031250
0 0.403125 0.543750 0.031250 0.031250
0 0.490625 0.157812 0.031250 0.034375
0 0.300000 0.303125 0.031250 0.031250
0 0.895312 0.892188 0.034375 0.034375
0 0.350000 0.156250 0.031250 0.031250
0 0.171875 0.825000 0.031250 0.031250
0 0.959375 0.640625 0.031250 0.031250
0 0.315625 0.215625 0.031250 0.031250
0 0.384375 0.157812 0.031250 0.034375
0 0.496875 0.787500 0.031250 0.031250
0 0.740625 0.309375 0.031250 0.031250
0 0.940625 0.493750 0.031250 0.031250
0 0.746875 0.078125 0.031250 0.031250
0 0.618750 0.631250 0.031250 0.031250
0 0.556250 0.159375 0.031250 0.031250
0 0.550000 0.700000 0.031250 0.031250
0 0.032813 0.829688 0.034375 0.034375
0 0.625000 0.218750 0.031250 0.031250
0 0.606250 0.365625 0.031250 0.031250
0 0.809375 0.196875 0.031250 0.031250
0 0.950000 0.028125 0.031250 0.031250
0 0.364063 0.731250 0.034375 0.031250
0 0.190625 0.453125 0.031250 0.031250
0 0.256250 0.393750 0.031250 0.031250
0 0.434375 0.606250 0.031250 0.031250
0 0.204687 0.823438 0.034375 0.034375
0 0.209375 0.423438 0.031250 0.034375
0 0.159375 0.664062 0.031250 0.034375
0 0.790625 0.343750 0.031250 0.031250
0 0.548438 0.760938 0.028125 0.028125
0 0.468750 0.543750 0.031250 0.031250
0 0.193750 0.392188 0.031250 0.028125
0 0.306250 0.421875 0.031250 0.031250
0 0.843750 0.256250 0.031250 0.031250
0 0.020313 0.032813 0.034375 0.034375
0 0.143750 0.418750 0.031250 0.031250
0 0.125000 0.240625 0.031250 0.031250
0 0.685937 0.895312 0.034375 0.034375
0 0.637500 0.603125 0.031250 0.031250
0 0.723437 0.400000 0.028125 0.031250
0 0.271875 0.423438 0.031250 0.034375
0 0.342187 0.892188 0.034375 0.034375
0 0.775000 0.720313 0.031250 0.034375
0 0.490625 0.040625 0.031250 0.031250
0 0.790625 0.693750 0.031250 0.031250
0 0.687500 0.340625 0.031250 0.031250
0 0.620313 0.515625 0.028125 0.031250
0 0.218750 0.578125 0.031250 0.031250
0 0.792188 0.281250 0.028125 0.031250
0 0.621875 0.454688 0.031250 0.028125
0 0.973437 0.668750 0.028125 0.031250
0 0.075000 0.209375 0.031250 0.031250
0 0.306250 0.362500 0.031250 0.031250
0 0.606250 0.425000 0.031250 0.031250
0 0.946875 0.143750 0.031250 0.031250
0 0.287500 0.454688 0.031250 0.034375
0 0.976562 0.793750 0.034375 0.031250
0 0.778125 0.135937 0.031250 0.028125
0 0.729688 0.046875 0.028125 0.031250
0 0.046875 0.359375 0.031250 0.031250
0 0.118750 0.720313 0.031250 0.034375
0 0.215625 0.096875 0.031250 0.031250
0 0.189062 0.857812 0.034375 0.034375
0 0.614062 0.823438 0.034375 0.034375
0 0.571875 0.246875 0.031250 0.031250
0 0.368750 0.543750 0.031250 0.031250
0 0.759375 0.746875 0.031250 0.031250
0 0.906250 0.490625 0.031250 0.031250
0 0.637500 0.365625 0.031250 0.031250
0 0.318750 0.096875 0.031250 0.031250
0 0.571875 0.365625 0.031250 0.031250
0 0.418750 0.573438 0.031250 0.034375
0 0.875000 0.550000 0.031250 0.031250
0 0.618750 0.759375 0.031250 0.031250
0 0.593750 0.100000 0.031250 0.031250
0 0.756250 0.515625 0.031250 0.031250
0 0.826562 0.893750 0.034375 0.031250
0 0.215625 0.637500 0.031250 0.031250
0 0.792188 0.892188 0.034375 0.034375
0 0.081250 0.781250 0.031250 0.031250
0 0.539062 0.364063 0.034375 0.034375
0 0.026562 0.742188 0.034375 0.034375
0 0.823438 0.400000 0.028125 0.031250
0 0.648438 0.829688 0.034375 0.034375
0 0.159375 0.450000 0.031250 0.031250
0 0.470313 0.243750 0.028125 0.031250
0 0.281250 0.271875 0.031250 0.031250
0 0.134375 0.065625 0.031250 0.031250
0 0.775000 0.371875 0.031250 0.031250
0 0.193750 0.728125 0.031250 0.031250
0 0.071875 0.271875 0.031250 0.031250
0 0.642188 0.423438 0.034375 0.034375
0 0.453125 0.040625 0.031250 0.031250
0 0.265625 0.068750 0.031250 0.031250
0 0.231250 0.068750 0.031250 0.031250
0 0.570312 0.667188 0.034375 0.034375
0 0.385937 0.331250 0.034375 0.031250
0 0.976562 0.493750 0.028125 0.031250
0 0.609375 0.187500 0.031250 0.031250
0 0.756250 0.575000 0.031250 0.031250
0 0.378125 0.828125 0.031250 0.031250
0 0.606250 0.246875 0.031250 0.031250
0 0.050000 0.017188 0.031250 0.034375
0 0.790625 0.637500 0.031250 0.031250
0 0.175000 0.543750 0.031250 0.031250
0 0.864062 0.889062 0.034375 0.034375
0 0.206250 0.484375 0.031250 0.031250
0 0.078125 0.031250 0.031250 0.031250
0 0.714063 0.017188 0.028125 0.028125
0 0.346875 0.700000 0.031250 0.031250
0 0.515625 0.696875 0.031250 0.031250
0 0.579688 0.892188 0.034375 0.034375
0 0.589063 0.454688 0.028125 0.028125
0 0.976562 0.320312 0.028125 0.028125
0 0.143750 0.212500 0.031250 0.031250
0 0.534375 0.668750 0.031250 0.031250
0 0.634375 0.721875 0.031250 0.031250
0 0.029687 0.893750 0.034375 0.037500
0 0.339062 0.360938 0.028125 0.028125
0 0.553125 0.453125 0.031250 0.031250
0 0.790625 0.575000 0.031250 0.031250
0 0.140625 0.693750 0.031250 0.031250
0 0.454688 0.275000 0.028125 0.031250
0 0.743750 0.137500 0.031250 0.031250
0 0.906250 0.610938 0.031250 0.028125
0 0.807813 0.546875 0.028125 0.031250
0 0.604688 0.603125 0.028125 0.031250
0 0.225000 0.393750 0.031250 0.031250
0 0.240625 0.484375 0.031250 0.031250
0 0.537500 0.246875 0.031250 0.031250
0 0.704688 0.720313 0.028125 0.028125
0 0.331250 0.668750 0.031250 0.031250
0 0.434375 0.662500 0.031250 0.031250
0 0.378125 0.893750 0.031250 0.031250
0 0.135937 0.893750 0.034375 0.037500
0 0.350000 0.215625 0.031250 0.031250
0 0.101562 0.751563 0.034375 0.034375
0 0.500000 0.665625 0.031250 0.031250
0 0.162500 0.609375 0.031250 0.031250
0 0.487500 0.453125 0.031250 0.031250
0 0.121875 0.664062 0.031250 0.034375
0 0.521875 0.393750 0.031250 0.031250
0 0.181250 0.637500 0.031250 0.031250
0 0.242188 0.892188 0.034375 0.034375
0 0.142187 0.479687 0.028125 0.028125
0 0.365625 0.603125 0.031250 0.031250
0 0.101562 0.831250 0.034375 0.031250
0 0.723437 0.282813 0.028125 0.028125
0 0.975000 0.259375 0.031250 0.031250
0 0.353125 0.512500 0.031250 0.031250
0 0.571875 0.425000 0.031250 0.031250
0 0.131250 0.387500 0.031250 0.031250
0 0.048438 0.539062 0.028125 0.028125
0 0.540625 0.187500 0.031250 0.031250
0 0.492188 0.857812 0.034375 0.034375
0 0.309375 0.825000 0.031250 0.031250
0 0.643750 0.073438 0.031250 0.028125
0 0.431250 0.857812 0.031250 0.034375
0 0.356250 0.453125 0.031250 0.031250
0 0.721875 0.632812 0.031250 0.028125
0 0.676562 0.073438 0.028125 0.028125
0 0.860938 0.167187 0.028125 0.028125
0 0.118750 0.860938 0.031250 0.034375
0 0.584375 0.700000 0.031250 0.031250
0 0.556250 0.393750 0.031250 0.031250
0 0.415625 0.693750 0.031250 0.031250
0 0.221875 0.453125 0.031250 0.031250
0 0.856250 0.401562 0.031250 0.028125
0 0.559375 0.042188 0.031250 0.034375
0 0.100000 0.328125 0.031250 0.031250
0 0.962500 0.171875 0.031250 0.031250
0 0.414062 0.767188 0.034375 0.034375
0 0.303125 0.484375 0.031250 0.031250
0 0.101562 0.895312 0.034375 0.034375
0 0.315625 0.157812 0.031250 0.028125
0 0.206250 0.543750 0.031250 0.031250
0 0.687500 0.400000 0.031250 0.031250
0 0.121875 0.300000 0.031250 0.031250
0 0.518750 0.635938 0.031250 0.028125
0 0.689063 0.829688 0.034375 0.034375
0 0.628125 0.042188 0.031250 0.034375
0 0.721875 0.831250 0.031250 0.031250
0 0.921875 0.581250 0.031250 0.031250
0 0.368750 0.484375 0.031250 0.031250
0 0.335938 0.128125 0.034375 0.031250
0 0.228125 0.334375 0.031250 0.031250
0 0.384375 0.575000 0.031250 0.031250
0 0.632812 0.860938 0.034375 0.034375
0 0.362500 0.792188 0.031250 0.034375
0 0.465625 0.662500 0.031250 0.031250
0 0.037500 0.771875 0.031250 0.031250
0 0.487500 0.334375 0.031250 0.031250
0 0.454688 0.334375 0.034375 0.031250
0 0.884375 0.025000 0.031250 0.031250
0 0.396875 0.796875 0.031250 0.031250
0 0.979688 0.146875 0.034375 0.031250
0 0.031250 0.509375 0.031250 0.031250
0 0.018750 0.656250 0.031250 0.031250
0 0.484375 0.693750 0.031250 0.031250
0 0.031250 0.568750 0.031250 0.031250
0 0.225000 0.512500 0.031250 0.031250
0 0.370312 0.359375 0.028125 0.031250
0 0.878125 0.198437 0.031250 0.028125
0 0.704688 0.790625 0.034375 0.037500
0 0.243750 0.365625 0.031250 0.031250
0 0.668750 0.721875 0.031250 0.031250
0 0.284375 0.578125 0.031250 0.031250
0 0.065625 0.328125 0.031250 0.031250
0 0.668750 0.662500 0.031250 0.031250
0 0.403125 0.362500 0.031250 0.031250
0 0.807813 0.428125 0.028125 0.031250
0 0.418750 0.634375 0.031250 0.031250
0 0.209375 0.700000 0.031250 0.031250
0 0.587500 0.512500 0.031250 0.031250
0 0.828125 0.167187 0.031250 0.028125
0 0.321875 0.454688 0.031250 0.028125
0 0.856250 0.459375 0.031250 0.031250
0 0.453125 0.215625 0.031250 0.031250
0 0.096875 0.125000 0.031250 0.031250
0 0.696875 0.046875 0.031250 0.031250
0 0.506250 0.246875 0.031250 0.031250
0 0.403125 0.421875 0.031250 0.031250
0 0.206250 0.892188 0.037500 0.034375
0 0.321875 0.331250 0.031250 0.031250
0 0.545312 0.892188 0.034375 0.034375
0 0.115625 0.359375 0.031250 0.031250
0 0.875000 0.432812 0.031250 0.028125
0 0.757812 0.398438 0.028125 0.028125
0 0.771875 0.604688 0.031250 0.028125
0 0.403125 0.303125 0.031250 0.031250
0 0.093750 0.567187 0.031250 0.028125
0 0.193750 0.334375 0.031250 0.031250
0 0.651563 0.895312 0.034375 0.034375
0 0.651563 0.751563 0.028125 0.028125
0 0.740625 0.775000 0.031250 0.031250
0 0.459375 0.781250 0.031250 0.031250
0 0.251563 0.578125 0.028125 0.031250
0 0.746875 0.018750 0.031250 0.031250
0 0.487500 0.393750 0.031250 0.031250
0 0.573438 0.189062 0.028125 0.028125
0 0.387500 0.392188 0.031250 0.028125
0 0.437500 0.362500 0.031250 0.031250
0 0.957812 0.579688 0.028125 0.028125
0 0.487500 0.215625 0.031250 0.031250
0 0.231250 0.668750 0.031250 0.031250
0 0.087500 0.298438 0.031250 0.028125
0 0.271875 0.484375 0.031250 0.031250
0 0.485938 0.515625 0.028125 0.031250
0 0.109375 0.800000 0.031250 0.031250
0 0.673438 0.771875 0.034375 0.031250
0 0.556250 0.218750 0.031250 0.031250
0 0.614062 0.892188 0.034375 0.034375
0 0.142187 0.032813 0.034375 0.034375
0 0.840625 0.609375 0.031250 0.031250
0 0.132812 0.329688 0.028125 0.028125
0 0.318750 0.512500 0.031250 0.031250
0 0.929688 0.892188 0.034375 0.034375
0 0.126562 0.775000 0.034375 0.031250
0 0.062500 0.446875 0.031250 0.031250
0 0.385937 0.454688 0.028125 0.028125
0 0.090625 0.240625 0.031250 0.031250
0 0.334375 0.484375 0.031250 0.031250
0 0.518750 0.575000 0.031250 0.031250
0 0.500000 0.728125 0.031250 0.031250
0 0.350000 0.637500 0.031250 0.031250
0 0.876563 0.792188 0.028125 0.028125
0 0.178125 0.362500 0.031250 0.031250
0 0.175000 0.693750 0.031250 0.031250
0 0.690625 0.746875 0.031250 0.031250
0 0.973437 0.610938 0.028125 0.028125
0 0.062500 0.568750 0.031250 0.031250
0 0.653125 0.693750 0.031250 0.031250
0 0.140625 0.746875 0.031250 0.031250
0 0.518750 0.453125 0.031250 0.031250
0 0.121875 0.568750 0.031250 0.031250
0 0.064062 0.507812 0.028125 0.028125
0 0.153125 0.575000 0.031250 0.031250
0 0.537500 0.543750 0.031250 0.031250
0 0.978125 0.203125 0.031250 0.031250
0 0.721875 0.573438 0.031250 0.028125
0 0.626563 0.395313 0.034375 0.034375
0 0.604688 0.543750 0.028125 0.031250
0 0.021875 0.134375 0.031250 0.031250
0 0.271875 0.362500 0.031250 0.031250
0 0.759375 0.165625 0.031250 0.031250
0 0.479687 0.756250 0.028125 0.031250
0 0.571875 0.484375 0.031250 0.031250
0 0.112500 0.478125 0.031250 0.031250
0 0.131250 0.509375 0.031250 0.031250
0 0.125000 0.603125 0.031250 0.031250
0 0.307812 0.892188 0.034375 0.034375
0 0.284375 0.100000 0.031250 0.031250
0 0.470313 0.362500 0.028125 0.031250
0 0.081250 0.478125 0.031250 0.031250
0 0.275000 0.892188 0.031250 0.034375
0 0.973437 0.432812 0.028125 0.028125
0 0.506250 0.184375 0.031250 0.031250
0 0.428125 0.721875 0.031250 0.031250
0 0.267188 0.128125 0.028125 0.031250
0 0.414062 0.829688 0.034375 0.034375
0 0.587500 0.573438 0.031250 0.028125
0 0.109375 0.015625 0.031250 0.031250
0 0.110937 0.539062 0.028125 0.028125
0 0.165625 0.331250 0.031250 0.031250
0 0.856250 0.517188 0.031250 0.028125
0 0.668750 0.803125 0.031250 0.031250
0 0.443750 0.753125 0.031250 0.031250
0 0.018750 0.798438 0.031250 0.034375
0 0.256250 0.512500 0.031250 0.031250
0 0.510938 0.892188 0.034375 0.034375
0 0.321875 0.392188 0.031250 0.028125
0 0.964063 0.892188 0.034375 0.034375
0 0.303125 0.543750 0.031250 0.031250
0 0.400000 0.662500 0.031250 0.031250
0 0.442188 0.895312 0.034375 0.034375
0 0.823438 0.635938 0.028125 0.028125
0 0.654687 0.573438 0.028125 0.028125
0 0.160938 0.390625 0.028125 0.031250
0 0.256250 0.334375 0.031250 0.031250
0 0.553125 0.515625 0.031250 0.031250
0 0.409375 0.893750 0.031250 0.031250
0 0.981250 0.084375 0.031250 0.031250
0 0.737500 0.803125 0.031250 0.031250
0 0.018750 0.298438 0.031250 0.028125
0 0.460938 0.845313 0.034375 0.034375
0 0.017188 0.359375 0.028125 0.031250
0 0.015625 0.417187 0.031250 0.028125
0 0.159375 0.515625 0.031250 0.031250
0 0.018750 0.600000 0.031250 0.031250
0 0.537500 0.484375 0.031250 0.031250
0 0.673438 0.428125 0.028125 0.031250
0 0.017188 0.539062 0.028125 0.028125
0 0.603125 0.660937 0.031250 0.028125
0 0.671875 0.190625 0.031250 0.031250
0 0.729688 0.164062 0.028125 0.028125
0 0.014063 0.476562 0.028125 0.028125
0 0.678125 0.017188 0.031250 0.034375
0 0.979688 0.857812 0.034375 0.034375
0 0.478125 0.893750 0.031250 0.031250
0 0.690625 0.159375 0.031250 0.031250
0 0.976562 0.376563 0.028125 0.028125
0 0.745313 0.195312 0.028125 0.028125
0 0.015625 0.859375 0.031250 0.031250
0 0.689063 0.225000 0.028125 0.031250
0 0.507812 0.014063 0.028125 0.028125
