0 0.153125 0.737500 0.056250 0.056250
0 0.057813 0.776563 0.053125 0.053125
0 0.081250 0.834375 0.056250 0.056250
0 0.243750 0.793750 0.056250 0.056250
0 0.284375 0.643750 0.056250 0.056250
0 0.300000 0.898438 0.056250 0.053125
0 0.770312 0.739062 0.053125 0.053125
0 0.875000 0.765625 0.056250 0.056250
0 0.831250 0.726562 0.056250 0.053125
0 0.271875 0.846875 0.056250 0.056250
0 0.145313 0.839063 0.059375 0.059375
0 0.693750 0.550000 0.056250 0.056250
0 0.095312 0.732812 0.053125 0.053125
0 0.103125 0.885938 0.056250 0.059375
0 0.715625 0.751563 0.056250 0.059375
0 0.045312 0.879687 0.053125 0.053125
0 0.943750 0.693750 0.056250 0.056250
0 0.234375 0.893750 0.056250 0.056250
0 0.851562 0.554688 0.053125 0.053125
0 0.218750 0.740625 0.056250 0.056250
0 0.206250 0.842187 0.056250 0.059375
0 0.843750 0.667188 0.056250 0.053125
0 0.753125 0.795312 0.056250 0.053125
0 0.603125 0.859375 0.056250 0.056250
0 0.839063 0.610938 0.053125 0.053125
0 0.359375 0.903125 0.056250 0.056250
0 0.475000 0.834375 0.056250 0.056250
0 0.812500 0.781250 0.056250 0.056250
0 0.115625 0.787500 0.056250 0.056250
0 0.943750 0.343750 0.056250 0.056250
0 0.142187 0.584375 0.053125 0.056250
0 0.303125 0.796875 0.056250 0.056250
0 0.310937 0.696875 0.053125 0.056250
0 0.696875 0.807813 0.056250 0.053125
0 0.068750 0.678125 0.056250 0.056250
0 0.889062 0.707812 0.053125 0.053125
0 0.048438 0.623437 0.053125 0.053125
0 0.207813 0.487500 0.053125 0.056250
0 0.242188 0.439063 0.053125 0.053125
0 0.612500 0.714063 0.056250 0.053125
0 0.787500 0.359375 0.056250 0.056250
0 0.673438 0.398438 0.053125 0.053125
0 0.729688 0.382812 0.053125 0.053125
0 0.932813 0.421875 0.053125 0.056250
0 0.821875 0.456250 0.056250 0.056250
0 0.637500 0.812500 0.056250 0.056250
0 0.235937 0.540625 0.053125 0.056250
0 0.181250 0.787500 0.056250 0.056250
0 0.225000 0.643750 0.056250 0.056250
0 0.892188 0.320312 0.053125 0.053125
0 0.267188 0.490625 0.053125 0.056250
0 0.337500 0.750000 0.056250 0.056250
0 0.203125 0.943750 0.056250 0.056250
0 0.323437 0.950000 0.053125 0.056250
0 0.262500 0.590625 0.056250 0.056250
0 0.909375 0.187500 0.056250 0.056250
0 0.671875 0.698438 0.056250 0.053125
0 0.735938 0.589063 0.053125 0.053125
0 0.795312 0.571875 0.053125 0.056250
0 0.920312 0.478125 0.053125 0.050000
0 0.101562 0.360938 0.053125 0.053125
0 0.371875 0.700000 0.056250 0.056250
0 0.345313 0.645312 0.053125 0.053125
0 0.665625 0.454688 0.056250 0.053125
0 0.720313 0.435937 0.053125 0.053125
0 0.596875 0.770312 0.056250 0.053125
0 0.832812 0.398438 0.053125 0.053125
0 0.898438 0.651563 0.053125 0.053125
0 0.656250 0.754687 0.056250 0.053125
0 0.279687 0.745313 0.053125 0.053125
0 0.120313 0.956250 0.059375 0.056250
0 0.389062 0.954688 0.059375 0.059375
0 0.189062 0.692187 0.053125 0.053125
0 0.742188 0.853125 0.053125 0.056250
0 0.876563 0.439063 0.053125 0.053125
0 0.685937 0.343750 0.053125 0.056250
0 0.253125 0.695312 0.056250 0.053125
0 0.418750 0.550000 0.056250 0.056250
0 0.526563 0.864062 0.059375 0.059375
0 0.165625 0.356250 0.056250 0.056250
0 0.329688 0.492188 0.059375 0.059375
0 0.070312 0.410938 0.053125 0.053125
0 0.379688 0.596875 0.053125 0.056250
0 0.626563 0.564063 0.053125 0.053125
0 0.146875 0.481250 0.056250 0.056250
0 0.932813 0.750000 0.059375 0.056250
0 0.203125 0.587500 0.056250 0.056250
0 0.776563 0.417187 0.053125 0.053125
0 0.396875 0.751563 0.056250 0.053125
0 0.364063 0.800000 0.053125 0.056250
0 0.039062 0.467187 0.053125 0.053125
0 0.898438 0.376563 0.053125 0.053125
0 0.501563 0.240625 0.053125 0.050000
0 0.510938 0.787500 0.059375 0.056250
0 0.128125 0.685937 0.056250 0.053125
0 0.559375 0.818750 0.056250 0.056250
0 0.445312 0.692187 0.059375 0.059375
0 0.729688 0.696875 0.053125 0.056250
0 0.646875 0.293750 0.056250 0.056250
0 0.157812 0.910937 0.059375 0.059375
0 0.607812 0.470313 0.053125 0.053125
0 0.675000 0.239063 0.050000 0.053125
0 0.795312 0.832812 0.053125 0.053125
0 0.404687 0.400000 0.053125 0.056250
0 0.323437 0.593750 0.053125 0.056250
0 0.951562 0.578125 0.053125 0.056250
0 0.751563 0.532813 0.053125 0.053125
0 0.415625 0.823438 0.056250 0.059375
0 0.178125 0.537500 0.056250 0.056250
0 0.301563 0.440625 0.053125 0.056250
0 0.954688 0.634375 0.059375 0.056250
0 0.712500 0.643750 0.056250 0.056250
0 0.439063 0.604688 0.053125 0.053125
0 0.540625 0.484375 0.056250 0.056250
0 0.401562 0.650000 0.053125 0.056250
0 0.165625 0.637500 0.056250 0.056250
0 0.907813 0.534375 0.053125 0.056250
0 0.807813 0.514062 0.053125 0.053125
0 0.571875 0.375000 0.056250 0.056250
0 0.332813 0.848437 0.053125 0.053125
0 0.104688 0.631250 0.053125 0.056250
0 0.778125 0.628125 0.056250 0.056250
0 0.671875 0.860938 0.056250 0.053125
0 0.765625 0.473438 0.056250 0.053125
0 0.585938 0.320312 0.059375 0.059375
0 0.634375 0.906250 0.056250 0.056250
0 0.548438 0.739062 0.059375 0.059375
0 0.117188 0.531250 0.053125 0.056250
0 0.459375 0.396875 0.056250 0.056250
0 0.896875 0.593750 0.056250 0.056250
0 0.550000 0.568750 0.056250 0.056250
0 0.579688 0.667188 0.053125 0.053125
0 0.395313 0.498437 0.053125 0.053125
0 0.200000 0.237500 0.050000 0.050000
0 0.432812 0.450000 0.053125 0.056250
0 0.571875 0.906250 0.056250 0.056250
0 0.785937 0.685937 0.053125 0.053125
0 0.445312 0.345313 0.053125 0.053125
0 0.595313 0.610938 0.053125 0.053125
0 0.035937 0.726562 0.053125 0.053125
0 0.523438 0.685937 0.053125 0.053125
0 0.535937 0.626563 0.053125 0.053125
0 0.079687 0.576562 0.053125 0.053125
0 0.632812 0.354687 0.053125 0.053125
0 0.359375 0.543750 0.056250 0.056250
0 0.650000 0.510938 0.056250 0.053125
0 0.584375 0.521875 0.056250 0.056250
0 0.295312 0.539062 0.053125 0.053125
0 0.939063 0.284375 0.053125 0.056250
0 0.479687 0.900000 0.059375 0.062500
0 0.487500 0.731250 0.056250 0.056250
0 0.270313 0.229687 0.053125 0.053125
0 0.423438 0.884375 0.059375 0.056250
0 0.707812 0.495312 0.053125 0.053125
0 0.239063 0.281250 0.053125 0.056250
0 0.564063 0.432812 0.053125 0.053125
0 0.668750 0.604688 0.056250 0.053125
0 0.506250 0.531250 0.056250 0.056250
0 0.129688 0.414062 0.059375 0.059375
0 0.415625 0.292187 0.056250 0.053125
0 0.634375 0.651563 0.056250 0.053125
0 0.528125 0.946875 0.056250 0.056250
0 0.864062 0.495312 0.053125 0.053125
0 0.262500 0.943750 0.056250 0.056250
0 0.450000 0.776563 0.056250 0.059375
0 0.735938 0.242188 0.053125 0.053125
0 0.834375 0.328125 0.056250 0.056250
0 0.520312 0.398438 0.053125 0.053125
0 0.095312 0.465625 0.059375 0.056250
0 0.331250 0.239063 0.050000 0.053125
0 0.846875 0.190625 0.056250 0.056250
0 0.856250 0.818750 0.056250 0.056250
0 0.703125 0.289062 0.050000 0.053125
0 0.493750 0.589063 0.056250 0.053125
0 0.387500 0.345313 0.056250 0.053125
0 0.454688 0.506250 0.059375 0.056250
0 0.618750 0.412500 0.056250 0.056250
0 0.231250 0.189062 0.056250 0.053125
0 0.785937 0.293750 0.053125 0.056250
0 0.481250 0.646875 0.056250 0.056250
0 0.532813 0.290625 0.053125 0.056250
0 0.412500 0.190625 0.056250 0.056250
0 0.531250 0.189062 0.056250 0.059375
0 0.182812 0.437500 0.053125 0.056250
0 0.442188 0.243750 0.053125 0.050000
0 0.895312 0.248438 0.053125 0.053125
0 0.840625 0.268750 0.056250 0.056250
0 0.184375 0.290625 0.050000 0.050000
0 0.273438 0.389062 0.053125 0.053125
0 0.059375 0.521875 0.056250 0.056250
0 0.506250 0.343750 0.056250 0.056250
0 0.960938 0.520312 0.053125 0.053125
0 0.042188 0.362500 0.053125 0.056250
0 0.368750 0.446875 0.056250 0.056250
0 0.490625 0.450000 0.056250 0.056250
0 0.473438 0.292187 0.053125 0.053125
0 0.218750 0.385937 0.056250 0.053125
0 0.145313 0.253125 0.053125 0.050000
0 0.339062 0.390625 0.065625 0.068750
0 0.385937 0.243750 0.053125 0.050000
0 0.701562 0.189062 0.053125 0.053125
0 0.740625 0.325000 0.050000 0.050000
0 0.175000 0.190625 0.050000 0.050000
0 0.275000 0.331250 0.056250 0.056250
0 0.068750 0.934375 0.056250 0.056250
0 0.356250 0.189062 0.050000 0.053125
0 0.217188 0.331250 0.053125 0.050000
0 0.953125 0.228125 0.056250 0.056250
0 0.473438 0.192188 0.053125 0.053125
0 0.331250 0.325000 0.056250 0.056250
0 0.132812 0.307812 0.053125 0.053125
0 0.646875 0.189062 0.056250 0.053125
0 0.585938 0.189062 0.053125 0.053125
0 0.304688 0.189062 0.053125 0.053125
0 0.115625 0.206250 0.050000 0.050000
0 0.076563 0.310937 0.053125 0.053125
0 0.296875 0.278125 0.050000 0.050000
0 0.617188 0.242188 0.053125 0.053125
0 0.562500 0.242188 0.050000 0.053125
0 0.065625 0.187500 0.056250 0.056250
0 0.073438 0.253125 0.053125 0.056250
0 0.751563 0.187500 0.046875 0.043750
0 0.026562 0.825000 0.053125 0.050000
0 0.026562 0.568750 0.046875 0.050000
