0 0.718750 0.084375 0.056250 0.056250
0 0.096875 0.315625 0.056250 0.056250
0 0.042188 0.385937 0.053125 0.053125
0 0.101562 0.370312 0.053125 0.053125
0 0.654687 0.482812 0.053125 0.053125
0 0.253125 0.437500 0.056250 0.056250
0 0.150000 0.345313 0.050000 0.053125
0 0.771875 0.121875 0.056250 0.056250
0 0.660937 0.065625 0.053125 0.050000
0 0.467187 0.382812 0.053125 0.053125
0 0.423438 0.420312 0.053125 0.053125
0 0.762500 0.320312 0.050000 0.053125
0 0.040625 0.331250 0.056250 0.056250
0 0.207813 0.342187 0.053125 0.053125
0 0.773438 0.057813 0.053125 0.053125
0 0.150000 0.406250 0.056250 0.056250
0 0.471875 0.451562 0.050000 0.053125
0 0.710938 0.479687 0.053125 0.053125
0 0.370312 0.401562 0.053125 0.053125
0 0.401562 0.621875 0.053125 0.050000
0 0.310937 0.395313 0.053125 0.053125
0 0.671875 0.118750 0.050000 0.050000
0 0.592187 0.500000 0.053125 0.056250
0 0.085938 0.426563 0.053125 0.053125
0 0.367188 0.692187 0.053125 0.053125
0 0.054688 0.273438 0.053125 0.053125
0 0.665625 0.326562 0.050000 0.053125
0 0.417187 0.476562 0.053125 0.053125
0 0.498437 0.337500 0.053125 0.050000
0 0.410938 0.360938 0.053125 0.053125
0 0.735938 0.423438 0.053125 0.053125
0 0.307812 0.689063 0.053125 0.053125
0 0.345313 0.632812 0.053125 0.053125
0 0.159375 0.289062 0.050000 0.053125
0 0.259375 0.371875 0.056250 0.056250
0 0.696875 0.376563 0.050000 0.053125
0 0.185938 0.451562 0.053125 0.053125
0 0.679688 0.429688 0.053125 0.053125
0 0.345313 0.351562 0.053125 0.053125
0 0.610938 0.339062 0.053125 0.053125
0 0.750000 0.371875 0.050000 0.050000
0 0.726562 0.164062 0.053125 0.053125
0 0.364063 0.473438 0.053125 0.053125
0 0.309375 0.451562 0.050000 0.053125
0 0.623437 0.545312 0.053125 0.053125
0 0.207813 0.400000 0.053125 0.056250
0 0.681250 0.531250 0.050000 0.050000
0 0.112500 0.473438 0.050000 0.053125
0 0.556250 0.323437 0.050000 0.053125
0 0.351562 0.745313 0.053125 0.053125
0 0.365625 0.579688 0.050000 0.053125
0 0.242188 0.495312 0.053125 0.053125
0 0.165625 0.506250 0.050000 0.050000
0 0.523438 0.389062 0.053125 0.053125
0 0.414062 0.550000 0.053125 0.056250
0 0.773438 0.196875 0.053125 0.050000
0 0.582812 0.398438 0.053125 0.053125
0 0.335938 0.532813 0.053125 0.053125
0 0.526563 0.442188 0.053125 0.053125
0 0.293750 0.740625 0.050000 0.050000
0 0.418750 0.678125 0.050000 0.050000
0 0.403125 0.729688 0.050000 0.046875
0 0.028125 0.446875 0.050000 0.050000
0 0.768750 0.253125 0.050000 0.050000
0 0.476562 0.507812 0.046875 0.046875
0 0.576562 0.576562 0.046875 0.046875
0 0.707812 0.029687 0.053125 0.053125
