0 0.814063 0.134375 0.034375 0.031250
0 0.537500 0.173437 0.037500 0.034375
0 0.539062 0.103125 0.034375 0.031250
0 0.240625 0.220312 0.031250 0.034375
0 0.100000 0.275000 0.031250 0.031250
0 0.467187 0.310937 0.034375 0.034375
0 0.778125 0.253125 0.031250 0.031250
0 0.440625 0.103125 0.031250 0.031250
0 0.575000 0.156250 0.031250 0.031250
0 0.665625 0.075000 0.031250 0.031250
0 0.310937 0.217188 0.034375 0.034375
0 0.135937 0.215625 0.034375 0.031250
0 0.770312 0.425000 0.028125 0.031250
0 0.187500 0.306250 0.031250 0.031250
0 0.395313 0.185938 0.034375 0.034375
0 0.414062 0.281250 0.034375 0.031250
0 0.329688 0.179688 0.034375 0.034375
0 0.696875 0.095312 0.031250 0.028125
0 0.381250 0.093750 0.031250 0.031250
0 0.414062 0.217188 0.034375 0.034375
0 0.170313 0.159375 0.034375 0.031250
0 0.781250 0.218750 0.031250 0.031250
0 0.800000 0.659375 0.031250 0.031250
0 0.750000 0.745313 0.031250 0.028125
0 0.700000 0.718750 0.031250 0.031250
0 0.468750 0.126562 0.031250 0.034375
0 0.428125 0.312500 0.031250 0.031250
0 0.803125 0.340625 0.031250 0.031250
0 0.628125 0.775000 0.031250 0.031250
0 0.359375 0.368750 0.031250 0.031250
0 0.450000 0.070312 0.031250 0.034375
0 0.290625 0.093750 0.031250 0.031250
0 0.443750 0.459375 0.031250 0.031250
0 0.504687 0.117188 0.034375 0.034375
0 0.375000 0.281250 0.031250 0.031250
0 0.562500 0.490625 0.031250 0.031250
0 0.204687 0.154688 0.034375 0.034375
0 0.546875 0.459375 0.031250 0.031250
0 0.081250 0.360938 0.031250 0.034375
0 0.678125 0.470313 0.031250 0.028125
0 0.356250 0.071875 0.031250 0.031250
0 0.306250 0.151562 0.031250 0.034375
0 0.845313 0.153125 0.034375 0.031250
0 0.746875 0.268750 0.031250 0.031250
0 0.282813 0.126562 0.028125 0.028125
0 0.581250 0.459375 0.031250 0.031250
0 0.521875 0.662500 0.031250 0.031250
0 0.168750 0.334375 0.031250 0.031250
0 0.578125 0.578125 0.031250 0.031250
0 0.662500 0.720313 0.031250 0.028125
0 0.218750 0.246875 0.031250 0.031250
0 0.646875 0.485938 0.031250 0.028125
0 0.478125 0.090625 0.031250 0.031250
0 0.307812 0.339062 0.028125 0.028125
0 0.950000 0.689063 0.031250 0.034375
0 0.240625 0.278125 0.031250 0.031250
0 0.293750 0.250000 0.031250 0.031250
0 0.864062 0.306250 0.034375 0.031250
0 0.525000 0.548438 0.031250 0.028125
0 0.256250 0.189062 0.031250 0.034375
0 0.876563 0.104688 0.034375 0.034375
0 0.500000 0.368750 0.031250 0.031250
0 0.959375 0.162500 0.031250 0.031250
0 0.803125 0.409375 0.031250 0.031250
0 0.696875 0.059375 0.031250 0.031250
0 0.171875 0.218750 0.031250 0.031250
0 0.409375 0.340625 0.031250 0.031250
0 0.690625 0.196875 0.031250 0.031250
0 0.300000 0.687500 0.031250 0.031250
0 0.371875 0.396875 0.031250 0.031250
0 0.542188 0.578125 0.028125 0.031250
0 0.342187 0.142187 0.034375 0.034375
0 0.931250 0.178125 0.031250 0.031250
0 0.145313 0.657813 0.034375 0.034375
0 0.690625 0.231250 0.031250 0.031250
0 0.359375 0.250000 0.031250 0.031250
0 0.146875 0.043750 0.031250 0.031250
0 0.812500 0.203125 0.031250 0.031250
0 0.854688 0.512500 0.028125 0.031250
0 0.570312 0.192188 0.034375 0.034375
0 0.543750 0.068750 0.031250 0.031250
0 0.531250 0.432812 0.031250 0.034375
0 0.537500 0.278125 0.031250 0.031250
0 0.760938 0.603125 0.028125 0.031250
0 0.064062 0.275000 0.028125 0.031250
0 0.812500 0.168750 0.031250 0.031250
0 0.540625 0.634375 0.031250 0.031250
0 0.906250 0.121875 0.031250 0.031250
0 0.687500 0.265625 0.031250 0.031250
0 0.096875 0.392188 0.031250 0.034375
0 0.631250 0.262500 0.031250 0.031250
0 0.784375 0.859375 0.031250 0.031250
0 0.557813 0.720313 0.028125 0.028125
0 0.295312 0.189062 0.034375 0.034375
0 0.851562 0.800000 0.028125 0.031250
0 0.765625 0.662500 0.031250 0.031250
0 0.781250 0.631250 0.031250 0.031250
0 0.478125 0.400000 0.031250 0.031250
0 0.267188 0.515625 0.028125 0.031250
0 0.918750 0.746875 0.031250 0.031250
0 0.875000 0.137500 0.031250 0.031250
0 0.429688 0.251563 0.034375 0.034375
0 0.453125 0.192188 0.031250 0.034375
0 0.818750 0.745313 0.031250 0.028125
0 0.334375 0.515625 0.031250 0.031250
0 0.746875 0.634375 0.031250 0.031250
0 0.921875 0.381250 0.031250 0.031250
0 0.503125 0.151562 0.031250 0.034375
0 0.184375 0.121875 0.031250 0.031250
0 0.437500 0.859375 0.031250 0.031250
0 0.725000 0.078125 0.031250 0.031250
0 0.946875 0.465625 0.031250 0.031250
0 0.928125 0.278125 0.031250 0.031250
0 0.512500 0.459375 0.031250 0.031250
0 0.540625 0.212500 0.031250 0.031250
0 0.635938 0.057813 0.028125 0.028125
0 0.800000 0.443750 0.031250 0.031250
0 0.575000 0.690625 0.031250 0.031250
0 0.271875 0.337500 0.031250 0.031250
0 0.925000 0.345313 0.031250 0.034375
0 0.753125 0.096875 0.031250 0.031250
0 0.562500 0.431250 0.031250 0.031250
0 0.750000 0.690625 0.031250 0.031250
0 0.062500 0.215625 0.031250 0.031250
0 0.596875 0.314063 0.031250 0.028125
0 0.323437 0.368750 0.028125 0.031250
0 0.379688 0.221875 0.034375 0.031250
0 0.885938 0.495312 0.028125 0.028125
0 0.662500 0.143750 0.031250 0.031250
0 0.890625 0.393750 0.031250 0.031250
0 0.809375 0.235937 0.031250 0.028125
0 0.896875 0.259375 0.031250 0.031250
0 0.131250 0.393750 0.031250 0.031250
0 0.392188 0.371875 0.028125 0.031250
0 0.062500 0.392188 0.031250 0.034375
0 0.893750 0.359375 0.031250 0.031250
0 0.282813 0.714063 0.028125 0.028125
0 0.403125 0.803125 0.031250 0.031250
0 0.075000 0.478125 0.031250 0.031250
0 0.395313 0.251563 0.034375 0.034375
0 0.406250 0.746875 0.031250 0.031250
0 0.815625 0.064062 0.037500 0.040625
0 0.370312 0.575000 0.028125 0.031250
0 0.095312 0.804688 0.028125 0.028125
0 0.718750 0.246875 0.031250 0.031250
0 0.315625 0.114062 0.031250 0.034375
0 0.859375 0.478125 0.031250 0.031250
0 0.871875 0.209375 0.031250 0.031250
0 0.160938 0.745313 0.028125 0.028125
0 0.256250 0.250000 0.031250 0.031250
0 0.642188 0.856250 0.034375 0.031250
0 0.718750 0.284375 0.031250 0.031250
0 0.456250 0.662500 0.031250 0.031250
0 0.221875 0.309375 0.031250 0.031250
0 0.600000 0.281250 0.031250 0.031250
0 0.934375 0.140625 0.031250 0.031250
0 0.950000 0.400000 0.031250 0.031250
0 0.434375 0.137500 0.031250 0.031250
0 0.543750 0.515625 0.031250 0.031250
0 0.048438 0.131250 0.034375 0.031250
0 0.151562 0.129688 0.034375 0.034375
0 0.712500 0.635938 0.031250 0.028125
0 0.839063 0.256250 0.028125 0.031250
0 0.742188 0.406250 0.028125 0.031250
0 0.493750 0.431250 0.031250 0.031250
0 0.084375 0.187500 0.031250 0.031250
0 0.693750 0.606250 0.031250 0.031250
0 0.635938 0.021875 0.028125 0.031250
0 0.776563 0.289062 0.028125 0.028125
0 0.662500 0.109375 0.031250 0.031250
0 0.479687 0.214062 0.034375 0.034375
0 0.509375 0.518750 0.031250 0.031250
0 0.610938 0.803125 0.028125 0.031250
0 0.426563 0.170313 0.034375 0.034375
0 0.746875 0.803125 0.031250 0.031250
0 0.354687 0.484375 0.028125 0.031250
0 0.829688 0.459375 0.034375 0.031250
0 0.662500 0.831250 0.031250 0.031250
0 0.385937 0.603125 0.028125 0.031250
0 0.078125 0.718750 0.031250 0.031250
0 0.354687 0.546875 0.028125 0.031250
0 0.112500 0.423438 0.031250 0.028125
0 0.725000 0.112500 0.031250 0.031250
0 0.246875 0.718750 0.031250 0.031250
0 0.509375 0.634375 0.031250 0.031250
0 0.271875 0.159375 0.031250 0.031250
0 0.645312 0.746875 0.028125 0.031250
0 0.325000 0.250000 0.031250 0.031250
0 0.734375 0.775000 0.031250 0.031250
0 0.375000 0.340625 0.031250 0.031250
0 0.609375 0.746875 0.031250 0.031250
0 0.568750 0.125000 0.031250 0.031250
0 0.606250 0.040625 0.031250 0.031250
0 0.165625 0.631250 0.031250 0.031250
0 0.871875 0.171875 0.031250 0.031250
0 0.915625 0.689063 0.031250 0.028125
0 0.340625 0.278125 0.031250 0.031250
0 0.387500 0.543750 0.031250 0.031250
0 0.771875 0.390625 0.031250 0.031250
0 0.975000 0.515625 0.031250 0.031250
0 0.900000 0.193750 0.031250 0.031250
0 0.714063 0.857812 0.034375 0.034375
0 0.048438 0.187500 0.034375 0.031250
0 0.626563 0.718750 0.028125 0.031250
0 0.506250 0.693750 0.031250 0.031250
0 0.065625 0.334375 0.031250 0.031250
0 0.631250 0.193750 0.031250 0.031250
0 0.956250 0.296875 0.031250 0.031250
0 0.325000 0.309375 0.031250 0.031250
0 0.150000 0.306250 0.031250 0.031250
0 0.100000 0.218750 0.031250 0.031250
0 0.371875 0.515625 0.031250 0.031250
0 0.406250 0.575000 0.031250 0.031250
0 0.082812 0.071875 0.034375 0.031250
0 0.371875 0.687500 0.031250 0.031250
0 0.739062 0.439063 0.028125 0.028125
0 0.196875 0.746875 0.031250 0.031250
0 0.959375 0.193750 0.031250 0.031250
0 0.870313 0.773438 0.028125 0.028125
0 0.470313 0.690625 0.028125 0.031250
0 0.443750 0.400000 0.031250 0.031250
0 0.568750 0.328125 0.031250 0.031250
0 0.593750 0.548438 0.031250 0.028125
0 0.834375 0.325000 0.031250 0.031250
0 0.537500 0.345313 0.031250 0.034375
0 0.918750 0.448437 0.031250 0.028125
0 0.146875 0.365625 0.031250 0.031250
0 0.921875 0.412500 0.031250 0.031250
0 0.526563 0.489063 0.028125 0.028125
0 0.164062 0.690625 0.028125 0.031250
0 0.800000 0.825000 0.031250 0.031250
0 0.750000 0.856250 0.031250 0.031250
0 0.204687 0.337500 0.028125 0.031250
0 0.864062 0.343750 0.028125 0.031250
0 0.490625 0.718750 0.031250 0.031250
0 0.681250 0.750000 0.031250 0.031250
0 0.220312 0.117188 0.034375 0.034375
0 0.896875 0.225000 0.031250 0.031250
0 0.406250 0.518750 0.031250 0.031250
0 0.571875 0.087500 0.031250 0.031250
0 0.923438 0.309375 0.034375 0.031250
0 0.732812 0.717187 0.028125 0.028125
0 0.214062 0.775000 0.028125 0.031250
0 0.634375 0.093750 0.031250 0.031250
0 0.710938 0.454688 0.028125 0.028125
0 0.906250 0.718750 0.031250 0.031250
0 0.459375 0.159375 0.031250 0.031250
0 0.959375 0.262500 0.031250 0.031250
0 0.853125 0.690625 0.031250 0.031250
0 0.600000 0.212500 0.031250 0.031250
0 0.275000 0.278125 0.031250 0.031250
0 0.678125 0.504687 0.031250 0.034375
0 0.618750 0.432812 0.031250 0.028125
0 0.231250 0.803125 0.031250 0.031250
0 0.428125 0.371875 0.031250 0.031250
0 0.515625 0.046875 0.031250 0.031250
0 0.403125 0.689063 0.031250 0.028125
0 0.287500 0.309375 0.031250 0.031250
0 0.406250 0.115625 0.031250 0.031250
0 0.903125 0.156250 0.031250 0.031250
0 0.862500 0.412500 0.031250 0.031250
0 0.334375 0.687500 0.031250 0.031250
0 0.046875 0.246875 0.031250 0.031250
0 0.350000 0.828125 0.031250 0.031250
0 0.593750 0.609375 0.031250 0.031250
0 0.948438 0.432812 0.028125 0.028125
0 0.204687 0.278125 0.028125 0.031250
0 0.681250 0.437500 0.031250 0.031250
0 0.064062 0.162500 0.034375 0.031250
0 0.062500 0.684375 0.031250 0.031250
0 0.081250 0.246875 0.031250 0.031250
0 0.721875 0.146875 0.031250 0.031250
0 0.470313 0.246875 0.034375 0.031250
0 0.325000 0.081250 0.031250 0.031250
0 0.126562 0.628125 0.028125 0.031250
0 0.598437 0.492188 0.034375 0.034375
0 0.315625 0.771875 0.031250 0.031250
0 0.506250 0.803125 0.031250 0.031250
0 0.568750 0.262500 0.031250 0.031250
0 0.364063 0.857812 0.034375 0.034375
0 0.307812 0.278125 0.028125 0.031250
0 0.603125 0.075000 0.031250 0.031250
0 0.134375 0.275000 0.031250 0.031250
0 0.421875 0.046875 0.031250 0.031250
0 0.343750 0.220312 0.031250 0.034375
0 0.781250 0.184375 0.031250 0.031250
0 0.187500 0.250000 0.031250 0.031250
0 0.178125 0.031250 0.031250 0.031250
0 0.948438 0.634375 0.028125 0.031250
0 0.437500 0.803125 0.031250 0.031250
0 0.287500 0.365625 0.031250 0.031250
0 0.318750 0.543750 0.031250 0.031250
0 0.237500 0.339062 0.031250 0.028125
0 0.356250 0.425000 0.031250 0.031250
0 0.214062 0.714063 0.028125 0.028125
0 0.523438 0.831250 0.028125 0.031250
0 0.171875 0.065625 0.031250 0.031250
0 0.918750 0.481250 0.031250 0.031250
0 0.117188 0.128125 0.034375 0.031250
0 0.698438 0.826562 0.028125 0.028125
0 0.765625 0.715625 0.031250 0.031250
0 0.600000 0.109375 0.031250 0.031250
0 0.784375 0.081250 0.031250 0.031250
0 0.737500 0.475000 0.031250 0.031250
0 0.351562 0.718750 0.028125 0.031250
0 0.407813 0.396875 0.028125 0.031250
0 0.351562 0.775000 0.028125 0.031250
0 0.631250 0.125000 0.031250 0.031250
0 0.443750 0.343750 0.031250 0.031250
0 0.332813 0.745313 0.028125 0.028125
0 0.718750 0.215625 0.031250 0.031250
0 0.728125 0.606250 0.031250 0.031250
0 0.590625 0.662500 0.031250 0.031250
0 0.026562 0.506250 0.034375 0.031250
0 0.650000 0.453125 0.031250 0.031250
0 0.928125 0.209375 0.031250 0.031250
0 0.182812 0.829688 0.028125 0.028125
0 0.550000 0.034375 0.031250 0.031250
0 0.459375 0.431250 0.031250 0.031250
0 0.153125 0.246875 0.031250 0.031250
0 0.781250 0.115625 0.031250 0.031250
0 0.896875 0.293750 0.031250 0.031250
0 0.540625 0.803125 0.031250 0.031250
0 0.303125 0.456250 0.031250 0.031250
0 0.362500 0.037500 0.031250 0.031250
0 0.143750 0.715625 0.031250 0.031250
0 0.557813 0.664062 0.028125 0.028125
0 0.167187 0.278125 0.028125 0.031250
0 0.387500 0.059375 0.031250 0.031250
0 0.368750 0.746875 0.031250 0.031250
0 0.807813 0.268750 0.028125 0.031250
0 0.742188 0.575000 0.034375 0.031250
0 0.026562 0.450000 0.028125 0.031250
0 0.540625 0.748437 0.031250 0.028125
0 0.834375 0.287500 0.031250 0.031250
0 0.418750 0.662500 0.031250 0.031250
0 0.490625 0.546875 0.031250 0.031250
0 0.937500 0.531250 0.031250 0.031250
0 0.487500 0.829688 0.031250 0.028125
0 0.043750 0.306250 0.031250 0.031250
0 0.179688 0.718750 0.028125 0.031250
0 0.250000 0.775000 0.031250 0.031250
0 0.331250 0.800000 0.031250 0.031250
0 0.559375 0.548438 0.031250 0.028125
0 0.721875 0.178125 0.031250 0.031250
0 0.475000 0.518750 0.031250 0.031250
0 0.375000 0.456250 0.031250 0.031250
0 0.237500 0.160938 0.031250 0.034375
0 0.031250 0.275000 0.031250 0.031250
0 0.095312 0.746875 0.028125 0.031250
0 0.384375 0.775000 0.031250 0.031250
0 0.903125 0.828125 0.031250 0.031250
0 0.557813 0.607812 0.028125 0.028125
0 0.659375 0.214062 0.031250 0.028125
0 0.756250 0.062500 0.031250 0.031250
0 0.729688 0.546875 0.034375 0.031250
0 0.512500 0.403125 0.031250 0.031250
0 0.825000 0.490625 0.031250 0.031250
0 0.375000 0.128125 0.031250 0.031250
0 0.965625 0.125000 0.031250 0.031250
0 0.153125 0.187500 0.031250 0.031250
0 0.135937 0.157812 0.028125 0.028125
0 0.746875 0.231250 0.031250 0.031250
0 0.385937 0.718750 0.028125 0.031250
0 0.187500 0.187500 0.031250 0.031250
0 0.821875 0.525000 0.031250 0.031250
0 0.118750 0.187500 0.031250 0.031250
0 0.953125 0.362500 0.031250 0.031250
0 0.393750 0.312500 0.031250 0.031250
0 0.782813 0.803125 0.028125 0.031250
0 0.081250 0.303125 0.031250 0.031250
0 0.403125 0.629687 0.031250 0.028125
0 0.306250 0.396875 0.031250 0.031250
0 0.507812 0.295312 0.034375 0.034375
0 0.943750 0.496875 0.031250 0.031250
0 0.868750 0.828125 0.031250 0.031250
0 0.973437 0.829688 0.028125 0.028125
0 0.512500 0.081250 0.031250 0.031250
0 0.600000 0.245312 0.031250 0.034375
0 0.626563 0.828125 0.028125 0.031250
0 0.231250 0.515625 0.031250 0.031250
0 0.801562 0.373437 0.028125 0.028125
0 0.350000 0.106250 0.031250 0.031250
0 0.850000 0.084375 0.031250 0.031250
0 0.662500 0.662500 0.031250 0.031250
0 0.695312 0.664062 0.028125 0.028125
0 0.590625 0.775000 0.031250 0.031250
0 0.146875 0.775000 0.031250 0.031250
0 0.490625 0.604688 0.031250 0.028125
0 0.095312 0.450000 0.028125 0.031250
0 0.046875 0.421875 0.031250 0.031250
0 0.937500 0.718750 0.031250 0.031250
0 0.296875 0.059375 0.031250 0.031250
0 0.081250 0.129688 0.031250 0.034375
0 0.540625 0.690625 0.031250 0.031250
0 0.885938 0.859375 0.034375 0.031250
0 0.903125 0.775000 0.031250 0.031250
0 0.179688 0.776563 0.028125 0.028125
0 0.659375 0.246875 0.031250 0.031250
0 0.904687 0.525000 0.034375 0.031250
0 0.301563 0.515625 0.028125 0.031250
0 0.484375 0.059375 0.031250 0.031250
0 0.782813 0.690625 0.034375 0.031250
0 0.896875 0.328125 0.031250 0.031250
0 0.540625 0.309375 0.031250 0.031250
0 0.318750 0.715625 0.031250 0.031250
0 0.026562 0.214062 0.034375 0.034375
0 0.075000 0.600000 0.031250 0.031250
0 0.387500 0.484375 0.031250 0.031250
0 0.256250 0.309375 0.031250 0.031250
0 0.318750 0.487500 0.031250 0.031250
0 0.870313 0.717187 0.028125 0.028125
0 0.692187 0.128125 0.028125 0.031250
0 0.046875 0.715625 0.031250 0.031250
0 0.368750 0.629687 0.031250 0.028125
0 0.696875 0.025000 0.031250 0.031250
0 0.934375 0.106250 0.031250 0.031250
0 0.646875 0.803125 0.031250 0.031250
0 0.100000 0.159375 0.031250 0.031250
0 0.878125 0.068750 0.031250 0.031250
0 0.250000 0.134375 0.031250 0.031250
0 0.043750 0.537500 0.031250 0.031250
0 0.729688 0.664062 0.028125 0.028125
0 0.112500 0.362500 0.031250 0.031250
0 0.040625 0.656250 0.031250 0.031250
0 0.231250 0.745313 0.031250 0.028125
0 0.078125 0.831250 0.031250 0.031250
0 0.715625 0.689063 0.031250 0.028125
0 0.771875 0.356250 0.031250 0.031250
0 0.885938 0.803125 0.028125 0.031250
0 0.132812 0.334375 0.028125 0.031250
0 0.835938 0.829688 0.028125 0.028125
0 0.281250 0.771875 0.031250 0.031250
0 0.928125 0.659375 0.031250 0.031250
0 0.387500 0.428125 0.031250 0.031250
0 0.593750 0.718750 0.031250 0.031250
0 0.818750 0.859375 0.031250 0.031250
0 0.600000 0.178125 0.031250 0.031250
0 0.334375 0.575000 0.031250 0.031250
0 0.557813 0.775000 0.028125 0.031250
0 0.531250 0.378125 0.031250 0.031250
0 0.470313 0.803125 0.028125 0.031250
0 0.421875 0.775000 0.031250 0.031250
0 0.489063 0.660937 0.028125 0.028125
0 0.162500 0.096875 0.031250 0.031250
0 0.943750 0.575000 0.031250 0.031250
0 0.593750 0.415625 0.031250 0.031250
0 0.298438 0.743750 0.028125 0.031250
0 0.446875 0.225000 0.031250 0.031250
0 0.575000 0.746875 0.031250 0.031250
0 0.028125 0.562500 0.031250 0.031250
0 0.665625 0.040625 0.031250 0.031250
0 0.200000 0.629687 0.031250 0.034375
0 0.660937 0.775000 0.028125 0.031250
0 0.782813 0.150000 0.028125 0.031250
0 0.440625 0.517188 0.031250 0.028125
0 0.784375 0.745313 0.031250 0.028125
0 0.768750 0.771875 0.031250 0.031250
0 0.110937 0.715625 0.028125 0.031250
0 0.479687 0.343750 0.034375 0.031250
0 0.728125 0.043750 0.031250 0.031250
0 0.456250 0.035937 0.031250 0.034375
0 0.057813 0.628125 0.028125 0.031250
0 0.968750 0.775000 0.031250 0.031250
0 0.129688 0.745313 0.028125 0.028125
0 0.678125 0.860938 0.031250 0.034375
0 0.118750 0.025000 0.031250 0.031250
0 0.114062 0.304688 0.028125 0.028125
0 0.403125 0.150000 0.031250 0.031250
0 0.845313 0.121875 0.028125 0.031250
0 0.643750 0.693750 0.031250 0.031250
0 0.523438 0.771875 0.028125 0.031250
0 0.732812 0.829688 0.028125 0.028125
0 0.182812 0.657813 0.028125 0.028125
0 0.450000 0.718750 0.031250 0.031250
0 0.045312 0.831250 0.028125 0.031250
0 0.145313 0.601562 0.028125 0.028125
0 0.420312 0.829688 0.028125 0.028125
0 0.506250 0.578125 0.031250 0.031250
0 0.421875 0.487500 0.031250 0.031250
0 0.956250 0.803125 0.031250 0.031250
0 0.437500 0.690625 0.031250 0.031250
0 0.507812 0.329688 0.034375 0.034375
0 0.625000 0.662500 0.031250 0.031250
0 0.506250 0.859375 0.031250 0.031250
0 0.062500 0.803125 0.031250 0.031250
0 0.510938 0.198437 0.028125 0.028125
0 0.100000 0.331250 0.031250 0.031250
0 0.204687 0.220312 0.028125 0.028125
0 0.334375 0.628125 0.031250 0.031250
0 0.537500 0.137500 0.031250 0.031250
0 0.275000 0.218750 0.031250 0.031250
0 0.104688 0.657813 0.028125 0.028125
0 0.539062 0.245312 0.028125 0.028125
0 0.659375 0.281250 0.031250 0.031250
0 0.679688 0.634375 0.028125 0.031250
0 0.043750 0.360938 0.031250 0.028125
0 0.415625 0.078125 0.031250 0.031250
0 0.218750 0.187500 0.031250 0.031250
0 0.975000 0.450000 0.031250 0.031250
0 0.565625 0.365625 0.031250 0.031250
0 0.920312 0.854688 0.034375 0.034375
0 0.568750 0.231250 0.031250 0.031250
0 0.204687 0.056250 0.034375 0.031250
0 0.401562 0.859375 0.034375 0.031250
0 0.492188 0.026562 0.034375 0.034375
0 0.907813 0.090625 0.028125 0.031250
0 0.312500 0.829688 0.031250 0.028125
0 0.057813 0.746875 0.028125 0.031250
0 0.578125 0.803125 0.031250 0.031250
0 0.715625 0.746875 0.031250 0.031250
0 0.631250 0.159375 0.031250 0.031250
0 0.928125 0.243750 0.031250 0.031250
0 0.165625 0.393750 0.031250 0.031250
0 0.834375 0.718750 0.031250 0.031250
0 0.473438 0.635938 0.028125 0.028125
0 0.748437 0.301563 0.028125 0.028125
0 0.525000 0.606250 0.031250 0.031250
0 0.062500 0.568750 0.031250 0.031250
0 0.818750 0.800000 0.031250 0.031250
0 0.026562 0.162500 0.034375 0.031250
0 0.659375 0.178125 0.031250 0.031250
0 0.956250 0.856250 0.031250 0.031250
0 0.446875 0.281250 0.031250 0.031250
0 0.112500 0.481250 0.031250 0.031250
0 0.573438 0.635938 0.028125 0.028125
0 0.437500 0.631250 0.031250 0.031250
0 0.198437 0.803125 0.028125 0.031250
0 0.887500 0.428125 0.031250 0.031250
0 0.840625 0.189062 0.031250 0.028125
0 0.806250 0.306250 0.031250 0.031250
0 0.075000 0.775000 0.031250 0.031250
0 0.578125 0.018750 0.031250 0.031250
0 0.339062 0.400000 0.028125 0.031250
0 0.298438 0.801562 0.028125 0.028125
0 0.117188 0.246875 0.028125 0.031250
0 0.596875 0.348438 0.031250 0.028125
0 0.714063 0.803125 0.028125 0.031250
0 0.975000 0.484375 0.031250 0.031250
0 0.042188 0.475000 0.028125 0.031250
0 0.921875 0.800000 0.031250 0.031250
0 0.148438 0.484375 0.028125 0.031250
0 0.931250 0.603125 0.031250 0.031250
0 0.610938 0.578125 0.028125 0.031250
0 0.484375 0.178125 0.031250 0.031250
0 0.150000 0.421875 0.031250 0.031250
0 0.750000 0.200000 0.031250 0.031250
0 0.578125 0.518750 0.031250 0.031250
0 0.396875 0.028125 0.031250 0.031250
0 0.793750 0.509375 0.031250 0.031250
0 0.062500 0.506250 0.031250 0.031250
0 0.915625 0.632812 0.031250 0.034375
0 0.340625 0.340625 0.031250 0.031250
0 0.853125 0.746875 0.031250 0.031250
0 0.620313 0.465625 0.028125 0.031250
0 0.679688 0.690625 0.028125 0.031250
0 0.885938 0.690625 0.028125 0.031250
0 0.093750 0.689063 0.031250 0.028125
0 0.060937 0.448437 0.028125 0.028125
0 0.621875 0.396875 0.031250 0.031250
0 0.523438 0.720313 0.028125 0.028125
0 0.907813 0.054688 0.034375 0.034375
0 0.087500 0.039062 0.031250 0.034375
0 0.276562 0.829688 0.028125 0.028125
0 0.707812 0.578125 0.028125 0.031250
0 0.493750 0.487500 0.031250 0.031250
0 0.246875 0.543750 0.031250 0.031250
0 0.595313 0.384375 0.028125 0.031250
0 0.284375 0.543750 0.031250 0.031250
0 0.115625 0.059375 0.031250 0.031250
0 0.337500 0.456250 0.031250 0.031250
0 0.359375 0.312500 0.031250 0.031250
0 0.195312 0.689063 0.028125 0.028125
0 0.028125 0.390625 0.031250 0.031250
0 0.284375 0.485938 0.031250 0.028125
0 0.568750 0.293750 0.031250 0.031250
0 0.206250 0.859375 0.037500 0.037500
0 0.559375 0.831250 0.031250 0.031250
0 0.776563 0.567187 0.034375 0.034375
0 0.626563 0.550000 0.028125 0.031250
0 0.628125 0.296875 0.031250 0.031250
0 0.475000 0.278125 0.031250 0.031250
0 0.365625 0.803125 0.031250 0.031250
0 0.831250 0.428125 0.031250 0.031250
0 0.745313 0.334375 0.028125 0.031250
0 0.351562 0.657813 0.028125 0.028125
0 0.887500 0.462500 0.031250 0.031250
0 0.784375 0.042188 0.031250 0.034375
0 0.329688 0.046875 0.028125 0.031250
0 0.896875 0.662500 0.031250 0.031250
0 0.662500 0.548438 0.031250 0.028125
0 0.454688 0.829688 0.028125 0.028125
0 0.839063 0.220312 0.028125 0.028125
0 0.212500 0.021875 0.031250 0.031250
0 0.770312 0.456250 0.028125 0.031250
0 0.110937 0.831250 0.028125 0.031250
0 0.131250 0.453125 0.031250 0.031250
0 0.507812 0.748437 0.028125 0.028125
0 0.690625 0.162500 0.031250 0.031250
0 0.459375 0.490625 0.031250 0.031250
0 0.051562 0.040625 0.034375 0.037500
0 0.676562 0.578125 0.028125 0.031250
0 0.128125 0.803125 0.031250 0.031250
0 0.915625 0.557813 0.031250 0.034375
0 0.359375 0.193750 0.031250 0.031250
0 0.270313 0.035937 0.034375 0.034375
0 0.329688 0.856250 0.028125 0.031250
0 0.253125 0.365625 0.031250 0.031250
0 0.834375 0.359375 0.031250 0.031250
0 0.473438 0.745313 0.028125 0.028125
0 0.078125 0.537500 0.031250 0.031250
0 0.131250 0.087500 0.031250 0.031250
0 0.387500 0.656250 0.031250 0.031250
0 0.965625 0.603125 0.031250 0.031250
0 0.423438 0.428125 0.028125 0.031250
0 0.471875 0.860938 0.031250 0.034375
0 0.815625 0.100000 0.031250 0.031250
0 0.978125 0.417187 0.031250 0.034375
0 0.764062 0.829688 0.028125 0.028125
0 0.609375 0.693750 0.031250 0.031250
0 0.868750 0.240625 0.031250 0.031250
0 0.093750 0.510938 0.031250 0.028125
0 0.651563 0.385937 0.028125 0.028125
0 0.179688 0.601562 0.028125 0.028125
0 0.109375 0.773438 0.031250 0.028125
0 0.095312 0.859375 0.028125 0.031250
0 0.709375 0.421875 0.031250 0.031250
0 0.093750 0.631250 0.031250 0.031250
0 0.885938 0.745313 0.028125 0.028125
0 0.768750 0.490625 0.031250 0.031250
0 0.631250 0.229687 0.031250 0.034375
0 0.303125 0.021875 0.031250 0.031250
0 0.160938 0.803125 0.028125 0.031250
0 0.100000 0.100000 0.031250 0.031250
0 0.776563 0.318750 0.028125 0.031250
0 0.184375 0.365625 0.031250 0.031250
0 0.867188 0.275000 0.028125 0.031250
0 0.073438 0.657813 0.028125 0.028125
0 0.753125 0.131250 0.031250 0.031250
0 0.196875 0.090625 0.031250 0.031250
0 0.562500 0.400000 0.031250 0.031250
0 0.131250 0.512500 0.031250 0.031250
0 0.042188 0.775000 0.028125 0.031250
0 0.165625 0.571875 0.031250 0.031250
0 0.610938 0.859375 0.028125 0.031250
0 0.370312 0.162500 0.028125 0.031250
0 0.462500 0.370312 0.031250 0.028125
0 0.815625 0.690625 0.031250 0.031250
0 0.215625 0.662500 0.031250 0.031250
0 0.939063 0.828125 0.028125 0.031250
0 0.265625 0.801562 0.031250 0.028125
0 0.509375 0.231250 0.031250 0.031250
0 0.953125 0.328125 0.031250 0.031250
0 0.645312 0.576562 0.028125 0.028125
0 0.754687 0.023438 0.034375 0.034375
0 0.262500 0.068750 0.031250 0.031250
0 0.476562 0.460938 0.028125 0.028125
0 0.651563 0.421875 0.028125 0.031250
0 0.256250 0.100000 0.031250 0.031250
0 0.737500 0.506250 0.031250 0.031250
0 0.026562 0.801562 0.028125 0.028125
0 0.031250 0.103125 0.031250 0.031250
0 0.178125 0.543750 0.031250 0.031250
0 0.621875 0.365625 0.031250 0.031250
0 0.454688 0.543750 0.028125 0.031250
0 0.837500 0.773438 0.031250 0.028125
0 0.646875 0.521875 0.031250 0.031250
0 0.109375 0.600000 0.031250 0.031250
0 0.418750 0.606250 0.031250 0.031250
0 0.145313 0.831250 0.028125 0.031250
0 0.793750 0.595313 0.031250 0.034375
0 0.578125 0.053125 0.031250 0.031250
0 0.800000 0.771875 0.031250 0.031250
0 0.029687 0.335938 0.034375 0.034375
0 0.198437 0.571875 0.028125 0.031250
0 0.162500 0.859375 0.031250 0.031250
0 0.578125 0.860938 0.031250 0.028125
0 0.953125 0.745313 0.031250 0.028125
0 0.021875 0.625000 0.031250 0.031250
0 0.165625 0.454688 0.031250 0.028125
0 0.935937 0.073438 0.034375 0.034375
0 0.796875 0.475000 0.031250 0.031250
0 0.303125 0.631250 0.031250 0.031250
0 0.323437 0.425000 0.028125 0.031250
0 0.709375 0.518750 0.031250 0.031250
0 0.235937 0.043750 0.028125 0.031250
0 0.128125 0.689063 0.031250 0.028125
0 0.937500 0.775000 0.031250 0.031250
0 0.679688 0.801562 0.028125 0.028125
0 0.025000 0.687500 0.031250 0.031250
0 0.254688 0.857812 0.034375 0.034375
0 0.214062 0.546875 0.028125 0.031250
0 0.079687 0.423438 0.028125 0.028125
0 0.853125 0.854688 0.031250 0.028125
0 0.506250 0.260937 0.031250 0.028125
0 0.435937 0.748437 0.028125 0.028125
0 0.615625 0.521875 0.031250 0.031250
0 0.487500 0.775000 0.031250 0.031250
0 0.248438 0.485938 0.028125 0.028125
0 0.760938 0.532813 0.028125 0.028125
0 0.870313 0.542188 0.034375 0.034375
0 0.592187 0.831250 0.028125 0.031250
0 0.828125 0.390625 0.031250 0.031250
0 0.260937 0.689063 0.028125 0.028125
0 0.407813 0.456250 0.028125 0.031250
0 0.317188 0.601562 0.028125 0.028125
0 0.050000 0.075000 0.031250 0.031250
0 0.603125 0.142187 0.031250 0.028125
0 0.860938 0.445312 0.028125 0.028125
0 0.126562 0.859375 0.028125 0.031250
0 0.540625 0.859375 0.031250 0.031250
