0 0.740625 0.550000 0.031250 0.031250
0 0.454688 0.871875 0.028125 0.031250
0 0.715625 0.337500 0.031250 0.031250
0 0.482812 0.889062 0.028125 0.028125
0 0.682813 0.182812 0.028125 0.028125
0 0.543750 0.090625 0.031250 0.031250
0 0.543750 0.126562 0.031250 0.028125
0 0.237500 0.098437 0.031250 0.028125
0 0.475000 0.215625 0.031250 0.031250
0 0.740625 0.584375 0.031250 0.031250
0 0.359375 0.181250 0.031250 0.031250
0 0.128125 0.178125 0.031250 0.031250
0 0.773438 0.337500 0.028125 0.031250
0 0.515625 0.062500 0.031250 0.031250
0 0.601562 0.098437 0.028125 0.028125
0 0.685937 0.810937 0.028125 0.028125
0 0.128125 0.142187 0.031250 0.028125
0 0.781250 0.259375 0.031250 0.031250
0 0.682813 0.645312 0.028125 0.028125
0 0.712500 0.859375 0.031250 0.031250
0 0.685937 0.842187 0.028125 0.028125
0 0.682813 0.873437 0.028125 0.028125
0 0.796875 0.840625 0.031250 0.031250
0 0.510938 0.873437 0.028125 0.028125
0 0.325000 0.187500 0.031250 0.031250
0 0.626563 0.643750 0.028125 0.031250
0 0.189062 0.131250 0.028125 0.031250
0 0.629687 0.082812 0.028125 0.028125
0 0.712500 0.890625 0.031250 0.031250
0 0.685937 0.579688 0.028125 0.028125
0 0.317188 0.067187 0.028125 0.028125
0 0.800000 0.321875 0.031250 0.031250
0 0.409375 0.310937 0.031250 0.028125
0 0.542188 0.826562 0.028125 0.028125
0 0.743750 0.082812 0.031250 0.028125
0 0.628125 0.907813 0.031250 0.028125
0 0.712500 0.167187 0.031250 0.028125
0 0.656250 0.595313 0.031250 0.028125
0 0.462500 0.032813 0.031250 0.028125
0 0.654687 0.196875 0.028125 0.031250
0 0.739062 0.907813 0.028125 0.028125
0 0.629687 0.481250 0.028125 0.031250
0 0.125000 0.689063 0.031250 0.028125
0 0.654687 0.165625 0.028125 0.031250
0 0.579688 0.048438 0.028125 0.028125
0 0.326562 0.290625 0.028125 0.031250
0 0.445312 0.234375 0.028125 0.031250
0 0.204687 0.098437 0.028125 0.028125
0 0.685937 0.776563 0.028125 0.028125
0 0.539062 0.189062 0.028125 0.028125
0 0.096875 0.387500 0.031250 0.031250
0 0.484375 0.856250 0.031250 0.031250
0 0.398438 0.159375 0.034375 0.031250
0 0.567187 0.878125 0.028125 0.031250
0 0.773438 0.404687 0.028125 0.028125
0 0.070312 0.690625 0.028125 0.031250
0 0.518750 0.106250 0.031250 0.031250
0 0.717187 0.467187 0.028125 0.028125
0 0.710938 0.695312 0.028125 0.028125
0 0.685937 0.514062 0.028125 0.028125
0 0.362500 0.212500 0.031250 0.031250
0 0.771875 0.370312 0.031250 0.028125
0 0.684375 0.050000 0.031250 0.031250
0 0.498437 0.298438 0.028125 0.028125
0 0.710938 0.759375 0.028125 0.031250
0 0.153125 0.642188 0.031250 0.028125
0 0.687500 0.481250 0.031250 0.031250
0 0.717187 0.368750 0.028125 0.031250
0 0.743750 0.418750 0.031250 0.031250
0 0.796875 0.875000 0.031250 0.031250
0 0.042188 0.737500 0.028125 0.031250
0 0.773438 0.468750 0.028125 0.031250
0 0.800000 0.287500 0.031250 0.031250
0 0.626563 0.676562 0.028125 0.028125
0 0.417187 0.120313 0.028125 0.028125
0 0.123438 0.564063 0.028125 0.028125
0 0.717187 0.435937 0.028125 0.028125
0 0.323437 0.354687 0.028125 0.028125
0 0.710938 0.726562 0.028125 0.028125
0 0.548438 0.059375 0.028125 0.031250
0 0.481250 0.620313 0.031250 0.028125
0 0.468750 0.281250 0.031250 0.031250
0 0.804688 0.139063 0.028125 0.028125
0 0.182812 0.173437 0.028125 0.028125
0 0.331250 0.225000 0.031250 0.031250
0 0.156250 0.071875 0.031250 0.031250
0 0.093750 0.071875 0.031250 0.031250
0 0.775000 0.121875 0.031250 0.031250
0 0.540625 0.860938 0.031250 0.028125
0 0.354687 0.304688 0.028125 0.028125
0 0.603125 0.432812 0.031250 0.028125
0 0.539062 0.592187 0.028125 0.028125
0 0.596875 0.895312 0.031250 0.028125
0 0.439063 0.293750 0.028125 0.031250
0 0.714063 0.035937 0.028125 0.028125
0 0.725000 0.260937 0.031250 0.034375
0 0.742188 0.181250 0.028125 0.031250
0 0.351562 0.857812 0.028125 0.028125
0 0.100000 0.803125 0.031250 0.031250
0 0.801562 0.170313 0.028125 0.028125
0 0.098437 0.770312 0.028125 0.028125
0 0.712500 0.628125 0.031250 0.031250
0 0.801562 0.201563 0.028125 0.028125
0 0.754687 0.278125 0.028125 0.031250
0 0.514062 0.843750 0.028125 0.031250
0 0.682813 0.710938 0.028125 0.028125
0 0.628125 0.117188 0.031250 0.028125
0 0.451562 0.904687 0.028125 0.028125
0 0.379688 0.323437 0.028125 0.028125
0 0.539062 0.689063 0.028125 0.028125
0 0.067187 0.501563 0.028125 0.028125
0 0.578125 0.353125 0.031250 0.031250
0 0.392188 0.195312 0.028125 0.028125
0 0.510938 0.170313 0.028125 0.028125
0 0.253125 0.128125 0.031250 0.031250
0 0.154688 0.804688 0.028125 0.028125
0 0.542188 0.526563 0.028125 0.028125
0 0.682813 0.676562 0.028125 0.028125
0 0.681250 0.215625 0.031250 0.031250
0 0.240625 0.162500 0.031250 0.031250
0 0.598437 0.129688 0.028125 0.028125
0 0.603125 0.740625 0.031250 0.031250
0 0.484375 0.115625 0.031250 0.031250
0 0.626563 0.710938 0.028125 0.028125
0 0.182812 0.273438 0.028125 0.028125
0 0.739062 0.840625 0.028125 0.031250
0 0.500000 0.267188 0.031250 0.028125
0 0.660937 0.401562 0.028125 0.028125
0 0.059375 0.071875 0.031250 0.031250
0 0.620313 0.248438 0.028125 0.028125
0 0.767188 0.793750 0.028125 0.031250
0 0.042188 0.292187 0.028125 0.028125
0 0.685937 0.614062 0.028125 0.028125
0 0.745313 0.351562 0.028125 0.028125
0 0.040625 0.420312 0.031250 0.028125
0 0.096875 0.706250 0.031250 0.031250
0 0.567187 0.571875 0.028125 0.031250
0 0.626563 0.150000 0.028125 0.031250
0 0.743750 0.118750 0.031250 0.031250
0 0.685937 0.545312 0.028125 0.028125
0 0.725000 0.293750 0.031250 0.031250
0 0.123438 0.500000 0.028125 0.031250
0 0.421875 0.953125 0.031250 0.031250
0 0.603125 0.464062 0.031250 0.028125
0 0.773438 0.184375 0.028125 0.031250
0 0.629687 0.545312 0.028125 0.028125
0 0.657813 0.532813 0.028125 0.028125
0 0.573438 0.079687 0.028125 0.028125
0 0.440625 0.264062 0.031250 0.028125
0 0.367188 0.039062 0.028125 0.028125
0 0.682813 0.907813 0.028125 0.028125
0 0.271875 0.221875 0.031250 0.031250
0 0.740625 0.050000 0.031250 0.031250
0 0.378125 0.357812 0.031250 0.028125
0 0.235937 0.692187 0.028125 0.028125
0 0.685937 0.148438 0.028125 0.028125
0 0.739062 0.743750 0.028125 0.031250
0 0.659375 0.368750 0.031250 0.031250
0 0.451562 0.937500 0.028125 0.031250
0 0.039062 0.357812 0.028125 0.028125
0 0.598437 0.589063 0.028125 0.028125
0 0.685937 0.451562 0.028125 0.028125
0 0.712500 0.596875 0.031250 0.031250
0 0.515625 0.509375 0.031250 0.031250
0 0.182812 0.206250 0.028125 0.031250
0 0.639062 0.321875 0.028125 0.031250
0 0.656250 0.628125 0.031250 0.031250
0 0.042188 0.835938 0.028125 0.028125
0 0.334375 0.040625 0.031250 0.031250
0 0.660937 0.467187 0.028125 0.028125
0 0.182812 0.820312 0.028125 0.028125
0 0.707812 0.231250 0.028125 0.031250
0 0.182812 0.851562 0.028125 0.028125
0 0.573438 0.479687 0.028125 0.028125
0 0.378125 0.387500 0.031250 0.031250
0 0.435937 0.360938 0.028125 0.028125
0 0.429688 0.092188 0.028125 0.028125
0 0.714063 0.564063 0.028125 0.028125
0 0.696875 0.275000 0.031250 0.031250
0 0.535937 0.656250 0.028125 0.031250
0 0.800000 0.354687 0.031250 0.028125
0 0.353125 0.123438 0.031250 0.028125
0 0.357812 0.275000 0.028125 0.031250
0 0.429688 0.556250 0.028125 0.031250
0 0.710938 0.134375 0.028125 0.031250
0 0.140625 0.100000 0.031250 0.031250
0 0.689063 0.385937 0.028125 0.028125
0 0.770312 0.153125 0.028125 0.031250
0 0.171875 0.098437 0.031250 0.028125
0 0.495312 0.032813 0.028125 0.028125
0 0.540625 0.157812 0.031250 0.028125
0 0.567187 0.634375 0.028125 0.031250
0 0.625000 0.214062 0.031250 0.028125
0 0.210938 0.901563 0.028125 0.028125
0 0.739062 0.939063 0.028125 0.028125
0 0.535937 0.623437 0.028125 0.028125
0 0.351562 0.339062 0.028125 0.028125
0 0.210938 0.835938 0.028125 0.028125
0 0.071875 0.276562 0.031250 0.028125
0 0.251563 0.071875 0.028125 0.031250
0 0.406250 0.407813 0.031250 0.028125
0 0.770312 0.565625 0.028125 0.031250
0 0.567187 0.175000 0.028125 0.031250
0 0.742188 0.875000 0.028125 0.031250
0 0.220312 0.070312 0.028125 0.028125
0 0.773438 0.435937 0.028125 0.028125
0 0.800000 0.387500 0.031250 0.031250
0 0.743750 0.482812 0.031250 0.028125
0 0.450000 0.115625 0.031250 0.031250
0 0.407813 0.342187 0.028125 0.028125
0 0.753125 0.243750 0.031250 0.031250
0 0.337500 0.156250 0.031250 0.031250
0 0.479687 0.060937 0.028125 0.028125
0 0.103125 0.634375 0.031250 0.031250
0 0.126562 0.725000 0.028125 0.031250
0 0.182812 0.242188 0.028125 0.028125
0 0.510938 0.573438 0.028125 0.028125
0 0.740625 0.214062 0.031250 0.028125
0 0.651563 0.229687 0.028125 0.028125
0 0.592187 0.226562 0.028125 0.028125
0 0.482812 0.556250 0.028125 0.031250
0 0.710938 0.923438 0.028125 0.028125
0 0.632812 0.385937 0.028125 0.028125
0 0.064062 0.593750 0.028125 0.031250
0 0.668750 0.290625 0.031250 0.031250
0 0.239063 0.853125 0.028125 0.031250
0 0.657813 0.760938 0.028125 0.028125
0 0.126562 0.754687 0.028125 0.028125
0 0.221875 0.128125 0.031250 0.031250
0 0.320312 0.385937 0.028125 0.028125
0 0.775000 0.090625 0.031250 0.031250
0 0.384375 0.120313 0.031250 0.028125
0 0.601562 0.526563 0.028125 0.028125
0 0.437500 0.328125 0.031250 0.031250
0 0.654687 0.728125 0.028125 0.031250
0 0.410938 0.278125 0.028125 0.031250
0 0.140625 0.042188 0.031250 0.028125
0 0.181250 0.339062 0.031250 0.028125
0 0.739062 0.776563 0.028125 0.028125
0 0.042188 0.482812 0.028125 0.028125
0 0.598437 0.620313 0.028125 0.028125
0 0.467187 0.345313 0.028125 0.028125
0 0.714063 0.067187 0.028125 0.028125
0 0.717187 0.101562 0.028125 0.028125
0 0.770312 0.532813 0.028125 0.028125
0 0.070312 0.785937 0.028125 0.028125
0 0.712500 0.826562 0.031250 0.028125
0 0.653125 0.040625 0.031250 0.031250
0 0.801562 0.104688 0.028125 0.028125
0 0.242188 0.270313 0.028125 0.028125
0 0.629687 0.514062 0.028125 0.028125
0 0.240625 0.240625 0.031250 0.031250
0 0.265625 0.187500 0.031250 0.031250
0 0.687500 0.085938 0.031250 0.028125
0 0.351562 0.065625 0.028125 0.031250
0 0.554688 0.301563 0.028125 0.028125
0 0.153125 0.770312 0.031250 0.028125
0 0.471875 0.248438 0.031250 0.028125
0 0.775000 0.059375 0.031250 0.031250
0 0.479687 0.153125 0.028125 0.031250
0 0.095312 0.485938 0.028125 0.028125
0 0.212500 0.223438 0.031250 0.028125
0 0.426563 0.620313 0.028125 0.028125
0 0.801562 0.234375 0.028125 0.031250
0 0.093750 0.521875 0.031250 0.031250
0 0.321875 0.420312 0.031250 0.028125
0 0.509375 0.137500 0.031250 0.031250
0 0.467187 0.314063 0.028125 0.028125
0 0.739062 0.645312 0.028125 0.028125
0 0.767188 0.859375 0.028125 0.031250
0 0.803125 0.071875 0.031250 0.031250
0 0.106250 0.042188 0.031250 0.028125
0 0.095312 0.603125 0.028125 0.031250
0 0.743750 0.318750 0.031250 0.031250
0 0.403125 0.471875 0.031250 0.031250
0 0.042188 0.867188 0.028125 0.028125
0 0.125000 0.070312 0.031250 0.028125
0 0.182812 0.884375 0.028125 0.031250
0 0.400000 0.570312 0.031250 0.028125
0 0.457813 0.604688 0.028125 0.028125
0 0.184375 0.568750 0.031250 0.031250
0 0.743750 0.517188 0.031250 0.028125
0 0.689063 0.418750 0.028125 0.031250
0 0.426563 0.920312 0.028125 0.028125
0 0.181250 0.306250 0.031250 0.031250
0 0.209375 0.642188 0.031250 0.028125
0 0.376563 0.876563 0.028125 0.028125
0 0.098437 0.257812 0.028125 0.028125
0 0.739062 0.710938 0.028125 0.028125
0 0.351562 0.373437 0.028125 0.028125
0 0.385937 0.260937 0.028125 0.028125
0 0.067187 0.403125 0.028125 0.031250
0 0.714063 0.498437 0.028125 0.028125
0 0.771875 0.303125 0.031250 0.031250
0 0.514062 0.542188 0.028125 0.028125
0 0.623437 0.181250 0.028125 0.031250
0 0.570312 0.604688 0.028125 0.028125
0 0.154688 0.935937 0.028125 0.028125
0 0.657813 0.562500 0.028125 0.031250
0 0.453125 0.168750 0.031250 0.031250
0 0.509375 0.704688 0.031250 0.028125
0 0.209375 0.157812 0.031250 0.028125
0 0.425000 0.889062 0.031250 0.028125
0 0.431250 0.034375 0.031250 0.031250
0 0.526563 0.282813 0.028125 0.028125
0 0.710938 0.660937 0.028125 0.028125
0 0.348438 0.404687 0.028125 0.028125
0 0.153125 0.737500 0.031250 0.031250
0 0.598437 0.557813 0.028125 0.028125
0 0.628125 0.610938 0.031250 0.028125
0 0.495312 0.332813 0.028125 0.028125
0 0.154688 0.704688 0.028125 0.028125
0 0.464062 0.087500 0.028125 0.031250
0 0.206250 0.482812 0.031250 0.028125
0 0.651563 0.260937 0.028125 0.028125
0 0.335938 0.095312 0.028125 0.028125
0 0.479687 0.923438 0.028125 0.028125
0 0.292187 0.401562 0.028125 0.028125
0 0.039062 0.385937 0.028125 0.028125
0 0.070312 0.339062 0.028125 0.028125
0 0.206250 0.448437 0.031250 0.028125
0 0.451562 0.970313 0.028125 0.028125
0 0.320312 0.517188 0.028125 0.028125
0 0.389062 0.228125 0.028125 0.031250
0 0.534375 0.221875 0.031250 0.031250
0 0.773438 0.218750 0.028125 0.031250
0 0.320312 0.484375 0.028125 0.031250
0 0.181250 0.621875 0.031250 0.031250
0 0.628125 0.576562 0.031250 0.028125
0 0.400000 0.603125 0.031250 0.031250
0 0.154688 0.901563 0.028125 0.028125
0 0.507812 0.607812 0.028125 0.028125
0 0.187500 0.071875 0.031250 0.031250
0 0.326562 0.257812 0.028125 0.028125
0 0.098437 0.835938 0.028125 0.028125
0 0.179688 0.532813 0.028125 0.028125
0 0.710938 0.200000 0.028125 0.031250
0 0.507812 0.670312 0.028125 0.028125
0 0.154688 0.223438 0.028125 0.028125
0 0.623437 0.940625 0.028125 0.031250
0 0.106250 0.100000 0.031250 0.031250
0 0.596875 0.864062 0.031250 0.028125
0 0.154688 0.290625 0.028125 0.031250
0 0.403125 0.862500 0.031250 0.031250
0 0.298438 0.273438 0.028125 0.028125
0 0.073438 0.043750 0.028125 0.031250
0 0.717187 0.404687 0.028125 0.028125
0 0.403125 0.503125 0.031250 0.031250
0 0.596875 0.164062 0.031250 0.028125
0 0.096875 0.421875 0.031250 0.031250
0 0.070312 0.851562 0.028125 0.028125
0 0.793750 0.776563 0.031250 0.028125
0 0.207813 0.546875 0.028125 0.031250
0 0.295312 0.368750 0.028125 0.031250
0 0.523438 0.315625 0.028125 0.031250
0 0.406250 0.375000 0.031250 0.031250
0 0.403125 0.829688 0.031250 0.028125
0 0.300000 0.096875 0.031250 0.031250
0 0.270313 0.257812 0.028125 0.028125
0 0.601562 0.495312 0.028125 0.028125
0 0.770312 0.501563 0.028125 0.028125
0 0.318750 0.121875 0.031250 0.031250
0 0.070312 0.307812 0.028125 0.028125
0 0.126562 0.785937 0.028125 0.028125
0 0.273438 0.154688 0.028125 0.028125
0 0.071875 0.146875 0.031250 0.031250
0 0.509375 0.204687 0.031250 0.028125
0 0.289062 0.529687 0.028125 0.028125
0 0.657813 0.071875 0.028125 0.031250
0 0.125000 0.596875 0.031250 0.031250
0 0.179688 0.370312 0.028125 0.028125
0 0.070312 0.820312 0.028125 0.028125
0 0.153125 0.673438 0.031250 0.028125
0 0.629687 0.776563 0.028125 0.028125
0 0.564063 0.209375 0.028125 0.031250
0 0.687500 0.353125 0.031250 0.031250
0 0.285938 0.125000 0.028125 0.031250
0 0.075000 0.106250 0.031250 0.031250
0 0.264062 0.514062 0.028125 0.028125
0 0.620313 0.971875 0.028125 0.031250
0 0.376563 0.842187 0.028125 0.028125
0 0.429688 0.654687 0.028125 0.028125
0 0.681250 0.246875 0.031250 0.031250
0 0.039062 0.451562 0.028125 0.028125
0 0.292187 0.467187 0.028125 0.028125
0 0.395313 0.901563 0.028125 0.028125
0 0.571875 0.542188 0.031250 0.028125
0 0.659375 0.500000 0.031250 0.031250
0 0.654687 0.692187 0.028125 0.028125
0 0.240625 0.206250 0.031250 0.031250
0 0.417187 0.214062 0.028125 0.028125
0 0.454688 0.635938 0.028125 0.028125
0 0.743750 0.387500 0.031250 0.031250
0 0.484375 0.589063 0.031250 0.028125
0 0.765625 0.631250 0.031250 0.031250
0 0.796875 0.678125 0.031250 0.031250
0 0.603125 0.067187 0.031250 0.028125
0 0.660937 0.435937 0.028125 0.028125
0 0.239063 0.301563 0.028125 0.028125
0 0.070312 0.242188 0.028125 0.028125
0 0.126562 0.820312 0.028125 0.028125
0 0.210938 0.254688 0.028125 0.028125
0 0.268750 0.098437 0.031250 0.028125
0 0.123438 0.529687 0.028125 0.028125
0 0.126562 0.917188 0.028125 0.028125
0 0.262500 0.481250 0.031250 0.031250
0 0.129688 0.882812 0.028125 0.028125
0 0.831250 0.312500 0.031250 0.031250
0 0.284375 0.067187 0.031250 0.028125
0 0.654687 0.795312 0.028125 0.028125
0 0.151562 0.546875 0.028125 0.031250
0 0.398438 0.034375 0.028125 0.031250
0 0.400000 0.639062 0.025000 0.028125
0 0.570312 0.815625 0.028125 0.031250
0 0.268750 0.289062 0.031250 0.028125
0 0.657813 0.132812 0.028125 0.028125
0 0.520312 0.348438 0.028125 0.028125
0 0.154688 0.257812 0.028125 0.028125
0 0.151562 0.578125 0.028125 0.031250
0 0.043750 0.165625 0.031250 0.031250
0 0.071875 0.210938 0.031250 0.028125
0 0.098437 0.354687 0.028125 0.028125
0 0.428125 0.150000 0.031250 0.031250
0 0.603125 0.401562 0.031250 0.028125
0 0.767188 0.662500 0.028125 0.031250
0 0.123438 0.467187 0.028125 0.028125
0 0.151562 0.514062 0.028125 0.028125
0 0.570312 0.846875 0.028125 0.031250
0 0.714063 0.529687 0.028125 0.028125
0 0.632812 0.420312 0.028125 0.028125
0 0.234375 0.465625 0.031250 0.031250
0 0.445312 0.060937 0.028125 0.028125
0 0.070312 0.721875 0.028125 0.031250
0 0.095312 0.451562 0.028125 0.028125
0 0.098437 0.737500 0.028125 0.031250
0 0.620313 0.042188 0.028125 0.028125
0 0.382812 0.292187 0.028125 0.028125
0 0.126562 0.307812 0.028125 0.028125
0 0.237500 0.335938 0.031250 0.028125
0 0.431250 0.848437 0.031250 0.028125
0 0.326562 0.320312 0.028125 0.028125
0 0.592187 0.926562 0.028125 0.028125
0 0.507812 0.639062 0.028125 0.028125
0 0.348438 0.501563 0.028125 0.028125
0 0.506250 0.971875 0.031250 0.031250
0 0.435937 0.392188 0.028125 0.028125
0 0.371875 0.621875 0.031250 0.031250
0 0.745313 0.451562 0.028125 0.028125
0 0.415625 0.064062 0.031250 0.028125
0 0.676562 0.940625 0.028125 0.031250
0 0.129688 0.207813 0.028125 0.028125
0 0.573438 0.448437 0.028125 0.028125
0 0.607812 0.367188 0.028125 0.028125
0 0.382812 0.065625 0.028125 0.031250
0 0.348438 0.437500 0.028125 0.031250
0 0.295312 0.306250 0.028125 0.031250
0 0.682813 0.742188 0.028125 0.028125
0 0.206250 0.514062 0.031250 0.028125
0 0.551562 0.332813 0.028125 0.028125
0 0.260937 0.545312 0.028125 0.028125
0 0.739062 0.679688 0.028125 0.028125
0 0.234375 0.500000 0.031250 0.031250
0 0.587500 0.257812 0.031250 0.028125
0 0.582812 0.289062 0.028125 0.028125
0 0.129688 0.851562 0.028125 0.028125
0 0.795312 0.743750 0.028125 0.031250
0 0.479687 0.957812 0.028125 0.028125
0 0.129688 0.242188 0.028125 0.028125
0 0.767188 0.728125 0.028125 0.031250
0 0.357812 0.243750 0.028125 0.031250
0 0.101562 0.901563 0.028125 0.028125
0 0.767188 0.759375 0.028125 0.031250
0 0.448437 0.201563 0.028125 0.028125
0 0.179688 0.500000 0.028125 0.031250
0 0.515625 0.809375 0.031250 0.031250
0 0.456250 0.540625 0.031250 0.031250
0 0.328125 0.609375 0.031250 0.031250
0 0.346875 0.534375 0.031250 0.031250
0 0.482812 0.656250 0.028125 0.031250
0 0.685937 0.117188 0.028125 0.028125
0 0.373437 0.654687 0.028125 0.028125
0 0.798438 0.807813 0.028125 0.028125
0 0.595313 0.196875 0.028125 0.031250
0 0.126562 0.370312 0.028125 0.028125
0 0.712500 0.795312 0.031250 0.028125
0 0.179688 0.689063 0.028125 0.028125
0 0.570312 0.110937 0.028125 0.028125
0 0.235937 0.432812 0.028125 0.028125
0 0.367188 0.095312 0.028125 0.028125
0 0.042188 0.801562 0.028125 0.028125
0 0.556250 0.270313 0.031250 0.028125
0 0.237500 0.601562 0.031250 0.028125
0 0.571875 0.753125 0.031250 0.031250
0 0.215625 0.575000 0.031250 0.031250
0 0.264062 0.417187 0.028125 0.028125
0 0.157812 0.131250 0.028125 0.031250
0 0.267188 0.353125 0.028125 0.025000
0 0.515625 0.478125 0.031250 0.031250
0 0.151562 0.482812 0.028125 0.028125
0 0.151562 0.418750 0.028125 0.031250
0 0.654687 0.857812 0.028125 0.028125
0 0.485938 0.523438 0.028125 0.028125
0 0.296875 0.179688 0.031250 0.028125
0 0.800000 0.485938 0.031250 0.028125
0 0.123438 0.401562 0.028125 0.028125
0 0.671875 0.325000 0.031250 0.031250
0 0.067187 0.437500 0.028125 0.031250
0 0.598437 0.770312 0.028125 0.028125
0 0.045312 0.228125 0.028125 0.031250
0 0.179688 0.401562 0.028125 0.028125
0 0.460938 0.379688 0.028125 0.028125
0 0.320312 0.870313 0.028125 0.028125
0 0.607812 0.335938 0.028125 0.028125
0 0.212500 0.189062 0.031250 0.028125
0 0.042188 0.043750 0.028125 0.031250
0 0.457813 0.507812 0.028125 0.028125
0 0.359375 0.595313 0.031250 0.034375
0 0.239063 0.401562 0.028125 0.028125
0 0.154688 0.192188 0.028125 0.028125
0 0.071875 0.626563 0.031250 0.028125
0 0.042188 0.326562 0.028125 0.028125
0 0.771875 0.596875 0.031250 0.031250
0 0.210938 0.351562 0.028125 0.028125
0 0.829688 0.343750 0.034375 0.031250
0 0.201563 0.045312 0.028125 0.028125
0 0.292187 0.435937 0.028125 0.028125
0 0.210938 0.870313 0.028125 0.028125
0 0.067187 0.373437 0.028125 0.028125
0 0.348438 0.468750 0.028125 0.031250
0 0.098437 0.228125 0.028125 0.031250
0 0.089063 0.571875 0.028125 0.031250
0 0.423438 0.184375 0.028125 0.031250
0 0.207813 0.675000 0.028125 0.031250
0 0.267188 0.901563 0.028125 0.028125
0 0.018750 0.787500 0.031250 0.031250
0 0.576562 0.384375 0.028125 0.031250
0 0.632812 0.353125 0.028125 0.031250
0 0.267188 0.835938 0.028125 0.028125
0 0.098437 0.323437 0.028125 0.028125
0 0.571875 0.784375 0.031250 0.031250
0 0.182812 0.917188 0.028125 0.028125
0 0.492188 0.364063 0.028125 0.028125
0 0.570312 0.143750 0.028125 0.031250
0 0.540625 0.753125 0.031250 0.031250
0 0.070312 0.914062 0.028125 0.028125
0 0.570312 0.510938 0.028125 0.028125
0 0.401562 0.670312 0.028125 0.028125
0 0.545312 0.492188 0.028125 0.028125
0 0.429688 0.523438 0.028125 0.028125
0 0.825000 0.739062 0.031250 0.034375
0 0.539062 0.895312 0.028125 0.028125
0 0.264062 0.673438 0.028125 0.028125
0 0.300000 0.243750 0.031250 0.031250
0 0.539062 0.560937 0.028125 0.028125
0 0.431250 0.489063 0.031250 0.028125
0 0.101562 0.192188 0.028125 0.028125
0 0.179688 0.657813 0.028125 0.028125
0 0.098437 0.160938 0.028125 0.028125
0 0.126562 0.339062 0.028125 0.028125
0 0.289062 0.657813 0.028125 0.028125
0 0.800000 0.451562 0.031250 0.028125
0 0.154688 0.321875 0.028125 0.031250
0 0.207813 0.382812 0.028125 0.028125
0 0.498437 0.085938 0.028125 0.028125
0 0.654687 0.889062 0.028125 0.028125
0 0.454688 0.675000 0.028125 0.031250
0 0.564063 0.975000 0.028125 0.031250
0 0.154688 0.354687 0.028125 0.028125
0 0.239063 0.917188 0.028125 0.028125
0 0.154688 0.867188 0.028125 0.028125
0 0.212500 0.803125 0.031250 0.031250
0 0.540625 0.789062 0.031250 0.028125
0 0.831250 0.278125 0.031250 0.031250
0 0.503125 0.232813 0.031250 0.028125
0 0.101562 0.867188 0.028125 0.028125
0 0.632812 0.451562 0.028125 0.028125
0 0.559375 0.239063 0.031250 0.028125
0 0.025000 0.018750 0.031250 0.031250
0 0.042188 0.260937 0.028125 0.028125
0 0.100000 0.131250 0.031250 0.031250
0 0.045312 0.195312 0.028125 0.028125
0 0.765625 0.695312 0.031250 0.028125
0 0.404687 0.535937 0.028125 0.028125
0 0.235937 0.529687 0.028125 0.028125
0 0.239063 0.367188 0.028125 0.028125
0 0.067187 0.467187 0.028125 0.028125
0 0.306250 0.151562 0.031250 0.028125
0 0.345313 0.639062 0.028125 0.028125
0 0.295312 0.337500 0.028125 0.031250
0 0.582812 0.320312 0.028125 0.028125
0 0.267188 0.320312 0.028125 0.028125
0 0.546875 0.431250 0.031250 0.031250
0 0.545312 0.462500 0.028125 0.031250
0 0.651563 0.956250 0.028125 0.031250
0 0.292187 0.498437 0.028125 0.028125
0 0.801562 0.421875 0.028125 0.031250
0 0.179688 0.467187 0.028125 0.028125
0 0.026562 0.075000 0.028125 0.031250
0 0.070312 0.754687 0.028125 0.028125
0 0.767188 0.921875 0.028125 0.031250
0 0.043750 0.100000 0.031250 0.031250
0 0.796875 0.907813 0.031250 0.028125
0 0.267188 0.042188 0.028125 0.028125
0 0.739062 0.150000 0.028125 0.031250
0 0.260937 0.579688 0.028125 0.028125
0 0.239063 0.885938 0.028125 0.028125
0 0.526563 0.031250 0.028125 0.031250
0 0.262500 0.637500 0.031250 0.031250
0 0.373437 0.550000 0.028125 0.031250
0 0.187500 0.015625 0.031250 0.031250
0 0.654687 0.659375 0.028125 0.031250
0 0.123438 0.435937 0.028125 0.028125
0 0.739062 0.614062 0.028125 0.028125
0 0.657813 0.826562 0.028125 0.028125
0 0.367188 0.150000 0.028125 0.031250
0 0.762500 0.026562 0.031250 0.028125
0 0.376563 0.485938 0.028125 0.028125
0 0.179688 0.432812 0.028125 0.028125
0 0.793750 0.712500 0.031250 0.031250
0 0.171875 0.042188 0.031250 0.028125
0 0.042188 0.898438 0.028125 0.028125
0 0.181250 0.754687 0.031250 0.028125
0 0.315625 0.673438 0.031250 0.028125
0 0.398438 0.092188 0.028125 0.028125
0 0.520312 0.414062 0.028125 0.028125
0 0.510938 0.737500 0.028125 0.031250
0 0.303125 0.209375 0.031250 0.031250
0 0.265625 0.450000 0.031250 0.031250
0 0.056250 0.562500 0.031250 0.031250
0 0.626563 0.876563 0.028125 0.028125
0 0.767188 0.826562 0.028125 0.028125
0 0.482812 0.182812 0.028125 0.028125
0 0.507812 0.940625 0.028125 0.031250
0 0.548438 0.367188 0.028125 0.028125
0 0.207813 0.417187 0.028125 0.028125
0 0.267188 0.934375 0.028125 0.031250
0 0.042188 0.768750 0.028125 0.031250
0 0.610938 0.306250 0.028125 0.031250
0 0.123438 0.654687 0.028125 0.028125
0 0.520312 0.379688 0.028125 0.028125
0 0.315625 0.642188 0.031250 0.028125
0 0.017188 0.212500 0.028125 0.031250
0 0.414062 0.245312 0.028125 0.028125
0 0.595313 0.650000 0.028125 0.031250
0 0.239063 0.820312 0.028125 0.028125
0 0.376563 0.421875 0.028125 0.031250
0 0.154688 0.837500 0.028125 0.031250
0 0.567187 0.664062 0.028125 0.028125
0 0.042188 0.704688 0.028125 0.028125
0 0.071875 0.179688 0.031250 0.028125
0 0.392188 0.968750 0.028125 0.031250
0 0.126562 0.275000 0.028125 0.025000
0 0.209375 0.609375 0.031250 0.031250
0 0.290625 0.689063 0.025000 0.028125
0 0.153125 0.610938 0.031250 0.028125
0 0.057813 0.017188 0.028125 0.028125
0 0.796875 0.643750 0.031250 0.031250
0 0.768750 0.889062 0.031250 0.028125
0 0.528125 0.253125 0.031250 0.031250
0 0.373437 0.518750 0.028125 0.031250
0 0.825000 0.771875 0.031250 0.031250
0 0.829688 0.246875 0.034375 0.031250
0 0.796875 0.017188 0.031250 0.034375
0 0.376563 0.451562 0.028125 0.028125
0 0.235937 0.042188 0.028125 0.028125
0 0.742188 0.809375 0.028125 0.031250
0 0.535937 0.956250 0.028125 0.031250
0 0.698438 0.307812 0.028125 0.028125
0 0.156250 0.015625 0.031250 0.031250
0 0.235937 0.654687 0.028125 0.028125
0 0.731250 0.971875 0.031250 0.031250
0 0.432812 0.425000 0.028125 0.031250
0 0.395313 0.934375 0.028125 0.031250
0 0.320312 0.451562 0.028125 0.028125
0 0.704688 0.954688 0.028125 0.028125
0 0.090625 0.015625 0.031250 0.031250
0 0.323437 0.835938 0.028125 0.028125
0 0.459375 0.475000 0.031250 0.031250
0 0.098437 0.289062 0.028125 0.028125
0 0.154688 0.385937 0.028125 0.028125
0 0.121875 0.015625 0.031250 0.031250
0 0.565625 0.725000 0.031250 0.031250
0 0.210938 0.317188 0.028125 0.028125
0 0.040625 0.615625 0.031250 0.031250
0 0.346875 0.565625 0.031250 0.031250
0 0.489063 0.492188 0.028125 0.028125
0 0.676562 0.973437 0.028125 0.028125
0 0.590625 0.957812 0.031250 0.028125
0 0.426563 0.587500 0.028125 0.031250
0 0.825000 0.890625 0.031250 0.031250
0 0.517188 0.445312 0.028125 0.028125
0 0.218750 0.015625 0.031250 0.031250
0 0.053125 0.531250 0.031250 0.031250
0 0.403125 0.439063 0.031250 0.028125
0 0.207813 0.706250 0.028125 0.031250
0 0.210938 0.285938 0.028125 0.028125
0 0.021875 0.565625 0.031250 0.031250
0 0.017188 0.848437 0.028125 0.028125
0 0.156250 0.159375 0.031250 0.031250
0 0.032813 0.673438 0.034375 0.034375
0 0.639062 0.290625 0.028125 0.031250
0 0.026562 0.515625 0.034375 0.031250
0 0.825000 0.856250 0.031250 0.031250
0 0.798438 0.546875 0.028125 0.031250
0 0.546875 0.398438 0.031250 0.028125
0 0.767188 0.956250 0.028125 0.031250
0 0.264062 0.382812 0.028125 0.028125
0 0.295312 0.854688 0.028125 0.028125
0 0.017188 0.179688 0.028125 0.028125
0 0.828125 0.090625 0.031250 0.031250
0 0.825000 0.825000 0.031250 0.031250
0 0.042188 0.931250 0.028125 0.031250
0 0.070312 0.882812 0.028125 0.028125
0 0.460938 0.835938 0.028125 0.028125
0 0.595313 0.681250 0.028125 0.031250
0 0.182812 0.787500 0.028125 0.031250
0 0.300000 0.042188 0.031250 0.028125
0 0.826562 0.654687 0.034375 0.034375
0 0.381250 0.807813 0.031250 0.028125
0 0.351562 0.823438 0.028125 0.028125
0 0.492188 0.393750 0.028125 0.031250
0 0.017188 0.243750 0.028125 0.031250
0 0.079687 0.659375 0.028125 0.031250
0 0.154688 0.448437 0.028125 0.028125
0 0.014063 0.882812 0.028125 0.028125
0 0.346875 0.671875 0.031250 0.031250
0 0.834375 0.059375 0.031250 0.031250
0 0.595313 0.710938 0.028125 0.028125
0 0.017188 0.753125 0.028125 0.031250
0 0.128125 0.953125 0.031250 0.031250
0 0.043750 0.134375 0.031250 0.031250
0 0.456250 0.573438 0.025000 0.028125
0 0.831250 0.121875 0.031250 0.031250
0 0.290625 0.592187 0.025000 0.028125
0 0.276562 0.965625 0.034375 0.031250
0 0.576562 0.414062 0.028125 0.028125
0 0.264062 0.707812 0.028125 0.028125
0 0.539062 0.720313 0.028125 0.028125
0 0.432812 0.815625 0.028125 0.031250
0 0.632812 0.745313 0.028125 0.028125
0 0.181250 0.720313 0.025000 0.028125
0 0.295312 0.885938 0.028125 0.028125
0 0.829688 0.215625 0.028125 0.031250
0 0.487500 0.821875 0.031250 0.031250
0 0.432812 0.456250 0.028125 0.031250
0 0.557813 0.025000 0.028125 0.031250
0 0.214062 0.937500 0.028125 0.031250
0 0.293750 0.918750 0.031250 0.031250
0 0.017188 0.817187 0.028125 0.028125
0 0.292187 0.721875 0.028125 0.031250
0 0.156250 0.968750 0.031250 0.031250
0 0.290625 0.623437 0.031250 0.028125
0 0.482812 0.689063 0.028125 0.028125
0 0.610938 0.276562 0.028125 0.028125
0 0.512500 0.770312 0.031250 0.028125
0 0.290625 0.564063 0.025000 0.028125
0 0.268750 0.868750 0.025000 0.025000
0 0.017188 0.146875 0.028125 0.031250
0 0.014063 0.915625 0.028125 0.031250
0 0.268750 0.806250 0.031250 0.031250
0 0.507812 0.907813 0.028125 0.028125
0 0.298438 0.821875 0.028125 0.031250
0 0.315625 0.014063 0.031250 0.028125
0 0.598437 0.801562 0.028125 0.028125
0 0.534375 0.926562 0.025000 0.028125
0 0.826562 0.706250 0.034375 0.037500
0 0.317188 0.706250 0.028125 0.031250
0 0.017188 0.948438 0.028125 0.028125
0 0.240625 0.787500 0.031250 0.031250
0 0.654687 0.103125 0.028125 0.025000
