0 0.912500 0.068750 0.031250 0.031250
0 0.162500 0.912500 0.031250 0.031250
0 0.912500 0.189062 0.031250 0.034375
0 0.740625 0.068750 0.031250 0.031250
0 0.862500 0.159375 0.031250 0.031250
0 0.176563 0.220312 0.034375 0.034375
0 0.521875 0.896875 0.031250 0.031250
0 0.778125 0.131250 0.031250 0.031250
0 0.056250 0.150000 0.031250 0.031250
0 0.375000 0.220312 0.031250 0.034375
0 0.881250 0.609375 0.031250 0.031250
0 0.587500 0.828125 0.031250 0.031250
0 0.082812 0.817187 0.034375 0.034375
0 0.896875 0.401562 0.031250 0.028125
0 0.048438 0.548438 0.034375 0.034375
0 0.531250 0.251563 0.031250 0.034375
0 0.182812 0.073438 0.034375 0.034375
0 0.325000 0.128125 0.031250 0.031250
0 0.110937 0.359375 0.028125 0.031250
0 0.515625 0.220312 0.031250 0.034375
0 0.040625 0.881250 0.031250 0.031250
0 0.792188 0.339062 0.034375 0.034375
0 0.859375 0.839063 0.031250 0.034375
0 0.725000 0.100000 0.031250 0.031250
0 0.948438 0.129688 0.034375 0.034375
0 0.671875 0.309375 0.031250 0.031250
0 0.462500 0.131250 0.031250 0.031250
0 0.084375 0.240625 0.031250 0.031250
0 0.309375 0.906250 0.031250 0.031250
0 0.425000 0.189062 0.031250 0.034375
0 0.729688 0.542188 0.028125 0.028125
0 0.828125 0.340625 0.031250 0.031250
0 0.635938 0.251563 0.028125 0.028125
0 0.057813 0.912500 0.034375 0.031250
0 0.337500 0.162500 0.031250 0.031250
0 0.759375 0.100000 0.031250 0.031250
0 0.798438 0.881250 0.034375 0.031250
0 0.371875 0.875000 0.031250 0.031250
0 0.037500 0.940625 0.031250 0.031250
0 0.931250 0.159375 0.031250 0.031250
0 0.550000 0.100000 0.031250 0.031250
0 0.059375 0.081250 0.031250 0.031250
0 0.237500 0.218750 0.031250 0.031250
0 0.406250 0.856250 0.031250 0.031250
0 0.515625 0.159375 0.031250 0.031250
0 0.343750 0.096875 0.031250 0.031250
0 0.828125 0.218750 0.031250 0.031250
0 0.221875 0.068750 0.031250 0.031250
0 0.231250 0.914062 0.031250 0.034375
0 0.896875 0.220312 0.031250 0.034375
0 0.162500 0.853125 0.031250 0.031250
0 0.151562 0.820312 0.034375 0.034375
0 0.934375 0.581250 0.031250 0.031250
0 0.393750 0.068750 0.031250 0.031250
0 0.145313 0.409375 0.034375 0.031250
0 0.635938 0.190625 0.034375 0.031250
0 0.828125 0.159375 0.031250 0.031250
0 0.917188 0.731250 0.034375 0.031250
0 0.290625 0.068750 0.031250 0.031250
0 0.648438 0.759375 0.034375 0.031250
0 0.065625 0.787500 0.031250 0.031250
0 0.206250 0.134375 0.031250 0.031250
0 0.646875 0.865625 0.031250 0.031250
0 0.479687 0.220312 0.034375 0.034375
0 0.250000 0.881250 0.031250 0.031250
0 0.812500 0.071875 0.031250 0.031250
0 0.167187 0.737500 0.028125 0.031250
0 0.053125 0.325000 0.031250 0.031250
0 0.862500 0.100000 0.031250 0.031250
0 0.053125 0.360938 0.031250 0.034375
0 0.554688 0.878125 0.028125 0.031250
0 0.582812 0.898438 0.028125 0.028125
0 0.143750 0.881250 0.031250 0.031250
0 0.689063 0.220312 0.034375 0.034375
0 0.287500 0.778125 0.031250 0.031250
0 0.753125 0.567187 0.031250 0.028125
0 0.725000 0.220312 0.031250 0.034375
0 0.845313 0.189062 0.034375 0.034375
0 0.950000 0.671875 0.031250 0.031250
0 0.145313 0.134375 0.034375 0.031250
0 0.145313 0.237500 0.034375 0.031250
0 0.812500 0.250000 0.031250 0.031250
0 0.950000 0.431250 0.031250 0.031250
0 0.709375 0.793750 0.031250 0.031250
0 0.318750 0.762500 0.031250 0.031250
0 0.706250 0.932813 0.031250 0.034375
0 0.828125 0.281250 0.031250 0.031250
0 0.135937 0.789062 0.034375 0.034375
0 0.271875 0.037500 0.031250 0.031250
0 0.646875 0.828125 0.031250 0.031250
0 0.776563 0.189062 0.028125 0.028125
0 0.268750 0.237500 0.031250 0.031250
0 0.878125 0.251563 0.031250 0.034375
0 0.412500 0.100000 0.031250 0.031250
0 0.128125 0.851562 0.031250 0.034375
0 0.206250 0.168750 0.031250 0.031250
0 0.292187 0.128125 0.034375 0.031250
0 0.443750 0.218750 0.031250 0.031250
0 0.284375 0.850000 0.031250 0.031250
0 0.892188 0.887500 0.034375 0.031250
0 0.459375 0.250000 0.031250 0.031250
0 0.585938 0.862500 0.028125 0.031250
0 0.048438 0.818750 0.034375 0.031250
0 0.615625 0.881250 0.031250 0.031250
0 0.656250 0.340625 0.031250 0.031250
0 0.223438 0.814063 0.034375 0.034375
0 0.117188 0.151562 0.034375 0.034375
0 0.178125 0.884375 0.031250 0.031250
0 0.706250 0.070312 0.031250 0.028125
0 0.589063 0.723437 0.028125 0.028125
0 0.767188 0.862500 0.034375 0.031250
0 0.057813 0.115625 0.028125 0.031250
0 0.798438 0.845313 0.034375 0.034375
0 0.229687 0.776563 0.028125 0.028125
0 0.740625 0.365625 0.031250 0.031250
0 0.879687 0.431250 0.028125 0.031250
0 0.881250 0.490625 0.031250 0.031250
0 0.589063 0.759375 0.028125 0.031250
0 0.240625 0.040625 0.031250 0.031250
0 0.740625 0.309375 0.031250 0.031250
0 0.235937 0.153125 0.034375 0.031250
0 0.778125 0.250000 0.031250 0.031250
0 0.376563 0.159375 0.034375 0.031250
0 0.565625 0.190625 0.031250 0.031250
0 0.359375 0.128125 0.031250 0.031250
0 0.548438 0.218750 0.028125 0.031250
0 0.581250 0.968750 0.031250 0.031250
0 0.845313 0.310937 0.034375 0.034375
0 0.056250 0.971875 0.031250 0.031250
0 0.425000 0.250000 0.031250 0.031250
0 0.653125 0.100000 0.031250 0.031250
0 0.912500 0.370312 0.031250 0.034375
0 0.656250 0.159375 0.031250 0.031250
0 0.678125 0.881250 0.031250 0.031250
0 0.496875 0.187500 0.031250 0.031250
0 0.546875 0.340625 0.031250 0.031250
0 0.240625 0.100000 0.031250 0.031250
0 0.831250 0.720313 0.031250 0.028125
0 0.270313 0.167187 0.034375 0.034375
0 0.143750 0.943750 0.031250 0.031250
0 0.793750 0.220312 0.031250 0.028125
0 0.126562 0.971875 0.028125 0.031250
0 0.610938 0.950000 0.034375 0.031250
0 0.828125 0.040625 0.031250 0.031250
0 0.706250 0.190625 0.031250 0.031250
0 0.115625 0.084375 0.031250 0.031250
0 0.054688 0.256250 0.028125 0.031250
0 0.175000 0.390625 0.031250 0.031250
0 0.948438 0.190625 0.034375 0.031250
0 0.229687 0.706250 0.028125 0.031250
0 0.237500 0.359375 0.031250 0.031250
0 0.846875 0.068750 0.031250 0.031250
0 0.676562 0.846875 0.028125 0.031250
0 0.829688 0.462500 0.028125 0.031250
0 0.767188 0.965625 0.034375 0.031250
0 0.673438 0.068750 0.034375 0.031250
0 0.464062 0.893750 0.028125 0.031250
0 0.637500 0.071875 0.031250 0.031250
0 0.723437 0.337500 0.028125 0.031250
0 0.620313 0.159375 0.028125 0.031250
0 0.256250 0.828125 0.031250 0.031250
0 0.865625 0.037500 0.031250 0.031250
0 0.378125 0.100000 0.031250 0.031250
0 0.321875 0.728125 0.031250 0.031250
0 0.056250 0.184375 0.031250 0.031250
0 0.568750 0.131250 0.031250 0.031250
0 0.846875 0.490625 0.031250 0.031250
0 0.934375 0.642188 0.031250 0.034375
0 0.446875 0.100000 0.031250 0.031250
0 0.932813 0.100000 0.034375 0.031250
0 0.021875 0.381250 0.031250 0.031250
0 0.459375 0.309375 0.031250 0.031250
0 0.054688 0.220312 0.028125 0.028125
0 0.725000 0.040625 0.031250 0.031250
0 0.759375 0.278125 0.031250 0.031250
0 0.090625 0.971875 0.031250 0.031250
0 0.879687 0.309375 0.034375 0.031250
0 0.653125 0.218750 0.031250 0.031250
0 0.767188 0.828125 0.034375 0.031250
0 0.712500 0.431250 0.031250 0.031250
0 0.531250 0.190625 0.031250 0.031250
0 0.921875 0.800000 0.031250 0.031250
0 0.896875 0.100000 0.031250 0.031250
0 0.393750 0.128125 0.031250 0.031250
0 0.043750 0.621875 0.031250 0.031250
0 0.809375 0.309375 0.031250 0.031250
0 0.229687 0.740625 0.028125 0.031250
0 0.678125 0.809375 0.031250 0.031250
0 0.531250 0.721875 0.031250 0.031250
0 0.931250 0.220312 0.031250 0.034375
0 0.260937 0.690625 0.028125 0.031250
0 0.668750 0.250000 0.031250 0.031250
0 0.037500 0.656250 0.031250 0.031250
0 0.965625 0.281250 0.031250 0.031250
0 0.115625 0.184375 0.031250 0.031250
0 0.896875 0.281250 0.031250 0.031250
0 0.948438 0.067187 0.034375 0.034375
0 0.437500 0.840625 0.031250 0.031250
0 0.890625 0.784375 0.031250 0.031250
0 0.804688 0.701562 0.028125 0.028125
0 0.603125 0.071875 0.031250 0.031250
0 0.831250 0.928125 0.031250 0.031250
0 0.168750 0.771875 0.031250 0.031250
0 0.267188 0.971875 0.028125 0.031250
0 0.268750 0.203125 0.031250 0.031250
0 0.862500 0.906250 0.031250 0.031250
0 0.084375 0.203125 0.031250 0.031250
0 0.081250 0.453125 0.031250 0.031250
0 0.915625 0.312500 0.031250 0.031250
0 0.290625 0.743750 0.031250 0.031250
0 0.348438 0.782813 0.028125 0.028125
0 0.528125 0.757812 0.031250 0.028125
0 0.315625 0.834375 0.031250 0.031250
0 0.878125 0.370312 0.031250 0.034375
0 0.414062 0.039062 0.034375 0.034375
0 0.932813 0.462500 0.028125 0.031250
0 0.601562 0.192188 0.034375 0.034375
0 0.950000 0.610938 0.031250 0.028125
0 0.409375 0.751563 0.031250 0.028125
0 0.950000 0.553125 0.031250 0.031250
0 0.881250 0.671875 0.031250 0.031250
0 0.812500 0.432812 0.031250 0.028125
0 0.081250 0.307812 0.031250 0.034375
0 0.126562 0.912500 0.034375 0.031250
0 0.082812 0.417187 0.034375 0.034375
0 0.314063 0.868750 0.028125 0.031250
0 0.892188 0.818750 0.028125 0.031250
0 0.168750 0.703125 0.031250 0.031250
0 0.146875 0.478125 0.031250 0.031250
0 0.412500 0.718750 0.031250 0.031250
0 0.934375 0.037500 0.031250 0.031250
0 0.620313 0.706250 0.028125 0.031250
0 0.021875 0.971875 0.031250 0.031250
0 0.028125 0.168750 0.031250 0.031250
0 0.259375 0.793750 0.031250 0.031250
0 0.965625 0.100000 0.031250 0.031250
0 0.115625 0.256250 0.031250 0.031250
0 0.565625 0.250000 0.031250 0.031250
0 0.465625 0.823438 0.031250 0.028125
0 0.267188 0.912500 0.028125 0.031250
0 0.110937 0.325000 0.034375 0.031250
0 0.025000 0.237500 0.031250 0.031250
0 0.501563 0.668750 0.034375 0.031250
0 0.859375 0.875000 0.031250 0.031250
0 0.559375 0.740625 0.031250 0.031250
0 0.025000 0.273438 0.031250 0.028125
0 0.812500 0.131250 0.031250 0.031250
0 0.603125 0.131250 0.031250 0.031250
0 0.200000 0.756250 0.031250 0.031250
0 0.845313 0.371875 0.028125 0.031250
0 0.481250 0.159375 0.031250 0.031250
0 0.340625 0.218750 0.031250 0.031250
0 0.209375 0.340625 0.031250 0.031250
0 0.300000 0.220312 0.031250 0.034375
0 0.518750 0.964063 0.031250 0.028125
0 0.862500 0.640625 0.031250 0.031250
0 0.470313 0.756250 0.034375 0.031250
0 0.582812 0.220312 0.034375 0.034375
0 0.865625 0.521875 0.031250 0.031250
0 0.237500 0.325000 0.031250 0.031250
0 0.550000 0.159375 0.031250 0.031250
0 0.268750 0.376563 0.031250 0.028125
0 0.340625 0.890625 0.031250 0.031250
0 0.687500 0.278125 0.031250 0.031250
0 0.721875 0.278125 0.031250 0.031250
0 0.496875 0.843750 0.031250 0.031250
0 0.551562 0.914062 0.028125 0.028125
0 0.465625 0.068750 0.031250 0.031250
0 0.725000 0.159375 0.031250 0.031250
0 0.968750 0.520312 0.031250 0.034375
0 0.381250 0.731250 0.031250 0.031250
0 0.584375 0.340625 0.031250 0.031250
0 0.371875 0.906250 0.031250 0.031250
0 0.070312 0.726562 0.034375 0.034375
0 0.231250 0.671875 0.031250 0.031250
0 0.198437 0.618750 0.028125 0.031250
0 0.328125 0.307812 0.031250 0.034375
0 0.435937 0.875000 0.028125 0.031250
0 0.325000 0.068750 0.031250 0.031250
0 0.021875 0.450000 0.031250 0.031250
0 0.178125 0.321875 0.031250 0.031250
0 0.206250 0.407813 0.031250 0.034375
0 0.928125 0.975000 0.031250 0.031250
0 0.309375 0.096875 0.031250 0.031250
0 0.343750 0.037500 0.031250 0.031250
0 0.565625 0.312500 0.031250 0.031250
0 0.862500 0.734375 0.031250 0.031250
0 0.100000 0.665625 0.031250 0.031250
0 0.953125 0.818750 0.031250 0.031250
0 0.556250 0.843750 0.031250 0.031250
0 0.525000 0.860938 0.031250 0.028125
0 0.584375 0.281250 0.031250 0.031250
0 0.406250 0.509375 0.031250 0.031250
0 0.378125 0.803125 0.031250 0.031250
0 0.900000 0.703125 0.031250 0.031250
0 0.509375 0.340625 0.031250 0.031250
0 0.084375 0.757812 0.031250 0.034375
0 0.620313 0.040625 0.028125 0.031250
0 0.198437 0.853125 0.034375 0.031250
0 0.209375 0.306250 0.031250 0.031250
0 0.643750 0.900000 0.031250 0.031250
0 0.298438 0.393750 0.028125 0.031250
0 0.168750 0.040625 0.031250 0.031250
0 0.275000 0.096875 0.031250 0.031250
0 0.268750 0.340625 0.031250 0.031250
0 0.076563 0.571875 0.034375 0.031250
0 0.356250 0.251563 0.031250 0.034375
0 0.681250 0.709375 0.031250 0.031250
0 0.759375 0.220312 0.031250 0.034375
0 0.028125 0.062500 0.031250 0.031250
0 0.298438 0.290625 0.028125 0.031250
0 0.320312 0.939063 0.034375 0.034375
0 0.231250 0.971875 0.031250 0.031250
0 0.528125 0.309375 0.031250 0.031250
0 0.209375 0.443750 0.031250 0.031250
0 0.407813 0.278125 0.028125 0.031250
0 0.812500 0.371875 0.031250 0.031250
0 0.021875 0.909375 0.031250 0.031250
0 0.440625 0.340625 0.031250 0.031250
0 0.175000 0.117188 0.031250 0.034375
0 0.106250 0.731250 0.031250 0.031250
0 0.709375 0.862500 0.031250 0.031250
0 0.792188 0.646875 0.028125 0.031250
0 0.568750 0.068750 0.031250 0.031250
0 0.110937 0.882812 0.034375 0.034375
0 0.759375 0.159375 0.031250 0.031250
0 0.354687 0.646875 0.028125 0.031250
0 0.301563 0.971875 0.034375 0.031250
0 0.950000 0.746875 0.031250 0.031250
0 0.170313 0.357812 0.034375 0.034375
0 0.323437 0.625000 0.028125 0.031250
0 0.359375 0.393750 0.031250 0.031250
0 0.206250 0.100000 0.031250 0.031250
0 0.196875 0.971875 0.031250 0.031250
0 0.787500 0.562500 0.031250 0.031250
0 0.104688 0.631250 0.034375 0.031250
0 0.018750 0.526563 0.031250 0.034375
0 0.112500 0.393750 0.031250 0.031250
0 0.439063 0.671875 0.028125 0.031250
0 0.328125 0.446875 0.031250 0.031250
0 0.618750 0.282813 0.031250 0.034375
0 0.068750 0.678125 0.031250 0.031250
0 0.203125 0.584375 0.031250 0.031250
0 0.562500 0.593750 0.031250 0.031250
0 0.359375 0.428125 0.031250 0.031250
0 0.706250 0.309375 0.031250 0.031250
0 0.948438 0.312500 0.034375 0.031250
0 0.159375 0.971875 0.031250 0.031250
0 0.168750 0.598437 0.031250 0.034375
0 0.209375 0.237500 0.031250 0.031250
0 0.834375 0.684375 0.031250 0.031250
0 0.675000 0.915625 0.031250 0.031250
0 0.293750 0.606250 0.031250 0.031250
0 0.115625 0.459375 0.031250 0.031250
0 0.318750 0.190625 0.031250 0.031250
0 0.165625 0.667188 0.031250 0.034375
0 0.289062 0.814063 0.028125 0.028125
0 0.265625 0.587500 0.031250 0.031250
0 0.284375 0.881250 0.031250 0.031250
0 0.687500 0.100000 0.031250 0.031250
0 0.814063 0.620313 0.034375 0.034375
0 0.050000 0.507812 0.031250 0.034375
0 0.796875 0.807813 0.031250 0.034375
0 0.689063 0.339062 0.028125 0.028125
0 0.245312 0.526563 0.034375 0.034375
0 0.640625 0.934375 0.031250 0.031250
0 0.395313 0.934375 0.034375 0.031250
0 0.093750 0.700000 0.031250 0.031250
0 0.401562 0.892188 0.028125 0.028125
0 0.256250 0.128125 0.031250 0.031250
0 0.526563 0.370312 0.028125 0.028125
0 0.268750 0.271875 0.031250 0.031250
0 0.345313 0.853125 0.028125 0.031250
0 0.931250 0.281250 0.031250 0.031250
0 0.323437 0.659375 0.028125 0.031250
0 0.896875 0.037500 0.031250 0.031250
0 0.059375 0.046875 0.031250 0.031250
0 0.146875 0.271875 0.031250 0.031250
0 0.762500 0.534375 0.031250 0.031250
0 0.440625 0.278125 0.031250 0.031250
0 0.550000 0.948438 0.031250 0.028125
0 0.206250 0.271875 0.031250 0.031250
0 0.776563 0.681250 0.028125 0.031250
0 0.968750 0.581250 0.031250 0.031250
0 0.260937 0.725000 0.028125 0.031250
0 0.637500 0.131250 0.031250 0.031250
0 0.781250 0.504687 0.031250 0.034375
0 0.359375 0.356250 0.031250 0.031250
0 0.142187 0.546875 0.034375 0.031250
0 0.709375 0.759375 0.031250 0.031250
0 0.968750 0.642188 0.031250 0.028125
0 0.298438 0.359375 0.028125 0.031250
0 0.231250 0.603125 0.031250 0.031250
0 0.370312 0.498437 0.034375 0.034375
0 0.325000 0.592187 0.031250 0.034375
0 0.437500 0.396875 0.031250 0.031250
0 0.493750 0.309375 0.031250 0.031250
0 0.071875 0.642188 0.031250 0.034375
0 0.470313 0.650000 0.028125 0.031250
0 0.112500 0.528125 0.031250 0.031250
0 0.720313 0.575000 0.028125 0.031250
0 0.110937 0.562500 0.034375 0.031250
0 0.387500 0.306250 0.031250 0.031250
0 0.500000 0.737500 0.031250 0.031250
0 0.237500 0.393750 0.031250 0.031250
0 0.767188 0.759375 0.034375 0.031250
0 0.023438 0.306250 0.028125 0.031250
0 0.259375 0.621875 0.031250 0.031250
0 0.034375 0.690625 0.031250 0.031250
0 0.742188 0.601562 0.028125 0.028125
0 0.240625 0.256250 0.031250 0.031250
0 0.737500 0.809375 0.031250 0.031250
0 0.137500 0.615625 0.031250 0.031250
0 0.953125 0.850000 0.031250 0.031250
0 0.706250 0.250000 0.031250 0.031250
0 0.521875 0.931250 0.031250 0.031250
0 0.831250 0.651563 0.031250 0.028125
0 0.050000 0.754687 0.031250 0.034375
0 0.112500 0.495312 0.031250 0.034375
0 0.668750 0.950000 0.031250 0.031250
0 0.459375 0.928125 0.031250 0.031250
0 0.900000 0.581250 0.031250 0.031250
0 0.414062 0.648438 0.028125 0.028125
0 0.490625 0.943750 0.031250 0.031250
0 0.393750 0.471875 0.031250 0.031250
0 0.437500 0.806250 0.031250 0.031250
0 0.915625 0.490625 0.031250 0.031250
0 0.865625 0.703125 0.031250 0.031250
0 0.375000 0.837500 0.031250 0.031250
0 0.179688 0.529687 0.034375 0.034375
0 0.109375 0.596875 0.031250 0.031250
0 0.028125 0.100000 0.031250 0.031250
0 0.321875 0.693750 0.031250 0.031250
0 0.646875 0.540625 0.031250 0.031250
0 0.393750 0.340625 0.031250 0.031250
0 0.693750 0.400000 0.031250 0.031250
0 0.212500 0.478125 0.031250 0.031250
0 0.134375 0.753125 0.031250 0.031250
0 0.215625 0.512500 0.031250 0.031250
0 0.829688 0.789062 0.034375 0.034375
0 0.329688 0.376563 0.028125 0.028125
0 0.390625 0.542188 0.031250 0.034375
0 0.796875 0.737500 0.031250 0.031250
0 0.032813 0.785937 0.034375 0.034375
0 0.060937 0.851562 0.034375 0.034375
0 0.231250 0.853125 0.031250 0.031250
0 0.509375 0.621875 0.031250 0.031250
0 0.968750 0.703125 0.031250 0.031250
0 0.693750 0.462500 0.031250 0.031250
0 0.146875 0.065625 0.031250 0.031250
0 0.393750 0.593750 0.031250 0.031250
0 0.079687 0.489063 0.034375 0.034375
0 0.429688 0.945312 0.034375 0.034375
0 0.423438 0.307812 0.028125 0.028125
0 0.487500 0.426563 0.031250 0.028125
0 0.025000 0.848437 0.031250 0.034375
0 0.295312 0.529687 0.034375 0.034375
0 0.292187 0.640625 0.028125 0.031250
0 0.614062 0.395313 0.034375 0.034375
0 0.425000 0.615625 0.031250 0.031250
0 0.762500 0.400000 0.031250 0.031250
0 0.681250 0.673438 0.031250 0.028125
0 0.650000 0.689063 0.031250 0.028125
0 0.148438 0.168750 0.034375 0.031250
0 0.329688 0.271875 0.034375 0.031250
0 0.737500 0.915625 0.031250 0.031250
0 0.807813 0.587500 0.034375 0.031250
0 0.828125 0.756250 0.031250 0.031250
0 0.496875 0.809375 0.031250 0.031250
0 0.753125 0.728125 0.031250 0.031250
0 0.831250 0.962500 0.031250 0.031250
0 0.884375 0.553125 0.031250 0.031250
0 0.346875 0.818750 0.031250 0.031250
0 0.709375 0.828125 0.031250 0.031250
0 0.646875 0.793750 0.031250 0.031250
0 0.387500 0.628125 0.031250 0.031250
0 0.406250 0.787500 0.031250 0.031250
0 0.862500 0.975000 0.031250 0.031250
0 0.618750 0.340625 0.031250 0.031250
0 0.335938 0.970313 0.034375 0.034375
0 0.137500 0.718750 0.031250 0.031250
0 0.328125 0.412500 0.031250 0.031250
0 0.207813 0.203125 0.034375 0.031250
0 0.698438 0.965625 0.028125 0.031250
0 0.776563 0.370312 0.034375 0.034375
0 0.093750 0.914062 0.031250 0.034375
0 0.676562 0.431250 0.034375 0.031250
0 0.364063 0.285938 0.034375 0.034375
0 0.775000 0.593750 0.031250 0.031250
0 0.634375 0.425000 0.031250 0.031250
0 0.267188 0.553125 0.034375 0.031250
0 0.615625 0.809375 0.031250 0.031250
0 0.120313 0.045312 0.034375 0.034375
0 0.578125 0.632812 0.031250 0.034375
0 0.601562 0.426563 0.034375 0.034375
0 0.678125 0.600000 0.031250 0.031250
0 0.796875 0.403125 0.031250 0.031250
0 0.725000 0.659375 0.031250 0.031250
0 0.448437 0.589063 0.028125 0.028125
0 0.265625 0.412500 0.031250 0.031250
0 0.965625 0.220312 0.031250 0.034375
0 0.146875 0.203125 0.031250 0.031250
0 0.129688 0.685937 0.034375 0.034375
0 0.850000 0.553125 0.031250 0.031250
0 0.831250 0.521875 0.031250 0.031250
0 0.443750 0.159375 0.031250 0.031250
0 0.706250 0.515625 0.031250 0.031250
0 0.679688 0.776563 0.028125 0.028125
0 0.831250 0.892188 0.031250 0.034375
0 0.526563 0.825000 0.028125 0.031250
0 0.557813 0.809375 0.028125 0.031250
0 0.737500 0.881250 0.031250 0.031250
0 0.629687 0.978125 0.028125 0.031250
0 0.657813 0.400000 0.034375 0.031250
0 0.087500 0.100000 0.031250 0.031250
0 0.298438 0.428125 0.028125 0.031250
0 0.728125 0.396875 0.031250 0.031250
0 0.792188 0.100000 0.028125 0.031250
0 0.050000 0.470313 0.031250 0.028125
0 0.828125 0.403125 0.031250 0.031250
0 0.359375 0.323437 0.031250 0.034375
0 0.767188 0.898438 0.034375 0.034375
0 0.712500 0.725000 0.031250 0.031250
0 0.706250 0.131250 0.031250 0.031250
0 0.896875 0.340625 0.031250 0.031250
0 0.615625 0.778125 0.031250 0.031250
0 0.759375 0.337500 0.031250 0.031250
0 0.892188 0.957812 0.034375 0.034375
0 0.354687 0.571875 0.034375 0.031250
0 0.443750 0.459375 0.031250 0.031250
0 0.892188 0.854688 0.034375 0.034375
0 0.862500 0.940625 0.031250 0.031250
0 0.737500 0.950000 0.031250 0.031250
0 0.075000 0.882812 0.031250 0.034375
0 0.798438 0.951562 0.034375 0.034375
0 0.426563 0.429688 0.028125 0.028125
0 0.678125 0.496875 0.031250 0.031250
0 0.637500 0.370312 0.031250 0.034375
0 0.548438 0.282813 0.034375 0.034375
0 0.828125 0.823438 0.031250 0.034375
0 0.625000 0.512500 0.031250 0.031250
0 0.931250 0.340625 0.031250 0.031250
0 0.457813 0.368750 0.028125 0.031250
0 0.095312 0.851562 0.034375 0.034375
0 0.881250 0.131250 0.031250 0.031250
0 0.737500 0.845313 0.031250 0.034375
0 0.778125 0.068750 0.031250 0.031250
0 0.948438 0.371875 0.034375 0.031250
0 0.589063 0.689063 0.028125 0.028125
0 0.965625 0.403125 0.031250 0.031250
0 0.932813 0.521875 0.034375 0.031250
0 0.053125 0.434375 0.031250 0.031250
0 0.859375 0.771875 0.031250 0.031250
0 0.351562 0.746875 0.028125 0.031250
0 0.671875 0.371875 0.031250 0.031250
0 0.200000 0.687500 0.031250 0.031250
0 0.478125 0.278125 0.031250 0.031250
0 0.865625 0.459375 0.031250 0.031250
0 0.706250 0.368750 0.031250 0.031250
0 0.587500 0.792188 0.031250 0.028125
0 0.354687 0.714063 0.028125 0.028125
0 0.710938 0.690625 0.028125 0.031250
0 0.531250 0.687500 0.031250 0.031250
0 0.915625 0.671875 0.031250 0.031250
0 0.729688 0.459375 0.028125 0.031250
0 0.798438 0.775000 0.034375 0.031250
0 0.021875 0.343750 0.031250 0.031250
0 0.481250 0.037500 0.031250 0.031250
0 0.031250 0.028125 0.031250 0.031250
0 0.470313 0.718750 0.028125 0.031250
0 0.809375 0.189062 0.031250 0.028125
0 0.481250 0.098437 0.031250 0.034375
0 0.326562 0.510938 0.034375 0.034375
0 0.428125 0.068750 0.031250 0.031250
0 0.739062 0.507812 0.034375 0.034375
0 0.462500 0.189062 0.031250 0.034375
0 0.178125 0.184375 0.031250 0.031250
0 0.631250 0.571875 0.031250 0.031250
0 0.590625 0.375000 0.031250 0.031250
0 0.081250 0.381250 0.031250 0.031250
0 0.500000 0.129688 0.031250 0.034375
0 0.557813 0.775000 0.028125 0.031250
0 0.407813 0.220312 0.034375 0.034375
0 0.979688 0.765625 0.028125 0.031250
0 0.101562 0.789062 0.034375 0.034375
0 0.671875 0.189062 0.031250 0.028125
0 0.776563 0.432812 0.034375 0.034375
0 0.564063 0.400000 0.028125 0.031250
0 0.896875 0.156250 0.031250 0.031250
0 0.207813 0.548438 0.034375 0.034375
0 0.828125 0.101562 0.031250 0.028125
0 0.953125 0.884375 0.031250 0.031250
0 0.934375 0.401562 0.031250 0.034375
0 0.829688 0.859375 0.034375 0.031250
0 0.531250 0.131250 0.031250 0.031250
0 0.965625 0.340625 0.031250 0.031250
0 0.915625 0.551562 0.031250 0.034375
0 0.965625 0.462500 0.031250 0.031250
0 0.196875 0.912500 0.031250 0.031250
0 0.090625 0.062500 0.031250 0.031250
0 0.862500 0.340625 0.031250 0.031250
0 0.318750 0.798438 0.031250 0.028125
0 0.206250 0.371875 0.031250 0.031250
0 0.793750 0.464062 0.031250 0.034375
0 0.767188 0.932813 0.028125 0.028125
0 0.237500 0.189062 0.031250 0.034375
0 0.709375 0.896875 0.031250 0.031250
0 0.843750 0.250000 0.031250 0.031250
0 0.479687 0.600000 0.028125 0.031250
0 0.526563 0.792188 0.028125 0.028125
0 0.948438 0.250000 0.034375 0.031250
0 0.196875 0.653125 0.031250 0.031250
0 0.553125 0.437500 0.031250 0.031250
0 0.045312 0.582812 0.034375 0.034375
0 0.600000 0.250000 0.031250 0.031250
0 0.500000 0.704688 0.031250 0.034375
0 0.401562 0.406250 0.034375 0.031250
0 0.392188 0.189062 0.034375 0.034375
0 0.053125 0.400000 0.031250 0.031250
0 0.740625 0.131250 0.031250 0.031250
0 0.759375 0.479687 0.031250 0.034375
0 0.618750 0.740625 0.031250 0.031250
0 0.354687 0.529687 0.034375 0.034375
0 0.584375 0.459375 0.031250 0.031250
0 0.792188 0.159375 0.028125 0.031250
0 0.487500 0.978125 0.025000 0.025000
0 0.512500 0.278125 0.031250 0.031250
0 0.900000 0.640625 0.031250 0.031250
0 0.859375 0.803125 0.031250 0.031250
0 0.115625 0.115625 0.031250 0.031250
0 0.862500 0.278125 0.031250 0.031250
0 0.650000 0.725000 0.031250 0.031250
0 0.921875 0.765625 0.031250 0.031250
0 0.606250 0.615625 0.031250 0.031250
0 0.437500 0.493750 0.031250 0.031250
0 0.846875 0.431250 0.031250 0.031250
0 0.301563 0.160938 0.034375 0.034375
0 0.406250 0.968750 0.031250 0.031250
0 0.653125 0.281250 0.031250 0.031250
0 0.845313 0.131250 0.034375 0.031250
0 0.245312 0.492188 0.034375 0.034375
0 0.495312 0.251563 0.034375 0.034375
0 0.323437 0.551562 0.034375 0.034375
0 0.020313 0.485938 0.028125 0.028125
0 0.915625 0.431250 0.031250 0.031250
0 0.343750 0.478125 0.031250 0.031250
0 0.776563 0.307812 0.034375 0.034375
0 0.865625 0.581250 0.031250 0.031250
0 0.428125 0.131250 0.031250 0.031250
0 0.654687 0.628125 0.028125 0.031250
0 0.812500 0.490625 0.031250 0.031250
0 0.862500 0.403125 0.031250 0.031250
0 0.464062 0.857812 0.028125 0.028125
0 0.356250 0.190625 0.031250 0.031250
0 0.898438 0.460938 0.028125 0.028125
0 0.915625 0.610938 0.031250 0.034375
0 0.635938 0.312500 0.034375 0.031250
0 0.621875 0.100000 0.031250 0.031250
0 0.793750 0.278125 0.031250 0.031250
0 0.307812 0.476562 0.034375 0.034375
0 0.117188 0.820312 0.034375 0.034375
0 0.600000 0.309375 0.031250 0.031250
0 0.660937 0.468750 0.034375 0.031250
0 0.951562 0.782813 0.028125 0.028125
0 0.167187 0.634375 0.028125 0.031250
0 0.089063 0.029687 0.034375 0.034375
0 0.965625 0.159375 0.031250 0.031250
0 0.615625 0.846875 0.031250 0.031250
0 0.503125 0.396875 0.031250 0.031250
0 0.173437 0.564063 0.034375 0.034375
0 0.287500 0.940625 0.031250 0.031250
0 0.617188 0.476562 0.034375 0.034375
0 0.307812 0.037500 0.034375 0.031250
0 0.134375 0.653125 0.031250 0.031250
0 0.464062 0.518750 0.034375 0.031250
0 0.353125 0.681250 0.031250 0.031250
0 0.431250 0.909375 0.031250 0.031250
0 0.496875 0.775000 0.031250 0.031250
0 0.798438 0.915625 0.034375 0.031250
0 0.328125 0.340625 0.031250 0.031250
0 0.296875 0.325000 0.031250 0.031250
0 0.793750 0.040625 0.031250 0.031250
0 0.912500 0.128125 0.031250 0.031250
0 0.268750 0.307812 0.031250 0.034375
0 0.912500 0.250000 0.031250 0.031250
0 0.278125 0.500000 0.037500 0.037500
0 0.412500 0.159375 0.031250 0.031250
0 0.737500 0.775000 0.031250 0.031250
0 0.515625 0.100000 0.031250 0.031250
0 0.442188 0.704688 0.028125 0.028125
0 0.934375 0.703125 0.031250 0.031250
0 0.551562 0.525000 0.034375 0.031250
0 0.689063 0.159375 0.034375 0.031250
0 0.493750 0.876563 0.031250 0.028125
0 0.468750 0.684375 0.031250 0.031250
0 0.440625 0.737500 0.031250 0.031250
0 0.446875 0.039062 0.031250 0.034375
0 0.087500 0.134375 0.031250 0.031250
0 0.559375 0.704688 0.031250 0.028125
0 0.354687 0.939063 0.034375 0.034375
0 0.457813 0.620313 0.028125 0.028125
0 0.879687 0.067187 0.028125 0.028125
0 0.178125 0.151562 0.031250 0.034375
0 0.618750 0.221875 0.031250 0.031250
0 0.420312 0.535937 0.028125 0.028125
0 0.109375 0.943750 0.031250 0.031250
0 0.862500 0.221875 0.031250 0.031250
0 0.759375 0.040625 0.031250 0.031250
0 0.235937 0.568750 0.034375 0.031250
0 0.562500 0.484375 0.031250 0.031250
0 0.585938 0.101562 0.028125 0.028125
0 0.260937 0.656250 0.028125 0.031250
0 0.965625 0.037500 0.031250 0.031250
0 0.087500 0.167187 0.031250 0.028125
0 0.562500 0.557813 0.031250 0.034375
0 0.468750 0.790625 0.031250 0.031250
0 0.948438 0.490625 0.028125 0.031250
0 0.890625 0.751563 0.031250 0.028125
0 0.881250 0.190625 0.031250 0.031250
0 0.456250 0.425000 0.025000 0.025000
0 0.545312 0.620313 0.028125 0.028125
0 0.179688 0.460938 0.034375 0.034375
0 0.378125 0.767188 0.031250 0.028125
0 0.421875 0.365625 0.031250 0.031250
0 0.115625 0.220312 0.031250 0.028125
0 0.846875 0.609375 0.031250 0.031250
0 0.376563 0.037500 0.034375 0.031250
0 0.359375 0.068750 0.031250 0.031250
0 0.215625 0.884375 0.031250 0.031250
0 0.370312 0.967187 0.034375 0.034375
0 0.198437 0.790625 0.028125 0.031250
0 0.892188 0.923438 0.034375 0.034375
0 0.178125 0.943750 0.031250 0.031250
0 0.475000 0.340625 0.031250 0.031250
0 0.439063 0.771875 0.028125 0.031250
0 0.390625 0.250000 0.031250 0.031250
0 0.493750 0.909375 0.031250 0.031250
0 0.035937 0.723437 0.034375 0.034375
0 0.053125 0.287500 0.031250 0.031250
0 0.278125 0.460938 0.037500 0.034375
0 0.228125 0.637500 0.031250 0.031250
0 0.146875 0.307812 0.031250 0.034375
0 0.073438 0.606250 0.034375 0.031250
0 0.921875 0.835938 0.031250 0.028125
0 0.240625 0.290625 0.031250 0.031250
0 0.740625 0.250000 0.031250 0.031250
0 0.740625 0.190625 0.031250 0.031250
0 0.982812 0.868750 0.028125 0.031250
0 0.178125 0.256250 0.031250 0.031250
0 0.026562 0.131250 0.028125 0.031250
0 0.359375 0.606250 0.031250 0.031250
0 0.742188 0.426563 0.028125 0.028125
0 0.584375 0.159375 0.031250 0.031250
0 0.459375 0.964063 0.031250 0.028125
0 0.257812 0.067187 0.028125 0.028125
0 0.496875 0.484375 0.031250 0.031250
0 0.081250 0.343750 0.031250 0.031250
0 0.198437 0.721875 0.028125 0.031250
0 0.140625 0.340625 0.031250 0.031250
0 0.185938 0.821875 0.034375 0.031250
0 0.415625 0.568750 0.031250 0.031250
0 0.300000 0.253125 0.031250 0.031250
0 0.178125 0.493750 0.031250 0.031250
0 0.690625 0.040625 0.031250 0.031250
0 0.387500 0.375000 0.031250 0.031250
0 0.757812 0.651563 0.028125 0.028125
0 0.087500 0.271875 0.031250 0.031250
0 0.175000 0.425000 0.031250 0.031250
0 0.023438 0.415625 0.028125 0.031250
0 0.115625 0.290625 0.031250 0.031250
0 0.076563 0.529687 0.034375 0.034375
0 0.178125 0.287500 0.031250 0.031250
0 0.145313 0.100000 0.028125 0.031250
0 0.767188 0.792188 0.028125 0.028125
0 0.290625 0.673438 0.031250 0.028125
0 0.214062 0.942187 0.028125 0.028125
0 0.204687 0.040625 0.034375 0.031250
0 0.678125 0.743750 0.031250 0.031250
0 0.921875 0.868750 0.031250 0.031250
0 0.140625 0.581250 0.031250 0.031250
0 0.528125 0.590625 0.031250 0.031250
0 0.146875 0.443750 0.031250 0.031250
0 0.017188 0.600000 0.034375 0.031250
0 0.818750 0.550000 0.031250 0.031250
0 0.653125 0.040625 0.031250 0.031250
0 0.143750 0.512500 0.031250 0.031250
0 0.384375 0.698438 0.031250 0.028125
0 0.528125 0.553125 0.031250 0.031250
0 0.368750 0.457813 0.031250 0.028125
0 0.981250 0.901563 0.031250 0.028125
0 0.073438 0.942187 0.028125 0.028125
0 0.582812 0.931250 0.028125 0.031250
0 0.026562 0.203125 0.028125 0.031250
0 0.392188 0.437500 0.028125 0.031250
0 0.471875 0.398438 0.025000 0.028125
0 0.584375 0.037500 0.031250 0.031250
0 0.296875 0.570312 0.031250 0.034375
0 0.612500 0.915625 0.031250 0.031250
0 0.551562 0.040625 0.034375 0.031250
0 0.384375 0.665625 0.031250 0.031250
0 0.142187 0.375000 0.028125 0.031250
0 0.479687 0.564063 0.034375 0.034375
0 0.248438 0.942187 0.028125 0.028125
0 0.243750 0.454688 0.031250 0.034375
0 0.900000 0.525000 0.031250 0.031250
0 0.446875 0.556250 0.031250 0.031250
0 0.520312 0.426563 0.028125 0.028125
0 0.535937 0.398438 0.028125 0.028125
0 0.115625 0.428125 0.031250 0.031250
0 0.532813 0.070312 0.028125 0.028125
0 0.978125 0.800000 0.031250 0.031250
0 0.526563 0.648438 0.028125 0.028125
0 0.981250 0.731250 0.031250 0.031250
