0 0.370312 0.220312 0.028125 0.028125
0 0.079687 0.471875 0.034375 0.031250
0 0.256250 0.746875 0.031250 0.031250
0 0.162500 0.068750 0.031250 0.031250
0 0.635938 0.228125 0.028125 0.031250
0 0.487500 0.181250 0.031250 0.031250
0 0.546875 0.282813 0.031250 0.028125
0 0.340625 0.168750 0.031250 0.031250
0 0.370312 0.117188 0.028125 0.028125
0 0.078125 0.296875 0.031250 0.031250
0 0.251563 0.048438 0.028125 0.028125
0 0.137500 0.718750 0.031250 0.031250
0 0.284375 0.345313 0.031250 0.028125
0 0.309375 0.084375 0.031250 0.031250
0 0.468750 0.575000 0.031250 0.031250
0 0.193750 0.190625 0.031250 0.031250
0 0.375000 0.428125 0.031250 0.031250
0 0.075000 0.121875 0.031250 0.031250
0 0.039062 0.839063 0.028125 0.028125
0 0.257812 0.806250 0.028125 0.031250
0 0.106250 0.659375 0.031250 0.031250
0 0.048438 0.415625 0.028125 0.031250
0 0.253125 0.153125 0.031250 0.031250
0 0.109375 0.418750 0.031250 0.031250
0 0.659375 0.282813 0.031250 0.028125
0 0.048438 0.314063 0.028125 0.028125
0 0.401562 0.306250 0.028125 0.031250
0 0.046875 0.243750 0.031250 0.031250
0 0.090625 0.575000 0.031250 0.031250
0 0.134375 0.120313 0.031250 0.028125
0 0.106250 0.350000 0.031250 0.031250
0 0.423438 0.720313 0.028125 0.028125
0 0.546875 0.318750 0.031250 0.031250
0 0.432812 0.457813 0.028125 0.028125
0 0.187500 0.687500 0.031250 0.031250
0 0.242188 0.835938 0.028125 0.028125
0 0.470313 0.610938 0.028125 0.028125
0 0.431250 0.321875 0.031250 0.031250
0 0.428125 0.150000 0.031250 0.031250
0 0.196875 0.400000 0.031250 0.031250
0 0.125000 0.629687 0.031250 0.028125
0 0.546875 0.181250 0.031250 0.031250
0 0.312500 0.048438 0.031250 0.028125
0 0.239063 0.776563 0.028125 0.028125
0 0.604688 0.214062 0.028125 0.028125
0 0.223438 0.806250 0.028125 0.031250
0 0.121875 0.689063 0.031250 0.028125
0 0.198437 0.503125 0.028125 0.031250
0 0.140625 0.468750 0.031250 0.031250
0 0.409375 0.579688 0.031250 0.028125
0 0.681250 0.543750 0.031250 0.031250
0 0.175000 0.595313 0.031250 0.034375
0 0.604688 0.279687 0.028125 0.028125
0 0.407813 0.510938 0.028125 0.028125
0 0.134375 0.087500 0.031250 0.031250
0 0.287500 0.450000 0.031250 0.031250
0 0.073438 0.542188 0.028125 0.028125
0 0.464062 0.509375 0.028125 0.031250
0 0.635938 0.162500 0.028125 0.031250
0 0.370312 0.081250 0.028125 0.031250
0 0.401562 0.237500 0.028125 0.031250
0 0.075000 0.157812 0.031250 0.034375
0 0.135937 0.225000 0.028125 0.031250
0 0.453125 0.771875 0.031250 0.031250
0 0.171875 0.778125 0.031250 0.031250
0 0.278125 0.834375 0.031250 0.031250
0 0.312500 0.118750 0.031250 0.031250
0 0.153125 0.750000 0.031250 0.031250
0 0.137500 0.365625 0.031250 0.031250
0 0.165625 0.207813 0.031250 0.028125
0 0.495312 0.557813 0.028125 0.028125
0 0.400000 0.132812 0.031250 0.028125
0 0.373437 0.254688 0.028125 0.028125
0 0.346875 0.479687 0.031250 0.028125
0 0.281250 0.275000 0.031250 0.031250
0 0.225000 0.173437 0.031250 0.034375
0 0.370312 0.151562 0.028125 0.028125
0 0.490625 0.456250 0.031250 0.031250
0 0.225000 0.278125 0.031250 0.031250
0 0.675000 0.215625 0.031250 0.031250
0 0.340625 0.307812 0.031250 0.034375
0 0.576562 0.126562 0.028125 0.028125
0 0.106250 0.278125 0.031250 0.031250
0 0.340625 0.237500 0.031250 0.031250
0 0.573438 0.092188 0.028125 0.028125
0 0.106250 0.312500 0.031250 0.031250
0 0.193750 0.084375 0.031250 0.031250
0 0.259375 0.501563 0.031250 0.028125
0 0.400000 0.064062 0.031250 0.028125
0 0.460938 0.235937 0.028125 0.028125
0 0.604688 0.384375 0.028125 0.031250
0 0.037500 0.662500 0.031250 0.031250
0 0.165625 0.346875 0.031250 0.031250
0 0.317188 0.500000 0.028125 0.031250
0 0.196875 0.329688 0.031250 0.028125
0 0.089063 0.809375 0.034375 0.031250
0 0.446875 0.668750 0.031250 0.031250
0 0.550000 0.485938 0.031250 0.028125
0 0.165625 0.137500 0.031250 0.031250
0 0.350000 0.546875 0.031250 0.031250
0 0.526563 0.573438 0.028125 0.028125
0 0.604688 0.109375 0.028125 0.031250
0 0.271875 0.775000 0.031250 0.031250
0 0.282813 0.204687 0.028125 0.028125
0 0.335938 0.762500 0.028125 0.031250
0 0.131250 0.053125 0.031250 0.031250
0 0.581250 0.503125 0.031250 0.031250
0 0.312500 0.151562 0.031250 0.028125
0 0.229687 0.518750 0.028125 0.031250
0 0.518750 0.198437 0.031250 0.028125
0 0.315625 0.464062 0.031250 0.028125
0 0.237500 0.715625 0.031250 0.031250
0 0.143750 0.543750 0.031250 0.031250
0 0.432812 0.389062 0.028125 0.028125
0 0.515625 0.131250 0.031250 0.031250
0 0.400000 0.100000 0.031250 0.031250
0 0.167187 0.312500 0.028125 0.031250
0 0.312500 0.828125 0.031250 0.031250
0 0.078125 0.365625 0.031250 0.031250
0 0.056250 0.571875 0.031250 0.031250
0 0.253125 0.225000 0.031250 0.031250
0 0.634375 0.125000 0.031250 0.031250
0 0.137500 0.509375 0.031250 0.031250
0 0.646875 0.325000 0.031250 0.031250
0 0.342187 0.273438 0.028125 0.028125
0 0.078125 0.193750 0.031250 0.031250
0 0.196875 0.364063 0.031250 0.028125
0 0.340625 0.100000 0.031250 0.031250
0 0.253125 0.118750 0.031250 0.031250
0 0.267188 0.637500 0.028125 0.031250
0 0.356250 0.653125 0.031250 0.031250
0 0.104688 0.839063 0.028125 0.028125
0 0.121875 0.868750 0.031250 0.031250
0 0.376563 0.495312 0.028125 0.028125
0 0.417187 0.651563 0.028125 0.028125
0 0.604688 0.315625 0.028125 0.031250
0 0.290625 0.553125 0.031250 0.031250
0 0.078125 0.437500 0.031250 0.031250
0 0.037500 0.543750 0.031250 0.031250
0 0.109375 0.543750 0.031250 0.031250
0 0.284375 0.378125 0.031250 0.031250
0 0.765625 0.203125 0.031250 0.031250
0 0.431250 0.356250 0.031250 0.031250
0 0.604688 0.179688 0.028125 0.028125
0 0.156250 0.687500 0.031250 0.031250
0 0.203125 0.718750 0.031250 0.031250
0 0.315625 0.396875 0.031250 0.031250
0 0.021875 0.809375 0.031250 0.031250
0 0.017188 0.157812 0.028125 0.028125
0 0.106250 0.778125 0.031250 0.031250
0 0.417187 0.687500 0.028125 0.031250
0 0.282813 0.134375 0.028125 0.031250
0 0.167187 0.384375 0.028125 0.031250
0 0.385937 0.804688 0.034375 0.034375
0 0.459375 0.200000 0.031250 0.031250
0 0.228125 0.450000 0.031250 0.031250
0 0.665625 0.084375 0.031250 0.031250
0 0.189062 0.626563 0.034375 0.034375
0 0.584375 0.604688 0.031250 0.034375
0 0.314063 0.360938 0.028125 0.028125
0 0.459375 0.064062 0.031250 0.034375
0 0.453125 0.703125 0.031250 0.031250
0 0.312500 0.187500 0.031250 0.031250
0 0.221875 0.031250 0.031250 0.031250
0 0.384375 0.601562 0.031250 0.028125
0 0.575000 0.160938 0.031250 0.028125
0 0.237500 0.656250 0.031250 0.031250
0 0.459375 0.268750 0.031250 0.031250
0 0.198437 0.434375 0.028125 0.031250
0 0.104688 0.720313 0.028125 0.028125
0 0.515625 0.059375 0.031250 0.031250
0 0.284375 0.414062 0.031250 0.028125
0 0.604688 0.142187 0.028125 0.028125
0 0.078125 0.331250 0.031250 0.031250
0 0.251563 0.084375 0.028125 0.031250
0 0.371875 0.290625 0.031250 0.031250
0 0.225000 0.312500 0.031250 0.031250
0 0.490625 0.356250 0.031250 0.031250
0 0.325000 0.600000 0.031250 0.031250
0 0.664062 0.248438 0.028125 0.028125
0 0.256250 0.396875 0.031250 0.031250
0 0.637500 0.534375 0.031250 0.031250
0 0.200000 0.540625 0.031250 0.031250
0 0.432812 0.425000 0.028125 0.031250
0 0.296875 0.618750 0.031250 0.031250
0 0.490625 0.215625 0.031250 0.031250
0 0.431250 0.217188 0.031250 0.028125
0 0.221875 0.065625 0.031250 0.031250
0 0.576562 0.300000 0.028125 0.031250
0 0.459375 0.131250 0.031250 0.031250
0 0.048438 0.350000 0.028125 0.031250
0 0.670312 0.485938 0.028125 0.028125
0 0.704688 0.079687 0.034375 0.034375
0 0.225000 0.346875 0.031250 0.031250
0 0.706250 0.206250 0.031250 0.031250
0 0.407813 0.545312 0.028125 0.028125
0 0.428125 0.046875 0.031250 0.031250
0 0.701562 0.364063 0.028125 0.028125
0 0.550000 0.418750 0.031250 0.031250
0 0.256250 0.362500 0.031250 0.031250
0 0.018750 0.192188 0.031250 0.028125
0 0.135937 0.259375 0.028125 0.031250
0 0.225000 0.865625 0.031250 0.031250
0 0.404687 0.407813 0.028125 0.028125
0 0.385937 0.634375 0.028125 0.031250
0 0.460938 0.337500 0.028125 0.031250
0 0.109375 0.453125 0.031250 0.031250
0 0.517188 0.164062 0.028125 0.028125
0 0.692187 0.178125 0.028125 0.031250
0 0.231250 0.556250 0.031250 0.031250
0 0.078125 0.400000 0.031250 0.031250
0 0.079687 0.228125 0.028125 0.031250
0 0.387500 0.703125 0.031250 0.031250
0 0.048438 0.207813 0.028125 0.028125
0 0.640625 0.359375 0.031250 0.031250
0 0.509375 0.703125 0.031250 0.031250
0 0.343750 0.376563 0.031250 0.028125
0 0.046875 0.178125 0.031250 0.031250
0 0.431250 0.253125 0.031250 0.031250
0 0.521875 0.439063 0.031250 0.028125
0 0.126562 0.571875 0.028125 0.031250
0 0.289062 0.484375 0.028125 0.031250
0 0.428125 0.115625 0.031250 0.031250
0 0.206250 0.778125 0.031250 0.031250
0 0.732812 0.351562 0.028125 0.028125
0 0.168750 0.521875 0.031250 0.031250
0 0.400000 0.167187 0.031250 0.028125
0 0.071875 0.778125 0.031250 0.031250
0 0.162500 0.032813 0.031250 0.034375
0 0.198437 0.467187 0.028125 0.028125
0 0.590625 0.673438 0.031250 0.028125
0 0.462500 0.439063 0.031250 0.028125
0 0.700000 0.240625 0.031250 0.031250
0 0.632812 0.264062 0.028125 0.028125
0 0.193750 0.120313 0.031250 0.034375
0 0.281250 0.065625 0.031250 0.031250
0 0.670312 0.376563 0.028125 0.028125
0 0.018750 0.431250 0.031250 0.031250
0 0.579688 0.465625 0.028125 0.031250
0 0.284375 0.309375 0.031250 0.031250
0 0.459375 0.303125 0.031250 0.031250
0 0.340625 0.064062 0.031250 0.028125
0 0.018750 0.226562 0.031250 0.028125
0 0.531250 0.640625 0.031250 0.031250
0 0.731250 0.021875 0.031250 0.031250
0 0.423438 0.756250 0.028125 0.031250
0 0.312500 0.257812 0.031250 0.028125
0 0.256250 0.431250 0.031250 0.031250
0 0.575000 0.729688 0.031250 0.028125
0 0.690625 0.462500 0.031250 0.031250
0 0.428125 0.184375 0.031250 0.031250
0 0.668750 0.151562 0.031250 0.028125
0 0.493750 0.787500 0.031250 0.031250
0 0.401562 0.339062 0.028125 0.028125
0 0.365625 0.751563 0.031250 0.028125
0 0.156250 0.868750 0.031250 0.031250
0 0.659375 0.184375 0.031250 0.031250
0 0.040625 0.603125 0.031250 0.031250
0 0.021875 0.868750 0.031250 0.031250
0 0.140625 0.837500 0.031250 0.031250
0 0.415625 0.618750 0.031250 0.031250
0 0.168750 0.453125 0.031250 0.031250
0 0.270313 0.706250 0.034375 0.031250
0 0.490625 0.387500 0.031250 0.031250
0 0.225000 0.240625 0.031250 0.031250
0 0.460938 0.371875 0.028125 0.031250
0 0.368750 0.048438 0.031250 0.028125
0 0.645312 0.057813 0.028125 0.028125
0 0.089063 0.690625 0.028125 0.031250
0 0.137500 0.296875 0.031250 0.031250
0 0.071875 0.839063 0.031250 0.028125
0 0.445312 0.634375 0.028125 0.031250
0 0.518750 0.403125 0.031250 0.031250
0 0.575000 0.231250 0.031250 0.031250
0 0.634375 0.428125 0.031250 0.031250
0 0.298438 0.687500 0.028125 0.031250
0 0.282813 0.239063 0.028125 0.028125
0 0.639062 0.498437 0.028125 0.028125
0 0.037500 0.778125 0.031250 0.031250
0 0.404687 0.478125 0.028125 0.031250
0 0.554688 0.554688 0.028125 0.028125
0 0.329688 0.703125 0.028125 0.031250
0 0.709375 0.296875 0.031250 0.031250
0 0.600000 0.706250 0.031250 0.031250
0 0.282813 0.171875 0.028125 0.031250
0 0.464062 0.803125 0.028125 0.031250
0 0.606250 0.350000 0.031250 0.031250
0 0.281250 0.031250 0.031250 0.031250
0 0.318750 0.734375 0.031250 0.031250
0 0.370312 0.843750 0.034375 0.031250
0 0.662500 0.443750 0.031250 0.031250
0 0.603125 0.248438 0.031250 0.028125
0 0.500000 0.628125 0.031250 0.031250
0 0.018750 0.364063 0.031250 0.028125
0 0.354687 0.584375 0.028125 0.031250
0 0.346875 0.817187 0.031250 0.034375
0 0.482812 0.721875 0.028125 0.031250
0 0.375000 0.462500 0.031250 0.031250
0 0.764062 0.335938 0.028125 0.028125
0 0.396875 0.028125 0.031250 0.031250
0 0.735938 0.221875 0.028125 0.031250
0 0.021875 0.510938 0.031250 0.034375
0 0.253125 0.293750 0.031250 0.031250
0 0.670312 0.573438 0.028125 0.028125
0 0.023438 0.629687 0.028125 0.028125
0 0.740625 0.056250 0.031250 0.031250
0 0.760938 0.370312 0.028125 0.028125
0 0.665625 0.025000 0.031250 0.031250
0 0.496875 0.028125 0.031250 0.031250
0 0.696875 0.395313 0.031250 0.028125
0 0.704688 0.148438 0.028125 0.028125
0 0.521875 0.771875 0.031250 0.031250
0 0.434375 0.820312 0.031250 0.034375
0 0.042188 0.107813 0.034375 0.034375
0 0.765625 0.106250 0.031250 0.031250
0 0.723437 0.415625 0.028125 0.031250
0 0.576562 0.401562 0.028125 0.028125
0 0.765625 0.237500 0.031250 0.031250
0 0.018750 0.398438 0.031250 0.028125
0 0.435937 0.493750 0.028125 0.031250
0 0.631250 0.028125 0.031250 0.031250
0 0.545312 0.114062 0.028125 0.028125
0 0.135937 0.190625 0.028125 0.031250
0 0.156250 0.628125 0.031250 0.031250
0 0.290625 0.801562 0.031250 0.028125
0 0.046875 0.140625 0.031250 0.031250
0 0.765625 0.303125 0.031250 0.031250
0 0.673438 0.345313 0.028125 0.028125
0 0.620313 0.620313 0.034375 0.034375
0 0.714063 0.542188 0.028125 0.028125
0 0.157812 0.809375 0.028125 0.031250
0 0.120313 0.750000 0.028125 0.031250
0 0.692187 0.429688 0.028125 0.028125
0 0.625000 0.682813 0.031250 0.028125
0 0.629687 0.298438 0.028125 0.028125
0 0.517188 0.095312 0.034375 0.034375
0 0.192188 0.868750 0.034375 0.031250
0 0.710938 0.485938 0.028125 0.028125
0 0.737500 0.156250 0.031250 0.031250
0 0.132812 0.017188 0.028125 0.028125
0 0.262500 0.865625 0.031250 0.031250
0 0.693750 0.515625 0.031250 0.031250
0 0.087500 0.750000 0.031250 0.031250
0 0.665625 0.629687 0.031250 0.034375
0 0.517188 0.267188 0.028125 0.028125
0 0.017188 0.465625 0.028125 0.031250
0 0.765625 0.073438 0.031250 0.034375
0 0.371875 0.359375 0.031250 0.031250
0 0.531250 0.028125 0.031250 0.031250
0 0.090625 0.631250 0.031250 0.031250
0 0.225000 0.684375 0.031250 0.031250
0 0.740625 0.470313 0.031250 0.034375
0 0.582812 0.571875 0.028125 0.031250
0 0.604688 0.414062 0.028125 0.028125
0 0.223438 0.623437 0.034375 0.034375
0 0.540625 0.718750 0.031250 0.031250
0 0.046875 0.278125 0.031250 0.031250
0 0.543750 0.246875 0.031250 0.031250
0 0.262500 0.603125 0.031250 0.031250
0 0.459375 0.028125 0.031250 0.031250
0 0.510938 0.737500 0.028125 0.031250
0 0.548438 0.384375 0.028125 0.031250
0 0.698438 0.023438 0.028125 0.028125
0 0.301563 0.860938 0.034375 0.034375
0 0.612500 0.070312 0.031250 0.034375
0 0.165625 0.276562 0.031250 0.028125
0 0.537500 0.682813 0.031250 0.034375
0 0.018750 0.293750 0.031250 0.031250
0 0.090625 0.515625 0.031250 0.031250
0 0.106250 0.209375 0.031250 0.031250
0 0.575000 0.367188 0.031250 0.028125
0 0.373437 0.392188 0.028125 0.028125
0 0.312500 0.325000 0.031250 0.031250
0 0.581250 0.535937 0.031250 0.028125
0 0.484375 0.078125 0.031250 0.031250
0 0.504687 0.665625 0.034375 0.031250
0 0.637500 0.465625 0.031250 0.031250
0 0.493750 0.525000 0.031250 0.031250
0 0.682813 0.603125 0.028125 0.031250
0 0.479687 0.684375 0.028125 0.031250
0 0.048438 0.382812 0.028125 0.028125
0 0.678125 0.309375 0.031250 0.031250
0 0.579688 0.057813 0.034375 0.034375
0 0.165625 0.171875 0.031250 0.031250
0 0.550000 0.751563 0.031250 0.034375
0 0.559375 0.659375 0.031250 0.031250
0 0.340625 0.204687 0.031250 0.028125
0 0.650000 0.600000 0.031250 0.031250
0 0.343750 0.340625 0.031250 0.031250
0 0.487500 0.112500 0.031250 0.031250
0 0.328125 0.668750 0.031250 0.031250
0 0.717187 0.448437 0.028125 0.028125
0 0.109375 0.171875 0.031250 0.031250
0 0.071875 0.659375 0.031250 0.031250
0 0.376563 0.528125 0.028125 0.031250
0 0.193750 0.153125 0.031250 0.031250
0 0.728125 0.512500 0.031250 0.031250
0 0.525000 0.539062 0.031250 0.028125
0 0.046875 0.484375 0.031250 0.031250
0 0.231250 0.590625 0.031250 0.031250
0 0.490625 0.490625 0.031250 0.031250
0 0.481250 0.756250 0.031250 0.031250
0 0.203125 0.656250 0.031250 0.031250
0 0.526563 0.607812 0.028125 0.028125
0 0.346875 0.515625 0.031250 0.031250
0 0.635938 0.393750 0.028125 0.031250
0 0.260937 0.570312 0.028125 0.028125
0 0.203125 0.573438 0.031250 0.028125
0 0.610938 0.551562 0.028125 0.028125
0 0.040625 0.037500 0.031250 0.031250
0 0.267188 0.673438 0.028125 0.028125
0 0.459375 0.096875 0.031250 0.031250
0 0.309375 0.015625 0.031250 0.031250
0 0.612500 0.585938 0.031250 0.028125
0 0.103125 0.034375 0.031250 0.031250
0 0.196875 0.259375 0.031250 0.031250
0 0.356250 0.720313 0.031250 0.028125
0 0.701562 0.114062 0.034375 0.034375
0 0.190625 0.015625 0.031250 0.031250
0 0.767188 0.142187 0.034375 0.034375
0 0.518750 0.231250 0.031250 0.031250
0 0.021875 0.573438 0.031250 0.028125
0 0.342187 0.134375 0.028125 0.031250
0 0.646875 0.657813 0.031250 0.034375
0 0.370312 0.185938 0.028125 0.028125
0 0.704688 0.329688 0.028125 0.028125
0 0.490625 0.250000 0.031250 0.031250
0 0.517188 0.335938 0.028125 0.028125
0 0.135937 0.156250 0.028125 0.031250
0 0.606250 0.450000 0.031250 0.031250
0 0.321875 0.565625 0.031250 0.031250
0 0.565625 0.696875 0.031250 0.031250
0 0.359375 0.687500 0.031250 0.031250
0 0.518750 0.370312 0.031250 0.028125
0 0.056250 0.629687 0.031250 0.028125
0 0.137500 0.434375 0.031250 0.031250
0 0.087500 0.868750 0.031250 0.031250
0 0.551562 0.520312 0.028125 0.028125
0 0.576562 0.264062 0.028125 0.028125
0 0.256250 0.328125 0.031250 0.031250
0 0.292187 0.582812 0.028125 0.028125
0 0.223438 0.206250 0.028125 0.031250
0 0.548438 0.350000 0.028125 0.031250
0 0.585938 0.637500 0.028125 0.031250
0 0.521875 0.471875 0.031250 0.031250
0 0.303125 0.765625 0.031250 0.031250
0 0.121875 0.807813 0.031250 0.028125
0 0.168750 0.487500 0.031250 0.031250
0 0.667188 0.120313 0.034375 0.034375
0 0.253125 0.189062 0.031250 0.028125
0 0.298438 0.653125 0.028125 0.031250
0 0.171875 0.559375 0.031250 0.031250
0 0.517188 0.300000 0.028125 0.031250
0 0.546875 0.214062 0.031250 0.028125
0 0.056250 0.868750 0.031250 0.031250
0 0.048438 0.450000 0.028125 0.031250
0 0.371875 0.325000 0.031250 0.031250
0 0.225000 0.135937 0.031250 0.028125
0 0.523438 0.504687 0.028125 0.028125
0 0.393750 0.735938 0.031250 0.028125
0 0.104688 0.137500 0.028125 0.031250
0 0.334375 0.853125 0.031250 0.031250
0 0.173437 0.718750 0.028125 0.031250
0 0.189062 0.746875 0.028125 0.031250
0 0.192188 0.048438 0.028125 0.028125
0 0.357812 0.785937 0.028125 0.028125
0 0.600000 0.031250 0.031250 0.031250
0 0.475000 0.650000 0.031250 0.031250
0 0.428125 0.081250 0.031250 0.031250
0 0.137500 0.778125 0.031250 0.031250
0 0.609375 0.517188 0.031250 0.028125
0 0.059375 0.512500 0.031250 0.031250
0 0.498437 0.592187 0.028125 0.028125
0 0.703125 0.575000 0.031250 0.031250
0 0.400000 0.200000 0.031250 0.031250
0 0.556250 0.623437 0.031250 0.028125
0 0.110937 0.487500 0.028125 0.031250
0 0.287500 0.734375 0.031250 0.031250
0 0.018750 0.262500 0.031250 0.031250
0 0.018750 0.329688 0.031250 0.028125
0 0.389062 0.670312 0.028125 0.028125
0 0.073438 0.603125 0.028125 0.031250
0 0.462500 0.406250 0.031250 0.031250
0 0.354687 0.618750 0.028125 0.031250
0 0.765625 0.271875 0.031250 0.031250
0 0.576562 0.195312 0.028125 0.028125
0 0.196875 0.293750 0.031250 0.031250
0 0.609375 0.484375 0.031250 0.031250
0 0.326562 0.635938 0.028125 0.028125
0 0.142187 0.601562 0.028125 0.028125
0 0.634375 0.093750 0.031250 0.031250
0 0.575000 0.332813 0.031250 0.028125
0 0.175000 0.837500 0.031250 0.031250
0 0.167187 0.243750 0.028125 0.031250
0 0.320312 0.532813 0.028125 0.028125
0 0.664062 0.517188 0.028125 0.028125
0 0.139063 0.400000 0.028125 0.031250
0 0.734375 0.121875 0.031250 0.031250
0 0.490625 0.318750 0.031250 0.031250
0 0.767188 0.171875 0.028125 0.031250
0 0.401562 0.373437 0.028125 0.028125
0 0.259375 0.534375 0.031250 0.031250
0 0.056250 0.689063 0.031250 0.028125
0 0.170313 0.657813 0.028125 0.028125
0 0.107813 0.601562 0.028125 0.028125
0 0.615625 0.650000 0.031250 0.031250
0 0.078125 0.262500 0.031250 0.031250
0 0.167187 0.417187 0.028125 0.028125
0 0.421875 0.787500 0.031250 0.031250
0 0.639062 0.567187 0.028125 0.028125
0 0.321875 0.793750 0.031250 0.031250
0 0.403125 0.834375 0.031250 0.031250
0 0.393750 0.770312 0.031250 0.028125
0 0.439063 0.595313 0.028125 0.028125
0 0.289062 0.517188 0.028125 0.028125
0 0.554688 0.589063 0.028125 0.028125
0 0.679688 0.054688 0.028125 0.028125
0 0.257812 0.465625 0.028125 0.031250
0 0.457813 0.165625 0.028125 0.031250
0 0.665625 0.409375 0.031250 0.031250
0 0.207813 0.837500 0.028125 0.031250
0 0.576562 0.435937 0.028125 0.028125
0 0.196875 0.223438 0.031250 0.028125
0 0.189062 0.807813 0.028125 0.028125
0 0.015625 0.121875 0.031250 0.031250
0 0.401562 0.273438 0.028125 0.028125
0 0.435937 0.529687 0.028125 0.028125
0 0.734375 0.090625 0.031250 0.031250
0 0.734375 0.318750 0.031250 0.031250
0 0.715625 0.265625 0.025000 0.025000
0 0.226562 0.485938 0.028125 0.028125
0 0.562500 0.028125 0.031250 0.031250
0 0.492188 0.420312 0.028125 0.028125
0 0.310937 0.292187 0.028125 0.028125
0 0.435937 0.560937 0.028125 0.028125
0 0.053125 0.809375 0.031250 0.031250
0 0.018750 0.687500 0.031250 0.031250
0 0.465625 0.542188 0.025000 0.028125
0 0.546875 0.059375 0.031250 0.031250
0 0.460938 0.473438 0.028125 0.028125
0 0.106250 0.384375 0.031250 0.031250
0 0.487500 0.148438 0.025000 0.028125
0 0.340625 0.031250 0.031250 0.031250
0 0.139063 0.329688 0.028125 0.028125
0 0.489063 0.285938 0.028125 0.028125
0 0.315625 0.428125 0.031250 0.031250
0 0.404687 0.442188 0.028125 0.028125
0 0.071875 0.018750 0.031250 0.031250
0 0.040625 0.075000 0.031250 0.031250
0 0.104688 0.106250 0.028125 0.031250
0 0.379688 0.564063 0.028125 0.028125
0 0.310937 0.221875 0.028125 0.025000
0 0.226562 0.382812 0.028125 0.028125
