0 0.734375 0.153125 0.031250 0.031250
0 0.757812 0.435937 0.028125 0.028125
0 0.590625 0.203125 0.031250 0.031250
0 0.387500 0.734375 0.031250 0.031250
0 0.146875 0.771875 0.031250 0.031250
0 0.534375 0.137500 0.031250 0.031250
0 0.409375 0.760938 0.031250 0.028125
0 0.321875 0.676562 0.031250 0.028125
0 0.459375 0.678125 0.031250 0.031250
0 0.312500 0.829688 0.031250 0.028125
0 0.531250 0.559375 0.031250 0.031250
0 0.764062 0.370312 0.028125 0.028125
0 0.646875 0.700000 0.031250 0.031250
0 0.362500 0.850000 0.031250 0.031250
0 0.342187 0.823438 0.028125 0.028125
0 0.473438 0.648438 0.028125 0.028125
0 0.592187 0.170313 0.028125 0.028125
0 0.390625 0.678125 0.031250 0.031250
0 0.754687 0.470313 0.028125 0.028125
0 0.668750 0.631250 0.031250 0.031250
0 0.620313 0.185938 0.028125 0.028125
0 0.789062 0.389062 0.028125 0.028125
0 0.592187 0.139063 0.028125 0.028125
0 0.407813 0.809375 0.028125 0.031250
0 0.421875 0.134375 0.031250 0.031250
0 0.653125 0.668750 0.031250 0.031250
0 0.112500 0.546875 0.031250 0.031250
0 0.704688 0.168750 0.028125 0.031250
0 0.507812 0.121875 0.028125 0.031250
0 0.620313 0.154688 0.028125 0.028125
0 0.329688 0.856250 0.028125 0.031250
0 0.431250 0.789062 0.031250 0.028125
0 0.562500 0.218750 0.031250 0.031250
0 0.243750 0.714063 0.031250 0.028125
0 0.371875 0.534375 0.031250 0.031250
0 0.387500 0.787500 0.031250 0.031250
0 0.278125 0.581250 0.031250 0.031250
0 0.562500 0.153125 0.031250 0.031250
0 0.675000 0.153125 0.031250 0.031250
0 0.650000 0.600000 0.031250 0.031250
0 0.048438 0.773438 0.028125 0.028125
0 0.732812 0.187500 0.028125 0.031250
0 0.551562 0.614062 0.028125 0.028125
0 0.609375 0.693750 0.031250 0.031250
0 0.662500 0.290625 0.031250 0.031250
0 0.703125 0.432812 0.031250 0.028125
0 0.464062 0.784375 0.028125 0.031250
0 0.418750 0.231250 0.031250 0.031250
0 0.115625 0.659375 0.031250 0.031250
0 0.275000 0.770312 0.031250 0.028125
0 0.290625 0.621875 0.031250 0.031250
0 0.339062 0.765625 0.028125 0.031250
0 0.296875 0.859375 0.031250 0.031250
0 0.564063 0.121875 0.028125 0.031250
0 0.760938 0.168750 0.028125 0.031250
0 0.648438 0.137500 0.028125 0.031250
0 0.259375 0.800000 0.031250 0.031250
0 0.578125 0.698438 0.031250 0.028125
0 0.393750 0.843750 0.031250 0.031250
0 0.423438 0.678125 0.028125 0.031250
0 0.292187 0.739062 0.028125 0.028125
0 0.531250 0.784375 0.031250 0.031250
0 0.628125 0.575000 0.031250 0.031250
0 0.339062 0.706250 0.028125 0.031250
0 0.225000 0.631250 0.031250 0.031250
0 0.309375 0.559375 0.031250 0.031250
0 0.589063 0.364063 0.028125 0.028125
0 0.289062 0.682813 0.028125 0.028125
0 0.215625 0.828125 0.031250 0.031250
0 0.729688 0.451562 0.028125 0.028125
0 0.193750 0.631250 0.031250 0.031250
0 0.785937 0.420312 0.028125 0.028125
0 0.675000 0.218750 0.031250 0.031250
0 0.731250 0.218750 0.031250 0.031250
0 0.032813 0.689063 0.028125 0.028125
0 0.478125 0.201563 0.031250 0.028125
0 0.528125 0.729688 0.031250 0.028125
0 0.259375 0.742188 0.031250 0.028125
0 0.493750 0.675000 0.031250 0.031250
0 0.648438 0.170313 0.028125 0.028125
0 0.729688 0.417187 0.028125 0.028125
0 0.148438 0.715625 0.028125 0.031250
0 0.593750 0.075000 0.031250 0.031250
0 0.562500 0.187500 0.031250 0.031250
0 0.648438 0.201563 0.028125 0.028125
0 0.623437 0.726562 0.034375 0.034375
0 0.340625 0.593750 0.031250 0.031250
0 0.568750 0.584375 0.031250 0.031250
0 0.450000 0.815625 0.031250 0.031250
0 0.765625 0.306250 0.031250 0.031250
0 0.703125 0.234375 0.031250 0.031250
0 0.687500 0.659375 0.031250 0.031250
0 0.637500 0.306250 0.031250 0.031250
0 0.481250 0.814063 0.031250 0.028125
0 0.701562 0.467187 0.028125 0.028125
0 0.764062 0.337500 0.028125 0.031250
0 0.504687 0.217188 0.028125 0.028125
0 0.278125 0.546875 0.031250 0.031250
0 0.704688 0.137500 0.028125 0.031250
0 0.231250 0.859375 0.031250 0.031250
0 0.425000 0.734375 0.031250 0.031250
0 0.468750 0.537500 0.031250 0.031250
0 0.734375 0.575000 0.031250 0.031250
0 0.765625 0.271875 0.031250 0.031250
0 0.584375 0.756250 0.031250 0.031250
0 0.165625 0.859375 0.031250 0.031250
0 0.650000 0.104688 0.031250 0.028125
0 0.306250 0.768750 0.031250 0.031250
0 0.573438 0.643750 0.028125 0.031250
0 0.246875 0.828125 0.031250 0.031250
0 0.339062 0.651563 0.028125 0.028125
0 0.148438 0.829688 0.028125 0.028125
0 0.081250 0.771875 0.031250 0.031250
0 0.792188 0.354687 0.028125 0.028125
0 0.589063 0.264062 0.028125 0.028125
0 0.226562 0.743750 0.028125 0.031250
0 0.451562 0.151562 0.028125 0.028125
0 0.131250 0.800000 0.031250 0.031250
0 0.451562 0.118750 0.028125 0.031250
0 0.392188 0.509375 0.028125 0.031250
0 0.407813 0.706250 0.028125 0.031250
0 0.732812 0.120313 0.028125 0.028125
0 0.098437 0.689063 0.028125 0.028125
0 0.421875 0.360938 0.031250 0.028125
0 0.375000 0.818750 0.031250 0.031250
0 0.500000 0.840625 0.031250 0.031250
0 0.546875 0.756250 0.031250 0.031250
0 0.457813 0.729688 0.028125 0.028125
0 0.532813 0.234375 0.028125 0.031250
0 0.304688 0.707812 0.028125 0.028125
0 0.645312 0.234375 0.028125 0.031250
0 0.585938 0.493750 0.028125 0.031250
0 0.478125 0.170313 0.031250 0.028125
0 0.421875 0.198437 0.031250 0.028125
0 0.678125 0.318750 0.031250 0.031250
0 0.048438 0.603125 0.028125 0.031250
0 0.065625 0.743750 0.031250 0.031250
0 0.425000 0.035937 0.031250 0.028125
0 0.034375 0.743750 0.031250 0.031250
0 0.635938 0.634375 0.028125 0.031250
0 0.703125 0.200000 0.031250 0.031250
0 0.620313 0.120313 0.028125 0.028125
0 0.621875 0.667188 0.031250 0.028125
0 0.278125 0.212500 0.031250 0.031250
0 0.359375 0.565625 0.031250 0.031250
0 0.137500 0.392188 0.031250 0.028125
0 0.306250 0.650000 0.031250 0.031250
0 0.448437 0.445312 0.028125 0.028125
0 0.626563 0.057813 0.028125 0.028125
0 0.732812 0.385937 0.028125 0.028125
0 0.228125 0.800000 0.031250 0.031250
0 0.451562 0.217188 0.028125 0.028125
0 0.592187 0.107813 0.028125 0.028125
0 0.703125 0.575000 0.031250 0.031250
0 0.532813 0.426563 0.028125 0.028125
0 0.364063 0.493750 0.028125 0.031250
0 0.418750 0.293750 0.031250 0.031250
0 0.504687 0.184375 0.028125 0.031250
0 0.450000 0.346875 0.031250 0.031250
0 0.792188 0.321875 0.028125 0.031250
0 0.176563 0.603125 0.028125 0.031250
0 0.420312 0.167187 0.028125 0.028125
0 0.425000 0.068750 0.031250 0.031250
0 0.354687 0.732812 0.028125 0.028125
0 0.307812 0.100000 0.028125 0.031250
0 0.140625 0.531250 0.031250 0.031250
0 0.496875 0.787500 0.031250 0.031250
0 0.132812 0.498437 0.028125 0.028125
0 0.096875 0.800000 0.031250 0.031250
0 0.539062 0.643750 0.028125 0.031250
0 0.707812 0.304688 0.028125 0.028125
0 0.593750 0.725000 0.031250 0.031250
0 0.617188 0.281250 0.028125 0.031250
0 0.221875 0.543750 0.031250 0.031250
0 0.065625 0.856250 0.031250 0.031250
0 0.562500 0.728125 0.031250 0.031250
0 0.032813 0.800000 0.028125 0.031250
0 0.535937 0.104688 0.028125 0.028125
0 0.614062 0.510938 0.028125 0.028125
0 0.534375 0.331250 0.031250 0.031250
0 0.278125 0.115625 0.031250 0.031250
0 0.534375 0.264062 0.031250 0.028125
0 0.592187 0.232813 0.028125 0.028125
0 0.437500 0.537500 0.031250 0.031250
0 0.131250 0.575000 0.031250 0.031250
0 0.081250 0.659375 0.031250 0.031250
0 0.307812 0.529687 0.028125 0.028125
0 0.759375 0.401562 0.031250 0.028125
0 0.104688 0.515625 0.028125 0.031250
0 0.782813 0.454688 0.028125 0.028125
0 0.242188 0.770312 0.028125 0.028125
0 0.131250 0.859375 0.031250 0.031250
0 0.562500 0.348438 0.031250 0.028125
0 0.181250 0.828125 0.031250 0.031250
0 0.675000 0.187500 0.031250 0.031250
0 0.506250 0.089063 0.031250 0.028125
0 0.195312 0.743750 0.028125 0.031250
0 0.410938 0.871875 0.034375 0.031250
0 0.760938 0.200000 0.028125 0.031250
0 0.585938 0.612500 0.028125 0.031250
0 0.337500 0.509375 0.031250 0.031250
0 0.323437 0.796875 0.028125 0.031250
0 0.656250 0.557813 0.031250 0.034375
0 0.275000 0.653125 0.031250 0.031250
0 0.032813 0.632812 0.028125 0.028125
0 0.512500 0.759375 0.031250 0.031250
0 0.112500 0.604688 0.031250 0.028125
0 0.654687 0.739062 0.034375 0.034375
0 0.564063 0.782813 0.028125 0.028125
0 0.478125 0.754687 0.031250 0.028125
0 0.478125 0.135937 0.031250 0.028125
0 0.421875 0.101562 0.031250 0.028125
0 0.507812 0.153125 0.028125 0.031250
0 0.710938 0.073438 0.028125 0.028125
0 0.478125 0.104688 0.031250 0.028125
0 0.164062 0.743750 0.028125 0.031250
0 0.615625 0.350000 0.031250 0.031250
0 0.596875 0.043750 0.031250 0.031250
0 0.114062 0.715625 0.028125 0.031250
0 0.450000 0.087500 0.031250 0.031250
0 0.682813 0.025000 0.028125 0.031250
0 0.114062 0.773438 0.028125 0.028125
0 0.307812 0.495312 0.028125 0.028125
0 0.687500 0.604688 0.031250 0.034375
0 0.710938 0.040625 0.028125 0.031250
0 0.534375 0.168750 0.031250 0.031250
0 0.081250 0.828125 0.031250 0.031250
0 0.193750 0.565625 0.031250 0.031250
0 0.210938 0.659375 0.028125 0.031250
0 0.739062 0.057813 0.028125 0.028125
0 0.262500 0.860938 0.031250 0.028125
0 0.190625 0.165625 0.031250 0.031250
0 0.064062 0.575000 0.028125 0.031250
0 0.096875 0.856250 0.031250 0.031250
0 0.815625 0.407813 0.031250 0.028125
0 0.195312 0.495312 0.028125 0.028125
0 0.496875 0.731250 0.031250 0.031250
0 0.256250 0.626563 0.031250 0.028125
0 0.425000 0.837500 0.031250 0.031250
0 0.678125 0.714063 0.031250 0.028125
0 0.620313 0.089063 0.028125 0.028125
0 0.176563 0.659375 0.028125 0.031250
0 0.451562 0.565625 0.028125 0.031250
0 0.562500 0.282813 0.031250 0.028125
0 0.604688 0.639062 0.028125 0.028125
0 0.267188 0.053125 0.028125 0.031250
0 0.278125 0.831250 0.031250 0.031250
0 0.617188 0.445312 0.028125 0.028125
0 0.437500 0.595313 0.031250 0.028125
0 0.160938 0.629687 0.028125 0.028125
0 0.614062 0.545312 0.028125 0.028125
0 0.454688 0.021875 0.028125 0.031250
0 0.560937 0.445312 0.028125 0.028125
0 0.617188 0.476562 0.028125 0.028125
0 0.278125 0.512500 0.031250 0.031250
0 0.676562 0.123438 0.028125 0.028125
0 0.223438 0.575000 0.028125 0.031250
0 0.195312 0.529687 0.028125 0.028125
0 0.081250 0.492188 0.031250 0.028125
0 0.048438 0.660937 0.028125 0.028125
0 0.704688 0.367188 0.028125 0.028125
0 0.323437 0.623437 0.028125 0.028125
0 0.440625 0.704688 0.031250 0.028125
0 0.364063 0.228125 0.028125 0.031250
0 0.453125 0.309375 0.031250 0.031250
0 0.739062 0.089063 0.028125 0.028125
0 0.418750 0.493750 0.031250 0.031250
0 0.448437 0.248438 0.028125 0.028125
0 0.195312 0.685937 0.028125 0.028125
0 0.478125 0.703125 0.031250 0.031250
0 0.560937 0.510938 0.028125 0.028125
0 0.212500 0.714063 0.031250 0.028125
0 0.096875 0.629687 0.031250 0.028125
0 0.592187 0.670312 0.028125 0.028125
0 0.129688 0.629687 0.028125 0.028125
0 0.395313 0.082812 0.028125 0.028125
0 0.198437 0.859375 0.028125 0.031250
0 0.160938 0.687500 0.028125 0.031250
0 0.673438 0.415625 0.028125 0.031250
0 0.504687 0.379688 0.028125 0.028125
0 0.534375 0.300000 0.031250 0.031250
0 0.323437 0.737500 0.028125 0.031250
0 0.135937 0.425000 0.028125 0.031250
0 0.387500 0.621875 0.031250 0.031250
0 0.557813 0.542188 0.028125 0.028125
0 0.354687 0.623437 0.028125 0.028125
0 0.370312 0.759375 0.028125 0.031250
0 0.373437 0.595313 0.028125 0.028125
0 0.562500 0.382812 0.031250 0.028125
0 0.096875 0.743750 0.031250 0.031250
0 0.812500 0.439063 0.031250 0.034375
0 0.095312 0.576562 0.028125 0.028125
0 0.521875 0.815625 0.031250 0.031250
0 0.167187 0.512500 0.028125 0.031250
0 0.246875 0.593750 0.031250 0.031250
0 0.110937 0.476562 0.028125 0.028125
0 0.164062 0.800000 0.028125 0.031250
0 0.268750 0.084375 0.031250 0.031250
0 0.718750 0.262500 0.031250 0.031250
0 0.425000 0.325000 0.031250 0.031250
0 0.107813 0.407813 0.028125 0.028125
0 0.032813 0.573438 0.028125 0.028125
0 0.065625 0.632812 0.031250 0.028125
0 0.542188 0.700000 0.028125 0.031250
0 0.503125 0.540625 0.031250 0.031250
0 0.162500 0.575000 0.031250 0.031250
0 0.471875 0.850000 0.031250 0.031250
0 0.115625 0.829688 0.031250 0.028125
0 0.307812 0.129688 0.028125 0.028125
0 0.179688 0.770312 0.028125 0.028125
0 0.618750 0.381250 0.031250 0.031250
0 0.228125 0.685937 0.031250 0.028125
0 0.825000 0.203125 0.031250 0.031250
0 0.182812 0.034375 0.028125 0.031250
0 0.371875 0.650000 0.031250 0.031250
0 0.615625 0.609375 0.031250 0.031250
0 0.532813 0.364063 0.028125 0.028125
0 0.354687 0.676562 0.028125 0.028125
0 0.212500 0.773438 0.031250 0.028125
0 0.276562 0.710938 0.028125 0.028125
0 0.623437 0.767188 0.034375 0.034375
0 0.354687 0.792188 0.028125 0.028125
0 0.307812 0.593750 0.028125 0.031250
0 0.065625 0.800000 0.031250 0.031250
0 0.743750 0.246875 0.031250 0.031250
0 0.767188 0.104688 0.028125 0.028125
0 0.685937 0.542188 0.034375 0.034375
0 0.371875 0.704688 0.031250 0.028125
0 0.335938 0.148438 0.028125 0.028125
0 0.673438 0.250000 0.028125 0.031250
0 0.476562 0.460938 0.028125 0.028125
0 0.735938 0.287500 0.028125 0.031250
0 0.700000 0.690625 0.031250 0.031250
0 0.207813 0.603125 0.028125 0.031250
0 0.335938 0.179688 0.028125 0.028125
0 0.507812 0.645312 0.028125 0.028125
0 0.456250 0.620313 0.031250 0.028125
0 0.478125 0.232813 0.025000 0.028125
0 0.406250 0.596875 0.031250 0.031250
0 0.396875 0.053125 0.031250 0.031250
0 0.390625 0.568750 0.031250 0.031250
0 0.503125 0.589063 0.031250 0.028125
0 0.771875 0.231250 0.031250 0.031250
0 0.128125 0.032813 0.031250 0.028125
0 0.478125 0.329688 0.031250 0.028125
0 0.645312 0.367188 0.028125 0.028125
0 0.520312 0.617188 0.028125 0.028125
0 0.079687 0.603125 0.028125 0.031250
0 0.704688 0.104688 0.028125 0.028125
0 0.406250 0.648438 0.031250 0.028125
0 0.504687 0.346875 0.028125 0.031250
0 0.290625 0.800000 0.031250 0.031250
0 0.392188 0.117188 0.028125 0.028125
0 0.510938 0.025000 0.028125 0.031250
0 0.278125 0.150000 0.031250 0.031250
0 0.332813 0.212500 0.028125 0.031250
0 0.079687 0.360938 0.028125 0.028125
0 0.164062 0.181250 0.028125 0.031250
0 0.750000 0.537500 0.031250 0.031250
0 0.681250 0.057813 0.031250 0.028125
0 0.248438 0.229687 0.028125 0.028125
0 0.489063 0.620313 0.028125 0.028125
0 0.420312 0.264062 0.028125 0.028125
0 0.532813 0.462500 0.028125 0.031250
0 0.479687 0.073438 0.028125 0.028125
0 0.159375 0.481250 0.031250 0.031250
0 0.532813 0.200000 0.028125 0.031250
0 0.048438 0.717187 0.028125 0.028125
0 0.728125 0.515625 0.031250 0.031250
0 0.645312 0.265625 0.028125 0.031250
0 0.421875 0.565625 0.031250 0.031250
0 0.675000 0.089063 0.031250 0.028125
0 0.767188 0.071875 0.028125 0.031250
0 0.532813 0.395313 0.028125 0.028125
0 0.557813 0.670312 0.028125 0.028125
0 0.156250 0.053125 0.031250 0.031250
0 0.676562 0.382812 0.028125 0.028125
0 0.187500 0.465625 0.031250 0.031250
0 0.760938 0.135937 0.028125 0.028125
0 0.562500 0.250000 0.031250 0.031250
0 0.164062 0.440625 0.028125 0.031250
0 0.154688 0.085938 0.028125 0.028125
0 0.362500 0.165625 0.031250 0.031250
0 0.167187 0.545312 0.028125 0.028125
0 0.287500 0.890625 0.031250 0.031250
0 0.145313 0.659375 0.028125 0.031250
0 0.643750 0.460938 0.025000 0.028125
0 0.445312 0.279687 0.028125 0.028125
0 0.392188 0.245312 0.028125 0.028125
0 0.793750 0.187500 0.031250 0.031250
0 0.504687 0.315625 0.028125 0.031250
0 0.107813 0.442188 0.028125 0.028125
0 0.470313 0.593750 0.028125 0.031250
0 0.242188 0.657813 0.028125 0.028125
0 0.585938 0.526563 0.028125 0.028125
0 0.760938 0.504687 0.028125 0.028125
0 0.618750 0.217188 0.031250 0.028125
0 0.079687 0.717187 0.028125 0.028125
0 0.054688 0.376563 0.028125 0.028125
0 0.251563 0.560937 0.028125 0.028125
0 0.050000 0.490625 0.031250 0.031250
0 0.478125 0.362500 0.031250 0.031250
0 0.246875 0.198437 0.031250 0.028125
0 0.690625 0.278125 0.031250 0.031250
0 0.735938 0.351562 0.028125 0.028125
0 0.650000 0.334375 0.031250 0.031250
0 0.212500 0.050000 0.031250 0.031250
0 0.129688 0.689063 0.028125 0.028125
0 0.239063 0.068750 0.028125 0.031250
0 0.645312 0.400000 0.028125 0.031250
0 0.771875 0.571875 0.031250 0.031250
0 0.364063 0.196875 0.028125 0.031250
0 0.395313 0.445312 0.028125 0.028125
0 0.337500 0.542188 0.031250 0.028125
0 0.221875 0.481250 0.031250 0.031250
0 0.335938 0.114062 0.028125 0.028125
0 0.364063 0.460938 0.028125 0.028125
0 0.445312 0.759375 0.028125 0.031250
0 0.335938 0.442188 0.028125 0.028125
0 0.589063 0.426563 0.028125 0.028125
0 0.364063 0.426563 0.028125 0.028125
0 0.192188 0.196875 0.028125 0.031250
0 0.392188 0.376563 0.028125 0.028125
0 0.350000 0.884375 0.031250 0.031250
0 0.335938 0.476562 0.028125 0.028125
0 0.184375 0.065625 0.031250 0.031250
0 0.585938 0.301563 0.028125 0.028125
0 0.195312 0.800000 0.028125 0.031250
0 0.504687 0.410938 0.028125 0.028125
0 0.079687 0.546875 0.028125 0.031250
0 0.585938 0.559375 0.028125 0.031250
0 0.079687 0.328125 0.028125 0.031250
0 0.453125 0.054688 0.031250 0.028125
0 0.720313 0.546875 0.034375 0.031250
0 0.706250 0.335938 0.031250 0.028125
0 0.596875 0.789062 0.031250 0.034375
0 0.451562 0.410938 0.028125 0.028125
0 0.220312 0.214062 0.028125 0.028125
0 0.395313 0.148438 0.028125 0.028125
0 0.129688 0.743750 0.028125 0.031250
0 0.221875 0.514062 0.031250 0.028125
0 0.278125 0.481250 0.031250 0.031250
0 0.137500 0.459375 0.031250 0.031250
0 0.065625 0.689063 0.031250 0.028125
0 0.676562 0.351562 0.028125 0.028125
0 0.392188 0.181250 0.028125 0.031250
0 0.307812 0.464062 0.028125 0.028125
0 0.565625 0.029687 0.031250 0.028125
0 0.617188 0.248438 0.028125 0.028125
0 0.478125 0.395313 0.031250 0.028125
0 0.251563 0.464062 0.028125 0.028125
0 0.365625 0.100000 0.031250 0.031250
0 0.701562 0.400000 0.028125 0.031250
0 0.439063 0.650000 0.028125 0.031250
0 0.804688 0.479687 0.034375 0.034375
0 0.485938 0.565625 0.028125 0.031250
0 0.225000 0.892188 0.031250 0.034375
0 0.818750 0.375000 0.031250 0.031250
0 0.032813 0.518750 0.028125 0.031250
0 0.045312 0.407813 0.028125 0.028125
0 0.451562 0.182812 0.028125 0.028125
0 0.251563 0.529687 0.028125 0.028125
0 0.526563 0.673438 0.028125 0.028125
0 0.381250 0.878125 0.031250 0.031250
0 0.529687 0.526563 0.028125 0.028125
0 0.306250 0.195312 0.025000 0.028125
0 0.504687 0.509375 0.028125 0.031250
0 0.476562 0.493750 0.028125 0.031250
0 0.159375 0.150000 0.031250 0.031250
0 0.251563 0.498437 0.028125 0.028125
0 0.737500 0.320312 0.031250 0.028125
0 0.587500 0.332813 0.031250 0.028125
0 0.135937 0.360938 0.028125 0.028125
0 0.048438 0.546875 0.028125 0.031250
0 0.109375 0.376563 0.031250 0.028125
0 0.367188 0.132812 0.028125 0.028125
0 0.446875 0.478125 0.031250 0.031250
0 0.304688 0.164062 0.028125 0.028125
0 0.023438 0.379688 0.028125 0.028125
0 0.670312 0.448437 0.028125 0.028125
0 0.698438 0.498437 0.028125 0.028125
0 0.164062 0.407813 0.028125 0.028125
0 0.392188 0.409375 0.028125 0.031250
0 0.589063 0.395313 0.028125 0.028125
0 0.450000 0.378125 0.031250 0.031250
0 0.796875 0.025000 0.031250 0.031250
0 0.617188 0.414062 0.028125 0.028125
0 0.793750 0.253125 0.031250 0.031250
0 0.481250 0.040625 0.031250 0.031250
0 0.757812 0.603125 0.034375 0.031250
0 0.179688 0.717187 0.028125 0.028125
0 0.793750 0.289062 0.031250 0.028125
0 0.420312 0.426563 0.028125 0.028125
0 0.795312 0.510938 0.034375 0.034375
0 0.065625 0.521875 0.031250 0.031250
0 0.364063 0.260937 0.028125 0.028125
0 0.053125 0.345313 0.031250 0.028125
0 0.560937 0.414062 0.028125 0.028125
0 0.726562 0.482812 0.028125 0.028125
0 0.560937 0.476562 0.028125 0.028125
0 0.031250 0.856250 0.031250 0.031250
0 0.585938 0.460938 0.028125 0.028125
0 0.403125 0.539062 0.031250 0.028125
0 0.239063 0.034375 0.028125 0.031250
0 0.042188 0.048438 0.028125 0.028125
0 0.109375 0.343750 0.031250 0.031250
0 0.443750 0.865625 0.031250 0.031250
0 0.190625 0.892188 0.031250 0.034375
0 0.656250 0.040625 0.031250 0.031250
0 0.050000 0.312500 0.031250 0.031250
0 0.081250 0.392188 0.031250 0.028125
0 0.392188 0.276562 0.028125 0.028125
0 0.421875 0.396875 0.031250 0.031250
0 0.529687 0.492188 0.028125 0.028125
0 0.276562 0.179688 0.028125 0.028125
0 0.421875 0.621875 0.031250 0.031250
0 0.193750 0.421875 0.031250 0.031250
0 0.554688 0.814063 0.034375 0.034375
0 0.128125 0.065625 0.031250 0.031250
0 0.296875 0.068750 0.031250 0.031250
0 0.392188 0.476562 0.028125 0.028125
0 0.043750 0.015625 0.031250 0.031250
0 0.220312 0.182812 0.028125 0.028125
0 0.539062 0.042188 0.028125 0.028125
0 0.626563 0.026562 0.028125 0.028125
0 0.098437 0.892188 0.034375 0.034375
0 0.821875 0.343750 0.031250 0.031250
0 0.392188 0.214062 0.028125 0.028125
0 0.504687 0.476562 0.028125 0.028125
0 0.645312 0.429688 0.028125 0.028125
0 0.504687 0.445312 0.028125 0.028125
0 0.514062 0.701562 0.028125 0.028125
0 0.162500 0.892188 0.031250 0.034375
0 0.371875 0.354687 0.031250 0.028125
0 0.048438 0.829688 0.028125 0.028125
0 0.337500 0.410938 0.031250 0.028125
0 0.212500 0.450000 0.031250 0.031250
0 0.082812 0.426563 0.028125 0.028125
0 0.390625 0.309375 0.031250 0.031250
0 0.450000 0.507812 0.031250 0.028125
0 0.739062 0.025000 0.028125 0.031250
0 0.504687 0.248438 0.028125 0.028125
0 0.131250 0.165625 0.031250 0.031250
0 0.789062 0.153125 0.034375 0.031250
0 0.420312 0.460938 0.028125 0.028125
0 0.795312 0.056250 0.028125 0.031250
0 0.153125 0.018750 0.031250 0.031250
0 0.376563 0.025000 0.028125 0.031250
0 0.017188 0.773438 0.028125 0.028125
0 0.101562 0.050000 0.028125 0.031250
0 0.276562 0.245312 0.028125 0.028125
0 0.564063 0.092188 0.028125 0.028125
0 0.256250 0.892188 0.031250 0.028125
0 0.478125 0.426563 0.025000 0.028125
0 0.398438 0.340625 0.028125 0.031250
0 0.767188 0.040625 0.028125 0.031250
0 0.309375 0.431250 0.031250 0.031250
0 0.560937 0.315625 0.028125 0.031250
0 0.098437 0.017188 0.028125 0.028125
0 0.145313 0.603125 0.028125 0.031250
0 0.020313 0.348438 0.034375 0.034375
0 0.535937 0.589063 0.028125 0.028125
0 0.642188 0.528125 0.028125 0.031250
0 0.782813 0.542188 0.034375 0.034375
0 0.720313 0.665625 0.034375 0.031250
0 0.267188 0.018750 0.028125 0.031250
0 0.823438 0.167187 0.034375 0.034375
0 0.129688 0.132812 0.028125 0.028125
0 0.318750 0.887500 0.031250 0.031250
0 0.018750 0.490625 0.031250 0.031250
0 0.017188 0.603125 0.028125 0.031250
0 0.018750 0.659375 0.031250 0.031250
0 0.306250 0.228125 0.025000 0.025000
0 0.131250 0.890625 0.031250 0.031250
0 0.067187 0.890625 0.034375 0.031250
0 0.081250 0.460938 0.025000 0.028125
0 0.054688 0.439063 0.028125 0.028125
0 0.165625 0.214062 0.031250 0.028125
0 0.050000 0.245312 0.031250 0.034375
0 0.046875 0.146875 0.031250 0.031250
0 0.332813 0.245312 0.028125 0.028125
0 0.212500 0.018750 0.031250 0.031250
0 0.706250 0.634375 0.031250 0.031250
0 0.535937 0.073438 0.028125 0.028125
0 0.135937 0.325000 0.028125 0.031250
0 0.017188 0.545312 0.028125 0.028125
0 0.321875 0.021875 0.031250 0.031250
0 0.825000 0.040625 0.031250 0.031250
0 0.601562 0.585938 0.028125 0.028125
0 0.134375 0.198437 0.031250 0.028125
0 0.017188 0.717187 0.028125 0.028125
0 0.070312 0.029687 0.028125 0.028125
0 0.157812 0.117188 0.028125 0.028125
0 0.129688 0.101562 0.028125 0.028125
0 0.015625 0.064062 0.031250 0.028125
0 0.281250 0.446875 0.031250 0.031250
0 0.043750 0.079687 0.031250 0.028125
0 0.364063 0.392188 0.028125 0.028125
0 0.293750 0.037500 0.031250 0.031250
0 0.035937 0.892188 0.034375 0.034375
0 0.107813 0.212500 0.028125 0.031250
0 0.017188 0.829688 0.028125 0.028125
0 0.023438 0.432812 0.028125 0.028125
0 0.345313 0.373437 0.028125 0.028125
0 0.798438 0.218750 0.028125 0.031250
0 0.106250 0.312500 0.031250 0.031250
0 0.103125 0.148438 0.031250 0.028125
0 0.670312 0.482812 0.028125 0.028125
0 0.507812 0.057813 0.028125 0.028125
0 0.190625 0.229687 0.025000 0.028125
0 0.078125 0.229687 0.031250 0.028125
0 0.042188 0.112500 0.034375 0.031250
