0 0.878125 0.690625 0.031250 0.031250
0 0.818750 0.690625 0.031250 0.031250
0 0.881250 0.762500 0.031250 0.031250
0 0.843750 0.165625 0.031250 0.031250
0 0.787500 0.635938 0.031250 0.028125
0 0.942187 0.829688 0.028125 0.028125
0 0.942187 0.793750 0.028125 0.031250
0 0.307812 0.143750 0.028125 0.031250
0 0.818750 0.103125 0.031250 0.031250
0 0.337500 0.126562 0.031250 0.028125
0 0.795312 0.889062 0.028125 0.028125
0 0.925000 0.262500 0.031250 0.031250
0 0.934375 0.142187 0.031250 0.034375
0 0.776563 0.159375 0.034375 0.031250
0 0.890625 0.048438 0.031250 0.028125
0 0.825000 0.870313 0.031250 0.028125
0 0.870313 0.290625 0.034375 0.031250
0 0.815625 0.548438 0.031250 0.028125
0 0.459375 0.196875 0.031250 0.031250
0 0.943750 0.909375 0.031250 0.031250
0 0.278125 0.126562 0.031250 0.034375
0 0.768750 0.284375 0.031250 0.031250
0 0.793750 0.817187 0.031250 0.028125
0 0.885938 0.106250 0.034375 0.031250
0 0.912500 0.928125 0.031250 0.031250
0 0.906250 0.637500 0.031250 0.031250
0 0.878125 0.464062 0.037500 0.040625
0 0.909375 0.231250 0.031250 0.031250
0 0.857812 0.887500 0.028125 0.031250
0 0.895312 0.200000 0.034375 0.031250
0 0.825000 0.193750 0.031250 0.031250
0 0.825000 0.835938 0.031250 0.028125
0 0.943750 0.234375 0.031250 0.031250
0 0.881250 0.168750 0.031250 0.031250
0 0.746875 0.314063 0.031250 0.028125
0 0.276562 0.867188 0.028125 0.028125
0 0.817187 0.618750 0.028125 0.031250
0 0.398438 0.128125 0.034375 0.031250
0 0.753125 0.187500 0.031250 0.031250
0 0.925000 0.050000 0.031250 0.031250
0 0.946875 0.870313 0.031250 0.034375
0 0.787500 0.495312 0.031250 0.028125
0 0.840625 0.225000 0.031250 0.031250
0 0.795312 0.853125 0.028125 0.031250
0 0.860938 0.196875 0.028125 0.031250
0 0.806250 0.225000 0.031250 0.031250
0 0.909375 0.706250 0.031250 0.031250
0 0.826562 0.906250 0.028125 0.031250
0 0.734375 0.281250 0.031250 0.031250
0 0.887500 0.871875 0.031250 0.031250
0 0.782813 0.317188 0.034375 0.034375
0 0.937500 0.081250 0.031250 0.031250
0 0.850000 0.104688 0.031250 0.034375
0 0.875000 0.546875 0.031250 0.031250
0 0.856250 0.256250 0.031250 0.031250
0 0.885938 0.906250 0.028125 0.031250
0 0.846875 0.637500 0.031250 0.031250
0 0.910937 0.776563 0.028125 0.028125
0 0.940625 0.759375 0.031250 0.031250
0 0.857812 0.923438 0.028125 0.028125
0 0.307812 0.284375 0.028125 0.031250
0 0.878125 0.653125 0.031250 0.031250
0 0.918750 0.110937 0.031250 0.028125
0 0.756250 0.478125 0.031250 0.031250
0 0.887500 0.834375 0.031250 0.031250
0 0.881250 0.796875 0.031250 0.031250
0 0.917188 0.887500 0.034375 0.031250
0 0.856250 0.853125 0.031250 0.031250
0 0.907813 0.565625 0.028125 0.031250
0 0.456250 0.234375 0.031250 0.031250
0 0.575000 0.479687 0.031250 0.028125
0 0.915625 0.853125 0.031250 0.031250
0 0.428125 0.215625 0.031250 0.031250
0 0.875000 0.231250 0.031250 0.031250
0 0.765625 0.906250 0.031250 0.031250
0 0.246875 0.075000 0.031250 0.031250
0 0.937500 0.653125 0.031250 0.031250
0 0.246875 0.356250 0.031250 0.031250
0 0.821875 0.256250 0.031250 0.031250
0 0.846875 0.565625 0.031250 0.031250
0 0.850000 0.743750 0.031250 0.031250
0 0.790625 0.192188 0.031250 0.034375
0 0.953125 0.112500 0.031250 0.031250
0 0.756250 0.548438 0.031250 0.028125
0 0.698438 0.760938 0.028125 0.028125
0 0.762500 0.126562 0.031250 0.028125
0 0.396875 0.337500 0.031250 0.031250
0 0.646875 0.075000 0.031250 0.031250
0 0.440625 0.062500 0.031250 0.031250
0 0.515625 0.409375 0.031250 0.031250
0 0.915625 0.381250 0.031250 0.031250
0 0.396875 0.371875 0.031250 0.031250
0 0.918750 0.321875 0.031250 0.031250
0 0.968750 0.635938 0.031250 0.028125
0 0.426563 0.110937 0.034375 0.034375
0 0.818750 0.584375 0.031250 0.031250
0 0.787500 0.565625 0.031250 0.031250
0 0.396875 0.478125 0.031250 0.031250
0 0.768750 0.218750 0.031250 0.031250
0 0.396875 0.196875 0.031250 0.031250
0 0.756250 0.618750 0.031250 0.031250
0 0.940625 0.723437 0.031250 0.034375
0 0.975000 0.084375 0.031250 0.031250
0 0.485938 0.251563 0.028125 0.028125
0 0.604688 0.392188 0.028125 0.028125
0 0.396875 0.267188 0.031250 0.028125
0 0.218750 0.057813 0.031250 0.034375
0 0.837500 0.287500 0.031250 0.031250
0 0.740625 0.153125 0.031250 0.031250
0 0.820312 0.653125 0.028125 0.031250
0 0.756250 0.512500 0.031250 0.031250
0 0.837500 0.075000 0.031250 0.031250
0 0.337500 0.337500 0.031250 0.031250
0 0.337500 0.267188 0.031250 0.028125
0 0.876563 0.584375 0.034375 0.031250
0 0.521875 0.156250 0.031250 0.031250
0 0.635938 0.512500 0.028125 0.031250
0 0.246875 0.110937 0.031250 0.034375
0 0.543750 0.356250 0.031250 0.031250
0 0.725000 0.531250 0.031250 0.031250
0 0.604688 0.462500 0.028125 0.031250
0 0.975000 0.298438 0.031250 0.034375
0 0.965625 0.603125 0.031250 0.031250
0 0.968750 0.706250 0.031250 0.031250
0 0.934375 0.510938 0.031250 0.028125
0 0.934375 0.415625 0.031250 0.031250
0 0.682813 0.078125 0.028125 0.031250
0 0.815625 0.512500 0.031250 0.031250
0 0.846875 0.531250 0.031250 0.031250
0 0.900000 0.140625 0.031250 0.031250
0 0.765625 0.870313 0.031250 0.028125
0 0.628125 0.103125 0.031250 0.031250
0 0.960938 0.265625 0.034375 0.031250
0 0.546875 0.778125 0.031250 0.031250
0 0.937500 0.581250 0.031250 0.031250
0 0.425000 0.496875 0.031250 0.031250
0 0.914062 0.445312 0.034375 0.034375
0 0.968750 0.356250 0.031250 0.031250
0 0.785937 0.531250 0.028125 0.031250
0 0.635938 0.445312 0.028125 0.028125
0 0.578125 0.068750 0.031250 0.031250
0 0.246875 0.318750 0.031250 0.031250
0 0.276562 0.831250 0.028125 0.031250
0 0.728125 0.565625 0.031250 0.031250
0 0.934375 0.353125 0.031250 0.031250
0 0.725000 0.459375 0.031250 0.031250
0 0.665625 0.462500 0.031250 0.031250
0 0.600000 0.040625 0.031250 0.031250
0 0.276562 0.407813 0.028125 0.028125
0 0.306250 0.318750 0.031250 0.031250
0 0.456250 0.937500 0.031250 0.031250
0 0.878125 0.618750 0.031250 0.031250
0 0.428125 0.178125 0.031250 0.031250
0 0.428125 0.250000 0.031250 0.031250
0 0.425000 0.568750 0.031250 0.031250
0 0.525000 0.095312 0.031250 0.028125
0 0.696875 0.618750 0.031250 0.031250
0 0.856250 0.043750 0.031250 0.031250
0 0.728125 0.342187 0.031250 0.034375
0 0.854688 0.818750 0.028125 0.031250
0 0.515625 0.479687 0.031250 0.034375
0 0.373437 0.070312 0.034375 0.034375
0 0.543750 0.392188 0.031250 0.028125
0 0.187500 0.778125 0.031250 0.031250
0 0.456250 0.337500 0.031250 0.031250
0 0.959375 0.053125 0.031250 0.031250
0 0.865625 0.137500 0.031250 0.031250
0 0.187500 0.531250 0.031250 0.031250
0 0.575000 0.306250 0.031250 0.031250
0 0.796875 0.959375 0.031250 0.031250
0 0.881250 0.725000 0.031250 0.031250
0 0.803125 0.068750 0.031250 0.031250
0 0.803125 0.284375 0.031250 0.031250
0 0.753125 0.253125 0.031250 0.031250
0 0.456250 0.093750 0.031250 0.031250
0 0.306250 0.814063 0.031250 0.028125
0 0.973437 0.928125 0.028125 0.031250
0 0.823438 0.798438 0.028125 0.028125
0 0.156250 0.618750 0.031250 0.031250
0 0.696875 0.584375 0.031250 0.031250
0 0.818750 0.725000 0.031250 0.031250
0 0.218750 0.093750 0.031250 0.031250
0 0.576562 0.445312 0.028125 0.028125
0 0.787500 0.671875 0.031250 0.031250
0 0.187500 0.110937 0.031250 0.028125
0 0.950000 0.173437 0.031250 0.034375
0 0.762500 0.346875 0.031250 0.031250
0 0.365625 0.284375 0.031250 0.031250
0 0.215625 0.901563 0.031250 0.028125
0 0.667188 0.496875 0.028125 0.031250
0 0.906250 0.528125 0.031250 0.031250
0 0.637500 0.296875 0.031250 0.031250
0 0.456250 0.268750 0.031250 0.031250
0 0.487500 0.215625 0.031250 0.031250
0 0.817187 0.317188 0.034375 0.034375
0 0.337500 0.231250 0.031250 0.031250
0 0.559375 0.096875 0.031250 0.031250
0 0.973437 0.812500 0.028125 0.031250
0 0.950000 0.384375 0.031250 0.031250
0 0.968750 0.415625 0.031250 0.031250
0 0.604688 0.426563 0.028125 0.028125
0 0.396875 0.303125 0.031250 0.031250
0 0.425000 0.532813 0.031250 0.028125
0 0.809375 0.384375 0.031250 0.031250
0 0.937500 0.618750 0.031250 0.031250
0 0.798438 0.131250 0.028125 0.031250
0 0.278125 0.059375 0.031250 0.031250
0 0.728125 0.637500 0.031250 0.031250
0 0.425000 0.635938 0.031250 0.028125
0 0.307812 0.178125 0.028125 0.031250
0 0.728125 0.600000 0.031250 0.031250
0 0.815625 0.478125 0.031250 0.031250
0 0.575000 0.409375 0.031250 0.031250
0 0.456250 0.550000 0.031250 0.031250
0 0.396875 0.512500 0.031250 0.031250
0 0.396875 0.618750 0.031250 0.031250
0 0.365625 0.356250 0.031250 0.031250
0 0.487500 0.918750 0.031250 0.031250
0 0.546875 0.496875 0.031250 0.031250
0 0.912500 0.814063 0.031250 0.028125
0 0.932813 0.476562 0.034375 0.034375
0 0.276562 0.548438 0.028125 0.028125
0 0.693750 0.337500 0.031250 0.031250
0 0.537500 0.187500 0.031250 0.031250
0 0.309375 0.075000 0.031250 0.031250
0 0.604688 0.287500 0.028125 0.031250
0 0.462500 0.128125 0.031250 0.031250
0 0.509375 0.064062 0.031250 0.028125
0 0.635938 0.479687 0.028125 0.028125
0 0.909375 0.018750 0.031250 0.031250
0 0.971875 0.776563 0.031250 0.028125
0 0.571875 0.189062 0.031250 0.028125
0 0.687500 0.237500 0.031250 0.031250
0 0.665625 0.428125 0.031250 0.031250
0 0.665625 0.390625 0.031250 0.031250
0 0.540625 0.126562 0.031250 0.034375
0 0.278125 0.090625 0.031250 0.031250
0 0.604688 0.321875 0.028125 0.031250
0 0.787500 0.253125 0.031250 0.031250
0 0.215625 0.584375 0.031250 0.031250
0 0.187500 0.496875 0.031250 0.031250
0 0.515625 0.375000 0.031250 0.031250
0 0.696875 0.546875 0.031250 0.031250
0 0.517188 0.937500 0.028125 0.031250
0 0.846875 0.378125 0.031250 0.031250
0 0.848437 0.671875 0.028125 0.031250
0 0.778125 0.378125 0.031250 0.031250
0 0.906250 0.290625 0.031250 0.031250
0 0.945312 0.021875 0.028125 0.031250
0 0.840625 0.453125 0.031250 0.031250
0 0.276562 0.514062 0.028125 0.028125
0 0.584375 0.220312 0.031250 0.034375
0 0.728125 0.671875 0.031250 0.031250
0 0.821875 0.040625 0.031250 0.031250
0 0.368750 0.109375 0.031250 0.031250
0 0.826562 0.940625 0.028125 0.031250
0 0.909375 0.671875 0.031250 0.031250
0 0.712500 0.309375 0.031250 0.031250
0 0.453125 0.375000 0.031250 0.031250
0 0.395313 0.407813 0.028125 0.028125
0 0.218750 0.303125 0.031250 0.031250
0 0.950000 0.443750 0.031250 0.031250
0 0.428125 0.284375 0.031250 0.031250
0 0.906250 0.600000 0.031250 0.031250
0 0.157812 0.656250 0.028125 0.031250
0 0.875000 0.510938 0.031250 0.034375
0 0.787500 0.600000 0.031250 0.031250
0 0.543750 0.065625 0.031250 0.031250
0 0.515625 0.515625 0.031250 0.031250
0 0.575000 0.512500 0.031250 0.031250
0 0.846875 0.600000 0.031250 0.031250
0 0.309375 0.040625 0.031250 0.031250
0 0.218750 0.337500 0.031250 0.031250
0 0.396875 0.231250 0.031250 0.031250
0 0.726562 0.425000 0.034375 0.031250
0 0.900000 0.353125 0.031250 0.031250
0 0.246875 0.565625 0.031250 0.031250
0 0.575000 0.340625 0.031250 0.031250
0 0.246875 0.250000 0.031250 0.031250
0 0.506250 0.126562 0.031250 0.034375
0 0.503125 0.187500 0.031250 0.031250
0 0.456250 0.901563 0.031250 0.028125
0 0.368750 0.250000 0.031250 0.031250
0 0.875000 0.015625 0.031250 0.031250
0 0.735938 0.923438 0.028125 0.028125
0 0.759375 0.653125 0.031250 0.031250
0 0.606250 0.568750 0.031250 0.031250
0 0.606250 0.706250 0.031250 0.031250
0 0.693750 0.407813 0.031250 0.034375
0 0.187500 0.318750 0.031250 0.031250
0 0.396875 0.093750 0.031250 0.031250
0 0.832812 0.410938 0.034375 0.034375
0 0.606250 0.531250 0.031250 0.031250
0 0.157812 0.690625 0.028125 0.031250
0 0.515625 0.443750 0.031250 0.031250
0 0.484375 0.356250 0.031250 0.031250
0 0.635938 0.548438 0.028125 0.028125
0 0.425000 0.428125 0.031250 0.031250
0 0.246875 0.040625 0.031250 0.031250
0 0.157812 0.584375 0.028125 0.031250
0 0.796875 0.923438 0.031250 0.028125
0 0.632812 0.260937 0.034375 0.034375
0 0.593750 0.100000 0.031250 0.031250
0 0.729688 0.378125 0.034375 0.031250
0 0.782813 0.100000 0.034375 0.031250
0 0.934375 0.546875 0.031250 0.031250
0 0.456250 0.515625 0.031250 0.031250
0 0.187500 0.565625 0.031250 0.031250
0 0.931250 0.203125 0.031250 0.031250
0 0.615625 0.071875 0.031250 0.031250
0 0.853125 0.778125 0.031250 0.031250
0 0.368750 0.146875 0.031250 0.031250
0 0.515625 0.306250 0.031250 0.031250
0 0.250000 0.284375 0.031250 0.031250
0 0.485938 0.392188 0.028125 0.028125
0 0.276562 0.582812 0.028125 0.028125
0 0.456250 0.653125 0.031250 0.031250
0 0.276562 0.901563 0.028125 0.028125
0 0.245312 0.884375 0.028125 0.031250
0 0.543750 0.428125 0.031250 0.031250
0 0.698438 0.656250 0.028125 0.031250
0 0.187500 0.146875 0.031250 0.031250
0 0.865625 0.350000 0.031250 0.031250
0 0.968750 0.671875 0.031250 0.031250
0 0.395313 0.654687 0.028125 0.028125
0 0.306250 0.848437 0.031250 0.028125
0 0.485938 0.635938 0.028125 0.028125
0 0.276562 0.478125 0.028125 0.031250
0 0.396875 0.584375 0.031250 0.031250
0 0.365625 0.637500 0.031250 0.031250
0 0.187500 0.356250 0.031250 0.031250
0 0.600000 0.250000 0.031250 0.031250
0 0.864062 0.426563 0.034375 0.034375
0 0.484375 0.778125 0.031250 0.031250
0 0.762500 0.800000 0.031250 0.031250
0 0.485938 0.287500 0.028125 0.031250
0 0.668750 0.265625 0.031250 0.031250
0 0.157812 0.548438 0.028125 0.028125
0 0.729688 0.706250 0.028125 0.031250
0 0.218750 0.267188 0.031250 0.034375
0 0.428125 0.917188 0.031250 0.028125
0 0.425000 0.031250 0.031250 0.031250
0 0.965625 0.528125 0.031250 0.031250
0 0.720313 0.181250 0.028125 0.031250
0 0.634375 0.375000 0.031250 0.031250
0 0.456250 0.481250 0.031250 0.031250
0 0.784375 0.460938 0.031250 0.034375
0 0.246875 0.495312 0.031250 0.028125
0 0.215625 0.618750 0.031250 0.031250
0 0.340625 0.059375 0.031250 0.031250
0 0.528125 0.037500 0.031250 0.031250
0 0.368750 0.214062 0.031250 0.034375
0 0.698438 0.725000 0.028125 0.031250
0 0.700000 0.268750 0.031250 0.031250
0 0.693750 0.443750 0.031250 0.031250
0 0.245312 0.531250 0.028125 0.031250
0 0.484375 0.496875 0.031250 0.031250
0 0.187500 0.850000 0.031250 0.031250
0 0.365625 0.884375 0.031250 0.031250
0 0.698438 0.690625 0.028125 0.031250
0 0.543750 0.287500 0.031250 0.031250
0 0.456250 0.618750 0.031250 0.031250
0 0.737500 0.956250 0.031250 0.031250
0 0.456250 0.971875 0.031250 0.031250
0 0.306250 0.884375 0.031250 0.031250
0 0.543750 0.253125 0.031250 0.031250
0 0.306250 0.635938 0.031250 0.028125
0 0.425000 0.320312 0.031250 0.028125
0 0.246875 0.781250 0.031250 0.031250
0 0.456250 0.831250 0.031250 0.031250
0 0.246875 0.460938 0.031250 0.034375
0 0.545312 0.462500 0.028125 0.031250
0 0.975000 0.962500 0.031250 0.031250
0 0.978125 0.021875 0.031250 0.031250
0 0.848437 0.489063 0.034375 0.034375
0 0.487500 0.156250 0.031250 0.031250
0 0.187500 0.814063 0.031250 0.028125
0 0.337500 0.796875 0.031250 0.031250
0 0.634375 0.042188 0.031250 0.028125
0 0.662500 0.104688 0.031250 0.028125
0 0.337500 0.090625 0.031250 0.031250
0 0.825000 0.978125 0.025000 0.025000
0 0.954688 0.325000 0.034375 0.031250
0 0.396875 0.548438 0.031250 0.028125
0 0.425000 0.356250 0.031250 0.031250
0 0.810937 0.435937 0.034375 0.034375
0 0.489063 0.095312 0.034375 0.034375
0 0.787500 0.709375 0.031250 0.031250
0 0.696875 0.371875 0.031250 0.031250
0 0.246875 0.850000 0.031250 0.031250
0 0.642188 0.134375 0.028125 0.031250
0 0.515625 0.268750 0.031250 0.031250
0 0.681250 0.296875 0.031250 0.031250
0 0.485938 0.568750 0.034375 0.031250
0 0.606250 0.743750 0.031250 0.031250
0 0.304688 0.495312 0.028125 0.028125
0 0.157812 0.371875 0.028125 0.031250
0 0.753125 0.406250 0.031250 0.031250
0 0.970313 0.740625 0.028125 0.031250
0 0.365625 0.496875 0.031250 0.031250
0 0.215625 0.865625 0.031250 0.031250
0 0.898438 0.414062 0.034375 0.034375
0 0.156250 0.478125 0.031250 0.031250
0 0.157812 0.128125 0.028125 0.031250
0 0.306250 0.778125 0.031250 0.031250
0 0.734375 0.818750 0.031250 0.031250
0 0.485938 0.954688 0.028125 0.028125
0 0.589063 0.159375 0.028125 0.031250
0 0.667188 0.601562 0.028125 0.028125
0 0.425000 0.600000 0.031250 0.031250
0 0.564063 0.037500 0.034375 0.031250
0 0.968750 0.143750 0.031250 0.031250
0 0.306250 0.529687 0.031250 0.028125
0 0.721875 0.240625 0.031250 0.031250
0 0.634375 0.409375 0.031250 0.031250
0 0.635938 0.582812 0.028125 0.028125
0 0.156250 0.901563 0.031250 0.028125
0 0.731250 0.778125 0.031250 0.031250
0 0.187500 0.284375 0.031250 0.031250
0 0.365625 0.459375 0.031250 0.031250
0 0.278125 0.762500 0.031250 0.031250
0 0.335938 0.478125 0.028125 0.031250
0 0.156250 0.093750 0.031250 0.031250
0 0.337500 0.164062 0.031250 0.028125
0 0.485938 0.462500 0.028125 0.031250
0 0.609375 0.131250 0.031250 0.031250
0 0.493750 0.034375 0.031250 0.031250
0 0.764062 0.835938 0.028125 0.028125
0 0.550000 0.220312 0.031250 0.028125
0 0.306250 0.390625 0.031250 0.031250
0 0.460938 0.034375 0.034375 0.031250
0 0.306250 0.565625 0.031250 0.031250
0 0.454688 0.445312 0.034375 0.034375
0 0.604688 0.359375 0.028125 0.031250
0 0.156250 0.831250 0.031250 0.031250
0 0.517188 0.796875 0.028125 0.031250
0 0.276562 0.164062 0.028125 0.028125
0 0.943750 0.943750 0.031250 0.031250
0 0.667188 0.531250 0.028125 0.031250
0 0.578125 0.796875 0.031250 0.031250
0 0.967187 0.478125 0.034375 0.031250
0 0.184375 0.884375 0.031250 0.031250
0 0.157812 0.023438 0.034375 0.034375
0 0.734375 0.887500 0.031250 0.031250
0 0.396875 0.443750 0.031250 0.031250
0 0.456250 0.162500 0.031250 0.031250
0 0.575000 0.548438 0.031250 0.028125
0 0.428125 0.884375 0.031250 0.031250
0 0.365625 0.531250 0.031250 0.031250
0 0.456250 0.303125 0.031250 0.031250
0 0.156250 0.162500 0.031250 0.031250
0 0.675000 0.204687 0.031250 0.028125
0 0.215625 0.478125 0.031250 0.031250
0 0.485938 0.814063 0.028125 0.028125
0 0.187500 0.921875 0.031250 0.031250
0 0.337500 0.760938 0.031250 0.034375
0 0.396875 0.796875 0.031250 0.031250
0 0.157812 0.303125 0.034375 0.031250
0 0.389062 0.029687 0.034375 0.034375
0 0.156250 0.796875 0.031250 0.031250
0 0.703125 0.048438 0.031250 0.034375
0 0.546875 0.743750 0.031250 0.031250
0 0.903125 0.493750 0.031250 0.031250
0 0.620313 0.225000 0.034375 0.031250
0 0.306250 0.601562 0.031250 0.028125
0 0.515625 0.762500 0.031250 0.031250
0 0.485938 0.673438 0.028125 0.028125
0 0.215625 0.760938 0.031250 0.034375
0 0.365625 0.850000 0.031250 0.031250
0 0.215625 0.025000 0.031250 0.031250
0 0.965625 0.564063 0.031250 0.028125
0 0.687500 0.015625 0.031250 0.031250
0 0.365625 0.812500 0.031250 0.031250
0 0.426563 0.954688 0.028125 0.028125
0 0.709375 0.209375 0.031250 0.031250
0 0.337500 0.653125 0.031250 0.031250
0 0.218750 0.128125 0.031250 0.031250
0 0.973437 0.846875 0.028125 0.031250
0 0.278125 0.267188 0.031250 0.028125
0 0.337500 0.371875 0.031250 0.031250
0 0.485938 0.709375 0.028125 0.031250
0 0.606250 0.778125 0.031250 0.031250
0 0.306250 0.671875 0.031250 0.031250
0 0.215625 0.548438 0.031250 0.028125
0 0.573438 0.128125 0.034375 0.031250
0 0.157812 0.760938 0.028125 0.028125
0 0.428125 0.778125 0.031250 0.031250
0 0.246875 0.215625 0.031250 0.031250
0 0.831250 0.134375 0.031250 0.031250
0 0.218750 0.371875 0.031250 0.031250
0 0.357812 0.029687 0.034375 0.034375
0 0.517188 0.970313 0.028125 0.028125
0 0.157812 0.726562 0.028125 0.028125
0 0.637500 0.760938 0.031250 0.028125
0 0.156250 0.865625 0.031250 0.031250
0 0.670312 0.779687 0.028125 0.028125
0 0.396875 0.762500 0.031250 0.031250
0 0.187500 0.178125 0.031250 0.031250
0 0.456250 0.867188 0.031250 0.028125
0 0.337500 0.865625 0.031250 0.031250
0 0.637500 0.689063 0.031250 0.028125
0 0.187500 0.709375 0.031250 0.031250
0 0.785937 0.039062 0.034375 0.034375
0 0.157812 0.407813 0.028125 0.028125
0 0.696875 0.110937 0.031250 0.034375
0 0.485938 0.600000 0.028125 0.031250
0 0.425000 0.673438 0.031250 0.028125
0 0.276562 0.025000 0.034375 0.031250
0 0.365625 0.743750 0.031250 0.031250
0 0.792188 0.781250 0.034375 0.031250
0 0.729688 0.121875 0.028125 0.031250
0 0.334375 0.443750 0.031250 0.031250
0 0.545312 0.532813 0.028125 0.028125
0 0.606250 0.671875 0.031250 0.031250
0 0.634375 0.339062 0.031250 0.034375
0 0.276562 0.371875 0.028125 0.031250
0 0.485938 0.743750 0.028125 0.031250
0 0.607812 0.603125 0.028125 0.031250
0 0.946875 0.978125 0.031250 0.031250
0 0.607812 0.635938 0.028125 0.028125
0 0.428125 0.143750 0.031250 0.031250
0 0.729688 0.743750 0.028125 0.031250
0 0.667188 0.673438 0.028125 0.028125
0 0.246875 0.390625 0.031250 0.031250
0 0.396875 0.865625 0.031250 0.031250
0 0.218750 0.196875 0.031250 0.031250
0 0.575000 0.725000 0.031250 0.031250
0 0.157812 0.971875 0.034375 0.031250
0 0.156250 0.265625 0.031250 0.031250
0 0.687500 0.173437 0.031250 0.034375
0 0.365625 0.954688 0.031250 0.034375
0 0.187500 0.459375 0.031250 0.031250
0 0.187500 0.600000 0.031250 0.031250
0 0.245312 0.743750 0.028125 0.031250
0 0.704688 0.939063 0.028125 0.028125
0 0.850000 0.318750 0.031250 0.031250
0 0.576562 0.654687 0.028125 0.028125
0 0.215625 0.656250 0.031250 0.031250
0 0.248438 0.603125 0.028125 0.031250
0 0.725000 0.496875 0.031250 0.031250
0 0.395313 0.934375 0.028125 0.031250
0 0.396875 0.160938 0.031250 0.034375
0 0.517188 0.229687 0.034375 0.034375
0 0.515625 0.725000 0.031250 0.031250
0 0.662500 0.323437 0.031250 0.034375
0 0.696875 0.512500 0.031250 0.031250
0 0.335938 0.548438 0.028125 0.028125
0 0.278125 0.337500 0.031250 0.031250
0 0.515625 0.618750 0.031250 0.031250
0 0.406250 0.059375 0.031250 0.031250
0 0.734375 0.853125 0.031250 0.031250
0 0.871875 0.075000 0.031250 0.031250
0 0.215625 0.971875 0.031250 0.031250
0 0.653125 0.015625 0.031250 0.031250
0 0.829688 0.348438 0.034375 0.034375
0 0.306250 0.356250 0.031250 0.031250
0 0.543750 0.321875 0.031250 0.031250
0 0.487500 0.884375 0.031250 0.031250
0 0.368750 0.178125 0.031250 0.031250
0 0.903125 0.079687 0.031250 0.028125
0 0.665625 0.356250 0.031250 0.031250
0 0.796875 0.348438 0.031250 0.034375
0 0.154688 0.057813 0.034375 0.034375
0 0.885938 0.321875 0.028125 0.031250
0 0.187500 0.073438 0.031250 0.034375
0 0.757812 0.439063 0.034375 0.034375
0 0.725000 0.015625 0.031250 0.031250
0 0.153125 0.937500 0.031250 0.031250
0 0.696875 0.481250 0.031250 0.031250
0 0.809375 0.162500 0.031250 0.031250
0 0.484375 0.425000 0.031250 0.031250
0 0.765625 0.975000 0.031250 0.031250
0 0.546875 0.918750 0.031250 0.031250
0 0.785937 0.410938 0.034375 0.034375
0 0.515625 0.339062 0.031250 0.028125
0 0.425000 0.390625 0.031250 0.031250
0 0.673438 0.921875 0.034375 0.031250
0 0.454688 0.409375 0.028125 0.031250
0 0.215625 0.512500 0.031250 0.031250
0 0.485938 0.531250 0.028125 0.031250
0 0.979688 0.237500 0.034375 0.031250
0 0.881250 0.381250 0.031250 0.031250
0 0.890625 0.260937 0.031250 0.028125
0 0.276562 0.798438 0.028125 0.028125
0 0.515625 0.903125 0.031250 0.031250
0 0.704688 0.906250 0.034375 0.031250
0 0.475000 0.064062 0.031250 0.028125
0 0.337500 0.301563 0.031250 0.028125
0 0.667188 0.742188 0.028125 0.028125
0 0.675000 0.137500 0.031250 0.031250
0 0.909375 0.740625 0.031250 0.031250
0 0.546875 0.953125 0.031250 0.031250
0 0.187500 0.954688 0.031250 0.028125
0 0.246875 0.954688 0.031250 0.034375
0 0.365625 0.318750 0.031250 0.031250
0 0.971875 0.892188 0.031250 0.034375
0 0.514062 0.585938 0.028125 0.028125
0 0.965625 0.206250 0.031250 0.031250
0 0.156250 0.512500 0.031250 0.031250
0 0.640625 0.725000 0.031250 0.031250
0 0.848437 0.707812 0.028125 0.028125
0 0.939063 0.689063 0.028125 0.028125
0 0.651563 0.231250 0.028125 0.031250
0 0.604688 0.496875 0.028125 0.031250
0 0.840625 0.014063 0.031250 0.028125
0 0.187500 0.042188 0.031250 0.034375
0 0.243750 0.150000 0.031250 0.031250
0 0.912500 0.171875 0.031250 0.031250
0 0.425000 0.815625 0.031250 0.031250
0 0.556250 0.157812 0.031250 0.028125
0 0.365625 0.425000 0.031250 0.031250
0 0.765625 0.940625 0.031250 0.031250
0 0.370312 0.918750 0.028125 0.031250
0 0.339062 0.196875 0.028125 0.031250
0 0.940625 0.293750 0.031250 0.031250
0 0.307812 0.107813 0.028125 0.028125
0 0.367188 0.778125 0.028125 0.031250
0 0.276562 0.442188 0.028125 0.028125
0 0.156250 0.337500 0.031250 0.031250
0 0.276562 0.301563 0.028125 0.028125
0 0.364063 0.392188 0.028125 0.028125
0 0.337500 0.831250 0.031250 0.031250
0 0.306250 0.250000 0.031250 0.031250
0 0.337500 0.971875 0.031250 0.031250
0 0.573438 0.376563 0.028125 0.028125
0 0.217188 0.800000 0.034375 0.031250
0 0.884375 0.943750 0.031250 0.031250
0 0.707812 0.145313 0.028125 0.028125
0 0.667188 0.045312 0.028125 0.028125
0 0.637500 0.621875 0.031250 0.031250
0 0.156250 0.443750 0.031250 0.031250
0 0.307812 0.462500 0.028125 0.025000
0 0.304688 0.425000 0.028125 0.031250
0 0.759375 0.728125 0.031250 0.031250
0 0.757812 0.582812 0.028125 0.028125
0 0.637500 0.900000 0.031250 0.031250
0 0.456250 0.690625 0.031250 0.031250
0 0.273438 0.620313 0.028125 0.028125
