0 0.959375 0.337500 0.031250 0.031250
0 0.856250 0.071875 0.031250 0.031250
0 0.896875 0.881250 0.031250 0.031250
0 0.945312 0.095312 0.028125 0.028125
0 0.896875 0.821875 0.031250 0.031250
0 0.818750 0.275000 0.037500 0.037500
0 0.825000 0.089063 0.031250 0.028125
0 0.912500 0.075000 0.031250 0.031250
0 0.796875 0.109375 0.031250 0.031250
0 0.793750 0.881250 0.031250 0.031250
0 0.625000 0.818750 0.031250 0.031250
0 0.925000 0.337500 0.031250 0.031250
0 0.826562 0.054688 0.028125 0.028125
0 0.896875 0.703125 0.031250 0.031250
0 0.690625 0.820312 0.031250 0.028125
0 0.943750 0.059375 0.031250 0.031250
0 0.656250 0.700000 0.031250 0.031250
0 0.600000 0.446875 0.031250 0.031250
0 0.943750 0.128125 0.031250 0.031250
0 0.621875 0.759375 0.031250 0.031250
0 0.890625 0.337500 0.031250 0.031250
0 0.915625 0.851562 0.031250 0.028125
0 0.942187 0.306250 0.028125 0.031250
0 0.795312 0.179688 0.028125 0.028125
0 0.879687 0.851562 0.028125 0.028125
0 0.973437 0.076563 0.028125 0.028125
0 0.690625 0.878125 0.031250 0.031250
0 0.846875 0.909375 0.031250 0.031250
0 0.706250 0.907813 0.031250 0.028125
0 0.975000 0.306250 0.031250 0.031250
0 0.778125 0.850000 0.031250 0.031250
0 0.520312 0.760938 0.028125 0.028125
0 0.796875 0.071875 0.031250 0.031250
0 0.881250 0.909375 0.031250 0.031250
0 0.885938 0.053125 0.028125 0.031250
0 0.709375 0.850000 0.031250 0.031250
0 0.915625 0.790625 0.031250 0.031250
0 0.959375 0.276562 0.031250 0.028125
0 0.193750 0.418750 0.031250 0.031250
0 0.504687 0.792188 0.028125 0.028125
0 0.760938 0.582812 0.028125 0.028125
0 0.967187 0.760938 0.028125 0.028125
0 0.856250 0.339062 0.031250 0.034375
0 0.973437 0.110937 0.028125 0.028125
0 0.573438 0.790625 0.028125 0.031250
0 0.846875 0.612500 0.031250 0.031250
0 0.456250 0.053125 0.031250 0.031250
0 0.915625 0.731250 0.031250 0.031250
0 0.906250 0.309375 0.031250 0.031250
0 0.778125 0.612500 0.031250 0.031250
0 0.673438 0.671875 0.034375 0.031250
0 0.812500 0.848437 0.031250 0.034375
0 0.932813 0.820312 0.028125 0.028125
0 0.604688 0.729688 0.028125 0.028125
0 0.875000 0.368750 0.031250 0.031250
0 0.523438 0.821875 0.028125 0.031250
0 0.942187 0.368750 0.028125 0.031250
0 0.734375 0.071875 0.031250 0.031250
0 0.617188 0.415625 0.028125 0.031250
0 0.526563 0.548438 0.028125 0.028125
0 0.656250 0.640625 0.031250 0.031250
0 0.631250 0.384375 0.031250 0.031250
0 0.365625 0.173437 0.031250 0.028125
0 0.890625 0.278125 0.031250 0.031250
0 0.187500 0.175000 0.031250 0.031250
0 0.309375 0.350000 0.031250 0.031250
0 0.456250 0.084375 0.031250 0.031250
0 0.750000 0.343750 0.031250 0.031250
0 0.707812 0.790625 0.028125 0.031250
0 0.720313 0.406250 0.034375 0.031250
0 0.829688 0.703125 0.028125 0.031250
0 0.246875 0.243750 0.031250 0.031250
0 0.857812 0.035937 0.028125 0.028125
0 0.506250 0.853125 0.031250 0.031250
0 0.743750 0.612500 0.031250 0.031250
0 0.726562 0.585938 0.028125 0.028125
0 0.812500 0.612500 0.031250 0.031250
0 0.740625 0.850000 0.031250 0.031250
0 0.932813 0.700000 0.034375 0.031250
0 0.917188 0.182812 0.034375 0.034375
0 0.881250 0.553125 0.031250 0.031250
0 0.765625 0.056250 0.031250 0.031250
0 0.651563 0.410938 0.028125 0.028125
0 0.673438 0.729688 0.028125 0.028125
0 0.709375 0.729688 0.031250 0.028125
0 0.635938 0.442188 0.028125 0.028125
0 0.812500 0.909375 0.031250 0.031250
0 0.246875 0.278125 0.031250 0.031250
0 0.735938 0.142187 0.034375 0.034375
0 0.479687 0.581250 0.028125 0.031250
0 0.915625 0.909375 0.031250 0.031250
0 0.556250 0.759375 0.031250 0.031250
0 0.865625 0.703125 0.031250 0.031250
0 0.871875 0.309375 0.031250 0.031250
0 0.246875 0.314063 0.031250 0.028125
0 0.740625 0.790625 0.031250 0.031250
0 0.387500 0.762500 0.031250 0.031250
0 0.837500 0.310937 0.031250 0.034375
0 0.189062 0.384375 0.028125 0.031250
0 0.518750 0.259375 0.031250 0.031250
0 0.434375 0.734375 0.031250 0.031250
0 0.896875 0.760938 0.031250 0.028125
0 0.637500 0.671875 0.031250 0.031250
0 0.218750 0.331250 0.031250 0.031250
0 0.915625 0.553125 0.031250 0.031250
0 0.187500 0.245312 0.031250 0.034375
0 0.418750 0.496875 0.031250 0.031250
0 0.454688 0.765625 0.028125 0.031250
0 0.862500 0.521875 0.031250 0.031250
0 0.245312 0.209375 0.028125 0.031250
0 0.365625 0.137500 0.031250 0.031250
0 0.220312 0.400000 0.028125 0.031250
0 0.820312 0.339062 0.034375 0.034375
0 0.515625 0.428125 0.031250 0.031250
0 0.656250 0.878125 0.031250 0.031250
0 0.384375 0.496875 0.031250 0.031250
0 0.829688 0.642188 0.028125 0.028125
0 0.620313 0.640625 0.028125 0.031250
0 0.500000 0.610938 0.031250 0.028125
0 0.375000 0.381250 0.031250 0.031250
0 0.539062 0.790625 0.028125 0.031250
0 0.885938 0.206250 0.034375 0.031250
0 0.881250 0.790625 0.031250 0.031250
0 0.896875 0.581250 0.031250 0.031250
0 0.825000 0.162500 0.031250 0.031250
0 0.793750 0.214062 0.031250 0.028125
0 0.787500 0.340625 0.031250 0.031250
0 0.709375 0.671875 0.031250 0.031250
0 0.703125 0.376563 0.031250 0.034375
0 0.453125 0.703125 0.031250 0.031250
0 0.306250 0.384375 0.031250 0.031250
0 0.406250 0.526563 0.031250 0.034375
0 0.278125 0.365625 0.031250 0.031250
0 0.707812 0.556250 0.028125 0.031250
0 0.334375 0.259375 0.031250 0.031250
0 0.807813 0.431250 0.028125 0.031250
0 0.321875 0.559375 0.031250 0.031250
0 0.673438 0.790625 0.028125 0.031250
0 0.959375 0.396875 0.031250 0.031250
0 0.412500 0.437500 0.031250 0.031250
0 0.828125 0.584375 0.031250 0.031250
0 0.829688 0.881250 0.034375 0.031250
0 0.309375 0.443750 0.031250 0.031250
0 0.950000 0.850000 0.031250 0.031250
0 0.187500 0.281250 0.031250 0.031250
0 0.934375 0.881250 0.031250 0.031250
0 0.737500 0.106250 0.031250 0.031250
0 0.396875 0.468750 0.031250 0.031250
0 0.315625 0.503125 0.031250 0.031250
0 0.187500 0.209375 0.031250 0.031250
0 0.776563 0.790625 0.028125 0.031250
0 0.396875 0.615625 0.031250 0.031250
0 0.826562 0.128125 0.028125 0.031250
0 0.415625 0.643750 0.031250 0.031250
0 0.740625 0.434375 0.031250 0.031250
0 0.290625 0.415625 0.031250 0.031250
0 0.673438 0.850000 0.028125 0.031250
0 0.846875 0.671875 0.031250 0.031250
0 0.578125 0.360938 0.031250 0.028125
0 0.484375 0.642188 0.031250 0.028125
0 0.475000 0.521875 0.031250 0.031250
0 0.743750 0.554688 0.031250 0.028125
0 0.481250 0.431250 0.031250 0.031250
0 0.765625 0.162500 0.031250 0.031250
0 0.923438 0.278125 0.028125 0.031250
0 0.434375 0.673438 0.031250 0.028125
0 0.671875 0.317188 0.031250 0.034375
0 0.793750 0.818750 0.031250 0.031250
0 0.667188 0.381250 0.028125 0.031250
0 0.950000 0.731250 0.031250 0.031250
0 0.459375 0.260937 0.031250 0.034375
0 0.443750 0.584375 0.031250 0.031250
0 0.864062 0.642188 0.028125 0.028125
0 0.968750 0.818750 0.031250 0.031250
0 0.468750 0.731250 0.031250 0.031250
0 0.940625 0.245312 0.031250 0.034375
0 0.862500 0.821875 0.031250 0.031250
0 0.906250 0.246875 0.031250 0.031250
0 0.759375 0.525000 0.031250 0.031250
0 0.756250 0.403125 0.031250 0.031250
0 0.278125 0.329688 0.031250 0.028125
0 0.610938 0.351562 0.034375 0.034375
0 0.456250 0.345313 0.031250 0.034375
0 0.562500 0.392188 0.031250 0.034375
0 0.215625 0.520312 0.031250 0.034375
0 0.859375 0.400000 0.031250 0.031250
0 0.278125 0.650000 0.031250 0.031250
0 0.726562 0.760938 0.028125 0.028125
0 0.462500 0.403125 0.031250 0.031250
0 0.795312 0.035937 0.028125 0.028125
0 0.370312 0.528125 0.028125 0.031250
0 0.759375 0.818750 0.031250 0.031250
0 0.334375 0.190625 0.031250 0.031250
0 0.975000 0.246875 0.031250 0.031250
0 0.381250 0.643750 0.031250 0.031250
0 0.495312 0.400000 0.028125 0.031250
0 0.812500 0.673438 0.031250 0.028125
0 0.403125 0.793750 0.031250 0.031250
0 0.215625 0.262500 0.031250 0.031250
0 0.803125 0.370312 0.031250 0.034375
0 0.534375 0.456250 0.031250 0.031250
0 0.359375 0.412500 0.031250 0.031250
0 0.548438 0.578125 0.034375 0.031250
0 0.575000 0.515625 0.031250 0.031250
0 0.764062 0.195312 0.028125 0.028125
0 0.610938 0.864062 0.034375 0.034375
0 0.184375 0.512500 0.031250 0.031250
0 0.506250 0.521875 0.031250 0.031250
0 0.581250 0.418750 0.031250 0.031250
0 0.553125 0.640625 0.031250 0.031250
0 0.385937 0.704688 0.028125 0.028125
0 0.975000 0.184375 0.031250 0.031250
0 0.485938 0.103125 0.028125 0.031250
0 0.771875 0.371875 0.031250 0.031250
0 0.370312 0.734375 0.028125 0.031250
0 0.468750 0.462500 0.031250 0.031250
0 0.690625 0.700000 0.031250 0.031250
0 0.590625 0.700000 0.031250 0.031250
0 0.246875 0.350000 0.031250 0.031250
0 0.796875 0.143750 0.031250 0.031250
0 0.306250 0.278125 0.031250 0.031250
0 0.881250 0.671875 0.031250 0.031250
0 0.334375 0.156250 0.031250 0.031250
0 0.426563 0.103125 0.028125 0.031250
0 0.553125 0.700000 0.031250 0.031250
0 0.456250 0.228125 0.031250 0.031250
0 0.459375 0.553125 0.031250 0.031250
0 0.337500 0.293750 0.031250 0.031250
0 0.454688 0.825000 0.028125 0.031250
0 0.448437 0.434375 0.028125 0.031250
0 0.401562 0.673438 0.028125 0.028125
0 0.328125 0.618750 0.031250 0.031250
0 0.306250 0.310937 0.031250 0.028125
0 0.731250 0.314063 0.031250 0.034375
0 0.557813 0.820312 0.028125 0.028125
0 0.450000 0.642188 0.031250 0.028125
0 0.771875 0.434375 0.031250 0.031250
0 0.156250 0.368750 0.031250 0.031250
0 0.615625 0.579688 0.031250 0.034375
0 0.778125 0.282813 0.031250 0.034375
0 0.368750 0.314063 0.031250 0.034375
0 0.271875 0.596875 0.031250 0.031250
0 0.521875 0.487500 0.031250 0.031250
0 0.528125 0.396875 0.031250 0.031250
0 0.378125 0.439063 0.031250 0.028125
0 0.578125 0.853125 0.031250 0.031250
0 0.365625 0.103125 0.031250 0.031250
0 0.512500 0.579688 0.031250 0.034375
0 0.568750 0.668750 0.031250 0.031250
0 0.671875 0.282813 0.031250 0.034375
0 0.775000 0.909375 0.031250 0.031250
0 0.946875 0.162500 0.031250 0.031250
0 0.909375 0.368750 0.031250 0.031250
0 0.534375 0.609375 0.031250 0.031250
0 0.335938 0.226562 0.028125 0.028125
0 0.425000 0.034375 0.031250 0.031250
0 0.640625 0.790625 0.031250 0.031250
0 0.760938 0.643750 0.028125 0.031250
0 0.218750 0.365625 0.031250 0.031250
0 0.426563 0.407813 0.028125 0.028125
0 0.671875 0.609375 0.031250 0.031250
0 0.579688 0.328125 0.028125 0.031250
0 0.934375 0.640625 0.031250 0.031250
0 0.431250 0.612500 0.031250 0.031250
0 0.320312 0.704688 0.028125 0.028125
0 0.262500 0.475000 0.031250 0.031250
0 0.231250 0.548438 0.031250 0.034375
0 0.225000 0.432812 0.031250 0.034375
0 0.325000 0.414062 0.031250 0.028125
0 0.456250 0.120313 0.031250 0.028125
0 0.503125 0.731250 0.031250 0.031250
0 0.790625 0.462500 0.031250 0.031250
0 0.521875 0.292187 0.031250 0.028125
0 0.978125 0.365625 0.031250 0.031250
0 0.157812 0.334375 0.028125 0.031250
0 0.468750 0.671875 0.031250 0.031250
0 0.187500 0.314063 0.031250 0.028125
0 0.356250 0.559375 0.031250 0.031250
0 0.300000 0.532813 0.031250 0.028125
0 0.509375 0.371875 0.031250 0.031250
0 0.887500 0.021875 0.031250 0.031250
0 0.437500 0.793750 0.031250 0.031250
0 0.954688 0.214062 0.034375 0.034375
0 0.725000 0.703125 0.031250 0.031250
0 0.443750 0.376563 0.031250 0.028125
0 0.362500 0.468750 0.031250 0.031250
0 0.543750 0.850000 0.031250 0.031250
0 0.284375 0.562500 0.031250 0.031250
0 0.606250 0.790625 0.031250 0.031250
0 0.725000 0.642188 0.031250 0.028125
0 0.646875 0.356250 0.031250 0.031250
0 0.542188 0.517188 0.028125 0.028125
0 0.339062 0.381250 0.028125 0.031250
0 0.156250 0.157812 0.031250 0.028125
0 0.362500 0.615625 0.031250 0.031250
0 0.673438 0.500000 0.028125 0.031250
0 0.684375 0.409375 0.031250 0.031250
0 0.432812 0.465625 0.034375 0.031250
0 0.475000 0.853125 0.031250 0.031250
0 0.779687 0.554688 0.028125 0.028125
0 0.401562 0.321875 0.028125 0.031250
0 0.603125 0.610938 0.031250 0.028125
0 0.515625 0.156250 0.031250 0.031250
0 0.640625 0.501563 0.031250 0.034375
0 0.656250 0.759375 0.031250 0.031250
0 0.521875 0.700000 0.031250 0.031250
0 0.281250 0.506250 0.031250 0.031250
0 0.862500 0.878125 0.031250 0.031250
0 0.215625 0.053125 0.031250 0.031250
0 0.517188 0.120313 0.028125 0.028125
0 0.306250 0.590625 0.031250 0.031250
0 0.300000 0.676562 0.031250 0.028125
0 0.187500 0.034375 0.031250 0.031250
0 0.167187 0.442188 0.028125 0.028125
0 0.453125 0.493750 0.031250 0.031250
0 0.637500 0.292187 0.031250 0.028125
0 0.418750 0.704688 0.031250 0.028125
0 0.421875 0.825000 0.031250 0.031250
0 0.587500 0.640625 0.031250 0.031250
0 0.790625 0.246875 0.031250 0.031250
0 0.800000 0.309375 0.031250 0.031250
0 0.423438 0.350000 0.028125 0.031250
0 0.332813 0.675000 0.028125 0.031250
0 0.562500 0.885938 0.031250 0.034375
0 0.345313 0.768750 0.034375 0.031250
0 0.275000 0.190625 0.031250 0.031250
0 0.843750 0.553125 0.031250 0.031250
0 0.225000 0.610938 0.031250 0.034375
0 0.490625 0.243750 0.031250 0.031250
0 0.428125 0.068750 0.031250 0.031250
0 0.606250 0.309375 0.031250 0.031250
0 0.912500 0.428125 0.031250 0.031250
0 0.489063 0.823438 0.028125 0.028125
0 0.276562 0.228125 0.028125 0.031250
0 0.825000 0.020313 0.031250 0.028125
0 0.173437 0.478125 0.028125 0.031250
0 0.776563 0.493750 0.028125 0.031250
0 0.951562 0.790625 0.028125 0.031250
0 0.484375 0.068750 0.031250 0.031250
0 0.439063 0.525000 0.028125 0.031250
0 0.356250 0.353125 0.031250 0.031250
0 0.365625 0.278125 0.031250 0.031250
0 0.157812 0.121875 0.028125 0.031250
0 0.253125 0.626563 0.031250 0.034375
0 0.215625 0.156250 0.031250 0.031250
0 0.548438 0.312500 0.028125 0.031250
0 0.595313 0.546875 0.034375 0.031250
0 0.862500 0.581250 0.031250 0.031250
0 0.528125 0.878125 0.031250 0.031250
0 0.635938 0.610938 0.028125 0.028125
0 0.556250 0.485938 0.031250 0.028125
0 0.487500 0.209375 0.031250 0.031250
0 0.690625 0.526563 0.031250 0.028125
0 0.950000 0.909375 0.031250 0.031250
0 0.589063 0.481250 0.028125 0.031250
0 0.215625 0.121875 0.031250 0.031250
0 0.215625 0.015625 0.031250 0.031250
0 0.965625 0.521875 0.031250 0.031250
0 0.760938 0.228125 0.028125 0.031250
0 0.485938 0.137500 0.028125 0.031250
0 0.517188 0.084375 0.028125 0.031250
0 0.918750 0.215625 0.031250 0.031250
0 0.485938 0.032813 0.028125 0.028125
0 0.464062 0.612500 0.028125 0.031250
0 0.157812 0.298438 0.028125 0.028125
0 0.550000 0.275000 0.031250 0.031250
0 0.578125 0.293750 0.031250 0.031250
0 0.276562 0.017188 0.028125 0.028125
0 0.689063 0.640625 0.028125 0.031250
0 0.876563 0.431250 0.028125 0.031250
0 0.743750 0.279687 0.031250 0.034375
0 0.581250 0.578125 0.031250 0.031250
0 0.265625 0.681250 0.031250 0.031250
0 0.156250 0.053125 0.031250 0.031250
0 0.365625 0.675000 0.031250 0.031250
0 0.406250 0.381250 0.031250 0.031250
0 0.809375 0.492188 0.031250 0.028125
0 0.856250 0.278125 0.031250 0.031250
0 0.157812 0.262500 0.028125 0.031250
0 0.653125 0.579688 0.031250 0.034375
0 0.915625 0.037500 0.031250 0.031250
0 0.620313 0.473438 0.028125 0.028125
0 0.265625 0.537500 0.031250 0.031250
0 0.517188 0.050000 0.034375 0.031250
0 0.896875 0.521875 0.031250 0.031250
0 0.198437 0.454688 0.028125 0.028125
0 0.629687 0.548438 0.034375 0.034375
0 0.635938 0.325000 0.028125 0.031250
0 0.246875 0.507812 0.031250 0.034375
0 0.675000 0.556250 0.031250 0.031250
0 0.285938 0.709375 0.028125 0.031250
0 0.314063 0.648438 0.028125 0.028125
0 0.734375 0.037500 0.031250 0.031250
0 0.856250 0.182812 0.031250 0.034375
0 0.334375 0.121875 0.031250 0.031250
0 0.843750 0.492188 0.031250 0.028125
0 0.978125 0.150000 0.031250 0.031250
0 0.390625 0.556250 0.031250 0.031250
0 0.209375 0.578125 0.031250 0.031250
0 0.934375 0.584375 0.031250 0.031250
0 0.342187 0.589063 0.028125 0.028125
0 0.492188 0.276562 0.028125 0.028125
0 0.456250 0.017188 0.031250 0.028125
0 0.475000 0.371875 0.031250 0.031250
0 0.245312 0.034375 0.028125 0.031250
0 0.431250 0.282813 0.031250 0.034375
0 0.493750 0.309375 0.031250 0.031250
0 0.337500 0.328125 0.031250 0.031250
0 0.596875 0.896875 0.031250 0.031250
0 0.943750 0.428125 0.031250 0.031250
0 0.693750 0.584375 0.031250 0.031250
0 0.968750 0.703125 0.031250 0.031250
0 0.462500 0.296875 0.031250 0.031250
0 0.306250 0.734375 0.031250 0.031250
0 0.823438 0.232813 0.034375 0.034375
0 0.765625 0.021875 0.031250 0.031250
0 0.187500 0.350000 0.031250 0.031250
0 0.365625 0.034375 0.031250 0.031250
0 0.870313 0.248438 0.034375 0.034375
0 0.740625 0.912500 0.031250 0.031250
0 0.703125 0.265625 0.031250 0.031250
0 0.707812 0.496875 0.028125 0.031250
0 0.331250 0.471875 0.031250 0.031250
0 0.734375 0.178125 0.031250 0.031250
0 0.278125 0.053125 0.031250 0.031250
0 0.437500 0.318750 0.031250 0.031250
0 0.523438 0.335938 0.034375 0.034375
0 0.878125 0.492188 0.031250 0.028125
0 0.609375 0.278125 0.031250 0.031250
0 0.396875 0.015625 0.031250 0.031250
0 0.339062 0.735938 0.028125 0.028125
0 0.548438 0.242188 0.028125 0.028125
0 0.885938 0.167187 0.034375 0.034375
0 0.714063 0.343750 0.034375 0.031250
0 0.515625 0.640625 0.031250 0.031250
0 0.257812 0.417187 0.034375 0.034375
0 0.829688 0.820312 0.028125 0.028125
0 0.914062 0.145313 0.034375 0.034375
0 0.853125 0.217188 0.031250 0.034375
0 0.945312 0.020313 0.034375 0.034375
0 0.917188 0.671875 0.028125 0.031250
0 0.543750 0.362500 0.031250 0.031250
0 0.306250 0.034375 0.031250 0.031250
0 0.243750 0.581250 0.031250 0.031250
0 0.562500 0.546875 0.031250 0.031250
0 0.629687 0.901563 0.034375 0.034375
0 0.396875 0.256250 0.031250 0.031250
0 0.725000 0.881250 0.031250 0.031250
0 0.703125 0.087500 0.031250 0.031250
0 0.734375 0.375000 0.031250 0.031250
0 0.396875 0.156250 0.031250 0.031250
0 0.731250 0.246875 0.031250 0.031250
0 0.306250 0.243750 0.031250 0.031250
0 0.946875 0.490625 0.031250 0.031250
0 0.187500 0.071875 0.031250 0.031250
0 0.396875 0.084375 0.031250 0.031250
0 0.823438 0.400000 0.028125 0.031250
0 0.825000 0.198437 0.031250 0.028125
0 0.156250 0.017188 0.031250 0.028125
0 0.350000 0.500000 0.031250 0.031250
0 0.756250 0.881250 0.031250 0.031250
0 0.456250 0.190625 0.031250 0.031250
0 0.704688 0.157812 0.034375 0.034375
0 0.609375 0.515625 0.031250 0.031250
0 0.550000 0.425000 0.031250 0.031250
0 0.671875 0.907813 0.031250 0.028125
0 0.231250 0.465625 0.031250 0.031250
0 0.493750 0.550000 0.031250 0.031250
0 0.765625 0.126562 0.031250 0.034375
0 0.703125 0.053125 0.031250 0.031250
0 0.276562 0.443750 0.028125 0.031250
0 0.343750 0.443750 0.031250 0.031250
0 0.193750 0.546875 0.031250 0.031250
0 0.681250 0.348438 0.031250 0.034375
0 0.709375 0.615625 0.031250 0.031250
0 0.490625 0.343750 0.031250 0.031250
0 0.400000 0.287500 0.031250 0.031250
0 0.840625 0.371875 0.031250 0.031250
0 0.246875 0.106250 0.031250 0.031250
0 0.156250 0.193750 0.031250 0.031250
0 0.539062 0.729688 0.028125 0.028125
0 0.412500 0.584375 0.031250 0.031250
0 0.546875 0.068750 0.031250 0.031250
0 0.487500 0.490625 0.031250 0.031250
0 0.878125 0.734375 0.031250 0.031250
0 0.765625 0.312500 0.031250 0.031250
0 0.621875 0.700000 0.031250 0.031250
0 0.637500 0.262500 0.031250 0.031250
0 0.296875 0.475000 0.031250 0.031250
0 0.160938 0.406250 0.034375 0.031250
0 0.590625 0.821875 0.031250 0.031250
0 0.700000 0.300000 0.031250 0.031250
0 0.765625 0.089063 0.031250 0.034375
0 0.156250 0.228125 0.031250 0.031250
0 0.912500 0.112500 0.031250 0.031250
0 0.704688 0.439063 0.028125 0.028125
0 0.248438 0.142187 0.028125 0.028125
0 0.335938 0.531250 0.028125 0.031250
0 0.596875 0.387500 0.031250 0.031250
0 0.796875 0.525000 0.031250 0.031250
0 0.810937 0.790625 0.028125 0.031250
0 0.845313 0.790625 0.028125 0.031250
0 0.371875 0.793750 0.031250 0.031250
0 0.568750 0.609375 0.031250 0.031250
0 0.971875 0.040625 0.031250 0.031250
0 0.337500 0.017188 0.031250 0.028125
0 0.639062 0.729688 0.028125 0.028125
0 0.842187 0.431250 0.028125 0.031250
0 0.950000 0.671875 0.031250 0.031250
0 0.787500 0.403125 0.031250 0.031250
0 0.276562 0.295312 0.028125 0.028125
0 0.846875 0.734375 0.031250 0.031250
0 0.421875 0.765625 0.031250 0.031250
0 0.567187 0.454688 0.028125 0.028125
0 0.926562 0.398438 0.028125 0.028125
0 0.745313 0.675000 0.028125 0.031250
0 0.656250 0.531250 0.031250 0.031250
0 0.187500 0.103125 0.031250 0.031250
0 0.571875 0.729688 0.031250 0.028125
0 0.776563 0.673438 0.028125 0.028125
0 0.217188 0.226562 0.028125 0.028125
0 0.425000 0.556250 0.031250 0.031250
0 0.503125 0.459375 0.031250 0.031250
0 0.153125 0.087500 0.031250 0.031250
0 0.671875 0.070312 0.031250 0.034375
0 0.604688 0.671875 0.028125 0.031250
0 0.893750 0.396875 0.031250 0.031250
0 0.826562 0.523438 0.028125 0.028125
0 0.276562 0.260937 0.028125 0.028125
0 0.365625 0.209375 0.031250 0.031250
0 0.637500 0.846875 0.031250 0.031250
0 0.812500 0.553125 0.031250 0.031250
0 0.796875 0.760938 0.031250 0.028125
0 0.487500 0.760938 0.031250 0.028125
0 0.637500 0.050000 0.031250 0.031250
0 0.250000 0.384375 0.031250 0.031250
0 0.609375 0.032813 0.031250 0.034375
0 0.246875 0.171875 0.031250 0.031250
0 0.810937 0.732812 0.028125 0.028125
0 0.793750 0.584375 0.031250 0.031250
0 0.206250 0.487500 0.031250 0.031250
0 0.387500 0.350000 0.031250 0.031250
0 0.759375 0.756250 0.031250 0.031250
0 0.795312 0.642188 0.028125 0.028125
0 0.185938 0.140625 0.028125 0.031250
0 0.546875 0.103125 0.031250 0.031250
0 0.306250 0.207813 0.031250 0.028125
0 0.578125 0.050000 0.031250 0.031250
0 0.592187 0.759375 0.028125 0.031250
0 0.376563 0.587500 0.028125 0.031250
0 0.968750 0.640625 0.031250 0.031250
0 0.690625 0.467187 0.031250 0.028125
0 0.950000 0.612500 0.031250 0.031250
0 0.984375 0.790625 0.025000 0.025000
0 0.487500 0.700000 0.031250 0.031250
0 0.884375 0.093750 0.031250 0.031250
0 0.215625 0.192188 0.031250 0.028125
0 0.217188 0.295312 0.028125 0.028125
0 0.828125 0.762500 0.025000 0.025000
0 0.726562 0.523438 0.028125 0.028125
0 0.507812 0.667188 0.034375 0.034375
0 0.335938 0.085938 0.034375 0.034375
0 0.393750 0.409375 0.031250 0.031250
0 0.609375 0.243750 0.031250 0.031250
0 0.723437 0.820312 0.028125 0.028125
0 0.368750 0.067187 0.031250 0.028125
0 0.404687 0.732812 0.028125 0.028125
0 0.518750 0.221875 0.025000 0.025000
0 0.657813 0.820312 0.028125 0.028125
0 0.485938 0.175000 0.028125 0.031250
0 0.306250 0.175000 0.031250 0.031250
0 0.792188 0.703125 0.028125 0.031250
0 0.471875 0.793750 0.031250 0.031250
0 0.348438 0.648438 0.028125 0.028125
