0 0.896875 0.850000 0.031250 0.031250
0 0.951562 0.173437 0.028125 0.028125
0 0.682813 0.095312 0.028125 0.028125
0 0.162500 0.306250 0.031250 0.031250
0 0.890625 0.140625 0.031250 0.031250
0 0.740625 0.818750 0.031250 0.031250
0 0.151562 0.881250 0.028125 0.031250
0 0.770312 0.212500 0.028125 0.031250
0 0.740625 0.881250 0.031250 0.031250
0 0.178125 0.337500 0.031250 0.031250
0 0.831250 0.282813 0.031250 0.028125
0 0.950000 0.103125 0.031250 0.031250
0 0.890625 0.068750 0.031250 0.031250
0 0.303125 0.428125 0.031250 0.031250
0 0.303125 0.368750 0.031250 0.031250
0 0.864062 0.407813 0.028125 0.028125
0 0.864062 0.909375 0.028125 0.031250
0 0.759375 0.850000 0.031250 0.031250
0 0.932813 0.850000 0.034375 0.031250
0 0.800000 0.228125 0.031250 0.031250
0 0.800000 0.159375 0.031250 0.031250
0 0.620313 0.301563 0.028125 0.028125
0 0.168750 0.731250 0.031250 0.031250
0 0.901563 0.525000 0.028125 0.031250
0 0.709375 0.462500 0.031250 0.031250
0 0.115625 0.760938 0.031250 0.028125
0 0.526563 0.064062 0.028125 0.028125
0 0.265625 0.246875 0.031250 0.031250
0 0.803125 0.265625 0.031250 0.031250
0 0.831250 0.246875 0.031250 0.031250
0 0.867188 0.443750 0.028125 0.031250
0 0.151562 0.700000 0.034375 0.031250
0 0.890625 0.209375 0.031250 0.031250
0 0.895312 0.423438 0.028125 0.028125
0 0.846875 0.762500 0.031250 0.031250
0 0.859375 0.087500 0.031250 0.031250
0 0.584375 0.214062 0.031250 0.034375
0 0.104688 0.214062 0.034375 0.034375
0 0.095312 0.128125 0.034375 0.031250
0 0.656250 0.671875 0.031250 0.031250
0 0.771875 0.246875 0.031250 0.031250
0 0.895312 0.790625 0.028125 0.031250
0 0.837500 0.462500 0.031250 0.031250
0 0.859375 0.156250 0.031250 0.031250
0 0.725000 0.850000 0.031250 0.031250
0 0.831250 0.731250 0.031250 0.031250
0 0.926562 0.437500 0.028125 0.031250
0 0.859375 0.053125 0.031250 0.031250
0 0.625000 0.431250 0.031250 0.031250
0 0.800000 0.125000 0.031250 0.031250
0 0.796875 0.610938 0.031250 0.028125
0 0.800000 0.298438 0.031250 0.028125
0 0.918750 0.120313 0.031250 0.028125
0 0.568750 0.881250 0.031250 0.031250
0 0.240625 0.790625 0.031250 0.031250
0 0.709375 0.212500 0.031250 0.031250
0 0.950000 0.762500 0.031250 0.031250
0 0.246875 0.215625 0.031250 0.031250
0 0.690625 0.790625 0.031250 0.031250
0 0.881250 0.881250 0.031250 0.031250
0 0.604688 0.818750 0.028125 0.031250
0 0.604688 0.881250 0.028125 0.031250
0 0.064062 0.075000 0.034375 0.031250
0 0.860938 0.228125 0.034375 0.031250
0 0.948438 0.137500 0.028125 0.031250
0 0.065625 0.731250 0.031250 0.031250
0 0.931250 0.792188 0.031250 0.028125
0 0.859375 0.121875 0.031250 0.031250
0 0.421875 0.220312 0.031250 0.034375
0 0.318750 0.337500 0.031250 0.031250
0 0.396875 0.878125 0.031250 0.031250
0 0.896875 0.673438 0.031250 0.028125
0 0.831250 0.318750 0.031250 0.031250
0 0.310937 0.126562 0.034375 0.034375
0 0.803125 0.375000 0.037500 0.037500
0 0.881250 0.703125 0.031250 0.031250
0 0.168750 0.790625 0.031250 0.031250
0 0.637500 0.700000 0.031250 0.031250
0 0.196875 0.306250 0.031250 0.031250
0 0.231250 0.368750 0.031250 0.031250
0 0.187500 0.818750 0.031250 0.031250
0 0.293750 0.821875 0.031250 0.031250
0 0.678125 0.196875 0.031250 0.031250
0 0.075000 0.337500 0.031250 0.031250
0 0.898438 0.456250 0.028125 0.031250
0 0.739062 0.195312 0.028125 0.028125
0 0.915625 0.642188 0.031250 0.034375
0 0.125000 0.110937 0.031250 0.034375
0 0.334375 0.250000 0.031250 0.031250
0 0.890625 0.175000 0.031250 0.031250
0 0.075000 0.278125 0.031250 0.031250
0 0.134375 0.790625 0.031250 0.031250
0 0.215625 0.275000 0.031250 0.031250
0 0.403125 0.187500 0.031250 0.031250
0 0.465625 0.068750 0.031250 0.031250
0 0.890625 0.246875 0.031250 0.031250
0 0.587500 0.850000 0.031250 0.031250
0 0.109375 0.276562 0.031250 0.034375
0 0.434375 0.053125 0.031250 0.031250
0 0.168750 0.850000 0.031250 0.031250
0 0.343750 0.850000 0.031250 0.031250
0 0.134375 0.850000 0.031250 0.031250
0 0.950000 0.643750 0.031250 0.031250
0 0.040625 0.337500 0.031250 0.031250
0 0.692187 0.493750 0.028125 0.031250
0 0.690625 0.671875 0.031250 0.031250
0 0.117188 0.821875 0.028125 0.031250
0 0.926562 0.471875 0.028125 0.031250
0 0.950000 0.881250 0.031250 0.031250
0 0.093750 0.368750 0.031250 0.031250
0 0.709375 0.818750 0.031250 0.031250
0 0.495312 0.050000 0.028125 0.031250
0 0.100000 0.850000 0.031250 0.031250
0 0.412500 0.731250 0.031250 0.031250
0 0.673438 0.818750 0.028125 0.031250
0 0.637500 0.759375 0.031250 0.031250
0 0.318750 0.278125 0.031250 0.031250
0 0.678125 0.298438 0.031250 0.028125
0 0.335938 0.189062 0.034375 0.034375
0 0.125000 0.075000 0.031250 0.031250
0 0.709375 0.246875 0.031250 0.031250
0 0.921875 0.334375 0.031250 0.031250
0 0.275000 0.790625 0.031250 0.031250
0 0.953125 0.384375 0.031250 0.031250
0 0.396875 0.759375 0.031250 0.031250
0 0.932813 0.540625 0.028125 0.031250
0 0.481250 0.909375 0.031250 0.031250
0 0.709375 0.282813 0.031250 0.028125
0 0.828125 0.071875 0.031250 0.031250
0 0.187500 0.881250 0.031250 0.031250
0 0.562500 0.112500 0.031250 0.031250
0 0.890625 0.315625 0.031250 0.031250
0 0.962500 0.521875 0.031250 0.031250
0 0.812500 0.881250 0.031250 0.031250
0 0.898438 0.909375 0.028125 0.031250
0 0.093750 0.057813 0.031250 0.034375
0 0.740625 0.059375 0.031250 0.031250
0 0.528125 0.337500 0.031250 0.031250
0 0.740625 0.298438 0.031250 0.028125
0 0.215625 0.337500 0.031250 0.031250
0 0.378125 0.850000 0.031250 0.031250
0 0.868750 0.478125 0.031250 0.031250
0 0.725000 0.909375 0.031250 0.031250
0 0.915625 0.704688 0.031250 0.028125
0 0.251563 0.064062 0.034375 0.034375
0 0.740625 0.265625 0.031250 0.031250
0 0.375000 0.056250 0.031250 0.031250
0 0.951562 0.207813 0.028125 0.028125
0 0.740625 0.229687 0.031250 0.028125
0 0.396875 0.700000 0.031250 0.031250
0 0.021875 0.309375 0.031250 0.031250
0 0.356250 0.340625 0.031250 0.031250
0 0.271875 0.850000 0.031250 0.031250
0 0.646875 0.178125 0.031250 0.031250
0 0.531250 0.100000 0.031250 0.031250
0 0.065625 0.909375 0.031250 0.031250
0 0.065625 0.790625 0.031250 0.031250
0 0.953125 0.418750 0.031250 0.031250
0 0.932813 0.673438 0.028125 0.028125
0 0.287500 0.400000 0.031250 0.031250
0 0.442188 0.368750 0.028125 0.031250
0 0.256250 0.759375 0.031250 0.031250
0 0.231250 0.307812 0.031250 0.034375
0 0.892188 0.281250 0.028125 0.031250
0 0.282813 0.156250 0.034375 0.031250
0 0.762500 0.553125 0.031250 0.031250
0 0.221875 0.818750 0.031250 0.031250
0 0.918750 0.193750 0.031250 0.031250
0 0.162500 0.365625 0.031250 0.031250
0 0.500000 0.084375 0.031250 0.031250
0 0.728125 0.493750 0.031250 0.031250
0 0.084375 0.881250 0.031250 0.031250
0 0.048438 0.881250 0.028125 0.031250
0 0.334375 0.309375 0.031250 0.031250
0 0.237500 0.671875 0.031250 0.031250
0 0.725000 0.610938 0.031250 0.028125
0 0.048438 0.821875 0.028125 0.031250
0 0.353125 0.278125 0.031250 0.031250
0 0.745313 0.464062 0.028125 0.028125
0 0.921875 0.368750 0.031250 0.031250
0 0.406250 0.250000 0.031250 0.031250
0 0.387500 0.278125 0.031250 0.031250
0 0.828125 0.106250 0.031250 0.031250
0 0.390625 0.340625 0.031250 0.031250
0 0.934375 0.612500 0.031250 0.031250
0 0.771875 0.318750 0.031250 0.031250
0 0.231250 0.246875 0.031250 0.031250
0 0.493750 0.337500 0.031250 0.031250
0 0.950000 0.243750 0.031250 0.031250
0 0.890625 0.103125 0.031250 0.031250
0 0.414062 0.142187 0.034375 0.034375
0 0.151562 0.818750 0.028125 0.031250
0 0.965625 0.790625 0.031250 0.031250
0 0.048438 0.700000 0.034375 0.031250
0 0.128125 0.150000 0.031250 0.031250
0 0.473438 0.179688 0.034375 0.034375
0 0.115625 0.700000 0.031250 0.031250
0 0.781250 0.581250 0.031250 0.031250
0 0.204687 0.790625 0.028125 0.031250
0 0.256250 0.700000 0.031250 0.031250
0 0.343750 0.110937 0.031250 0.034375
0 0.617188 0.229687 0.034375 0.034375
0 0.307812 0.790625 0.028125 0.031250
0 0.828125 0.790625 0.031250 0.031250
0 0.656250 0.848437 0.031250 0.034375
0 0.950000 0.068750 0.031250 0.031250
0 0.265625 0.187500 0.031250 0.031250
0 0.648438 0.214062 0.034375 0.034375
0 0.793750 0.731250 0.031250 0.031250
0 0.156250 0.128125 0.031250 0.031250
0 0.587500 0.059375 0.031250 0.031250
0 0.673438 0.759375 0.028125 0.031250
0 0.412500 0.909375 0.031250 0.031250
0 0.904687 0.557813 0.028125 0.028125
0 0.406250 0.309375 0.031250 0.031250
0 0.300000 0.189062 0.031250 0.034375
0 0.707812 0.759375 0.028125 0.031250
0 0.343750 0.790625 0.031250 0.031250
0 0.517188 0.909375 0.028125 0.031250
0 0.325000 0.818750 0.031250 0.031250
0 0.743750 0.521875 0.031250 0.031250
0 0.343750 0.729688 0.031250 0.034375
0 0.553125 0.909375 0.031250 0.031250
0 0.187500 0.760938 0.031250 0.028125
0 0.640625 0.878125 0.031250 0.031250
0 0.868750 0.512500 0.031250 0.031250
0 0.862500 0.371875 0.031250 0.031250
0 0.950000 0.278125 0.031250 0.031250
0 0.134375 0.909375 0.031250 0.031250
0 0.615625 0.193750 0.031250 0.031250
0 0.881250 0.640625 0.031250 0.031250
0 0.345313 0.075000 0.034375 0.031250
0 0.837500 0.428125 0.031250 0.031250
0 0.921875 0.298438 0.031250 0.028125
0 0.640625 0.581250 0.031250 0.031250
0 0.862500 0.298438 0.031250 0.028125
0 0.776563 0.818750 0.034375 0.031250
0 0.140625 0.215625 0.031250 0.031250
0 0.650000 0.315625 0.031250 0.031250
0 0.378125 0.125000 0.031250 0.031250
0 0.559375 0.078125 0.031250 0.031250
0 0.464062 0.034375 0.028125 0.031250
0 0.709375 0.042188 0.031250 0.028125
0 0.500000 0.640625 0.031250 0.031250
0 0.812500 0.642188 0.031250 0.028125
0 0.300000 0.246875 0.031250 0.031250
0 0.620313 0.334375 0.028125 0.031250
0 0.084375 0.700000 0.031250 0.031250
0 0.812500 0.760938 0.031250 0.028125
0 0.934375 0.909375 0.031250 0.031250
0 0.464062 0.640625 0.028125 0.031250
0 0.212500 0.215625 0.031250 0.031250
0 0.834375 0.390625 0.031250 0.031250
0 0.437500 0.089063 0.031250 0.034375
0 0.534375 0.640625 0.031250 0.031250
0 0.693750 0.434375 0.031250 0.031250
0 0.187500 0.700000 0.031250 0.031250
0 0.657813 0.490625 0.028125 0.031250
0 0.193750 0.245312 0.031250 0.034375
0 0.739062 0.332813 0.028125 0.028125
0 0.125000 0.306250 0.031250 0.031250
0 0.650000 0.282813 0.031250 0.028125
0 0.798438 0.553125 0.034375 0.031250
0 0.957812 0.453125 0.028125 0.031250
0 0.325000 0.760938 0.031250 0.028125
0 0.407813 0.106250 0.034375 0.031250
0 0.459375 0.400000 0.031250 0.031250
0 0.812500 0.700000 0.031250 0.031250
0 0.250000 0.337500 0.031250 0.031250
0 0.271875 0.671875 0.031250 0.031250
0 0.621875 0.909375 0.031250 0.031250
0 0.887500 0.034375 0.031250 0.031250
0 0.709375 0.315625 0.031250 0.031250
0 0.143750 0.275000 0.031250 0.031250
0 0.978125 0.050000 0.031250 0.031250
0 0.500000 0.881250 0.031250 0.031250
0 0.159375 0.245312 0.031250 0.034375
0 0.100000 0.731250 0.031250 0.031250
0 0.659375 0.431250 0.031250 0.031250
0 0.862500 0.671875 0.031250 0.031250
0 0.726562 0.790625 0.028125 0.031250
0 0.739062 0.368750 0.028125 0.031250
0 0.581250 0.178125 0.031250 0.031250
0 0.768750 0.037500 0.031250 0.031250
0 0.370312 0.250000 0.034375 0.031250
0 0.829688 0.671875 0.034375 0.031250
0 0.859375 0.193750 0.031250 0.031250
0 0.834375 0.351562 0.031250 0.034375
0 0.368750 0.189062 0.031250 0.034375
0 0.067187 0.181250 0.034375 0.037500
0 0.481250 0.671875 0.031250 0.031250
0 0.371875 0.309375 0.031250 0.031250
0 0.690625 0.553125 0.031250 0.031250
0 0.978125 0.120313 0.031250 0.034375
0 0.354687 0.400000 0.028125 0.031250
0 0.337500 0.368750 0.031250 0.031250
0 0.621875 0.850000 0.031250 0.031250
0 0.951562 0.314063 0.028125 0.028125
0 0.878125 0.581250 0.031250 0.031250
0 0.134375 0.731250 0.031250 0.031250
0 0.604688 0.521875 0.028125 0.031250
0 0.284375 0.337500 0.031250 0.031250
0 0.189062 0.096875 0.034375 0.031250
0 0.459375 0.278125 0.031250 0.031250
0 0.390625 0.400000 0.031250 0.031250
0 0.765625 0.434375 0.031250 0.031250
0 0.865625 0.734375 0.031250 0.031250
0 0.760938 0.909375 0.028125 0.031250
0 0.031250 0.909375 0.031250 0.031250
0 0.512500 0.309375 0.031250 0.031250
0 0.553125 0.850000 0.031250 0.031250
0 0.709375 0.178125 0.031250 0.031250
0 0.803125 0.334375 0.031250 0.031250
0 0.771875 0.178125 0.031250 0.031250
0 0.089063 0.245312 0.034375 0.034375
0 0.090625 0.306250 0.031250 0.031250
0 0.059375 0.306250 0.031250 0.031250
0 0.603125 0.700000 0.031250 0.031250
0 0.760938 0.610938 0.028125 0.028125
0 0.762500 0.493750 0.031250 0.031250
0 0.678125 0.462500 0.031250 0.031250
0 0.568750 0.818750 0.031250 0.031250
0 0.231250 0.184375 0.031250 0.031250
0 0.781250 0.465625 0.031250 0.031250
0 0.678125 0.231250 0.031250 0.031250
0 0.657813 0.553125 0.028125 0.031250
0 0.818750 0.525000 0.031250 0.031250
0 0.318750 0.218750 0.031250 0.031250
0 0.892188 0.385937 0.034375 0.034375
0 0.640625 0.521875 0.031250 0.031250
0 0.690625 0.610938 0.031250 0.028125
0 0.953125 0.348438 0.031250 0.028125
0 0.556250 0.043750 0.031250 0.031250
0 0.587500 0.909375 0.031250 0.031250
0 0.640625 0.462500 0.031250 0.031250
0 0.739062 0.023438 0.028125 0.028125
0 0.412500 0.671875 0.031250 0.031250
0 0.134375 0.671875 0.031250 0.031250
0 0.287500 0.459375 0.031250 0.031250
0 0.712500 0.078125 0.031250 0.031250
0 0.890625 0.350000 0.031250 0.031250
0 0.154688 0.057813 0.034375 0.034375
0 0.093750 0.093750 0.031250 0.031250
0 0.193750 0.184375 0.031250 0.031250
0 0.656250 0.909375 0.031250 0.031250
0 0.767188 0.081250 0.034375 0.031250
0 0.125000 0.245312 0.031250 0.034375
0 0.250000 0.278125 0.031250 0.031250
0 0.478125 0.368750 0.031250 0.031250
0 0.221875 0.700000 0.031250 0.031250
0 0.084375 0.640625 0.031250 0.031250
0 0.678125 0.401562 0.031250 0.034375
0 0.709375 0.350000 0.031250 0.031250
0 0.187500 0.642188 0.031250 0.034375
0 0.707812 0.581250 0.028125 0.031250
0 0.204687 0.731250 0.028125 0.031250
0 0.860938 0.262500 0.028125 0.031250
0 0.246875 0.156250 0.031250 0.031250
0 0.439063 0.189062 0.034375 0.034375
0 0.829688 0.037500 0.028125 0.031250
0 0.590625 0.318750 0.031250 0.031250
0 0.675000 0.521875 0.031250 0.031250
0 0.048438 0.760938 0.028125 0.028125
0 0.250000 0.400000 0.031250 0.031250
0 0.593750 0.128125 0.031250 0.031250
0 0.215625 0.156250 0.031250 0.031250
0 0.200000 0.368750 0.031250 0.031250
0 0.375000 0.431250 0.031250 0.031250
0 0.781250 0.521875 0.031250 0.031250
0 0.229687 0.125000 0.034375 0.031250
0 0.828125 0.209375 0.031250 0.031250
0 0.082812 0.820312 0.028125 0.028125
0 0.340625 0.040625 0.031250 0.031250
0 0.606250 0.400000 0.031250 0.031250
0 0.590625 0.093750 0.031250 0.031250
0 0.428125 0.640625 0.031250 0.031250
0 0.900000 0.492188 0.031250 0.028125
0 0.121875 0.184375 0.031250 0.031250
0 0.515625 0.609375 0.031250 0.031250
0 0.425000 0.339062 0.031250 0.028125
0 0.475000 0.309375 0.031250 0.031250
0 0.025000 0.368750 0.031250 0.031250
0 0.151562 0.760938 0.028125 0.028125
0 0.425000 0.400000 0.031250 0.031250
0 0.312500 0.090625 0.031250 0.031250
0 0.921875 0.403125 0.031250 0.031250
0 0.814063 0.581250 0.034375 0.031250
0 0.535937 0.170313 0.034375 0.034375
0 0.607812 0.159375 0.034375 0.031250
0 0.481250 0.550000 0.031250 0.031250
0 0.379688 0.790625 0.028125 0.031250
0 0.934375 0.734375 0.031250 0.031250
0 0.559375 0.268750 0.031250 0.031250
0 0.740625 0.403125 0.031250 0.031250
0 0.100000 0.790625 0.031250 0.031250
0 0.128125 0.365625 0.031250 0.031250
0 0.250000 0.100000 0.031250 0.031250
0 0.515625 0.671875 0.031250 0.031250
0 0.109375 0.337500 0.031250 0.031250
0 0.640625 0.145313 0.031250 0.034375
0 0.267188 0.307812 0.028125 0.028125
0 0.800000 0.056250 0.031250 0.031250
0 0.490625 0.218750 0.031250 0.031250
0 0.378125 0.729688 0.031250 0.028125
0 0.339062 0.428125 0.028125 0.031250
0 0.187500 0.062500 0.031250 0.031250
0 0.709375 0.385937 0.031250 0.028125
0 0.565625 0.146875 0.031250 0.031250
0 0.267188 0.368750 0.028125 0.031250
0 0.382812 0.157812 0.034375 0.034375
0 0.065625 0.851562 0.031250 0.028125
0 0.440625 0.250000 0.031250 0.031250
0 0.743750 0.581250 0.031250 0.031250
0 0.070312 0.215625 0.034375 0.031250
0 0.421875 0.278125 0.031250 0.031250
0 0.587500 0.790625 0.031250 0.031250
0 0.378125 0.909375 0.031250 0.031250
0 0.931250 0.507812 0.031250 0.028125
0 0.556250 0.234375 0.031250 0.031250
0 0.281250 0.278125 0.031250 0.031250
0 0.056250 0.248438 0.031250 0.034375
0 0.675000 0.162500 0.031250 0.031250
0 0.490625 0.278125 0.031250 0.031250
0 0.553125 0.671875 0.031250 0.031250
0 0.035937 0.207813 0.034375 0.034375
0 0.240625 0.731250 0.031250 0.031250
0 0.914062 0.820312 0.028125 0.028125
0 0.100000 0.909375 0.031250 0.031250
0 0.031250 0.851562 0.031250 0.028125
0 0.679688 0.265625 0.028125 0.031250
0 0.360938 0.700000 0.028125 0.031250
0 0.500000 0.700000 0.031250 0.031250
0 0.637500 0.640625 0.031250 0.031250
0 0.440625 0.309375 0.031250 0.031250
0 0.268750 0.428125 0.031250 0.031250
0 0.510938 0.368750 0.028125 0.031250
0 0.960938 0.485938 0.028125 0.028125
0 0.220312 0.081250 0.034375 0.031250
0 0.356250 0.459375 0.031250 0.031250
0 0.031250 0.790625 0.031250 0.031250
0 0.443750 0.156250 0.031250 0.031250
0 0.950000 0.031250 0.031250 0.031250
0 0.650000 0.048438 0.031250 0.028125
0 0.968750 0.850000 0.031250 0.031250
0 0.831250 0.612500 0.031250 0.031250
0 0.175000 0.157812 0.031250 0.034375
0 0.650000 0.350000 0.031250 0.031250
0 0.220312 0.046875 0.028125 0.031250
0 0.040625 0.278125 0.031250 0.031250
0 0.534375 0.581250 0.031250 0.031250
0 0.281250 0.045312 0.031250 0.034375
0 0.204687 0.909375 0.028125 0.031250
0 0.621875 0.490625 0.031250 0.031250
0 0.481250 0.731250 0.031250 0.031250
0 0.675000 0.640625 0.031250 0.031250
0 0.059375 0.368750 0.031250 0.031250
0 0.448437 0.729688 0.028125 0.028125
0 0.475000 0.246875 0.031250 0.031250
0 0.348438 0.145313 0.034375 0.034375
0 0.865625 0.609375 0.031250 0.031250
0 0.151562 0.642188 0.028125 0.028125
0 0.303125 0.309375 0.031250 0.031250
0 0.621875 0.553125 0.031250 0.031250
0 0.839063 0.496875 0.028125 0.031250
0 0.650000 0.246875 0.031250 0.031250
0 0.809375 0.443750 0.031250 0.031250
0 0.684375 0.128125 0.031250 0.031250
0 0.350000 0.218750 0.031250 0.031250
0 0.553125 0.550000 0.031250 0.031250
0 0.800000 0.089063 0.031250 0.028125
0 0.793750 0.850000 0.031250 0.031250
0 0.803125 0.493750 0.031250 0.031250
0 0.965625 0.731250 0.031250 0.031250
0 0.546875 0.365625 0.031250 0.031250
0 0.065625 0.035937 0.031250 0.034375
0 0.589063 0.431250 0.028125 0.031250
0 0.031250 0.671875 0.031250 0.031250
0 0.620313 0.265625 0.028125 0.031250
0 0.778125 0.700000 0.031250 0.031250
0 0.450000 0.671875 0.031250 0.031250
0 0.360938 0.760938 0.028125 0.028125
0 0.678125 0.028125 0.031250 0.031250
0 0.509375 0.189062 0.031250 0.034375
0 0.965625 0.671875 0.031250 0.031250
0 0.678125 0.334375 0.031250 0.031250
0 0.528125 0.276562 0.031250 0.034375
0 0.503125 0.153125 0.031250 0.031250
0 0.156250 0.093750 0.031250 0.031250
0 0.059375 0.429688 0.031250 0.034375
0 0.387500 0.218750 0.031250 0.031250
0 0.978125 0.084375 0.031250 0.031250
0 0.293750 0.762500 0.031250 0.031250
0 0.587500 0.550000 0.031250 0.031250
0 0.709375 0.640625 0.031250 0.031250
0 0.587500 0.671875 0.031250 0.031250
0 0.553125 0.198437 0.031250 0.034375
0 0.028125 0.553125 0.031250 0.031250
0 0.882812 0.821875 0.028125 0.031250
0 0.828125 0.178125 0.031250 0.031250
0 0.360938 0.820312 0.028125 0.028125
0 0.584375 0.021875 0.031250 0.031250
0 0.796875 0.018750 0.031250 0.031250
0 0.587500 0.248438 0.031250 0.028125
0 0.518750 0.850000 0.031250 0.031250
0 0.375000 0.492188 0.031250 0.034375
0 0.979688 0.156250 0.028125 0.031250
0 0.307812 0.729688 0.028125 0.028125
0 0.464062 0.521875 0.028125 0.031250
0 0.254688 0.878125 0.028125 0.031250
0 0.834375 0.553125 0.031250 0.031250
0 0.157812 0.187500 0.034375 0.031250
0 0.446875 0.550000 0.031250 0.031250
0 0.965625 0.553125 0.031250 0.031250
0 0.378125 0.671875 0.031250 0.031250
0 0.065625 0.671875 0.031250 0.031250
0 0.312500 0.059375 0.031250 0.031250
0 0.618750 0.034375 0.031250 0.031250
0 0.620313 0.106250 0.034375 0.031250
0 0.096875 0.164062 0.031250 0.034375
0 0.859375 0.015625 0.031250 0.031250
0 0.690625 0.729688 0.031250 0.028125
0 0.642188 0.400000 0.034375 0.031250
0 0.256250 0.640625 0.031250 0.031250
0 0.771875 0.350000 0.031250 0.031250
0 0.115625 0.521875 0.031250 0.031250
0 0.979688 0.190625 0.028125 0.031250
0 0.481250 0.610938 0.031250 0.028125
0 0.432812 0.018750 0.028125 0.031250
0 0.035937 0.054688 0.034375 0.034375
0 0.195312 0.129688 0.034375 0.034375
0 0.968750 0.909375 0.031250 0.031250
0 0.768750 0.140625 0.031250 0.031250
0 0.064062 0.551562 0.028125 0.028125
0 0.309375 0.021875 0.031250 0.031250
0 0.553125 0.609375 0.031250 0.031250
0 0.473438 0.137500 0.034375 0.031250
0 0.623437 0.610938 0.028125 0.028125
0 0.448437 0.610938 0.028125 0.028125
0 0.653125 0.115625 0.031250 0.031250
0 0.396875 0.640625 0.031250 0.031250
0 0.412500 0.850000 0.031250 0.031250
0 0.317188 0.159375 0.034375 0.031250
0 0.568750 0.521875 0.031250 0.031250
0 0.740625 0.162500 0.031250 0.031250
0 0.571875 0.392188 0.031250 0.034375
0 0.793750 0.671875 0.031250 0.031250
0 0.562500 0.337500 0.031250 0.031250
0 0.046875 0.584375 0.031250 0.031250
0 0.321875 0.459375 0.031250 0.031250
0 0.829688 0.909375 0.034375 0.031250
0 0.407813 0.429688 0.028125 0.028125
0 0.276562 0.120313 0.034375 0.034375
0 0.517188 0.553125 0.028125 0.031250
0 0.523438 0.029687 0.028125 0.028125
0 0.803125 0.193750 0.031250 0.031250
0 0.392188 0.460938 0.028125 0.028125
0 0.234375 0.431250 0.031250 0.031250
0 0.534375 0.818750 0.031250 0.031250
0 0.406250 0.071875 0.031250 0.031250
0 0.360938 0.642188 0.028125 0.028125
0 0.290625 0.703125 0.031250 0.031250
0 0.034375 0.018750 0.031250 0.031250
0 0.531250 0.396875 0.031250 0.031250
0 0.918750 0.015625 0.031250 0.031250
0 0.715625 0.143750 0.031250 0.031250
0 0.412500 0.610938 0.031250 0.028125
0 0.190625 0.028125 0.031250 0.031250
0 0.218750 0.521875 0.031250 0.031250
0 0.371875 0.021875 0.031250 0.031250
0 0.898438 0.731250 0.028125 0.031250
0 0.604688 0.640625 0.028125 0.031250
0 0.340625 0.553125 0.031250 0.031250
0 0.168750 0.912500 0.031250 0.031250
0 0.081250 0.581250 0.031250 0.031250
0 0.237500 0.909375 0.031250 0.031250
0 0.376563 0.089063 0.034375 0.034375
0 0.731250 0.434375 0.031250 0.031250
0 0.046875 0.521875 0.031250 0.031250
0 0.431250 0.881250 0.031250 0.031250
0 0.110937 0.398438 0.028125 0.028125
0 0.176563 0.214062 0.034375 0.034375
0 0.412500 0.490625 0.031250 0.031250
0 0.153125 0.021875 0.037500 0.037500
0 0.095312 0.018750 0.034375 0.031250
0 0.620313 0.787500 0.028125 0.031250
0 0.237500 0.553125 0.031250 0.031250
0 0.442188 0.121875 0.034375 0.031250
0 0.500000 0.521875 0.031250 0.031250
0 0.443750 0.490625 0.031250 0.031250
0 0.028125 0.431250 0.031250 0.031250
0 0.020313 0.248438 0.034375 0.034375
0 0.920312 0.085938 0.028125 0.028125
0 0.035937 0.167187 0.034375 0.034375
0 0.482812 0.789062 0.028125 0.028125
0 0.525000 0.218750 0.031250 0.031250
0 0.425000 0.460938 0.031250 0.028125
0 0.921875 0.260937 0.031250 0.028125
0 0.096875 0.490625 0.031250 0.031250
0 0.064062 0.145313 0.034375 0.034375
0 0.468750 0.106250 0.031250 0.031250
0 0.620313 0.729688 0.028125 0.028125
0 0.493750 0.017188 0.031250 0.028125
0 0.429688 0.698438 0.028125 0.028125
0 0.481250 0.490625 0.031250 0.031250
0 0.771875 0.282813 0.031250 0.028125
0 0.218750 0.459375 0.031250 0.031250
0 0.376563 0.553125 0.028125 0.031250
0 0.846875 0.582812 0.031250 0.028125
0 0.234375 0.490625 0.031250 0.031250
0 0.796875 0.909375 0.031250 0.031250
0 0.376563 0.610938 0.028125 0.028125
0 0.093750 0.428125 0.031250 0.031250
0 0.501563 0.118750 0.028125 0.031250
0 0.181250 0.398438 0.031250 0.028125
0 0.651563 0.081250 0.028125 0.031250
0 0.448437 0.909375 0.034375 0.031250
0 0.621875 0.071875 0.031250 0.031250
0 0.725000 0.553125 0.031250 0.031250
0 0.064062 0.110937 0.034375 0.034375
0 0.690625 0.909375 0.031250 0.031250
0 0.548438 0.303125 0.034375 0.031250
0 0.690625 0.851562 0.031250 0.028125
0 0.656250 0.790625 0.031250 0.031250
0 0.771875 0.400000 0.031250 0.031250
0 0.178125 0.275000 0.031250 0.031250
0 0.846875 0.703125 0.031250 0.031250
0 0.715625 0.110937 0.031250 0.028125
0 0.673438 0.879687 0.028125 0.028125
0 0.328125 0.878125 0.031250 0.031250
0 0.309375 0.850000 0.031250 0.031250
0 0.750000 0.112500 0.037500 0.037500
0 0.271875 0.550000 0.031250 0.031250
0 0.587500 0.360938 0.031250 0.034375
0 0.637500 0.818750 0.031250 0.031250
0 0.325000 0.642188 0.031250 0.028125
0 0.203125 0.612500 0.031250 0.031250
0 0.221875 0.878125 0.031250 0.031250
0 0.654687 0.729688 0.028125 0.028125
0 0.396875 0.818750 0.031250 0.031250
0 0.171875 0.671875 0.031250 0.031250
0 0.900000 0.609375 0.031250 0.031250
0 0.134375 0.612500 0.031250 0.031250
0 0.868750 0.548438 0.031250 0.034375
0 0.620313 0.668750 0.028125 0.031250
0 0.793750 0.790625 0.031250 0.031250
0 0.100000 0.671875 0.031250 0.031250
0 0.603125 0.759375 0.031250 0.031250
0 0.920312 0.157812 0.028125 0.028125
0 0.239063 0.848437 0.028125 0.028125
0 0.707812 0.878125 0.028125 0.031250
0 0.968750 0.618750 0.031250 0.031250
0 0.306250 0.551562 0.031250 0.028125
0 0.271875 0.609375 0.031250 0.031250
0 0.167187 0.551562 0.034375 0.034375
0 0.028125 0.490625 0.031250 0.031250
0 0.929688 0.576562 0.034375 0.034375
0 0.403125 0.037500 0.031250 0.031250
0 0.860938 0.792188 0.028125 0.028125
0 0.709375 0.521875 0.031250 0.031250
0 0.204687 0.671875 0.028125 0.031250
0 0.282813 0.081250 0.034375 0.031250
0 0.778125 0.879687 0.031250 0.028125
0 0.292187 0.878125 0.028125 0.031250
0 0.254688 0.820312 0.028125 0.028125
0 0.829688 0.142187 0.028125 0.028125
0 0.456250 0.217188 0.031250 0.034375
0 0.121875 0.042188 0.031250 0.034375
0 0.681250 0.060937 0.031250 0.028125
0 0.532813 0.134375 0.028125 0.031250
0 0.981250 0.365625 0.031250 0.031250
0 0.078125 0.396875 0.031250 0.031250
0 0.084375 0.762500 0.031250 0.031250
0 0.917188 0.050000 0.028125 0.031250
0 0.603125 0.462500 0.031250 0.031250
0 0.846875 0.640625 0.031250 0.031250
0 0.981250 0.703125 0.031250 0.031250
0 0.620313 0.370312 0.028125 0.028125
0 0.028125 0.734375 0.031250 0.031250
0 0.915625 0.879687 0.031250 0.028125
0 0.846875 0.881250 0.031250 0.031250
0 0.446875 0.850000 0.031250 0.031250
0 0.918750 0.226562 0.031250 0.028125
0 0.115625 0.640625 0.031250 0.031250
0 0.426563 0.523438 0.028125 0.028125
0 0.982812 0.760938 0.028125 0.028125
0 0.204687 0.848437 0.028125 0.028125
0 0.654687 0.610938 0.028125 0.028125
0 0.464062 0.581250 0.028125 0.031250
0 0.498437 0.579688 0.028125 0.028125
0 0.281250 0.218750 0.031250 0.031250
0 0.568750 0.460938 0.031250 0.034375
0 0.373437 0.367188 0.028125 0.028125
0 0.465625 0.700000 0.031250 0.031250
0 0.460938 0.339062 0.028125 0.028125
0 0.584375 0.729688 0.031250 0.028125
0 0.670312 0.701562 0.028125 0.028125
0 0.860938 0.334375 0.028125 0.031250
0 0.100000 0.612500 0.031250 0.031250
0 0.145313 0.400000 0.028125 0.031250
0 0.412500 0.790625 0.031250 0.031250
0 0.045312 0.398438 0.028125 0.028125
0 0.964063 0.584375 0.028125 0.031250
0 0.146875 0.334375 0.031250 0.031250
0 0.321875 0.400000 0.031250 0.031250
0 0.132812 0.492188 0.034375 0.034375
0 0.587500 0.490625 0.031250 0.031250
0 0.340625 0.673438 0.031250 0.028125
0 0.465625 0.881250 0.031250 0.031250
0 0.570312 0.640625 0.028125 0.031250
0 0.428125 0.818750 0.031250 0.031250
0 0.407813 0.368750 0.028125 0.031250
0 0.948438 0.821875 0.028125 0.031250
0 0.360938 0.879687 0.028125 0.028125
0 0.034375 0.093750 0.031250 0.031250
0 0.518750 0.787500 0.031250 0.031250
0 0.426563 0.581250 0.028125 0.025000
0 0.015625 0.703125 0.031250 0.031250
0 0.862500 0.848437 0.031250 0.028125
0 0.723437 0.671875 0.028125 0.031250
0 0.806250 0.410938 0.025000 0.028125
0 0.981250 0.818750 0.031250 0.031250
0 0.356250 0.521875 0.031250 0.031250
0 0.590625 0.282813 0.025000 0.028125
0 0.117188 0.879687 0.028125 0.028125
0 0.509375 0.246875 0.031250 0.031250
0 0.879687 0.764062 0.028125 0.028125
