0 0.037500 0.381250 0.031250 0.031250
0 0.053125 0.875000 0.031250 0.031250
0 0.246875 0.875000 0.031250 0.031250
0 0.053125 0.815625 0.031250 0.031250
0 0.037500 0.845313 0.031250 0.034375
0 0.281250 0.465625 0.031250 0.031250
0 0.818750 0.843750 0.031250 0.031250
0 0.021875 0.931250 0.031250 0.031250
0 0.850000 0.787500 0.031250 0.031250
0 0.054688 0.757812 0.028125 0.028125
0 0.051562 0.700000 0.028125 0.031250
0 0.678125 0.621875 0.031250 0.031250
0 0.117188 0.757812 0.028125 0.028125
0 0.100000 0.671875 0.031250 0.031250
0 0.359375 0.903125 0.031250 0.031250
0 0.021875 0.700000 0.031250 0.031250
0 0.039062 0.496875 0.028125 0.031250
0 0.325000 0.668750 0.031250 0.031250
0 0.070312 0.787500 0.028125 0.031250
0 0.135937 0.901563 0.028125 0.028125
0 0.084375 0.584375 0.031250 0.031250
0 0.151562 0.871875 0.028125 0.031250
0 0.151562 0.412500 0.028125 0.031250
0 0.934375 0.875000 0.031250 0.031250
0 0.084375 0.350000 0.031250 0.031250
0 0.920312 0.504687 0.028125 0.028125
0 0.117188 0.700000 0.028125 0.031250
0 0.035937 0.729688 0.028125 0.028125
0 0.439063 0.629687 0.028125 0.028125
0 0.134375 0.729688 0.031250 0.028125
0 0.968750 0.820312 0.031250 0.034375
0 0.184375 0.409375 0.031250 0.031250
0 0.440625 0.696875 0.031250 0.031250
0 0.932813 0.760938 0.028125 0.028125
0 0.070312 0.728125 0.028125 0.031250
0 0.229687 0.728125 0.028125 0.031250
0 0.440625 0.575000 0.031250 0.031250
0 0.375000 0.753125 0.031250 0.031250
0 0.889062 0.560937 0.028125 0.028125
0 0.231250 0.901563 0.031250 0.028125
0 0.118750 0.815625 0.031250 0.031250
0 0.914062 0.901563 0.028125 0.028125
0 0.200000 0.901563 0.031250 0.028125
0 0.454688 0.910937 0.028125 0.028125
0 0.134375 0.384375 0.031250 0.031250
0 0.904687 0.648438 0.028125 0.028125
0 0.087500 0.407813 0.031250 0.028125
0 0.621875 0.853125 0.031250 0.031250
0 0.200000 0.437500 0.031250 0.031250
0 0.359375 0.668750 0.031250 0.031250
0 0.101562 0.729688 0.028125 0.028125
0 0.165625 0.728125 0.031250 0.031250
0 0.264062 0.556250 0.028125 0.031250
0 0.020313 0.875000 0.028125 0.031250
0 0.165625 0.842187 0.031250 0.028125
0 0.873437 0.648438 0.028125 0.028125
0 0.935937 0.701562 0.028125 0.028125
0 0.390625 0.548438 0.031250 0.028125
0 0.148438 0.757812 0.028125 0.028125
0 0.359375 0.726562 0.031250 0.028125
0 0.101562 0.612500 0.028125 0.031250
0 0.070312 0.901563 0.028125 0.028125
0 0.068750 0.671875 0.031250 0.031250
0 0.565625 0.687500 0.031250 0.031250
0 0.325000 0.787500 0.031250 0.031250
0 0.262500 0.843750 0.031250 0.031250
0 0.264062 0.901563 0.028125 0.028125
0 0.656250 0.434375 0.031250 0.031250
0 0.567187 0.889062 0.028125 0.028125
0 0.295312 0.842187 0.028125 0.028125
0 0.309375 0.754687 0.031250 0.028125
0 0.184375 0.471875 0.031250 0.031250
0 0.103125 0.901563 0.031250 0.028125
0 0.039062 0.557813 0.028125 0.028125
0 0.117188 0.582812 0.028125 0.028125
0 0.951562 0.560937 0.028125 0.028125
0 0.931250 0.815625 0.031250 0.031250
0 0.165625 0.557813 0.031250 0.028125
0 0.915625 0.393750 0.031250 0.031250
0 0.309375 0.871875 0.031250 0.031250
0 0.085938 0.526563 0.028125 0.028125
0 0.071875 0.437500 0.031250 0.031250
0 0.879687 0.901563 0.028125 0.028125
0 0.846875 0.456250 0.031250 0.031250
0 0.021875 0.412500 0.031250 0.031250
0 0.214062 0.757812 0.028125 0.028125
0 0.671875 0.879687 0.031250 0.028125
0 0.596875 0.689063 0.031250 0.028125
0 0.487500 0.914062 0.031250 0.028125
0 0.892188 0.617188 0.028125 0.028125
0 0.378125 0.407813 0.031250 0.028125
0 0.950000 0.392188 0.031250 0.034375
0 0.037500 0.784375 0.031250 0.031250
0 0.601562 0.632812 0.028125 0.028125
0 0.312500 0.815625 0.031250 0.031250
0 0.851562 0.382812 0.028125 0.028125
0 0.920312 0.732812 0.028125 0.028125
0 0.215625 0.875000 0.031250 0.031250
0 0.803125 0.881250 0.031250 0.031250
0 0.706250 0.826562 0.031250 0.028125
0 0.768750 0.882812 0.031250 0.028125
0 0.293750 0.553125 0.031250 0.031250
0 0.804688 0.465625 0.028125 0.031250
0 0.070312 0.845313 0.028125 0.028125
0 0.390625 0.610938 0.031250 0.028125
0 0.085938 0.929688 0.028125 0.028125
0 0.039062 0.903125 0.028125 0.031250
0 0.214062 0.698438 0.028125 0.028125
0 0.132812 0.671875 0.028125 0.031250
0 0.915625 0.787500 0.031250 0.031250
0 0.120313 0.412500 0.028125 0.031250
0 0.103125 0.376563 0.031250 0.028125
0 0.165625 0.668750 0.031250 0.031250
0 0.604688 0.884375 0.028125 0.031250
0 0.215625 0.470313 0.031250 0.028125
0 0.834375 0.871875 0.031250 0.031250
0 0.673438 0.823438 0.028125 0.028125
0 0.164062 0.614062 0.028125 0.028125
0 0.868750 0.354687 0.031250 0.028125
0 0.535937 0.942187 0.028125 0.028125
0 0.087500 0.873437 0.031250 0.028125
0 0.248438 0.814063 0.028125 0.028125
0 0.503125 0.684375 0.031250 0.031250
0 0.654687 0.706250 0.028125 0.031250
0 0.037500 0.959375 0.031250 0.031250
0 0.356250 0.785937 0.031250 0.028125
0 0.085938 0.698438 0.028125 0.028125
0 0.229687 0.671875 0.028125 0.031250
0 0.085938 0.759375 0.028125 0.031250
0 0.245312 0.757812 0.028125 0.028125
0 0.950000 0.729688 0.031250 0.028125
0 0.195312 0.556250 0.028125 0.031250
0 0.168750 0.443750 0.031250 0.031250
0 0.231250 0.500000 0.031250 0.031250
0 0.900000 0.423438 0.031250 0.028125
0 0.453125 0.659375 0.031250 0.031250
0 0.732812 0.607812 0.028125 0.028125
0 0.195312 0.614062 0.028125 0.028125
0 0.035937 0.615625 0.028125 0.031250
0 0.246875 0.465625 0.031250 0.031250
0 0.087500 0.815625 0.031250 0.031250
0 0.084375 0.468750 0.031250 0.031250
0 0.104688 0.443750 0.028125 0.031250
0 0.551562 0.603125 0.028125 0.031250
0 0.459375 0.381250 0.031250 0.031250
0 0.428125 0.381250 0.031250 0.031250
0 0.967187 0.757812 0.028125 0.028125
0 0.070312 0.496875 0.028125 0.031250
0 0.835938 0.759375 0.028125 0.031250
0 0.639062 0.879687 0.028125 0.028125
0 0.785937 0.495312 0.028125 0.028125
0 0.182812 0.350000 0.028125 0.031250
0 0.179688 0.582812 0.028125 0.028125
0 0.215625 0.409375 0.031250 0.031250
0 0.054688 0.929688 0.028125 0.028125
0 0.214062 0.815625 0.028125 0.031250
0 0.312500 0.931250 0.031250 0.031250
0 0.134375 0.612500 0.031250 0.031250
0 0.325000 0.843750 0.031250 0.031250
0 0.848437 0.842187 0.028125 0.028125
0 0.167187 0.901563 0.028125 0.028125
0 0.407813 0.520312 0.028125 0.028125
0 0.585938 0.601562 0.028125 0.028125
0 0.817187 0.785937 0.028125 0.028125
0 0.340625 0.640625 0.031250 0.031250
0 0.281250 0.931250 0.031250 0.031250
0 0.820312 0.729688 0.028125 0.028125
0 0.104688 0.960938 0.028125 0.028125
0 0.200000 0.381250 0.031250 0.031250
0 0.946875 0.906250 0.031250 0.031250
0 0.232813 0.843750 0.028125 0.031250
0 0.196875 0.728125 0.031250 0.031250
0 0.425000 0.968750 0.031250 0.031250
0 0.200000 0.845313 0.031250 0.028125
0 0.068750 0.378125 0.031250 0.031250
0 0.071875 0.957812 0.031250 0.028125
0 0.604688 0.723437 0.028125 0.028125
0 0.893750 0.931250 0.031250 0.031250
0 0.404687 0.578125 0.028125 0.031250
0 0.800000 0.814063 0.031250 0.028125
0 0.359375 0.554688 0.031250 0.028125
0 0.529687 0.829688 0.028125 0.028125
0 0.857812 0.618750 0.028125 0.031250
0 0.835938 0.353125 0.028125 0.031250
0 0.021875 0.812500 0.031250 0.031250
0 0.937500 0.589063 0.031250 0.028125
0 0.434375 0.823438 0.031250 0.028125
0 0.325000 0.609375 0.031250 0.031250
0 0.234375 0.379688 0.031250 0.028125
0 0.229687 0.785937 0.028125 0.028125
0 0.567187 0.573438 0.028125 0.028125
0 0.757812 0.726562 0.028125 0.028125
0 0.643750 0.675000 0.031250 0.031250
0 0.214062 0.642188 0.028125 0.028125
0 0.789062 0.729688 0.028125 0.028125
0 0.967187 0.478125 0.028125 0.031250
0 0.265625 0.379688 0.031250 0.028125
0 0.281250 0.407813 0.031250 0.028125
0 0.900000 0.759375 0.031250 0.031250
0 0.639062 0.407813 0.028125 0.028125
0 0.150000 0.698438 0.031250 0.028125
0 0.132812 0.785937 0.028125 0.028125
0 0.375000 0.812500 0.031250 0.031250
0 0.245312 0.528125 0.028125 0.031250
0 0.250000 0.409375 0.031250 0.031250
0 0.281250 0.814063 0.031250 0.028125
0 0.671875 0.409375 0.031250 0.031250
0 0.967187 0.703125 0.028125 0.031250
0 0.634375 0.635938 0.031250 0.028125
0 0.801562 0.757812 0.028125 0.028125
0 0.548438 0.801562 0.028125 0.028125
0 0.434375 0.768750 0.031250 0.031250
0 0.770312 0.467187 0.028125 0.028125
0 0.101562 0.785937 0.028125 0.028125
0 0.037500 0.439063 0.031250 0.028125
0 0.785937 0.784375 0.028125 0.031250
0 0.307812 0.581250 0.028125 0.031250
0 0.423438 0.548438 0.028125 0.028125
0 0.265625 0.496875 0.031250 0.031250
0 0.375000 0.876563 0.031250 0.028125
0 0.262500 0.728125 0.031250 0.031250
0 0.501563 0.770312 0.028125 0.028125
0 0.951562 0.504687 0.028125 0.028125
0 0.815625 0.510938 0.031250 0.028125
0 0.540625 0.407813 0.031250 0.028125
0 0.343750 0.696875 0.031250 0.031250
0 0.503125 0.885938 0.031250 0.028125
0 0.118750 0.471875 0.031250 0.031250
0 0.535937 0.889062 0.028125 0.028125
0 0.117188 0.529687 0.028125 0.028125
0 0.329688 0.378125 0.028125 0.031250
0 0.260937 0.784375 0.028125 0.031250
0 0.848437 0.901563 0.028125 0.028125
0 0.423438 0.603125 0.028125 0.031250
0 0.614062 0.660937 0.028125 0.028125
0 0.182812 0.757812 0.028125 0.028125
0 0.857812 0.560937 0.028125 0.028125
0 0.560937 0.831250 0.028125 0.031250
0 0.965625 0.421875 0.031250 0.031250
0 0.376563 0.935937 0.028125 0.028125
0 0.823438 0.559375 0.028125 0.031250
0 0.264062 0.435937 0.028125 0.028125
0 0.876563 0.403125 0.028125 0.031250
0 0.589063 0.910937 0.028125 0.028125
0 0.150000 0.642188 0.031250 0.028125
0 0.532813 0.685937 0.028125 0.028125
0 0.373437 0.520312 0.028125 0.028125
0 0.870313 0.479687 0.028125 0.028125
0 0.340625 0.757812 0.031250 0.028125
0 0.706250 0.685937 0.025000 0.028125
0 0.798438 0.937500 0.028125 0.031250
0 0.135937 0.440625 0.028125 0.031250
0 0.229687 0.556250 0.028125 0.031250
0 0.132812 0.842187 0.028125 0.028125
0 0.534375 0.773438 0.031250 0.028125
0 0.471875 0.940625 0.031250 0.031250
0 0.620313 0.434375 0.028125 0.031250
0 0.553125 0.968750 0.031250 0.031250
0 0.179688 0.639062 0.028125 0.028125
0 0.393750 0.434375 0.031250 0.031250
0 0.376563 0.464062 0.028125 0.028125
0 0.359375 0.610938 0.031250 0.028125
0 0.423438 0.726562 0.028125 0.028125
0 0.296875 0.378125 0.031250 0.031250
0 0.864062 0.871875 0.028125 0.031250
0 0.520312 0.743750 0.028125 0.031250
0 0.245312 0.642188 0.028125 0.028125
0 0.234375 0.437500 0.031250 0.031250
0 0.575000 0.353125 0.031250 0.031250
0 0.457813 0.434375 0.028125 0.031250
0 0.689063 0.435937 0.028125 0.028125
0 0.393750 0.379688 0.031250 0.028125
0 0.148438 0.353125 0.028125 0.031250
0 0.167187 0.959375 0.028125 0.031250
0 0.471875 0.685937 0.031250 0.028125
0 0.278125 0.871875 0.031250 0.031250
0 0.567187 0.629687 0.028125 0.028125
0 0.695312 0.654687 0.028125 0.028125
0 0.714063 0.545312 0.028125 0.028125
0 0.390625 0.667188 0.031250 0.028125
0 0.685937 0.853125 0.028125 0.031250
0 0.292187 0.612500 0.028125 0.031250
0 0.196875 0.671875 0.031250 0.031250
0 0.296875 0.901563 0.031250 0.028125
0 0.314063 0.468750 0.028125 0.031250
0 0.378125 0.348438 0.031250 0.028125
0 0.754687 0.382812 0.028125 0.028125
0 0.276562 0.642188 0.028125 0.028125
0 0.151562 0.814063 0.028125 0.028125
0 0.650000 0.548438 0.031250 0.028125
0 0.360938 0.493750 0.028125 0.031250
0 0.514062 0.800000 0.028125 0.031250
0 0.557813 0.379688 0.028125 0.028125
0 0.817187 0.382812 0.028125 0.028125
0 0.806250 0.701562 0.031250 0.028125
0 0.826562 0.618750 0.028125 0.031250
0 0.184375 0.871875 0.031250 0.031250
0 0.295312 0.728125 0.028125 0.031250
0 0.198437 0.500000 0.028125 0.031250
0 0.571875 0.940625 0.031250 0.031250
0 0.020313 0.470313 0.028125 0.028125
0 0.410938 0.351562 0.028125 0.028125
0 0.296875 0.495312 0.031250 0.028125
0 0.587500 0.434375 0.031250 0.031250
0 0.471875 0.573438 0.031250 0.028125
0 0.473438 0.462500 0.028125 0.031250
0 0.785937 0.910937 0.028125 0.028125
0 0.101562 0.500000 0.028125 0.031250
0 0.406250 0.640625 0.031250 0.031250
0 0.245312 0.698438 0.028125 0.028125
0 0.312500 0.698438 0.031250 0.028125
0 0.953125 0.673438 0.031250 0.028125
0 0.151562 0.931250 0.028125 0.031250
0 0.898438 0.871875 0.028125 0.031250
0 0.050000 0.346875 0.031250 0.031250
0 0.148438 0.585938 0.028125 0.028125
0 0.853125 0.731250 0.031250 0.031250
0 0.520312 0.601562 0.028125 0.028125
0 0.407813 0.879687 0.028125 0.028125
0 0.346875 0.351562 0.031250 0.028125
0 0.345313 0.407813 0.028125 0.028125
0 0.770312 0.757812 0.028125 0.028125
0 0.904687 0.535937 0.028125 0.028125
0 0.278125 0.525000 0.031250 0.031250
0 0.406250 0.753125 0.031250 0.031250
0 0.084375 0.642188 0.031250 0.028125
0 0.423438 0.854688 0.028125 0.028125
0 0.390625 0.850000 0.031250 0.031250
0 0.884375 0.789062 0.031250 0.028125
0 0.387500 0.782813 0.031250 0.028125
0 0.714063 0.632812 0.028125 0.028125
0 0.150000 0.529687 0.031250 0.028125
0 0.975000 0.890625 0.031250 0.031250
0 0.834375 0.409375 0.031250 0.031250
0 0.440625 0.464062 0.031250 0.028125
0 0.314063 0.348438 0.028125 0.028125
0 0.567187 0.773438 0.028125 0.028125
0 0.134375 0.498437 0.031250 0.028125
0 0.117188 0.642188 0.028125 0.028125
0 0.340625 0.582812 0.031250 0.028125
0 0.037500 0.671875 0.031250 0.031250
0 0.753125 0.495312 0.031250 0.028125
0 0.198437 0.785937 0.028125 0.028125
0 0.818750 0.909375 0.031250 0.031250
0 0.757812 0.800000 0.028125 0.031250
0 0.293750 0.671875 0.031250 0.031250
0 0.151562 0.470313 0.028125 0.028125
0 0.739062 0.826562 0.028125 0.028125
0 0.214062 0.526563 0.028125 0.028125
0 0.504687 0.942187 0.028125 0.028125
0 0.478125 0.351562 0.031250 0.028125
0 0.667188 0.735938 0.028125 0.028125
0 0.884375 0.323437 0.031250 0.034375
0 0.487500 0.492188 0.031250 0.028125
0 0.325000 0.903125 0.031250 0.031250
0 0.445312 0.351562 0.028125 0.028125
0 0.948438 0.789062 0.028125 0.028125
0 0.525000 0.379688 0.031250 0.028125
0 0.618750 0.604688 0.031250 0.028125
0 0.790625 0.670312 0.031250 0.028125
0 0.421875 0.668750 0.031250 0.031250
0 0.801562 0.409375 0.028125 0.031250
0 0.785937 0.854688 0.028125 0.028125
0 0.409375 0.464062 0.031250 0.028125
0 0.837500 0.701562 0.031250 0.028125
0 0.115625 0.346875 0.031250 0.031250
0 0.231250 0.960938 0.031250 0.028125
0 0.504687 0.715625 0.028125 0.031250
0 0.310937 0.642188 0.028125 0.028125
0 0.262500 0.671875 0.031250 0.031250
0 0.468750 0.768750 0.031250 0.031250
0 0.581250 0.860938 0.031250 0.028125
0 0.343750 0.817187 0.031250 0.028125
0 0.342187 0.932813 0.028125 0.028125
0 0.132812 0.556250 0.028125 0.031250
0 0.293750 0.784375 0.031250 0.031250
0 0.296875 0.437500 0.031250 0.031250
0 0.970313 0.589063 0.028125 0.028125
0 0.371875 0.584375 0.031250 0.031250
0 0.373437 0.639062 0.028125 0.028125
0 0.218750 0.350000 0.031250 0.031250
0 0.976562 0.923438 0.028125 0.028125
0 0.539062 0.715625 0.028125 0.031250
0 0.915625 0.843750 0.031250 0.031250
0 0.626563 0.701562 0.028125 0.028125
0 0.934375 0.362500 0.031250 0.031250
0 0.184375 0.931250 0.031250 0.031250
0 0.920312 0.673438 0.028125 0.028125
0 0.948438 0.448437 0.028125 0.028125
0 0.053125 0.642188 0.031250 0.028125
0 0.917188 0.451562 0.028125 0.028125
0 0.659375 0.795312 0.031250 0.028125
0 0.276562 0.754687 0.028125 0.028125
0 0.051562 0.526563 0.028125 0.028125
0 0.709375 0.771875 0.031250 0.031250
0 0.898438 0.815625 0.028125 0.031250
0 0.314063 0.407813 0.028125 0.028125
0 0.660937 0.650000 0.028125 0.031250
0 0.585938 0.748437 0.028125 0.028125
0 0.425000 0.492188 0.031250 0.028125
0 0.704688 0.409375 0.028125 0.031250
0 0.832812 0.815625 0.028125 0.031250
0 0.420312 0.796875 0.028125 0.031250
0 0.101562 0.556250 0.028125 0.031250
0 0.442188 0.407813 0.028125 0.028125
0 0.118750 0.873437 0.031250 0.028125
0 0.489063 0.601562 0.028125 0.028125
0 0.278125 0.698438 0.031250 0.028125
0 0.753125 0.854688 0.025000 0.028125
0 0.807813 0.645312 0.028125 0.028125
0 0.020313 0.528125 0.028125 0.031250
0 0.246875 0.931250 0.031250 0.031250
0 0.604688 0.467187 0.028125 0.028125
0 0.406250 0.698438 0.031250 0.028125
0 0.520312 0.654687 0.028125 0.028125
0 0.598437 0.779687 0.028125 0.028125
0 0.276562 0.582812 0.028125 0.028125
0 0.551562 0.914062 0.028125 0.028125
0 0.770312 0.412500 0.028125 0.031250
0 0.456250 0.854688 0.031250 0.028125
0 0.656250 0.379688 0.031250 0.028125
0 0.554688 0.435937 0.028125 0.028125
0 0.535937 0.573438 0.028125 0.028125
0 0.389062 0.723437 0.028125 0.028125
0 0.601562 0.573438 0.028125 0.028125
0 0.373437 0.698438 0.028125 0.028125
0 0.328125 0.434375 0.031250 0.031250
0 0.325000 0.726562 0.031250 0.028125
0 0.392188 0.493750 0.028125 0.031250
0 0.328125 0.554688 0.031250 0.028125
0 0.867188 0.815625 0.028125 0.031250
0 0.021875 0.587500 0.031250 0.031250
0 0.340625 0.876563 0.031250 0.028125
0 0.359375 0.846875 0.031250 0.031250
0 0.692187 0.795312 0.028125 0.028125
0 0.181250 0.526563 0.031250 0.028125
0 0.820312 0.439063 0.028125 0.028125
0 0.392188 0.965625 0.028125 0.031250
0 0.440625 0.520312 0.031250 0.028125
0 0.504687 0.518750 0.028125 0.031250
0 0.360938 0.379688 0.028125 0.028125
0 0.489063 0.654687 0.028125 0.028125
0 0.882812 0.843750 0.028125 0.031250
0 0.773438 0.698438 0.028125 0.028125
0 0.504687 0.573438 0.028125 0.028125
0 0.070312 0.554688 0.028125 0.028125
0 0.200000 0.959375 0.031250 0.031250
0 0.721875 0.435937 0.031250 0.028125
0 0.735938 0.409375 0.028125 0.031250
0 0.860938 0.428125 0.028125 0.031250
0 0.967187 0.532813 0.028125 0.028125
0 0.068750 0.615625 0.031250 0.031250
0 0.492188 0.434375 0.028125 0.031250
0 0.542188 0.351562 0.028125 0.028125
0 0.873437 0.532813 0.028125 0.028125
0 0.951562 0.940625 0.028125 0.031250
0 0.648438 0.760938 0.028125 0.028125
0 0.181250 0.698438 0.031250 0.028125
0 0.595313 0.832812 0.028125 0.028125
0 0.457813 0.603125 0.028125 0.031250
0 0.262500 0.959375 0.031250 0.031250
0 0.459375 0.321875 0.031250 0.031250
0 0.853125 0.504687 0.031250 0.028125
0 0.892188 0.376563 0.028125 0.028125
0 0.507812 0.407813 0.028125 0.028125
0 0.409375 0.939063 0.031250 0.028125
0 0.907813 0.587500 0.028125 0.031250
0 0.845313 0.589063 0.028125 0.028125
0 0.650000 0.606250 0.031250 0.031250
0 0.456250 0.493750 0.031250 0.031250
0 0.884375 0.450000 0.031250 0.031250
0 0.473438 0.885938 0.028125 0.028125
0 0.885938 0.732812 0.028125 0.028125
0 0.551562 0.745313 0.028125 0.028125
0 0.607812 0.353125 0.028125 0.031250
0 0.604688 0.939063 0.028125 0.028125
0 0.623437 0.909375 0.028125 0.031250
0 0.215625 0.931250 0.031250 0.031250
0 0.692187 0.571875 0.028125 0.031250
0 0.910937 0.960938 0.028125 0.028125
0 0.739062 0.692187 0.028125 0.028125
0 0.345313 0.462500 0.028125 0.031250
0 0.165625 0.498437 0.031250 0.028125
0 0.570312 0.518750 0.028125 0.031250
0 0.210938 0.585938 0.028125 0.028125
0 0.492188 0.378125 0.028125 0.031250
0 0.250000 0.351562 0.031250 0.028125
0 0.831250 0.485938 0.031250 0.028125
0 0.485938 0.743750 0.028125 0.031250
0 0.557813 0.321875 0.028125 0.031250
0 0.610938 0.807813 0.028125 0.028125
0 0.932813 0.423438 0.028125 0.028125
0 0.795312 0.617188 0.028125 0.028125
0 0.640625 0.821875 0.031250 0.031250
0 0.342187 0.526563 0.028125 0.028125
0 0.518750 0.857812 0.031250 0.028125
0 0.573438 0.407813 0.028125 0.028125
0 0.785937 0.439063 0.028125 0.028125
0 0.360938 0.435937 0.028125 0.028125
0 0.868750 0.757812 0.031250 0.028125
0 0.723437 0.576562 0.028125 0.028125
0 0.328125 0.495312 0.031250 0.028125
0 0.703125 0.603125 0.031250 0.031250
0 0.968750 0.645312 0.031250 0.028125
0 0.875000 0.590625 0.031250 0.031250
0 0.117188 0.929688 0.028125 0.028125
0 0.489063 0.970313 0.028125 0.028125
0 0.134375 0.318750 0.031250 0.031250
0 0.098437 0.317188 0.034375 0.034375
0 0.635938 0.460938 0.028125 0.028125
0 0.587500 0.492188 0.031250 0.028125
0 0.623437 0.379688 0.028125 0.028125
0 0.675000 0.681250 0.025000 0.025000
0 0.439063 0.882812 0.028125 0.028125
0 0.678125 0.767188 0.031250 0.028125
0 0.510938 0.351562 0.028125 0.028125
0 0.396875 0.321875 0.031250 0.031250
0 0.932813 0.478125 0.028125 0.031250
0 0.473438 0.520312 0.028125 0.028125
0 0.737500 0.467187 0.025000 0.028125
0 0.887500 0.676562 0.031250 0.028125
0 0.773438 0.826562 0.028125 0.028125
0 0.182812 0.817187 0.028125 0.028125
0 0.579688 0.804688 0.028125 0.028125
0 0.582812 0.659375 0.028125 0.031250
0 0.554688 0.546875 0.028125 0.031250
0 0.721875 0.382812 0.031250 0.028125
0 0.767188 0.937500 0.028125 0.031250
0 0.518750 0.915625 0.025000 0.025000
0 0.167187 0.785937 0.028125 0.028125
0 0.617188 0.753125 0.028125 0.031250
0 0.504687 0.629687 0.028125 0.028125
0 0.520312 0.546875 0.028125 0.031250
0 0.523438 0.435937 0.028125 0.028125
0 0.473438 0.629687 0.028125 0.028125
0 0.328125 0.962500 0.031250 0.031250
0 0.764062 0.612500 0.028125 0.031250
0 0.743750 0.771875 0.031250 0.031250
0 0.021875 0.756250 0.031250 0.031250
0 0.053125 0.584375 0.031250 0.031250
0 0.456250 0.545312 0.031250 0.028125
0 0.550000 0.860938 0.031250 0.028125
0 0.651563 0.489063 0.028125 0.028125
0 0.409375 0.409375 0.031250 0.031250
0 0.935937 0.645312 0.028125 0.028125
0 0.901563 0.704688 0.028125 0.028125
0 0.629687 0.785937 0.028125 0.028125
0 0.279687 0.348438 0.028125 0.028125
0 0.889062 0.504687 0.028125 0.028125
0 0.634375 0.520312 0.031250 0.028125
0 0.331250 0.321875 0.031250 0.031250
0 0.067187 0.317188 0.034375 0.034375
0 0.467187 0.717187 0.028125 0.028125
0 0.660937 0.579688 0.028125 0.028125
0 0.571875 0.464062 0.031250 0.028125
0 0.585938 0.546875 0.028125 0.031250
0 0.946875 0.843750 0.031250 0.031250
0 0.753125 0.439063 0.031250 0.028125
0 0.978125 0.787500 0.031250 0.031250
0 0.640625 0.353125 0.031250 0.031250
0 0.603125 0.518750 0.031250 0.031250
0 0.950000 0.618750 0.031250 0.031250
0 0.784375 0.587500 0.031250 0.031250
0 0.296875 0.962500 0.031250 0.031250
0 0.839063 0.532813 0.028125 0.028125
0 0.535937 0.629687 0.028125 0.028125
0 0.056250 0.407813 0.031250 0.028125
0 0.456250 0.971875 0.031250 0.031250
0 0.685937 0.909375 0.028125 0.031250
0 0.778125 0.642188 0.025000 0.028125
0 0.101562 0.845313 0.028125 0.028125
0 0.815625 0.964063 0.031250 0.028125
0 0.020313 0.643750 0.028125 0.031250
0 0.504687 0.460938 0.028125 0.028125
0 0.723437 0.800000 0.028125 0.031250
0 0.312500 0.525000 0.031250 0.031250
0 0.571875 0.720313 0.031250 0.028125
0 0.920312 0.560937 0.028125 0.028125
0 0.265625 0.321875 0.031250 0.031250
0 0.453125 0.742188 0.031250 0.028125
0 0.745313 0.639062 0.028125 0.028125
0 0.635938 0.732812 0.028125 0.028125
0 0.753125 0.582812 0.031250 0.028125
0 0.935937 0.532813 0.028125 0.028125
0 0.860938 0.931250 0.028125 0.031250
0 0.850000 0.325000 0.031250 0.031250
0 0.682813 0.543750 0.028125 0.031250
0 0.428125 0.321875 0.031250 0.031250
0 0.489063 0.548438 0.028125 0.028125
0 0.901563 0.476562 0.028125 0.028125
0 0.906250 0.348438 0.031250 0.028125
0 0.654687 0.851562 0.028125 0.028125
0 0.620313 0.492188 0.028125 0.028125
0 0.421875 0.909375 0.031250 0.031250
0 0.975000 0.859375 0.031250 0.031250
0 0.670312 0.353125 0.028125 0.031250
0 0.831250 0.939063 0.031250 0.028125
0 0.439063 0.940625 0.028125 0.031250
0 0.689063 0.379688 0.028125 0.028125
0 0.617188 0.545312 0.028125 0.028125
0 0.632812 0.576562 0.028125 0.028125
0 0.768750 0.351562 0.025000 0.028125
0 0.950000 0.975000 0.031250 0.031250
0 0.968750 0.356250 0.031250 0.031250
0 0.167187 0.379688 0.028125 0.028125
0 0.551562 0.657813 0.028125 0.028125
0 0.751563 0.909375 0.028125 0.031250
0 0.451562 0.795312 0.028125 0.028125
0 0.426563 0.434375 0.028125 0.031250
0 0.231250 0.321875 0.031250 0.031250
0 0.870313 0.704688 0.028125 0.028125
0 0.165625 0.318750 0.031250 0.031250
0 0.878125 0.960938 0.031250 0.028125
0 0.493750 0.318750 0.031250 0.031250
0 0.846875 0.964063 0.031250 0.028125
0 0.685937 0.710938 0.028125 0.028125
0 0.732812 0.520312 0.028125 0.028125
0 0.390625 0.907813 0.031250 0.028125
0 0.053125 0.470313 0.031250 0.028125
0 0.589063 0.967187 0.028125 0.028125
0 0.034375 0.320312 0.031250 0.034375
0 0.357812 0.964063 0.028125 0.028125
0 0.737500 0.353125 0.025000 0.025000
0 0.664062 0.520312 0.028125 0.028125
0 0.365625 0.318750 0.031250 0.031250
0 0.726562 0.664062 0.028125 0.028125
0 0.135937 0.960938 0.028125 0.028125
0 0.476562 0.404687 0.028125 0.028125
0 0.814063 0.589063 0.028125 0.028125
0 0.487500 0.859375 0.031250 0.031250
0 0.015625 0.350000 0.031250 0.031250
0 0.592187 0.321875 0.034375 0.031250
0 0.823438 0.673438 0.028125 0.028125
0 0.537500 0.518750 0.031250 0.031250
0 0.704688 0.353125 0.028125 0.031250
0 0.782813 0.964063 0.028125 0.028125
0 0.592187 0.379688 0.028125 0.028125
0 0.198437 0.318750 0.034375 0.031250
0 0.689063 0.323437 0.034375 0.034375
0 0.526563 0.321875 0.028125 0.031250
0 0.800000 0.535937 0.031250 0.028125
0 0.228125 0.612500 0.031250 0.031250
0 0.923438 0.620313 0.028125 0.028125
0 0.298438 0.318750 0.028125 0.031250
0 0.670312 0.464062 0.028125 0.028125
0 0.701562 0.518750 0.028125 0.031250
0 0.717187 0.909375 0.028125 0.031250
0 0.520312 0.970313 0.028125 0.028125
0 0.926562 0.323437 0.034375 0.034375
0 0.923438 0.929688 0.028125 0.028125
0 0.978125 0.387500 0.031250 0.031250
0 0.753125 0.325000 0.031250 0.031250
0 0.978125 0.956250 0.031250 0.031250
0 0.757812 0.670312 0.028125 0.028125
0 0.978125 0.450000 0.031250 0.031250
0 0.979688 0.506250 0.028125 0.031250
0 0.787500 0.323437 0.031250 0.034375
0 0.406250 0.821875 0.031250 0.031250
0 0.656250 0.325000 0.031250 0.031250
0 0.721875 0.323437 0.031250 0.028125
0 0.820312 0.325000 0.034375 0.031250
0 0.701562 0.939063 0.028125 0.028125
