0 0.307812 0.084375 0.028125 0.031250
0 0.278125 0.100000 0.031250 0.031250
0 0.542188 0.081250 0.028125 0.031250
0 0.687500 0.234375 0.031250 0.031250
0 0.425000 0.084375 0.031250 0.031250
0 0.337500 0.103125 0.031250 0.031250
0 0.337500 0.065625 0.031250 0.031250
0 0.100000 0.760938 0.031250 0.028125
0 0.157812 0.068750 0.028125 0.031250
0 0.128125 0.050000 0.031250 0.031250
0 0.543750 0.259375 0.031250 0.031250
0 0.100000 0.171875 0.031250 0.031250
0 0.542188 0.150000 0.028125 0.031250
0 0.189062 0.050000 0.034375 0.031250
0 0.428125 0.259375 0.031250 0.031250
0 0.687500 0.200000 0.031250 0.031250
0 0.187500 0.084375 0.031250 0.031250
0 0.115625 0.790625 0.031250 0.031250
0 0.425000 0.118750 0.031250 0.031250
0 0.100000 0.137500 0.031250 0.031250
0 0.278125 0.137500 0.031250 0.031250
0 0.512500 0.134375 0.031250 0.031250
0 0.184375 0.790625 0.031250 0.031250
0 0.071875 0.334375 0.031250 0.031250
0 0.250000 0.189062 0.031250 0.034375
0 0.285938 0.728125 0.028125 0.031250
0 0.557813 0.535937 0.028125 0.028125
0 0.715625 0.078125 0.031250 0.031250
0 0.048438 0.850000 0.028125 0.031250
0 0.600000 0.046875 0.031250 0.031250
0 0.276562 0.065625 0.028125 0.031250
0 0.028125 0.703125 0.031250 0.031250
0 0.396875 0.064062 0.031250 0.034375
0 0.542188 0.117188 0.028125 0.028125
0 0.657813 0.251563 0.028125 0.028125
0 0.168750 0.703125 0.031250 0.031250
0 0.512500 0.064062 0.031250 0.028125
0 0.068750 0.193750 0.031250 0.031250
0 0.271875 0.875000 0.031250 0.031250
0 0.745313 0.165625 0.028125 0.031250
0 0.289062 0.787500 0.028125 0.031250
0 0.642188 0.484375 0.034375 0.031250
0 0.081250 0.909375 0.031250 0.031250
0 0.187500 0.909375 0.031250 0.031250
0 0.687500 0.268750 0.031250 0.031250
0 0.396875 0.100000 0.031250 0.031250
0 0.378125 0.478125 0.031250 0.031250
0 0.110937 0.521875 0.028125 0.031250
0 0.246875 0.048438 0.031250 0.028125
0 0.425000 0.046875 0.031250 0.031250
0 0.515625 0.171875 0.031250 0.031250
0 0.270313 0.757812 0.028125 0.028125
0 0.512500 0.100000 0.031250 0.031250
0 0.184375 0.731250 0.031250 0.031250
0 0.600000 0.150000 0.031250 0.031250
0 0.526563 0.485938 0.028125 0.028125
0 0.100000 0.881250 0.031250 0.031250
0 0.187500 0.153125 0.031250 0.031250
0 0.246875 0.084375 0.031250 0.031250
0 0.081250 0.848437 0.031250 0.034375
0 0.043750 0.387500 0.031250 0.031250
0 0.748437 0.129688 0.028125 0.028125
0 0.337500 0.137500 0.031250 0.031250
0 0.659375 0.043750 0.031250 0.031250
0 0.456250 0.206250 0.031250 0.031250
0 0.203125 0.703125 0.031250 0.031250
0 0.159375 0.171875 0.031250 0.031250
0 0.221875 0.275000 0.031250 0.031250
0 0.425000 0.734375 0.031250 0.031250
0 0.100000 0.643750 0.031250 0.031250
0 0.428125 0.189062 0.031250 0.028125
0 0.168750 0.881250 0.031250 0.031250
0 0.143750 0.568750 0.031250 0.031250
0 0.129688 0.120313 0.034375 0.034375
0 0.365625 0.084375 0.031250 0.031250
0 0.521875 0.350000 0.031250 0.031250
0 0.359375 0.845313 0.031250 0.034375
0 0.031250 0.640625 0.031250 0.031250
0 0.278125 0.171875 0.031250 0.031250
0 0.501563 0.573438 0.028125 0.028125
0 0.546875 0.293750 0.031250 0.031250
0 0.225000 0.378125 0.031250 0.031250
0 0.048438 0.671875 0.028125 0.031250
0 0.745313 0.198437 0.028125 0.028125
0 0.575000 0.275000 0.031250 0.031250
0 0.307812 0.048438 0.028125 0.028125
0 0.365625 0.046875 0.031250 0.031250
0 0.150000 0.606250 0.031250 0.031250
0 0.115625 0.731250 0.031250 0.031250
0 0.550000 0.329688 0.031250 0.028125
0 0.715625 0.148438 0.031250 0.028125
0 0.393750 0.684375 0.031250 0.031250
0 0.046875 0.790625 0.031250 0.031250
0 0.543750 0.189062 0.031250 0.028125
0 0.031250 0.881250 0.031250 0.031250
0 0.314063 0.265625 0.028125 0.031250
0 0.481250 0.768750 0.031250 0.031250
0 0.531250 0.589063 0.031250 0.028125
0 0.103125 0.384375 0.031250 0.031250
0 0.487500 0.298438 0.031250 0.028125
0 0.134375 0.400000 0.031250 0.031250
0 0.131250 0.703125 0.031250 0.031250
0 0.329688 0.621875 0.028125 0.031250
0 0.385937 0.581250 0.028125 0.031250
0 0.328125 0.587500 0.031250 0.031250
0 0.250000 0.120313 0.031250 0.034375
0 0.581250 0.346875 0.031250 0.031250
0 0.628125 0.234375 0.031250 0.031250
0 0.617188 0.568750 0.028125 0.031250
0 0.395313 0.717187 0.028125 0.028125
0 0.100000 0.103125 0.031250 0.031250
0 0.306250 0.756250 0.031250 0.031250
0 0.253125 0.787500 0.031250 0.031250
0 0.581250 0.415625 0.031250 0.031250
0 0.659375 0.150000 0.031250 0.031250
0 0.309375 0.121875 0.031250 0.031250
0 0.190625 0.190625 0.031250 0.031250
0 0.456250 0.137500 0.031250 0.031250
0 0.193750 0.328125 0.031250 0.031250
0 0.687500 0.095312 0.031250 0.028125
0 0.629687 0.062500 0.028125 0.031250
0 0.309375 0.190625 0.031250 0.031250
0 0.128125 0.084375 0.031250 0.031250
0 0.193750 0.362500 0.031250 0.031250
0 0.360938 0.635938 0.028125 0.028125
0 0.568750 0.743750 0.031250 0.031250
0 0.184375 0.850000 0.031250 0.031250
0 0.078125 0.471875 0.031250 0.031250
0 0.375000 0.409375 0.031250 0.031250
0 0.485938 0.259375 0.028125 0.031250
0 0.203125 0.818750 0.031250 0.031250
0 0.134375 0.821875 0.031250 0.031250
0 0.173437 0.550000 0.028125 0.031250
0 0.104688 0.417187 0.028125 0.028125
0 0.320312 0.520312 0.028125 0.028125
0 0.043750 0.421875 0.031250 0.031250
0 0.151562 0.850000 0.028125 0.031250
0 0.100000 0.068750 0.031250 0.031250
0 0.612500 0.434375 0.031250 0.031250
0 0.601562 0.079687 0.028125 0.028125
0 0.131250 0.760938 0.031250 0.028125
0 0.484375 0.117188 0.031250 0.028125
0 0.646875 0.596875 0.031250 0.031250
0 0.428125 0.225000 0.031250 0.031250
0 0.514062 0.784375 0.028125 0.031250
0 0.403125 0.390625 0.031250 0.031250
0 0.139063 0.501563 0.028125 0.028125
0 0.432812 0.370312 0.028125 0.028125
0 0.646875 0.518750 0.031250 0.031250
0 0.151562 0.790625 0.028125 0.031250
0 0.617188 0.534375 0.028125 0.031250
0 0.700000 0.417187 0.031250 0.028125
0 0.064062 0.704688 0.028125 0.028125
0 0.073438 0.401562 0.028125 0.028125
0 0.600000 0.115625 0.031250 0.031250
0 0.029687 0.821875 0.028125 0.031250
0 0.081250 0.671875 0.031250 0.031250
0 0.631250 0.131250 0.031250 0.031250
0 0.354687 0.567187 0.028125 0.028125
0 0.167187 0.760938 0.028125 0.028125
0 0.515625 0.204687 0.031250 0.028125
0 0.368750 0.190625 0.031250 0.031250
0 0.485938 0.187500 0.028125 0.031250
0 0.115625 0.850000 0.031250 0.031250
0 0.448437 0.648438 0.028125 0.028125
0 0.050000 0.525000 0.031250 0.031250
0 0.084375 0.540625 0.031250 0.031250
0 0.268750 0.815625 0.031250 0.031250
0 0.153125 0.909375 0.031250 0.031250
0 0.218750 0.729688 0.031250 0.028125
0 0.453125 0.065625 0.031250 0.031250
0 0.184375 0.671875 0.031250 0.031250
0 0.496875 0.504687 0.031250 0.028125
0 0.659375 0.079687 0.031250 0.028125
0 0.543750 0.221875 0.031250 0.031250
0 0.745313 0.095312 0.028125 0.028125
0 0.096875 0.032813 0.031250 0.034375
0 0.290625 0.903125 0.031250 0.031250
0 0.573438 0.239063 0.028125 0.028125
0 0.521875 0.381250 0.031250 0.031250
0 0.115625 0.673438 0.031250 0.028125
0 0.378125 0.368750 0.031250 0.031250
0 0.515625 0.278125 0.031250 0.031250
0 0.490625 0.365625 0.031250 0.031250
0 0.345313 0.318750 0.028125 0.031250
0 0.065625 0.642188 0.031250 0.034375
0 0.162500 0.346875 0.031250 0.031250
0 0.150000 0.673438 0.031250 0.028125
0 0.289062 0.354687 0.034375 0.034375
0 0.167187 0.448437 0.028125 0.028125
0 0.339062 0.815625 0.028125 0.031250
0 0.656250 0.287500 0.031250 0.031250
0 0.075000 0.437500 0.031250 0.031250
0 0.040625 0.245312 0.031250 0.028125
0 0.253125 0.846875 0.031250 0.031250
0 0.196875 0.464062 0.031250 0.028125
0 0.476562 0.626563 0.028125 0.028125
0 0.081250 0.734375 0.031250 0.031250
0 0.589063 0.551562 0.028125 0.028125
0 0.290625 0.504687 0.031250 0.028125
0 0.412500 0.528125 0.031250 0.031250
0 0.417187 0.632812 0.028125 0.028125
0 0.610938 0.365625 0.034375 0.031250
0 0.115625 0.909375 0.031250 0.031250
0 0.481250 0.734375 0.031250 0.031250
0 0.068750 0.121875 0.031250 0.031250
0 0.717187 0.112500 0.028125 0.031250
0 0.459375 0.281250 0.031250 0.031250
0 0.365625 0.118750 0.031250 0.031250
0 0.571875 0.132812 0.031250 0.028125
0 0.571875 0.100000 0.031250 0.031250
0 0.350000 0.387500 0.031250 0.031250
0 0.193750 0.396875 0.031250 0.031250
0 0.040625 0.315625 0.031250 0.031250
0 0.485938 0.153125 0.028125 0.031250
0 0.414062 0.598437 0.028125 0.028125
0 0.156250 0.032813 0.031250 0.034375
0 0.396875 0.206250 0.031250 0.031250
0 0.381250 0.512500 0.031250 0.031250
0 0.071875 0.368750 0.031250 0.031250
0 0.571875 0.064062 0.031250 0.028125
0 0.450000 0.682813 0.031250 0.028125
0 0.471875 0.593750 0.031250 0.031250
0 0.318750 0.371875 0.031250 0.031250
0 0.343750 0.246875 0.031250 0.031250
0 0.040625 0.209375 0.031250 0.031250
0 0.253125 0.292187 0.031250 0.034375
0 0.028125 0.581250 0.031250 0.031250
0 0.715625 0.385937 0.031250 0.028125
0 0.603125 0.254688 0.031250 0.028125
0 0.071875 0.296875 0.031250 0.031250
0 0.237500 0.878125 0.031250 0.031250
0 0.253125 0.728125 0.031250 0.031250
0 0.434375 0.329688 0.031250 0.028125
0 0.109375 0.485938 0.031250 0.028125
0 0.600000 0.184375 0.031250 0.031250
0 0.167187 0.821875 0.028125 0.031250
0 0.445312 0.614062 0.028125 0.028125
0 0.646875 0.553125 0.031250 0.031250
0 0.434375 0.439063 0.031250 0.028125
0 0.209375 0.640625 0.031250 0.031250
0 0.498437 0.540625 0.028125 0.031250
0 0.039062 0.034375 0.034375 0.031250
0 0.560937 0.570312 0.028125 0.028125
0 0.282813 0.212500 0.034375 0.031250
0 0.043750 0.350000 0.031250 0.031250
0 0.515625 0.240625 0.031250 0.031250
0 0.525000 0.417187 0.031250 0.028125
0 0.339062 0.757812 0.028125 0.028125
0 0.462500 0.385937 0.031250 0.028125
0 0.231250 0.512500 0.031250 0.031250
0 0.421875 0.800000 0.031250 0.031250
0 0.689063 0.129688 0.028125 0.028125
0 0.220312 0.171875 0.028125 0.031250
0 0.081250 0.792188 0.031250 0.028125
0 0.409375 0.493750 0.031250 0.031250
0 0.318750 0.484375 0.031250 0.031250
0 0.375000 0.298438 0.031250 0.028125
0 0.203125 0.878125 0.031250 0.031250
0 0.367188 0.739062 0.028125 0.028125
0 0.742188 0.407813 0.028125 0.028125
0 0.628125 0.200000 0.031250 0.031250
0 0.131250 0.156250 0.031250 0.031250
0 0.100000 0.209375 0.031250 0.031250
0 0.506250 0.675000 0.031250 0.031250
0 0.562500 0.709375 0.031250 0.031250
0 0.084375 0.612500 0.031250 0.031250
0 0.315625 0.303125 0.031250 0.031250
0 0.573438 0.778125 0.028125 0.031250
0 0.604688 0.290625 0.028125 0.031250
0 0.456250 0.820312 0.031250 0.028125
0 0.671875 0.432812 0.031250 0.028125
0 0.178125 0.584375 0.031250 0.031250
0 0.235937 0.759375 0.028125 0.031250
0 0.190625 0.292187 0.031250 0.034375
0 0.037500 0.068750 0.031250 0.031250
0 0.767188 0.432812 0.034375 0.034375
0 0.250000 0.223438 0.031250 0.034375
0 0.465625 0.456250 0.031250 0.031250
0 0.285938 0.320312 0.034375 0.034375
0 0.325000 0.896875 0.031250 0.031250
0 0.593750 0.656250 0.031250 0.031250
0 0.018750 0.512500 0.031250 0.031250
0 0.403125 0.315625 0.031250 0.031250
0 0.321875 0.842187 0.031250 0.028125
0 0.276562 0.031250 0.028125 0.031250
0 0.546875 0.800000 0.031250 0.031250
0 0.556250 0.501563 0.031250 0.028125
0 0.607812 0.321875 0.028125 0.031250
0 0.468750 0.525000 0.031250 0.031250
0 0.375000 0.265625 0.031250 0.031250
0 0.406250 0.350000 0.031250 0.031250
0 0.309375 0.703125 0.031250 0.031250
0 0.628125 0.026562 0.031250 0.028125
0 0.526563 0.520312 0.028125 0.028125
0 0.625000 0.668750 0.031250 0.031250
0 0.220312 0.790625 0.028125 0.031250
0 0.532813 0.621875 0.028125 0.031250
0 0.101562 0.314063 0.028125 0.028125
0 0.775000 0.078125 0.031250 0.031250
0 0.345313 0.282813 0.028125 0.028125
0 0.268750 0.698438 0.031250 0.028125
0 0.100000 0.350000 0.031250 0.031250
0 0.335938 0.725000 0.028125 0.031250
0 0.115625 0.553125 0.031250 0.031250
0 0.709375 0.534375 0.031250 0.031250
0 0.368750 0.225000 0.031250 0.031250
0 0.048438 0.456250 0.028125 0.031250
0 0.265625 0.559375 0.031250 0.031250
0 0.375000 0.815625 0.031250 0.031250
0 0.454688 0.853125 0.028125 0.031250
0 0.534375 0.693750 0.031250 0.031250
0 0.704688 0.621875 0.028125 0.031250
0 0.137500 0.465625 0.031250 0.031250
0 0.398438 0.171875 0.028125 0.031250
0 0.698438 0.565625 0.028125 0.031250
0 0.040625 0.104688 0.031250 0.028125
0 0.587500 0.517188 0.031250 0.028125
0 0.346875 0.353125 0.031250 0.031250
0 0.671875 0.465625 0.031250 0.031250
0 0.453125 0.784375 0.031250 0.031250
0 0.485938 0.801562 0.028125 0.028125
0 0.403125 0.425000 0.031250 0.031250
0 0.600000 0.756250 0.031250 0.031250
0 0.395313 0.753125 0.028125 0.031250
0 0.296875 0.573438 0.031250 0.028125
0 0.079687 0.504687 0.028125 0.028125
0 0.657813 0.215625 0.028125 0.031250
0 0.364063 0.704688 0.028125 0.028125
0 0.453125 0.715625 0.031250 0.031250
0 0.182812 0.615625 0.028125 0.031250
0 0.234375 0.546875 0.031250 0.031250
0 0.218750 0.671875 0.031250 0.031250
0 0.284375 0.284375 0.031250 0.031250
0 0.425000 0.153125 0.031250 0.031250
0 0.732812 0.470313 0.028125 0.028125
0 0.512500 0.028125 0.031250 0.031250
0 0.250000 0.325000 0.031250 0.031250
0 0.387500 0.617188 0.031250 0.028125
0 0.240625 0.615625 0.031250 0.031250
0 0.393750 0.845313 0.031250 0.028125
0 0.312500 0.231250 0.031250 0.031250
0 0.659375 0.353125 0.031250 0.031250
0 0.284375 0.250000 0.031250 0.031250
0 0.503125 0.609375 0.031250 0.031250
0 0.485938 0.221875 0.028125 0.031250
0 0.701562 0.448437 0.028125 0.028125
0 0.490625 0.334375 0.031250 0.031250
0 0.510938 0.750000 0.028125 0.031250
0 0.493750 0.401562 0.031250 0.028125
0 0.040625 0.140625 0.031250 0.031250
0 0.542188 0.045312 0.028125 0.028125
0 0.131250 0.365625 0.031250 0.031250
0 0.439063 0.509375 0.028125 0.031250
0 0.190625 0.259375 0.031250 0.031250
0 0.676562 0.540625 0.028125 0.031250
0 0.268750 0.665625 0.031250 0.031250
0 0.306250 0.871875 0.031250 0.031250
0 0.485938 0.837500 0.028125 0.031250
0 0.459375 0.240625 0.031250 0.031250
0 0.142187 0.534375 0.028125 0.031250
0 0.435937 0.404687 0.028125 0.028125
0 0.332813 0.656250 0.028125 0.031250
0 0.131250 0.190625 0.031250 0.031250
0 0.721875 0.503125 0.031250 0.031250
0 0.040625 0.175000 0.031250 0.031250
0 0.668750 0.400000 0.031250 0.031250
0 0.640625 0.381250 0.031250 0.031250
0 0.689063 0.368750 0.028125 0.031250
0 0.364063 0.668750 0.028125 0.031250
0 0.454688 0.101562 0.028125 0.028125
0 0.293750 0.540625 0.031250 0.031250
0 0.775000 0.112500 0.031250 0.031250
0 0.306250 0.815625 0.031250 0.031250
0 0.168750 0.643750 0.031250 0.031250
0 0.256250 0.393750 0.031250 0.031250
0 0.203125 0.532813 0.031250 0.028125
0 0.198437 0.496875 0.028125 0.031250
0 0.568750 0.028125 0.031250 0.031250
0 0.359375 0.603125 0.031250 0.031250
0 0.400000 0.242188 0.031250 0.028125
0 0.587500 0.587500 0.031250 0.031250
0 0.226562 0.414062 0.028125 0.028125
0 0.542188 0.767188 0.028125 0.028125
0 0.287500 0.845313 0.031250 0.028125
0 0.170313 0.517188 0.028125 0.028125
0 0.100000 0.278125 0.031250 0.031250
0 0.106250 0.453125 0.031250 0.031250
0 0.359375 0.887500 0.031250 0.031250
0 0.356250 0.785937 0.031250 0.028125
0 0.054688 0.557813 0.028125 0.028125
0 0.421875 0.667188 0.031250 0.028125
0 0.323437 0.551562 0.028125 0.028125
0 0.425000 0.834375 0.031250 0.031250
0 0.390625 0.784375 0.031250 0.031250
0 0.775000 0.146875 0.031250 0.031250
0 0.337500 0.031250 0.031250 0.031250
0 0.406250 0.457813 0.031250 0.028125
0 0.687500 0.026562 0.031250 0.034375
0 0.396875 0.137500 0.031250 0.031250
0 0.384375 0.546875 0.031250 0.031250
0 0.318750 0.406250 0.031250 0.031250
0 0.771875 0.396875 0.031250 0.031250
0 0.235937 0.700000 0.028125 0.031250
0 0.048438 0.490625 0.028125 0.031250
0 0.170313 0.484375 0.028125 0.031250
0 0.626563 0.731250 0.028125 0.031250
0 0.343750 0.428125 0.031250 0.031250
0 0.746875 0.026562 0.031250 0.034375
0 0.493750 0.437500 0.031250 0.031250
0 0.045312 0.909375 0.028125 0.031250
0 0.415625 0.562500 0.031250 0.031250
0 0.040625 0.279687 0.031250 0.028125
0 0.350000 0.500000 0.031250 0.031250
0 0.571875 0.167187 0.031250 0.028125
0 0.734375 0.439063 0.031250 0.028125
0 0.621875 0.632812 0.031250 0.034375
0 0.396875 0.031250 0.031250 0.031250
0 0.532813 0.654687 0.028125 0.028125
0 0.212500 0.600000 0.031250 0.031250
0 0.218750 0.031250 0.031250 0.031250
0 0.687500 0.650000 0.031250 0.031250
0 0.017188 0.478125 0.028125 0.031250
0 0.668750 0.678125 0.031250 0.031250
0 0.743750 0.234375 0.031250 0.031250
0 0.715625 0.284375 0.031250 0.031250
0 0.746875 0.528125 0.031250 0.031250
0 0.582812 0.484375 0.028125 0.031250
0 0.240625 0.646875 0.031250 0.031250
0 0.720313 0.590625 0.028125 0.031250
0 0.259375 0.493750 0.031250 0.031250
0 0.553125 0.434375 0.031250 0.031250
0 0.315625 0.448437 0.031250 0.034375
0 0.614062 0.501563 0.028125 0.028125
0 0.285938 0.468750 0.034375 0.031250
0 0.775000 0.362500 0.031250 0.031250
0 0.717187 0.351562 0.034375 0.034375
0 0.775000 0.043750 0.031250 0.031250
0 0.118750 0.617188 0.031250 0.028125
0 0.426563 0.767188 0.028125 0.028125
0 0.251563 0.256250 0.028125 0.031250
0 0.481250 0.700000 0.031250 0.031250
0 0.746875 0.265625 0.031250 0.031250
0 0.100000 0.243750 0.031250 0.031250
0 0.739062 0.310937 0.034375 0.034375
0 0.187500 0.118750 0.031250 0.031250
0 0.778125 0.243750 0.031250 0.031250
0 0.068750 0.017188 0.031250 0.034375
0 0.304688 0.639062 0.028125 0.028125
0 0.017188 0.442188 0.028125 0.028125
0 0.559375 0.671875 0.031250 0.031250
0 0.048438 0.734375 0.028125 0.031250
0 0.481250 0.046875 0.031250 0.031250
0 0.346875 0.462500 0.031250 0.031250
0 0.307812 0.153125 0.028125 0.031250
0 0.698438 0.482812 0.028125 0.028125
0 0.337500 0.171875 0.031250 0.031250
0 0.650000 0.704688 0.031250 0.034375
0 0.220312 0.135937 0.028125 0.028125
0 0.553125 0.400000 0.031250 0.031250
0 0.687500 0.332813 0.031250 0.034375
0 0.218750 0.103125 0.031250 0.031250
0 0.495312 0.470313 0.028125 0.028125
0 0.271875 0.631250 0.031250 0.031250
0 0.556250 0.465625 0.031250 0.031250
0 0.584375 0.450000 0.031250 0.031250
0 0.159375 0.103125 0.031250 0.031250
0 0.609375 0.468750 0.031250 0.031250
0 0.246875 0.015625 0.031250 0.031250
0 0.081250 0.579688 0.031250 0.034375
0 0.165625 0.415625 0.031250 0.031250
0 0.221875 0.309375 0.031250 0.031250
0 0.221875 0.909375 0.031250 0.031250
0 0.734375 0.562500 0.031250 0.031250
0 0.256250 0.907813 0.031250 0.034375
0 0.132812 0.329688 0.028125 0.028125
0 0.159375 0.137500 0.031250 0.031250
0 0.268750 0.595313 0.031250 0.028125
0 0.060937 0.820312 0.028125 0.028125
0 0.298438 0.606250 0.028125 0.031250
0 0.015625 0.407813 0.031250 0.028125
0 0.525000 0.453125 0.031250 0.031250
0 0.510938 0.715625 0.028125 0.031250
0 0.223438 0.446875 0.028125 0.031250
0 0.100000 0.703125 0.031250 0.031250
0 0.553125 0.365625 0.031250 0.031250
0 0.756250 0.495312 0.031250 0.034375
0 0.678125 0.506250 0.031250 0.031250
0 0.017188 0.734375 0.028125 0.031250
0 0.629687 0.268750 0.028125 0.031250
0 0.340625 0.209375 0.031250 0.031250
0 0.562500 0.637500 0.031250 0.031250
0 0.445312 0.579688 0.028125 0.028125
0 0.068750 0.084375 0.031250 0.031250
0 0.221875 0.343750 0.031250 0.031250
0 0.050000 0.609375 0.031250 0.031250
0 0.467187 0.492188 0.028125 0.028125
0 0.632812 0.339062 0.028125 0.028125
0 0.015625 0.610938 0.031250 0.028125
0 0.598437 0.220312 0.028125 0.028125
0 0.375000 0.443750 0.031250 0.031250
0 0.640625 0.448437 0.031250 0.028125
0 0.159375 0.312500 0.031250 0.031250
0 0.368750 0.153125 0.031250 0.031250
0 0.717187 0.251563 0.028125 0.028125
0 0.717187 0.185938 0.028125 0.028125
0 0.259375 0.428125 0.031250 0.031250
0 0.440625 0.542188 0.031250 0.028125
0 0.206250 0.565625 0.031250 0.031250
0 0.689063 0.059375 0.028125 0.031250
0 0.423438 0.865625 0.034375 0.031250
0 0.593750 0.721875 0.031250 0.031250
0 0.021875 0.546875 0.031250 0.031250
0 0.014063 0.673438 0.028125 0.028125
0 0.589063 0.620313 0.028125 0.028125
0 0.301563 0.671875 0.028125 0.031250
0 0.392188 0.878125 0.034375 0.031250
0 0.581250 0.381250 0.031250 0.031250
0 0.065625 0.879687 0.031250 0.028125
0 0.014063 0.909375 0.028125 0.031250
0 0.653125 0.646875 0.031250 0.031250
0 0.470313 0.557813 0.028125 0.028125
0 0.456250 0.171875 0.031250 0.031250
0 0.306250 0.014063 0.031250 0.028125
0 0.668750 0.620313 0.031250 0.028125
0 0.481250 0.081250 0.031250 0.031250
0 0.250000 0.153125 0.031250 0.031250
0 0.115625 0.584375 0.031250 0.031250
0 0.518750 0.314063 0.031250 0.028125
0 0.689063 0.595313 0.028125 0.028125
0 0.764062 0.464062 0.028125 0.028125
0 0.715625 0.042188 0.031250 0.028125
0 0.587500 0.687500 0.031250 0.031250
0 0.685937 0.164062 0.028125 0.028125
0 0.748437 0.373437 0.028125 0.028125
0 0.068750 0.260937 0.031250 0.028125
0 0.437500 0.473438 0.031250 0.028125
0 0.264062 0.526563 0.028125 0.028125
0 0.287500 0.390625 0.031250 0.031250
0 0.515625 0.818750 0.031250 0.031250
0 0.220312 0.206250 0.028125 0.031250
0 0.134375 0.879687 0.031250 0.028125
0 0.220312 0.239063 0.028125 0.028125
0 0.573438 0.206250 0.028125 0.031250
0 0.404687 0.282813 0.028125 0.028125
0 0.367188 0.014063 0.028125 0.028125
0 0.750000 0.343750 0.031250 0.031250
0 0.239063 0.579688 0.028125 0.028125
0 0.639062 0.415625 0.028125 0.031250
0 0.685937 0.301563 0.028125 0.028125
0 0.745313 0.059375 0.028125 0.031250
0 0.576562 0.307812 0.028125 0.028125
0 0.151562 0.732812 0.028125 0.028125
0 0.776563 0.182812 0.034375 0.034375
0 0.068750 0.050000 0.031250 0.031250
0 0.462500 0.353125 0.031250 0.031250
0 0.217188 0.067187 0.028125 0.028125
0 0.560937 0.604688 0.028125 0.028125
0 0.454688 0.028125 0.034375 0.031250
0 0.293750 0.425000 0.031250 0.031250
0 0.478125 0.660937 0.031250 0.028125
0 0.629687 0.167187 0.028125 0.028125
0 0.201563 0.759375 0.028125 0.031250
0 0.164062 0.379688 0.028125 0.028125
0 0.376563 0.332813 0.028125 0.028125
0 0.135937 0.435937 0.028125 0.028125
0 0.190625 0.225000 0.031250 0.031250
0 0.423438 0.701562 0.028125 0.028125
0 0.464062 0.420312 0.028125 0.028125
0 0.320312 0.785937 0.028125 0.028125
0 0.256250 0.459375 0.031250 0.031250
0 0.098437 0.821875 0.028125 0.025000
0 0.657813 0.114062 0.028125 0.028125
0 0.617188 0.698438 0.028125 0.028125
0 0.778125 0.212500 0.031250 0.031250
0 0.389062 0.651563 0.028125 0.028125
