0 0.706250 0.259375 0.043750 0.043750
0 0.589063 0.142187 0.040625 0.040625
0 0.068750 0.481250 0.043750 0.043750
0 0.626563 0.212500 0.040625 0.043750
0 0.709375 0.215625 0.043750 0.043750
0 0.203125 0.434375 0.043750 0.043750
0 0.753125 0.415625 0.043750 0.043750
0 0.121875 0.762500 0.043750 0.043750
0 0.662500 0.325000 0.043750 0.043750
0 0.932813 0.215625 0.040625 0.043750
0 0.892188 0.275000 0.040625 0.043750
0 0.075000 0.762500 0.043750 0.043750
0 0.798438 0.356250 0.040625 0.043750
0 0.532813 0.381250 0.040625 0.043750
0 0.568750 0.409375 0.043750 0.043750
0 0.584375 0.537500 0.043750 0.043750
0 0.581250 0.229687 0.043750 0.040625
0 0.667188 0.235937 0.040625 0.040625
0 0.631250 0.475000 0.043750 0.043750
0 0.631250 0.168750 0.043750 0.043750
0 0.271875 0.796875 0.043750 0.043750
0 0.246875 0.579688 0.043750 0.046875
0 0.246875 0.439063 0.043750 0.046875
0 0.750000 0.240625 0.043750 0.043750
0 0.110937 0.456250 0.046875 0.043750
0 0.500000 0.140625 0.043750 0.043750
0 0.360938 0.803125 0.040625 0.043750
0 0.671875 0.454688 0.043750 0.040625
0 0.162500 0.675000 0.043750 0.043750
0 0.539062 0.337500 0.040625 0.043750
0 0.143750 0.631250 0.043750 0.043750
0 0.621875 0.300000 0.043750 0.043750
0 0.631250 0.125000 0.043750 0.043750
0 0.546875 0.168750 0.043750 0.043750
0 0.893750 0.103125 0.043750 0.043750
0 0.803125 0.309375 0.043750 0.043750
0 0.121875 0.359375 0.043750 0.043750
0 0.612500 0.390625 0.043750 0.043750
0 0.293750 0.575000 0.043750 0.043750
0 0.718750 0.087500 0.043750 0.043750
0 0.756250 0.370312 0.043750 0.040625
0 0.100000 0.725000 0.043750 0.043750
0 0.146875 0.407813 0.043750 0.040625
0 0.662500 0.281250 0.043750 0.043750
0 0.143750 0.718750 0.043750 0.043750
0 0.318750 0.796875 0.043750 0.043750
0 0.875000 0.409375 0.043750 0.043750
0 0.450000 0.137500 0.043750 0.043750
0 0.546875 0.078125 0.043750 0.043750
0 0.537500 0.212500 0.043750 0.043750
0 0.800000 0.181250 0.043750 0.043750
0 0.809375 0.137500 0.043750 0.043750
0 0.500000 0.184375 0.043750 0.043750
0 0.932813 0.126562 0.040625 0.040625
0 0.456250 0.184375 0.043750 0.043750
0 0.634375 0.428125 0.043750 0.043750
0 0.159375 0.587500 0.043750 0.043750
0 0.062500 0.584375 0.043750 0.043750
0 0.101562 0.556250 0.040625 0.043750
0 0.712500 0.437500 0.043750 0.043750
0 0.028125 0.459375 0.043750 0.043750
0 0.067187 0.676562 0.046875 0.046875
0 0.068750 0.434375 0.043750 0.043750
0 0.428125 0.850000 0.043750 0.043750
0 0.589063 0.185938 0.040625 0.040625
0 0.837500 0.381250 0.043750 0.043750
0 0.703125 0.303125 0.043750 0.043750
0 0.296875 0.756250 0.043750 0.043750
0 0.759375 0.325000 0.043750 0.043750
0 0.543750 0.125000 0.043750 0.043750
0 0.209375 0.850000 0.043750 0.043750
0 0.700000 0.350000 0.043750 0.043750
0 0.267188 0.490625 0.046875 0.043750
0 0.384375 0.846875 0.043750 0.043750
0 0.334375 0.678125 0.043750 0.043750
0 0.112500 0.596875 0.043750 0.043750
0 0.932813 0.171875 0.040625 0.043750
0 0.937500 0.260937 0.043750 0.040625
0 0.890625 0.193750 0.043750 0.043750
0 0.117188 0.681250 0.040625 0.043750
0 0.143750 0.540625 0.043750 0.043750
0 0.120313 0.850000 0.046875 0.043750
0 0.896875 0.056250 0.043750 0.043750
0 0.506250 0.046875 0.043750 0.043750
0 0.709375 0.481250 0.043750 0.043750
0 0.575000 0.275000 0.043750 0.043750
0 0.593750 0.446875 0.043750 0.043750
0 0.481250 0.225000 0.043750 0.043750
0 0.231250 0.809375 0.043750 0.043750
0 0.340625 0.756250 0.043750 0.043750
0 0.792188 0.225000 0.040625 0.043750
0 0.337500 0.443750 0.043750 0.043750
0 0.292187 0.443750 0.046875 0.043750
0 0.296875 0.656250 0.043750 0.043750
0 0.575000 0.365625 0.043750 0.043750
0 0.431250 0.387500 0.043750 0.043750
0 0.406250 0.806250 0.043750 0.043750
0 0.546875 0.593750 0.043750 0.043750
0 0.668750 0.500000 0.043750 0.043750
0 0.846875 0.290625 0.043750 0.043750
0 0.190625 0.720313 0.043750 0.046875
0 0.526563 0.425000 0.040625 0.043750
0 0.456250 0.093750 0.043750 0.043750
0 0.675000 0.409375 0.043750 0.043750
0 0.506250 0.470313 0.043750 0.040625
0 0.834375 0.428125 0.043750 0.043750
0 0.934375 0.350000 0.043750 0.043750
0 0.481250 0.417187 0.043750 0.040625
0 0.590625 0.490625 0.043750 0.043750
0 0.840625 0.337500 0.043750 0.043750
0 0.275000 0.615625 0.043750 0.043750
0 0.550000 0.462500 0.043750 0.043750
0 0.064062 0.532813 0.040625 0.040625
0 0.103125 0.403125 0.043750 0.043750
0 0.837500 0.206250 0.043750 0.043750
0 0.634375 0.078125 0.043750 0.043750
0 0.359375 0.637500 0.043750 0.043750
0 0.256250 0.853125 0.043750 0.043750
0 0.312500 0.485938 0.043750 0.046875
0 0.081250 0.337500 0.043750 0.043750
0 0.878125 0.365625 0.043750 0.043750
0 0.425000 0.432812 0.043750 0.040625
0 0.378125 0.596875 0.043750 0.043750
0 0.787500 0.268750 0.043750 0.043750
0 0.793750 0.400000 0.043750 0.043750
0 0.589063 0.096875 0.046875 0.043750
0 0.751563 0.459375 0.040625 0.043750
0 0.396875 0.553125 0.043750 0.043750
0 0.225000 0.478125 0.043750 0.043750
0 0.403125 0.095312 0.043750 0.046875
0 0.496875 0.559375 0.043750 0.043750
0 0.618750 0.345313 0.043750 0.040625
0 0.234375 0.712500 0.043750 0.043750
0 0.231250 0.625000 0.043750 0.043750
0 0.745313 0.282813 0.040625 0.040625
0 0.537500 0.550000 0.043750 0.043750
0 0.187500 0.809375 0.043750 0.043750
0 0.406250 0.640625 0.043750 0.043750
0 0.339062 0.573438 0.040625 0.040625
0 0.028125 0.506250 0.043750 0.043750
0 0.656250 0.368750 0.043750 0.043750
0 0.620313 0.256250 0.040625 0.043750
0 0.209375 0.767188 0.043750 0.040625
0 0.204687 0.590625 0.040625 0.043750
0 0.829688 0.251563 0.040625 0.040625
0 0.668750 0.543750 0.043750 0.043750
0 0.112500 0.896875 0.043750 0.043750
0 0.189062 0.634375 0.040625 0.043750
0 0.034375 0.343750 0.043750 0.043750
0 0.365625 0.718750 0.043750 0.043750
0 0.550000 0.875000 0.043750 0.043750
0 0.417187 0.896875 0.040625 0.043750
0 0.225000 0.521875 0.043750 0.043750
0 0.751563 0.193750 0.046875 0.043750
0 0.503125 0.095312 0.043750 0.046875
0 0.189062 0.548438 0.040625 0.040625
0 0.375000 0.890625 0.043750 0.043750
0 0.543750 0.642188 0.043750 0.046875
0 0.296875 0.834375 0.043750 0.043750
0 0.928125 0.306250 0.043750 0.043750
0 0.793750 0.443750 0.043750 0.043750
0 0.934375 0.084375 0.043750 0.043750
0 0.356250 0.531250 0.043750 0.043750
0 0.671875 0.190625 0.043750 0.043750
0 0.100000 0.642188 0.043750 0.040625
0 0.768750 0.112500 0.043750 0.043750
0 0.534375 0.293750 0.043750 0.043750
0 0.359375 0.387500 0.043750 0.043750
0 0.493750 0.314063 0.043750 0.040625
0 0.142187 0.807813 0.046875 0.046875
0 0.501563 0.657813 0.040625 0.040625
0 0.184375 0.381250 0.043750 0.043750
0 0.312500 0.531250 0.043750 0.043750
0 0.387500 0.765625 0.043750 0.043750
0 0.318750 0.615625 0.043750 0.043750
0 0.165625 0.850000 0.043750 0.043750
0 0.165625 0.760938 0.043750 0.040625
0 0.379688 0.676562 0.040625 0.040625
0 0.521875 0.253125 0.043750 0.043750
0 0.078125 0.840625 0.043750 0.043750
0 0.517188 0.840625 0.040625 0.043750
0 0.507812 0.612500 0.040625 0.043750
0 0.462500 0.046875 0.043750 0.043750
0 0.159375 0.453125 0.043750 0.043750
0 0.714063 0.390625 0.040625 0.043750
0 0.225000 0.396875 0.043750 0.043750
0 0.478125 0.271875 0.043750 0.043750
0 0.431250 0.218750 0.043750 0.043750
0 0.203125 0.896875 0.043750 0.043750
0 0.206250 0.675000 0.043750 0.043750
0 0.460938 0.339062 0.040625 0.040625
0 0.453125 0.637500 0.043750 0.043750
0 0.440625 0.556250 0.043750 0.043750
0 0.250000 0.900000 0.043750 0.043750
0 0.873437 0.235937 0.040625 0.040625
0 0.409375 0.725000 0.043750 0.043750
0 0.251563 0.667188 0.040625 0.040625
0 0.681250 0.059375 0.043750 0.043750
0 0.184375 0.501563 0.043750 0.046875
0 0.628125 0.564063 0.043750 0.040625
0 0.423438 0.682813 0.040625 0.040625
0 0.103125 0.510938 0.043750 0.040625
0 0.728125 0.131250 0.043750 0.043750
0 0.434375 0.487500 0.043750 0.043750
0 0.428125 0.765625 0.043750 0.043750
0 0.471875 0.851562 0.043750 0.040625
0 0.725000 0.040625 0.043750 0.043750
0 0.096875 0.803125 0.043750 0.043750
0 0.271875 0.396875 0.043750 0.043750
0 0.251563 0.753125 0.040625 0.043750
0 0.579688 0.318750 0.040625 0.043750
0 0.626563 0.518750 0.040625 0.043750
0 0.050000 0.803125 0.043750 0.043750
0 0.489063 0.375000 0.040625 0.043750
0 0.281250 0.703125 0.043750 0.043750
0 0.584375 0.625000 0.043750 0.043750
0 0.290625 0.881250 0.043750 0.043750
0 0.675000 0.146875 0.043750 0.043750
0 0.356250 0.485938 0.043750 0.040625
0 0.915625 0.390625 0.043750 0.043750
0 0.062500 0.381250 0.043750 0.043750
0 0.939063 0.040625 0.040625 0.037500
0 0.846875 0.162500 0.043750 0.043750
0 0.550000 0.506250 0.043750 0.043750
0 0.415625 0.051562 0.043750 0.040625
0 0.156250 0.896875 0.043750 0.043750
0 0.884375 0.318750 0.043750 0.043750
0 0.589063 0.582812 0.040625 0.040625
0 0.468750 0.593750 0.043750 0.043750
0 0.890625 0.146875 0.043750 0.043750
0 0.053125 0.721875 0.043750 0.043750
0 0.850000 0.115625 0.043750 0.043750
0 0.465625 0.520312 0.043750 0.040625
0 0.509375 0.515625 0.043750 0.043750
0 0.143750 0.493750 0.043750 0.043750
0 0.667188 0.589063 0.040625 0.040625
0 0.068750 0.885938 0.043750 0.040625
0 0.675000 0.103125 0.043750 0.043750
0 0.320312 0.718750 0.040625 0.043750
0 0.450000 0.809375 0.043750 0.043750
0 0.557813 0.829688 0.040625 0.040625
0 0.340625 0.843750 0.043750 0.043750
0 0.464062 0.456250 0.040625 0.043750
0 0.509375 0.746875 0.043750 0.043750
0 0.509375 0.703125 0.043750 0.043750
0 0.506250 0.885938 0.043750 0.046875
0 0.268750 0.537500 0.043750 0.043750
0 0.596875 0.050000 0.043750 0.043750
0 0.712500 0.170313 0.043750 0.040625
0 0.462500 0.895312 0.043750 0.040625
0 0.809375 0.090625 0.043750 0.043750
0 0.034375 0.853125 0.043750 0.043750
0 0.509375 0.796875 0.043750 0.043750
0 0.329688 0.900000 0.040625 0.043750
0 0.626563 0.609375 0.040625 0.043750
0 0.421875 0.600000 0.043750 0.043750
0 0.593750 0.859375 0.043750 0.043750
0 0.384375 0.446875 0.043750 0.043750
0 0.396875 0.509375 0.043750 0.043750
0 0.765625 0.153125 0.037500 0.037500
0 0.312500 0.384375 0.043750 0.043750
0 0.465625 0.684375 0.043750 0.043750
0 0.553125 0.037500 0.043750 0.043750
0 0.031250 0.412500 0.043750 0.043750
0 0.057813 0.628125 0.040625 0.043750
0 0.850000 0.068750 0.043750 0.043750
0 0.871875 0.454688 0.043750 0.040625
0 0.073438 0.273438 0.040625 0.040625
0 0.914062 0.434375 0.040625 0.043750
0 0.454688 0.728125 0.040625 0.043750
0 0.709375 0.525000 0.043750 0.043750
0 0.409375 0.287500 0.043750 0.043750
0 0.765625 0.068750 0.043750 0.043750
0 0.025000 0.896875 0.043750 0.043750
0 0.028125 0.556250 0.043750 0.043750
0 0.640625 0.034375 0.043750 0.043750
0 0.471875 0.771875 0.043750 0.043750
0 0.023438 0.603125 0.040625 0.043750
0 0.809375 0.048438 0.043750 0.040625
0 0.767188 0.023438 0.040625 0.040625
0 0.707812 0.570312 0.040625 0.040625
0 0.850000 0.021875 0.043750 0.043750
0 0.025000 0.762500 0.043750 0.043750
0 0.021875 0.656250 0.043750 0.043750
0 0.551562 0.695312 0.040625 0.040625
