0 0.043750 0.056250 0.043750 0.043750
0 0.042188 0.103125 0.040625 0.043750
0 0.081250 0.126562 0.043750 0.040625
0 0.085938 0.082812 0.040625 0.040625
0 0.076563 0.306250 0.040625 0.043750
0 0.084375 0.171875 0.043750 0.043750
0 0.065625 0.390625 0.043750 0.043750
0 0.064062 0.435937 0.040625 0.040625
0 0.084375 0.215625 0.043750 0.043750
0 0.042188 0.275000 0.040625 0.043750
0 0.084375 0.350000 0.043750 0.043750
0 0.087500 0.260937 0.043750 0.040625
0 0.040625 0.146875 0.043750 0.043750
0 0.025000 0.409375 0.043750 0.043750
0 0.028125 0.365625 0.043750 0.043750
0 0.034375 0.318750 0.043750 0.043750
0 0.087500 0.040625 0.037500 0.037500
0 0.043750 0.193750 0.043750 0.043750
0 0.023438 0.454688 0.040625 0.040625
0 0.023438 0.235937 0.040625 0.040625
