0 0.889062 0.914062 0.034375 0.034375
0 0.848437 0.914062 0.034375 0.034375
0 0.867188 0.945312 0.034375 0.034375
0 0.145313 0.842187 0.034375 0.034375
0 0.807813 0.792188 0.034375 0.034375
0 0.179688 0.748437 0.034375 0.034375
0 0.210938 0.914062 0.034375 0.034375
0 0.929688 0.910937 0.034375 0.034375
0 0.145313 0.917188 0.034375 0.034375
0 0.884375 0.792188 0.031250 0.034375
0 0.850000 0.975000 0.031250 0.031250
0 0.717187 0.885938 0.034375 0.034375
0 0.051562 0.829688 0.034375 0.034375
0 0.118750 0.353125 0.031250 0.031250
0 0.882812 0.851562 0.034375 0.034375
0 0.901563 0.760938 0.034375 0.034375
0 0.245312 0.257812 0.034375 0.034375
0 0.101562 0.446875 0.034375 0.031250
0 0.698438 0.790625 0.034375 0.031250
0 0.051562 0.904687 0.034375 0.034375
0 0.921875 0.732812 0.031250 0.034375
0 0.210938 0.879687 0.034375 0.034375
0 0.965625 0.843750 0.037500 0.037500
0 0.829688 0.882812 0.034375 0.034375
0 0.907813 0.882812 0.034375 0.034375
0 0.864062 0.760938 0.034375 0.034375
0 0.790625 0.823438 0.031250 0.034375
0 0.082812 0.920312 0.034375 0.034375
0 0.270313 0.842187 0.034375 0.034375
0 0.809375 0.853125 0.031250 0.031250
0 0.114062 0.789062 0.034375 0.034375
0 0.207813 0.321875 0.034375 0.031250
0 0.176563 0.714063 0.034375 0.034375
0 0.773438 0.854688 0.034375 0.034375
0 0.715625 0.575000 0.031250 0.031250
0 0.067187 0.321875 0.034375 0.037500
0 0.082812 0.353125 0.034375 0.031250
0 0.375000 0.817187 0.037500 0.034375
0 0.270313 0.804688 0.034375 0.034375
0 0.523438 0.289062 0.034375 0.034375
0 0.773438 0.914062 0.034375 0.034375
0 0.304688 0.820312 0.034375 0.034375
0 0.645312 0.885938 0.034375 0.034375
0 0.882812 0.292187 0.034375 0.034375
0 0.223438 0.415625 0.034375 0.031250
0 0.570312 0.695312 0.034375 0.034375
0 0.901563 0.260937 0.034375 0.034375
0 0.904687 0.823438 0.034375 0.034375
0 0.812500 0.976562 0.031250 0.034375
0 0.103125 0.321875 0.031250 0.031250
0 0.175000 0.642188 0.031250 0.034375
0 0.912500 0.604688 0.031250 0.034375
0 0.792188 0.884375 0.034375 0.031250
0 0.810937 0.914062 0.034375 0.034375
0 0.882812 0.670312 0.034375 0.034375
0 0.864062 0.821875 0.034375 0.031250
0 0.176563 0.898438 0.034375 0.034375
0 0.154688 0.353125 0.034375 0.031250
0 0.848437 0.851562 0.034375 0.034375
0 0.926562 0.851562 0.034375 0.034375
0 0.923438 0.976562 0.034375 0.034375
0 0.921875 0.790625 0.031250 0.031250
0 0.067187 0.257812 0.034375 0.034375
0 0.945312 0.942187 0.034375 0.034375
0 0.145313 0.732812 0.034375 0.034375
0 0.882812 0.976562 0.034375 0.034375
0 0.951562 0.810937 0.034375 0.034375
0 0.239063 0.821875 0.034375 0.037500
0 0.939063 0.698438 0.034375 0.034375
0 0.864062 0.701562 0.034375 0.034375
0 0.828125 0.760938 0.031250 0.034375
0 0.942187 0.760938 0.034375 0.034375
0 0.789062 0.635938 0.034375 0.034375
0 0.114062 0.754687 0.034375 0.034375
0 0.720313 0.953125 0.034375 0.037500
0 0.789062 0.573438 0.034375 0.034375
0 0.082812 0.478125 0.034375 0.037500
0 0.735938 0.917188 0.034375 0.034375
0 0.789062 0.760938 0.034375 0.034375
0 0.607812 0.448437 0.034375 0.034375
0 0.825000 0.635938 0.031250 0.034375
0 0.946875 0.879687 0.037500 0.034375
0 0.085938 0.223438 0.034375 0.034375
0 0.048438 0.606250 0.034375 0.031250
0 0.504687 0.259375 0.034375 0.031250
0 0.207813 0.696875 0.034375 0.031250
0 0.112500 0.679688 0.031250 0.034375
0 0.301563 0.893750 0.034375 0.031250
0 0.964063 0.910937 0.034375 0.034375
0 0.176563 0.935937 0.034375 0.034375
0 0.570312 0.946875 0.034375 0.037500
0 0.593750 0.417187 0.031250 0.034375
0 0.604688 0.823438 0.034375 0.034375
0 0.082812 0.696875 0.034375 0.031250
0 0.301563 0.857812 0.034375 0.034375
0 0.429688 0.571875 0.034375 0.031250
0 0.173437 0.321875 0.034375 0.031250
0 0.829688 0.260937 0.034375 0.034375
0 0.679688 0.821875 0.034375 0.031250
0 0.773438 0.729688 0.034375 0.034375
0 0.573438 0.509375 0.034375 0.031250
0 0.732812 0.545312 0.034375 0.034375
0 0.175000 0.823438 0.031250 0.034375
0 0.464062 0.509375 0.034375 0.031250
0 0.135937 0.384375 0.034375 0.031250
0 0.698438 0.917188 0.034375 0.034375
0 0.114062 0.898438 0.034375 0.034375
0 0.898438 0.385937 0.034375 0.034375
0 0.589063 0.792188 0.034375 0.034375
0 0.664062 0.917188 0.034375 0.034375
0 0.118750 0.415625 0.031250 0.031250
0 0.623437 0.789062 0.034375 0.034375
0 0.956250 0.729688 0.031250 0.034375
0 0.079687 0.551562 0.034375 0.034375
0 0.226562 0.353125 0.034375 0.031250
0 0.845313 0.670312 0.034375 0.034375
0 0.273438 0.764062 0.034375 0.034375
0 0.903125 0.700000 0.031250 0.031250
0 0.189062 0.415625 0.034375 0.031250
0 0.301563 0.784375 0.034375 0.031250
0 0.103125 0.257812 0.031250 0.034375
0 0.110937 0.606250 0.034375 0.031250
0 0.082812 0.845313 0.034375 0.034375
0 0.828125 0.700000 0.031250 0.031250
0 0.667188 0.228125 0.034375 0.037500
0 0.050000 0.939063 0.031250 0.034375
0 0.206250 0.842187 0.037500 0.034375
0 0.698438 0.542188 0.034375 0.034375
0 0.060937 0.448437 0.034375 0.034375
0 0.907813 0.945312 0.034375 0.034375
0 0.110937 0.642188 0.034375 0.034375
0 0.414062 0.414062 0.034375 0.034375
0 0.773438 0.354687 0.034375 0.034375
0 0.826562 0.821875 0.034375 0.031250
0 0.145313 0.879687 0.034375 0.034375
0 0.607812 0.884375 0.034375 0.037500
0 0.567187 0.885938 0.034375 0.034375
0 0.085938 0.879687 0.034375 0.034375
0 0.114062 0.717187 0.034375 0.034375
0 0.050000 0.976562 0.031250 0.034375
0 0.101562 0.384375 0.034375 0.031250
0 0.884375 0.228125 0.037500 0.037500
0 0.207813 0.257812 0.034375 0.034375
0 0.682813 0.948438 0.034375 0.034375
0 0.460938 0.757812 0.034375 0.034375
0 0.590625 0.540625 0.031250 0.031250
0 0.279687 0.321875 0.034375 0.031250
0 0.467187 0.384375 0.034375 0.031250
0 0.145313 0.660937 0.034375 0.034375
0 0.051562 0.289062 0.034375 0.034375
0 0.054688 0.753125 0.034375 0.031250
0 0.587500 0.854688 0.031250 0.034375
0 0.051562 0.867188 0.034375 0.034375
0 0.270313 0.623437 0.034375 0.034375
0 0.681250 0.885938 0.031250 0.034375
0 0.643750 0.821875 0.031250 0.031250
0 0.085938 0.290625 0.034375 0.031250
0 0.604688 0.948438 0.034375 0.034375
0 0.440625 0.789062 0.031250 0.034375
0 0.210938 0.731250 0.034375 0.031250
0 0.378125 0.889062 0.037500 0.034375
0 0.487500 0.290625 0.031250 0.031250
0 0.878125 0.607812 0.031250 0.034375
0 0.264062 0.289062 0.034375 0.034375
0 0.279687 0.384375 0.034375 0.031250
0 0.934375 0.385937 0.031250 0.034375
0 0.570312 0.823438 0.034375 0.034375
0 0.868750 0.884375 0.031250 0.031250
0 0.275000 0.729688 0.031250 0.034375
0 0.448437 0.415625 0.034375 0.031250
0 0.439063 0.851562 0.034375 0.034375
0 0.118750 0.478125 0.031250 0.031250
0 0.860938 0.639062 0.034375 0.034375
0 0.554688 0.664062 0.034375 0.034375
0 0.154688 0.289062 0.034375 0.034375
0 0.681250 0.759375 0.031250 0.031250
0 0.207813 0.509375 0.034375 0.031250
0 0.898438 0.448437 0.034375 0.034375
0 0.479687 0.789062 0.034375 0.034375
0 0.485938 0.353125 0.034375 0.031250
0 0.139063 0.257812 0.034375 0.034375
0 0.498437 0.823438 0.034375 0.034375
0 0.079687 0.625000 0.034375 0.031250
0 0.609375 0.510938 0.031250 0.034375
0 0.145313 0.804688 0.034375 0.034375
0 0.114062 0.860938 0.034375 0.034375
0 0.757812 0.260937 0.034375 0.034375
0 0.135937 0.446875 0.034375 0.031250
0 0.935937 0.260937 0.034375 0.034375
0 0.753125 0.760938 0.031250 0.034375
0 0.848437 0.226562 0.034375 0.034375
0 0.557813 0.354687 0.034375 0.034375
0 0.717187 0.759375 0.034375 0.031250
0 0.154688 0.540625 0.034375 0.031250
0 0.667188 0.292187 0.034375 0.034375
0 0.457813 0.882812 0.034375 0.034375
0 0.626563 0.853125 0.034375 0.037500
0 0.807813 0.729688 0.034375 0.034375
0 0.806250 0.604688 0.031250 0.034375
0 0.556250 0.540625 0.031250 0.031250
0 0.398438 0.379688 0.034375 0.034375
0 0.114062 0.940625 0.034375 0.037500
0 0.082812 0.660937 0.034375 0.034375
0 0.239063 0.643750 0.034375 0.031250
0 0.573438 0.632812 0.034375 0.034375
0 0.223438 0.478125 0.034375 0.031250
0 0.576562 0.385937 0.034375 0.034375
0 0.735938 0.790625 0.034375 0.031250
0 0.137500 0.509375 0.031250 0.031250
0 0.192188 0.289062 0.034375 0.034375
0 0.698438 0.482812 0.034375 0.034375
0 0.023438 0.698438 0.034375 0.034375
0 0.701562 0.853125 0.034375 0.031250
0 0.079687 0.589063 0.034375 0.034375
0 0.664062 0.853125 0.034375 0.037500
0 0.242188 0.714063 0.034375 0.034375
0 0.482812 0.415625 0.034375 0.031250
0 0.934375 0.323437 0.031250 0.034375
0 0.556250 0.478125 0.031250 0.031250
0 0.810937 0.228125 0.034375 0.037500
0 0.717187 0.821875 0.034375 0.031250
0 0.660937 0.790625 0.034375 0.031250
0 0.273438 0.914062 0.034375 0.034375
0 0.239063 0.860938 0.034375 0.034375
0 0.542188 0.259375 0.034375 0.031250
0 0.960938 0.971875 0.034375 0.037500
0 0.573438 0.448437 0.034375 0.034375
0 0.792188 0.323437 0.034375 0.034375
0 0.884375 0.732812 0.031250 0.034375
0 0.537500 0.571875 0.031250 0.031250
0 0.701562 0.292187 0.034375 0.034375
0 0.501563 0.446875 0.034375 0.031250
0 0.085938 0.810937 0.034375 0.034375
0 0.920312 0.670312 0.034375 0.034375
0 0.920312 0.228125 0.034375 0.037500
0 0.948438 0.604688 0.034375 0.034375
0 0.704688 0.228125 0.034375 0.037500
0 0.532813 0.885938 0.034375 0.034375
0 0.645312 0.448437 0.034375 0.034375
0 0.376563 0.476562 0.034375 0.034375
0 0.170313 0.382812 0.034375 0.034375
0 0.840625 0.604688 0.031250 0.034375
0 0.932813 0.635938 0.034375 0.034375
0 0.242188 0.446875 0.034375 0.031250
0 0.554688 0.601562 0.034375 0.034375
0 0.207813 0.660937 0.034375 0.034375
0 0.648438 0.257812 0.034375 0.034375
0 0.226562 0.290625 0.034375 0.031250
0 0.535937 0.509375 0.034375 0.031250
0 0.446875 0.478125 0.031250 0.031250
0 0.648438 0.323437 0.034375 0.034375
0 0.643750 0.632812 0.031250 0.034375
0 0.589063 0.917188 0.034375 0.034375
0 0.504687 0.321875 0.034375 0.031250
0 0.307812 0.929688 0.034375 0.034375
0 0.732812 0.482812 0.034375 0.034375
0 0.685937 0.260937 0.034375 0.034375
0 0.792188 0.260937 0.034375 0.034375
0 0.054688 0.790625 0.034375 0.031250
0 0.389062 0.754687 0.034375 0.034375
0 0.846875 0.732812 0.031250 0.034375
0 0.242188 0.935937 0.034375 0.034375
0 0.698438 0.728125 0.034375 0.031250
0 0.623437 0.920312 0.034375 0.034375
0 0.795312 0.945312 0.034375 0.034375
0 0.573438 0.571875 0.034375 0.031250
0 0.510938 0.915625 0.034375 0.031250
0 0.643750 0.948438 0.031250 0.034375
0 0.551562 0.792188 0.034375 0.034375
0 0.081250 0.732812 0.031250 0.034375
0 0.918750 0.292187 0.031250 0.034375
0 0.273438 0.660937 0.034375 0.034375
0 0.957812 0.226562 0.034375 0.034375
0 0.239063 0.785937 0.034375 0.034375
0 0.550000 0.917188 0.031250 0.034375
0 0.398438 0.846875 0.034375 0.037500
0 0.242188 0.751563 0.034375 0.034375
0 0.335938 0.732812 0.034375 0.034375
0 0.020313 0.660937 0.034375 0.034375
0 0.335938 0.226562 0.034375 0.034375
0 0.809375 0.293750 0.031250 0.031250
0 0.753125 0.573438 0.031250 0.034375
0 0.429688 0.446875 0.034375 0.031250
0 0.660937 0.728125 0.034375 0.031250
0 0.207813 0.801562 0.034375 0.034375
0 0.862500 0.385937 0.031250 0.034375
0 0.860938 0.576562 0.034375 0.034375
0 0.807813 0.354687 0.034375 0.034375
0 0.828125 0.323437 0.031250 0.034375
0 0.520312 0.415625 0.034375 0.031250
0 0.682813 0.323437 0.034375 0.034375
0 0.048438 0.353125 0.034375 0.031250
0 0.050000 0.643750 0.031250 0.031250
0 0.595313 0.292187 0.034375 0.034375
0 0.879687 0.417187 0.034375 0.034375
0 0.739062 0.292187 0.034375 0.034375
0 0.273438 0.876563 0.034375 0.034375
0 0.628125 0.417187 0.031250 0.034375
0 0.276562 0.585938 0.034375 0.034375
0 0.607812 0.632812 0.034375 0.034375
0 0.845313 0.354687 0.034375 0.034375
0 0.335938 0.292187 0.034375 0.034375
0 0.051562 0.679688 0.034375 0.034375
0 0.626563 0.726562 0.034375 0.034375
0 0.498437 0.757812 0.034375 0.034375
0 0.482812 0.478125 0.034375 0.031250
0 0.664062 0.354687 0.034375 0.034375
0 0.773438 0.292187 0.034375 0.034375
0 0.154688 0.478125 0.034375 0.031250
0 0.607812 0.759375 0.034375 0.031250
0 0.226562 0.226562 0.034375 0.034375
0 0.754687 0.945312 0.034375 0.034375
0 0.362500 0.371875 0.031250 0.031250
0 0.529687 0.945312 0.034375 0.034375
0 0.145313 0.698438 0.034375 0.034375
0 0.432812 0.320312 0.034375 0.034375
0 0.082812 0.417187 0.034375 0.034375
0 0.682813 0.385937 0.034375 0.034375
0 0.393750 0.445312 0.031250 0.034375
0 0.353125 0.259375 0.031250 0.031250
0 0.629687 0.292187 0.034375 0.034375
0 0.304688 0.748437 0.034375 0.034375
0 0.681250 0.510938 0.031250 0.034375
0 0.701562 0.420312 0.034375 0.034375
0 0.864062 0.260937 0.034375 0.034375
0 0.239063 0.607812 0.034375 0.034375
0 0.720313 0.385937 0.034375 0.034375
0 0.489063 0.946875 0.034375 0.037500
0 0.339062 0.910937 0.034375 0.034375
0 0.415625 0.348438 0.031250 0.034375
0 0.101562 0.509375 0.034375 0.031250
0 0.337500 0.804688 0.031250 0.034375
0 0.660937 0.542188 0.034375 0.034375
0 0.557813 0.417187 0.034375 0.034375
0 0.753125 0.821875 0.031250 0.031250
0 0.701562 0.354687 0.034375 0.034375
0 0.498437 0.884375 0.034375 0.031250
0 0.770312 0.542188 0.034375 0.034375
0 0.917188 0.354687 0.034375 0.034375
0 0.476562 0.853125 0.034375 0.037500
0 0.775000 0.228125 0.037500 0.037500
0 0.023438 0.807813 0.034375 0.034375
0 0.489063 0.226562 0.034375 0.034375
0 0.259375 0.415625 0.031250 0.031250
0 0.175000 0.785937 0.031250 0.034375
0 0.610938 0.385937 0.034375 0.034375
0 0.932813 0.446875 0.034375 0.031250
0 0.426563 0.509375 0.034375 0.031250
0 0.259375 0.551562 0.031250 0.034375
0 0.190625 0.353125 0.031250 0.031250
0 0.735938 0.420312 0.034375 0.034375
0 0.170313 0.607812 0.034375 0.034375
0 0.535937 0.446875 0.034375 0.031250
0 0.206250 0.384375 0.031250 0.031250
0 0.243750 0.384375 0.031250 0.031250
0 0.751563 0.514062 0.034375 0.034375
0 0.117188 0.825000 0.034375 0.031250
0 0.576562 0.323437 0.034375 0.034375
0 0.679688 0.696875 0.034375 0.031250
0 0.720313 0.323437 0.034375 0.034375
0 0.412500 0.948438 0.037500 0.034375
0 0.828125 0.385937 0.031250 0.034375
0 0.560937 0.292187 0.034375 0.034375
0 0.243750 0.321875 0.031250 0.031250
0 0.592187 0.354687 0.034375 0.034375
0 0.067187 0.385937 0.034375 0.034375
0 0.576562 0.259375 0.034375 0.037500
0 0.085938 0.770312 0.034375 0.034375
0 0.518750 0.728125 0.031250 0.031250
0 0.664062 0.420312 0.034375 0.034375
0 0.314063 0.384375 0.034375 0.031250
0 0.718750 0.450000 0.031250 0.031250
0 0.442188 0.726562 0.034375 0.034375
0 0.457813 0.820312 0.034375 0.034375
0 0.832812 0.946875 0.034375 0.037500
0 0.315625 0.321875 0.031250 0.031250
0 0.539062 0.323437 0.034375 0.034375
0 0.446875 0.540625 0.031250 0.031250
0 0.915625 0.417187 0.031250 0.034375
0 0.771875 0.604688 0.031250 0.034375
0 0.020313 0.885938 0.034375 0.034375
0 0.735938 0.851562 0.034375 0.034375
0 0.482812 0.603125 0.034375 0.031250
0 0.295312 0.415625 0.034375 0.031250
0 0.464062 0.571875 0.034375 0.031250
0 0.210938 0.768750 0.034375 0.031250
0 0.317188 0.675000 0.034375 0.037500
0 0.721875 0.260937 0.031250 0.034375
0 0.953125 0.354687 0.031250 0.034375
0 0.448437 0.951562 0.034375 0.034375
0 0.590625 0.601562 0.031250 0.034375
0 0.415625 0.878125 0.037500 0.037500
0 0.715625 0.510938 0.031250 0.034375
0 0.045312 0.415625 0.034375 0.031250
0 0.176563 0.679688 0.034375 0.034375
0 0.120313 0.290625 0.034375 0.031250
0 0.896875 0.637500 0.031250 0.031250
0 0.476562 0.914062 0.034375 0.034375
0 0.540625 0.385937 0.031250 0.034375
0 0.171875 0.446875 0.031250 0.031250
0 0.142187 0.625000 0.034375 0.031250
0 0.498437 0.696875 0.034375 0.031250
0 0.298438 0.228125 0.034375 0.031250
0 0.535937 0.632812 0.034375 0.034375
0 0.206250 0.446875 0.031250 0.031250
0 0.681250 0.451562 0.031250 0.034375
0 0.446875 0.664062 0.031250 0.034375
0 0.053125 0.715625 0.031250 0.031250
0 0.770312 0.792188 0.034375 0.034375
0 0.175000 0.860938 0.031250 0.034375
0 0.481250 0.665625 0.031250 0.031250
0 0.045312 0.479687 0.034375 0.034375
0 0.414062 0.285938 0.034375 0.034375
0 0.470313 0.257812 0.034375 0.034375
0 0.645312 0.385937 0.034375 0.034375
0 0.426563 0.634375 0.034375 0.031250
0 0.503125 0.385937 0.031250 0.034375
0 0.776563 0.976562 0.034375 0.034375
0 0.384375 0.639062 0.037500 0.034375
0 0.571875 0.759375 0.031250 0.031250
0 0.410938 0.478125 0.034375 0.031250
0 0.373437 0.292187 0.034375 0.034375
0 0.534375 0.823438 0.031250 0.034375
0 0.554688 0.726562 0.034375 0.034375
0 0.517188 0.790625 0.034375 0.031250
0 0.332813 0.839063 0.034375 0.034375
0 0.520312 0.353125 0.034375 0.031250
0 0.239063 0.679688 0.034375 0.034375
0 0.154688 0.414062 0.034375 0.034375
0 0.264062 0.226562 0.034375 0.034375
0 0.754687 0.885938 0.034375 0.034375
0 0.590625 0.479687 0.031250 0.034375
0 0.189062 0.478125 0.034375 0.031250
0 0.242188 0.895312 0.034375 0.034375
0 0.534375 0.696875 0.031250 0.031250
0 0.678125 0.571875 0.031250 0.031250
0 0.845313 0.292187 0.034375 0.034375
0 0.335938 0.768750 0.034375 0.031250
0 0.482812 0.726562 0.034375 0.034375
0 0.482812 0.540625 0.034375 0.031250
0 0.518750 0.540625 0.031250 0.031250
0 0.632812 0.228125 0.034375 0.037500
0 0.501563 0.507812 0.034375 0.034375
0 0.420312 0.820312 0.034375 0.034375
0 0.931250 0.573438 0.031250 0.034375
0 0.407813 0.723437 0.034375 0.034375
0 0.643750 0.759375 0.031250 0.031250
0 0.292187 0.492188 0.034375 0.034375
0 0.276562 0.951562 0.034375 0.034375
0 0.465625 0.446875 0.031250 0.031250
0 0.826562 0.510938 0.034375 0.034375
0 0.971875 0.779687 0.031250 0.034375
0 0.226562 0.540625 0.034375 0.031250
0 0.739062 0.226562 0.034375 0.034375
0 0.332813 0.354687 0.034375 0.034375
0 0.846875 0.790625 0.031250 0.031250
0 0.737500 0.354687 0.031250 0.034375
0 0.823438 0.573438 0.034375 0.034375
0 0.143750 0.768750 0.031250 0.031250
0 0.310937 0.967187 0.034375 0.034375
0 0.317188 0.260937 0.034375 0.034375
0 0.967187 0.639062 0.034375 0.034375
0 0.201563 0.587500 0.034375 0.037500
0 0.139063 0.320312 0.034375 0.034375
0 0.735938 0.728125 0.034375 0.031250
0 0.807813 0.542188 0.034375 0.034375
0 0.190625 0.542188 0.031250 0.034375
0 0.389062 0.692187 0.034375 0.034375
0 0.626563 0.479687 0.034375 0.034375
0 0.592187 0.664062 0.034375 0.034375
0 0.176563 0.257812 0.034375 0.034375
0 0.498437 0.632812 0.034375 0.034375
0 0.120313 0.223438 0.034375 0.034375
0 0.276562 0.446875 0.034375 0.031250
0 0.173437 0.509375 0.034375 0.031250
0 0.279687 0.257812 0.034375 0.034375
0 0.965625 0.573438 0.031250 0.034375
0 0.020313 0.923438 0.034375 0.034375
0 0.243750 0.509375 0.031250 0.031250
0 0.367188 0.782813 0.034375 0.034375
0 0.971875 0.260937 0.037500 0.034375
0 0.296875 0.353125 0.031250 0.031250
0 0.520312 0.664062 0.034375 0.034375
0 0.451562 0.351562 0.034375 0.034375
0 0.321875 0.575000 0.031250 0.031250
0 0.210938 0.951562 0.034375 0.034375
0 0.307812 0.707812 0.034375 0.034375
0 0.446875 0.603125 0.031250 0.031250
0 0.953125 0.417187 0.031250 0.034375
0 0.023438 0.735938 0.034375 0.034375
0 0.534375 0.760938 0.031250 0.034375
0 0.393750 0.510938 0.031250 0.034375
0 0.426563 0.695312 0.034375 0.034375
0 0.276562 0.695312 0.034375 0.034375
0 0.023438 0.770312 0.034375 0.034375
0 0.464062 0.696875 0.034375 0.031250
0 0.612500 0.260937 0.031250 0.034375
0 0.260937 0.353125 0.034375 0.031250
0 0.970313 0.385937 0.034375 0.034375
0 0.404687 0.914062 0.034375 0.034375
0 0.357812 0.514062 0.034375 0.034375
0 0.862500 0.323437 0.031250 0.034375
0 0.426563 0.757812 0.034375 0.034375
0 0.139063 0.587500 0.034375 0.037500
0 0.401562 0.789062 0.034375 0.034375
0 0.375000 0.604688 0.031250 0.034375
0 0.193750 0.225000 0.037500 0.037500
0 0.081250 0.956250 0.031250 0.031250
0 0.450000 0.289062 0.031250 0.034375
0 0.626563 0.664062 0.034375 0.034375
0 0.734375 0.603125 0.031250 0.031250
0 0.664062 0.479687 0.034375 0.034375
0 0.120313 0.539062 0.034375 0.034375
0 0.643750 0.510938 0.031250 0.034375
0 0.629687 0.354687 0.034375 0.034375
0 0.551562 0.854688 0.034375 0.034375
0 0.518750 0.603125 0.031250 0.031250
0 0.465625 0.634375 0.031250 0.031250
0 0.339062 0.946875 0.034375 0.031250
0 0.375000 0.542188 0.031250 0.034375
0 0.373437 0.228125 0.034375 0.037500
0 0.306250 0.607812 0.031250 0.034375
0 0.335938 0.876563 0.034375 0.034375
0 0.501563 0.570312 0.034375 0.034375
0 0.768750 0.482812 0.031250 0.034375
0 0.018750 0.957812 0.031250 0.034375
0 0.754687 0.323437 0.034375 0.034375
0 0.954688 0.295312 0.034375 0.034375
0 0.370312 0.926562 0.034375 0.034375
0 0.300000 0.292187 0.031250 0.034375
0 0.432812 0.382812 0.034375 0.034375
0 0.028125 0.384375 0.031250 0.031250
0 0.050000 0.226562 0.037500 0.034375
0 0.609375 0.571875 0.031250 0.031250
0 0.895312 0.573438 0.034375 0.034375
0 0.393750 0.573438 0.031250 0.034375
0 0.378125 0.409375 0.031250 0.031250
0 0.260937 0.478125 0.034375 0.031250
0 0.389062 0.260937 0.034375 0.034375
0 0.643750 0.693750 0.031250 0.031250
0 0.626563 0.542188 0.034375 0.034375
0 0.518750 0.478125 0.031250 0.031250
0 0.362500 0.854688 0.031250 0.034375
0 0.176563 0.971875 0.034375 0.031250
0 0.843750 0.478125 0.031250 0.031250
0 0.879687 0.478125 0.034375 0.031250
0 0.898438 0.326562 0.034375 0.034375
0 0.107813 0.570312 0.034375 0.034375
0 0.753125 0.389062 0.031250 0.034375
0 0.693750 0.603125 0.031250 0.031250
0 0.031250 0.321875 0.031250 0.031250
0 0.523438 0.228125 0.034375 0.037500
0 0.440625 0.915625 0.037500 0.037500
0 0.789062 0.514062 0.034375 0.034375
0 0.353125 0.323437 0.031250 0.034375
0 0.450000 0.221875 0.037500 0.037500
0 0.662500 0.665625 0.031250 0.031250
0 0.881250 0.354687 0.031250 0.034375
0 0.207813 0.623437 0.034375 0.034375
0 0.398438 0.314063 0.034375 0.034375
0 0.148438 0.954688 0.034375 0.034375
0 0.345313 0.696875 0.034375 0.031250
0 0.626563 0.601562 0.034375 0.034375
0 0.970313 0.325000 0.034375 0.031250
0 0.971875 0.446875 0.031250 0.031250
0 0.790625 0.698438 0.031250 0.034375
0 0.342187 0.642188 0.034375 0.034375
0 0.048438 0.571875 0.034375 0.031250
0 0.276562 0.523438 0.034375 0.034375
0 0.409375 0.664062 0.031250 0.034375
0 0.612500 0.323437 0.031250 0.034375
0 0.409375 0.540625 0.031250 0.031250
0 0.364063 0.667188 0.034375 0.034375
0 0.514062 0.853125 0.034375 0.031250
0 0.031250 0.259375 0.031250 0.031250
0 0.379688 0.343750 0.034375 0.031250
0 0.304688 0.642188 0.034375 0.034375
0 0.773438 0.667188 0.034375 0.034375
0 0.409375 0.604688 0.031250 0.034375
0 0.560937 0.226562 0.034375 0.034375
0 0.370312 0.723437 0.034375 0.034375
0 0.467187 0.320312 0.034375 0.034375
0 0.753125 0.450000 0.031250 0.031250
0 0.339062 0.545312 0.034375 0.034375
0 0.592187 0.726562 0.034375 0.034375
0 0.340625 0.607812 0.031250 0.034375
0 0.378125 0.962500 0.037500 0.037500
0 0.660937 0.598437 0.034375 0.034375
0 0.845313 0.417187 0.034375 0.034375
0 0.607812 0.696875 0.034375 0.031250
0 0.245312 0.970313 0.034375 0.034375
0 0.789062 0.385937 0.034375 0.034375
0 0.154688 0.223438 0.034375 0.034375
0 0.140625 0.187500 0.037500 0.037500
0 0.343750 0.401562 0.031250 0.034375
0 0.018750 0.851562 0.037500 0.034375
0 0.325000 0.431250 0.031250 0.031250
0 0.962500 0.673438 0.037500 0.034375
0 0.754687 0.698438 0.034375 0.034375
0 0.810937 0.667188 0.034375 0.034375
0 0.293750 0.554688 0.031250 0.034375
0 0.409375 0.228125 0.037500 0.037500
0 0.468750 0.187500 0.037500 0.037500
0 0.435937 0.254688 0.034375 0.034375
0 0.356250 0.573438 0.031250 0.034375
0 0.065625 0.509375 0.031250 0.031250
0 0.343750 0.464062 0.031250 0.034375
0 0.021875 0.626563 0.031250 0.034375
0 0.170313 0.571875 0.034375 0.031250
0 0.046875 0.535937 0.031250 0.034375
0 0.359375 0.434375 0.031250 0.031250
0 0.679688 0.634375 0.034375 0.031250
0 0.026562 0.448437 0.034375 0.034375
0 0.026562 0.509375 0.034375 0.031250
0 0.807813 0.482812 0.034375 0.034375
0 0.595313 0.226562 0.034375 0.034375
0 0.862500 0.448437 0.031250 0.034375
0 0.234375 0.575000 0.031250 0.031250
0 0.309375 0.460938 0.031250 0.034375
0 0.317188 0.196875 0.034375 0.037500
0 0.310937 0.523438 0.034375 0.034375
0 0.328125 0.493750 0.031250 0.031250
0 0.109375 0.976562 0.031250 0.034375
0 0.721875 0.189062 0.037500 0.040625
0 0.068750 0.189062 0.037500 0.040625
0 0.843750 0.545312 0.031250 0.034375
0 0.510938 0.976562 0.034375 0.034375
0 0.687500 0.190625 0.037500 0.037500
0 0.245312 0.189062 0.034375 0.034375
0 0.506250 0.190625 0.037500 0.037500
0 0.281250 0.189062 0.037500 0.034375
0 0.104688 0.189062 0.034375 0.034375
0 0.206250 0.187500 0.037500 0.037500
0 0.351562 0.192188 0.034375 0.034375
0 0.651563 0.190625 0.034375 0.037500
0 0.020313 0.589063 0.034375 0.034375
0 0.470313 0.978125 0.034375 0.031250
0 0.753125 0.635938 0.031250 0.034375
0 0.546875 0.976562 0.031250 0.034375
0 0.867188 0.192188 0.034375 0.034375
0 0.831250 0.190625 0.037500 0.037500
0 0.584375 0.978125 0.031250 0.031250
0 0.428125 0.189062 0.037500 0.040625
0 0.948438 0.542188 0.034375 0.034375
0 0.542188 0.189062 0.034375 0.034375
0 0.915625 0.479687 0.031250 0.034375
0 0.717187 0.696875 0.034375 0.037500
0 0.390625 0.189062 0.037500 0.040625
0 0.031250 0.190625 0.037500 0.037500
0 0.756250 0.189062 0.037500 0.034375
0 0.976562 0.942187 0.034375 0.034375
0 0.976562 0.193750 0.034375 0.037500
0 0.793750 0.190625 0.037500 0.037500
0 0.662500 0.978125 0.031250 0.031250
0 0.978125 0.704688 0.031250 0.034375
0 0.939063 0.193750 0.040625 0.037500
0 0.621875 0.978125 0.031250 0.031250
0 0.901563 0.190625 0.034375 0.037500
0 0.578125 0.187500 0.037500 0.037500
0 0.346875 0.978125 0.031250 0.031250
0 0.976562 0.876563 0.034375 0.034375
0 0.615625 0.190625 0.037500 0.037500
