0 0.471875 0.745313 0.031250 0.034375
0 0.760938 0.920312 0.028125 0.028125
0 0.820312 0.890625 0.028125 0.031250
0 0.273438 0.804688 0.028125 0.028125
0 0.121875 0.890625 0.031250 0.031250
0 0.471875 0.921875 0.031250 0.031250
0 0.121875 0.831250 0.031250 0.031250
0 0.206250 0.918750 0.031250 0.031250
0 0.039062 0.859375 0.028125 0.031250
0 0.071875 0.917188 0.031250 0.028125
0 0.642188 0.937500 0.028125 0.031250
0 0.768750 0.809375 0.031250 0.031250
0 0.850000 0.876563 0.031250 0.028125
0 0.307812 0.862500 0.028125 0.031250
0 0.848437 0.909375 0.028125 0.031250
0 0.239063 0.804688 0.028125 0.028125
0 0.037500 0.917188 0.031250 0.028125
0 0.106250 0.803125 0.031250 0.031250
0 0.240625 0.918750 0.031250 0.031250
0 0.090625 0.890625 0.031250 0.031250
0 0.456250 0.890625 0.031250 0.031250
0 0.765625 0.887500 0.031250 0.031250
0 0.173437 0.684375 0.028125 0.031250
0 0.106250 0.687500 0.031250 0.031250
0 0.156250 0.890625 0.031250 0.031250
0 0.023438 0.773438 0.028125 0.028125
0 0.707812 0.879687 0.028125 0.028125
0 0.037500 0.975000 0.031250 0.031250
0 0.140625 0.687500 0.031250 0.031250
0 0.189062 0.948438 0.028125 0.028125
0 0.800000 0.803125 0.031250 0.031250
0 0.271875 0.921875 0.031250 0.031250
0 0.676562 0.892188 0.028125 0.028125
0 0.225000 0.715625 0.031250 0.031250
0 0.714063 0.846875 0.028125 0.031250
0 0.371875 0.921875 0.031250 0.031250
0 0.729688 0.932813 0.028125 0.028125
0 0.225000 0.831250 0.031250 0.031250
0 0.306250 0.804688 0.031250 0.028125
0 0.073438 0.743750 0.028125 0.031250
0 0.356250 0.834375 0.031250 0.031250
0 0.140625 0.803125 0.031250 0.031250
0 0.673438 0.925000 0.028125 0.031250
0 0.040625 0.803125 0.031250 0.031250
0 0.490625 0.834375 0.031250 0.031250
0 0.106250 0.628125 0.031250 0.031250
0 0.340625 0.862500 0.031250 0.031250
0 0.406250 0.921875 0.031250 0.031250
0 0.106250 0.745313 0.031250 0.028125
0 0.073438 0.628125 0.028125 0.031250
0 0.375000 0.862500 0.031250 0.031250
0 0.823438 0.856250 0.028125 0.031250
0 0.371875 0.803125 0.031250 0.031250
0 0.089063 0.831250 0.028125 0.031250
0 0.656250 0.768750 0.031250 0.031250
0 0.173437 0.803125 0.028125 0.031250
0 0.390625 0.950000 0.031250 0.031250
0 0.206250 0.804688 0.031250 0.028125
0 0.256250 0.948438 0.031250 0.028125
0 0.507812 0.803125 0.028125 0.031250
0 0.256250 0.834375 0.031250 0.031250
0 0.157812 0.831250 0.028125 0.031250
0 0.239063 0.745313 0.028125 0.028125
0 0.056250 0.773438 0.031250 0.028125
0 0.056250 0.831250 0.031250 0.031250
0 0.803125 0.737500 0.031250 0.031250
0 0.257812 0.775000 0.028125 0.031250
0 0.768750 0.682813 0.031250 0.028125
0 0.140625 0.918750 0.031250 0.031250
0 0.106250 0.917188 0.031250 0.028125
0 0.651563 0.871875 0.028125 0.031250
0 0.793750 0.870313 0.031250 0.028125
0 0.356250 0.485938 0.031250 0.028125
0 0.356250 0.718750 0.031250 0.031250
0 0.323437 0.834375 0.028125 0.031250
0 0.687500 0.828125 0.031250 0.031250
0 0.306250 0.921875 0.031250 0.031250
0 0.190625 0.831250 0.031250 0.031250
0 0.190625 0.890625 0.031250 0.031250
0 0.323437 0.659375 0.028125 0.031250
0 0.734375 0.901563 0.031250 0.028125
0 0.273438 0.745313 0.028125 0.028125
0 0.257812 0.715625 0.028125 0.031250
0 0.706250 0.800000 0.031250 0.031250
0 0.240625 0.860938 0.031250 0.028125
0 0.040625 0.628125 0.031250 0.031250
0 0.040625 0.743750 0.031250 0.031250
0 0.637500 0.742188 0.031250 0.028125
0 0.787500 0.775000 0.031250 0.031250
0 0.356250 0.775000 0.031250 0.031250
0 0.071875 0.975000 0.031250 0.031250
0 0.225000 0.890625 0.031250 0.031250
0 0.423438 0.776563 0.028125 0.028125
0 0.501563 0.934375 0.028125 0.031250
0 0.339062 0.804688 0.028125 0.028125
0 0.828125 0.823438 0.031250 0.034375
0 0.125000 0.715625 0.031250 0.031250
0 0.323437 0.892188 0.028125 0.028125
0 0.556250 0.773438 0.031250 0.028125
0 0.173437 0.745313 0.028125 0.028125
0 0.223438 0.601562 0.028125 0.028125
0 0.090625 0.600000 0.031250 0.031250
0 0.325000 0.428125 0.031250 0.031250
0 0.407813 0.862500 0.028125 0.031250
0 0.089063 0.771875 0.028125 0.031250
0 0.356250 0.892188 0.031250 0.028125
0 0.339062 0.921875 0.028125 0.031250
0 0.439063 0.687500 0.028125 0.031250
0 0.306250 0.745313 0.031250 0.028125
0 0.073438 0.803125 0.028125 0.031250
0 0.190625 0.715625 0.031250 0.031250
0 0.496875 0.896875 0.031250 0.031250
0 0.021875 0.887500 0.031250 0.031250
0 0.173437 0.918750 0.028125 0.031250
0 0.856250 0.843750 0.031250 0.031250
0 0.459375 0.834375 0.031250 0.031250
0 0.354687 0.600000 0.028125 0.031250
0 0.157812 0.485938 0.028125 0.028125
0 0.754687 0.954688 0.028125 0.028125
0 0.540625 0.801562 0.031250 0.028125
0 0.240625 0.687500 0.031250 0.031250
0 0.173437 0.628125 0.028125 0.031250
0 0.223438 0.775000 0.028125 0.031250
0 0.190625 0.601562 0.031250 0.028125
0 0.206250 0.745313 0.031250 0.028125
0 0.375000 0.459375 0.031250 0.031250
0 0.256250 0.890625 0.031250 0.031250
0 0.371875 0.631250 0.031250 0.031250
0 0.371875 0.573438 0.031250 0.028125
0 0.840625 0.740625 0.031250 0.031250
0 0.257812 0.601562 0.028125 0.028125
0 0.040625 0.687500 0.031250 0.031250
0 0.621875 0.828125 0.031250 0.031250
0 0.273438 0.629687 0.028125 0.028125
0 0.720313 0.771875 0.028125 0.031250
0 0.206250 0.860938 0.031250 0.028125
0 0.057813 0.601562 0.028125 0.028125
0 0.439063 0.921875 0.028125 0.031250
0 0.023438 0.829688 0.028125 0.028125
0 0.339062 0.745313 0.028125 0.028125
0 0.023438 0.426563 0.028125 0.028125
0 0.073438 0.687500 0.028125 0.031250
0 0.157812 0.715625 0.028125 0.031250
0 0.290625 0.775000 0.031250 0.031250
0 0.440625 0.456250 0.031250 0.031250
0 0.323437 0.715625 0.028125 0.031250
0 0.456250 0.776563 0.031250 0.028125
0 0.209375 0.459375 0.031250 0.031250
0 0.671875 0.684375 0.031250 0.031250
0 0.614062 0.954688 0.028125 0.028125
0 0.307812 0.573438 0.028125 0.028125
0 0.521875 0.600000 0.031250 0.031250
0 0.121875 0.771875 0.031250 0.031250
0 0.173437 0.860938 0.028125 0.028125
0 0.190625 0.775000 0.031250 0.031250
0 0.671875 0.740625 0.031250 0.031250
0 0.454688 0.601562 0.028125 0.028125
0 0.057813 0.428125 0.028125 0.031250
0 0.687500 0.600000 0.031250 0.031250
0 0.423438 0.892188 0.028125 0.028125
0 0.406250 0.803125 0.031250 0.031250
0 0.390625 0.775000 0.031250 0.031250
0 0.073438 0.860938 0.028125 0.028125
0 0.390625 0.718750 0.031250 0.031250
0 0.703125 0.912500 0.031250 0.031250
0 0.073438 0.571875 0.028125 0.031250
0 0.796875 0.837500 0.031250 0.031250
0 0.681250 0.859375 0.031250 0.031250
0 0.704688 0.740625 0.028125 0.031250
0 0.040625 0.398438 0.031250 0.028125
0 0.290625 0.832812 0.031250 0.028125
0 0.390625 0.659375 0.031250 0.031250
0 0.290625 0.426563 0.031250 0.028125
0 0.792188 0.706250 0.028125 0.031250
0 0.073438 0.515625 0.028125 0.031250
0 0.256250 0.659375 0.031250 0.031250
0 0.620313 0.598437 0.028125 0.028125
0 0.239063 0.571875 0.028125 0.031250
0 0.354687 0.950000 0.028125 0.031250
0 0.587500 0.600000 0.031250 0.031250
0 0.290625 0.659375 0.031250 0.031250
0 0.121875 0.657813 0.031250 0.028125
0 0.753125 0.712500 0.031250 0.031250
0 0.025000 0.598437 0.031250 0.028125
0 0.607812 0.742188 0.028125 0.028125
0 0.473438 0.804688 0.028125 0.028125
0 0.273438 0.687500 0.028125 0.031250
0 0.639062 0.798438 0.028125 0.028125
0 0.106250 0.512500 0.031250 0.031250
0 0.437500 0.745313 0.031250 0.028125
0 0.589063 0.826562 0.028125 0.028125
0 0.581250 0.967187 0.031250 0.028125
0 0.506250 0.628125 0.031250 0.031250
0 0.090625 0.542188 0.031250 0.028125
0 0.490625 0.714063 0.031250 0.028125
0 0.503125 0.571875 0.031250 0.031250
0 0.040625 0.456250 0.031250 0.031250
0 0.140625 0.745313 0.031250 0.028125
0 0.290625 0.892188 0.031250 0.028125
0 0.090625 0.428125 0.031250 0.031250
0 0.740625 0.829688 0.031250 0.034375
0 0.109375 0.456250 0.031250 0.031250
0 0.406250 0.631250 0.031250 0.031250
0 0.040625 0.512500 0.031250 0.031250
0 0.323437 0.775000 0.028125 0.031250
0 0.653125 0.656250 0.031250 0.031250
0 0.356250 0.543750 0.031250 0.031250
0 0.440625 0.860938 0.031250 0.028125
0 0.421875 0.832812 0.031250 0.028125
0 0.735938 0.684375 0.028125 0.031250
0 0.090625 0.657813 0.031250 0.028125
0 0.421875 0.601562 0.031250 0.028125
0 0.156250 0.657813 0.031250 0.028125
0 0.306250 0.629687 0.031250 0.028125
0 0.390625 0.892188 0.031250 0.028125
0 0.275000 0.862500 0.031250 0.031250
0 0.057813 0.542188 0.028125 0.028125
0 0.439063 0.512500 0.028125 0.031250
0 0.109375 0.398438 0.031250 0.028125
0 0.221875 0.948438 0.031250 0.028125
0 0.471875 0.631250 0.031250 0.031250
0 0.818750 0.767188 0.031250 0.028125
0 0.206250 0.687500 0.031250 0.031250
0 0.173437 0.456250 0.028125 0.031250
0 0.089063 0.714063 0.028125 0.028125
0 0.109375 0.571875 0.031250 0.031250
0 0.653125 0.598437 0.031250 0.028125
0 0.792188 0.659375 0.034375 0.031250
0 0.206250 0.629687 0.031250 0.028125
0 0.240625 0.631250 0.031250 0.031250
0 0.190625 0.428125 0.031250 0.031250
0 0.339062 0.629687 0.028125 0.028125
0 0.720313 0.656250 0.028125 0.031250
0 0.671875 0.798438 0.031250 0.028125
0 0.646875 0.903125 0.031250 0.031250
0 0.106250 0.975000 0.031250 0.031250
0 0.456250 0.715625 0.031250 0.031250
0 0.340625 0.456250 0.031250 0.031250
0 0.056250 0.887500 0.031250 0.031250
0 0.290625 0.485938 0.031250 0.028125
0 0.751563 0.656250 0.028125 0.031250
0 0.156250 0.773438 0.031250 0.028125
0 0.820312 0.923438 0.028125 0.028125
0 0.125000 0.542188 0.031250 0.028125
0 0.685937 0.654687 0.028125 0.028125
0 0.225000 0.428125 0.031250 0.031250
0 0.225000 0.487500 0.031250 0.031250
0 0.656250 0.834375 0.031250 0.031250
0 0.562500 0.912500 0.031250 0.031250
0 0.771875 0.571875 0.031250 0.031250
0 0.021875 0.946875 0.031250 0.031250
0 0.057813 0.485938 0.028125 0.028125
0 0.881250 0.893750 0.031250 0.031250
0 0.490625 0.484375 0.031250 0.031250
0 0.073438 0.456250 0.028125 0.031250
0 0.720313 0.600000 0.028125 0.031250
0 0.637500 0.684375 0.031250 0.031250
0 0.089063 0.946875 0.028125 0.031250
0 0.525000 0.831250 0.031250 0.031250
0 0.737500 0.740625 0.031250 0.031250
0 0.390625 0.543750 0.031250 0.031250
0 0.490625 0.775000 0.031250 0.031250
0 0.564063 0.881250 0.028125 0.031250
0 0.701562 0.628125 0.028125 0.031250
0 0.290625 0.601562 0.031250 0.028125
0 0.356250 0.659375 0.031250 0.031250
0 0.523438 0.773438 0.028125 0.028125
0 0.090625 0.485938 0.031250 0.028125
0 0.259375 0.428125 0.031250 0.031250
0 0.454688 0.542188 0.028125 0.028125
0 0.225000 0.543750 0.031250 0.031250
0 0.106250 0.860938 0.031250 0.028125
0 0.556250 0.714063 0.031250 0.028125
0 0.506250 0.687500 0.031250 0.031250
0 0.242188 0.515625 0.028125 0.031250
0 0.371875 0.745313 0.031250 0.028125
0 0.156250 0.948438 0.031250 0.028125
0 0.506250 0.743750 0.031250 0.031250
0 0.125000 0.428125 0.031250 0.031250
0 0.437500 0.571875 0.031250 0.031250
0 0.057813 0.657813 0.028125 0.028125
0 0.767188 0.851562 0.034375 0.034375
0 0.371875 0.515625 0.031250 0.031250
0 0.423438 0.950000 0.028125 0.031250
0 0.670312 0.628125 0.028125 0.031250
0 0.323437 0.485938 0.028125 0.028125
0 0.471875 0.512500 0.031250 0.031250
0 0.140625 0.860938 0.031250 0.028125
0 0.206250 0.514062 0.031250 0.028125
0 0.275000 0.457813 0.031250 0.028125
0 0.125000 0.601562 0.031250 0.028125
0 0.689063 0.770312 0.028125 0.028125
0 0.571875 0.628125 0.031250 0.031250
0 0.340625 0.515625 0.031250 0.031250
0 0.423438 0.542188 0.028125 0.028125
0 0.553125 0.600000 0.031250 0.031250
0 0.571875 0.742188 0.031250 0.028125
0 0.771875 0.740625 0.031250 0.031250
0 0.359375 0.428125 0.031250 0.031250
0 0.023438 0.657813 0.028125 0.028125
0 0.023438 0.714063 0.028125 0.028125
0 0.667188 0.957812 0.028125 0.028125
0 0.723437 0.965625 0.028125 0.031250
0 0.157812 0.426563 0.028125 0.028125
0 0.615625 0.915625 0.031250 0.031250
0 0.487500 0.601562 0.031250 0.028125
0 0.056250 0.714063 0.031250 0.028125
0 0.704688 0.684375 0.028125 0.031250
0 0.475000 0.862500 0.031250 0.031250
0 0.423438 0.715625 0.028125 0.031250
0 0.406250 0.746875 0.031250 0.031250
0 0.454688 0.657813 0.028125 0.028125
0 0.275000 0.573438 0.031250 0.028125
0 0.506250 0.865625 0.031250 0.031250
0 0.073438 0.396875 0.028125 0.031250
0 0.589063 0.770312 0.028125 0.028125
0 0.440625 0.806250 0.031250 0.031250
0 0.531250 0.921875 0.031250 0.031250
0 0.387500 0.601562 0.031250 0.028125
0 0.471875 0.685937 0.031250 0.028125
0 0.573438 0.801562 0.028125 0.028125
0 0.470313 0.571875 0.028125 0.031250
0 0.428125 0.425000 0.031250 0.031250
0 0.042188 0.571875 0.028125 0.031250
0 0.307812 0.457813 0.028125 0.028125
0 0.792188 0.907813 0.028125 0.028125
0 0.390625 0.485938 0.031250 0.028125
0 0.623437 0.770312 0.028125 0.028125
0 0.123438 0.485938 0.028125 0.028125
0 0.753125 0.771875 0.031250 0.031250
0 0.571875 0.684375 0.031250 0.031250
0 0.339062 0.689063 0.028125 0.028125
0 0.604688 0.629687 0.028125 0.028125
0 0.056250 0.946875 0.031250 0.031250
0 0.190625 0.485938 0.031250 0.028125
0 0.485938 0.964063 0.034375 0.034375
0 0.456250 0.950000 0.031250 0.031250
0 0.720313 0.712500 0.028125 0.031250
0 0.023438 0.485938 0.028125 0.028125
0 0.621875 0.712500 0.031250 0.031250
0 0.753125 0.601562 0.031250 0.028125
0 0.393750 0.425000 0.031250 0.031250
0 0.607812 0.798438 0.028125 0.028125
0 0.257812 0.543750 0.028125 0.031250
0 0.523438 0.714063 0.028125 0.028125
0 0.142187 0.456250 0.028125 0.031250
0 0.475000 0.456250 0.031250 0.031250
0 0.306250 0.515625 0.031250 0.031250
0 0.487500 0.657813 0.031250 0.028125
0 0.240625 0.459375 0.031250 0.031250
0 0.656250 0.712500 0.031250 0.031250
0 0.321875 0.950000 0.031250 0.031250
0 0.157812 0.600000 0.028125 0.031250
0 0.406250 0.515625 0.031250 0.031250
0 0.771875 0.628125 0.031250 0.031250
0 0.528125 0.892188 0.031250 0.028125
0 0.539062 0.628125 0.028125 0.031250
0 0.556250 0.421875 0.031250 0.031250
0 0.407813 0.456250 0.028125 0.031250
0 0.539062 0.450000 0.028125 0.031250
0 0.406250 0.689063 0.031250 0.028125
0 0.207813 0.400000 0.028125 0.031250
0 0.589063 0.714063 0.028125 0.028125
0 0.520312 0.657813 0.028125 0.028125
0 0.289062 0.715625 0.028125 0.031250
0 0.568750 0.568750 0.031250 0.031250
0 0.257812 0.485938 0.028125 0.028125
0 0.439063 0.629687 0.028125 0.028125
0 0.323437 0.543750 0.028125 0.031250
0 0.521875 0.478125 0.031250 0.031250
0 0.021875 0.543750 0.031250 0.031250
0 0.537500 0.571875 0.031250 0.031250
0 0.237500 0.978125 0.031250 0.031250
0 0.404687 0.573438 0.028125 0.028125
0 0.606250 0.684375 0.031250 0.031250
0 0.507812 0.446875 0.034375 0.031250
0 0.687500 0.712500 0.031250 0.031250
0 0.506250 0.515625 0.031250 0.031250
0 0.306250 0.689063 0.031250 0.028125
0 0.139063 0.512500 0.028125 0.031250
0 0.557813 0.829688 0.028125 0.028125
0 0.696875 0.946875 0.031250 0.031250
0 0.290625 0.543750 0.031250 0.031250
0 0.487500 0.542188 0.031250 0.028125
0 0.537500 0.509375 0.031250 0.031250
0 0.589063 0.935937 0.028125 0.028125
0 0.170313 0.976562 0.028125 0.028125
0 0.276562 0.398438 0.028125 0.028125
0 0.537500 0.684375 0.031250 0.031250
0 0.225000 0.657813 0.031250 0.028125
0 0.142187 0.398438 0.028125 0.028125
0 0.882812 0.925000 0.034375 0.031250
0 0.175000 0.398438 0.031250 0.028125
0 0.825000 0.710938 0.031250 0.028125
0 0.554688 0.946875 0.028125 0.031250
0 0.639062 0.626563 0.028125 0.028125
0 0.595313 0.893750 0.028125 0.031250
0 0.243750 0.398438 0.031250 0.028125
0 0.273438 0.515625 0.028125 0.031250
0 0.739062 0.867188 0.028125 0.028125
0 0.057813 0.368750 0.034375 0.031250
0 0.206250 0.571875 0.031250 0.031250
0 0.021875 0.368750 0.031250 0.031250
0 0.539062 0.742188 0.028125 0.028125
0 0.589063 0.860938 0.028125 0.028125
0 0.121875 0.946875 0.031250 0.031250
0 0.371875 0.689063 0.031250 0.028125
0 0.589063 0.654687 0.028125 0.028125
0 0.460938 0.425000 0.034375 0.031250
0 0.423438 0.657813 0.028125 0.028125
0 0.289062 0.950000 0.028125 0.031250
0 0.339062 0.571875 0.028125 0.031250
0 0.456250 0.484375 0.031250 0.031250
0 0.621875 0.859375 0.031250 0.031250
0 0.423438 0.485938 0.028125 0.028125
0 0.867188 0.810937 0.034375 0.034375
0 0.571875 0.450000 0.031250 0.031250
0 0.692187 0.978125 0.028125 0.031250
0 0.620313 0.654687 0.028125 0.028125
0 0.525000 0.956250 0.031250 0.031250
0 0.735938 0.628125 0.028125 0.031250
0 0.703125 0.568750 0.031250 0.031250
0 0.737500 0.798438 0.031250 0.028125
0 0.540625 0.860938 0.031250 0.028125
0 0.860938 0.714063 0.034375 0.034375
0 0.554688 0.656250 0.028125 0.031250
0 0.737500 0.571875 0.031250 0.031250
0 0.270313 0.978125 0.028125 0.031250
0 0.189062 0.657813 0.028125 0.028125
0 0.603125 0.568750 0.031250 0.031250
0 0.390625 0.834375 0.031250 0.031250
0 0.837500 0.793750 0.031250 0.031250
0 0.310937 0.395313 0.028125 0.028125
0 0.635938 0.570312 0.028125 0.028125
0 0.556250 0.478125 0.031250 0.031250
0 0.125000 0.371875 0.031250 0.031250
0 0.259375 0.368750 0.031250 0.031250
0 0.521875 0.417187 0.031250 0.034375
0 0.790625 0.600000 0.031250 0.031250
0 0.204687 0.976562 0.028125 0.028125
0 0.604688 0.451562 0.028125 0.028125
0 0.090625 0.371875 0.031250 0.031250
0 0.856250 0.770312 0.031250 0.028125
0 0.846875 0.943750 0.031250 0.031250
0 0.876563 0.743750 0.034375 0.031250
0 0.225000 0.368750 0.031250 0.031250
0 0.551562 0.978125 0.028125 0.031250
0 0.887500 0.859375 0.031250 0.031250
0 0.885938 0.782813 0.034375 0.034375
0 0.139063 0.571875 0.028125 0.031250
0 0.293750 0.368750 0.031250 0.031250
0 0.721875 0.540625 0.031250 0.031250
0 0.668750 0.568750 0.031250 0.031250
0 0.407813 0.395313 0.028125 0.028125
0 0.342187 0.398438 0.028125 0.028125
0 0.339062 0.978125 0.028125 0.031250
0 0.173437 0.514062 0.028125 0.028125
0 0.550000 0.540625 0.031250 0.031250
0 0.304688 0.976562 0.028125 0.028125
0 0.190625 0.370312 0.031250 0.034375
0 0.139063 0.629687 0.028125 0.028125
0 0.910937 0.906250 0.034375 0.031250
0 0.756250 0.542188 0.031250 0.028125
0 0.568750 0.506250 0.031250 0.031250
0 0.443750 0.396875 0.031250 0.031250
0 0.134375 0.976562 0.031250 0.028125
0 0.320312 0.601562 0.028125 0.028125
0 0.156250 0.368750 0.031250 0.031250
0 0.639062 0.973437 0.028125 0.028125
0 0.590625 0.421875 0.031250 0.031250
0 0.489063 0.409375 0.034375 0.031250
0 0.917188 0.800000 0.034375 0.037500
0 0.893750 0.828125 0.031250 0.031250
0 0.325000 0.368750 0.031250 0.031250
0 0.375000 0.396875 0.031250 0.031250
0 0.370312 0.976562 0.028125 0.028125
0 0.587500 0.481250 0.031250 0.031250
0 0.442188 0.978125 0.028125 0.031250
0 0.829688 0.656250 0.034375 0.031250
0 0.932813 0.929688 0.034375 0.034375
0 0.851562 0.679688 0.034375 0.034375
0 0.404687 0.976562 0.028125 0.028125
0 0.687500 0.481250 0.031250 0.031250
0 0.898438 0.717187 0.034375 0.034375
0 0.682813 0.450000 0.015625 0.018750
0 0.814063 0.682813 0.028125 0.028125
0 0.625000 0.421875 0.031250 0.031250
0 0.789062 0.539062 0.028125 0.028125
0 0.539062 0.389062 0.034375 0.034375
0 0.654687 0.482812 0.028125 0.028125
