0 0.037500 0.454688 0.031250 0.028125
0 0.046875 0.090625 0.031250 0.031250
0 0.040625 0.421875 0.031250 0.031250
0 0.046875 0.390625 0.031250 0.031250
0 0.046875 0.156250 0.031250 0.031250
0 0.032813 0.485938 0.028125 0.028125
0 0.076563 0.107813 0.034375 0.034375
0 0.043750 0.290625 0.031250 0.031250
0 0.048438 0.354687 0.028125 0.028125
0 0.046875 0.225000 0.031250 0.031250
0 0.046875 0.190625 0.031250 0.031250
0 0.046875 0.059375 0.031250 0.031250
0 0.048438 0.323437 0.028125 0.028125
0 0.046875 0.125000 0.031250 0.031250
0 0.078125 0.373437 0.031250 0.034375
0 0.050000 0.256250 0.031250 0.031250
0 0.067187 0.471875 0.034375 0.031250
0 0.075000 0.407813 0.031250 0.034375
0 0.076563 0.142187 0.034375 0.034375
0 0.018750 0.307812 0.031250 0.028125
0 0.018750 0.140625 0.031250 0.031250
0 0.073438 0.439063 0.034375 0.034375
0 0.076563 0.175000 0.034375 0.031250
0 0.018750 0.371875 0.031250 0.031250
0 0.046875 0.025000 0.031250 0.031250
0 0.076563 0.076563 0.034375 0.034375
0 0.076563 0.339062 0.034375 0.034375
0 0.062500 0.503125 0.031250 0.031250
0 0.023438 0.339062 0.028125 0.028125
0 0.076563 0.304688 0.034375 0.034375
0 0.025000 0.518750 0.031250 0.031250
0 0.079687 0.207813 0.034375 0.034375
0 0.078125 0.239063 0.031250 0.034375
0 0.018750 0.073438 0.031250 0.034375
0 0.018750 0.175000 0.031250 0.031250
0 0.054688 0.534375 0.034375 0.031250
0 0.020313 0.040625 0.028125 0.031250
0 0.032813 0.596875 0.034375 0.031250
0 0.076563 0.042188 0.034375 0.034375
0 0.078125 0.271875 0.031250 0.031250
0 0.043750 0.565625 0.031250 0.031250
0 0.015625 0.275000 0.031250 0.031250
0 0.014063 0.404687 0.028125 0.028125
0 0.018750 0.243750 0.031250 0.031250
0 0.017188 0.623437 0.034375 0.034375
