0 0.870313 0.540625 0.028125 0.031250
0 0.789062 0.570312 0.028125 0.028125
0 0.873437 0.714063 0.028125 0.028125
0 0.667188 0.431250 0.028125 0.031250
0 0.818750 0.512500 0.031250 0.031250
0 0.717187 0.400000 0.028125 0.031250
0 0.921875 0.684375 0.031250 0.031250
0 0.853125 0.510938 0.031250 0.034375
0 0.850000 0.450000 0.031250 0.031250
0 0.839063 0.598437 0.028125 0.028125
0 0.707812 0.835938 0.028125 0.028125
0 0.375000 0.890625 0.031250 0.031250
0 0.904687 0.540625 0.028125 0.031250
0 0.903125 0.596875 0.031250 0.031250
0 0.800000 0.423438 0.031250 0.028125
0 0.815625 0.392188 0.031250 0.028125
0 0.784375 0.454688 0.031250 0.028125
0 0.854688 0.570312 0.028125 0.028125
0 0.737500 0.545312 0.031250 0.028125
0 0.754687 0.570312 0.028125 0.028125
0 0.837500 0.540625 0.031250 0.031250
0 0.804688 0.542188 0.028125 0.028125
0 0.789062 0.629687 0.028125 0.028125
0 0.887500 0.512500 0.031250 0.031250
0 0.742188 0.832812 0.028125 0.028125
0 0.918750 0.510938 0.031250 0.028125
0 0.639062 0.604688 0.028125 0.028125
0 0.920312 0.626563 0.028125 0.028125
0 0.934375 0.481250 0.031250 0.031250
0 0.303125 0.890625 0.031250 0.031250
0 0.954688 0.684375 0.028125 0.031250
0 0.634375 0.431250 0.031250 0.031250
0 0.754687 0.629687 0.028125 0.028125
0 0.920312 0.742188 0.028125 0.028125
0 0.460938 0.976562 0.028125 0.028125
0 0.445312 0.835938 0.028125 0.028125
0 0.757812 0.804688 0.028125 0.028125
0 0.854688 0.628125 0.028125 0.031250
0 0.600000 0.490625 0.031250 0.031250
0 0.465625 0.543750 0.031250 0.031250
0 0.707812 0.776563 0.028125 0.028125
0 0.806250 0.657813 0.031250 0.028125
0 0.837500 0.481250 0.031250 0.031250
0 0.787500 0.512500 0.031250 0.031250
0 0.409375 0.890625 0.031250 0.031250
0 0.457813 0.635938 0.028125 0.028125
0 0.542188 0.664062 0.028125 0.028125
0 0.823438 0.745313 0.028125 0.028125
0 0.534375 0.546875 0.031250 0.031250
0 0.335938 0.776563 0.028125 0.028125
0 0.687500 0.517188 0.031250 0.028125
0 0.850000 0.390625 0.031250 0.031250
0 0.790625 0.804688 0.031250 0.028125
0 0.937500 0.656250 0.031250 0.031250
0 0.656250 0.575000 0.031250 0.031250
0 0.734375 0.429688 0.031250 0.028125
0 0.868750 0.421875 0.031250 0.031250
0 0.671875 0.546875 0.031250 0.031250
0 0.692187 0.862500 0.028125 0.031250
0 0.753125 0.515625 0.031250 0.031250
0 0.559375 0.865625 0.031250 0.031250
0 0.818750 0.453125 0.031250 0.031250
0 0.323437 0.918750 0.028125 0.031250
0 0.887500 0.684375 0.031250 0.031250
0 0.781250 0.393750 0.031250 0.031250
0 0.856250 0.684375 0.031250 0.031250
0 0.692187 0.804688 0.028125 0.028125
0 0.750000 0.396875 0.031250 0.031250
0 0.820312 0.570312 0.028125 0.028125
0 0.773438 0.659375 0.028125 0.031250
0 0.857812 0.743750 0.028125 0.031250
0 0.526563 0.864062 0.028125 0.028125
0 0.425000 0.635938 0.031250 0.028125
0 0.623437 0.634375 0.028125 0.031250
0 0.948438 0.392188 0.028125 0.028125
0 0.739062 0.659375 0.028125 0.031250
0 0.742188 0.775000 0.028125 0.031250
0 0.476562 0.835938 0.028125 0.028125
0 0.576562 0.720313 0.028125 0.028125
0 0.773438 0.601562 0.028125 0.028125
0 0.582812 0.457813 0.028125 0.028125
0 0.889062 0.626563 0.028125 0.028125
0 0.617188 0.460938 0.028125 0.028125
0 0.823438 0.804688 0.028125 0.028125
0 0.442188 0.778125 0.028125 0.031250
0 0.770312 0.545312 0.028125 0.028125
0 0.790625 0.745313 0.031250 0.028125
0 0.703125 0.487500 0.031250 0.031250
0 0.967187 0.540625 0.028125 0.031250
0 0.392188 0.635938 0.028125 0.028125
0 0.950000 0.510938 0.031250 0.028125
0 0.739062 0.601562 0.028125 0.028125
0 0.807813 0.715625 0.028125 0.031250
0 0.757812 0.746875 0.028125 0.031250
0 0.881250 0.390625 0.031250 0.031250
0 0.592187 0.634375 0.028125 0.031250
0 0.775000 0.832812 0.031250 0.028125
0 0.723437 0.862500 0.028125 0.031250
0 0.626563 0.748437 0.028125 0.028125
0 0.659375 0.806250 0.025000 0.025000
0 0.559375 0.806250 0.031250 0.031250
0 0.659375 0.862500 0.025000 0.025000
0 0.904687 0.770312 0.028125 0.028125
0 0.725000 0.746875 0.031250 0.031250
0 0.720313 0.517188 0.028125 0.028125
0 0.871875 0.598437 0.031250 0.028125
0 0.839063 0.657813 0.028125 0.028125
0 0.973437 0.710938 0.028125 0.028125
0 0.668750 0.490625 0.031250 0.031250
0 0.476562 0.606250 0.028125 0.031250
0 0.771875 0.718750 0.031250 0.031250
0 0.634375 0.490625 0.031250 0.031250
0 0.903125 0.421875 0.031250 0.031250
0 0.939063 0.710938 0.028125 0.028125
0 0.615625 0.401562 0.031250 0.034375
0 0.915625 0.390625 0.031250 0.031250
0 0.543750 0.778125 0.031250 0.031250
0 0.500000 0.546875 0.031250 0.031250
0 0.476562 0.665625 0.028125 0.031250
0 0.889062 0.570312 0.028125 0.028125
0 0.659375 0.748437 0.031250 0.028125
0 0.871875 0.657813 0.031250 0.028125
0 0.339062 0.890625 0.028125 0.031250
0 0.718750 0.459375 0.031250 0.031250
0 0.725000 0.921875 0.031250 0.031250
0 0.904687 0.714063 0.028125 0.028125
0 0.442188 0.948438 0.028125 0.028125
0 0.409375 0.606250 0.031250 0.031250
0 0.526563 0.920312 0.028125 0.028125
0 0.821875 0.628125 0.031250 0.031250
0 0.350000 0.746875 0.031250 0.031250
0 0.707812 0.892188 0.028125 0.028125
0 0.510938 0.835938 0.028125 0.028125
0 0.684375 0.460938 0.031250 0.028125
0 0.707812 0.950000 0.028125 0.031250
0 0.765625 0.425000 0.031250 0.031250
0 0.735938 0.487500 0.028125 0.031250
0 0.839063 0.773438 0.028125 0.028125
0 0.721875 0.573438 0.025000 0.028125
0 0.356250 0.917188 0.031250 0.028125
0 0.701562 0.431250 0.028125 0.031250
0 0.839063 0.714063 0.028125 0.028125
0 0.651563 0.460938 0.028125 0.028125
0 0.356250 0.860938 0.031250 0.028125
0 0.545312 0.835938 0.028125 0.028125
0 0.510938 0.778125 0.028125 0.031250
0 0.807813 0.832812 0.028125 0.028125
0 0.609375 0.664062 0.031250 0.028125
0 0.526563 0.806250 0.028125 0.031250
0 0.731250 0.368750 0.031250 0.031250
0 0.823438 0.687500 0.028125 0.031250
0 0.903125 0.481250 0.031250 0.031250
0 0.545312 0.892188 0.028125 0.028125
0 0.937500 0.596875 0.031250 0.031250
0 0.675000 0.776563 0.025000 0.028125
0 0.320312 0.806250 0.028125 0.031250
0 0.804688 0.601562 0.028125 0.028125
0 0.965625 0.362500 0.031250 0.031250
0 0.917188 0.453125 0.028125 0.031250
0 0.601562 0.431250 0.028125 0.031250
0 0.373437 0.664062 0.028125 0.028125
0 0.407813 0.831250 0.028125 0.031250
0 0.359375 0.635938 0.031250 0.028125
0 0.303125 0.946875 0.031250 0.031250
0 0.568750 0.490625 0.031250 0.031250
0 0.543750 0.950000 0.031250 0.031250
0 0.873437 0.773438 0.028125 0.028125
0 0.576562 0.835938 0.028125 0.028125
0 0.592187 0.864062 0.028125 0.028125
0 0.460938 0.750000 0.028125 0.031250
0 0.757812 0.862500 0.028125 0.031250
0 0.426563 0.976562 0.028125 0.028125
0 0.789062 0.862500 0.028125 0.031250
0 0.643750 0.835938 0.025000 0.028125
0 0.931250 0.359375 0.031250 0.031250
0 0.834375 0.421875 0.031250 0.031250
0 0.460938 0.864062 0.028125 0.028125
0 0.751563 0.456250 0.028125 0.031250
0 0.354687 0.804688 0.028125 0.028125
0 0.585938 0.518750 0.028125 0.031250
0 0.673438 0.601562 0.028125 0.028125
0 0.457813 0.692187 0.028125 0.028125
0 0.676562 0.835938 0.028125 0.028125
0 0.573438 0.606250 0.028125 0.031250
0 0.839063 0.831250 0.028125 0.031250
0 0.742188 0.892188 0.028125 0.028125
0 0.740625 0.718750 0.031250 0.031250
0 0.823438 0.976562 0.028125 0.028125
0 0.657813 0.690625 0.028125 0.031250
0 0.393750 0.751563 0.031250 0.028125
0 0.920312 0.570312 0.028125 0.028125
0 0.442188 0.721875 0.028125 0.031250
0 0.442188 0.664062 0.028125 0.028125
0 0.392188 0.976562 0.028125 0.028125
0 0.576562 0.664062 0.028125 0.028125
0 0.756250 0.921875 0.031250 0.031250
0 0.706250 0.659375 0.031250 0.031250
0 0.606250 0.606250 0.031250 0.031250
0 0.676562 0.892188 0.028125 0.028125
0 0.768750 0.485938 0.031250 0.028125
0 0.723437 0.629687 0.028125 0.028125
0 0.425000 0.692187 0.031250 0.028125
0 0.889062 0.743750 0.028125 0.031250
0 0.642188 0.779687 0.028125 0.028125
0 0.559375 0.750000 0.031250 0.031250
0 0.690625 0.746875 0.031250 0.031250
0 0.934375 0.423438 0.031250 0.028125
0 0.884375 0.450000 0.031250 0.031250
0 0.495312 0.804688 0.028125 0.028125
0 0.726562 0.804688 0.028125 0.028125
0 0.823438 0.860938 0.028125 0.028125
0 0.443750 0.606250 0.031250 0.031250
0 0.806250 0.775000 0.031250 0.031250
0 0.618750 0.518750 0.031250 0.031250
0 0.371875 0.834375 0.031250 0.031250
0 0.707812 0.718750 0.028125 0.031250
0 0.803125 0.484375 0.031250 0.031250
0 0.740625 0.948438 0.031250 0.028125
0 0.682813 0.401562 0.028125 0.028125
0 0.650000 0.396875 0.031250 0.031250
0 0.442188 0.892188 0.028125 0.028125
0 0.493750 0.692187 0.031250 0.028125
0 0.723437 0.689063 0.028125 0.028125
0 0.459375 0.921875 0.031250 0.031250
0 0.510938 0.723437 0.028125 0.028125
0 0.690625 0.632812 0.025000 0.028125
0 0.704688 0.543750 0.028125 0.031250
0 0.370312 0.775000 0.028125 0.031250
0 0.689063 0.576562 0.028125 0.028125
0 0.953125 0.570312 0.031250 0.028125
0 0.542188 0.607812 0.028125 0.028125
0 0.321875 0.860938 0.031250 0.028125
0 0.675000 0.953125 0.031250 0.031250
0 0.607812 0.778125 0.028125 0.031250
0 0.675000 0.717187 0.031250 0.028125
0 0.935937 0.540625 0.028125 0.031250
0 0.392188 0.860938 0.028125 0.028125
0 0.575000 0.892188 0.031250 0.028125
0 0.409375 0.721875 0.031250 0.031250
0 0.568750 0.546875 0.031250 0.031250
0 0.621875 0.578125 0.031250 0.031250
0 0.565625 0.431250 0.031250 0.031250
0 0.356250 0.976562 0.031250 0.028125
0 0.757812 0.689063 0.028125 0.028125
0 0.676562 0.660937 0.028125 0.028125
0 0.478125 0.779687 0.031250 0.028125
0 0.593750 0.750000 0.031250 0.031250
0 0.409375 0.946875 0.031250 0.031250
0 0.575000 0.950000 0.031250 0.031250
0 0.509375 0.606250 0.031250 0.031250
0 0.607812 0.720313 0.028125 0.028125
0 0.534375 0.487500 0.031250 0.031250
0 0.651563 0.517188 0.028125 0.028125
0 0.642188 0.720313 0.028125 0.028125
0 0.626563 0.806250 0.028125 0.025000
0 0.690625 0.921875 0.031250 0.031250
0 0.971875 0.654687 0.031250 0.028125
0 0.375000 0.606250 0.031250 0.031250
0 0.526563 0.635938 0.028125 0.028125
0 0.412500 0.781250 0.031250 0.031250
0 0.951562 0.626563 0.028125 0.028125
0 0.610938 0.835938 0.028125 0.028125
0 0.339062 0.835938 0.028125 0.028125
0 0.590625 0.690625 0.031250 0.031250
0 0.623437 0.690625 0.028125 0.031250
0 0.323437 0.975000 0.028125 0.031250
0 0.387500 0.803125 0.031250 0.031250
0 0.954688 0.742188 0.028125 0.028125
0 0.771875 0.950000 0.031250 0.031250
0 0.392188 0.695312 0.028125 0.028125
0 0.425000 0.860938 0.031250 0.028125
0 0.706250 0.603125 0.025000 0.025000
0 0.476562 0.892188 0.028125 0.028125
0 0.340625 0.946875 0.031250 0.031250
0 0.392188 0.920312 0.028125 0.028125
0 0.510938 0.892188 0.028125 0.028125
0 0.476562 0.723437 0.028125 0.028125
0 0.426563 0.750000 0.028125 0.031250
0 0.968750 0.481250 0.031250 0.031250
0 0.603125 0.548438 0.031250 0.028125
0 0.557813 0.578125 0.028125 0.031250
0 0.425000 0.918750 0.031250 0.031250
0 0.790625 0.687500 0.031250 0.031250
0 0.970313 0.596875 0.028125 0.031250
0 0.690625 0.690625 0.031250 0.031250
0 0.560937 0.921875 0.028125 0.031250
0 0.950000 0.453125 0.031250 0.031250
0 0.790625 0.921875 0.031250 0.031250
0 0.492188 0.635938 0.028125 0.028125
0 0.551562 0.517188 0.028125 0.028125
0 0.356250 0.695312 0.031250 0.028125
0 0.857812 0.860938 0.028125 0.028125
0 0.923438 0.800000 0.028125 0.031250
0 0.485938 0.515625 0.028125 0.031250
0 0.896875 0.359375 0.031250 0.031250
0 0.376563 0.946875 0.028125 0.031250
0 0.865625 0.359375 0.031250 0.031250
0 0.626563 0.862500 0.028125 0.025000
0 0.773438 0.773438 0.028125 0.028125
0 0.592187 0.806250 0.028125 0.031250
0 0.723437 0.978125 0.028125 0.025000
0 0.459375 0.578125 0.031250 0.031250
0 0.637500 0.548438 0.031250 0.028125
0 0.509375 0.664062 0.025000 0.028125
0 0.557813 0.632812 0.028125 0.028125
0 0.518750 0.517188 0.031250 0.028125
0 0.428125 0.806250 0.031250 0.031250
0 0.287500 0.860938 0.031250 0.028125
0 0.375000 0.725000 0.031250 0.031250
0 0.906250 0.657813 0.031250 0.028125
0 0.659375 0.923438 0.025000 0.028125
0 0.771875 0.892188 0.031250 0.028125
0 0.607812 0.953125 0.028125 0.031250
0 0.559375 0.978125 0.025000 0.025000
0 0.765625 0.365625 0.031250 0.031250
0 0.526563 0.748437 0.028125 0.028125
0 0.478125 0.946875 0.031250 0.031250
0 0.642188 0.664062 0.028125 0.028125
0 0.589063 0.578125 0.028125 0.031250
0 0.393750 0.578125 0.031250 0.031250
0 0.696875 0.371875 0.031250 0.031250
0 0.453125 0.512500 0.031250 0.031250
0 0.643750 0.951562 0.031250 0.028125
0 0.462500 0.806250 0.031250 0.031250
0 0.789062 0.976562 0.028125 0.028125
0 0.657813 0.634375 0.028125 0.025000
0 0.334375 0.718750 0.031250 0.031250
0 0.315625 0.746875 0.031250 0.031250
0 0.757812 0.976562 0.028125 0.028125
0 0.831250 0.362500 0.031250 0.031250
0 0.492188 0.748437 0.028125 0.028125
0 0.410938 0.664062 0.028125 0.028125
0 0.340625 0.665625 0.031250 0.031250
0 0.904687 0.829688 0.028125 0.028125
0 0.807813 0.890625 0.028125 0.031250
0 0.428125 0.571875 0.031250 0.031250
0 0.495312 0.864062 0.028125 0.028125
0 0.823438 0.920312 0.028125 0.028125
0 0.939063 0.770312 0.028125 0.028125
0 0.493750 0.978125 0.025000 0.025000
0 0.796875 0.362500 0.031250 0.031250
0 0.940625 0.829688 0.031250 0.028125
0 0.293750 0.828125 0.031250 0.031250
0 0.525000 0.578125 0.031250 0.031250
0 0.493750 0.578125 0.031250 0.031250
0 0.557813 0.692187 0.028125 0.028125
0 0.926562 0.975000 0.028125 0.031250
0 0.839063 0.946875 0.028125 0.031250
0 0.529687 0.692187 0.028125 0.028125
0 0.592187 0.923438 0.028125 0.028125
0 0.956250 0.859375 0.031250 0.031250
0 0.431250 0.539062 0.031250 0.028125
0 0.510938 0.948438 0.028125 0.028125
0 0.550000 0.460938 0.031250 0.028125
0 0.806250 0.948438 0.031250 0.028125
0 0.493750 0.484375 0.031250 0.031250
0 0.893750 0.973437 0.031250 0.028125
0 0.495312 0.920312 0.028125 0.028125
0 0.526563 0.978125 0.028125 0.025000
0 0.545312 0.720313 0.028125 0.028125
0 0.870313 0.478125 0.028125 0.031250
0 0.692187 0.978125 0.028125 0.025000
0 0.303125 0.778125 0.031250 0.031250
0 0.517188 0.460938 0.028125 0.028125
0 0.960938 0.976562 0.028125 0.028125
0 0.975000 0.948438 0.031250 0.028125
0 0.290625 0.976562 0.031250 0.028125
0 0.979688 0.392188 0.028125 0.028125
0 0.593750 0.978125 0.025000 0.025000
0 0.285938 0.918750 0.028125 0.031250
0 0.860938 0.973437 0.028125 0.028125
0 0.659375 0.978125 0.025000 0.025000
0 0.626563 0.978125 0.028125 0.025000
0 0.871875 0.946875 0.031250 0.031250
0 0.814063 0.110937 0.034375 0.034375
0 0.848437 0.110937 0.034375 0.034375
0 0.943750 0.946875 0.031250 0.031250
