0 0.437500 0.798438 0.037500 0.034375
0 0.926562 0.618750 0.028125 0.025000
0 0.762500 0.793750 0.031250 0.031250
0 0.909375 0.764062 0.031250 0.028125
0 0.768750 0.968750 0.031250 0.031250
0 0.878125 0.532813 0.031250 0.028125
0 0.585938 0.478125 0.028125 0.031250
0 0.484375 0.478125 0.031250 0.031250
0 0.609375 0.503125 0.031250 0.031250
0 0.753125 0.392188 0.031250 0.028125
0 0.795312 0.618750 0.028125 0.031250
0 0.567187 0.854688 0.028125 0.028125
0 0.773438 0.478125 0.028125 0.031250
0 0.935937 0.935937 0.028125 0.028125
0 0.925000 0.848437 0.025000 0.028125
0 0.926562 0.676562 0.028125 0.028125
0 0.973437 0.820312 0.028125 0.028125
0 0.039062 0.743750 0.028125 0.031250
0 0.535937 0.914062 0.028125 0.028125
0 0.500000 0.390625 0.031250 0.031250
0 0.035937 0.570312 0.028125 0.028125
0 0.231250 0.392188 0.031250 0.028125
0 0.682813 0.882812 0.028125 0.028125
0 0.828125 0.503125 0.031250 0.031250
0 0.910937 0.648438 0.028125 0.028125
0 0.271875 0.859375 0.031250 0.031250
0 0.812500 0.765625 0.031250 0.031250
0 0.700000 0.968750 0.031250 0.031250
0 0.732812 0.909375 0.028125 0.031250
0 0.207813 0.917188 0.028125 0.028125
0 0.265625 0.392188 0.031250 0.028125
0 0.503125 0.914062 0.025000 0.028125
0 0.923438 0.904687 0.028125 0.028125
0 0.826562 0.792188 0.028125 0.028125
0 0.335938 0.682813 0.028125 0.028125
0 0.484375 0.418750 0.031250 0.031250
0 0.910937 0.592187 0.028125 0.028125
0 0.270313 0.682813 0.028125 0.028125
0 0.843750 0.475000 0.031250 0.031250
0 0.367188 0.507812 0.028125 0.028125
0 0.845313 0.762500 0.028125 0.031250
0 0.942187 0.648438 0.028125 0.028125
0 0.892188 0.848437 0.028125 0.028125
0 0.642188 0.501563 0.028125 0.028125
0 0.192188 0.945312 0.028125 0.028125
0 0.893750 0.562500 0.031250 0.031250
0 0.101562 0.510938 0.028125 0.028125
0 0.304688 0.742188 0.028125 0.028125
0 0.535937 0.854688 0.028125 0.028125
0 0.826562 0.851562 0.028125 0.028125
0 0.240625 0.859375 0.031250 0.031250
0 0.567187 0.448437 0.028125 0.028125
0 0.842187 0.820312 0.028125 0.028125
0 0.878125 0.592187 0.031250 0.028125
0 0.239063 0.917188 0.028125 0.028125
0 0.500000 0.448437 0.031250 0.028125
0 0.675000 0.443750 0.031250 0.031250
0 0.762500 0.678125 0.031250 0.031250
0 0.810937 0.820312 0.028125 0.028125
0 0.746875 0.590625 0.031250 0.031250
0 0.625000 0.475000 0.031250 0.031250
0 0.728125 0.468750 0.031250 0.031250
0 0.385937 0.768750 0.028125 0.031250
0 0.257812 0.887500 0.028125 0.031250
0 0.746875 0.706250 0.031250 0.031250
0 0.812500 0.590625 0.031250 0.031250
0 0.895312 0.676562 0.028125 0.028125
0 0.600000 0.387500 0.031250 0.031250
0 0.842187 0.879687 0.028125 0.028125
0 0.748437 0.823438 0.028125 0.028125
0 0.893750 0.732812 0.031250 0.028125
0 0.960938 0.620313 0.028125 0.028125
0 0.845313 0.532813 0.028125 0.028125
0 0.893750 0.618750 0.025000 0.025000
0 0.223438 0.887500 0.028125 0.031250
0 0.789062 0.448437 0.028125 0.028125
0 0.551562 0.825000 0.028125 0.031250
0 0.959375 0.506250 0.031250 0.031250
0 0.893750 0.503125 0.031250 0.031250
0 0.910937 0.532813 0.028125 0.028125
0 0.617188 0.710938 0.028125 0.028125
0 0.206250 0.859375 0.031250 0.031250
0 0.926562 0.734375 0.028125 0.031250
0 0.667188 0.967187 0.028125 0.028125
0 0.320312 0.710938 0.028125 0.028125
0 0.318750 0.653125 0.031250 0.031250
0 0.764062 0.909375 0.028125 0.031250
0 0.960938 0.676562 0.028125 0.028125
0 0.714063 0.590625 0.028125 0.031250
0 0.084375 0.481250 0.031250 0.031250
0 0.779687 0.821875 0.028125 0.031250
0 0.550000 0.418750 0.031250 0.031250
0 0.657813 0.471875 0.028125 0.031250
0 0.250000 0.421875 0.031250 0.031250
0 0.070312 0.570312 0.028125 0.028125
0 0.925000 0.792188 0.025000 0.028125
0 0.518750 0.828125 0.031250 0.031250
0 0.270313 0.742188 0.028125 0.028125
0 0.926562 0.562500 0.028125 0.031250
0 0.732812 0.851562 0.028125 0.028125
0 0.942187 0.821875 0.028125 0.025000
0 0.348438 0.478125 0.028125 0.031250
0 0.418750 0.767188 0.031250 0.028125
0 0.957812 0.792188 0.028125 0.028125
0 0.748437 0.879687 0.028125 0.028125
0 0.810937 0.648438 0.028125 0.028125
0 0.206250 0.976562 0.031250 0.028125
0 0.714063 0.706250 0.028125 0.031250
0 0.434375 0.737500 0.031250 0.031250
0 0.764062 0.620313 0.028125 0.028125
0 0.857812 0.848437 0.028125 0.028125
0 0.809375 0.476562 0.031250 0.028125
0 0.803125 0.418750 0.031250 0.031250
0 0.465625 0.448437 0.031250 0.028125
0 0.698438 0.679688 0.028125 0.028125
0 0.285938 0.710938 0.028125 0.028125
0 0.942187 0.762500 0.028125 0.031250
0 0.257812 0.946875 0.028125 0.031250
0 0.085938 0.539062 0.028125 0.028125
0 0.432812 0.448437 0.028125 0.028125
0 0.387500 0.885938 0.031250 0.028125
0 0.223438 0.946875 0.028125 0.031250
0 0.190625 0.890625 0.031250 0.031250
0 0.910937 0.473438 0.028125 0.028125
0 0.940625 0.878125 0.025000 0.025000
0 0.135937 0.626563 0.028125 0.028125
0 0.876563 0.820312 0.028125 0.028125
0 0.829688 0.560937 0.028125 0.028125
0 0.051562 0.540625 0.028125 0.031250
0 0.960938 0.562500 0.028125 0.031250
0 0.504687 0.857812 0.028125 0.028125
0 0.465625 0.621875 0.031250 0.031250
0 0.860938 0.562500 0.028125 0.031250
0 0.517188 0.418750 0.028125 0.031250
0 0.793750 0.792188 0.031250 0.028125
0 0.810937 0.706250 0.028125 0.031250
0 0.796875 0.562500 0.031250 0.031250
0 0.139063 0.682813 0.028125 0.028125
0 0.487500 0.942187 0.025000 0.028125
0 0.339062 0.915625 0.028125 0.031250
0 0.253125 0.656250 0.031250 0.031250
0 0.778125 0.706250 0.031250 0.031250
0 0.712500 0.500000 0.031250 0.031250
0 0.584375 0.418750 0.031250 0.031250
0 0.168750 0.626563 0.031250 0.028125
0 0.860938 0.443750 0.028125 0.031250
0 0.146875 0.421875 0.031250 0.031250
0 0.845313 0.648438 0.028125 0.028125
0 0.762500 0.562500 0.031250 0.031250
0 0.067187 0.510938 0.028125 0.028125
0 0.957812 0.851562 0.028125 0.028125
0 0.615625 0.825000 0.031250 0.031250
0 0.810937 0.879687 0.028125 0.028125
0 0.795312 0.851562 0.028125 0.028125
0 0.920312 0.960938 0.028125 0.028125
0 0.709375 0.440625 0.031250 0.031250
0 0.796875 0.678125 0.031250 0.031250
0 0.365625 0.448437 0.031250 0.028125
0 0.693750 0.471875 0.031250 0.031250
0 0.810937 0.532813 0.028125 0.028125
0 0.845313 0.592187 0.028125 0.028125
0 0.945312 0.476562 0.028125 0.028125
0 0.437500 0.859375 0.031250 0.031250
0 0.746875 0.765625 0.031250 0.031250
0 0.176563 0.917188 0.028125 0.028125
0 0.682813 0.650000 0.028125 0.025000
0 0.617188 0.767188 0.028125 0.028125
0 0.157812 0.890625 0.028125 0.031250
0 0.382812 0.478125 0.028125 0.031250
0 0.034375 0.450000 0.031250 0.031250
0 0.185938 0.596875 0.028125 0.031250
0 0.675000 0.384375 0.031250 0.031250
0 0.731250 0.793750 0.031250 0.031250
0 0.756250 0.450000 0.031250 0.031250
0 0.298438 0.392188 0.028125 0.028125
0 0.315625 0.421875 0.031250 0.031250
0 0.253125 0.712500 0.025000 0.025000
0 0.350000 0.653125 0.031250 0.031250
0 0.698438 0.851562 0.028125 0.028125
0 0.134375 0.510938 0.031250 0.028125
0 0.970313 0.937500 0.028125 0.031250
0 0.600000 0.796875 0.031250 0.031250
0 0.115625 0.481250 0.031250 0.031250
0 0.698438 0.739062 0.028125 0.028125
0 0.198437 0.392188 0.028125 0.028125
0 0.050000 0.479687 0.031250 0.028125
0 0.214062 0.421875 0.028125 0.031250
0 0.551562 0.940625 0.028125 0.031250
0 0.567187 0.504687 0.028125 0.028125
0 0.354687 0.885938 0.028125 0.028125
0 0.945312 0.590625 0.028125 0.031250
0 0.779687 0.879687 0.028125 0.028125
0 0.520312 0.884375 0.028125 0.025000
0 0.787500 0.390625 0.031250 0.031250
0 0.485938 0.828125 0.028125 0.031250
0 0.840625 0.417187 0.031250 0.028125
0 0.667188 0.910937 0.028125 0.028125
0 0.664062 0.679688 0.028125 0.028125
0 0.878125 0.473438 0.031250 0.028125
0 0.632812 0.737500 0.028125 0.031250
0 0.332813 0.507812 0.028125 0.028125
0 0.734375 0.968750 0.031250 0.031250
0 0.926562 0.446875 0.028125 0.031250
0 0.450000 0.418750 0.031250 0.031250
0 0.729688 0.620313 0.028125 0.028125
0 0.117188 0.539062 0.028125 0.028125
0 0.451562 0.651563 0.028125 0.028125
0 0.171875 0.681250 0.031250 0.031250
0 0.470313 0.859375 0.028125 0.031250
0 0.675000 0.500000 0.031250 0.031250
0 0.517188 0.535937 0.028125 0.028125
0 0.415625 0.418750 0.031250 0.031250
0 0.317188 0.479687 0.028125 0.028125
0 0.665625 0.620313 0.031250 0.028125
0 0.682813 0.823438 0.028125 0.028125
0 0.795312 0.735938 0.028125 0.028125
0 0.535937 0.448437 0.028125 0.028125
0 0.860938 0.792188 0.028125 0.028125
0 0.825000 0.446875 0.031250 0.031250
0 0.584375 0.825000 0.031250 0.031250
0 0.829688 0.617188 0.028125 0.028125
0 0.582812 0.710938 0.028125 0.028125
0 0.632812 0.910937 0.028125 0.028125
0 0.770312 0.421875 0.028125 0.031250
0 0.306250 0.859375 0.031250 0.031250
0 0.414062 0.476562 0.028125 0.028125
0 0.717187 0.823438 0.028125 0.028125
0 0.845313 0.707812 0.028125 0.028125
0 0.698438 0.796875 0.028125 0.031250
0 0.826562 0.735938 0.028125 0.028125
0 0.550000 0.476562 0.025000 0.028125
0 0.681250 0.707812 0.031250 0.028125
0 0.951562 0.964063 0.028125 0.028125
0 0.273438 0.798438 0.028125 0.028125
0 0.104688 0.684375 0.028125 0.031250
0 0.367188 0.682813 0.028125 0.028125
0 0.151562 0.596875 0.028125 0.031250
0 0.037500 0.509375 0.031250 0.031250
0 0.120313 0.656250 0.028125 0.031250
0 0.367188 0.742188 0.028125 0.028125
0 0.568750 0.796875 0.031250 0.031250
0 0.520312 0.942187 0.028125 0.028125
0 0.487500 0.885938 0.025000 0.028125
0 0.804688 0.970313 0.028125 0.028125
0 0.117188 0.598437 0.028125 0.028125
0 0.020313 0.714063 0.028125 0.028125
0 0.714063 0.764062 0.028125 0.028125
0 0.878125 0.650000 0.025000 0.025000
0 0.175000 0.976562 0.025000 0.028125
0 0.907813 0.876563 0.028125 0.028125
0 0.764062 0.851562 0.028125 0.028125
0 0.585938 0.940625 0.028125 0.031250
0 0.503125 0.795312 0.031250 0.028125
0 0.764062 0.735938 0.028125 0.028125
0 0.598437 0.737500 0.028125 0.031250
0 0.876563 0.764062 0.028125 0.028125
0 0.164062 0.392188 0.028125 0.028125
0 0.348438 0.535937 0.028125 0.028125
0 0.860938 0.503125 0.028125 0.031250
0 0.601562 0.446875 0.028125 0.031250
0 0.465625 0.507812 0.031250 0.028125
0 0.517188 0.478125 0.028125 0.025000
0 0.151562 0.540625 0.028125 0.031250
0 0.218750 0.656250 0.031250 0.031250
0 0.640625 0.443750 0.031250 0.031250
0 0.532813 0.390625 0.028125 0.031250
0 0.829688 0.676562 0.028125 0.028125
0 0.401562 0.739062 0.028125 0.028125
0 0.417187 0.651563 0.028125 0.028125
0 0.632812 0.853125 0.028125 0.031250
0 0.370312 0.915625 0.028125 0.031250
0 0.160938 0.945312 0.028125 0.028125
0 0.568750 0.390625 0.031250 0.031250
0 0.667188 0.851562 0.028125 0.028125
0 0.450000 0.478125 0.031250 0.031250
0 0.550000 0.592187 0.031250 0.028125
0 0.037500 0.684375 0.031250 0.031250
0 0.892188 0.792188 0.028125 0.028125
0 0.404687 0.915625 0.028125 0.031250
0 0.185938 0.540625 0.028125 0.031250
0 0.532813 0.623437 0.028125 0.028125
0 0.239063 0.976562 0.028125 0.028125
0 0.031250 0.390625 0.031250 0.031250
0 0.353125 0.770312 0.025000 0.028125
0 0.714063 0.882812 0.028125 0.028125
0 0.635938 0.387500 0.028125 0.031250
0 0.285938 0.539062 0.028125 0.028125
0 0.070312 0.626563 0.028125 0.028125
0 0.215625 0.362500 0.031250 0.031250
0 0.300000 0.450000 0.031250 0.031250
0 0.432812 0.679688 0.028125 0.028125
0 0.648438 0.882812 0.028125 0.028125
0 0.054688 0.598437 0.028125 0.028125
0 0.957812 0.907813 0.028125 0.028125
0 0.235937 0.626563 0.028125 0.028125
0 0.465625 0.390625 0.031250 0.031250
0 0.818750 0.390625 0.031250 0.031250
0 0.618750 0.418750 0.031250 0.031250
0 0.550000 0.534375 0.031250 0.031250
0 0.617188 0.593750 0.028125 0.031250
0 0.862500 0.618750 0.025000 0.025000
0 0.246875 0.362500 0.031250 0.031250
0 0.284375 0.653125 0.031250 0.031250
0 0.909375 0.820312 0.025000 0.028125
0 0.070312 0.742188 0.028125 0.028125
0 0.323437 0.945312 0.028125 0.028125
0 0.976562 0.648438 0.028125 0.028125
0 0.860938 0.732812 0.028125 0.028125
0 0.381250 0.421875 0.031250 0.031250
0 0.498437 0.507812 0.028125 0.028125
0 0.234375 0.450000 0.031250 0.031250
0 0.793750 0.506250 0.031250 0.031250
0 0.300000 0.567187 0.031250 0.028125
0 0.365625 0.392188 0.031250 0.028125
0 0.150000 0.481250 0.031250 0.031250
0 0.701562 0.909375 0.028125 0.031250
0 0.071875 0.684375 0.031250 0.031250
0 0.398438 0.507812 0.028125 0.028125
0 0.617188 0.882812 0.028125 0.028125
0 0.432812 0.507812 0.028125 0.028125
0 0.320312 0.885938 0.028125 0.028125
0 0.401562 0.679688 0.028125 0.028125
0 0.256250 0.829688 0.031250 0.028125
0 0.289062 0.770312 0.028125 0.028125
0 0.795312 0.907813 0.028125 0.028125
0 0.551562 0.882812 0.028125 0.028125
0 0.289062 0.829688 0.028125 0.028125
0 0.382812 0.595313 0.028125 0.028125
0 0.370312 0.859375 0.028125 0.031250
0 0.339062 0.859375 0.028125 0.031250
0 0.182812 0.481250 0.028125 0.031250
0 0.331250 0.390625 0.031250 0.031250
0 0.064062 0.390625 0.028125 0.031250
0 0.167187 0.509375 0.028125 0.031250
0 0.221875 0.770312 0.031250 0.028125
0 0.942187 0.706250 0.028125 0.031250
0 0.267188 0.450000 0.028125 0.031250
0 0.734375 0.421875 0.031250 0.031250
0 0.403125 0.859375 0.031250 0.031250
0 0.657813 0.414062 0.028125 0.028125
0 0.131250 0.392188 0.031250 0.028125
0 0.650000 0.650000 0.031250 0.031250
0 0.217188 0.596875 0.028125 0.031250
0 0.732812 0.735938 0.028125 0.028125
0 0.350000 0.421875 0.031250 0.031250
0 0.698438 0.620313 0.028125 0.028125
0 0.273438 0.915625 0.028125 0.031250
0 0.779687 0.648438 0.028125 0.028125
0 0.353125 0.710938 0.025000 0.028125
0 0.748437 0.648438 0.028125 0.028125
0 0.634375 0.796875 0.031250 0.031250
0 0.718750 0.393750 0.031250 0.031250
0 0.334375 0.625000 0.031250 0.031250
0 0.890625 0.906250 0.031250 0.031250
0 0.601562 0.853125 0.028125 0.031250
0 0.382812 0.535937 0.028125 0.028125
0 0.650000 0.823438 0.031250 0.028125
0 0.535937 0.737500 0.028125 0.031250
0 0.781250 0.765625 0.031250 0.031250
0 0.839063 0.362500 0.034375 0.031250
0 0.101562 0.570312 0.028125 0.028125
0 0.146875 0.362500 0.031250 0.031250
0 0.567187 0.914062 0.028125 0.028125
0 0.221875 0.712500 0.025000 0.025000
0 0.878125 0.706250 0.025000 0.025000
0 0.498437 0.621875 0.028125 0.031250
0 0.860938 0.676562 0.028125 0.028125
0 0.332813 0.567187 0.028125 0.028125
0 0.582812 0.767188 0.028125 0.028125
0 0.876563 0.878125 0.028125 0.025000
0 0.435937 0.914062 0.028125 0.028125
0 0.284375 0.596875 0.031250 0.031250
0 0.517188 0.592187 0.028125 0.028125
0 0.567187 0.737500 0.028125 0.031250
0 0.385937 0.710938 0.028125 0.028125
0 0.535937 0.504687 0.028125 0.028125
0 0.551562 0.710938 0.028125 0.028125
0 0.398438 0.390625 0.028125 0.031250
0 0.173437 0.859375 0.028125 0.031250
0 0.904687 0.934375 0.028125 0.031250
0 0.198437 0.453125 0.028125 0.031250
0 0.651563 0.940625 0.028125 0.025000
0 0.046875 0.360938 0.031250 0.034375
0 0.087500 0.654687 0.031250 0.028125
0 0.928125 0.506250 0.031250 0.031250
0 0.667188 0.796875 0.028125 0.031250
0 0.714063 0.532813 0.028125 0.028125
0 0.717187 0.648438 0.028125 0.028125
0 0.068750 0.450000 0.031250 0.031250
0 0.420312 0.887500 0.028125 0.031250
0 0.367188 0.625000 0.028125 0.031250
0 0.957812 0.735938 0.028125 0.028125
0 0.251563 0.596875 0.028125 0.031250
0 0.432812 0.625000 0.028125 0.031250
0 0.565625 0.564063 0.031250 0.028125
0 0.153125 0.653125 0.031250 0.031250
0 0.664062 0.739062 0.028125 0.028125
0 0.746875 0.500000 0.031250 0.031250
0 0.401562 0.798438 0.028125 0.028125
0 0.364063 0.565625 0.028125 0.031250
0 0.300000 0.507812 0.025000 0.028125
0 0.239063 0.685937 0.028125 0.028125
0 0.535937 0.796875 0.028125 0.031250
0 0.204687 0.684375 0.028125 0.031250
0 0.567187 0.681250 0.028125 0.031250
0 0.632812 0.681250 0.028125 0.031250
0 0.685937 0.939063 0.028125 0.028125
0 0.289062 0.887500 0.028125 0.031250
0 0.239063 0.742188 0.028125 0.028125
0 0.584375 0.534375 0.031250 0.031250
0 0.317188 0.539062 0.028125 0.028125
0 0.254688 0.770312 0.028125 0.028125
0 0.096875 0.392188 0.031250 0.028125
0 0.650000 0.707812 0.031250 0.028125
0 0.420312 0.945312 0.028125 0.028125
0 0.618750 0.940625 0.025000 0.025000
0 0.282813 0.421875 0.028125 0.031250
0 0.467187 0.739062 0.028125 0.028125
0 0.481250 0.359375 0.031250 0.031250
0 0.301563 0.682813 0.028125 0.028125
0 0.339062 0.973437 0.028125 0.028125
0 0.778125 0.589063 0.031250 0.028125
0 0.418750 0.829688 0.031250 0.028125
0 0.826562 0.907813 0.028125 0.028125
0 0.385937 0.829688 0.028125 0.028125
0 0.289062 0.945312 0.028125 0.028125
0 0.484375 0.595313 0.031250 0.028125
0 0.201563 0.626563 0.028125 0.028125
0 0.371875 0.971875 0.031250 0.031250
0 0.354687 0.829688 0.028125 0.028125
0 0.964063 0.450000 0.028125 0.031250
0 0.662500 0.562500 0.031250 0.031250
0 0.518750 0.767188 0.031250 0.028125
0 0.973437 0.765625 0.028125 0.031250
0 0.400000 0.625000 0.031250 0.031250
0 0.101562 0.626563 0.028125 0.028125
0 0.976562 0.590625 0.028125 0.031250
0 0.217188 0.540625 0.028125 0.031250
0 0.181250 0.362500 0.031250 0.031250
0 0.470313 0.915625 0.028125 0.025000
0 0.165625 0.453125 0.031250 0.031250
0 0.384375 0.653125 0.031250 0.031250
0 0.690625 0.412500 0.031250 0.031250
0 0.035937 0.626563 0.028125 0.028125
0 0.729688 0.562500 0.028125 0.031250
0 0.681250 0.590625 0.031250 0.031250
0 0.598437 0.564063 0.028125 0.028125
0 0.860938 0.907813 0.028125 0.028125
0 0.451562 0.831250 0.028125 0.031250
0 0.484375 0.537500 0.031250 0.031250
0 0.304688 0.798438 0.028125 0.028125
0 0.778125 0.532813 0.031250 0.028125
0 0.367188 0.798438 0.028125 0.028125
0 0.398438 0.565625 0.028125 0.031250
0 0.054688 0.656250 0.028125 0.031250
0 0.053125 0.421875 0.031250 0.031250
0 0.207813 0.742188 0.028125 0.028125
0 0.910937 0.707812 0.028125 0.028125
0 0.582812 0.593750 0.028125 0.031250
0 0.135937 0.570312 0.028125 0.028125
0 0.331250 0.450000 0.031250 0.031250
0 0.198437 0.510938 0.028125 0.028125
0 0.973437 0.878125 0.028125 0.025000
0 0.181250 0.423438 0.031250 0.028125
0 0.126562 0.948438 0.028125 0.028125
0 0.745313 0.532813 0.028125 0.028125
0 0.239063 0.800000 0.028125 0.031250
0 0.454688 0.945312 0.028125 0.028125
0 0.681250 0.767188 0.031250 0.028125
0 0.450000 0.709375 0.031250 0.031250
0 0.268750 0.626563 0.031250 0.028125
0 0.400000 0.450000 0.031250 0.031250
0 0.225000 0.829688 0.031250 0.028125
0 0.168750 0.567187 0.031250 0.028125
0 0.282813 0.479687 0.028125 0.028125
0 0.021875 0.600000 0.031250 0.031250
0 0.142187 0.978125 0.028125 0.025000
0 0.471875 0.796875 0.031250 0.031250
0 0.200000 0.568750 0.031250 0.031250
0 0.335938 0.742188 0.028125 0.028125
0 0.823438 0.940625 0.028125 0.031250
0 0.268750 0.570312 0.031250 0.028125
0 0.337500 0.798438 0.025000 0.028125
0 0.100000 0.453125 0.031250 0.031250
0 0.681250 0.532813 0.031250 0.028125
0 0.700000 0.364063 0.031250 0.034375
0 0.451562 0.767188 0.028125 0.028125
0 0.320312 0.770312 0.028125 0.028125
0 0.598437 0.681250 0.028125 0.031250
0 0.498437 0.564063 0.028125 0.028125
0 0.717187 0.939063 0.028125 0.028125
0 0.945312 0.532813 0.028125 0.028125
0 0.501563 0.737500 0.028125 0.031250
0 0.273438 0.973437 0.028125 0.028125
0 0.317188 0.596875 0.028125 0.031250
0 0.550000 0.767188 0.031250 0.028125
0 0.448437 0.360938 0.028125 0.028125
0 0.601562 0.910937 0.028125 0.028125
0 0.387500 0.945312 0.031250 0.028125
0 0.448437 0.592187 0.028125 0.028125
0 0.650000 0.590625 0.031250 0.031250
0 0.535937 0.970313 0.028125 0.028125
0 0.635938 0.967187 0.028125 0.028125
0 0.532813 0.564063 0.028125 0.028125
0 0.454688 0.889062 0.028125 0.028125
0 0.570312 0.970313 0.028125 0.028125
0 0.235937 0.567187 0.028125 0.028125
0 0.320312 0.829688 0.028125 0.028125
0 0.081250 0.360938 0.031250 0.034375
0 0.189062 0.714063 0.028125 0.028125
0 0.056250 0.773438 0.031250 0.028125
0 0.632812 0.564063 0.028125 0.028125
0 0.431250 0.389062 0.031250 0.028125
0 0.893750 0.446875 0.031250 0.031250
0 0.415625 0.360938 0.031250 0.028125
0 0.084375 0.421875 0.031250 0.031250
0 0.304688 0.914062 0.028125 0.028125
0 0.018750 0.540625 0.031250 0.031250
0 0.054688 0.714063 0.028125 0.028125
0 0.143750 0.918750 0.031250 0.031250
0 0.881250 0.959375 0.031250 0.031250
0 0.381250 0.362500 0.031250 0.031250
0 0.551562 0.651563 0.028125 0.028125
0 0.281250 0.360938 0.031250 0.034375
0 0.803125 0.360938 0.031250 0.034375
0 0.515625 0.359375 0.031250 0.031250
0 0.020313 0.656250 0.028125 0.031250
0 0.732812 0.676562 0.028125 0.028125
0 0.768750 0.362500 0.031250 0.031250
0 0.550000 0.359375 0.031250 0.031250
0 0.085938 0.598437 0.028125 0.028125
0 0.467187 0.681250 0.028125 0.031250
0 0.089063 0.712500 0.028125 0.031250
0 0.485938 0.767188 0.028125 0.028125
0 0.696875 0.562500 0.031250 0.031250
0 0.856250 0.940625 0.031250 0.031250
0 0.351562 0.595313 0.028125 0.028125
0 0.404687 0.971875 0.028125 0.031250
0 0.131250 0.453125 0.031250 0.031250
0 0.648438 0.767188 0.028125 0.028125
0 0.978125 0.534375 0.031250 0.031250
0 0.839063 0.970313 0.028125 0.028125
0 0.859375 0.390625 0.031250 0.031250
0 0.646875 0.532813 0.031250 0.028125
0 0.484375 0.709375 0.031250 0.031250
0 0.120313 0.712500 0.028125 0.031250
0 0.415625 0.535937 0.031250 0.028125
0 0.104688 0.742188 0.028125 0.028125
0 0.976562 0.706250 0.028125 0.031250
0 0.751563 0.939063 0.028125 0.028125
0 0.567187 0.623437 0.028125 0.028125
0 0.603125 0.970313 0.031250 0.028125
0 0.504687 0.970313 0.028125 0.028125
0 0.414062 0.595313 0.028125 0.028125
0 0.435937 0.973437 0.028125 0.028125
0 0.357812 0.945312 0.028125 0.028125
0 0.417187 0.710938 0.028125 0.028125
0 0.315625 0.362500 0.031250 0.031250
0 0.300000 0.626563 0.031250 0.028125
0 0.107813 0.978125 0.028125 0.025000
0 0.115625 0.362500 0.031250 0.031250
0 0.787500 0.939063 0.031250 0.028125
0 0.651563 0.359375 0.028125 0.031250
0 0.584375 0.359375 0.031250 0.031250
0 0.075000 0.975000 0.031250 0.031250
0 0.734375 0.362500 0.031250 0.031250
0 0.350000 0.360938 0.031250 0.034375
0 0.471875 0.971875 0.025000 0.025000
0 0.618750 0.359375 0.031250 0.031250
0 0.020313 0.773438 0.028125 0.028125
0 0.251563 0.539062 0.028125 0.028125
0 0.307812 0.973437 0.028125 0.028125
0 0.073438 0.800000 0.028125 0.031250
0 0.482812 0.651563 0.028125 0.028125
0 0.054688 0.829688 0.028125 0.028125
0 0.882812 0.414062 0.034375 0.034375
0 0.017188 0.421875 0.028125 0.031250
0 0.517188 0.710938 0.028125 0.028125
0 0.615625 0.534375 0.031250 0.031250
0 0.190625 0.829688 0.031250 0.028125
0 0.215625 0.481250 0.031250 0.031250
0 0.089063 0.770312 0.028125 0.028125
0 0.140625 0.860938 0.031250 0.028125
0 0.979688 0.478125 0.028125 0.031250
0 0.632812 0.623437 0.028125 0.028125
0 0.018750 0.478125 0.031250 0.031250
0 0.106250 0.860938 0.031250 0.028125
0 0.089063 0.829688 0.028125 0.028125
0 0.093750 0.946875 0.031250 0.031250
0 0.014063 0.360938 0.028125 0.028125
0 0.950000 0.421875 0.031250 0.031250
0 0.043750 0.975000 0.031250 0.031250
0 0.926562 0.114062 0.034375 0.034375
0 0.871875 0.359375 0.031250 0.031250
0 0.154688 0.714063 0.028125 0.028125
