0 0.857812 0.304688 0.028125 0.028125
0 0.885938 0.910937 0.028125 0.028125
0 0.853125 0.864062 0.031250 0.028125
0 0.442188 0.040625 0.028125 0.031250
0 0.854688 0.476562 0.028125 0.028125
0 0.870313 0.504687 0.028125 0.028125
0 0.878125 0.843750 0.031250 0.031250
0 0.892188 0.304688 0.028125 0.028125
0 0.940625 0.329688 0.031250 0.028125
0 0.320312 0.870313 0.028125 0.028125
0 0.773438 0.445312 0.028125 0.028125
0 0.904687 0.823438 0.028125 0.028125
0 0.893750 0.123438 0.031250 0.028125
0 0.303125 0.040625 0.031250 0.031250
0 0.817187 0.592187 0.028125 0.028125
0 0.842187 0.764062 0.028125 0.028125
0 0.623437 0.243750 0.028125 0.031250
0 0.359375 0.068750 0.031250 0.031250
0 0.876563 0.276562 0.028125 0.028125
0 0.837500 0.504687 0.031250 0.028125
0 0.392188 0.126562 0.028125 0.028125
0 0.820312 0.532813 0.028125 0.028125
0 0.895312 0.723437 0.028125 0.028125
0 0.904687 0.448437 0.028125 0.028125
0 0.559375 0.071875 0.031250 0.031250
0 0.767188 0.854688 0.028125 0.028125
0 0.920312 0.476562 0.028125 0.028125
0 0.742188 0.040625 0.028125 0.031250
0 0.717187 0.589063 0.028125 0.028125
0 0.526563 0.071875 0.028125 0.031250
0 0.935937 0.835938 0.028125 0.028125
0 0.690625 0.187500 0.031250 0.031250
0 0.882812 0.879687 0.028125 0.028125
0 0.773438 0.332813 0.028125 0.028125
0 0.339062 0.693750 0.028125 0.031250
0 0.851562 0.592187 0.028125 0.028125
0 0.789062 0.476562 0.028125 0.028125
0 0.628125 0.914062 0.025000 0.028125
0 0.920312 0.532813 0.028125 0.028125
0 0.815625 0.782813 0.031250 0.028125
0 0.890625 0.418750 0.031250 0.031250
0 0.420312 0.732812 0.028125 0.028125
0 0.692187 0.070312 0.028125 0.028125
0 0.800000 0.904687 0.031250 0.028125
0 0.757812 0.070312 0.028125 0.028125
0 0.773438 0.040625 0.028125 0.031250
0 0.406250 0.703125 0.031250 0.031250
0 0.835938 0.560937 0.028125 0.028125
0 0.723437 0.071875 0.028125 0.031250
0 0.304688 0.095312 0.028125 0.028125
0 0.739062 0.098437 0.028125 0.028125
0 0.423438 0.415625 0.028125 0.025000
0 0.889062 0.945312 0.028125 0.028125
0 0.675000 0.217188 0.031250 0.028125
0 0.404687 0.845313 0.028125 0.028125
0 0.375000 0.934375 0.031250 0.031250
0 0.321875 0.068750 0.031250 0.031250
0 0.864062 0.676562 0.028125 0.028125
0 0.939063 0.870313 0.028125 0.028125
0 0.942187 0.154688 0.028125 0.028125
0 0.773438 0.098437 0.028125 0.028125
0 0.723437 0.473438 0.028125 0.028125
0 0.957812 0.300000 0.028125 0.031250
0 0.829688 0.920312 0.028125 0.028125
0 0.939063 0.448437 0.028125 0.028125
0 0.848437 0.829688 0.028125 0.028125
0 0.340625 0.153125 0.031250 0.031250
0 0.359375 0.126562 0.031250 0.028125
0 0.731250 0.734375 0.031250 0.031250
0 0.857812 0.898438 0.028125 0.028125
0 0.326562 0.810937 0.028125 0.028125
0 0.909375 0.857812 0.031250 0.028125
0 0.551562 0.587500 0.028125 0.025000
0 0.432812 0.906250 0.028125 0.031250
0 0.925000 0.737500 0.031250 0.031250
0 0.921875 0.956250 0.025000 0.025000
0 0.392188 0.670312 0.028125 0.028125
0 0.867188 0.620313 0.028125 0.028125
0 0.873437 0.448437 0.028125 0.028125
0 0.692187 0.245312 0.028125 0.028125
0 0.659375 0.071875 0.025000 0.025000
0 0.856250 0.418750 0.031250 0.031250
0 0.590625 0.243750 0.031250 0.031250
0 0.789062 0.304688 0.028125 0.028125
0 0.320312 0.721875 0.028125 0.031250
0 0.885938 0.534375 0.028125 0.031250
0 0.823438 0.848437 0.028125 0.028125
0 0.929688 0.185938 0.028125 0.028125
0 0.389062 0.415625 0.028125 0.031250
0 0.723437 0.187500 0.028125 0.031250
0 0.923438 0.418750 0.028125 0.031250
0 0.426563 0.242188 0.028125 0.028125
0 0.801562 0.562500 0.028125 0.031250
0 0.657813 0.243750 0.028125 0.031250
0 0.942187 0.270313 0.028125 0.028125
0 0.442188 0.212500 0.028125 0.031250
0 0.654687 0.417187 0.028125 0.028125
0 0.826562 0.885938 0.028125 0.028125
0 0.785937 0.589063 0.028125 0.028125
0 0.770312 0.889062 0.028125 0.028125
0 0.926562 0.123438 0.028125 0.028125
0 0.542188 0.214062 0.028125 0.028125
0 0.832812 0.676562 0.028125 0.028125
0 0.707812 0.217188 0.028125 0.028125
0 0.503125 0.628125 0.025000 0.025000
0 0.376563 0.096875 0.028125 0.031250
0 0.757812 0.128125 0.028125 0.031250
0 0.473438 0.270313 0.028125 0.028125
0 0.960938 0.185938 0.028125 0.028125
0 0.873437 0.776563 0.028125 0.028125
0 0.795312 0.835938 0.028125 0.028125
0 0.460938 0.125000 0.028125 0.031250
0 0.492188 0.243750 0.028125 0.031250
0 0.739062 0.215625 0.028125 0.031250
0 0.692187 0.301563 0.028125 0.028125
0 0.821875 0.476562 0.031250 0.028125
0 0.375000 0.387500 0.031250 0.031250
0 0.901563 0.789062 0.028125 0.028125
0 0.689063 0.473438 0.028125 0.028125
0 0.723437 0.417187 0.028125 0.028125
0 0.395313 0.817187 0.028125 0.028125
0 0.340625 0.093750 0.031250 0.031250
0 0.757812 0.187500 0.028125 0.031250
0 0.707812 0.098437 0.028125 0.028125
0 0.926562 0.243750 0.028125 0.025000
0 0.925000 0.300000 0.031250 0.031250
0 0.623437 0.415625 0.028125 0.031250
0 0.914062 0.889062 0.028125 0.028125
0 0.606250 0.329688 0.031250 0.028125
0 0.789062 0.070312 0.028125 0.028125
0 0.806250 0.096875 0.031250 0.031250
0 0.806250 0.040625 0.031250 0.031250
0 0.910937 0.214062 0.028125 0.028125
0 0.751563 0.589063 0.028125 0.028125
0 0.832812 0.618750 0.028125 0.025000
0 0.304688 0.329688 0.028125 0.028125
0 0.910937 0.273438 0.028125 0.028125
0 0.739062 0.273438 0.028125 0.028125
0 0.957812 0.242188 0.028125 0.028125
0 0.642188 0.157812 0.028125 0.028125
0 0.723437 0.128125 0.028125 0.031250
0 0.806250 0.278125 0.031250 0.031250
0 0.801562 0.935937 0.028125 0.028125
0 0.339062 0.842187 0.028125 0.028125
0 0.823438 0.304688 0.028125 0.028125
0 0.453125 0.528125 0.031250 0.031250
0 0.526563 0.184375 0.028125 0.031250
0 0.335938 0.900000 0.028125 0.031250
0 0.675000 0.157812 0.031250 0.028125
0 0.660937 0.129688 0.028125 0.028125
0 0.523438 0.242188 0.028125 0.028125
0 0.823438 0.418750 0.028125 0.031250
0 0.890625 0.362500 0.031250 0.031250
0 0.851562 0.648438 0.028125 0.028125
0 0.567187 0.782813 0.028125 0.028125
0 0.356250 0.359375 0.031250 0.031250
0 0.373437 0.698438 0.028125 0.028125
0 0.343750 0.634375 0.031250 0.031250
0 0.723437 0.245312 0.028125 0.028125
0 0.607812 0.157812 0.028125 0.028125
0 0.457813 0.070312 0.028125 0.028125
0 0.685937 0.589063 0.028125 0.028125
0 0.892188 0.243750 0.028125 0.031250
0 0.735938 0.562500 0.028125 0.031250
0 0.839063 0.445312 0.028125 0.028125
0 0.884375 0.650000 0.031250 0.031250
0 0.917188 0.923438 0.028125 0.028125
0 0.476562 0.212500 0.028125 0.031250
0 0.806250 0.446875 0.031250 0.031250
0 0.639062 0.329688 0.028125 0.028125
0 0.806250 0.335938 0.031250 0.028125
0 0.967187 0.851562 0.028125 0.028125
0 0.371875 0.271875 0.031250 0.031250
0 0.457813 0.242188 0.028125 0.028125
0 0.478125 0.096875 0.031250 0.031250
0 0.325000 0.604688 0.031250 0.034375
0 0.343750 0.212500 0.031250 0.031250
0 0.339062 0.329688 0.028125 0.028125
0 0.785937 0.770312 0.028125 0.028125
0 0.795312 0.868750 0.028125 0.031250
0 0.768750 0.560937 0.031250 0.028125
0 0.312500 0.268750 0.031250 0.031250
0 0.703125 0.559375 0.031250 0.031250
0 0.701562 0.673438 0.028125 0.028125
0 0.675000 0.101562 0.025000 0.028125
0 0.876563 0.810937 0.028125 0.028125
0 0.667188 0.673438 0.028125 0.028125
0 0.575000 0.214062 0.031250 0.028125
0 0.423438 0.935937 0.028125 0.028125
0 0.715625 0.925000 0.025000 0.025000
0 0.442188 0.385937 0.028125 0.028125
0 0.575000 0.157812 0.031250 0.028125
0 0.409375 0.040625 0.031250 0.031250
0 0.657813 0.187500 0.028125 0.031250
0 0.487500 0.600000 0.031250 0.031250
0 0.321875 0.415625 0.031250 0.031250
0 0.676562 0.042188 0.028125 0.028125
0 0.684375 0.878125 0.025000 0.025000
0 0.589063 0.415625 0.028125 0.031250
0 0.498437 0.770312 0.028125 0.028125
0 0.790625 0.126562 0.031250 0.028125
0 0.742188 0.873437 0.028125 0.028125
0 0.309375 0.634375 0.031250 0.031250
0 0.598437 0.864062 0.028125 0.028125
0 0.657813 0.301563 0.028125 0.028125
0 0.409375 0.096875 0.031250 0.031250
0 0.657813 0.929688 0.028125 0.028125
0 0.425000 0.126562 0.031250 0.028125
0 0.492188 0.826562 0.028125 0.028125
0 0.823438 0.126562 0.028125 0.028125
0 0.353125 0.726562 0.031250 0.028125
0 0.639062 0.273438 0.028125 0.028125
0 0.543750 0.964063 0.025000 0.028125
0 0.392188 0.067187 0.028125 0.028125
0 0.375000 0.329688 0.031250 0.028125
0 0.893750 0.690625 0.031250 0.031250
0 0.342187 0.951562 0.028125 0.028125
0 0.407813 0.329688 0.028125 0.028125
0 0.789062 0.801562 0.028125 0.028125
0 0.620313 0.529687 0.028125 0.028125
0 0.839063 0.096875 0.028125 0.031250
0 0.389062 0.242188 0.028125 0.028125
0 0.493750 0.126562 0.031250 0.028125
0 0.667188 0.731250 0.028125 0.031250
0 0.732812 0.617188 0.028125 0.028125
0 0.539062 0.270313 0.028125 0.028125
0 0.414062 0.645312 0.028125 0.028125
0 0.806250 0.390625 0.031250 0.031250
0 0.800000 0.676562 0.025000 0.028125
0 0.710938 0.042188 0.028125 0.028125
0 0.456250 0.356250 0.031250 0.031250
0 0.306250 0.689063 0.031250 0.028125
0 0.907813 0.332813 0.028125 0.028125
0 0.559375 0.128125 0.031250 0.031250
0 0.356250 0.240625 0.031250 0.031250
0 0.367188 0.901563 0.028125 0.028125
0 0.390625 0.300000 0.031250 0.031250
0 0.328125 0.662500 0.031250 0.031250
0 0.685937 0.910937 0.028125 0.028125
0 0.404687 0.446875 0.028125 0.031250
0 0.323437 0.300000 0.028125 0.031250
0 0.378125 0.640625 0.031250 0.031250
0 0.467187 0.764062 0.028125 0.028125
0 0.753125 0.532813 0.031250 0.028125
0 0.948438 0.935937 0.028125 0.028125
0 0.873437 0.332813 0.028125 0.028125
0 0.785937 0.532813 0.028125 0.028125
0 0.957812 0.784375 0.028125 0.031250
0 0.789062 0.362500 0.028125 0.031250
0 0.604688 0.445312 0.028125 0.028125
0 0.901563 0.620313 0.028125 0.028125
0 0.773438 0.157812 0.028125 0.028125
0 0.593750 0.187500 0.031250 0.031250
0 0.954688 0.478125 0.028125 0.031250
0 0.451562 0.735938 0.028125 0.028125
0 0.832812 0.951562 0.028125 0.028125
0 0.585938 0.587500 0.028125 0.031250
0 0.739062 0.504687 0.028125 0.028125
0 0.945312 0.214062 0.028125 0.028125
0 0.557813 0.243750 0.028125 0.031250
0 0.889062 0.476562 0.028125 0.028125
0 0.720313 0.532813 0.028125 0.028125
0 0.962500 0.818750 0.031250 0.031250
0 0.773438 0.923438 0.028125 0.028125
0 0.315625 0.929688 0.031250 0.028125
0 0.423438 0.356250 0.028125 0.031250
0 0.656250 0.359375 0.031250 0.031250
0 0.387500 0.875000 0.031250 0.031250
0 0.668750 0.559375 0.031250 0.031250
0 0.929688 0.770312 0.028125 0.028125
0 0.842187 0.332813 0.028125 0.028125
0 0.473438 0.442188 0.028125 0.028125
0 0.510938 0.854688 0.028125 0.028125
0 0.640625 0.387500 0.031250 0.031250
0 0.956250 0.359375 0.031250 0.031250
0 0.323437 0.125000 0.028125 0.031250
0 0.476562 0.156250 0.028125 0.031250
0 0.570312 0.882812 0.028125 0.028125
0 0.898438 0.757812 0.028125 0.028125
0 0.323437 0.182812 0.028125 0.028125
0 0.856250 0.362500 0.031250 0.031250
0 0.628125 0.879687 0.025000 0.028125
0 0.323437 0.237500 0.028125 0.031250
0 0.364063 0.754687 0.028125 0.028125
0 0.973437 0.329688 0.028125 0.028125
0 0.426563 0.820312 0.028125 0.028125
0 0.370312 0.968750 0.028125 0.025000
0 0.654687 0.862500 0.028125 0.025000
0 0.754687 0.304688 0.028125 0.028125
0 0.976562 0.212500 0.028125 0.031250
0 0.839063 0.728125 0.028125 0.031250
0 0.840625 0.390625 0.031250 0.031250
0 0.657813 0.895312 0.028125 0.028125
0 0.853125 0.534375 0.031250 0.031250
0 0.385937 0.728125 0.028125 0.031250
0 0.314063 0.475000 0.028125 0.031250
0 0.478125 0.042188 0.031250 0.028125
0 0.670312 0.503125 0.028125 0.031250
0 0.732812 0.804688 0.028125 0.028125
0 0.635938 0.560937 0.028125 0.028125
0 0.767188 0.675000 0.028125 0.025000
0 0.754687 0.473438 0.028125 0.028125
0 0.670312 0.445312 0.028125 0.028125
0 0.673438 0.387500 0.028125 0.031250
0 0.607812 0.101562 0.028125 0.028125
0 0.692187 0.129688 0.028125 0.028125
0 0.414062 0.789062 0.028125 0.028125
0 0.707812 0.275000 0.028125 0.025000
0 0.407813 0.385937 0.028125 0.028125
0 0.390625 0.359375 0.031250 0.031250
0 0.634375 0.673438 0.031250 0.028125
0 0.626563 0.185938 0.028125 0.028125
0 0.878125 0.148438 0.025000 0.028125
0 0.626563 0.848437 0.028125 0.028125
0 0.931250 0.634375 0.031250 0.031250
0 0.629687 0.946875 0.028125 0.025000
0 0.739062 0.842187 0.028125 0.028125
0 0.570312 0.559375 0.028125 0.031250
0 0.860938 0.121875 0.028125 0.031250
0 0.764062 0.820312 0.028125 0.028125
0 0.637500 0.501563 0.031250 0.028125
0 0.685937 0.532813 0.028125 0.028125
0 0.407813 0.270313 0.028125 0.028125
0 0.907813 0.392188 0.028125 0.028125
0 0.707812 0.825000 0.028125 0.031250
0 0.609375 0.215625 0.031250 0.031250
0 0.587500 0.473438 0.031250 0.028125
0 0.340625 0.450000 0.031250 0.031250
0 0.451562 0.879687 0.028125 0.028125
0 0.331250 0.754687 0.031250 0.028125
0 0.717187 0.957812 0.028125 0.028125
0 0.904687 0.504687 0.028125 0.028125
0 0.545312 0.042188 0.028125 0.028125
0 0.739062 0.157812 0.028125 0.028125
0 0.346875 0.484375 0.031250 0.031250
0 0.814063 0.706250 0.028125 0.031250
0 0.476562 0.795312 0.028125 0.028125
0 0.570312 0.445312 0.028125 0.028125
0 0.596875 0.795312 0.031250 0.028125
0 0.742188 0.907813 0.028125 0.028125
0 0.579688 0.639062 0.028125 0.028125
0 0.601562 0.960938 0.028125 0.028125
0 0.739062 0.390625 0.028125 0.031250
0 0.862500 0.964063 0.025000 0.028125
0 0.542188 0.156250 0.028125 0.031250
0 0.785937 0.645312 0.028125 0.028125
0 0.653125 0.531250 0.031250 0.031250
0 0.300000 0.390625 0.031250 0.031250
0 0.770312 0.503125 0.028125 0.031250
0 0.356250 0.182812 0.031250 0.028125
0 0.510938 0.042188 0.028125 0.028125
0 0.460938 0.184375 0.028125 0.031250
0 0.817187 0.648438 0.028125 0.028125
0 0.689063 0.417187 0.028125 0.028125
0 0.578125 0.042188 0.031250 0.028125
0 0.675000 0.273438 0.025000 0.028125
0 0.704688 0.503125 0.028125 0.025000
0 0.956250 0.420312 0.031250 0.028125
0 0.559375 0.184375 0.031250 0.031250
0 0.509375 0.214062 0.031250 0.028125
0 0.507812 0.385937 0.028125 0.028125
0 0.603125 0.560937 0.031250 0.028125
0 0.551562 0.748437 0.028125 0.028125
0 0.535937 0.501563 0.028125 0.028125
0 0.304688 0.898438 0.028125 0.028125
0 0.689063 0.976562 0.028125 0.028125
0 0.739062 0.445312 0.028125 0.028125
0 0.704688 0.793750 0.028125 0.031250
0 0.420312 0.876563 0.028125 0.028125
0 0.473438 0.385937 0.028125 0.028125
0 0.976562 0.154688 0.028125 0.028125
0 0.682813 0.645312 0.028125 0.028125
0 0.400000 0.759375 0.025000 0.025000
0 0.375000 0.156250 0.031250 0.031250
0 0.540625 0.385937 0.031250 0.028125
0 0.454688 0.471875 0.028125 0.025000
0 0.442188 0.153125 0.028125 0.031250
0 0.590625 0.300000 0.031250 0.031250
0 0.635938 0.617188 0.028125 0.028125
0 0.820312 0.817187 0.028125 0.028125
0 0.857812 0.932813 0.028125 0.028125
0 0.493750 0.184375 0.031250 0.031250
0 0.754687 0.417187 0.028125 0.028125
0 0.489063 0.414062 0.028125 0.028125
0 0.601562 0.898438 0.028125 0.028125
0 0.535937 0.557813 0.028125 0.028125
0 0.437500 0.500000 0.031250 0.031250
0 0.773438 0.215625 0.028125 0.031250
0 0.754687 0.360938 0.028125 0.028125
0 0.760938 0.785937 0.028125 0.028125
0 0.593750 0.129688 0.031250 0.028125
0 0.940625 0.390625 0.031250 0.031250
0 0.707812 0.332813 0.028125 0.028125
0 0.814063 0.750000 0.028125 0.031250
0 0.868750 0.742188 0.031250 0.028125
0 0.701562 0.729688 0.028125 0.028125
0 0.314063 0.967187 0.028125 0.028125
0 0.304688 0.835938 0.028125 0.028125
0 0.757812 0.754687 0.028125 0.028125
0 0.467187 0.623437 0.028125 0.028125
0 0.346875 0.784375 0.031250 0.031250
0 0.973437 0.914062 0.028125 0.028125
0 0.510938 0.154688 0.028125 0.028125
0 0.357812 0.667188 0.028125 0.028125
0 0.507812 0.329688 0.028125 0.028125
0 0.960938 0.126562 0.028125 0.028125
0 0.643750 0.103125 0.025000 0.025000
0 0.353125 0.873437 0.031250 0.028125
0 0.489063 0.359375 0.028125 0.031250
0 0.621875 0.359375 0.031250 0.031250
0 0.510938 0.098437 0.028125 0.028125
0 0.356250 0.300000 0.031250 0.031250
0 0.357812 0.815625 0.028125 0.031250
0 0.529687 0.775000 0.028125 0.025000
0 0.573438 0.329688 0.028125 0.028125
0 0.773438 0.390625 0.028125 0.031250
0 0.485938 0.882812 0.028125 0.028125
0 0.525000 0.300000 0.031250 0.031250
0 0.706250 0.445312 0.025000 0.028125
0 0.567187 0.670312 0.028125 0.028125
0 0.959375 0.618750 0.031250 0.031250
0 0.626563 0.129688 0.028125 0.028125
0 0.910937 0.151562 0.028125 0.028125
0 0.539062 0.445312 0.028125 0.028125
0 0.667188 0.617188 0.028125 0.028125
0 0.523438 0.359375 0.028125 0.031250
0 0.823438 0.362500 0.028125 0.031250
0 0.707812 0.157812 0.028125 0.028125
0 0.400000 0.614062 0.031250 0.028125
0 0.307812 0.153125 0.028125 0.031250
0 0.651563 0.704688 0.028125 0.028125
0 0.321875 0.539062 0.031250 0.028125
0 0.432812 0.764062 0.028125 0.028125
0 0.487500 0.471875 0.031250 0.031250
0 0.379688 0.784375 0.028125 0.031250
0 0.914062 0.660937 0.028125 0.028125
0 0.964063 0.571875 0.028125 0.031250
0 0.339062 0.387500 0.028125 0.031250
0 0.557813 0.300000 0.028125 0.031250
0 0.651563 0.585938 0.028125 0.028125
0 0.973437 0.270313 0.028125 0.028125
0 0.729688 0.775000 0.028125 0.031250
0 0.790625 0.418750 0.031250 0.031250
0 0.535937 0.617188 0.028125 0.028125
0 0.637500 0.445312 0.031250 0.028125
0 0.354687 0.548438 0.028125 0.028125
0 0.625000 0.301563 0.031250 0.028125
0 0.473438 0.851562 0.028125 0.028125
0 0.489063 0.300000 0.028125 0.031250
0 0.745313 0.940625 0.028125 0.025000
0 0.507812 0.270313 0.028125 0.028125
0 0.614062 0.768750 0.028125 0.031250
0 0.651563 0.645312 0.028125 0.028125
0 0.973437 0.387500 0.028125 0.031250
0 0.314063 0.507812 0.028125 0.028125
0 0.770312 0.276562 0.028125 0.028125
0 0.721875 0.360938 0.031250 0.028125
0 0.375000 0.039062 0.031250 0.028125
0 0.667188 0.764062 0.028125 0.028125
0 0.589063 0.359375 0.028125 0.031250
0 0.442188 0.096875 0.028125 0.031250
0 0.554688 0.473438 0.028125 0.028125
0 0.495312 0.682813 0.028125 0.028125
0 0.750000 0.648438 0.031250 0.028125
0 0.290625 0.807813 0.031250 0.028125
0 0.732812 0.676562 0.028125 0.028125
0 0.620313 0.587500 0.028125 0.025000
0 0.754687 0.245312 0.028125 0.028125
0 0.542188 0.098437 0.028125 0.028125
0 0.973437 0.445312 0.028125 0.028125
0 0.339062 0.040625 0.028125 0.031250
0 0.545312 0.645312 0.028125 0.028125
0 0.482812 0.654687 0.028125 0.028125
0 0.604688 0.501563 0.028125 0.028125
0 0.673438 0.800000 0.028125 0.031250
0 0.801562 0.970313 0.028125 0.028125
0 0.475000 0.329688 0.031250 0.028125
0 0.585938 0.757812 0.028125 0.028125
0 0.460938 0.679688 0.028125 0.028125
0 0.606250 0.387500 0.031250 0.031250
0 0.598437 0.832812 0.028125 0.028125
0 0.573438 0.385937 0.028125 0.028125
0 0.464062 0.909375 0.028125 0.031250
0 0.714063 0.892188 0.028125 0.028125
0 0.485938 0.739062 0.028125 0.028125
0 0.956250 0.751563 0.031250 0.028125
0 0.929688 0.564063 0.028125 0.028125
0 0.839063 0.279687 0.028125 0.028125
0 0.439063 0.442188 0.028125 0.028125
0 0.570312 0.501563 0.028125 0.028125
0 0.470313 0.501563 0.028125 0.028125
0 0.659375 0.960938 0.025000 0.028125
0 0.867188 0.710938 0.028125 0.028125
0 0.723437 0.304688 0.028125 0.028125
0 0.320312 0.360938 0.028125 0.028125
0 0.446875 0.650000 0.025000 0.025000
0 0.592187 0.073438 0.028125 0.028125
0 0.539062 0.329688 0.028125 0.028125
0 0.409375 0.154688 0.031250 0.028125
0 0.804688 0.504687 0.028125 0.028125
0 0.715625 0.645312 0.031250 0.028125
0 0.868750 0.560937 0.031250 0.028125
0 0.692187 0.360938 0.028125 0.028125
0 0.440625 0.329688 0.031250 0.028125
0 0.823438 0.067187 0.028125 0.028125
0 0.356250 0.417187 0.031250 0.028125
0 0.892188 0.978125 0.028125 0.025000
0 0.504687 0.442188 0.028125 0.028125
0 0.532813 0.685937 0.028125 0.028125
0 0.939063 0.596875 0.028125 0.031250
0 0.717187 0.701562 0.028125 0.028125
0 0.425000 0.557813 0.031250 0.028125
0 0.425000 0.067187 0.031250 0.028125
0 0.518750 0.529687 0.031250 0.028125
0 0.415625 0.525000 0.025000 0.025000
0 0.673438 0.332813 0.028125 0.028125
0 0.503125 0.501563 0.031250 0.028125
0 0.951562 0.967187 0.028125 0.028125
0 0.643750 0.785937 0.031250 0.028125
0 0.439063 0.704688 0.028125 0.028125
0 0.439063 0.848437 0.028125 0.028125
0 0.864062 0.176563 0.028125 0.028125
0 0.425000 0.300000 0.031250 0.031250
0 0.556250 0.414062 0.025000 0.028125
0 0.440625 0.273438 0.031250 0.028125
0 0.367188 0.610938 0.028125 0.028125
0 0.739062 0.332813 0.028125 0.028125
0 0.542188 0.804688 0.028125 0.028125
0 0.456250 0.414062 0.025000 0.028125
0 0.517188 0.659375 0.028125 0.031250
0 0.435937 0.618750 0.028125 0.031250
0 0.587500 0.529687 0.031250 0.028125
0 0.601562 0.617188 0.028125 0.028125
0 0.767188 0.618750 0.028125 0.025000
0 0.446875 0.792188 0.025000 0.028125
0 0.346875 0.517188 0.031250 0.028125
0 0.473438 0.707812 0.028125 0.028125
0 0.790625 0.184375 0.031250 0.031250
0 0.923438 0.360938 0.028125 0.028125
0 0.748437 0.704688 0.028125 0.028125
0 0.378125 0.475000 0.031250 0.031250
0 0.576562 0.101562 0.028125 0.028125
0 0.542188 0.868750 0.028125 0.025000
0 0.429688 0.967187 0.028125 0.028125
0 0.571875 0.915625 0.025000 0.025000
0 0.923438 0.704688 0.028125 0.028125
0 0.871875 0.390625 0.031250 0.031250
0 0.967187 0.507812 0.028125 0.028125
0 0.620313 0.473438 0.028125 0.028125
0 0.401562 0.495312 0.028125 0.028125
0 0.573438 0.270313 0.028125 0.028125
0 0.629687 0.978125 0.028125 0.025000
0 0.520312 0.742188 0.028125 0.028125
0 0.845313 0.795312 0.028125 0.028125
0 0.457813 0.823438 0.028125 0.028125
0 0.932813 0.804688 0.028125 0.028125
0 0.942187 0.904687 0.028125 0.028125
0 0.518750 0.585938 0.025000 0.028125
0 0.485938 0.531250 0.028125 0.031250
0 0.318750 0.571875 0.031250 0.031250
0 0.573438 0.946875 0.028125 0.025000
0 0.504687 0.557813 0.028125 0.028125
0 0.653125 0.473438 0.031250 0.028125
0 0.685937 0.701562 0.028125 0.028125
0 0.570312 0.851562 0.028125 0.028125
0 0.806250 0.156250 0.031250 0.031250
0 0.701562 0.617188 0.028125 0.028125
0 0.454688 0.593750 0.028125 0.031250
0 0.387500 0.584375 0.031250 0.031250
0 0.570312 0.817187 0.028125 0.028125
0 0.425000 0.675000 0.031250 0.031250
0 0.782813 0.704688 0.028125 0.028125
0 0.967187 0.884375 0.028125 0.031250
0 0.456250 0.946875 0.031250 0.031250
0 0.885938 0.592187 0.028125 0.028125
0 0.845313 0.150000 0.028125 0.025000
0 0.514062 0.915625 0.028125 0.025000
0 0.520312 0.471875 0.028125 0.031250
0 0.962500 0.651563 0.031250 0.028125
0 0.381250 0.521875 0.031250 0.031250
0 0.543750 0.931250 0.025000 0.025000
0 0.510938 0.801562 0.028125 0.028125
0 0.601562 0.929688 0.028125 0.028125
0 0.509375 0.710938 0.025000 0.028125
0 0.514062 0.948438 0.028125 0.028125
0 0.789062 0.251563 0.028125 0.028125
0 0.554688 0.531250 0.028125 0.031250
0 0.400000 0.912500 0.031250 0.031250
0 0.623437 0.814063 0.028125 0.028125
0 0.618750 0.645312 0.025000 0.028125
0 0.607812 0.273438 0.028125 0.028125
0 0.420312 0.589063 0.028125 0.028125
0 0.375000 0.214062 0.031250 0.028125
0 0.392188 0.550000 0.028125 0.031250
0 0.685937 0.945312 0.028125 0.028125
0 0.289062 0.126562 0.028125 0.028125
0 0.639062 0.746875 0.028125 0.031250
0 0.898438 0.179688 0.028125 0.028125
0 0.951562 0.539062 0.028125 0.028125
0 0.350000 0.581250 0.031250 0.031250
0 0.700000 0.762500 0.031250 0.031250
0 0.482812 0.964063 0.028125 0.028125
0 0.526563 0.129688 0.028125 0.028125
0 0.710938 0.860938 0.028125 0.028125
0 0.287500 0.659375 0.031250 0.031250
0 0.820312 0.254688 0.028125 0.028125
0 0.285938 0.454688 0.028125 0.028125
0 0.556250 0.359375 0.031250 0.031250
0 0.784375 0.735938 0.031250 0.028125
0 0.287500 0.612500 0.031250 0.031250
0 0.459375 0.562500 0.031250 0.031250
0 0.773438 0.954688 0.028125 0.028125
0 0.951562 0.718750 0.028125 0.031250
0 0.539062 0.835938 0.028125 0.028125
0 0.746875 0.971875 0.025000 0.025000
0 0.542188 0.900000 0.028125 0.025000
0 0.457813 0.300000 0.028125 0.031250
0 0.542188 0.720313 0.028125 0.028125
0 0.526563 0.014063 0.028125 0.028125
0 0.970313 0.690625 0.028125 0.031250
0 0.654687 0.829688 0.028125 0.028125
0 0.831250 0.176563 0.025000 0.028125
0 0.978125 0.948438 0.031250 0.028125
0 0.287500 0.359375 0.031250 0.031250
0 0.609375 0.734375 0.031250 0.031250
0 0.489063 0.932813 0.028125 0.028125
0 0.682813 0.845313 0.028125 0.028125
0 0.943750 0.096875 0.031250 0.031250
0 0.573438 0.978125 0.028125 0.025000
0 0.523438 0.414062 0.028125 0.028125
0 0.559375 0.015625 0.031250 0.031250
0 0.585938 0.695312 0.028125 0.028125
0 0.573438 0.726562 0.028125 0.028125
0 0.817187 0.201563 0.028125 0.028125
0 0.423438 0.470313 0.028125 0.028125
0 0.289062 0.245312 0.028125 0.028125
0 0.495312 0.070312 0.028125 0.028125
0 0.285938 0.775000 0.028125 0.031250
0 0.285938 0.070312 0.028125 0.028125
0 0.285938 0.301563 0.028125 0.028125
0 0.285938 0.212500 0.028125 0.031250
0 0.875000 0.095312 0.031250 0.028125
0 0.290625 0.546875 0.031250 0.031250
0 0.837500 0.228125 0.025000 0.025000
0 0.935937 0.507812 0.028125 0.028125
0 0.596875 0.665625 0.025000 0.025000
0 0.289062 0.421875 0.028125 0.031250
0 0.285938 0.715625 0.028125 0.031250
0 0.373437 0.845313 0.028125 0.028125
0 0.620313 0.704688 0.028125 0.028125
0 0.848437 0.201563 0.028125 0.028125
0 0.975000 0.100000 0.031250 0.031250
0 0.940625 0.676562 0.031250 0.028125
0 0.287500 0.579688 0.031250 0.028125
0 0.804688 0.226562 0.028125 0.028125
0 0.317188 0.779687 0.028125 0.028125
0 0.692187 0.014063 0.028125 0.028125
0 0.373437 0.445312 0.028125 0.028125
0 0.493750 0.014063 0.031250 0.028125
0 0.460938 0.014063 0.028125 0.028125
0 0.285938 0.487500 0.028125 0.031250
0 0.593750 0.015625 0.031250 0.031250
0 0.285938 0.864062 0.028125 0.028125
0 0.659375 0.014063 0.031250 0.028125
0 0.515625 0.981250 0.025000 0.025000
0 0.800000 0.617188 0.025000 0.028125
0 0.726562 0.014063 0.028125 0.028125
0 0.400000 0.954688 0.025000 0.028125
0 0.517188 0.884375 0.028125 0.025000
0 0.706250 0.385937 0.025000 0.028125
0 0.295312 0.179688 0.028125 0.028125
0 0.626563 0.014063 0.028125 0.028125
0 0.901563 0.560937 0.028125 0.028125
0 0.293750 0.745313 0.025000 0.028125
0 0.854688 0.253125 0.028125 0.031250
0 0.639062 0.214062 0.028125 0.028125
0 0.285938 0.954688 0.028125 0.028125
0 0.564063 0.614062 0.028125 0.028125
0 0.981250 0.731250 0.031250 0.031250
0 0.789062 0.014063 0.028125 0.028125
0 0.879687 0.204687 0.028125 0.028125
0 0.425000 0.014063 0.025000 0.028125
0 0.285938 0.925000 0.028125 0.025000
