0 0.081250 0.920312 0.031250 0.028125
0 0.204687 0.879687 0.028125 0.028125
0 0.920312 0.173437 0.028125 0.028125
0 0.189062 0.675000 0.028125 0.031250
0 0.890625 0.290625 0.031250 0.031250
0 0.707812 0.895312 0.028125 0.028125
0 0.173437 0.889062 0.028125 0.028125
0 0.882812 0.851562 0.028125 0.028125
0 0.935937 0.920312 0.028125 0.028125
0 0.265625 0.168750 0.031250 0.031250
0 0.157812 0.835938 0.028125 0.028125
0 0.218750 0.814063 0.031250 0.028125
0 0.039062 0.165625 0.028125 0.031250
0 0.951562 0.123438 0.028125 0.028125
0 0.376563 0.879687 0.028125 0.028125
0 0.095312 0.854688 0.028125 0.028125
0 0.423438 0.920312 0.028125 0.028125
0 0.021875 0.193750 0.031250 0.031250
0 0.651563 0.885938 0.028125 0.028125
0 0.254688 0.920312 0.028125 0.028125
0 0.151562 0.137500 0.028125 0.031250
0 0.676562 0.904687 0.028125 0.028125
0 0.021875 0.137500 0.031250 0.031250
0 0.118750 0.137500 0.031250 0.031250
0 0.081250 0.623437 0.031250 0.028125
0 0.232813 0.051562 0.028125 0.028125
0 0.054688 0.023438 0.028125 0.028125
0 0.893750 0.256250 0.031250 0.031250
0 0.345313 0.889062 0.028125 0.028125
0 0.862500 0.196875 0.031250 0.031250
0 0.906250 0.901563 0.031250 0.028125
0 0.021875 0.079687 0.031250 0.028125
0 0.893750 0.079687 0.031250 0.028125
0 0.945312 0.254688 0.028125 0.028125
0 0.860938 0.768750 0.028125 0.031250
0 0.782813 0.282813 0.028125 0.028125
0 0.175000 0.739062 0.031250 0.028125
0 0.153125 0.309375 0.031250 0.031250
0 0.250000 0.803125 0.031250 0.031250
0 0.850000 0.340625 0.031250 0.031250
0 0.075000 0.803125 0.031250 0.031250
0 0.167187 0.109375 0.028125 0.031250
0 0.539062 0.145313 0.028125 0.028125
0 0.409375 0.146875 0.031250 0.031250
0 0.946875 0.059375 0.031250 0.031250
0 0.920312 0.275000 0.028125 0.031250
0 0.246875 0.496875 0.031250 0.031250
0 0.064062 0.864062 0.028125 0.028125
0 0.200000 0.225000 0.031250 0.031250
0 0.846875 0.168750 0.031250 0.031250
0 0.751563 0.284375 0.028125 0.031250
0 0.281250 0.081250 0.031250 0.031250
0 0.239063 0.717187 0.028125 0.028125
0 0.317188 0.748437 0.028125 0.028125
0 0.117188 0.876563 0.028125 0.028125
0 0.296875 0.110937 0.031250 0.028125
0 0.248438 0.023438 0.028125 0.028125
0 0.201563 0.051562 0.028125 0.028125
0 0.139063 0.781250 0.028125 0.031250
0 0.104688 0.109375 0.028125 0.031250
0 0.554688 0.118750 0.028125 0.031250
0 0.604688 0.032813 0.028125 0.028125
0 0.604688 0.200000 0.028125 0.031250
0 0.135937 0.223438 0.028125 0.028125
0 0.426563 0.231250 0.028125 0.031250
0 0.215625 0.137500 0.031250 0.031250
0 0.089063 0.195312 0.028125 0.028125
0 0.023438 0.606250 0.028125 0.031250
0 0.250000 0.137500 0.031250 0.031250
0 0.912500 0.050000 0.031250 0.031250
0 0.532813 0.939063 0.028125 0.028125
0 0.210938 0.848437 0.028125 0.028125
0 0.267188 0.857812 0.028125 0.028125
0 0.867188 0.437500 0.028125 0.031250
0 0.114062 0.909375 0.028125 0.031250
0 0.153125 0.251563 0.031250 0.028125
0 0.426563 0.398438 0.028125 0.028125
0 0.126562 0.845313 0.028125 0.028125
0 0.114062 0.612500 0.028125 0.031250
0 0.153125 0.418750 0.031250 0.031250
0 0.168750 0.223438 0.031250 0.028125
0 0.282813 0.910937 0.028125 0.028125
0 0.312500 0.081250 0.031250 0.031250
0 0.471875 0.090625 0.031250 0.031250
0 0.071875 0.165625 0.031250 0.031250
0 0.681250 0.873437 0.031250 0.028125
0 0.081250 0.768750 0.031250 0.031250
0 0.893750 0.387500 0.031250 0.031250
0 0.160938 0.951562 0.028125 0.028125
0 0.542188 0.873437 0.028125 0.028125
0 0.879687 0.050000 0.028125 0.031250
0 0.164062 0.801562 0.028125 0.028125
0 0.648438 0.920312 0.028125 0.028125
0 0.865625 0.371875 0.031250 0.031250
0 0.232813 0.748437 0.028125 0.028125
0 0.087500 0.079687 0.031250 0.028125
0 0.514062 0.889062 0.028125 0.028125
0 0.184375 0.079687 0.031250 0.028125
0 0.895312 0.453125 0.028125 0.031250
0 0.598437 0.848437 0.028125 0.028125
0 0.168750 0.281250 0.031250 0.031250
0 0.918750 0.235937 0.031250 0.028125
0 0.071875 0.278125 0.031250 0.031250
0 0.815625 0.114062 0.031250 0.028125
0 0.321875 0.559375 0.031250 0.031250
0 0.739062 0.846875 0.028125 0.031250
0 0.279687 0.792188 0.028125 0.028125
0 0.050000 0.781250 0.031250 0.031250
0 0.132812 0.810937 0.028125 0.028125
0 0.620313 0.901563 0.028125 0.028125
0 0.815625 0.284375 0.031250 0.031250
0 0.184375 0.137500 0.031250 0.031250
0 0.117188 0.582812 0.028125 0.028125
0 0.800000 0.312500 0.031250 0.031250
0 0.487500 0.064062 0.031250 0.028125
0 0.070312 0.832812 0.028125 0.028125
0 0.218750 0.251563 0.031250 0.028125
0 0.145313 0.898438 0.028125 0.028125
0 0.200000 0.167187 0.031250 0.028125
0 0.120313 0.195312 0.028125 0.028125
0 0.715625 0.793750 0.031250 0.031250
0 0.179688 0.857812 0.028125 0.028125
0 0.215625 0.512500 0.031250 0.031250
0 0.571875 0.145313 0.031250 0.028125
0 0.085938 0.885938 0.028125 0.028125
0 0.184375 0.421875 0.031250 0.031250
0 0.710938 0.860938 0.028125 0.028125
0 0.714063 0.826562 0.028125 0.028125
0 0.850000 0.925000 0.031250 0.031250
0 0.085938 0.739062 0.028125 0.028125
0 0.050000 0.929688 0.031250 0.028125
0 0.937500 0.854688 0.031250 0.028125
0 0.589063 0.173437 0.028125 0.028125
0 0.571875 0.089063 0.031250 0.028125
0 0.056250 0.364063 0.031250 0.028125
0 0.328125 0.835938 0.031250 0.028125
0 0.273438 0.673438 0.028125 0.028125
0 0.265625 0.050000 0.031250 0.031250
0 0.539062 0.907813 0.028125 0.028125
0 0.103125 0.165625 0.031250 0.031250
0 0.170313 0.392188 0.028125 0.028125
0 0.185938 0.826562 0.028125 0.028125
0 0.184375 0.196875 0.031250 0.031250
0 0.151562 0.020313 0.028125 0.028125
0 0.312500 0.137500 0.031250 0.031250
0 0.231250 0.165625 0.031250 0.031250
0 0.345313 0.485938 0.028125 0.028125
0 0.846875 0.226562 0.031250 0.028125
0 0.521875 0.573438 0.031250 0.034375
0 0.226562 0.632812 0.028125 0.028125
0 0.743750 0.815625 0.031250 0.031250
0 0.056250 0.195312 0.031250 0.028125
0 0.314063 0.196875 0.028125 0.031250
0 0.326562 0.110937 0.028125 0.028125
0 0.246875 0.079687 0.031250 0.028125
0 0.359375 0.053125 0.031250 0.031250
0 0.056250 0.898438 0.031250 0.028125
0 0.187500 0.975000 0.031250 0.031250
0 0.718750 0.284375 0.031250 0.031250
0 0.256250 0.771875 0.031250 0.031250
0 0.910937 0.107813 0.028125 0.028125
0 0.865625 0.479687 0.031250 0.028125
0 0.564063 0.925000 0.028125 0.031250
0 0.150000 0.867188 0.031250 0.028125
0 0.893750 0.196875 0.031250 0.031250
0 0.523438 0.175000 0.028125 0.031250
0 0.184375 0.251563 0.031250 0.028125
0 0.331250 0.228125 0.031250 0.031250
0 0.217188 0.023438 0.028125 0.028125
0 0.085938 0.251563 0.028125 0.028125
0 0.251563 0.253125 0.028125 0.031250
0 0.475000 0.559375 0.031250 0.031250
0 0.895312 0.420312 0.028125 0.028125
0 0.171875 0.335938 0.031250 0.028125
0 0.670312 0.314063 0.028125 0.028125
0 0.248438 0.951562 0.028125 0.028125
0 0.826562 0.842187 0.028125 0.028125
0 0.120313 0.418750 0.028125 0.031250
0 0.298438 0.846875 0.028125 0.031250
0 0.135937 0.278125 0.028125 0.031250
0 0.204687 0.579688 0.028125 0.028125
0 0.620313 0.229687 0.028125 0.028125
0 0.131250 0.515625 0.031250 0.031250
0 0.167187 0.167187 0.028125 0.028125
0 0.454688 0.910937 0.028125 0.028125
0 0.534375 0.037500 0.031250 0.031250
0 0.457813 0.231250 0.028125 0.031250
0 0.073438 0.335938 0.028125 0.028125
0 0.923438 0.204687 0.028125 0.028125
0 0.231250 0.110937 0.031250 0.028125
0 0.829688 0.142187 0.028125 0.028125
0 0.632812 0.804688 0.028125 0.028125
0 0.198437 0.610938 0.028125 0.028125
0 0.345313 0.198437 0.028125 0.028125
0 0.232813 0.451562 0.028125 0.028125
0 0.203125 0.392188 0.031250 0.028125
0 0.039062 0.109375 0.028125 0.031250
0 0.023438 0.251563 0.028125 0.028125
0 0.923438 0.140625 0.028125 0.031250
0 0.926562 0.465625 0.028125 0.031250
0 0.878125 0.167187 0.031250 0.028125
0 0.114062 0.759375 0.028125 0.031250
0 0.973437 0.306250 0.028125 0.031250
0 0.120313 0.251563 0.028125 0.028125
0 0.223438 0.779687 0.028125 0.028125
0 0.192188 0.792188 0.028125 0.028125
0 0.301563 0.964063 0.028125 0.028125
0 0.950000 0.090625 0.031250 0.031250
0 0.893750 0.325000 0.031250 0.031250
0 0.670312 0.201563 0.028125 0.028125
0 0.934375 0.021875 0.031250 0.031250
0 0.039062 0.842187 0.028125 0.028125
0 0.779687 0.170313 0.028125 0.028125
0 0.306250 0.660937 0.031250 0.028125
0 0.281250 0.484375 0.031250 0.031250
0 0.507812 0.257812 0.028125 0.028125
0 0.314063 0.898438 0.028125 0.028125
0 0.104688 0.278125 0.028125 0.031250
0 0.215625 0.196875 0.031250 0.031250
0 0.101562 0.823438 0.028125 0.028125
0 0.071875 0.109375 0.031250 0.031250
0 0.104688 0.223438 0.028125 0.028125
0 0.367188 0.910937 0.028125 0.028125
0 0.343750 0.770312 0.031250 0.028125
0 0.948438 0.387500 0.028125 0.031250
0 0.234375 0.225000 0.031250 0.031250
0 0.773438 0.804688 0.028125 0.028125
0 0.203125 0.337500 0.031250 0.031250
0 0.298438 0.696875 0.028125 0.031250
0 0.639062 0.257812 0.028125 0.028125
0 0.201563 0.760938 0.028125 0.028125
0 0.492188 0.285938 0.028125 0.028125
0 0.767188 0.312500 0.028125 0.031250
0 0.054688 0.476562 0.028125 0.028125
0 0.353125 0.857812 0.031250 0.028125
0 0.368750 0.640625 0.031250 0.031250
0 0.187500 0.526563 0.031250 0.028125
0 0.262500 0.109375 0.031250 0.031250
0 0.670312 0.425000 0.028125 0.031250
0 0.346875 0.370312 0.031250 0.028125
0 0.054688 0.598437 0.028125 0.028125
0 0.148438 0.570312 0.028125 0.028125
0 0.604688 0.089063 0.028125 0.028125
0 0.021875 0.307812 0.031250 0.028125
0 0.023438 0.364063 0.028125 0.028125
0 0.443750 0.315625 0.031250 0.031250
0 0.926562 0.503125 0.028125 0.031250
0 0.334375 0.651563 0.031250 0.028125
0 0.864062 0.020313 0.028125 0.028125
0 0.878125 0.884375 0.031250 0.031250
0 0.800000 0.087500 0.031250 0.031250
0 0.890625 0.753125 0.031250 0.031250
0 0.153125 0.475000 0.031250 0.031250
0 0.975000 0.040625 0.031250 0.031250
0 0.168750 0.771875 0.031250 0.031250
0 0.054688 0.135937 0.028125 0.028125
0 0.056250 0.307812 0.031250 0.028125
0 0.750000 0.339062 0.031250 0.028125
0 0.428125 0.512500 0.031250 0.031250
0 0.409375 0.426563 0.031250 0.028125
0 0.864062 0.310937 0.028125 0.028125
0 0.129688 0.962500 0.028125 0.031250
0 0.039062 0.696875 0.028125 0.031250
0 0.071875 0.392188 0.031250 0.028125
0 0.879687 0.223438 0.028125 0.028125
0 0.362500 0.173437 0.031250 0.028125
0 0.718750 0.339062 0.031250 0.028125
0 0.095312 0.706250 0.028125 0.031250
0 0.039062 0.337500 0.028125 0.031250
0 0.962500 0.765625 0.031250 0.031250
0 0.153125 0.195312 0.031250 0.028125
0 0.335938 0.804688 0.028125 0.028125
0 0.039062 0.510938 0.028125 0.028125
0 0.767188 0.254688 0.028125 0.028125
0 0.123438 0.548438 0.028125 0.028125
0 0.484375 0.900000 0.031250 0.031250
0 0.443750 0.975000 0.031250 0.031250
0 0.687500 0.284375 0.031250 0.031250
0 0.070312 0.685937 0.028125 0.028125
0 0.240625 0.534375 0.031250 0.031250
0 0.884375 0.817187 0.031250 0.028125
0 0.054688 0.079687 0.028125 0.028125
0 0.059375 0.568750 0.031250 0.031250
0 0.846875 0.112500 0.031250 0.031250
0 0.239063 0.867188 0.028125 0.028125
0 0.378125 0.426563 0.031250 0.028125
0 0.910937 0.835938 0.028125 0.028125
0 0.050000 0.631250 0.031250 0.031250
0 0.670312 0.257812 0.028125 0.028125
0 0.200000 0.109375 0.031250 0.031250
0 0.965625 0.840625 0.031250 0.031250
0 0.948438 0.221875 0.028125 0.031250
0 0.296875 0.167187 0.031250 0.028125
0 0.862500 0.256250 0.031250 0.031250
0 0.329688 0.684375 0.028125 0.031250
0 0.120313 0.362500 0.028125 0.031250
0 0.289062 0.878125 0.028125 0.031250
0 0.304688 0.814063 0.028125 0.028125
0 0.831250 0.253125 0.031250 0.031250
0 0.264062 0.737500 0.028125 0.031250
0 0.268750 0.706250 0.031250 0.031250
0 0.362500 0.285938 0.031250 0.028125
0 0.540625 0.259375 0.031250 0.031250
0 0.300000 0.225000 0.031250 0.031250
0 0.640625 0.425000 0.031250 0.031250
0 0.857812 0.801562 0.028125 0.028125
0 0.934375 0.746875 0.031250 0.031250
0 0.473438 0.145313 0.028125 0.028125
0 0.039062 0.051562 0.028125 0.028125
0 0.492188 0.343750 0.028125 0.031250
0 0.039062 0.279687 0.028125 0.028125
0 0.179688 0.560937 0.028125 0.028125
0 0.043750 0.812500 0.031250 0.031250
0 0.135937 0.929688 0.028125 0.028125
0 0.037500 0.448437 0.031250 0.028125
0 0.157812 0.685937 0.028125 0.028125
0 0.242188 0.685937 0.028125 0.028125
0 0.376563 0.087500 0.028125 0.031250
0 0.604688 0.370312 0.028125 0.028125
0 0.087500 0.592187 0.031250 0.028125
0 0.581250 0.732812 0.025000 0.028125
0 0.635938 0.367188 0.028125 0.028125
0 0.639062 0.203125 0.028125 0.031250
0 0.120313 0.307812 0.028125 0.028125
0 0.448437 0.673438 0.028125 0.028125
0 0.832812 0.195312 0.028125 0.028125
0 0.609375 0.753125 0.031250 0.031250
0 0.878125 0.109375 0.031250 0.031250
0 0.281250 0.137500 0.031250 0.031250
0 0.070312 0.050000 0.028125 0.031250
0 0.054688 0.418750 0.028125 0.031250
0 0.273438 0.826562 0.028125 0.028125
0 0.842187 0.571875 0.028125 0.031250
0 0.454688 0.062500 0.028125 0.031250
0 0.587500 0.398438 0.031250 0.028125
0 0.853125 0.831250 0.031250 0.031250
0 0.701562 0.310937 0.028125 0.028125
0 0.834375 0.746875 0.031250 0.031250
0 0.817187 0.057813 0.028125 0.028125
0 0.629687 0.835938 0.028125 0.028125
0 0.604688 0.257812 0.028125 0.028125
0 0.279687 0.020313 0.028125 0.028125
0 0.395313 0.285938 0.028125 0.028125
0 0.415625 0.717187 0.031250 0.028125
0 0.300000 0.340625 0.031250 0.031250
0 0.798438 0.142187 0.028125 0.028125
0 0.476562 0.257812 0.028125 0.028125
0 0.898438 0.020313 0.028125 0.028125
0 0.484375 0.590625 0.031250 0.031250
0 0.589063 0.342187 0.028125 0.028125
0 0.734375 0.910937 0.031250 0.028125
0 0.601562 0.817187 0.028125 0.028125
0 0.104688 0.392188 0.028125 0.028125
0 0.329688 0.454688 0.028125 0.028125
0 0.864062 0.403125 0.028125 0.031250
0 0.529687 0.971875 0.028125 0.031250
0 0.893750 0.557813 0.031250 0.028125
0 0.659375 0.823438 0.025000 0.028125
0 0.343750 0.137500 0.031250 0.031250
0 0.587500 0.229687 0.031250 0.028125
0 0.478125 0.621875 0.031250 0.031250
0 0.846875 0.282813 0.031250 0.028125
0 0.442188 0.203125 0.028125 0.031250
0 0.021875 0.021875 0.031250 0.031250
0 0.975000 0.371875 0.031250 0.031250
0 0.492188 0.229687 0.028125 0.028125
0 0.503125 0.951562 0.025000 0.028125
0 0.476562 0.657813 0.028125 0.028125
0 0.867188 0.732812 0.028125 0.028125
0 0.748437 0.576562 0.028125 0.028125
0 0.085938 0.473438 0.028125 0.028125
0 0.042188 0.664062 0.028125 0.028125
0 0.504687 0.145313 0.028125 0.028125
0 0.492188 0.398438 0.028125 0.028125
0 0.250000 0.195312 0.031250 0.028125
0 0.271875 0.284375 0.031250 0.031250
0 0.540625 0.203125 0.031250 0.031250
0 0.535937 0.092188 0.028125 0.028125
0 0.362500 0.229687 0.031250 0.028125
0 0.339062 0.920312 0.028125 0.028125
0 0.525000 0.285938 0.031250 0.028125
0 0.187500 0.490625 0.031250 0.031250
0 0.682813 0.629687 0.028125 0.028125
0 0.176563 0.592187 0.028125 0.028125
0 0.976562 0.071875 0.028125 0.031250
0 0.535937 0.540625 0.028125 0.031250
0 0.314063 0.254688 0.028125 0.028125
0 0.200000 0.453125 0.031250 0.031250
0 0.090625 0.562500 0.031250 0.031250
0 0.360938 0.517188 0.028125 0.028125
0 0.179688 0.706250 0.028125 0.031250
0 0.107813 0.792188 0.028125 0.028125
0 0.832812 0.368750 0.028125 0.031250
0 0.356250 0.975000 0.031250 0.031250
0 0.429688 0.285938 0.028125 0.028125
0 0.828125 0.809375 0.031250 0.031250
0 0.187500 0.365625 0.031250 0.031250
0 0.312500 0.023438 0.031250 0.028125
0 0.660937 0.790625 0.028125 0.031250
0 0.135937 0.050000 0.028125 0.031250
0 0.460938 0.285938 0.028125 0.028125
0 0.603125 0.314063 0.031250 0.028125
0 0.073438 0.654687 0.028125 0.028125
0 0.068750 0.537500 0.031250 0.031250
0 0.914062 0.804688 0.028125 0.028125
0 0.506250 0.428125 0.031250 0.031250
0 0.578125 0.765625 0.031250 0.031250
0 0.265625 0.225000 0.031250 0.031250
0 0.310937 0.779687 0.028125 0.028125
0 0.589063 0.284375 0.028125 0.031250
0 0.346875 0.257812 0.031250 0.028125
0 0.915625 0.534375 0.031250 0.031250
0 0.207813 0.728125 0.028125 0.031250
0 0.409375 0.259375 0.031250 0.031250
0 0.814063 0.168750 0.028125 0.031250
0 0.523438 0.229687 0.028125 0.028125
0 0.020313 0.790625 0.028125 0.031250
0 0.346875 0.581250 0.031250 0.031250
0 0.087500 0.137500 0.031250 0.031250
0 0.848437 0.540625 0.028125 0.031250
0 0.032813 0.876563 0.028125 0.028125
0 0.748437 0.782813 0.028125 0.028125
0 0.798438 0.198437 0.028125 0.028125
0 0.271875 0.975000 0.031250 0.031250
0 0.170313 0.623437 0.028125 0.028125
0 0.382812 0.846875 0.028125 0.031250
0 0.032813 0.728125 0.028125 0.031250
0 0.831250 0.310937 0.031250 0.028125
0 0.039062 0.221875 0.028125 0.031250
0 0.098437 0.531250 0.028125 0.031250
0 0.764062 0.898438 0.028125 0.028125
0 0.654687 0.342187 0.028125 0.028125
0 0.557813 0.957812 0.028125 0.028125
0 0.376563 0.143750 0.028125 0.031250
0 0.475000 0.693750 0.031250 0.031250
0 0.901563 0.932813 0.028125 0.028125
0 0.242188 0.835938 0.028125 0.028125
0 0.556250 0.231250 0.031250 0.031250
0 0.189062 0.307812 0.028125 0.028125
0 0.135937 0.337500 0.028125 0.031250
0 0.954688 0.484375 0.028125 0.031250
0 0.540625 0.370312 0.031250 0.028125
0 0.654687 0.285938 0.028125 0.028125
0 0.298438 0.454688 0.028125 0.028125
0 0.703125 0.925000 0.031250 0.031250
0 0.071875 0.223438 0.031250 0.028125
0 0.685937 0.228125 0.028125 0.031250
0 0.839063 0.714063 0.028125 0.028125
0 0.362500 0.456250 0.031250 0.031250
0 0.915625 0.771875 0.031250 0.031250
0 0.556250 0.285938 0.031250 0.028125
0 0.071875 0.504687 0.031250 0.028125
0 0.281250 0.195312 0.031250 0.028125
0 0.509375 0.370312 0.031250 0.028125
0 0.585938 0.701562 0.028125 0.028125
0 0.654687 0.229687 0.028125 0.028125
0 0.556250 0.342187 0.031250 0.028125
0 0.387500 0.696875 0.031250 0.031250
0 0.229687 0.898438 0.028125 0.028125
0 0.576562 0.798438 0.028125 0.028125
0 0.018750 0.940625 0.031250 0.031250
0 0.567187 0.039062 0.028125 0.028125
0 0.392188 0.117188 0.028125 0.028125
0 0.357812 0.826562 0.028125 0.028125
0 0.717187 0.567187 0.028125 0.028125
0 0.393750 0.398438 0.031250 0.028125
0 0.782813 0.737500 0.028125 0.031250
0 0.626563 0.868750 0.028125 0.031250
0 0.920312 0.370312 0.028125 0.028125
0 0.212500 0.695312 0.025000 0.028125
0 0.487500 0.518750 0.031250 0.031250
0 0.089063 0.418750 0.028125 0.031250
0 0.089063 0.362500 0.028125 0.031250
0 0.509375 0.920312 0.025000 0.028125
0 0.026562 0.759375 0.028125 0.031250
0 0.409375 0.203125 0.031250 0.031250
0 0.210938 0.545312 0.028125 0.028125
0 0.378125 0.728125 0.031250 0.031250
0 0.589063 0.060937 0.028125 0.028125
0 0.792188 0.885938 0.028125 0.028125
0 0.907813 0.870313 0.028125 0.028125
0 0.457813 0.879687 0.028125 0.028125
0 0.253125 0.312500 0.031250 0.031250
0 0.946875 0.323437 0.031250 0.028125
0 0.360938 0.675000 0.028125 0.031250
0 0.817187 0.395313 0.028125 0.028125
0 0.651563 0.645312 0.028125 0.028125
0 0.120313 0.728125 0.028125 0.031250
0 0.471875 0.034375 0.031250 0.031250
0 0.151562 0.079687 0.028125 0.028125
0 0.362500 0.400000 0.031250 0.031250
0 0.537500 0.428125 0.031250 0.031250
0 0.135937 0.167187 0.028125 0.028125
0 0.064062 0.717187 0.028125 0.028125
0 0.589063 0.670312 0.028125 0.028125
0 0.235937 0.339062 0.028125 0.028125
0 0.307812 0.929688 0.028125 0.028125
0 0.782813 0.339062 0.028125 0.028125
0 0.562500 0.650000 0.031250 0.031250
0 0.923438 0.403125 0.028125 0.031250
0 0.890625 0.137500 0.031250 0.031250
0 0.489063 0.118750 0.028125 0.031250
0 0.393750 0.229687 0.031250 0.028125
0 0.526563 0.729688 0.028125 0.028125
0 0.145313 0.603125 0.028125 0.031250
0 0.645312 0.951562 0.028125 0.028125
0 0.848437 0.050000 0.028125 0.031250
0 0.459375 0.175000 0.031250 0.031250
0 0.192188 0.940625 0.028125 0.031250
0 0.281250 0.642188 0.031250 0.028125
0 0.026562 0.909375 0.028125 0.031250
0 0.448437 0.942187 0.028125 0.028125
0 0.420312 0.954688 0.028125 0.028125
0 0.623437 0.342187 0.028125 0.028125
0 0.701562 0.254688 0.028125 0.028125
0 0.567187 0.895312 0.028125 0.028125
0 0.346875 0.426563 0.031250 0.028125
0 0.620313 0.285938 0.028125 0.028125
0 0.185938 0.020313 0.028125 0.028125
0 0.153125 0.365625 0.031250 0.031250
0 0.782813 0.228125 0.028125 0.031250
0 0.570312 0.314063 0.028125 0.028125
0 0.556250 0.398438 0.031250 0.028125
0 0.265625 0.454688 0.031250 0.028125
0 0.378125 0.200000 0.031250 0.031250
0 0.118750 0.020313 0.031250 0.028125
0 0.631250 0.465625 0.031250 0.031250
0 0.571875 0.257812 0.031250 0.028125
0 0.251563 0.368750 0.028125 0.031250
0 0.151562 0.717187 0.028125 0.028125
0 0.087500 0.020313 0.031250 0.028125
0 0.520312 0.064062 0.028125 0.028125
0 0.101562 0.676562 0.028125 0.028125
0 0.654687 0.398438 0.028125 0.028125
0 0.401562 0.621875 0.028125 0.031250
0 0.314063 0.481250 0.028125 0.031250
0 0.576562 0.829688 0.028125 0.028125
0 0.832812 0.020313 0.028125 0.028125
0 0.704688 0.423438 0.028125 0.028125
0 0.860938 0.140625 0.028125 0.031250
0 0.364063 0.942187 0.028125 0.028125
0 0.282813 0.368750 0.028125 0.031250
0 0.620313 0.398438 0.028125 0.028125
0 0.839063 0.418750 0.028125 0.031250
0 0.282813 0.426563 0.028125 0.028125
0 0.948438 0.154688 0.028125 0.028125
0 0.671875 0.368750 0.031250 0.031250
0 0.167187 0.050000 0.028125 0.031250
0 0.393750 0.175000 0.031250 0.031250
0 0.375000 0.604688 0.031250 0.028125
0 0.831250 0.779687 0.031250 0.028125
0 0.343750 0.084375 0.031250 0.031250
0 0.685937 0.842187 0.028125 0.028125
0 0.362500 0.342187 0.031250 0.028125
0 0.473438 0.428125 0.028125 0.031250
0 0.798438 0.254688 0.028125 0.028125
0 0.473438 0.371875 0.028125 0.031250
0 0.251563 0.654687 0.028125 0.028125
0 0.057813 0.748437 0.028125 0.028125
0 0.235937 0.567187 0.028125 0.028125
0 0.145313 0.748437 0.028125 0.028125
0 0.523438 0.398438 0.028125 0.028125
0 0.125000 0.696875 0.031250 0.031250
0 0.251563 0.425000 0.028125 0.031250
0 0.285938 0.759375 0.028125 0.031250
0 0.687500 0.395313 0.031250 0.028125
0 0.920312 0.304688 0.028125 0.028125
0 0.643750 0.676562 0.031250 0.028125
0 0.218750 0.364063 0.031250 0.028125
0 0.285938 0.607812 0.028125 0.028125
0 0.759375 0.931250 0.031250 0.031250
0 0.407813 0.482812 0.028125 0.028125
0 0.732812 0.257812 0.028125 0.028125
0 0.331250 0.951562 0.025000 0.028125
0 0.790625 0.917188 0.031250 0.028125
0 0.973437 0.270313 0.028125 0.028125
0 0.925000 0.564063 0.031250 0.028125
0 0.928125 0.712500 0.031250 0.031250
0 0.779687 0.773438 0.028125 0.028125
0 0.925000 0.434375 0.031250 0.031250
0 0.890625 0.356250 0.031250 0.031250
0 0.801562 0.031250 0.028125 0.031250
0 0.042188 0.962500 0.028125 0.031250
0 0.164062 0.654687 0.028125 0.028125
0 0.303125 0.284375 0.031250 0.031250
0 0.817187 0.339062 0.028125 0.028125
0 0.425000 0.175000 0.031250 0.031250
0 0.056250 0.251563 0.031250 0.028125
0 0.107813 0.643750 0.028125 0.031250
0 0.237500 0.282813 0.031250 0.028125
0 0.817187 0.551562 0.028125 0.028125
0 0.476562 0.315625 0.028125 0.031250
0 0.806250 0.759375 0.031250 0.031250
0 0.260937 0.889062 0.028125 0.028125
0 0.687500 0.809375 0.031250 0.031250
0 0.765625 0.867188 0.031250 0.028125
0 0.137500 0.392188 0.031250 0.028125
0 0.507812 0.314063 0.028125 0.028125
0 0.276562 0.942187 0.028125 0.028125
0 0.104688 0.448437 0.028125 0.028125
0 0.195312 0.645312 0.028125 0.028125
0 0.170313 0.920312 0.028125 0.028125
0 0.329688 0.168750 0.028125 0.031250
0 0.035937 0.542188 0.028125 0.028125
0 0.568750 0.540625 0.031250 0.031250
0 0.439063 0.032813 0.028125 0.028125
0 0.732812 0.310937 0.028125 0.028125
0 0.551562 0.065625 0.028125 0.031250
0 0.509375 0.612500 0.031250 0.031250
0 0.976562 0.137500 0.028125 0.031250
0 0.862500 0.079687 0.031250 0.028125
0 0.832812 0.087500 0.028125 0.031250
0 0.793750 0.854688 0.031250 0.028125
0 0.220312 0.309375 0.028125 0.031250
0 0.220312 0.664062 0.028125 0.028125
0 0.100000 0.975000 0.031250 0.031250
0 0.442188 0.259375 0.028125 0.031250
0 0.784375 0.057813 0.031250 0.028125
0 0.300000 0.398438 0.031250 0.028125
0 0.359375 0.112500 0.031250 0.031250
0 0.618750 0.657813 0.031250 0.028125
0 0.309375 0.626563 0.031250 0.028125
0 0.853125 0.509375 0.031250 0.031250
0 0.348438 0.739062 0.028125 0.028125
0 0.768750 0.835938 0.031250 0.028125
0 0.657813 0.490625 0.028125 0.031250
0 0.604688 0.785937 0.028125 0.028125
0 0.267188 0.398438 0.028125 0.028125
0 0.946875 0.289062 0.031250 0.028125
0 0.314063 0.425000 0.028125 0.031250
0 0.540625 0.315625 0.031250 0.031250
0 0.217188 0.423438 0.028125 0.028125
0 0.801562 0.792188 0.028125 0.028125
0 0.257812 0.587500 0.028125 0.031250
0 0.460938 0.343750 0.028125 0.031250
0 0.296875 0.051562 0.031250 0.028125
0 0.340625 0.026562 0.031250 0.028125
0 0.503125 0.035937 0.031250 0.028125
0 0.573438 0.370312 0.028125 0.028125
0 0.920312 0.339062 0.028125 0.028125
0 0.685937 0.342187 0.028125 0.028125
0 0.614062 0.689063 0.028125 0.028125
0 0.379688 0.314063 0.028125 0.028125
0 0.410938 0.368750 0.028125 0.031250
0 0.670312 0.695312 0.028125 0.028125
0 0.814063 0.976562 0.034375 0.034375
0 0.651563 0.173437 0.028125 0.028125
0 0.328125 0.521875 0.031250 0.031250
0 0.070312 0.446875 0.028125 0.031250
0 0.951562 0.420312 0.028125 0.028125
0 0.954688 0.517188 0.034375 0.034375
0 0.331250 0.342187 0.031250 0.028125
0 0.595313 0.879687 0.028125 0.028125
0 0.101562 0.050000 0.028125 0.031250
0 0.959375 0.703125 0.031250 0.031250
0 0.504687 0.093750 0.028125 0.031250
0 0.782813 0.112500 0.028125 0.031250
0 0.156250 0.539062 0.031250 0.028125
0 0.926562 0.954688 0.028125 0.028125
0 0.640625 0.707812 0.031250 0.028125
0 0.557813 0.682813 0.028125 0.028125
0 0.456250 0.120313 0.031250 0.028125
0 0.460938 0.400000 0.028125 0.031250
0 0.139063 0.634375 0.028125 0.031250
0 0.443750 0.610938 0.031250 0.034375
0 0.629687 0.501563 0.028125 0.028125
0 0.282813 0.253125 0.028125 0.031250
0 0.673438 0.939063 0.028125 0.028125
0 0.331250 0.398438 0.031250 0.028125
0 0.703125 0.537500 0.031250 0.031250
0 0.198437 0.910937 0.028125 0.028125
0 0.664062 0.757812 0.028125 0.028125
0 0.506250 0.646875 0.031250 0.031250
0 0.215625 0.481250 0.031250 0.031250
0 0.442188 0.429688 0.028125 0.028125
0 0.829688 0.487500 0.028125 0.031250
0 0.635938 0.742188 0.028125 0.028125
0 0.546875 0.843750 0.031250 0.031250
0 0.415625 0.550000 0.031250 0.031250
0 0.798438 0.825000 0.028125 0.031250
0 0.885938 0.785937 0.028125 0.028125
0 0.443750 0.146875 0.031250 0.031250
0 0.135937 0.109375 0.028125 0.031250
0 0.507812 0.201563 0.028125 0.028125
0 0.387500 0.962500 0.031250 0.031250
0 0.523438 0.342187 0.028125 0.028125
0 0.028125 0.575000 0.031250 0.031250
0 0.556250 0.175000 0.031250 0.031250
0 0.853125 0.862500 0.031250 0.031250
0 0.479687 0.931250 0.028125 0.025000
0 0.425000 0.117188 0.031250 0.028125
0 0.410938 0.314063 0.028125 0.028125
0 0.235937 0.398438 0.028125 0.028125
0 0.753125 0.748437 0.031250 0.028125
0 0.587500 0.117188 0.031250 0.028125
0 0.879687 0.529687 0.028125 0.028125
0 0.728125 0.601562 0.031250 0.028125
0 0.328125 0.054688 0.031250 0.028125
0 0.520312 0.120313 0.028125 0.028125
0 0.476562 0.201563 0.028125 0.028125
0 0.935937 0.885938 0.028125 0.028125
0 0.254688 0.620313 0.028125 0.028125
0 0.379688 0.373437 0.028125 0.028125
0 0.104688 0.940625 0.028125 0.025000
0 0.039062 0.392188 0.028125 0.028125
0 0.392188 0.664062 0.028125 0.028125
0 0.446875 0.540625 0.031250 0.031250
0 0.962500 0.734375 0.031250 0.031250
0 0.089063 0.307812 0.028125 0.028125
0 0.551562 0.748437 0.028125 0.028125
0 0.692187 0.593750 0.028125 0.031250
0 0.959375 0.939063 0.031250 0.028125
0 0.639062 0.314063 0.028125 0.028125
0 0.215625 0.081250 0.031250 0.031250
0 0.551562 0.510938 0.028125 0.028125
0 0.293750 0.542188 0.031250 0.028125
0 0.767188 0.367188 0.028125 0.028125
0 0.262500 0.553125 0.031250 0.031250
0 0.450000 0.640625 0.031250 0.031250
0 0.729688 0.945312 0.028125 0.028125
0 0.314063 0.595313 0.028125 0.028125
0 0.814063 0.223438 0.028125 0.028125
0 0.139063 0.448437 0.028125 0.028125
0 0.676562 0.664062 0.028125 0.028125
0 0.412500 0.589063 0.031250 0.034375
0 0.553125 0.568750 0.031250 0.031250
0 0.759375 0.606250 0.031250 0.031250
0 0.426563 0.343750 0.028125 0.031250
0 0.021875 0.418750 0.031250 0.031250
0 0.757812 0.718750 0.028125 0.031250
0 0.823438 0.520312 0.028125 0.028125
0 0.871875 0.948438 0.031250 0.028125
0 0.535937 0.482812 0.028125 0.028125
0 0.331250 0.284375 0.031250 0.031250
0 0.937500 0.595313 0.031250 0.028125
0 0.371875 0.760938 0.031250 0.028125
0 0.843750 0.459375 0.031250 0.031250
0 0.614062 0.720313 0.028125 0.028125
0 0.537500 0.628125 0.031250 0.031250
0 0.321875 0.867188 0.025000 0.028125
0 0.939063 0.823438 0.028125 0.028125
0 0.457813 0.456250 0.028125 0.031250
0 0.021875 0.481250 0.031250 0.031250
0 0.689063 0.778125 0.028125 0.031250
0 0.367188 0.792188 0.028125 0.028125
0 0.901563 0.693750 0.028125 0.031250
0 0.229687 0.598437 0.028125 0.028125
0 0.582812 0.978125 0.028125 0.031250
0 0.475000 0.484375 0.031250 0.031250
0 0.810937 0.582812 0.028125 0.028125
0 0.398438 0.898438 0.028125 0.028125
0 0.209375 0.282813 0.031250 0.028125
0 0.323437 0.717187 0.028125 0.028125
0 0.426563 0.456250 0.028125 0.031250
0 0.317188 0.314063 0.028125 0.028125
0 0.735938 0.879687 0.028125 0.028125
0 0.570312 0.864062 0.028125 0.028125
0 0.967187 0.873437 0.028125 0.028125
0 0.801562 0.368750 0.028125 0.031250
0 0.596875 0.634375 0.031250 0.031250
0 0.382812 0.542188 0.028125 0.028125
0 0.429688 0.890625 0.028125 0.031250
0 0.456250 0.510938 0.031250 0.028125
0 0.521875 0.510938 0.031250 0.028125
0 0.948438 0.184375 0.028125 0.031250
0 0.570312 0.484375 0.028125 0.031250
0 0.295312 0.726562 0.028125 0.028125
0 0.389062 0.814063 0.028125 0.028125
0 0.617188 0.932813 0.028125 0.028125
0 0.104688 0.335938 0.028125 0.028125
0 0.732812 0.367188 0.028125 0.028125
0 0.393750 0.456250 0.031250 0.031250
0 0.585938 0.510938 0.028125 0.028125
0 0.534375 0.665625 0.031250 0.031250
0 0.818750 0.939063 0.031250 0.028125
0 0.351562 0.550000 0.028125 0.031250
0 0.700000 0.682813 0.031250 0.028125
0 0.445312 0.706250 0.028125 0.031250
0 0.906250 0.662500 0.031250 0.031250
0 0.632812 0.773438 0.028125 0.028125
0 0.571875 0.201563 0.031250 0.028125
0 0.523438 0.454688 0.028125 0.028125
0 0.289062 0.575000 0.028125 0.031250
0 0.381250 0.573438 0.031250 0.028125
0 0.314063 0.370312 0.028125 0.028125
0 0.696875 0.714063 0.031250 0.028125
0 0.271875 0.518750 0.031250 0.031250
0 0.117188 0.079687 0.028125 0.028125
0 0.768750 0.032813 0.031250 0.028125
0 0.823438 0.876563 0.028125 0.028125
0 0.506250 0.481250 0.031250 0.031250
0 0.170313 0.448437 0.028125 0.028125
0 0.284375 0.314063 0.031250 0.028125
0 0.406250 0.750000 0.031250 0.031250
0 0.442188 0.484375 0.028125 0.031250
0 0.593750 0.915625 0.031250 0.031250
0 0.873437 0.582812 0.028125 0.028125
0 0.550000 0.779687 0.025000 0.028125
0 0.379688 0.259375 0.028125 0.031250
0 0.159375 0.506250 0.031250 0.031250
0 0.267188 0.339062 0.028125 0.028125
0 0.440625 0.573438 0.031250 0.028125
0 0.620313 0.173437 0.028125 0.028125
0 0.103125 0.501563 0.031250 0.028125
0 0.968750 0.807813 0.031250 0.028125
0 0.442188 0.370312 0.028125 0.028125
0 0.340625 0.612500 0.031250 0.031250
0 0.223438 0.932813 0.028125 0.028125
0 0.948438 0.354687 0.028125 0.028125
0 0.973437 0.239063 0.028125 0.028125
0 0.614062 0.964063 0.028125 0.028125
0 0.953125 0.968750 0.031250 0.031250
0 0.685937 0.451562 0.028125 0.028125
0 0.406250 0.868750 0.031250 0.031250
0 0.553125 0.454688 0.031250 0.028125
0 0.018750 0.640625 0.031250 0.031250
0 0.639062 0.029687 0.028125 0.028125
0 0.667188 0.726562 0.028125 0.028125
0 0.504687 0.548438 0.028125 0.028125
0 0.121875 0.475000 0.031250 0.031250
0 0.375000 0.026562 0.031250 0.028125
0 0.073438 0.951562 0.028125 0.028125
0 0.706250 0.651563 0.031250 0.028125
0 0.489063 0.175000 0.028125 0.031250
0 0.976562 0.104688 0.028125 0.028125
0 0.720313 0.450000 0.028125 0.031250
0 0.392188 0.510938 0.028125 0.028125
0 0.717187 0.395313 0.028125 0.028125
0 0.973437 0.337500 0.028125 0.031250
0 0.348438 0.314063 0.028125 0.028125
0 0.654687 0.556250 0.028125 0.031250
0 0.473438 0.962500 0.028125 0.031250
0 0.409375 0.089063 0.031250 0.028125
0 0.734375 0.634375 0.031250 0.031250
0 0.489063 0.456250 0.028125 0.031250
0 0.703125 0.367188 0.031250 0.028125
0 0.392188 0.931250 0.028125 0.025000
0 0.487500 0.867188 0.031250 0.028125
0 0.962500 0.906250 0.031250 0.031250
0 0.354687 0.706250 0.028125 0.031250
0 0.395313 0.342187 0.028125 0.028125
0 0.900000 0.485938 0.031250 0.028125
0 0.610938 0.604688 0.028125 0.028125
0 0.418750 0.646875 0.031250 0.031250
0 0.815625 0.692187 0.031250 0.028125
0 0.832812 0.601562 0.028125 0.028125
0 0.378125 0.482812 0.031250 0.028125
0 0.501563 0.710938 0.028125 0.028125
0 0.848437 0.893750 0.028125 0.031250
0 0.798438 0.421875 0.028125 0.031250
0 0.517188 0.854688 0.028125 0.028125
0 0.790625 0.451562 0.031250 0.028125
0 0.932813 0.681250 0.028125 0.031250
0 0.898438 0.968750 0.028125 0.031250
0 0.951562 0.451562 0.028125 0.028125
0 0.620313 0.060937 0.028125 0.028125
0 0.300000 0.510938 0.031250 0.028125
0 0.767188 0.550000 0.028125 0.031250
0 0.756250 0.665625 0.031250 0.031250
0 0.820312 0.907813 0.028125 0.028125
0 0.554688 0.714063 0.028125 0.028125
0 0.398438 0.781250 0.028125 0.031250
0 0.654687 0.854688 0.028125 0.028125
0 0.504687 0.679688 0.028125 0.028125
0 0.529687 0.696875 0.028125 0.031250
0 0.843750 0.962500 0.031250 0.031250
0 0.810937 0.728125 0.028125 0.031250
0 0.390625 0.057813 0.031250 0.028125
0 0.959375 0.548438 0.031250 0.028125
0 0.767188 0.637500 0.028125 0.031250
0 0.543750 0.598437 0.031250 0.028125
0 0.692187 0.482812 0.028125 0.028125
0 0.818750 0.662500 0.031250 0.031250
0 0.217188 0.964063 0.028125 0.028125
0 0.721875 0.746875 0.031250 0.031250
0 0.970313 0.640625 0.034375 0.031250
0 0.739062 0.976562 0.034375 0.034375
0 0.545312 0.810937 0.028125 0.028125
0 0.681250 0.514062 0.031250 0.028125
0 0.937500 0.650000 0.031250 0.031250
0 0.751563 0.059375 0.028125 0.031250
0 0.589063 0.946875 0.028125 0.025000
0 0.731250 0.687500 0.031250 0.031250
0 0.578125 0.590625 0.031250 0.031250
0 0.900000 0.725000 0.031250 0.031250
0 0.856250 0.687500 0.031250 0.031250
0 0.646875 0.615625 0.031250 0.031250
0 0.765625 0.142187 0.031250 0.028125
0 0.792188 0.950000 0.028125 0.031250
0 0.418750 0.684375 0.031250 0.031250
0 0.682813 0.565625 0.028125 0.025000
0 0.792188 0.531250 0.028125 0.031250
0 0.923438 0.079687 0.028125 0.028125
0 0.568750 0.428125 0.031250 0.031250
0 0.660937 0.585938 0.028125 0.028125
0 0.439063 0.092188 0.028125 0.028125
0 0.767188 0.087500 0.028125 0.031250
0 0.876563 0.915625 0.028125 0.031250
0 0.600000 0.484375 0.031250 0.031250
0 0.735938 0.543750 0.028125 0.031250
0 0.904687 0.585938 0.028125 0.028125
0 0.978125 0.406250 0.031250 0.031250
0 0.918750 0.621875 0.031250 0.031250
0 0.789062 0.706250 0.028125 0.031250
0 0.968750 0.606250 0.031250 0.031250
0 0.942187 0.789062 0.028125 0.028125
0 0.779687 0.579688 0.028125 0.028125
0 0.750000 0.171875 0.031250 0.031250
0 0.621875 0.575000 0.031250 0.031250
0 0.692187 0.748437 0.028125 0.028125
0 0.650000 0.523438 0.031250 0.028125
0 0.767188 0.198437 0.028125 0.028125
0 0.014063 0.821875 0.028125 0.031250
0 0.668750 0.031250 0.031250 0.031250
0 0.420312 0.060937 0.028125 0.028125
0 0.962500 0.671875 0.031250 0.031250
0 0.701562 0.201563 0.028125 0.028125
0 0.657813 0.451562 0.028125 0.028125
0 0.820312 0.442188 0.028125 0.028125
0 0.587500 0.454688 0.031250 0.028125
0 0.404687 0.029687 0.028125 0.028125
0 0.723437 0.481250 0.028125 0.031250
0 0.787500 0.675000 0.031250 0.031250
0 0.728125 0.718750 0.031250 0.031250
0 0.525000 0.760938 0.025000 0.028125
0 0.875000 0.662500 0.031250 0.031250
0 0.765625 0.962500 0.031250 0.031250
0 0.612500 0.531250 0.031250 0.031250
0 0.132812 0.664062 0.028125 0.028125
0 0.684375 0.057813 0.031250 0.028125
0 0.434375 0.857812 0.025000 0.028125
0 0.467187 0.729688 0.028125 0.028125
0 0.770312 0.476562 0.028125 0.028125
0 0.567187 0.620313 0.028125 0.028125
0 0.717187 0.060937 0.028125 0.028125
0 0.734375 0.423438 0.031250 0.028125
0 0.684375 0.173437 0.031250 0.028125
0 0.410938 0.835938 0.028125 0.028125
0 0.065625 0.979688 0.025000 0.028125
0 0.973437 0.203125 0.034375 0.031250
0 0.684375 0.115625 0.031250 0.031250
0 0.153125 0.979688 0.025000 0.028125
