0 0.298438 0.118750 0.034375 0.037500
0 0.706250 0.568750 0.037500 0.037500
0 0.612500 0.368750 0.037500 0.037500
0 0.084375 0.729688 0.031250 0.028125
0 0.062500 0.175000 0.031250 0.031250
0 0.118750 0.728125 0.031250 0.031250
0 0.223438 0.290625 0.028125 0.031250
0 0.059375 0.290625 0.031250 0.031250
0 0.509375 0.381250 0.037500 0.037500
0 0.303125 0.812500 0.031250 0.031250
0 0.240625 0.146875 0.031250 0.031250
0 0.456250 0.809375 0.031250 0.031250
0 0.257812 0.290625 0.028125 0.031250
0 0.135937 0.756250 0.028125 0.031250
0 0.175000 0.087500 0.031250 0.031250
0 0.242188 0.320312 0.028125 0.028125
0 0.609375 0.731250 0.031250 0.031250
0 0.275000 0.146875 0.031250 0.031250
0 0.209375 0.146875 0.031250 0.031250
0 0.168750 0.756250 0.031250 0.031250
0 0.328125 0.228125 0.031250 0.031250
0 0.037500 0.818750 0.031250 0.031250
0 0.307812 0.321875 0.028125 0.031250
0 0.053125 0.787500 0.031250 0.031250
0 0.585938 0.131250 0.028125 0.031250
0 0.187500 0.784375 0.031250 0.031250
0 0.225000 0.118750 0.031250 0.031250
0 0.070312 0.759375 0.028125 0.031250
0 0.464062 0.118750 0.028125 0.031250
0 0.175000 0.320312 0.031250 0.028125
0 0.090625 0.406250 0.031250 0.031250
0 0.046875 0.206250 0.031250 0.031250
0 0.568750 0.309375 0.031250 0.031250
0 0.156250 0.115625 0.031250 0.031250
0 0.070312 0.818750 0.028125 0.031250
0 0.287500 0.725000 0.031250 0.031250
0 0.075000 0.375000 0.031250 0.031250
0 0.109375 0.378125 0.031250 0.031250
0 0.153125 0.845313 0.031250 0.034375
0 0.156250 0.056250 0.031250 0.031250
0 0.137500 0.434375 0.031250 0.031250
0 0.137500 0.550000 0.031250 0.031250
0 0.142187 0.320312 0.028125 0.028125
0 0.456250 0.353125 0.031250 0.031250
0 0.156250 0.406250 0.031250 0.031250
0 0.157812 0.348438 0.028125 0.028125
0 0.168750 0.815625 0.031250 0.031250
0 0.390625 0.356250 0.031250 0.031250
0 0.142187 0.204687 0.028125 0.028125
0 0.328125 0.729688 0.031250 0.034375
0 0.296875 0.668750 0.031250 0.031250
0 0.190625 0.115625 0.031250 0.031250
0 0.109375 0.320312 0.031250 0.028125
0 0.187500 0.725000 0.031250 0.031250
0 0.271875 0.378125 0.031250 0.031250
0 0.106250 0.434375 0.031250 0.031250
0 0.421875 0.296875 0.031250 0.031250
0 0.103125 0.759375 0.031250 0.031250
0 0.471875 0.321875 0.031250 0.031250
0 0.303125 0.553125 0.031250 0.031250
0 0.100000 0.700000 0.031250 0.031250
0 0.257812 0.668750 0.034375 0.031250
0 0.521875 0.784375 0.031250 0.031250
0 0.256250 0.725000 0.031250 0.031250
0 0.075000 0.318750 0.031250 0.031250
0 0.125000 0.350000 0.031250 0.031250
0 0.578125 0.220312 0.031250 0.034375
0 0.125000 0.175000 0.031250 0.031250
0 0.359375 0.834375 0.031250 0.031250
0 0.043750 0.262500 0.031250 0.031250
0 0.135937 0.815625 0.028125 0.031250
0 0.550000 0.767188 0.031250 0.028125
0 0.237500 0.812500 0.031250 0.031250
0 0.287500 0.781250 0.031250 0.031250
0 0.090625 0.350000 0.031250 0.031250
0 0.556250 0.340625 0.031250 0.031250
0 0.153125 0.787500 0.031250 0.031250
0 0.159375 0.290625 0.031250 0.031250
0 0.526563 0.196875 0.028125 0.031250
0 0.484375 0.528125 0.031250 0.031250
0 0.120313 0.521875 0.028125 0.031250
0 0.628125 0.675000 0.031250 0.031250
0 0.220312 0.784375 0.028125 0.031250
0 0.275000 0.318750 0.031250 0.031250
0 0.087500 0.789062 0.031250 0.028125
0 0.078125 0.203125 0.031250 0.031250
0 0.121875 0.465625 0.031250 0.031250
0 0.021875 0.462500 0.031250 0.031250
0 0.093750 0.234375 0.031250 0.031250
0 0.484375 0.700000 0.031250 0.031250
0 0.106250 0.550000 0.031250 0.031250
0 0.367188 0.096875 0.034375 0.031250
0 0.365625 0.796875 0.031250 0.031250
0 0.681250 0.209375 0.031250 0.031250
0 0.440625 0.382812 0.031250 0.028125
0 0.093750 0.290625 0.031250 0.031250
0 0.340625 0.259375 0.031250 0.031250
0 0.446875 0.646875 0.031250 0.031250
0 0.512500 0.682813 0.031250 0.034375
0 0.153125 0.521875 0.031250 0.031250
0 0.698438 0.243750 0.034375 0.031250
0 0.187500 0.843750 0.031250 0.031250
0 0.453125 0.470313 0.031250 0.028125
0 0.618750 0.275000 0.031250 0.031250
0 0.537500 0.500000 0.031250 0.031250
0 0.431250 0.617188 0.031250 0.028125
0 0.371875 0.382812 0.031250 0.028125
0 0.121875 0.579688 0.031250 0.028125
0 0.104688 0.493750 0.028125 0.031250
0 0.089063 0.464062 0.028125 0.028125
0 0.487500 0.798438 0.031250 0.028125
0 0.221875 0.725000 0.031250 0.031250
0 0.589063 0.396875 0.028125 0.031250
0 0.189062 0.406250 0.028125 0.031250
0 0.065625 0.703125 0.031250 0.031250
0 0.759375 0.275000 0.031250 0.031250
0 0.428125 0.209375 0.031250 0.031250
0 0.659375 0.181250 0.031250 0.031250
0 0.290625 0.175000 0.031250 0.031250
0 0.578125 0.718750 0.031250 0.031250
0 0.612500 0.215625 0.031250 0.031250
0 0.381250 0.765625 0.031250 0.031250
0 0.309375 0.700000 0.031250 0.031250
0 0.110937 0.204687 0.028125 0.028125
0 0.153125 0.465625 0.031250 0.031250
0 0.256250 0.350000 0.031250 0.031250
0 0.053125 0.850000 0.031250 0.031250
0 0.553125 0.282813 0.031250 0.028125
0 0.443750 0.089063 0.031250 0.034375
0 0.631250 0.243750 0.031250 0.031250
0 0.207813 0.320312 0.028125 0.028125
0 0.287500 0.578125 0.031250 0.031250
0 0.126562 0.290625 0.028125 0.031250
0 0.459375 0.204687 0.031250 0.028125
0 0.559375 0.193750 0.031250 0.031250
0 0.190625 0.348438 0.031250 0.028125
0 0.262500 0.115625 0.031250 0.031250
0 0.387500 0.298438 0.031250 0.028125
0 0.137500 0.490625 0.031250 0.031250
0 0.635938 0.709375 0.028125 0.031250
0 0.631250 0.475000 0.031250 0.031250
0 0.659375 0.684375 0.031250 0.031250
0 0.339062 0.382812 0.028125 0.028125
0 0.671875 0.296875 0.031250 0.031250
0 0.053125 0.115625 0.031250 0.031250
0 0.548438 0.734375 0.028125 0.031250
0 0.175000 0.204687 0.031250 0.034375
0 0.400000 0.796875 0.031250 0.031250
0 0.496875 0.559375 0.031250 0.031250
0 0.256250 0.175000 0.031250 0.031250
0 0.646875 0.212500 0.031250 0.031250
0 0.290625 0.290625 0.031250 0.031250
0 0.284375 0.640625 0.031250 0.031250
0 0.625000 0.184375 0.031250 0.031250
0 0.550000 0.698438 0.031250 0.028125
0 0.423438 0.821875 0.028125 0.031250
0 0.421875 0.062500 0.031250 0.031250
0 0.606250 0.156250 0.031250 0.031250
0 0.540625 0.165625 0.031250 0.031250
0 0.706250 0.378125 0.031250 0.031250
0 0.437500 0.440625 0.031250 0.031250
0 0.521875 0.343750 0.031250 0.031250
0 0.042188 0.318750 0.028125 0.031250
0 0.698438 0.278125 0.034375 0.031250
0 0.142187 0.260937 0.028125 0.028125
0 0.059375 0.234375 0.031250 0.031250
0 0.546875 0.225000 0.031250 0.031250
0 0.175000 0.146875 0.031250 0.031250
0 0.329688 0.671875 0.028125 0.031250
0 0.740625 0.106250 0.031250 0.031250
0 0.171875 0.434375 0.031250 0.031250
0 0.765625 0.376563 0.031250 0.034375
0 0.056250 0.464062 0.031250 0.028125
0 0.343750 0.071875 0.031250 0.031250
0 0.071875 0.492188 0.031250 0.028125
0 0.485938 0.470313 0.028125 0.028125
0 0.365625 0.615625 0.031250 0.031250
0 0.406250 0.325000 0.031250 0.031250
0 0.056250 0.520312 0.031250 0.028125
0 0.500000 0.256250 0.031250 0.031250
0 0.626563 0.440625 0.028125 0.031250
0 0.673438 0.331250 0.034375 0.031250
0 0.601562 0.462500 0.028125 0.031250
0 0.475000 0.087500 0.031250 0.031250
0 0.075000 0.434375 0.031250 0.031250
0 0.225000 0.350000 0.031250 0.031250
0 0.237500 0.756250 0.031250 0.031250
0 0.750000 0.140625 0.031250 0.031250
0 0.187500 0.578125 0.031250 0.031250
0 0.518750 0.287500 0.031250 0.031250
0 0.059375 0.406250 0.031250 0.031250
0 0.240625 0.203125 0.031250 0.031250
0 0.171875 0.490625 0.031250 0.031250
0 0.765625 0.084375 0.031250 0.031250
0 0.704688 0.345313 0.028125 0.028125
0 0.306250 0.379688 0.031250 0.028125
0 0.029687 0.176563 0.028125 0.028125
0 0.403125 0.440625 0.031250 0.031250
0 0.159375 0.175000 0.031250 0.031250
0 0.268750 0.609375 0.031250 0.031250
0 0.565625 0.251563 0.031250 0.028125
0 0.484375 0.589063 0.031250 0.028125
0 0.353125 0.159375 0.031250 0.031250
0 0.371875 0.187500 0.031250 0.031250
0 0.078125 0.140625 0.031250 0.031250
0 0.475000 0.381250 0.031250 0.031250
0 0.737500 0.393750 0.031250 0.031250
0 0.501563 0.500000 0.028125 0.031250
0 0.175000 0.260937 0.031250 0.028125
0 0.209375 0.089063 0.031250 0.034375
0 0.120313 0.787500 0.028125 0.031250
0 0.464062 0.617188 0.028125 0.028125
0 0.095312 0.079687 0.028125 0.028125
0 0.640625 0.153125 0.031250 0.031250
0 0.225000 0.175000 0.031250 0.031250
0 0.109375 0.262500 0.031250 0.031250
0 0.493750 0.765625 0.031250 0.031250
0 0.573438 0.160938 0.028125 0.028125
0 0.518750 0.140625 0.031250 0.031250
0 0.159375 0.231250 0.031250 0.031250
0 0.600000 0.653125 0.031250 0.031250
0 0.081250 0.671875 0.031250 0.031250
0 0.456250 0.412500 0.031250 0.031250
0 0.068750 0.053125 0.031250 0.031250
0 0.043750 0.146875 0.031250 0.031250
0 0.662500 0.485938 0.031250 0.028125
0 0.550000 0.532813 0.031250 0.028125
0 0.593750 0.189062 0.031250 0.034375
0 0.204687 0.434375 0.028125 0.031250
0 0.318750 0.584375 0.031250 0.031250
0 0.446875 0.235937 0.031250 0.028125
0 0.134375 0.698438 0.031250 0.028125
0 0.087500 0.520312 0.031250 0.028125
0 0.450000 0.148438 0.031250 0.028125
0 0.189062 0.464062 0.028125 0.028125
0 0.026562 0.290625 0.028125 0.031250
0 0.171875 0.550000 0.031250 0.031250
0 0.604688 0.495312 0.028125 0.028125
0 0.271875 0.756250 0.031250 0.031250
0 0.093750 0.640625 0.031250 0.031250
0 0.485938 0.287500 0.028125 0.031250
0 0.151562 0.728125 0.028125 0.031250
0 0.204687 0.698438 0.028125 0.028125
0 0.303125 0.753125 0.031250 0.031250
0 0.289062 0.407813 0.028125 0.028125
0 0.698438 0.531250 0.028125 0.031250
0 0.521875 0.715625 0.031250 0.031250
0 0.734375 0.359375 0.031250 0.031250
0 0.271875 0.203125 0.031250 0.031250
0 0.235937 0.606250 0.028125 0.031250
0 0.728125 0.259375 0.031250 0.031250
0 0.439063 0.325000 0.028125 0.031250
0 0.468750 0.500000 0.031250 0.031250
0 0.578125 0.750000 0.031250 0.031250
0 0.360938 0.731250 0.028125 0.031250
0 0.532813 0.256250 0.034375 0.031250
0 0.121875 0.059375 0.031250 0.031250
0 0.057813 0.346875 0.028125 0.031250
0 0.271875 0.262500 0.031250 0.031250
0 0.240625 0.260937 0.031250 0.028125
0 0.203125 0.756250 0.031250 0.031250
0 0.103125 0.815625 0.031250 0.031250
0 0.387500 0.071875 0.031250 0.031250
0 0.390625 0.412500 0.031250 0.031250
0 0.237500 0.550000 0.031250 0.031250
0 0.321875 0.290625 0.031250 0.031250
0 0.356250 0.412500 0.031250 0.031250
0 0.287500 0.843750 0.031250 0.031250
0 0.531250 0.621875 0.031250 0.031250
0 0.593750 0.620313 0.031250 0.028125
0 0.400000 0.617188 0.031250 0.028125
0 0.625000 0.631250 0.031250 0.031250
0 0.209375 0.262500 0.031250 0.031250
0 0.220312 0.578125 0.028125 0.031250
0 0.568750 0.642188 0.031250 0.028125
0 0.484375 0.143750 0.031250 0.031250
0 0.412500 0.646875 0.031250 0.031250
0 0.418750 0.153125 0.031250 0.031250
0 0.142187 0.146875 0.034375 0.031250
0 0.315625 0.642188 0.031250 0.028125
0 0.435937 0.500000 0.028125 0.031250
0 0.321875 0.353125 0.031250 0.031250
0 0.418750 0.470313 0.031250 0.028125
0 0.106250 0.609375 0.031250 0.031250
0 0.354687 0.353125 0.028125 0.031250
0 0.039062 0.493750 0.028125 0.031250
0 0.575000 0.678125 0.031250 0.031250
0 0.748437 0.457813 0.028125 0.028125
0 0.303125 0.609375 0.031250 0.031250
0 0.500000 0.112500 0.031250 0.031250
0 0.385937 0.156250 0.028125 0.031250
0 0.339062 0.192188 0.028125 0.028125
0 0.087500 0.846875 0.031250 0.031250
0 0.121875 0.846875 0.031250 0.031250
0 0.471875 0.440625 0.031250 0.031250
0 0.667188 0.518750 0.028125 0.031250
0 0.603125 0.696875 0.031250 0.031250
0 0.562500 0.609375 0.031250 0.031250
0 0.204687 0.814063 0.028125 0.028125
0 0.490625 0.412500 0.031250 0.031250
0 0.406250 0.181250 0.031250 0.031250
0 0.095312 0.168750 0.034375 0.031250
0 0.026562 0.232813 0.028125 0.028125
0 0.021875 0.521875 0.031250 0.031250
0 0.542188 0.665625 0.028125 0.031250
0 0.678125 0.396875 0.031250 0.031250
0 0.396875 0.675000 0.031250 0.031250
0 0.221875 0.521875 0.031250 0.031250
0 0.031250 0.090625 0.031250 0.031250
0 0.440625 0.176563 0.031250 0.028125
0 0.620313 0.406250 0.028125 0.031250
0 0.290625 0.231250 0.031250 0.031250
0 0.368750 0.556250 0.031250 0.031250
0 0.276562 0.696875 0.028125 0.031250
0 0.762500 0.340625 0.031250 0.031250
0 0.346875 0.760938 0.031250 0.034375
0 0.401562 0.268750 0.028125 0.031250
0 0.225000 0.231250 0.031250 0.031250
0 0.362500 0.671875 0.031250 0.031250
0 0.715625 0.443750 0.031250 0.031250
0 0.059375 0.646875 0.031250 0.031250
0 0.423438 0.353125 0.028125 0.031250
0 0.350000 0.584375 0.031250 0.031250
0 0.220312 0.843750 0.028125 0.031250
0 0.360938 0.218750 0.028125 0.031250
0 0.337500 0.495312 0.031250 0.028125
0 0.240625 0.090625 0.031250 0.031250
0 0.042188 0.376563 0.028125 0.028125
0 0.321875 0.168750 0.031250 0.031250
0 0.190625 0.290625 0.031250 0.031250
0 0.751563 0.490625 0.028125 0.031250
0 0.331250 0.137500 0.031250 0.031250
0 0.651563 0.271875 0.028125 0.031250
0 0.075000 0.262500 0.031250 0.031250
0 0.493750 0.200000 0.031250 0.031250
0 0.253125 0.579688 0.031250 0.028125
0 0.251563 0.635938 0.028125 0.028125
0 0.512500 0.228125 0.031250 0.031250
0 0.221875 0.406250 0.031250 0.031250
0 0.453125 0.709375 0.031250 0.031250
0 0.709375 0.412500 0.031250 0.031250
0 0.304688 0.437500 0.028125 0.031250
0 0.237500 0.434375 0.031250 0.031250
0 0.378125 0.703125 0.031250 0.031250
0 0.396875 0.126562 0.031250 0.034375
0 0.481250 0.646875 0.031250 0.031250
0 0.700000 0.312500 0.031250 0.031250
0 0.365625 0.131250 0.031250 0.031250
0 0.353125 0.526563 0.031250 0.028125
0 0.525000 0.412500 0.031250 0.031250
0 0.635938 0.507812 0.028125 0.028125
0 0.206250 0.203125 0.031250 0.031250
0 0.354687 0.465625 0.028125 0.031250
0 0.345313 0.703125 0.028125 0.031250
0 0.256250 0.521875 0.031250 0.031250
0 0.587500 0.584375 0.031250 0.031250
0 0.271875 0.550000 0.031250 0.031250
0 0.725000 0.162500 0.031250 0.031250
0 0.506250 0.440625 0.031250 0.031250
0 0.448437 0.587500 0.028125 0.031250
0 0.687500 0.465625 0.031250 0.031250
0 0.517188 0.528125 0.028125 0.031250
0 0.570312 0.450000 0.028125 0.031250
0 0.746875 0.571875 0.031250 0.031250
0 0.256250 0.407813 0.031250 0.028125
0 0.190625 0.231250 0.031250 0.031250
0 0.537500 0.314063 0.031250 0.028125
0 0.490625 0.350000 0.031250 0.031250
0 0.646875 0.387500 0.031250 0.031250
0 0.421875 0.412500 0.031250 0.031250
0 0.240625 0.378125 0.031250 0.031250
0 0.673438 0.151562 0.034375 0.034375
0 0.253125 0.843750 0.031250 0.031250
0 0.206250 0.376563 0.031250 0.028125
0 0.759375 0.309375 0.031250 0.031250
0 0.584375 0.278125 0.031250 0.031250
0 0.515625 0.589063 0.031250 0.034375
0 0.776563 0.407813 0.028125 0.028125
0 0.412500 0.237500 0.031250 0.031250
0 0.381250 0.646875 0.031250 0.031250
0 0.471875 0.173437 0.031250 0.028125
0 0.090625 0.578125 0.031250 0.031250
0 0.321875 0.839063 0.031250 0.028125
0 0.790625 0.473438 0.031250 0.034375
0 0.253125 0.784375 0.031250 0.031250
0 0.725000 0.509375 0.031250 0.031250
0 0.731250 0.328125 0.031250 0.031250
0 0.662500 0.240625 0.031250 0.031250
0 0.115625 0.671875 0.031250 0.031250
0 0.173437 0.376563 0.028125 0.028125
0 0.454688 0.292187 0.028125 0.028125
0 0.371875 0.325000 0.031250 0.031250
0 0.142187 0.376563 0.028125 0.028125
0 0.731250 0.542188 0.031250 0.028125
0 0.548438 0.389062 0.034375 0.034375
0 0.412500 0.095312 0.031250 0.034375
0 0.270313 0.437500 0.028125 0.031250
0 0.084375 0.110937 0.031250 0.028125
0 0.170313 0.607812 0.028125 0.028125
0 0.715625 0.131250 0.031250 0.031250
0 0.682813 0.432812 0.028125 0.028125
0 0.062500 0.084375 0.031250 0.031250
0 0.750000 0.425000 0.031250 0.031250
0 0.518750 0.470313 0.031250 0.028125
0 0.412500 0.762500 0.031250 0.031250
0 0.695312 0.496875 0.028125 0.031250
0 0.434375 0.265625 0.031250 0.031250
0 0.595313 0.428125 0.028125 0.031250
0 0.334375 0.612500 0.031250 0.031250
0 0.504687 0.168750 0.028125 0.031250
0 0.350000 0.643750 0.031250 0.031250
0 0.464062 0.675000 0.028125 0.031250
0 0.531250 0.109375 0.031250 0.031250
0 0.187500 0.053125 0.031250 0.031250
0 0.573438 0.484375 0.028125 0.031250
0 0.453125 0.528125 0.031250 0.031250
0 0.651563 0.418750 0.028125 0.031250
0 0.140625 0.609375 0.031250 0.031250
0 0.237500 0.696875 0.031250 0.031250
0 0.531250 0.559375 0.031250 0.031250
0 0.787500 0.287500 0.031250 0.031250
0 0.431250 0.120313 0.031250 0.028125
0 0.393750 0.212500 0.031250 0.031250
0 0.025000 0.346875 0.031250 0.031250
0 0.603125 0.306250 0.031250 0.031250
0 0.479687 0.231250 0.028125 0.031250
0 0.721875 0.193750 0.031250 0.031250
0 0.640625 0.540625 0.031250 0.031250
0 0.496875 0.618750 0.031250 0.031250
0 0.371875 0.500000 0.031250 0.031250
0 0.693750 0.178125 0.031250 0.031250
0 0.559375 0.418750 0.031250 0.031250
0 0.553125 0.137500 0.031250 0.031250
0 0.578125 0.550000 0.031250 0.031250
0 0.456250 0.054688 0.031250 0.034375
0 0.189062 0.521875 0.028125 0.031250
0 0.290625 0.350000 0.031250 0.031250
0 0.656250 0.453125 0.031250 0.031250
0 0.673438 0.628125 0.028125 0.031250
0 0.651563 0.651563 0.028125 0.028125
0 0.153125 0.578125 0.031250 0.031250
0 0.271875 0.812500 0.031250 0.031250
0 0.392188 0.829688 0.028125 0.028125
0 0.520312 0.748437 0.028125 0.028125
0 0.221875 0.464062 0.031250 0.028125
0 0.334375 0.103125 0.031250 0.031250
0 0.503125 0.318750 0.031250 0.031250
0 0.600000 0.246875 0.031250 0.031250
0 0.126562 0.234375 0.028125 0.031250
0 0.307812 0.204687 0.028125 0.028125
0 0.321875 0.409375 0.031250 0.031250
0 0.256250 0.231250 0.031250 0.031250
0 0.190625 0.175000 0.031250 0.031250
0 0.575000 0.368750 0.031250 0.031250
0 0.204687 0.492188 0.028125 0.028125
0 0.676562 0.364063 0.028125 0.028125
0 0.321875 0.782813 0.031250 0.034375
0 0.309375 0.081250 0.031250 0.031250
0 0.637500 0.303125 0.031250 0.031250
0 0.040625 0.434375 0.031250 0.031250
0 0.318750 0.525000 0.031250 0.031250
0 0.287500 0.521875 0.031250 0.031250
0 0.384375 0.587500 0.031250 0.031250
0 0.109375 0.137500 0.031250 0.031250
0 0.615625 0.600000 0.031250 0.031250
0 0.765625 0.537500 0.031250 0.031250
0 0.220312 0.635938 0.028125 0.028125
0 0.353125 0.300000 0.031250 0.031250
0 0.640625 0.573438 0.031250 0.028125
0 0.465625 0.262500 0.031250 0.031250
0 0.385937 0.468750 0.028125 0.031250
0 0.201563 0.606250 0.028125 0.031250
0 0.123438 0.404687 0.028125 0.028125
0 0.728125 0.293750 0.031250 0.031250
0 0.306250 0.260937 0.031250 0.028125
0 0.460938 0.743750 0.034375 0.031250
0 0.646875 0.606250 0.031250 0.031250
0 0.365625 0.048438 0.031250 0.034375
0 0.221875 0.668750 0.031250 0.031250
0 0.729688 0.600000 0.028125 0.031250
0 0.237500 0.492188 0.031250 0.028125
0 0.431250 0.789062 0.031250 0.028125
0 0.070312 0.020313 0.028125 0.028125
0 0.134375 0.031250 0.031250 0.031250
0 0.337500 0.556250 0.031250 0.031250
0 0.204687 0.550000 0.028125 0.031250
0 0.407813 0.382812 0.028125 0.028125
0 0.609375 0.562500 0.031250 0.031250
0 0.579688 0.517188 0.028125 0.028125
0 0.382812 0.242188 0.028125 0.028125
0 0.337500 0.809375 0.031250 0.031250
0 0.417187 0.587500 0.028125 0.031250
0 0.428125 0.031250 0.031250 0.031250
0 0.512500 0.646875 0.031250 0.031250
0 0.493750 0.731250 0.031250 0.031250
0 0.431250 0.678125 0.031250 0.031250
0 0.725000 0.225000 0.031250 0.031250
0 0.671875 0.584375 0.031250 0.031250
0 0.553125 0.578125 0.031250 0.031250
0 0.671875 0.553125 0.031250 0.031250
0 0.368750 0.270313 0.031250 0.028125
0 0.273438 0.087500 0.028125 0.031250
0 0.143750 0.087500 0.031250 0.031250
0 0.462500 0.776563 0.031250 0.028125
0 0.771875 0.115625 0.031250 0.031250
0 0.464062 0.557813 0.028125 0.028125
0 0.720313 0.475000 0.028125 0.031250
0 0.618750 0.126562 0.031250 0.028125
0 0.784375 0.250000 0.031250 0.031250
0 0.046875 0.675000 0.031250 0.031250
0 0.032813 0.704688 0.028125 0.028125
0 0.404687 0.498437 0.028125 0.028125
0 0.489063 0.059375 0.034375 0.031250
0 0.337500 0.437500 0.031250 0.031250
0 0.075000 0.610938 0.031250 0.028125
0 0.220312 0.057813 0.034375 0.034375
0 0.778125 0.506250 0.031250 0.031250
0 0.609375 0.528125 0.031250 0.031250
0 0.167187 0.696875 0.028125 0.031250
0 0.028125 0.646875 0.031250 0.031250
0 0.596875 0.100000 0.031250 0.031250
0 0.589063 0.334375 0.028125 0.031250
0 0.734375 0.071875 0.031250 0.031250
0 0.021875 0.850000 0.031250 0.031250
0 0.025000 0.406250 0.031250 0.031250
0 0.125000 0.637500 0.031250 0.031250
0 0.398438 0.039062 0.028125 0.028125
0 0.706250 0.635938 0.031250 0.028125
0 0.696875 0.604688 0.031250 0.028125
0 0.781250 0.150000 0.031250 0.031250
0 0.621875 0.331250 0.031250 0.031250
0 0.646875 0.353125 0.031250 0.031250
0 0.756250 0.171875 0.031250 0.031250
0 0.034375 0.057813 0.031250 0.034375
0 0.565625 0.104688 0.031250 0.028125
0 0.779687 0.442188 0.028125 0.028125
0 0.117188 0.104688 0.034375 0.034375
0 0.318750 0.050000 0.031250 0.031250
0 0.320312 0.467187 0.028125 0.028125
0 0.753125 0.206250 0.031250 0.031250
0 0.682813 0.118750 0.028125 0.031250
0 0.682813 0.660937 0.028125 0.028125
0 0.103125 0.023438 0.031250 0.028125
0 0.535937 0.445312 0.028125 0.028125
0 0.790625 0.325000 0.031250 0.031250
0 0.798438 0.365625 0.034375 0.031250
0 0.164062 0.020313 0.028125 0.028125
0 0.756250 0.046875 0.031250 0.031250
0 0.709375 0.096875 0.031250 0.031250
0 0.253125 0.464062 0.031250 0.028125
0 0.042188 0.553125 0.028125 0.031250
0 0.784375 0.215625 0.031250 0.031250
0 0.196875 0.021875 0.031250 0.031250
0 0.756250 0.240625 0.031250 0.031250
0 0.018750 0.790625 0.031250 0.031250
0 0.340625 0.028125 0.031250 0.031250
0 0.385937 0.529687 0.028125 0.028125
0 0.395313 0.731250 0.028125 0.031250
0 0.018750 0.121875 0.031250 0.031250
0 0.339062 0.325000 0.028125 0.031250
0 0.373437 0.439063 0.028125 0.028125
0 0.809375 0.393750 0.031250 0.031250
0 0.806250 0.428125 0.031250 0.031250
0 0.512500 0.084375 0.031250 0.031250
0 0.785937 0.057813 0.034375 0.034375
0 0.429688 0.731250 0.028125 0.031250
0 0.037500 0.028125 0.031250 0.031250
0 0.459375 0.018750 0.031250 0.031250
0 0.370312 0.017188 0.028125 0.028125
0 0.721875 0.042188 0.031250 0.028125
0 0.776563 0.018750 0.034375 0.031250
0 0.412500 0.704688 0.031250 0.028125
0 0.787500 0.182812 0.031250 0.034375
0 0.610938 0.067187 0.034375 0.034375
0 0.798438 0.090625 0.034375 0.031250
0 0.818750 0.339062 0.031250 0.028125
0 0.817187 0.306250 0.034375 0.031250
0 0.596875 0.776563 0.031250 0.028125
0 0.817187 0.165625 0.034375 0.037500
0 0.231250 0.028125 0.031250 0.031250
0 0.565625 0.796875 0.031250 0.031250
0 0.498437 0.829688 0.028125 0.028125
0 0.654687 0.735938 0.028125 0.028125
0 0.628125 0.757812 0.025000 0.028125
0 0.534375 0.814063 0.025000 0.028125
0 0.489063 0.025000 0.034375 0.031250
0 0.618750 0.035937 0.031250 0.034375
0 0.587500 0.040625 0.031250 0.031250
0 0.014063 0.204687 0.028125 0.028125
0 0.364063 0.870313 0.034375 0.034375
0 0.301563 0.493750 0.028125 0.031250
