0 0.750000 0.100000 0.037500 0.037500
0 0.937500 0.189062 0.031250 0.028125
0 0.896875 0.834375 0.031250 0.031250
0 0.812500 0.862500 0.031250 0.031250
0 0.850000 0.568750 0.031250 0.031250
0 0.478125 0.106250 0.037500 0.037500
0 0.881250 0.501563 0.031250 0.028125
0 0.825000 0.078125 0.031250 0.031250
0 0.768750 0.193750 0.031250 0.031250
0 0.837500 0.046875 0.031250 0.031250
0 0.417187 0.071875 0.028125 0.031250
0 0.898438 0.776563 0.028125 0.028125
0 0.812500 0.112500 0.031250 0.031250
0 0.882812 0.243750 0.028125 0.031250
0 0.865625 0.656250 0.031250 0.031250
0 0.831250 0.456250 0.031250 0.031250
0 0.948438 0.631250 0.028125 0.031250
0 0.932813 0.600000 0.028125 0.031250
0 0.940625 0.475000 0.031250 0.031250
0 0.885938 0.464062 0.028125 0.028125
0 0.329688 0.056250 0.028125 0.031250
0 0.848437 0.745313 0.028125 0.028125
0 0.921875 0.418750 0.031250 0.031250
0 0.568750 0.159375 0.031250 0.031250
0 0.785937 0.315625 0.028125 0.031250
0 0.570312 0.126562 0.028125 0.028125
0 0.790625 0.087500 0.031250 0.031250
0 0.565625 0.259375 0.031250 0.031250
0 0.568750 0.093750 0.031250 0.031250
0 0.881250 0.865625 0.031250 0.031250
0 0.912500 0.865625 0.031250 0.031250
0 0.901563 0.125000 0.028125 0.031250
0 0.729688 0.309375 0.028125 0.031250
0 0.596875 0.178125 0.031250 0.031250
0 0.359375 0.171875 0.031250 0.031250
0 0.834375 0.715625 0.031250 0.031250
0 0.915625 0.806250 0.031250 0.031250
0 0.850000 0.628125 0.031250 0.031250
0 0.687500 0.062500 0.031250 0.031250
0 0.818750 0.268750 0.031250 0.031250
0 0.771875 0.157812 0.031250 0.028125
0 0.300000 0.106250 0.031250 0.031250
0 0.795312 0.246875 0.028125 0.031250
0 0.881250 0.746875 0.031250 0.031250
0 0.815625 0.301563 0.031250 0.028125
0 0.671875 0.840625 0.031250 0.031250
0 0.850000 0.510938 0.031250 0.028125
0 0.767188 0.656250 0.028125 0.031250
0 0.859375 0.075000 0.031250 0.031250
0 0.800000 0.468750 0.031250 0.031250
0 0.857812 0.478125 0.028125 0.031250
0 0.387500 0.121875 0.031250 0.031250
0 0.800000 0.656250 0.031250 0.031250
0 0.598437 0.110937 0.028125 0.028125
0 0.868750 0.540625 0.031250 0.031250
0 0.956250 0.056250 0.031250 0.031250
0 0.910937 0.485938 0.028125 0.028125
0 0.923438 0.156250 0.028125 0.031250
0 0.917188 0.215625 0.028125 0.031250
0 0.759375 0.293750 0.031250 0.031250
0 0.834375 0.600000 0.031250 0.031250
0 0.603125 0.368750 0.031250 0.031250
0 0.742188 0.493750 0.028125 0.031250
0 0.417187 0.037500 0.028125 0.031250
0 0.656250 0.178125 0.031250 0.031250
0 0.573438 0.803125 0.028125 0.031250
0 0.657813 0.146875 0.034375 0.031250
0 0.770312 0.479687 0.028125 0.028125
0 0.656250 0.609375 0.031250 0.031250
0 0.910937 0.092188 0.028125 0.028125
0 0.804688 0.146875 0.028125 0.031250
0 0.743750 0.171875 0.031250 0.031250
0 0.331250 0.157812 0.031250 0.028125
0 0.600000 0.606250 0.031250 0.031250
0 0.884375 0.628125 0.031250 0.031250
0 0.868750 0.600000 0.031250 0.031250
0 0.656250 0.110937 0.031250 0.034375
0 0.950000 0.568750 0.031250 0.031250
0 0.698438 0.325000 0.028125 0.031250
0 0.334375 0.290625 0.031250 0.031250
0 0.864062 0.409375 0.028125 0.031250
0 0.537500 0.175000 0.031250 0.031250
0 0.850000 0.687500 0.031250 0.031250
0 0.815625 0.687500 0.031250 0.031250
0 0.750000 0.684375 0.031250 0.031250
0 0.925000 0.385937 0.031250 0.028125
0 0.596875 0.143750 0.031250 0.031250
0 0.510938 0.125000 0.028125 0.031250
0 0.970313 0.025000 0.028125 0.031250
0 0.946875 0.440625 0.031250 0.031250
0 0.754687 0.362500 0.028125 0.031250
0 0.804688 0.434375 0.028125 0.031250
0 0.331250 0.190625 0.031250 0.031250
0 0.300000 0.037500 0.031250 0.031250
0 0.715625 0.151562 0.031250 0.028125
0 0.646875 0.284375 0.031250 0.031250
0 0.782813 0.684375 0.028125 0.031250
0 0.846875 0.290625 0.031250 0.031250
0 0.820312 0.568750 0.028125 0.031250
0 0.303125 0.171875 0.031250 0.031250
0 0.625000 0.059375 0.031250 0.031250
0 0.687500 0.131250 0.031250 0.031250
0 0.923438 0.059375 0.028125 0.031250
0 0.884375 0.568750 0.031250 0.031250
0 0.415625 0.571875 0.037500 0.037500
0 0.568750 0.590625 0.031250 0.031250
0 0.331250 0.225000 0.031250 0.031250
0 0.626563 0.162500 0.034375 0.031250
0 0.303125 0.209375 0.031250 0.031250
0 0.626563 0.093750 0.028125 0.031250
0 0.718750 0.118750 0.031250 0.031250
0 0.815625 0.745313 0.031250 0.028125
0 0.682813 0.198437 0.028125 0.028125
0 0.726562 0.343750 0.028125 0.031250
0 0.846875 0.865625 0.031250 0.031250
0 0.951562 0.220312 0.028125 0.028125
0 0.743750 0.854688 0.031250 0.028125
0 0.934375 0.509375 0.031250 0.031250
0 0.846875 0.104688 0.031250 0.028125
0 0.904687 0.035937 0.028125 0.028125
0 0.723437 0.376563 0.028125 0.028125
0 0.765625 0.714063 0.031250 0.028125
0 0.654687 0.212500 0.028125 0.031250
0 0.757812 0.329688 0.028125 0.028125
0 0.900000 0.600000 0.031250 0.031250
0 0.951562 0.407813 0.028125 0.028125
0 0.676562 0.267188 0.028125 0.028125
0 0.815625 0.020313 0.031250 0.028125
0 0.300000 0.140625 0.031250 0.031250
0 0.748437 0.139063 0.028125 0.028125
0 0.637500 0.353125 0.031250 0.031250
0 0.706250 0.850000 0.031250 0.031250
0 0.417187 0.137500 0.028125 0.031250
0 0.879687 0.096875 0.028125 0.031250
0 0.656250 0.540625 0.031250 0.031250
0 0.600000 0.471875 0.031250 0.031250
0 0.767188 0.225000 0.028125 0.031250
0 0.778125 0.125000 0.031250 0.031250
0 0.739062 0.206250 0.028125 0.031250
0 0.915625 0.746875 0.031250 0.031250
0 0.598437 0.573438 0.028125 0.028125
0 0.771875 0.059375 0.031250 0.031250
0 0.712500 0.543750 0.031250 0.031250
0 0.600000 0.745313 0.031250 0.028125
0 0.512500 0.589063 0.031250 0.028125
0 0.784375 0.628125 0.031250 0.031250
0 0.778125 0.860938 0.031250 0.028125
0 0.685937 0.593750 0.028125 0.031250
0 0.740625 0.062500 0.031250 0.031250
0 0.740625 0.564063 0.031250 0.028125
0 0.631250 0.387500 0.031250 0.031250
0 0.543750 0.712500 0.031250 0.031250
0 0.804688 0.054688 0.028125 0.028125
0 0.734375 0.656250 0.031250 0.031250
0 0.900000 0.659375 0.031250 0.031250
0 0.731250 0.771875 0.031250 0.031250
0 0.448437 0.189062 0.028125 0.028125
0 0.859375 0.193750 0.031250 0.031250
0 0.540625 0.075000 0.031250 0.031250
0 0.796875 0.831250 0.031250 0.031250
0 0.782813 0.800000 0.028125 0.031250
0 0.656250 0.043750 0.031250 0.031250
0 0.684375 0.165625 0.031250 0.031250
0 0.621875 0.260937 0.031250 0.028125
0 0.932813 0.776563 0.028125 0.028125
0 0.714063 0.476562 0.028125 0.028125
0 0.656250 0.575000 0.031250 0.031250
0 0.712500 0.184375 0.031250 0.031250
0 0.657813 0.078125 0.028125 0.031250
0 0.456250 0.454688 0.031250 0.028125
0 0.800000 0.506250 0.031250 0.031250
0 0.484375 0.606250 0.031250 0.031250
0 0.418750 0.173437 0.031250 0.028125
0 0.815625 0.335938 0.031250 0.028125
0 0.932813 0.659375 0.028125 0.031250
0 0.306250 0.342187 0.031250 0.028125
0 0.567187 0.226562 0.028125 0.028125
0 0.304688 0.275000 0.028125 0.031250
0 0.571875 0.454688 0.031250 0.028125
0 0.854688 0.223438 0.028125 0.028125
0 0.734375 0.271875 0.031250 0.031250
0 0.628125 0.556250 0.031250 0.031250
0 0.803125 0.600000 0.031250 0.031250
0 0.717187 0.442188 0.028125 0.028125
0 0.425000 0.371875 0.031250 0.031250
0 0.765625 0.259375 0.031250 0.031250
0 0.568750 0.693750 0.031250 0.031250
0 0.750000 0.396875 0.031250 0.031250
0 0.662500 0.775000 0.031250 0.031250
0 0.684375 0.096875 0.031250 0.031250
0 0.664062 0.375000 0.028125 0.031250
0 0.600000 0.678125 0.031250 0.031250
0 0.915625 0.631250 0.031250 0.031250
0 0.870313 0.040625 0.028125 0.031250
0 0.456250 0.587500 0.031250 0.031250
0 0.579688 0.321875 0.034375 0.031250
0 0.509375 0.157812 0.031250 0.028125
0 0.790625 0.281250 0.031250 0.031250
0 0.917188 0.451562 0.028125 0.028125
0 0.625000 0.193750 0.031250 0.031250
0 0.331250 0.257812 0.031250 0.028125
0 0.360938 0.206250 0.028125 0.031250
0 0.834375 0.657813 0.031250 0.028125
0 0.626563 0.125000 0.028125 0.031250
0 0.390625 0.187500 0.031250 0.031250
0 0.300000 0.073438 0.031250 0.028125
0 0.540625 0.142187 0.031250 0.028125
0 0.784375 0.348438 0.031250 0.028125
0 0.387500 0.090625 0.031250 0.031250
0 0.396875 0.390625 0.031250 0.031250
0 0.900000 0.718750 0.031250 0.031250
0 0.945312 0.085938 0.028125 0.028125
0 0.868750 0.376563 0.031250 0.028125
0 0.796875 0.212500 0.031250 0.031250
0 0.456250 0.487500 0.031250 0.031250
0 0.834375 0.540625 0.031250 0.031250
0 0.573438 0.387500 0.028125 0.031250
0 0.881250 0.687500 0.031250 0.031250
0 0.417187 0.104688 0.028125 0.028125
0 0.450000 0.321875 0.031250 0.031250
0 0.798438 0.178125 0.028125 0.031250
0 0.687500 0.753125 0.031250 0.031250
0 0.542188 0.640625 0.028125 0.031250
0 0.765625 0.771875 0.031250 0.031250
0 0.506250 0.057813 0.031250 0.034375
0 0.751563 0.626563 0.028125 0.028125
0 0.360938 0.239063 0.028125 0.028125
0 0.870313 0.128125 0.028125 0.031250
0 0.623437 0.228125 0.028125 0.031250
0 0.826562 0.235937 0.028125 0.028125
0 0.706250 0.287500 0.031250 0.031250
0 0.539062 0.209375 0.028125 0.031250
0 0.448437 0.156250 0.028125 0.031250
0 0.329688 0.121875 0.028125 0.031250
0 0.278125 0.362500 0.031250 0.031250
0 0.628125 0.760938 0.031250 0.028125
0 0.271875 0.225000 0.031250 0.031250
0 0.603125 0.403125 0.031250 0.031250
0 0.865625 0.715625 0.031250 0.031250
0 0.890625 0.431250 0.031250 0.031250
0 0.540625 0.109375 0.031250 0.031250
0 0.600000 0.078125 0.031250 0.031250
0 0.932813 0.718750 0.028125 0.031250
0 0.890625 0.065625 0.031250 0.031250
0 0.837500 0.135937 0.031250 0.028125
0 0.864062 0.835938 0.028125 0.028125
0 0.965625 0.776563 0.031250 0.028125
0 0.567187 0.192188 0.028125 0.028125
0 0.487500 0.673438 0.031250 0.028125
0 0.873437 0.345313 0.028125 0.028125
0 0.309375 0.376563 0.031250 0.028125
0 0.850000 0.017188 0.031250 0.028125
0 0.976562 0.081250 0.028125 0.031250
0 0.918750 0.568750 0.031250 0.031250
0 0.512500 0.520312 0.031250 0.028125
0 0.362500 0.306250 0.031250 0.031250
0 0.948438 0.746875 0.028125 0.031250
0 0.479687 0.142187 0.028125 0.028125
0 0.601562 0.437500 0.028125 0.031250
0 0.568750 0.059375 0.031250 0.031250
0 0.671875 0.343750 0.031250 0.031250
0 0.864062 0.775000 0.028125 0.031250
0 0.860938 0.443750 0.028125 0.031250
0 0.901563 0.529687 0.034375 0.034375
0 0.800000 0.714063 0.031250 0.028125
0 0.540625 0.571875 0.031250 0.031250
0 0.515625 0.656250 0.031250 0.031250
0 0.359375 0.106250 0.031250 0.031250
0 0.542188 0.504687 0.028125 0.028125
0 0.598437 0.642188 0.028125 0.028125
0 0.656250 0.642188 0.031250 0.028125
0 0.931250 0.834375 0.031250 0.031250
0 0.479687 0.175000 0.028125 0.031250
0 0.453125 0.356250 0.031250 0.031250
0 0.301563 0.242188 0.028125 0.028125
0 0.956250 0.375000 0.031250 0.031250
0 0.967187 0.603125 0.028125 0.031250
0 0.700000 0.656250 0.031250 0.031250
0 0.690625 0.392188 0.031250 0.028125
0 0.712500 0.509375 0.031250 0.031250
0 0.775000 0.448437 0.031250 0.028125
0 0.425000 0.406250 0.031250 0.031250
0 0.598437 0.539062 0.028125 0.028125
0 0.512500 0.621875 0.031250 0.031250
0 0.629687 0.421875 0.028125 0.031250
0 0.700000 0.815625 0.031250 0.031250
0 0.715625 0.084375 0.031250 0.031250
0 0.484375 0.571875 0.031250 0.031250
0 0.846875 0.323437 0.031250 0.028125
0 0.329688 0.089063 0.028125 0.028125
0 0.484375 0.537500 0.031250 0.031250
0 0.359375 0.140625 0.031250 0.031250
0 0.828125 0.203125 0.031250 0.031250
0 0.748437 0.429688 0.028125 0.028125
0 0.903125 0.184375 0.031250 0.031250
0 0.510938 0.090625 0.028125 0.031250
0 0.446875 0.056250 0.031250 0.031250
0 0.948438 0.689063 0.028125 0.028125
0 0.720313 0.409375 0.028125 0.031250
0 0.628125 0.623437 0.031250 0.028125
0 0.739062 0.526563 0.028125 0.028125
0 0.948438 0.865625 0.034375 0.031250
0 0.595313 0.210938 0.028125 0.028125
0 0.782813 0.743750 0.028125 0.031250
0 0.362500 0.273438 0.031250 0.028125
0 0.303125 0.309375 0.031250 0.031250
0 0.568750 0.729688 0.031250 0.028125
0 0.537500 0.043750 0.031250 0.031250
0 0.967187 0.495312 0.028125 0.028125
0 0.334375 0.325000 0.031250 0.031250
0 0.512500 0.454688 0.031250 0.028125
0 0.390625 0.221875 0.031250 0.031250
0 0.448437 0.221875 0.028125 0.031250
0 0.618750 0.303125 0.031250 0.031250
0 0.595313 0.243750 0.028125 0.031250
0 0.456250 0.421875 0.031250 0.031250
0 0.570312 0.556250 0.028125 0.031250
0 0.600000 0.506250 0.031250 0.031250
0 0.734375 0.596875 0.031250 0.031250
0 0.573438 0.767188 0.028125 0.028125
0 0.685937 0.560937 0.028125 0.028125
0 0.542188 0.539062 0.028125 0.028125
0 0.421875 0.240625 0.031250 0.031250
0 0.512500 0.556250 0.031250 0.031250
0 0.568750 0.625000 0.031250 0.031250
0 0.387500 0.156250 0.031250 0.031250
0 0.515625 0.693750 0.031250 0.031250
0 0.428125 0.646875 0.031250 0.031250
0 0.543750 0.371875 0.031250 0.031250
0 0.517188 0.734375 0.028125 0.031250
0 0.596875 0.043750 0.031250 0.031250
0 0.800000 0.540625 0.031250 0.031250
0 0.300000 0.465625 0.031250 0.031250
0 0.962500 0.528125 0.031250 0.031250
0 0.512500 0.421875 0.031250 0.031250
0 0.876563 0.278125 0.028125 0.031250
0 0.685937 0.525000 0.028125 0.031250
0 0.484375 0.371875 0.031250 0.031250
0 0.456250 0.628125 0.031250 0.031250
0 0.768750 0.512500 0.031250 0.031250
0 0.314063 0.412500 0.028125 0.031250
0 0.425000 0.503125 0.031250 0.031250
0 0.475000 0.071875 0.031250 0.031250
0 0.904687 0.267188 0.028125 0.028125
0 0.860938 0.159375 0.028125 0.031250
0 0.542188 0.675000 0.028125 0.031250
0 0.418750 0.203125 0.031250 0.031250
0 0.700000 0.781250 0.031250 0.031250
0 0.453125 0.387500 0.031250 0.031250
0 0.600000 0.712500 0.031250 0.031250
0 0.271875 0.190625 0.031250 0.031250
0 0.515625 0.767188 0.031250 0.028125
0 0.626563 0.590625 0.028125 0.031250
0 0.275000 0.259375 0.031250 0.031250
0 0.571875 0.487500 0.031250 0.031250
0 0.734375 0.237500 0.031250 0.031250
0 0.479687 0.339062 0.028125 0.028125
0 0.275000 0.293750 0.031250 0.031250
0 0.882812 0.806250 0.028125 0.031250
0 0.443750 0.121875 0.031250 0.031250
0 0.604688 0.815625 0.028125 0.031250
0 0.573438 0.354687 0.028125 0.028125
0 0.542188 0.784375 0.028125 0.031250
0 0.543750 0.751563 0.031250 0.028125
0 0.746875 0.798438 0.031250 0.028125
0 0.964063 0.112500 0.028125 0.031250
0 0.965625 0.660937 0.031250 0.028125
0 0.428125 0.470313 0.031250 0.028125
0 0.931250 0.246875 0.031250 0.031250
0 0.337500 0.359375 0.031250 0.031250
0 0.656250 0.740625 0.031250 0.031250
0 0.309375 0.500000 0.031250 0.031250
0 0.678125 0.298438 0.031250 0.028125
0 0.698438 0.359375 0.028125 0.031250
0 0.953125 0.140625 0.031250 0.031250
0 0.928125 0.353125 0.031250 0.031250
0 0.818750 0.628125 0.031250 0.031250
0 0.475000 0.037500 0.031250 0.031250
0 0.764062 0.828125 0.028125 0.031250
0 0.573438 0.420312 0.028125 0.028125
0 0.637500 0.829688 0.031250 0.028125
0 0.484375 0.403125 0.031250 0.031250
0 0.509375 0.190625 0.031250 0.031250
0 0.779687 0.414062 0.028125 0.028125
0 0.743750 0.462500 0.031250 0.031250
0 0.965625 0.171875 0.031250 0.031250
0 0.365625 0.340625 0.031250 0.031250
0 0.729688 0.825000 0.028125 0.031250
0 0.851562 0.257812 0.028125 0.028125
0 0.506250 0.225000 0.031250 0.031250
0 0.965625 0.718750 0.031250 0.031250
0 0.542188 0.471875 0.028125 0.031250
0 0.568750 0.657813 0.031250 0.028125
0 0.829688 0.168750 0.028125 0.031250
0 0.343750 0.506250 0.031250 0.031250
0 0.271875 0.125000 0.031250 0.031250
0 0.323437 0.443750 0.028125 0.031250
0 0.971875 0.460938 0.031250 0.028125
0 0.271875 0.157812 0.031250 0.028125
0 0.651563 0.248438 0.028125 0.028125
0 0.715625 0.740625 0.031250 0.031250
0 0.932813 0.115625 0.028125 0.031250
0 0.628125 0.490625 0.031250 0.031250
0 0.595313 0.278125 0.028125 0.031250
0 0.512500 0.387500 0.031250 0.031250
0 0.935937 0.029687 0.028125 0.028125
0 0.543750 0.340625 0.031250 0.031250
0 0.479687 0.206250 0.028125 0.031250
0 0.340625 0.390625 0.031250 0.031250
0 0.484375 0.437500 0.031250 0.031250
0 0.787500 0.571875 0.031250 0.031250
0 0.751563 0.032813 0.028125 0.028125
0 0.890625 0.153125 0.031250 0.031250
0 0.421875 0.306250 0.031250 0.031250
0 0.396875 0.423438 0.031250 0.028125
0 0.365625 0.478125 0.031250 0.031250
0 0.489063 0.714063 0.028125 0.028125
0 0.512500 0.487500 0.031250 0.031250
0 0.626563 0.657813 0.028125 0.028125
0 0.828125 0.490625 0.031250 0.031250
0 0.915625 0.687500 0.031250 0.031250
0 0.768750 0.543750 0.031250 0.031250
0 0.976562 0.428125 0.028125 0.031250
0 0.731250 0.712500 0.031250 0.031250
0 0.685937 0.492188 0.028125 0.028125
0 0.931250 0.540625 0.031250 0.031250
0 0.543750 0.406250 0.031250 0.031250
0 0.768750 0.600000 0.031250 0.031250
0 0.446875 0.087500 0.031250 0.031250
0 0.331250 0.475000 0.031250 0.031250
0 0.387500 0.453125 0.031250 0.031250
0 0.687500 0.720313 0.031250 0.034375
0 0.365625 0.412500 0.031250 0.031250
0 0.750000 0.742188 0.031250 0.028125
0 0.456250 0.662500 0.031250 0.031250
0 0.271875 0.056250 0.031250 0.031250
0 0.665625 0.809375 0.031250 0.031250
0 0.545312 0.437500 0.028125 0.031250
0 0.900000 0.365625 0.031250 0.031250
0 0.359375 0.071875 0.031250 0.031250
0 0.660937 0.407813 0.028125 0.028125
0 0.275000 0.328125 0.031250 0.031250
0 0.634375 0.796875 0.031250 0.031250
0 0.282813 0.398438 0.028125 0.028125
0 0.485938 0.640625 0.028125 0.031250
0 0.542188 0.606250 0.028125 0.031250
0 0.392188 0.290625 0.028125 0.031250
0 0.390625 0.256250 0.031250 0.031250
0 0.393750 0.321875 0.031250 0.031250
0 0.628125 0.523438 0.031250 0.028125
0 0.485938 0.746875 0.028125 0.031250
0 0.715625 0.684375 0.031250 0.031250
0 0.423438 0.339062 0.028125 0.028125
0 0.565625 0.025000 0.031250 0.031250
0 0.706250 0.251563 0.031250 0.028125
0 0.506250 0.025000 0.031250 0.031250
0 0.628125 0.454688 0.031250 0.028125
0 0.975000 0.200000 0.031250 0.031250
0 0.356250 0.537500 0.031250 0.031250
0 0.454688 0.554688 0.028125 0.028125
0 0.832812 0.423438 0.028125 0.028125
0 0.479687 0.306250 0.028125 0.031250
0 0.367188 0.371875 0.028125 0.031250
0 0.321875 0.531250 0.031250 0.031250
0 0.535937 0.242188 0.028125 0.028125
0 0.656250 0.506250 0.031250 0.031250
0 0.884375 0.212500 0.031250 0.031250
0 0.798438 0.771875 0.028125 0.031250
0 0.396875 0.485938 0.031250 0.028125
0 0.626563 0.693750 0.028125 0.031250
0 0.610938 0.334375 0.034375 0.031250
0 0.376563 0.510938 0.028125 0.028125
0 0.515625 0.356250 0.031250 0.031250
0 0.456250 0.520312 0.031250 0.028125
0 0.960938 0.343750 0.028125 0.031250
0 0.393750 0.540625 0.031250 0.031250
0 0.603125 0.782813 0.031250 0.028125
0 0.485938 0.471875 0.028125 0.031250
0 0.651563 0.318750 0.028125 0.031250
0 0.356250 0.446875 0.031250 0.031250
0 0.684375 0.625000 0.031250 0.031250
0 0.396875 0.354687 0.031250 0.028125
0 0.571875 0.521875 0.031250 0.031250
0 0.679688 0.232813 0.028125 0.028125
0 0.781250 0.028125 0.031250 0.031250
0 0.478125 0.239063 0.031250 0.028125
0 0.962500 0.250000 0.031250 0.031250
0 0.878125 0.312500 0.031250 0.031250
0 0.290625 0.434375 0.031250 0.031250
0 0.426563 0.439063 0.028125 0.028125
0 0.271875 0.090625 0.031250 0.031250
0 0.684375 0.028125 0.031250 0.031250
0 0.781250 0.382812 0.031250 0.028125
0 0.328125 0.021875 0.031250 0.031250
0 0.842187 0.357812 0.028125 0.028125
0 0.337500 0.562500 0.031250 0.031250
0 0.565625 0.292187 0.031250 0.028125
0 0.484375 0.506250 0.031250 0.031250
0 0.625000 0.026562 0.031250 0.034375
0 0.464062 0.692187 0.028125 0.028125
0 0.385937 0.021875 0.028125 0.031250
0 0.971875 0.314063 0.031250 0.028125
0 0.831250 0.834375 0.031250 0.031250
0 0.967187 0.282813 0.028125 0.028125
0 0.710938 0.575000 0.028125 0.031250
0 0.509375 0.321875 0.031250 0.031250
0 0.428125 0.537500 0.031250 0.031250
0 0.895312 0.398438 0.028125 0.028125
0 0.626563 0.728125 0.028125 0.031250
0 0.537500 0.306250 0.031250 0.031250
0 0.459375 0.725000 0.031250 0.031250
0 0.371875 0.565625 0.031250 0.031250
0 0.715625 0.625000 0.031250 0.031250
0 0.428125 0.606250 0.031250 0.031250
0 0.689063 0.423438 0.028125 0.028125
0 0.935937 0.279687 0.028125 0.028125
0 0.451562 0.289062 0.028125 0.028125
0 0.387500 0.595313 0.031250 0.028125
0 0.404687 0.621875 0.028125 0.031250
0 0.446875 0.023438 0.031250 0.028125
0 0.353125 0.593750 0.031250 0.031250
0 0.387500 0.056250 0.031250 0.031250
0 0.448437 0.254688 0.028125 0.028125
0 0.271875 0.021875 0.031250 0.031250
0 0.390625 0.651563 0.031250 0.028125
0 0.715625 0.037500 0.031250 0.031250
0 0.657813 0.707812 0.028125 0.028125
0 0.370312 0.621875 0.028125 0.031250
0 0.412500 0.678125 0.031250 0.031250
0 0.432812 0.703125 0.028125 0.031250
0 0.979688 0.631250 0.028125 0.031250
0 0.981250 0.746875 0.031250 0.031250
0 0.707812 0.220312 0.028125 0.028125
0 0.979688 0.396875 0.028125 0.031250
0 0.357812 0.040625 0.028125 0.031250
0 0.979688 0.575000 0.028125 0.031250
0 0.535937 0.275000 0.028125 0.025000
0 0.979688 0.865625 0.034375 0.031250
0 0.479687 0.273438 0.028125 0.028125
0 0.420312 0.273438 0.028125 0.028125
0 0.654687 0.675000 0.028125 0.031250
0 0.982812 0.143750 0.028125 0.031250
