0 0.200000 0.064062 0.031250 0.034375
0 0.046875 0.215625 0.031250 0.031250
0 0.087500 0.162500 0.031250 0.031250
0 0.378125 0.165625 0.037500 0.037500
0 0.090625 0.395313 0.031250 0.028125
0 0.095312 0.106250 0.028125 0.031250
0 0.053125 0.453125 0.031250 0.031250
0 0.079687 0.220312 0.028125 0.028125
0 0.065625 0.859375 0.031250 0.031250
0 0.026562 0.243750 0.028125 0.031250
0 0.095312 0.875000 0.028125 0.031250
0 0.109375 0.137500 0.031250 0.031250
0 0.125000 0.890625 0.031250 0.031250
0 0.095312 0.807813 0.028125 0.028125
0 0.187500 0.325000 0.031250 0.031250
0 0.200000 0.209375 0.031250 0.031250
0 0.253125 0.184375 0.031250 0.031250
0 0.032813 0.184375 0.028125 0.031250
0 0.465625 0.109375 0.037500 0.037500
0 0.095312 0.904687 0.028125 0.028125
0 0.065625 0.890625 0.031250 0.031250
0 0.128125 0.521875 0.031250 0.031250
0 0.093750 0.251563 0.031250 0.028125
0 0.039062 0.940625 0.028125 0.031250
0 0.339062 0.165625 0.028125 0.031250
0 0.065625 0.792188 0.031250 0.028125
0 0.104688 0.053125 0.034375 0.031250
0 0.156250 0.173437 0.031250 0.028125
0 0.095312 0.840625 0.028125 0.031250
0 0.126562 0.256250 0.028125 0.031250
0 0.220312 0.181250 0.028125 0.031250
0 0.215625 0.093750 0.031250 0.031250
0 0.137500 0.056250 0.031250 0.031250
0 0.100000 0.193750 0.031250 0.031250
0 0.039062 0.843750 0.028125 0.031250
0 0.042188 0.128125 0.028125 0.031250
0 0.075000 0.134375 0.031250 0.031250
0 0.040625 0.642188 0.031250 0.028125
0 0.301563 0.906250 0.028125 0.031250
0 0.156250 0.456250 0.031250 0.031250
0 0.148438 0.085938 0.028125 0.028125
0 0.040625 0.675000 0.031250 0.031250
0 0.065625 0.825000 0.031250 0.031250
0 0.292187 0.275000 0.028125 0.031250
0 0.187500 0.032813 0.031250 0.034375
0 0.081250 0.075000 0.031250 0.031250
0 0.171875 0.390625 0.031250 0.031250
0 0.057813 0.392188 0.028125 0.028125
0 0.121875 0.459375 0.031250 0.031250
0 0.039062 0.876563 0.028125 0.028125
0 0.065625 0.757812 0.031250 0.028125
0 0.275000 0.925000 0.031250 0.031250
0 0.412500 0.262500 0.031250 0.031250
0 0.226562 0.125000 0.028125 0.031250
0 0.071875 0.423438 0.031250 0.028125
0 0.059375 0.246875 0.031250 0.031250
0 0.062500 0.103125 0.031250 0.031250
0 0.040625 0.271875 0.031250 0.031250
0 0.128125 0.112500 0.031250 0.031250
0 0.068750 0.187500 0.031250 0.031250
0 0.123438 0.920312 0.028125 0.028125
0 0.112500 0.490625 0.031250 0.031250
0 0.167187 0.204687 0.028125 0.028125
0 0.131250 0.593750 0.031250 0.031250
0 0.298438 0.218750 0.028125 0.031250
0 0.054688 0.304688 0.028125 0.028125
0 0.239063 0.153125 0.028125 0.031250
0 0.115625 0.084375 0.031250 0.031250
0 0.356250 0.282813 0.031250 0.028125
0 0.021875 0.153125 0.031250 0.031250
0 0.168750 0.421875 0.031250 0.031250
0 0.115625 0.225000 0.031250 0.031250
0 0.187500 0.178125 0.031250 0.031250
0 0.054688 0.157812 0.028125 0.028125
0 0.142187 0.143750 0.028125 0.031250
0 0.032813 0.064062 0.034375 0.034375
0 0.234375 0.212500 0.031250 0.031250
0 0.096875 0.675000 0.031250 0.031250
0 0.162500 0.115625 0.031250 0.031250
0 0.039062 0.909375 0.028125 0.031250
0 0.181250 0.854688 0.031250 0.028125
0 0.446875 0.267188 0.031250 0.028125
0 0.193750 0.120313 0.031250 0.028125
0 0.303125 0.303125 0.031250 0.031250
0 0.039062 0.707812 0.028125 0.028125
0 0.237500 0.815625 0.031250 0.031250
0 0.425000 0.293750 0.031250 0.031250
0 0.162500 0.575000 0.031250 0.031250
0 0.065625 0.725000 0.031250 0.031250
0 0.125000 0.856250 0.031250 0.031250
0 0.065625 0.334375 0.031250 0.031250
0 0.104688 0.428125 0.028125 0.031250
0 0.096875 0.642188 0.031250 0.028125
0 0.073438 0.276562 0.028125 0.028125
0 0.173437 0.145313 0.028125 0.028125
0 0.245312 0.242188 0.028125 0.028125
0 0.260937 0.037500 0.028125 0.031250
0 0.370312 0.314063 0.028125 0.028125
0 0.121875 0.790625 0.031250 0.031250
0 0.087500 0.512500 0.031250 0.031250
0 0.021875 0.300000 0.031250 0.031250
0 0.395313 0.231250 0.028125 0.031250
0 0.318750 0.193750 0.031250 0.031250
0 0.278125 0.100000 0.031250 0.031250
0 0.345313 0.253125 0.028125 0.031250
0 0.285938 0.189062 0.028125 0.028125
0 0.070312 0.657813 0.028125 0.028125
0 0.153125 0.871875 0.031250 0.031250
0 0.028125 0.096875 0.031250 0.031250
0 0.354687 0.867188 0.028125 0.028125
0 0.345313 0.101562 0.034375 0.034375
0 0.100000 0.609375 0.031250 0.031250
0 0.290625 0.132812 0.031250 0.028125
0 0.267188 0.826562 0.028125 0.028125
0 0.032813 0.331250 0.028125 0.031250
0 0.065625 0.923438 0.031250 0.028125
0 0.025000 0.389062 0.031250 0.028125
0 0.323437 0.137500 0.028125 0.031250
0 0.092188 0.775000 0.028125 0.031250
0 0.390625 0.289062 0.031250 0.028125
0 0.239063 0.850000 0.028125 0.031250
0 0.037500 0.809375 0.031250 0.031250
0 0.148438 0.773438 0.028125 0.028125
0 0.168750 0.057813 0.031250 0.028125
0 0.220312 0.443750 0.028125 0.031250
0 0.210938 0.868750 0.028125 0.031250
0 0.120313 0.168750 0.028125 0.031250
0 0.206250 0.296875 0.031250 0.031250
0 0.262500 0.071875 0.031250 0.031250
0 0.137500 0.428125 0.031250 0.031250
0 0.443750 0.146875 0.031250 0.031250
0 0.350000 0.196875 0.031250 0.031250
0 0.068750 0.484375 0.031250 0.031250
0 0.206250 0.739062 0.031250 0.028125
0 0.212500 0.237500 0.031250 0.031250
0 0.068750 0.693750 0.031250 0.031250
0 0.206250 0.150000 0.031250 0.031250
0 0.121875 0.725000 0.031250 0.031250
0 0.121875 0.823438 0.031250 0.028125
0 0.234375 0.056250 0.031250 0.031250
0 0.123438 0.757812 0.028125 0.028125
0 0.087500 0.456250 0.031250 0.031250
0 0.121875 0.400000 0.031250 0.031250
0 0.100000 0.543750 0.031250 0.031250
0 0.039062 0.742188 0.028125 0.028125
0 0.259375 0.128125 0.031250 0.031250
0 0.309375 0.106250 0.031250 0.031250
0 0.159375 0.260937 0.031250 0.028125
0 0.095312 0.939063 0.028125 0.028125
0 0.231250 0.021875 0.031250 0.031250
0 0.378125 0.257812 0.031250 0.028125
0 0.459375 0.178125 0.031250 0.031250
0 0.265625 0.306250 0.031250 0.031250
0 0.131250 0.559375 0.031250 0.031250
0 0.428125 0.178125 0.031250 0.031250
0 0.151562 0.709375 0.028125 0.031250
0 0.303125 0.162500 0.031250 0.031250
0 0.143750 0.375000 0.031250 0.031250
0 0.037500 0.775000 0.031250 0.031250
0 0.031250 0.475000 0.031250 0.031250
0 0.268750 0.860938 0.031250 0.028125
0 0.059375 0.532813 0.031250 0.034375
0 0.310937 0.248438 0.028125 0.028125
0 0.187500 0.537500 0.031250 0.031250
0 0.026562 0.532813 0.028125 0.028125
0 0.221875 0.350000 0.031250 0.031250
0 0.046875 0.362500 0.031250 0.031250
0 0.331250 0.221875 0.031250 0.031250
0 0.148438 0.742188 0.028125 0.028125
0 0.095312 0.709375 0.028125 0.031250
0 0.078125 0.367188 0.031250 0.028125
0 0.323437 0.279687 0.028125 0.028125
0 0.043750 0.506250 0.031250 0.031250
0 0.278125 0.245312 0.031250 0.028125
0 0.265625 0.215625 0.031250 0.031250
0 0.192188 0.265625 0.028125 0.031250
0 0.156250 0.540625 0.031250 0.031250
0 0.493750 0.235937 0.031250 0.028125
0 0.146875 0.229687 0.031250 0.028125
0 0.409375 0.831250 0.031250 0.031250
0 0.071875 0.559375 0.031250 0.031250
0 0.179688 0.235937 0.028125 0.028125
0 0.200000 0.506250 0.031250 0.031250
0 0.087500 0.028125 0.031250 0.031250
0 0.039062 0.420312 0.028125 0.028125
0 0.101562 0.576562 0.028125 0.028125
0 0.290625 0.023438 0.031250 0.028125
0 0.037500 0.975000 0.031250 0.031250
0 0.478125 0.143750 0.031250 0.031250
0 0.134375 0.198437 0.031250 0.028125
0 0.253125 0.435937 0.031250 0.028125
0 0.040625 0.609375 0.031250 0.031250
0 0.092188 0.742188 0.028125 0.028125
0 0.210938 0.834375 0.028125 0.031250
0 0.173437 0.292187 0.028125 0.028125
0 0.153125 0.028125 0.031250 0.031250
0 0.253125 0.343750 0.031250 0.031250
0 0.206250 0.387500 0.031250 0.031250
0 0.151562 0.839063 0.028125 0.028125
0 0.271875 0.159375 0.031250 0.031250
0 0.526563 0.229687 0.028125 0.028125
0 0.270313 0.892188 0.028125 0.028125
0 0.265625 0.796875 0.031250 0.031250
0 0.210938 0.475000 0.028125 0.031250
0 0.401562 0.317188 0.028125 0.028125
0 0.067187 0.956250 0.028125 0.031250
0 0.037500 0.562500 0.031250 0.031250
0 0.070312 0.626563 0.028125 0.028125
0 0.382812 0.846875 0.028125 0.031250
0 0.428125 0.235937 0.031250 0.028125
0 0.318750 0.075000 0.031250 0.031250
0 0.290625 0.056250 0.031250 0.031250
0 0.356250 0.131250 0.031250 0.031250
0 0.245312 0.100000 0.028125 0.031250
0 0.465625 0.293750 0.031250 0.031250
0 0.481250 0.265625 0.031250 0.031250
0 0.520312 0.176563 0.028125 0.028125
0 0.515625 0.260937 0.031250 0.028125
0 0.234375 0.501563 0.031250 0.028125
0 0.234375 0.318750 0.031250 0.031250
0 0.150000 0.806250 0.031250 0.031250
0 0.145313 0.485938 0.028125 0.028125
0 0.187500 0.450000 0.031250 0.031250
0 0.265625 0.762500 0.031250 0.031250
0 0.128125 0.625000 0.031250 0.031250
0 0.085938 0.307812 0.028125 0.028125
0 0.220312 0.532813 0.028125 0.028125
0 0.068750 0.593750 0.031250 0.031250
0 0.190625 0.359375 0.031250 0.031250
0 0.359375 0.898438 0.031250 0.028125
0 0.110937 0.368750 0.028125 0.031250
0 0.318750 0.042188 0.031250 0.028125
0 0.106250 0.282813 0.031250 0.028125
0 0.235937 0.751563 0.028125 0.028125
0 0.235937 0.784375 0.028125 0.031250
0 0.242188 0.882812 0.028125 0.028125
0 0.259375 0.271875 0.031250 0.031250
0 0.184375 0.656250 0.031250 0.031250
0 0.237500 0.376563 0.031250 0.034375
0 0.462500 0.237500 0.031250 0.031250
0 0.303125 0.650000 0.031250 0.031250
0 0.167187 0.510938 0.028125 0.028125
0 0.382812 0.345313 0.028125 0.028125
0 0.412500 0.150000 0.031250 0.031250
0 0.335938 0.307812 0.028125 0.028125
0 0.312500 0.484375 0.031250 0.031250
0 0.365625 0.228125 0.031250 0.031250
0 0.154688 0.904687 0.028125 0.028125
0 0.381250 0.200000 0.031250 0.031250
0 0.060937 0.045312 0.034375 0.034375
0 0.287500 0.709375 0.031250 0.031250
0 0.181250 0.089063 0.031250 0.028125
0 0.346875 0.485938 0.031250 0.028125
0 0.226562 0.268750 0.028125 0.031250
0 0.332813 0.917188 0.028125 0.028125
0 0.284375 0.334375 0.031250 0.031250
0 0.379688 0.814063 0.028125 0.028125
0 0.304688 0.935937 0.028125 0.028125
0 0.443750 0.209375 0.031250 0.031250
0 0.475000 0.206250 0.031250 0.031250
0 0.198437 0.418750 0.028125 0.031250
0 0.176563 0.723437 0.028125 0.028125
0 0.353125 0.800000 0.031250 0.031250
0 0.243750 0.914062 0.031250 0.028125
0 0.260937 0.531250 0.040625 0.037500
0 0.206250 0.706250 0.031250 0.031250
0 0.154688 0.639062 0.028125 0.028125
0 0.182812 0.885938 0.028125 0.028125
0 0.309375 0.542188 0.031250 0.028125
0 0.507812 0.204687 0.028125 0.028125
0 0.176563 0.481250 0.028125 0.031250
0 0.348438 0.339062 0.028125 0.028125
0 0.262500 0.729688 0.031250 0.028125
0 0.348438 0.031250 0.028125 0.031250
0 0.325000 0.787500 0.031250 0.031250
0 0.018750 0.443750 0.031250 0.031250
0 0.328125 0.515625 0.031250 0.031250
0 0.548438 0.253125 0.028125 0.031250
0 0.429688 0.120313 0.034375 0.034375
0 0.284375 0.428125 0.031250 0.031250
0 0.159375 0.606250 0.031250 0.031250
0 0.490625 0.175000 0.031250 0.031250
0 0.206250 0.564063 0.031250 0.028125
0 0.462500 0.068750 0.031250 0.031250
0 0.179688 0.690625 0.028125 0.031250
0 0.231250 0.412500 0.031250 0.031250
0 0.257812 0.696875 0.028125 0.031250
0 0.543750 0.153125 0.031250 0.031250
0 0.490625 0.053125 0.031250 0.031250
0 0.412500 0.204687 0.031250 0.028125
0 0.298438 0.871875 0.028125 0.031250
0 0.353125 0.832812 0.031250 0.028125
0 0.123438 0.657813 0.028125 0.028125
0 0.310937 0.682813 0.028125 0.028125
0 0.139063 0.285938 0.028125 0.028125
0 0.031250 0.028125 0.031250 0.031250
0 0.567187 0.135937 0.028125 0.028125
0 0.301563 0.454688 0.028125 0.028125
0 0.334375 0.456250 0.031250 0.031250
0 0.387500 0.128125 0.031250 0.031250
0 0.346875 0.065625 0.031250 0.031250
0 0.232813 0.717187 0.028125 0.028125
0 0.503125 0.290625 0.031250 0.031250
0 0.190625 0.593750 0.031250 0.031250
0 0.328125 0.885938 0.031250 0.028125
0 0.548438 0.190625 0.034375 0.031250
0 0.096875 0.339062 0.031250 0.028125
0 0.179688 0.821875 0.028125 0.031250
0 0.384375 0.878125 0.031250 0.031250
0 0.176563 0.757812 0.028125 0.028125
0 0.432812 0.325000 0.028125 0.031250
0 0.459375 0.037500 0.031250 0.031250
0 0.521875 0.062500 0.031250 0.031250
0 0.260937 0.403125 0.028125 0.031250
0 0.517188 0.032813 0.028125 0.028125
0 0.293750 0.775000 0.031250 0.031250
0 0.123438 0.689063 0.028125 0.028125
0 0.292187 0.742188 0.028125 0.028125
0 0.153125 0.937500 0.031250 0.031250
0 0.242188 0.470313 0.028125 0.028125
0 0.334375 0.953125 0.031250 0.031250
0 0.317188 0.335938 0.028125 0.028125
0 0.278125 0.956250 0.031250 0.031250
0 0.340625 0.696875 0.031250 0.031250
0 0.331250 0.631250 0.031250 0.031250
0 0.151562 0.673438 0.028125 0.028125
0 0.564063 0.104688 0.028125 0.028125
0 0.335938 0.664062 0.028125 0.028125
0 0.273438 0.462500 0.028125 0.031250
0 0.268750 0.371875 0.031250 0.031250
0 0.487500 0.018750 0.031250 0.031250
0 0.265625 0.581250 0.031250 0.031250
0 0.365625 0.459375 0.031250 0.031250
0 0.293750 0.807813 0.031250 0.028125
0 0.365625 0.675000 0.031250 0.031250
0 0.265625 0.493750 0.031250 0.031250
0 0.598437 0.148438 0.028125 0.028125
0 0.593750 0.115625 0.031250 0.031250
0 0.279687 0.671875 0.028125 0.031250
0 0.573438 0.170313 0.028125 0.028125
0 0.395313 0.457813 0.034375 0.034375
0 0.246875 0.946875 0.031250 0.031250
0 0.160938 0.346875 0.028125 0.031250
0 0.412500 0.353125 0.031250 0.031250
0 0.187500 0.625000 0.031250 0.031250
0 0.407813 0.798438 0.028125 0.028125
0 0.315625 0.600000 0.031250 0.031250
0 0.379688 0.487500 0.028125 0.031250
0 0.328125 0.570312 0.031250 0.028125
0 0.492188 0.085938 0.028125 0.028125
0 0.225000 0.589063 0.031250 0.028125
0 0.293750 0.571875 0.031250 0.031250
0 0.539062 0.284375 0.028125 0.031250
0 0.559375 0.306250 0.031250 0.031250
0 0.381250 0.781250 0.031250 0.031250
0 0.293750 0.512500 0.031250 0.031250
0 0.434375 0.087500 0.031250 0.031250
0 0.400000 0.912500 0.037500 0.037500
0 0.345313 0.542188 0.028125 0.028125
0 0.370312 0.709375 0.034375 0.031250
0 0.360938 0.370312 0.028125 0.028125
0 0.118750 0.015625 0.031250 0.031250
0 0.437500 0.814063 0.031250 0.028125
0 0.571875 0.275000 0.031250 0.031250
0 0.400000 0.421875 0.037500 0.037500
0 0.284375 0.609375 0.031250 0.031250
0 0.153125 0.970313 0.031250 0.034375
0 0.390625 0.376563 0.031250 0.028125
0 0.237500 0.562500 0.031250 0.031250
0 0.439063 0.842187 0.028125 0.028125
0 0.396875 0.690625 0.031250 0.031250
0 0.014063 0.592187 0.028125 0.028125
0 0.695312 0.978125 0.034375 0.031250
0 0.553125 0.075000 0.031250 0.031250
0 0.228125 0.684375 0.031250 0.031250
0 0.465625 0.328125 0.031250 0.031250
0 0.364063 0.514062 0.028125 0.028125
0 0.239063 0.978125 0.034375 0.031250
0 0.376563 0.017188 0.028125 0.028125
0 0.014063 0.357812 0.028125 0.028125
0 0.415625 0.865625 0.031250 0.031250
0 0.546875 0.042188 0.031250 0.028125
0 0.364063 0.931250 0.034375 0.037500
0 0.557813 0.225000 0.028125 0.031250
0 0.621875 0.131250 0.031250 0.031250
0 0.434375 0.018750 0.031250 0.031250
0 0.446875 0.356250 0.031250 0.031250
0 0.315625 0.428125 0.031250 0.031250
