0 0.468750 0.562500 0.037500 0.037500
0 0.118750 0.451562 0.031250 0.028125
0 0.051562 0.548438 0.028125 0.028125
0 0.054688 0.515625 0.028125 0.031250
0 0.232813 0.876563 0.028125 0.028125
0 0.178125 0.387500 0.031250 0.031250
0 0.095312 0.960938 0.028125 0.028125
0 0.118750 0.420312 0.031250 0.028125
0 0.143750 0.503125 0.031250 0.031250
0 0.050000 0.581250 0.031250 0.031250
0 0.292187 0.490625 0.028125 0.031250
0 0.289062 0.876563 0.028125 0.028125
0 0.264062 0.857812 0.028125 0.028125
0 0.175000 0.454688 0.031250 0.028125
0 0.204687 0.439063 0.028125 0.028125
0 0.625000 0.631250 0.031250 0.031250
0 0.148438 0.435937 0.028125 0.028125
0 0.292187 0.842187 0.028125 0.028125
0 0.178125 0.353125 0.031250 0.031250
0 0.348438 0.848437 0.028125 0.028125
0 0.460938 0.890625 0.028125 0.031250
0 0.465625 0.489063 0.031250 0.028125
0 0.206250 0.406250 0.031250 0.031250
0 0.048438 0.615625 0.028125 0.031250
0 0.206250 0.371875 0.031250 0.031250
0 0.114062 0.485938 0.028125 0.028125
0 0.142187 0.537500 0.028125 0.031250
0 0.085938 0.500000 0.028125 0.031250
0 0.204687 0.854688 0.028125 0.028125
0 0.181250 0.943750 0.031250 0.031250
0 0.120313 0.832812 0.028125 0.028125
0 0.087500 0.468750 0.031250 0.031250
0 0.379688 0.473438 0.028125 0.028125
0 0.165625 0.653125 0.031250 0.031250
0 0.378125 0.540625 0.031250 0.031250
0 0.145313 0.470313 0.028125 0.028125
0 0.168750 0.912500 0.031250 0.031250
0 0.598437 0.650000 0.028125 0.031250
0 0.229687 0.556250 0.028125 0.031250
0 0.160938 0.687500 0.028125 0.031250
0 0.407813 0.456250 0.028125 0.031250
0 0.437500 0.475000 0.031250 0.031250
0 0.101562 0.715625 0.028125 0.031250
0 0.164062 0.620313 0.028125 0.028125
0 0.110937 0.553125 0.028125 0.031250
0 0.418750 0.684375 0.031250 0.031250
0 0.351562 0.423438 0.028125 0.028125
0 0.495312 0.504687 0.028125 0.028125
0 0.323437 0.406250 0.028125 0.031250
0 0.378125 0.835938 0.031250 0.028125
0 0.259375 0.540625 0.031250 0.031250
0 0.321875 0.439063 0.031250 0.028125
0 0.064062 0.798438 0.028125 0.028125
0 0.034375 0.814063 0.031250 0.028125
0 0.523438 0.453125 0.028125 0.031250
0 0.504687 0.806250 0.028125 0.031250
0 0.320312 0.862500 0.028125 0.031250
0 0.287500 0.625000 0.031250 0.031250
0 0.171875 0.521875 0.031250 0.031250
0 0.148438 0.403125 0.028125 0.031250
0 0.070312 0.731250 0.028125 0.031250
0 0.464062 0.421875 0.028125 0.031250
0 0.323437 0.371875 0.028125 0.031250
0 0.407813 0.423438 0.028125 0.028125
0 0.304688 0.710938 0.028125 0.028125
0 0.260937 0.892188 0.028125 0.028125
0 0.129688 0.700000 0.028125 0.031250
0 0.351562 0.490625 0.028125 0.031250
0 0.526563 0.520312 0.028125 0.028125
0 0.173437 0.487500 0.028125 0.031250
0 0.407813 0.525000 0.028125 0.031250
0 0.378125 0.507812 0.031250 0.028125
0 0.406250 0.559375 0.031250 0.031250
0 0.379688 0.440625 0.028125 0.031250
0 0.204687 0.471875 0.028125 0.031250
0 0.262500 0.471875 0.031250 0.031250
0 0.229687 0.521875 0.028125 0.031250
0 0.089063 0.434375 0.028125 0.031250
0 0.121875 0.387500 0.031250 0.031250
0 0.425000 0.615625 0.031250 0.031250
0 0.293750 0.356250 0.031250 0.031250
0 0.084375 0.532813 0.031250 0.028125
0 0.129688 0.732812 0.028125 0.028125
0 0.025000 0.529687 0.031250 0.028125
0 0.078125 0.600000 0.031250 0.031250
0 0.382812 0.801562 0.028125 0.028125
0 0.434375 0.543750 0.031250 0.031250
0 0.351562 0.815625 0.028125 0.031250
0 0.320312 0.829688 0.028125 0.028125
0 0.148438 0.851562 0.028125 0.028125
0 0.556250 0.534375 0.031250 0.031250
0 0.264062 0.826562 0.028125 0.028125
0 0.112500 0.518750 0.031250 0.031250
0 0.065625 0.765625 0.031250 0.031250
0 0.512500 0.673438 0.031250 0.028125
0 0.609375 0.715625 0.031250 0.031250
0 0.350000 0.387500 0.031250 0.031250
0 0.354687 0.782813 0.028125 0.028125
0 0.545312 0.689063 0.028125 0.028125
0 0.093750 0.309375 0.031250 0.031250
0 0.317188 0.895312 0.028125 0.028125
0 0.378125 0.406250 0.031250 0.031250
0 0.628125 0.664062 0.031250 0.028125
0 0.550000 0.468750 0.031250 0.031250
0 0.081250 0.568750 0.031250 0.031250
0 0.348438 0.556250 0.028125 0.031250
0 0.620313 0.596875 0.028125 0.031250
0 0.081250 0.928125 0.031250 0.031250
0 0.462500 0.959375 0.037500 0.037500
0 0.215625 0.946875 0.031250 0.031250
0 0.056250 0.482812 0.031250 0.028125
0 0.437500 0.439063 0.031250 0.028125
0 0.126562 0.309375 0.028125 0.031250
0 0.039062 0.746875 0.028125 0.031250
0 0.321875 0.337500 0.031250 0.031250
0 0.578125 0.704688 0.031250 0.028125
0 0.106250 0.618750 0.031250 0.031250
0 0.092188 0.846875 0.028125 0.031250
0 0.135937 0.635938 0.028125 0.028125
0 0.234375 0.487500 0.031250 0.031250
0 0.612500 0.531250 0.031250 0.031250
0 0.035937 0.781250 0.028125 0.031250
0 0.493750 0.470313 0.031250 0.028125
0 0.235937 0.389062 0.028125 0.028125
0 0.293750 0.390625 0.031250 0.031250
0 0.348438 0.882812 0.028125 0.028125
0 0.020313 0.562500 0.028125 0.031250
0 0.260937 0.923438 0.028125 0.028125
0 0.557813 0.400000 0.028125 0.031250
0 0.448437 0.670312 0.028125 0.028125
0 0.018750 0.595313 0.031250 0.028125
0 0.029687 0.846875 0.028125 0.031250
0 0.317188 0.571875 0.028125 0.031250
0 0.589063 0.582812 0.028125 0.028125
0 0.148438 0.939063 0.028125 0.028125
0 0.289062 0.909375 0.028125 0.031250
0 0.348438 0.917188 0.028125 0.028125
0 0.031250 0.882812 0.031250 0.028125
0 0.128125 0.964063 0.031250 0.028125
0 0.317188 0.539062 0.028125 0.028125
0 0.523438 0.487500 0.028125 0.031250
0 0.290625 0.556250 0.031250 0.031250
0 0.295312 0.810937 0.028125 0.028125
0 0.135937 0.603125 0.028125 0.031250
0 0.265625 0.439063 0.031250 0.028125
0 0.059375 0.309375 0.031250 0.031250
0 0.103125 0.681250 0.031250 0.031250
0 0.289062 0.589063 0.028125 0.028125
0 0.489063 0.904687 0.028125 0.028125
0 0.298438 0.779687 0.028125 0.028125
0 0.328125 0.765625 0.031250 0.031250
0 0.089063 0.401562 0.028125 0.028125
0 0.148438 0.817187 0.028125 0.028125
0 0.235937 0.454688 0.028125 0.028125
0 0.121875 0.800000 0.031250 0.031250
0 0.321875 0.504687 0.031250 0.028125
0 0.071875 0.700000 0.031250 0.031250
0 0.460938 0.854688 0.028125 0.028125
0 0.351562 0.456250 0.028125 0.031250
0 0.453125 0.635938 0.031250 0.028125
0 0.315625 0.606250 0.031250 0.031250
0 0.550000 0.432812 0.031250 0.028125
0 0.109375 0.584375 0.031250 0.031250
0 0.137500 0.568750 0.031250 0.031250
0 0.656250 0.643750 0.031250 0.031250
0 0.190625 0.703125 0.031250 0.031250
0 0.109375 0.340625 0.031250 0.031250
0 0.040625 0.714063 0.031250 0.028125
0 0.062500 0.384375 0.031250 0.031250
0 0.573438 0.670312 0.028125 0.028125
0 0.432812 0.578125 0.028125 0.031250
0 0.235937 0.421875 0.028125 0.031250
0 0.093750 0.814063 0.031250 0.028125
0 0.323437 0.795312 0.028125 0.028125
0 0.164062 0.587500 0.028125 0.031250
0 0.234375 0.356250 0.031250 0.031250
0 0.542188 0.656250 0.028125 0.031250
0 0.228125 0.589063 0.031250 0.028125
0 0.528125 0.554688 0.031250 0.028125
0 0.643750 0.543750 0.031250 0.031250
0 0.409375 0.492188 0.031250 0.028125
0 0.117188 0.937500 0.028125 0.031250
0 0.118750 0.867188 0.031250 0.028125
0 0.257812 0.573438 0.028125 0.028125
0 0.159375 0.968750 0.031250 0.031250
0 0.026562 0.498437 0.028125 0.028125
0 0.198437 0.571875 0.028125 0.031250
0 0.292187 0.318750 0.034375 0.031250
0 0.581250 0.484375 0.031250 0.031250
0 0.235937 0.842187 0.028125 0.028125
0 0.481250 0.621875 0.031250 0.031250
0 0.348438 0.523438 0.028125 0.028125
0 0.250000 0.673438 0.031250 0.028125
0 0.331250 0.729688 0.031250 0.028125
0 0.042188 0.681250 0.028125 0.031250
0 0.192188 0.971875 0.028125 0.031250
0 0.062500 0.831250 0.031250 0.031250
0 0.260937 0.506250 0.028125 0.031250
0 0.157812 0.717187 0.028125 0.028125
0 0.231250 0.909375 0.031250 0.031250
0 0.479687 0.654687 0.028125 0.028125
0 0.551562 0.501563 0.028125 0.028125
0 0.289062 0.523438 0.028125 0.028125
0 0.156250 0.751563 0.031250 0.028125
0 0.292187 0.456250 0.028125 0.031250
0 0.278125 0.656250 0.031250 0.031250
0 0.257812 0.606250 0.028125 0.031250
0 0.265625 0.375000 0.031250 0.031250
0 0.301563 0.745313 0.028125 0.028125
0 0.171875 0.554688 0.031250 0.028125
0 0.095312 0.782813 0.028125 0.028125
0 0.200000 0.539062 0.031250 0.028125
0 0.585938 0.550000 0.028125 0.031250
0 0.176563 0.420312 0.028125 0.028125
0 0.496875 0.540625 0.031250 0.031250
0 0.521875 0.418750 0.031250 0.031250
0 0.437500 0.509375 0.031250 0.031250
0 0.176563 0.835938 0.028125 0.028125
0 0.264062 0.406250 0.028125 0.031250
0 0.584375 0.517188 0.031250 0.028125
0 0.468750 0.525000 0.031250 0.031250
0 0.465625 0.454688 0.031250 0.028125
0 0.343750 0.953125 0.031250 0.031250
0 0.043750 0.646875 0.031250 0.031250
0 0.593750 0.617188 0.031250 0.028125
0 0.151562 0.784375 0.028125 0.031250
0 0.321875 0.473438 0.031250 0.028125
0 0.090625 0.368750 0.031250 0.031250
0 0.307812 0.675000 0.028125 0.031250
0 0.487500 0.870313 0.031250 0.028125
0 0.617188 0.564063 0.028125 0.028125
0 0.567187 0.635938 0.028125 0.028125
0 0.096875 0.748437 0.031250 0.028125
0 0.401562 0.592187 0.028125 0.028125
0 0.292187 0.423438 0.028125 0.028125
0 0.407813 0.820312 0.028125 0.028125
0 0.125000 0.767188 0.031250 0.028125
0 0.270313 0.792188 0.028125 0.028125
0 0.196875 0.668750 0.031250 0.031250
0 0.353125 0.354687 0.031250 0.028125
0 0.610938 0.496875 0.028125 0.031250
0 0.315625 0.926562 0.031250 0.028125
0 0.504687 0.773438 0.028125 0.028125
0 0.190625 0.884375 0.031250 0.031250
0 0.059375 0.896875 0.031250 0.031250
0 0.203125 0.506250 0.031250 0.031250
0 0.270313 0.759375 0.028125 0.031250
0 0.503125 0.573438 0.031250 0.028125
0 0.075000 0.632812 0.031250 0.028125
0 0.195312 0.604688 0.028125 0.028125
0 0.134375 0.668750 0.031250 0.031250
0 0.462500 0.923438 0.031250 0.028125
0 0.640625 0.510938 0.031250 0.028125
0 0.448437 0.771875 0.028125 0.031250
0 0.376563 0.868750 0.028125 0.031250
0 0.690625 0.685937 0.031250 0.028125
0 0.432812 0.873437 0.028125 0.028125
0 0.200000 0.915625 0.031250 0.031250
0 0.192188 0.639062 0.028125 0.028125
0 0.601562 0.682813 0.028125 0.028125
0 0.648438 0.578125 0.028125 0.031250
0 0.073438 0.665625 0.028125 0.031250
0 0.143750 0.340625 0.031250 0.031250
0 0.078125 0.340625 0.031250 0.031250
0 0.434375 0.403125 0.031250 0.031250
0 0.406250 0.853125 0.031250 0.031250
0 0.409375 0.785937 0.031250 0.028125
0 0.265625 0.340625 0.031250 0.031250
0 0.665625 0.707812 0.031250 0.028125
0 0.106250 0.906250 0.031250 0.031250
0 0.520312 0.914062 0.028125 0.028125
0 0.376563 0.573438 0.028125 0.028125
0 0.312500 0.959375 0.031250 0.031250
0 0.043750 0.340625 0.031250 0.031250
0 0.032813 0.915625 0.034375 0.031250
0 0.276562 0.953125 0.028125 0.031250
0 0.087500 0.878125 0.031250 0.031250
0 0.464062 0.385937 0.028125 0.028125
0 0.221875 0.693750 0.031250 0.031250
0 0.437500 0.803125 0.031250 0.031250
0 0.275000 0.728125 0.031250 0.031250
0 0.406250 0.387500 0.031250 0.031250
0 0.314063 0.642188 0.028125 0.028125
0 0.057813 0.450000 0.028125 0.031250
0 0.207813 0.821875 0.028125 0.031250
0 0.531250 0.751563 0.031250 0.028125
0 0.373437 0.901563 0.028125 0.028125
0 0.493750 0.401562 0.031250 0.028125
0 0.018750 0.631250 0.031250 0.031250
0 0.421875 0.650000 0.031250 0.031250
0 0.278125 0.690625 0.031250 0.031250
0 0.560937 0.567187 0.028125 0.028125
0 0.228125 0.309375 0.031250 0.031250
0 0.510938 0.639062 0.028125 0.028125
0 0.059375 0.417187 0.031250 0.028125
0 0.181250 0.801562 0.031250 0.028125
0 0.393750 0.665625 0.031250 0.031250
0 0.634375 0.696875 0.031250 0.031250
0 0.026562 0.309375 0.028125 0.031250
0 0.150000 0.371875 0.031250 0.031250
0 0.332813 0.696875 0.028125 0.031250
0 0.278125 0.282813 0.031250 0.034375
0 0.226562 0.978125 0.028125 0.031250
0 0.259375 0.309375 0.031250 0.031250
0 0.057813 0.864062 0.028125 0.028125
0 0.434375 0.837500 0.031250 0.031250
0 0.445312 0.704688 0.028125 0.028125
0 0.209375 0.337500 0.031250 0.031250
0 0.220312 0.621875 0.028125 0.031250
0 0.493750 0.437500 0.031250 0.031250
0 0.182812 0.768750 0.028125 0.031250
0 0.476562 0.790625 0.028125 0.031250
0 0.246875 0.953125 0.031250 0.031250
0 0.251563 0.707812 0.028125 0.028125
0 0.660937 0.676562 0.028125 0.028125
0 0.562500 0.765625 0.031250 0.031250
0 0.246875 0.637500 0.031250 0.031250
0 0.384375 0.767188 0.031250 0.028125
0 0.153125 0.881250 0.031250 0.031250
0 0.454688 0.603125 0.028125 0.031250
0 0.492188 0.937500 0.028125 0.031250
0 0.356250 0.750000 0.031250 0.031250
0 0.500000 0.368750 0.031250 0.031250
0 0.579688 0.450000 0.028125 0.031250
0 0.606250 0.465625 0.031250 0.031250
0 0.650000 0.610938 0.031250 0.028125
0 0.431250 0.939063 0.031250 0.028125
0 0.345313 0.592187 0.028125 0.028125
0 0.590625 0.384375 0.031250 0.031250
0 0.032813 0.400000 0.034375 0.031250
0 0.489063 0.839063 0.028125 0.028125
0 0.028125 0.464062 0.031250 0.028125
0 0.062500 0.954688 0.031250 0.034375
0 0.379688 0.368750 0.028125 0.031250
0 0.031250 0.434375 0.031250 0.031250
0 0.215625 0.725000 0.031250 0.031250
0 0.350000 0.318750 0.031250 0.031250
0 0.185938 0.739062 0.028125 0.028125
0 0.476562 0.757812 0.028125 0.028125
0 0.135937 0.906250 0.028125 0.031250
0 0.526563 0.384375 0.028125 0.031250
0 0.673438 0.557813 0.028125 0.028125
0 0.364063 0.681250 0.028125 0.031250
0 0.696875 0.720313 0.031250 0.028125
0 0.378125 0.334375 0.031250 0.031250
0 0.337500 0.664062 0.031250 0.028125
0 0.587500 0.417187 0.031250 0.028125
0 0.557813 0.729688 0.028125 0.028125
0 0.076563 0.279687 0.034375 0.034375
0 0.428125 0.971875 0.031250 0.031250
0 0.637500 0.475000 0.031250 0.031250
0 0.312500 0.289062 0.031250 0.034375
0 0.109375 0.281250 0.031250 0.031250
0 0.143750 0.278125 0.031250 0.031250
0 0.545312 0.895312 0.028125 0.028125
0 0.551562 0.926562 0.028125 0.028125
0 0.473438 0.689063 0.028125 0.028125
0 0.696875 0.775000 0.031250 0.031250
0 0.668750 0.525000 0.031250 0.031250
0 0.676562 0.592187 0.028125 0.028125
0 0.162500 0.307812 0.031250 0.028125
0 0.031250 0.368750 0.031250 0.031250
0 0.437500 0.371875 0.031250 0.031250
0 0.464062 0.821875 0.028125 0.031250
0 0.028125 0.948438 0.031250 0.034375
0 0.040625 0.978125 0.025000 0.025000
0 0.343750 0.287500 0.031250 0.031250
0 0.259375 0.979688 0.025000 0.028125
0 0.534375 0.784375 0.031250 0.031250
0 0.464062 0.353125 0.034375 0.031250
0 0.445312 0.740625 0.028125 0.031250
0 0.715625 0.746875 0.031250 0.031250
0 0.507812 0.607812 0.028125 0.028125
0 0.562500 0.956250 0.031250 0.031250
0 0.376563 0.293750 0.028125 0.031250
0 0.193750 0.309375 0.031250 0.031250
0 0.557813 0.365625 0.034375 0.031250
0 0.243750 0.281250 0.031250 0.031250
0 0.587500 0.742188 0.031250 0.028125
0 0.531250 0.718750 0.031250 0.031250
0 0.212500 0.281250 0.031250 0.031250
0 0.017188 0.664062 0.028125 0.028125
0 0.687500 0.653125 0.031250 0.031250
0 0.706250 0.573438 0.031250 0.034375
0 0.568750 0.875000 0.031250 0.031250
0 0.517188 0.884375 0.028125 0.031250
0 0.415625 0.339062 0.037500 0.040625
0 0.528125 0.350000 0.031250 0.031250
0 0.725000 0.643750 0.031250 0.031250
0 0.710938 0.817187 0.028125 0.028125
0 0.178125 0.281250 0.031250 0.031250
0 0.725000 0.790625 0.031250 0.031250
0 0.240625 0.740625 0.031250 0.031250
0 0.593750 0.968750 0.031250 0.031250
0 0.407813 0.303125 0.028125 0.031250
0 0.721875 0.676562 0.031250 0.034375
0 0.406250 0.890625 0.031250 0.031250
0 0.682813 0.804688 0.028125 0.028125
0 0.678125 0.946875 0.031250 0.031250
0 0.042188 0.279687 0.034375 0.034375
0 0.767188 0.967187 0.034375 0.034375
0 0.692187 0.621875 0.034375 0.037500
0 0.729688 0.714063 0.034375 0.034375
0 0.209375 0.787500 0.031250 0.031250
0 0.496875 0.334375 0.031250 0.031250
0 0.618750 0.407813 0.031250 0.028125
0 0.437500 0.309375 0.031250 0.031250
0 0.468750 0.318750 0.031250 0.031250
0 0.387500 0.700000 0.031250 0.031250
0 0.395313 0.631250 0.028125 0.031250
