0 0.443750 0.150000 0.031250 0.031250
0 0.376563 0.165625 0.034375 0.037500
0 0.259375 0.131250 0.031250 0.031250
0 0.128125 0.115625 0.031250 0.031250
0 0.159375 0.262500 0.031250 0.031250
0 0.298438 0.220312 0.028125 0.028125
0 0.206250 0.153125 0.031250 0.031250
0 0.087500 0.165625 0.031250 0.031250
0 0.040625 0.131250 0.031250 0.031250
0 0.043750 0.218750 0.031250 0.031250
0 0.081250 0.078125 0.031250 0.031250
0 0.253125 0.187500 0.031250 0.031250
0 0.226562 0.126562 0.028125 0.028125
0 0.032813 0.067187 0.034375 0.034375
0 0.389062 0.290625 0.028125 0.031250
0 0.214062 0.095312 0.028125 0.028125
0 0.106250 0.140625 0.031250 0.031250
0 0.120313 0.168750 0.028125 0.031250
0 0.065625 0.892188 0.031250 0.028125
0 0.212500 0.239063 0.031250 0.028125
0 0.040625 0.275000 0.031250 0.031250
0 0.193750 0.121875 0.031250 0.031250
0 0.265625 0.215625 0.031250 0.031250
0 0.148438 0.087500 0.028125 0.031250
0 0.167187 0.204687 0.028125 0.028125
0 0.059375 0.246875 0.031250 0.031250
0 0.145313 0.231250 0.028125 0.031250
0 0.187500 0.178125 0.031250 0.031250
0 0.278125 0.103125 0.031250 0.031250
0 0.220312 0.182812 0.028125 0.028125
0 0.032813 0.332813 0.028125 0.028125
0 0.073438 0.134375 0.028125 0.031250
0 0.465625 0.109375 0.037500 0.037500
0 0.331250 0.225000 0.031250 0.031250
0 0.079687 0.221875 0.028125 0.031250
0 0.173437 0.293750 0.028125 0.031250
0 0.134375 0.200000 0.031250 0.031250
0 0.245312 0.243750 0.028125 0.031250
0 0.075000 0.278125 0.031250 0.031250
0 0.260937 0.040625 0.028125 0.031250
0 0.325000 0.137500 0.031250 0.031250
0 0.171875 0.390625 0.031250 0.031250
0 0.065625 0.925000 0.031250 0.031250
0 0.115625 0.084375 0.031250 0.031250
0 0.065625 0.759375 0.031250 0.031250
0 0.290625 0.134375 0.031250 0.031250
0 0.200000 0.064062 0.031250 0.034375
0 0.181250 0.854688 0.031250 0.028125
0 0.059375 0.393750 0.031250 0.031250
0 0.065625 0.859375 0.031250 0.031250
0 0.142187 0.146875 0.028125 0.031250
0 0.173437 0.148438 0.028125 0.028125
0 0.026562 0.243750 0.028125 0.031250
0 0.053125 0.162500 0.031250 0.031250
0 0.123438 0.889062 0.028125 0.028125
0 0.032813 0.187500 0.028125 0.031250
0 0.093750 0.843750 0.031250 0.031250
0 0.053125 0.454688 0.031250 0.034375
0 0.095312 0.109375 0.028125 0.031250
0 0.339062 0.168750 0.028125 0.031250
0 0.106250 0.428125 0.031250 0.031250
0 0.273438 0.162500 0.028125 0.031250
0 0.376563 0.257812 0.028125 0.028125
0 0.101562 0.196875 0.028125 0.031250
0 0.051562 0.306250 0.028125 0.031250
0 0.153125 0.175000 0.031250 0.031250
0 0.409375 0.265625 0.031250 0.031250
0 0.304688 0.165625 0.028125 0.031250
0 0.423438 0.293750 0.028125 0.031250
0 0.039062 0.942187 0.028125 0.028125
0 0.460938 0.179688 0.028125 0.028125
0 0.085938 0.310937 0.028125 0.028125
0 0.317188 0.045312 0.028125 0.028125
0 0.121875 0.462500 0.031250 0.031250
0 0.181250 0.090625 0.031250 0.031250
0 0.123438 0.859375 0.028125 0.031250
0 0.093750 0.253125 0.031250 0.031250
0 0.121875 0.825000 0.031250 0.031250
0 0.242188 0.882812 0.028125 0.028125
0 0.154688 0.457813 0.028125 0.028125
0 0.231250 0.214062 0.031250 0.028125
0 0.179688 0.235937 0.028125 0.028125
0 0.121875 0.401562 0.031250 0.028125
0 0.065625 0.337500 0.031250 0.031250
0 0.035937 0.909375 0.028125 0.031250
0 0.353125 0.835938 0.031250 0.028125
0 0.257812 0.696875 0.028125 0.031250
0 0.154688 0.904687 0.028125 0.028125
0 0.346875 0.067187 0.031250 0.028125
0 0.126562 0.257812 0.028125 0.028125
0 0.323437 0.279687 0.028125 0.028125
0 0.168750 0.059375 0.031250 0.031250
0 0.289062 0.057813 0.028125 0.028125
0 0.065625 0.193750 0.031250 0.031250
0 0.220312 0.445312 0.028125 0.028125
0 0.040625 0.642188 0.031250 0.028125
0 0.067187 0.692187 0.028125 0.028125
0 0.253125 0.345313 0.031250 0.028125
0 0.110937 0.371875 0.028125 0.031250
0 0.095312 0.907813 0.028125 0.028125
0 0.187500 0.328125 0.031250 0.031250
0 0.240625 0.156250 0.031250 0.031250
0 0.192188 0.267188 0.028125 0.028125
0 0.310937 0.250000 0.028125 0.031250
0 0.481250 0.265625 0.031250 0.031250
0 0.067187 0.659375 0.028125 0.031250
0 0.150000 0.775000 0.031250 0.031250
0 0.035937 0.876563 0.028125 0.028125
0 0.104688 0.056250 0.034375 0.031250
0 0.428125 0.121875 0.031250 0.031250
0 0.046875 0.365625 0.031250 0.031250
0 0.226562 0.271875 0.028125 0.031250
0 0.429688 0.237500 0.028125 0.031250
0 0.035937 0.809375 0.028125 0.031250
0 0.065625 0.726562 0.031250 0.028125
0 0.542188 0.157812 0.028125 0.028125
0 0.065625 0.792188 0.031250 0.028125
0 0.270313 0.893750 0.028125 0.031250
0 0.018750 0.303125 0.031250 0.031250
0 0.445312 0.209375 0.028125 0.031250
0 0.065625 0.828125 0.031250 0.031250
0 0.206250 0.390625 0.031250 0.031250
0 0.200000 0.209375 0.031250 0.031250
0 0.348438 0.032813 0.028125 0.028125
0 0.115625 0.225000 0.031250 0.031250
0 0.303125 0.306250 0.031250 0.031250
0 0.095312 0.710938 0.028125 0.028125
0 0.246875 0.100000 0.031250 0.031250
0 0.028125 0.100000 0.031250 0.031250
0 0.401562 0.320312 0.028125 0.028125
0 0.318750 0.193750 0.031250 0.031250
0 0.237500 0.817187 0.031250 0.028125
0 0.121875 0.792188 0.031250 0.028125
0 0.265625 0.309375 0.031250 0.031250
0 0.356250 0.284375 0.031250 0.031250
0 0.121875 0.726562 0.031250 0.028125
0 0.315625 0.075000 0.031250 0.031250
0 0.093750 0.809375 0.031250 0.031250
0 0.096875 0.642188 0.031250 0.028125
0 0.290625 0.025000 0.031250 0.031250
0 0.489063 0.054688 0.028125 0.028125
0 0.345313 0.254688 0.028125 0.028125
0 0.370312 0.315625 0.028125 0.031250
0 0.095312 0.873437 0.028125 0.028125
0 0.151562 0.842187 0.028125 0.028125
0 0.354687 0.867188 0.028125 0.028125
0 0.035937 0.843750 0.028125 0.031250
0 0.090625 0.396875 0.031250 0.031250
0 0.037500 0.418750 0.031250 0.031250
0 0.143750 0.376563 0.031250 0.028125
0 0.039062 0.710938 0.028125 0.028125
0 0.095312 0.939063 0.028125 0.028125
0 0.343750 0.103125 0.031250 0.031250
0 0.068750 0.485938 0.031250 0.034375
0 0.076563 0.368750 0.028125 0.031250
0 0.151562 0.710938 0.028125 0.028125
0 0.300000 0.904687 0.031250 0.028125
0 0.396875 0.234375 0.031250 0.031250
0 0.148438 0.742188 0.028125 0.028125
0 0.409375 0.831250 0.031250 0.031250
0 0.159375 0.118750 0.031250 0.031250
0 0.462500 0.075000 0.031250 0.031250
0 0.567187 0.139063 0.028125 0.028125
0 0.148438 0.807813 0.028125 0.028125
0 0.040625 0.678125 0.031250 0.031250
0 0.335938 0.310937 0.028125 0.028125
0 0.459375 0.240625 0.031250 0.031250
0 0.428125 0.178125 0.031250 0.031250
0 0.493750 0.235937 0.031250 0.028125
0 0.234375 0.057813 0.031250 0.034375
0 0.035937 0.776563 0.028125 0.028125
0 0.284375 0.190625 0.031250 0.031250
0 0.348438 0.342187 0.028125 0.028125
0 0.362500 0.228125 0.031250 0.031250
0 0.298438 0.873437 0.028125 0.028125
0 0.309375 0.106250 0.031250 0.031250
0 0.096875 0.678125 0.031250 0.031250
0 0.128125 0.525000 0.031250 0.031250
0 0.112500 0.493750 0.031250 0.031250
0 0.259375 0.275000 0.031250 0.031250
0 0.278125 0.246875 0.031250 0.031250
0 0.284375 0.332813 0.031250 0.028125
0 0.221875 0.350000 0.031250 0.031250
0 0.162500 0.575000 0.031250 0.031250
0 0.382812 0.346875 0.028125 0.031250
0 0.106250 0.282813 0.031250 0.028125
0 0.309375 0.487500 0.031250 0.031250
0 0.351562 0.196875 0.028125 0.031250
0 0.060937 0.048438 0.034375 0.034375
0 0.153125 0.875000 0.031250 0.031250
0 0.096875 0.340625 0.031250 0.031250
0 0.382812 0.848437 0.028125 0.028125
0 0.120313 0.759375 0.028125 0.031250
0 0.062500 0.104688 0.031250 0.034375
0 0.239063 0.851562 0.028125 0.028125
0 0.087500 0.459375 0.031250 0.031250
0 0.379688 0.815625 0.028125 0.031250
0 0.290625 0.276562 0.031250 0.028125
0 0.210938 0.868750 0.028125 0.031250
0 0.168750 0.425000 0.031250 0.031250
0 0.185938 0.453125 0.028125 0.031250
0 0.039062 0.976562 0.028125 0.028125
0 0.232813 0.753125 0.028125 0.031250
0 0.443750 0.268750 0.031250 0.031250
0 0.459375 0.040625 0.031250 0.031250
0 0.476562 0.207813 0.028125 0.028125
0 0.021875 0.153125 0.031250 0.031250
0 0.231250 0.318750 0.031250 0.031250
0 0.331250 0.920312 0.031250 0.028125
0 0.067187 0.957812 0.028125 0.028125
0 0.354687 0.134375 0.028125 0.031250
0 0.095312 0.743750 0.028125 0.031250
0 0.489063 0.176563 0.028125 0.028125
0 0.071875 0.425000 0.031250 0.031250
0 0.262500 0.073438 0.031250 0.028125
0 0.235937 0.785937 0.028125 0.028125
0 0.176563 0.726562 0.028125 0.028125
0 0.026562 0.390625 0.028125 0.031250
0 0.526563 0.231250 0.028125 0.031250
0 0.514062 0.260937 0.028125 0.028125
0 0.123438 0.923438 0.028125 0.028125
0 0.229687 0.025000 0.034375 0.031250
0 0.560937 0.306250 0.028125 0.031250
0 0.179688 0.823438 0.028125 0.028125
0 0.135937 0.431250 0.028125 0.031250
0 0.207813 0.476562 0.028125 0.028125
0 0.164062 0.510938 0.028125 0.028125
0 0.237500 0.378125 0.031250 0.031250
0 0.328125 0.887500 0.031250 0.031250
0 0.190625 0.362500 0.031250 0.031250
0 0.187500 0.539062 0.031250 0.028125
0 0.520312 0.065625 0.028125 0.031250
0 0.309375 0.542188 0.031250 0.028125
0 0.251563 0.435937 0.028125 0.028125
0 0.210938 0.835938 0.028125 0.028125
0 0.304688 0.651563 0.028125 0.028125
0 0.229687 0.414062 0.028125 0.028125
0 0.153125 0.543750 0.031250 0.031250
0 0.035937 0.742188 0.028125 0.028125
0 0.265625 0.765625 0.031250 0.031250
0 0.351562 0.801562 0.028125 0.028125
0 0.206250 0.739062 0.031250 0.028125
0 0.028125 0.478125 0.031250 0.031250
0 0.315625 0.335938 0.031250 0.028125
0 0.182812 0.889062 0.028125 0.028125
0 0.270313 0.462500 0.028125 0.031250
0 0.137500 0.059375 0.031250 0.031250
0 0.478125 0.146875 0.031250 0.031250
0 0.285938 0.426563 0.028125 0.028125
0 0.562500 0.106250 0.031250 0.031250
0 0.206250 0.298438 0.031250 0.028125
0 0.043750 0.506250 0.031250 0.031250
0 0.162500 0.350000 0.031250 0.031250
0 0.179688 0.757812 0.028125 0.028125
0 0.550000 0.075000 0.031250 0.031250
0 0.095312 0.776563 0.028125 0.028125
0 0.234375 0.720313 0.031250 0.028125
0 0.268750 0.860938 0.031250 0.028125
0 0.520312 0.179688 0.028125 0.028125
0 0.548438 0.193750 0.028125 0.031250
0 0.593750 0.118750 0.031250 0.031250
0 0.289062 0.707812 0.028125 0.028125
0 0.267188 0.829688 0.028125 0.028125
0 0.231250 0.503125 0.031250 0.031250
0 0.059375 0.532813 0.031250 0.034375
0 0.198437 0.421875 0.028125 0.031250
0 0.293750 0.575000 0.031250 0.031250
0 0.345313 0.487500 0.028125 0.025000
0 0.198437 0.507812 0.028125 0.028125
0 0.070312 0.626563 0.028125 0.028125
0 0.031250 0.031250 0.031250 0.031250
0 0.264062 0.795312 0.028125 0.028125
0 0.087500 0.515625 0.031250 0.031250
0 0.465625 0.296875 0.031250 0.031250
0 0.128125 0.562500 0.031250 0.031250
0 0.325000 0.515625 0.031250 0.031250
0 0.268750 0.375000 0.031250 0.031250
0 0.242188 0.471875 0.028125 0.031250
0 0.356250 0.900000 0.031250 0.031250
0 0.412500 0.209375 0.031250 0.031250
0 0.504687 0.292187 0.028125 0.028125
0 0.548438 0.254688 0.028125 0.028125
0 0.332813 0.457813 0.028125 0.028125
0 0.264062 0.582812 0.028125 0.028125
0 0.139063 0.289062 0.028125 0.028125
0 0.098437 0.610938 0.028125 0.028125
0 0.381250 0.203125 0.031250 0.031250
0 0.187500 0.626563 0.031250 0.034375
0 0.026562 0.534375 0.028125 0.031250
0 0.273438 0.926562 0.028125 0.028125
0 0.362500 0.460938 0.031250 0.028125
0 0.517188 0.034375 0.028125 0.031250
0 0.300000 0.454688 0.031250 0.028125
0 0.176563 0.482812 0.028125 0.028125
0 0.220312 0.534375 0.028125 0.031250
0 0.396875 0.423438 0.037500 0.040625
0 0.304688 0.939063 0.028125 0.028125
0 0.018750 0.446875 0.031250 0.031250
0 0.412500 0.865625 0.031250 0.031250
0 0.535937 0.284375 0.028125 0.031250
0 0.375000 0.053125 0.031250 0.031250
0 0.434375 0.328125 0.031250 0.031250
0 0.315625 0.426563 0.031250 0.028125
0 0.310937 0.685937 0.028125 0.028125
0 0.184375 0.659375 0.031250 0.031250
0 0.326562 0.570312 0.028125 0.028125
0 0.153125 0.031250 0.031250 0.031250
0 0.570312 0.170313 0.028125 0.028125
0 0.259375 0.532813 0.037500 0.034375
0 0.189062 0.034375 0.028125 0.031250
0 0.334375 0.953125 0.031250 0.031250
0 0.376563 0.018750 0.028125 0.031250
0 0.040625 0.567187 0.031250 0.034375
0 0.432812 0.089063 0.028125 0.028125
0 0.487500 0.020313 0.031250 0.028125
0 0.385937 0.131250 0.028125 0.031250
0 0.596875 0.151562 0.025000 0.028125
0 0.360938 0.370312 0.028125 0.028125
0 0.159375 0.609375 0.031250 0.031250
0 0.043750 0.609375 0.031250 0.031250
0 0.204687 0.564063 0.028125 0.028125
0 0.293750 0.775000 0.031250 0.031250
0 0.128125 0.593750 0.031250 0.031250
0 0.264062 0.732812 0.028125 0.028125
0 0.242188 0.914062 0.028125 0.028125
0 0.492188 0.087500 0.028125 0.031250
0 0.384375 0.879687 0.031250 0.028125
0 0.414062 0.354687 0.028125 0.028125
0 0.279687 0.673438 0.028125 0.028125
0 0.412500 0.153125 0.031250 0.031250
0 0.190625 0.592187 0.031250 0.028125
0 0.154688 0.640625 0.028125 0.031250
0 0.695312 0.978125 0.028125 0.031250
0 0.507812 0.206250 0.028125 0.031250
0 0.098437 0.578125 0.028125 0.031250
0 0.123438 0.692187 0.028125 0.028125
0 0.621875 0.132812 0.031250 0.028125
0 0.557813 0.223438 0.028125 0.028125
0 0.179688 0.692187 0.028125 0.028125
0 0.100000 0.543750 0.031250 0.031250
0 0.342187 0.696875 0.028125 0.031250
0 0.571875 0.276562 0.031250 0.028125
0 0.323437 0.789062 0.028125 0.028125
0 0.087500 0.028125 0.031250 0.031250
0 0.204687 0.707812 0.028125 0.028125
0 0.570312 0.023438 0.028125 0.028125
0 0.365625 0.678125 0.031250 0.031250
0 0.260937 0.406250 0.028125 0.031250
0 0.378125 0.782813 0.031250 0.028125
0 0.068750 0.593750 0.031250 0.031250
0 0.223438 0.589063 0.028125 0.028125
0 0.154688 0.937500 0.028125 0.031250
0 0.290625 0.742188 0.025000 0.028125
0 0.315625 0.601562 0.031250 0.028125
0 0.396875 0.912500 0.037500 0.037500
0 0.390625 0.378125 0.031250 0.031250
0 0.432812 0.020313 0.028125 0.028125
0 0.545312 0.045312 0.028125 0.028125
0 0.335938 0.665625 0.028125 0.031250
0 0.332813 0.632812 0.028125 0.028125
0 0.623437 0.165625 0.028125 0.031250
0 0.237500 0.562500 0.031250 0.031250
0 0.128125 0.626563 0.031250 0.028125
0 0.226562 0.685937 0.028125 0.028125
0 0.264062 0.495312 0.028125 0.028125
0 0.357812 0.643750 0.028125 0.031250
0 0.151562 0.673438 0.028125 0.028125
0 0.439063 0.845313 0.028125 0.028125
0 0.678125 0.432812 0.037500 0.040625
0 0.057813 0.014063 0.028125 0.028125
0 0.282813 0.607812 0.028125 0.028125
0 0.379688 0.489063 0.028125 0.028125
0 0.245312 0.946875 0.028125 0.031250
0 0.465625 0.329688 0.031250 0.028125
0 0.412500 0.490625 0.031250 0.031250
0 0.406250 0.798438 0.031250 0.028125
0 0.393750 0.690625 0.031250 0.031250
0 0.126562 0.660937 0.028125 0.028125
0 0.145313 0.487500 0.028125 0.031250
0 0.650000 0.371875 0.031250 0.031250
0 0.593750 0.300000 0.031250 0.031250
0 0.370312 0.710938 0.028125 0.028125
0 0.446875 0.356250 0.031250 0.031250
0 0.345313 0.545312 0.028125 0.028125
0 0.120313 0.017188 0.034375 0.034375
0 0.153125 0.970313 0.031250 0.028125
0 0.362500 0.517188 0.025000 0.028125
0 0.646875 0.412500 0.031250 0.031250
0 0.393750 0.460938 0.031250 0.028125
0 0.676562 0.095312 0.028125 0.028125
0 0.071875 0.562500 0.031250 0.031250
0 0.437500 0.814063 0.031250 0.028125
0 0.215625 0.656250 0.031250 0.031250
0 0.620313 0.506250 0.028125 0.031250
0 0.292187 0.514062 0.028125 0.028125
0 0.510938 0.148438 0.028125 0.028125
0 0.737500 0.134375 0.031250 0.031250
0 0.240625 0.978125 0.031250 0.031250
0 0.364063 0.931250 0.034375 0.037500
0 0.101562 0.973437 0.034375 0.034375
0 0.121875 0.954688 0.031250 0.034375
0 0.442188 0.509375 0.034375 0.031250
0 0.668750 0.959375 0.031250 0.031250
0 0.610938 0.778125 0.028125 0.031250
0 0.320312 0.014063 0.028125 0.028125
0 0.621875 0.392188 0.031250 0.034375
0 0.212500 0.901563 0.031250 0.028125
0 0.706250 0.146875 0.031250 0.031250
0 0.471875 0.523438 0.031250 0.028125
0 0.698438 0.946875 0.028125 0.031250
0 0.423438 0.451562 0.028125 0.028125
0 0.671875 0.925000 0.031250 0.031250
0 0.579688 0.892188 0.028125 0.028125
0 0.532813 0.657813 0.028125 0.028125
0 0.703125 0.110937 0.031250 0.034375
0 0.720313 0.250000 0.028125 0.031250
0 0.015625 0.593750 0.031250 0.031250
0 0.317188 0.720313 0.028125 0.028125
0 0.326562 0.854688 0.028125 0.028125
0 0.178125 0.790625 0.031250 0.031250
0 0.295312 0.807813 0.028125 0.028125
0 0.421875 0.671875 0.031250 0.031250
0 0.204687 0.775000 0.034375 0.031250
