0 0.479687 0.737500 0.028125 0.031250
0 0.803125 0.790625 0.031250 0.031250
0 0.834375 0.875000 0.031250 0.031250
0 0.628125 0.312500 0.031250 0.031250
0 0.657813 0.875000 0.034375 0.031250
0 0.657813 0.704688 0.034375 0.034375
0 0.865625 0.181250 0.031250 0.031250
0 0.896875 0.265625 0.031250 0.031250
0 0.359375 0.875000 0.031250 0.031250
0 0.865625 0.450000 0.031250 0.031250
0 0.953125 0.840625 0.031250 0.031250
0 0.925000 0.450000 0.031250 0.031250
0 0.865625 0.415625 0.031250 0.031250
0 0.953125 0.262500 0.031250 0.031250
0 0.718750 0.298438 0.031250 0.034375
0 0.893750 0.809375 0.031250 0.031250
0 0.943750 0.048438 0.031250 0.028125
0 0.450000 0.890625 0.031250 0.031250
0 0.865625 0.312500 0.031250 0.031250
0 0.954688 0.465625 0.034375 0.031250
0 0.718750 0.465625 0.031250 0.031250
0 0.687500 0.584375 0.031250 0.031250
0 0.481250 0.134375 0.031250 0.031250
0 0.893750 0.500000 0.031250 0.031250
0 0.746875 0.384375 0.031250 0.031250
0 0.865625 0.246875 0.031250 0.031250
0 0.450000 0.215625 0.031250 0.031250
0 0.925000 0.281250 0.031250 0.031250
0 0.865625 0.653125 0.031250 0.031250
0 0.923438 0.656250 0.034375 0.031250
0 0.628125 0.890625 0.031250 0.031250
0 0.834375 0.740625 0.031250 0.031250
0 0.718750 0.196875 0.031250 0.031250
0 0.776563 0.365625 0.028125 0.031250
0 0.510938 0.118750 0.028125 0.031250
0 0.687500 0.856250 0.031250 0.031250
0 0.823438 0.050000 0.028125 0.031250
0 0.834375 0.603125 0.031250 0.031250
0 0.421875 0.906250 0.031250 0.031250
0 0.953125 0.671875 0.031250 0.031250
0 0.421875 0.200000 0.031250 0.031250
0 0.865625 0.721875 0.031250 0.031250
0 0.834375 0.262500 0.031250 0.031250
0 0.568750 0.856250 0.031250 0.031250
0 0.689063 0.246875 0.034375 0.031250
0 0.628125 0.856250 0.031250 0.031250
0 0.745313 0.721875 0.028125 0.031250
0 0.778125 0.131250 0.031250 0.031250
0 0.853125 0.065625 0.031250 0.031250
0 0.807813 0.350000 0.028125 0.031250
0 0.510938 0.150000 0.028125 0.031250
0 0.628125 0.246875 0.031250 0.031250
0 0.659375 0.231250 0.031250 0.031250
0 0.570312 0.248438 0.034375 0.034375
0 0.540625 0.098437 0.031250 0.028125
0 0.750000 0.281250 0.031250 0.031250
0 0.687500 0.517188 0.031250 0.034375
0 0.390625 0.856250 0.031250 0.031250
0 0.598437 0.839063 0.028125 0.028125
0 0.390625 0.890625 0.031250 0.031250
0 0.776563 0.704688 0.028125 0.028125
0 0.896875 0.331250 0.031250 0.031250
0 0.893750 0.703125 0.031250 0.031250
0 0.453125 0.084375 0.031250 0.031250
0 0.600000 0.975000 0.031250 0.031250
0 0.837500 0.162500 0.031250 0.031250
0 0.834375 0.668750 0.031250 0.031250
0 0.925000 0.485938 0.031250 0.034375
0 0.540625 0.703125 0.031250 0.031250
0 0.825000 0.084375 0.031250 0.031250
0 0.510938 0.485938 0.028125 0.028125
0 0.687500 0.281250 0.031250 0.031250
0 0.925000 0.212500 0.031250 0.031250
0 0.659375 0.198437 0.031250 0.028125
0 0.865625 0.350000 0.031250 0.031250
0 0.687500 0.181250 0.031250 0.031250
0 0.745313 0.756250 0.028125 0.031250
0 0.971875 0.065625 0.031250 0.031250
0 0.746875 0.417187 0.031250 0.028125
0 0.687500 0.823438 0.031250 0.028125
0 0.631250 0.181250 0.031250 0.031250
0 0.837500 0.229687 0.031250 0.028125
0 0.479687 0.806250 0.028125 0.031250
0 0.776563 0.503125 0.028125 0.031250
0 0.509375 0.318750 0.031250 0.031250
0 0.896875 0.434375 0.031250 0.031250
0 0.895312 0.196875 0.028125 0.031250
0 0.745313 0.618750 0.028125 0.031250
0 0.746875 0.484375 0.031250 0.031250
0 0.807813 0.148438 0.028125 0.028125
0 0.359375 0.265625 0.031250 0.031250
0 0.893750 0.771875 0.031250 0.031250
0 0.510938 0.453125 0.028125 0.031250
0 0.807813 0.281250 0.028125 0.031250
0 0.690625 0.115625 0.031250 0.031250
0 0.776563 0.737500 0.028125 0.031250
0 0.954688 0.432812 0.034375 0.034375
0 0.450000 0.450000 0.031250 0.031250
0 0.659375 0.129688 0.031250 0.028125
0 0.803125 0.687500 0.031250 0.031250
0 0.942187 0.084375 0.028125 0.031250
0 0.479687 0.839063 0.028125 0.028125
0 0.806250 0.315625 0.031250 0.031250
0 0.806250 0.417187 0.031250 0.028125
0 0.834375 0.501563 0.031250 0.028125
0 0.834375 0.465625 0.031250 0.031250
0 0.537500 0.906250 0.031250 0.031250
0 0.953125 0.807813 0.031250 0.028125
0 0.923438 0.689063 0.034375 0.034375
0 0.925000 0.312500 0.031250 0.031250
0 0.895312 0.229687 0.028125 0.028125
0 0.628125 0.214062 0.031250 0.028125
0 0.806250 0.485938 0.031250 0.028125
0 0.954688 0.501563 0.034375 0.034375
0 0.837500 0.296875 0.031250 0.031250
0 0.690625 0.046875 0.031250 0.031250
0 0.806250 0.553125 0.031250 0.031250
0 0.925000 0.246875 0.031250 0.031250
0 0.806250 0.450000 0.031250 0.031250
0 0.568750 0.959375 0.031250 0.031250
0 0.715625 0.501563 0.031250 0.028125
0 0.746875 0.687500 0.031250 0.031250
0 0.954688 0.229687 0.034375 0.034375
0 0.865625 0.618750 0.031250 0.031250
0 0.718750 0.262500 0.031250 0.031250
0 0.537500 0.635938 0.031250 0.034375
0 0.806250 0.653125 0.031250 0.031250
0 0.450000 0.653125 0.031250 0.031250
0 0.662500 0.064062 0.031250 0.034375
0 0.418750 0.875000 0.031250 0.031250
0 0.954688 0.740625 0.034375 0.031250
0 0.715625 0.909375 0.031250 0.031250
0 0.328125 0.081250 0.031250 0.031250
0 0.628125 0.823438 0.031250 0.028125
0 0.776563 0.331250 0.028125 0.031250
0 0.806250 0.928125 0.031250 0.031250
0 0.953125 0.703125 0.031250 0.031250
0 0.390625 0.450000 0.031250 0.031250
0 0.715625 0.943750 0.031250 0.031250
0 0.865625 0.825000 0.031250 0.031250
0 0.746875 0.148438 0.031250 0.028125
0 0.689063 0.215625 0.028125 0.031250
0 0.893750 0.671875 0.031250 0.031250
0 0.837500 0.198437 0.031250 0.028125
0 0.865625 0.484375 0.031250 0.031250
0 0.479687 0.267188 0.028125 0.028125
0 0.925000 0.415625 0.031250 0.031250
0 0.600000 0.400000 0.031250 0.031250
0 0.510938 0.250000 0.028125 0.031250
0 0.421875 0.840625 0.031250 0.031250
0 0.718750 0.231250 0.031250 0.031250
0 0.834375 0.809375 0.031250 0.031250
0 0.510938 0.351562 0.028125 0.028125
0 0.806250 0.618750 0.031250 0.031250
0 0.778125 0.298438 0.031250 0.028125
0 0.943750 0.115625 0.031250 0.031250
0 0.834375 0.400000 0.031250 0.031250
0 0.896875 0.534375 0.031250 0.031250
0 0.776563 0.568750 0.028125 0.031250
0 0.450000 0.350000 0.031250 0.031250
0 0.540625 0.296875 0.031250 0.031250
0 0.568750 0.081250 0.031250 0.031250
0 0.540625 0.470313 0.031250 0.028125
0 0.481250 0.637500 0.031250 0.031250
0 0.596875 0.906250 0.031250 0.031250
0 0.568750 0.821875 0.031250 0.031250
0 0.600000 0.703125 0.031250 0.031250
0 0.792188 0.068750 0.034375 0.031250
0 0.510938 0.215625 0.028125 0.031250
0 0.359375 0.940625 0.031250 0.031250
0 0.390625 0.250000 0.031250 0.031250
0 0.656250 0.840625 0.031250 0.031250
0 0.359375 0.231250 0.031250 0.031250
0 0.687500 0.959375 0.031250 0.031250
0 0.596875 0.668750 0.031250 0.031250
0 0.421875 0.434375 0.031250 0.031250
0 0.600000 0.065625 0.031250 0.031250
0 0.779687 0.164062 0.028125 0.028125
0 0.659375 0.096875 0.031250 0.031250
0 0.481250 0.368750 0.031250 0.031250
0 0.925000 0.721875 0.031250 0.031250
0 0.715625 0.740625 0.031250 0.031250
0 0.568750 0.890625 0.031250 0.031250
0 0.884375 0.084375 0.031250 0.031250
0 0.600000 0.231250 0.031250 0.031250
0 0.746875 0.582812 0.031250 0.028125
0 0.893750 0.840625 0.031250 0.031250
0 0.479687 0.332813 0.028125 0.028125
0 0.953125 0.296875 0.031250 0.031250
0 0.837500 0.331250 0.031250 0.031250
0 0.453125 0.153125 0.031250 0.031250
0 0.598437 0.871875 0.028125 0.031250
0 0.746875 0.348438 0.031250 0.028125
0 0.656250 0.501563 0.031250 0.034375
0 0.750000 0.245312 0.031250 0.034375
0 0.657813 0.468750 0.034375 0.031250
0 0.659375 0.265625 0.031250 0.031250
0 0.537500 0.668750 0.031250 0.031250
0 0.628125 0.921875 0.031250 0.031250
0 0.746875 0.115625 0.031250 0.031250
0 0.600000 0.737500 0.031250 0.031250
0 0.718750 0.403125 0.031250 0.031250
0 0.834375 0.943750 0.031250 0.031250
0 0.893750 0.637500 0.031250 0.031250
0 0.600000 0.940625 0.031250 0.031250
0 0.865625 0.281250 0.031250 0.031250
0 0.540625 0.065625 0.031250 0.031250
0 0.778125 0.400000 0.031250 0.031250
0 0.896875 0.162500 0.031250 0.031250
0 0.598437 0.598437 0.034375 0.034375
0 0.975000 0.134375 0.031250 0.031250
0 0.687500 0.484375 0.031250 0.031250
0 0.568750 0.753125 0.031250 0.031250
0 0.715625 0.703125 0.031250 0.031250
0 0.925000 0.859375 0.031250 0.031250
0 0.360938 0.400000 0.028125 0.031250
0 0.481250 0.231250 0.031250 0.031250
0 0.450000 0.856250 0.031250 0.031250
0 0.450000 0.821875 0.031250 0.031250
0 0.881250 0.118750 0.031250 0.031250
0 0.590625 0.512500 0.031250 0.031250
0 0.690625 0.081250 0.031250 0.031250
0 0.540625 0.403125 0.031250 0.031250
0 0.510938 0.923438 0.028125 0.028125
0 0.601562 0.131250 0.028125 0.031250
0 0.865625 0.925000 0.031250 0.031250
0 0.359375 0.906250 0.031250 0.031250
0 0.479687 0.400000 0.028125 0.031250
0 0.806250 0.584375 0.031250 0.031250
0 0.943750 0.153125 0.031250 0.031250
0 0.479687 0.603125 0.028125 0.031250
0 0.778125 0.262500 0.031250 0.031250
0 0.450000 0.250000 0.031250 0.031250
0 0.568750 0.718750 0.031250 0.031250
0 0.481250 0.065625 0.031250 0.031250
0 0.715625 0.534375 0.031250 0.031250
0 0.628125 0.417187 0.031250 0.028125
0 0.746875 0.651563 0.031250 0.028125
0 0.896875 0.943750 0.031250 0.031250
0 0.865625 0.553125 0.031250 0.031250
0 0.421875 0.940625 0.031250 0.031250
0 0.895312 0.603125 0.028125 0.031250
0 0.543750 0.595313 0.031250 0.034375
0 0.867188 0.214062 0.028125 0.028125
0 0.540625 0.231250 0.031250 0.031250
0 0.568750 0.618750 0.031250 0.031250
0 0.568750 0.418750 0.031250 0.031250
0 0.359375 0.300000 0.031250 0.031250
0 0.657813 0.668750 0.028125 0.031250
0 0.746875 0.315625 0.031250 0.031250
0 0.631250 0.046875 0.031250 0.031250
0 0.954688 0.534375 0.034375 0.031250
0 0.806250 0.246875 0.031250 0.031250
0 0.568750 0.346875 0.031250 0.031250
0 0.864062 0.585938 0.028125 0.028125
0 0.865625 0.859375 0.031250 0.031250
0 0.893750 0.465625 0.031250 0.031250
0 0.687500 0.450000 0.031250 0.031250
0 0.631250 0.115625 0.031250 0.031250
0 0.687500 0.925000 0.031250 0.031250
0 0.834375 0.365625 0.031250 0.031250
0 0.921875 0.825000 0.031250 0.031250
0 0.390625 0.720313 0.031250 0.034375
0 0.865625 0.518750 0.031250 0.031250
0 0.834375 0.568750 0.031250 0.031250
0 0.359375 0.501563 0.031250 0.034375
0 0.953125 0.876563 0.031250 0.034375
0 0.953125 0.635938 0.031250 0.034375
0 0.421875 0.501563 0.031250 0.034375
0 0.450000 0.115625 0.031250 0.031250
0 0.568750 0.653125 0.031250 0.031250
0 0.453125 0.923438 0.031250 0.028125
0 0.421875 0.468750 0.031250 0.031250
0 0.834375 0.704688 0.031250 0.028125
0 0.570312 0.923438 0.028125 0.028125
0 0.390625 0.687500 0.031250 0.031250
0 0.509375 0.890625 0.031250 0.031250
0 0.537500 0.771875 0.031250 0.031250
0 0.450000 0.050000 0.031250 0.031250
0 0.925000 0.384375 0.031250 0.031250
0 0.479687 0.871875 0.028125 0.031250
0 0.568750 0.453125 0.031250 0.031250
0 0.450000 0.553125 0.031250 0.031250
0 0.629687 0.148438 0.028125 0.028125
0 0.718750 0.771875 0.031250 0.031250
0 0.360938 0.635938 0.028125 0.028125
0 0.418750 0.771875 0.031250 0.031250
0 0.687500 0.651563 0.031250 0.034375
0 0.390625 0.181250 0.031250 0.031250
0 0.806250 0.518750 0.031250 0.031250
0 0.568750 0.684375 0.031250 0.031250
0 0.628125 0.787500 0.031250 0.031250
0 0.807813 0.114062 0.034375 0.034375
0 0.568750 0.381250 0.031250 0.031250
0 0.853125 0.100000 0.031250 0.031250
0 0.450000 0.484375 0.031250 0.031250
0 0.509375 0.821875 0.031250 0.031250
0 0.568750 0.115625 0.031250 0.031250
0 0.360938 0.806250 0.028125 0.031250
0 0.479687 0.773438 0.028125 0.028125
0 0.806250 0.962500 0.031250 0.031250
0 0.746875 0.450000 0.031250 0.031250
0 0.834375 0.635938 0.031250 0.028125
0 0.896875 0.568750 0.031250 0.031250
0 0.775000 0.840625 0.031250 0.031250
0 0.778125 0.468750 0.031250 0.031250
0 0.450000 0.284375 0.031250 0.031250
0 0.450000 0.789062 0.031250 0.028125
0 0.631250 0.081250 0.031250 0.031250
0 0.450000 0.621875 0.031250 0.031250
0 0.718750 0.131250 0.031250 0.031250
0 0.776563 0.600000 0.028125 0.031250
0 0.359375 0.839063 0.031250 0.028125
0 0.390625 0.925000 0.031250 0.031250
0 0.893750 0.909375 0.031250 0.031250
0 0.806250 0.215625 0.031250 0.031250
0 0.690625 0.146875 0.031250 0.031250
0 0.509375 0.687500 0.031250 0.031250
0 0.418750 0.737500 0.031250 0.031250
0 0.923438 0.518750 0.034375 0.031250
0 0.687500 0.787500 0.031250 0.031250
0 0.479687 0.940625 0.028125 0.031250
0 0.481250 0.906250 0.031250 0.031250
0 0.575000 0.575000 0.031250 0.031250
0 0.914062 0.068750 0.028125 0.031250
0 0.601562 0.165625 0.028125 0.031250
0 0.934375 0.957812 0.031250 0.034375
0 0.745313 0.517188 0.028125 0.028125
0 0.914062 0.098437 0.028125 0.028125
0 0.776563 0.537500 0.028125 0.031250
0 0.359375 0.062500 0.031250 0.031250
0 0.509375 0.184375 0.031250 0.031250
0 0.450000 0.384375 0.031250 0.031250
0 0.687500 0.890625 0.031250 0.031250
0 0.953125 0.193750 0.031250 0.031250
0 0.750000 0.215625 0.031250 0.031250
0 0.834375 0.434375 0.031250 0.031250
0 0.537500 0.840625 0.031250 0.031250
0 0.953125 0.771875 0.031250 0.031250
0 0.479687 0.468750 0.028125 0.031250
0 0.600000 0.100000 0.031250 0.031250
0 0.542188 0.134375 0.028125 0.031250
0 0.359375 0.534375 0.031250 0.031250
0 0.600000 0.434375 0.031250 0.031250
0 0.479687 0.671875 0.028125 0.031250
0 0.715625 0.635938 0.031250 0.028125
0 0.684375 0.550000 0.031250 0.031250
0 0.421875 0.134375 0.031250 0.031250
0 0.865625 0.687500 0.031250 0.031250
0 0.537500 0.871875 0.031250 0.031250
0 0.776563 0.434375 0.028125 0.031250
0 0.718750 0.164062 0.031250 0.028125
0 0.837500 0.534375 0.031250 0.031250
0 0.421875 0.668750 0.031250 0.031250
0 0.718750 0.603125 0.031250 0.031250
0 0.359375 0.200000 0.031250 0.031250
0 0.479687 0.300000 0.028125 0.031250
0 0.656250 0.434375 0.031250 0.031250
0 0.390625 0.418750 0.031250 0.031250
0 0.360938 0.468750 0.034375 0.031250
0 0.481250 0.101562 0.031250 0.028125
0 0.510938 0.753125 0.028125 0.031250
0 0.659375 0.296875 0.031250 0.031250
0 0.450000 0.689063 0.031250 0.028125
0 0.807813 0.181250 0.028125 0.031250
0 0.390625 0.821875 0.031250 0.031250
0 0.779687 0.196875 0.028125 0.031250
0 0.720313 0.064062 0.034375 0.034375
0 0.568750 0.787500 0.031250 0.031250
0 0.776563 0.668750 0.028125 0.031250
0 0.509375 0.854688 0.031250 0.028125
0 0.418750 0.703125 0.031250 0.031250
0 0.542188 0.503125 0.028125 0.031250
0 0.718750 0.434375 0.031250 0.031250
0 0.359375 0.100000 0.031250 0.031250
0 0.893750 0.737500 0.031250 0.031250
0 0.896875 0.400000 0.031250 0.031250
0 0.923438 0.756250 0.034375 0.031250
0 0.596875 0.771875 0.031250 0.031250
0 0.479687 0.975000 0.028125 0.031250
0 0.421875 0.403125 0.031250 0.031250
0 0.806250 0.381250 0.031250 0.031250
0 0.626563 0.550000 0.034375 0.031250
0 0.510938 0.050000 0.028125 0.031250
0 0.954688 0.603125 0.034375 0.031250
0 0.540625 0.434375 0.031250 0.031250
0 0.359375 0.434375 0.031250 0.031250
0 0.659375 0.031250 0.031250 0.031250
0 0.750000 0.181250 0.031250 0.031250
0 0.509375 0.282813 0.031250 0.028125
0 0.328125 0.890625 0.031250 0.031250
0 0.893750 0.876563 0.031250 0.028125
0 0.925000 0.553125 0.031250 0.031250
0 0.510938 0.520312 0.028125 0.028125
0 0.745313 0.926562 0.028125 0.028125
0 0.390625 0.787500 0.031250 0.031250
0 0.450000 0.418750 0.031250 0.031250
0 0.390625 0.653125 0.031250 0.031250
0 0.775000 0.943750 0.031250 0.031250
0 0.390625 0.150000 0.031250 0.031250
0 0.923438 0.893750 0.034375 0.031250
0 0.510938 0.085938 0.028125 0.028125
0 0.359375 0.671875 0.031250 0.031250
0 0.328125 0.284375 0.031250 0.031250
0 0.390625 0.756250 0.031250 0.031250
0 0.359375 0.737500 0.031250 0.031250
0 0.390625 0.115625 0.031250 0.031250
0 0.954688 0.400000 0.034375 0.031250
0 0.748437 0.790625 0.028125 0.031250
0 0.715625 0.806250 0.031250 0.031250
0 0.509375 0.785937 0.031250 0.028125
0 0.421875 0.234375 0.031250 0.031250
0 0.510938 0.720313 0.028125 0.028125
0 0.600000 0.200000 0.031250 0.031250
0 0.387500 0.587500 0.031250 0.031250
0 0.390625 0.050000 0.031250 0.031250
0 0.537500 0.940625 0.031250 0.031250
0 0.628125 0.653125 0.031250 0.031250
0 0.657813 0.635938 0.028125 0.028125
0 0.359375 0.703125 0.031250 0.031250
0 0.421875 0.265625 0.031250 0.031250
0 0.421875 0.806250 0.031250 0.031250
0 0.421875 0.300000 0.031250 0.031250
0 0.975000 0.100000 0.031250 0.031250
0 0.593750 0.548438 0.031250 0.034375
0 0.776563 0.909375 0.028125 0.031250
0 0.481250 0.534375 0.031250 0.031250
0 0.657813 0.806250 0.028125 0.031250
0 0.453125 0.518750 0.031250 0.031250
0 0.328125 0.856250 0.031250 0.031250
0 0.912500 0.134375 0.031250 0.031250
0 0.953125 0.570312 0.031250 0.034375
0 0.956250 0.331250 0.031250 0.031250
0 0.540625 0.200000 0.031250 0.031250
0 0.509375 0.653125 0.031250 0.031250
0 0.568750 0.485938 0.031250 0.034375
0 0.662500 0.165625 0.031250 0.031250
0 0.568750 0.184375 0.031250 0.031250
0 0.328125 0.248438 0.031250 0.034375
0 0.600000 0.265625 0.031250 0.031250
0 0.453125 0.184375 0.031250 0.031250
0 0.925000 0.928125 0.031250 0.031250
0 0.689063 0.417187 0.028125 0.028125
0 0.628125 0.959375 0.031250 0.031250
0 0.746875 0.893750 0.031250 0.031250
0 0.562500 0.529687 0.031250 0.034375
0 0.448437 0.959375 0.028125 0.031250
0 0.656250 0.940625 0.031250 0.031250
0 0.390625 0.553125 0.031250 0.031250
0 0.481250 0.167187 0.031250 0.028125
0 0.359375 0.334375 0.031250 0.031250
0 0.834375 0.771875 0.031250 0.031250
0 0.359375 0.165625 0.031250 0.031250
0 0.971875 0.031250 0.031250 0.031250
0 0.715625 0.975000 0.031250 0.031250
0 0.479687 0.434375 0.028125 0.031250
0 0.806250 0.721875 0.031250 0.031250
0 0.571875 0.281250 0.031250 0.031250
0 0.418750 0.168750 0.031250 0.031250
0 0.776563 0.876563 0.028125 0.028125
0 0.328125 0.551562 0.031250 0.034375
0 0.600000 0.365625 0.031250 0.031250
0 0.778125 0.096875 0.031250 0.031250
0 0.539062 0.806250 0.028125 0.031250
0 0.718750 0.331250 0.031250 0.031250
0 0.765625 0.053125 0.031250 0.031250
0 0.390625 0.318750 0.031250 0.031250
0 0.865625 0.790625 0.031250 0.031250
0 0.687500 0.312500 0.031250 0.031250
0 0.392188 0.084375 0.034375 0.031250
0 0.865625 0.381250 0.031250 0.031250
0 0.907813 0.976562 0.034375 0.034375
0 0.328125 0.484375 0.031250 0.031250
0 0.925000 0.178125 0.031250 0.031250
0 0.390625 0.484375 0.031250 0.031250
0 0.359375 0.568750 0.031250 0.031250
0 0.628125 0.384375 0.031250 0.031250
0 0.328125 0.517188 0.031250 0.034375
0 0.792188 0.034375 0.028125 0.031250
0 0.884375 0.053125 0.031250 0.031250
0 0.803125 0.856250 0.031250 0.031250
0 0.418750 0.368750 0.031250 0.031250
0 0.715625 0.876563 0.031250 0.028125
0 0.542188 0.559375 0.034375 0.031250
0 0.390625 0.281250 0.031250 0.031250
0 0.540625 0.334375 0.031250 0.031250
0 0.954688 0.909375 0.034375 0.031250
0 0.975000 0.168750 0.031250 0.031250
0 0.479687 0.567187 0.028125 0.028125
0 0.509375 0.418750 0.031250 0.031250
0 0.628125 0.448437 0.031250 0.028125
0 0.865625 0.892188 0.031250 0.028125
0 0.834375 0.840625 0.031250 0.031250
0 0.542188 0.167187 0.028125 0.028125
0 0.895312 0.367188 0.028125 0.028125
0 0.656250 0.907813 0.031250 0.034375
0 0.865625 0.146875 0.031250 0.031250
0 0.923438 0.790625 0.034375 0.031250
0 0.925000 0.350000 0.031250 0.031250
0 0.418750 0.568750 0.031250 0.031250
0 0.510938 0.956250 0.028125 0.031250
0 0.628125 0.753125 0.031250 0.031250
0 0.600000 0.468750 0.031250 0.031250
0 0.964063 0.940625 0.034375 0.031250
0 0.656250 0.534375 0.031250 0.031250
0 0.596875 0.634375 0.031250 0.031250
0 0.359375 0.603125 0.031250 0.031250
0 0.571875 0.150000 0.031250 0.031250
0 0.775000 0.806250 0.031250 0.031250
0 0.775000 0.771875 0.031250 0.031250
0 0.328125 0.687500 0.031250 0.031250
0 0.803125 0.893750 0.031250 0.031250
0 0.735938 0.034375 0.034375 0.031250
0 0.748437 0.551562 0.028125 0.028125
0 0.921875 0.621875 0.031250 0.031250
0 0.390625 0.621875 0.031250 0.031250
0 0.943750 0.015625 0.031250 0.031250
0 0.689063 0.720313 0.034375 0.034375
0 0.421875 0.100000 0.031250 0.031250
0 0.687500 0.687500 0.031250 0.031250
0 0.853125 0.034375 0.031250 0.031250
0 0.359375 0.032813 0.031250 0.034375
0 0.418750 0.603125 0.031250 0.031250
0 0.481250 0.200000 0.031250 0.031250
0 0.421875 0.065625 0.031250 0.031250
0 0.628125 0.584375 0.031250 0.031250
0 0.540625 0.737500 0.031250 0.031250
0 0.421875 0.534375 0.031250 0.031250
0 0.718750 0.668750 0.031250 0.031250
0 0.481250 0.704688 0.031250 0.028125
0 0.657813 0.771875 0.028125 0.031250
0 0.328125 0.215625 0.031250 0.031250
0 0.776563 0.634375 0.028125 0.031250
0 0.450000 0.584375 0.031250 0.031250
0 0.626563 0.517188 0.034375 0.034375
0 0.715625 0.568750 0.031250 0.031250
0 0.509375 0.620313 0.031250 0.028125
0 0.479687 0.501563 0.028125 0.028125
0 0.509375 0.587500 0.031250 0.031250
0 0.896875 0.298438 0.031250 0.028125
0 0.656250 0.740625 0.031250 0.031250
0 0.837500 0.131250 0.031250 0.031250
0 0.628125 0.618750 0.031250 0.031250
0 0.387500 0.959375 0.031250 0.031250
0 0.450000 0.315625 0.031250 0.031250
0 0.328125 0.417187 0.031250 0.034375
0 0.328125 0.384375 0.031250 0.031250
0 0.687500 0.621875 0.031250 0.031250
0 0.865625 0.756250 0.031250 0.031250
0 0.568750 0.048438 0.031250 0.028125
0 0.912500 0.034375 0.031250 0.031250
0 0.598437 0.804688 0.028125 0.028125
0 0.328125 0.654687 0.031250 0.034375
0 0.390625 0.518750 0.031250 0.031250
0 0.418750 0.334375 0.031250 0.031250
0 0.326562 0.620313 0.034375 0.034375
0 0.659375 0.401562 0.031250 0.028125
0 0.328125 0.957812 0.031250 0.034375
0 0.600000 0.032813 0.031250 0.034375
0 0.598437 0.296875 0.028125 0.031250
0 0.540625 0.034375 0.031250 0.031250
0 0.328125 0.351562 0.031250 0.034375
0 0.328125 0.150000 0.031250 0.031250
0 0.718750 0.365625 0.031250 0.031250
0 0.626563 0.684375 0.028125 0.031250
0 0.359375 0.975000 0.031250 0.031250
0 0.628125 0.485938 0.031250 0.034375
0 0.328125 0.050000 0.031250 0.031250
0 0.328125 0.821875 0.031250 0.031250
0 0.509375 0.384375 0.031250 0.031250
0 0.631250 0.281250 0.031250 0.031250
0 0.479687 0.032813 0.028125 0.028125
0 0.718750 0.096875 0.031250 0.031250
0 0.326562 0.721875 0.034375 0.031250
0 0.925000 0.587500 0.031250 0.031250
0 0.421875 0.637500 0.031250 0.031250
0 0.540625 0.367188 0.031250 0.028125
0 0.806250 0.756250 0.031250 0.031250
0 0.418750 0.975000 0.031250 0.031250
0 0.656250 0.975000 0.031250 0.031250
0 0.537500 0.975000 0.031250 0.031250
0 0.540625 0.267188 0.031250 0.028125
0 0.746875 0.081250 0.031250 0.031250
0 0.390625 0.384375 0.031250 0.031250
0 0.390625 0.215625 0.031250 0.031250
0 0.867188 0.962500 0.034375 0.031250
0 0.509375 0.553125 0.031250 0.031250
0 0.418750 0.031250 0.031250 0.031250
0 0.359375 0.771875 0.031250 0.031250
0 0.360938 0.368750 0.028125 0.031250
0 0.328125 0.450000 0.031250 0.031250
0 0.684375 0.754687 0.031250 0.028125
0 0.451562 0.754687 0.028125 0.028125
0 0.656250 0.600000 0.031250 0.031250
0 0.745313 0.960938 0.028125 0.028125
0 0.965625 0.975000 0.031250 0.031250
0 0.328125 0.318750 0.031250 0.031250
0 0.329688 0.115625 0.028125 0.031250
0 0.326562 0.923438 0.034375 0.034375
0 0.390625 0.350000 0.031250 0.031250
0 0.626563 0.720313 0.028125 0.028125
0 0.598437 0.331250 0.028125 0.031250
0 0.954688 0.365625 0.028125 0.031250
0 0.806250 0.823438 0.031250 0.028125
0 0.328125 0.587500 0.031250 0.031250
0 0.765625 0.018750 0.031250 0.031250
0 0.328125 0.789062 0.031250 0.034375
0 0.884375 0.018750 0.031250 0.031250
0 0.837500 0.978125 0.031250 0.031250
0 0.450000 0.721875 0.031250 0.031250
0 0.570312 0.314063 0.028125 0.028125
0 0.656250 0.568750 0.031250 0.031250
0 0.823438 0.018750 0.034375 0.031250
0 0.326562 0.182812 0.034375 0.034375
0 0.835938 0.909375 0.028125 0.031250
0 0.390625 0.017188 0.031250 0.034375
0 0.512500 0.018750 0.031250 0.031250
0 0.360938 0.131250 0.028125 0.031250
0 0.328125 0.754687 0.031250 0.034375
0 0.657813 0.331250 0.028125 0.031250
0 0.450000 0.018750 0.031250 0.031250
0 0.706250 0.018750 0.031250 0.031250
0 0.568750 0.018750 0.031250 0.031250
0 0.775000 0.978125 0.031250 0.031250
0 0.981250 0.756250 0.031250 0.031250
0 0.629687 0.346875 0.028125 0.031250
0 0.979688 0.689063 0.028125 0.028125
0 0.979688 0.656250 0.028125 0.031250
0 0.981250 0.721875 0.031250 0.031250
0 0.979688 0.860938 0.028125 0.028125
0 0.979688 0.587500 0.028125 0.031250
0 0.978125 0.825000 0.031250 0.031250
0 0.979688 0.281250 0.028125 0.031250
