0 0.906250 0.339062 0.031250 0.034375
0 0.687500 0.109375 0.031250 0.031250
0 0.600000 0.126562 0.031250 0.034375
0 0.790625 0.190625 0.031250 0.031250
0 0.878125 0.459375 0.031250 0.031250
0 0.929688 0.431250 0.028125 0.031250
0 0.715625 0.093750 0.031250 0.031250
0 0.893750 0.734375 0.031250 0.031250
0 0.940625 0.281250 0.031250 0.031250
0 0.875000 0.278125 0.031250 0.031250
0 0.865625 0.075000 0.031250 0.031250
0 0.832812 0.025000 0.034375 0.031250
0 0.759375 0.343750 0.031250 0.031250
0 0.478125 0.157812 0.031250 0.028125
0 0.421875 0.090625 0.031250 0.031250
0 0.946875 0.400000 0.031250 0.031250
0 0.818750 0.314063 0.031250 0.028125
0 0.859375 0.431250 0.031250 0.031250
0 0.850000 0.298438 0.031250 0.028125
0 0.875000 0.762500 0.031250 0.031250
0 0.896875 0.093750 0.031250 0.031250
0 0.403125 0.376563 0.031250 0.034375
0 0.568750 0.175000 0.031250 0.031250
0 0.596875 0.159375 0.031250 0.031250
0 0.715625 0.125000 0.031250 0.031250
0 0.734375 0.225000 0.031250 0.031250
0 0.834375 0.093750 0.031250 0.031250
0 0.760938 0.243750 0.028125 0.031250
0 0.675000 0.290625 0.031250 0.031250
0 0.600000 0.090625 0.031250 0.031250
0 0.421875 0.056250 0.031250 0.031250
0 0.907813 0.125000 0.034375 0.031250
0 0.800000 0.621875 0.031250 0.031250
0 0.743750 0.484375 0.031250 0.031250
0 0.864062 0.110937 0.034375 0.034375
0 0.700000 0.340625 0.031250 0.031250
0 0.479687 0.121875 0.028125 0.031250
0 0.546875 0.548438 0.031250 0.034375
0 0.910937 0.460938 0.028125 0.028125
0 0.448437 0.137500 0.028125 0.031250
0 0.687500 0.075000 0.031250 0.031250
0 0.906250 0.262500 0.031250 0.031250
0 0.912500 0.703125 0.031250 0.031250
0 0.943750 0.340625 0.031250 0.031250
0 0.626563 0.245312 0.034375 0.034375
0 0.756250 0.381250 0.031250 0.031250
0 0.907813 0.193750 0.034375 0.031250
0 0.926562 0.554688 0.034375 0.034375
0 0.746875 0.178125 0.031250 0.031250
0 0.715625 0.162500 0.031250 0.031250
0 0.818750 0.281250 0.031250 0.031250
0 0.390625 0.243750 0.031250 0.031250
0 0.818750 0.173437 0.031250 0.034375
0 0.778125 0.162500 0.031250 0.031250
0 0.656250 0.228125 0.031250 0.031250
0 0.715625 0.059375 0.031250 0.031250
0 0.584375 0.337500 0.031250 0.031250
0 0.829688 0.609375 0.034375 0.031250
0 0.628125 0.073438 0.031250 0.034375
0 0.781250 0.565625 0.031250 0.031250
0 0.928125 0.490625 0.031250 0.031250
0 0.706250 0.496875 0.031250 0.031250
0 0.612500 0.403125 0.031250 0.031250
0 0.359375 0.090625 0.031250 0.031250
0 0.896875 0.431250 0.031250 0.031250
0 0.843750 0.640625 0.031250 0.031250
0 0.787500 0.329688 0.031250 0.028125
0 0.728125 0.359375 0.031250 0.031250
0 0.593750 0.468750 0.031250 0.031250
0 0.806250 0.075000 0.031250 0.031250
0 0.893750 0.059375 0.031250 0.031250
0 0.628125 0.109375 0.031250 0.031250
0 0.765625 0.631250 0.031250 0.031250
0 0.418750 0.125000 0.031250 0.031250
0 0.959375 0.735938 0.031250 0.034375
0 0.687500 0.178125 0.031250 0.031250
0 0.506250 0.240625 0.031250 0.031250
0 0.750000 0.575000 0.031250 0.031250
0 0.901563 0.296875 0.034375 0.031250
0 0.731250 0.256250 0.031250 0.031250
0 0.596875 0.056250 0.031250 0.031250
0 0.359375 0.262500 0.031250 0.031250
0 0.876563 0.703125 0.034375 0.031250
0 0.731250 0.678125 0.031250 0.031250
0 0.840625 0.460938 0.031250 0.034375
0 0.453125 0.453125 0.031250 0.031250
0 0.528125 0.371875 0.031250 0.031250
0 0.731250 0.518750 0.031250 0.031250
0 0.906250 0.225000 0.031250 0.031250
0 0.787500 0.365625 0.031250 0.031250
0 0.909375 0.828125 0.031250 0.031250
0 0.859375 0.671875 0.031250 0.031250
0 0.943750 0.459375 0.031250 0.031250
0 0.862500 0.610938 0.031250 0.028125
0 0.840625 0.762500 0.031250 0.031250
0 0.450000 0.040625 0.031250 0.031250
0 0.731250 0.292187 0.031250 0.028125
0 0.760938 0.309375 0.028125 0.031250
0 0.906250 0.159375 0.031250 0.031250
0 0.790625 0.262500 0.031250 0.031250
0 0.615625 0.287500 0.031250 0.031250
0 0.537500 0.190625 0.031250 0.031250
0 0.421875 0.293750 0.031250 0.031250
0 0.478125 0.190625 0.031250 0.031250
0 0.646875 0.271875 0.031250 0.031250
0 0.668750 0.356250 0.031250 0.031250
0 0.620313 0.618750 0.028125 0.031250
0 0.640625 0.340625 0.031250 0.031250
0 0.745313 0.075000 0.028125 0.031250
0 0.815625 0.428125 0.031250 0.031250
0 0.928125 0.612500 0.031250 0.031250
0 0.656250 0.090625 0.031250 0.031250
0 0.745313 0.143750 0.028125 0.031250
0 0.615625 0.318750 0.031250 0.031250
0 0.875000 0.640625 0.031250 0.031250
0 0.568750 0.073438 0.031250 0.034375
0 0.653125 0.606250 0.031250 0.031250
0 0.909375 0.584375 0.031250 0.031250
0 0.859375 0.731250 0.031250 0.031250
0 0.762500 0.209375 0.031250 0.031250
0 0.459375 0.421875 0.031250 0.031250
0 0.503125 0.346875 0.031250 0.031250
0 0.448437 0.173437 0.028125 0.028125
0 0.390625 0.075000 0.031250 0.031250
0 0.362500 0.325000 0.031250 0.031250
0 0.687500 0.143750 0.031250 0.031250
0 0.568750 0.109375 0.031250 0.031250
0 0.825000 0.728125 0.031250 0.031250
0 0.815625 0.350000 0.031250 0.031250
0 0.760938 0.278125 0.028125 0.031250
0 0.370312 0.392188 0.028125 0.028125
0 0.732812 0.326562 0.028125 0.028125
0 0.568750 0.575000 0.031250 0.031250
0 0.771875 0.468750 0.031250 0.031250
0 0.648438 0.640625 0.028125 0.031250
0 0.843750 0.370312 0.031250 0.034375
0 0.478125 0.225000 0.031250 0.031250
0 0.595313 0.593750 0.028125 0.031250
0 0.928125 0.735938 0.031250 0.034375
0 0.835938 0.126562 0.034375 0.034375
0 0.568750 0.140625 0.031250 0.031250
0 0.928125 0.796875 0.031250 0.031250
0 0.787500 0.403125 0.031250 0.031250
0 0.893750 0.490625 0.031250 0.031250
0 0.909375 0.643750 0.031250 0.031250
0 0.793750 0.656250 0.031250 0.031250
0 0.587500 0.503125 0.031250 0.031250
0 0.782813 0.439063 0.034375 0.034375
0 0.515625 0.562500 0.031250 0.031250
0 0.448437 0.242188 0.028125 0.028125
0 0.387500 0.209375 0.031250 0.031250
0 0.506250 0.206250 0.031250 0.031250
0 0.876563 0.245312 0.034375 0.034375
0 0.876563 0.579688 0.034375 0.034375
0 0.509375 0.142187 0.031250 0.028125
0 0.912500 0.521875 0.031250 0.031250
0 0.587500 0.378125 0.031250 0.031250
0 0.640625 0.518750 0.031250 0.031250
0 0.846875 0.260937 0.031250 0.034375
0 0.579688 0.415625 0.028125 0.031250
0 0.862500 0.487500 0.031250 0.031250
0 0.846875 0.193750 0.031250 0.031250
0 0.765625 0.506250 0.031250 0.031250
0 0.359375 0.059375 0.031250 0.031250
0 0.876563 0.317188 0.034375 0.034375
0 0.600000 0.193750 0.031250 0.031250
0 0.609375 0.528125 0.031250 0.031250
0 0.509375 0.073438 0.031250 0.028125
0 0.698438 0.531250 0.028125 0.031250
0 0.365625 0.359375 0.031250 0.031250
0 0.537500 0.225000 0.031250 0.031250
0 0.943750 0.584375 0.031250 0.031250
0 0.510938 0.106250 0.028125 0.031250
0 0.775000 0.596875 0.031250 0.031250
0 0.715625 0.462500 0.031250 0.031250
0 0.418750 0.159375 0.031250 0.031250
0 0.704688 0.240625 0.034375 0.031250
0 0.682813 0.473438 0.028125 0.028125
0 0.806250 0.109375 0.031250 0.031250
0 0.637500 0.381250 0.031250 0.031250
0 0.628125 0.143750 0.031250 0.031250
0 0.656250 0.193750 0.031250 0.031250
0 0.479687 0.292187 0.028125 0.028125
0 0.814063 0.521875 0.034375 0.031250
0 0.965625 0.125000 0.031250 0.031250
0 0.390625 0.278125 0.031250 0.031250
0 0.387500 0.142187 0.031250 0.034375
0 0.890625 0.671875 0.031250 0.031250
0 0.735938 0.642188 0.028125 0.028125
0 0.754687 0.710938 0.034375 0.034375
0 0.860938 0.792188 0.034375 0.034375
0 0.934375 0.109375 0.031250 0.031250
0 0.893750 0.796875 0.031250 0.031250
0 0.390625 0.309375 0.031250 0.031250
0 0.534375 0.334375 0.031250 0.031250
0 0.840625 0.403125 0.031250 0.031250
0 0.745313 0.110937 0.028125 0.028125
0 0.484375 0.446875 0.031250 0.031250
0 0.612500 0.356250 0.031250 0.031250
0 0.909375 0.767188 0.031250 0.034375
0 0.878125 0.140625 0.031250 0.031250
0 0.828125 0.790625 0.031250 0.031250
0 0.964063 0.089063 0.034375 0.034375
0 0.537500 0.056250 0.031250 0.031250
0 0.796875 0.493750 0.031250 0.031250
0 0.539062 0.090625 0.034375 0.031250
0 0.448437 0.106250 0.028125 0.031250
0 0.693750 0.409375 0.031250 0.031250
0 0.589063 0.631250 0.028125 0.031250
0 0.553125 0.392188 0.031250 0.028125
0 0.770312 0.750000 0.034375 0.031250
0 0.359375 0.225000 0.031250 0.031250
0 0.715625 0.584375 0.031250 0.031250
0 0.715625 0.196875 0.031250 0.031250
0 0.725000 0.553125 0.031250 0.031250
0 0.568750 0.209375 0.031250 0.031250
0 0.328125 0.142187 0.031250 0.034375
0 0.843750 0.579688 0.031250 0.028125
0 0.562500 0.609375 0.031250 0.031250
0 0.387500 0.109375 0.031250 0.031250
0 0.912500 0.401562 0.031250 0.028125
0 0.603125 0.562500 0.031250 0.031250
0 0.418750 0.225000 0.031250 0.031250
0 0.671875 0.323437 0.031250 0.028125
0 0.515625 0.434375 0.031250 0.031250
0 0.479687 0.259375 0.028125 0.031250
0 0.850000 0.156250 0.031250 0.031250
0 0.479687 0.090625 0.028125 0.031250
0 0.698438 0.375000 0.028125 0.031250
0 0.703125 0.309375 0.031250 0.031250
0 0.675000 0.256250 0.031250 0.031250
0 0.923438 0.075000 0.034375 0.031250
0 0.850000 0.225000 0.031250 0.031250
0 0.925000 0.673438 0.031250 0.028125
0 0.506250 0.173437 0.031250 0.028125
0 0.667188 0.390625 0.028125 0.031250
0 0.651563 0.482812 0.028125 0.028125
0 0.818750 0.243750 0.031250 0.031250
0 0.595313 0.260937 0.028125 0.028125
0 0.625000 0.212500 0.031250 0.031250
0 0.453125 0.075000 0.031250 0.031250
0 0.756250 0.542188 0.031250 0.028125
0 0.656250 0.125000 0.031250 0.031250
0 0.615625 0.651563 0.031250 0.028125
0 0.775000 0.059375 0.031250 0.031250
0 0.881250 0.521875 0.031250 0.031250
0 0.673438 0.509375 0.028125 0.031250
0 0.753125 0.417187 0.031250 0.028125
0 0.646875 0.303125 0.031250 0.031250
0 0.895312 0.371875 0.034375 0.031250
0 0.596875 0.228125 0.031250 0.031250
0 0.437500 0.362500 0.031250 0.031250
0 0.750000 0.450000 0.031250 0.031250
0 0.875000 0.400000 0.031250 0.031250
0 0.845313 0.332813 0.034375 0.034375
0 0.665625 0.696875 0.031250 0.031250
0 0.359375 0.126562 0.031250 0.034375
0 0.928125 0.370312 0.031250 0.034375
0 0.448437 0.275000 0.028125 0.031250
0 0.359375 0.193750 0.031250 0.031250
0 0.628125 0.040625 0.031250 0.031250
0 0.559375 0.315625 0.031250 0.031250
0 0.809375 0.584375 0.031250 0.031250
0 0.506250 0.275000 0.031250 0.031250
0 0.568750 0.040625 0.031250 0.031250
0 0.468750 0.356250 0.031250 0.031250
0 0.790625 0.296875 0.031250 0.031250
0 0.604688 0.437500 0.028125 0.031250
0 0.806250 0.145313 0.031250 0.034375
0 0.540625 0.456250 0.031250 0.031250
0 0.937500 0.175000 0.031250 0.031250
0 0.510938 0.312500 0.028125 0.031250
0 0.821875 0.551562 0.031250 0.034375
0 0.962500 0.431250 0.031250 0.031250
0 0.726562 0.393750 0.034375 0.031250
0 0.387500 0.175000 0.031250 0.031250
0 0.939063 0.142187 0.028125 0.028125
0 0.959375 0.678125 0.031250 0.031250
0 0.628125 0.459375 0.031250 0.031250
0 0.678125 0.631250 0.031250 0.031250
0 0.726562 0.773438 0.034375 0.034375
0 0.571875 0.446875 0.031250 0.031250
0 0.962500 0.371875 0.031250 0.031250
0 0.690625 0.562500 0.031250 0.031250
0 0.656250 0.162500 0.031250 0.031250
0 0.929688 0.312500 0.034375 0.031250
0 0.490625 0.412500 0.031250 0.031250
0 0.793750 0.787500 0.031250 0.031250
0 0.943750 0.765625 0.031250 0.031250
0 0.687500 0.209375 0.031250 0.031250
0 0.356250 0.159375 0.031250 0.031250
0 0.721875 0.428125 0.031250 0.031250
0 0.715625 0.025000 0.031250 0.031250
0 0.850000 0.518750 0.031250 0.031250
0 0.720313 0.709375 0.034375 0.031250
0 0.509375 0.040625 0.031250 0.031250
0 0.548438 0.425000 0.028125 0.031250
0 0.687500 0.596875 0.031250 0.031250
0 0.431250 0.396875 0.031250 0.031250
0 0.537500 0.157812 0.031250 0.028125
0 0.976562 0.706250 0.034375 0.031250
0 0.360938 0.293750 0.028125 0.031250
0 0.635938 0.553125 0.028125 0.031250
0 0.559375 0.359375 0.031250 0.031250
0 0.871875 0.350000 0.031250 0.031250
0 0.626563 0.584375 0.028125 0.031250
0 0.656250 0.446875 0.031250 0.031250
0 0.698438 0.753125 0.034375 0.031250
0 0.825000 0.668750 0.031250 0.031250
0 0.784375 0.532813 0.031250 0.028125
0 0.537500 0.584375 0.031250 0.031250
0 0.390625 0.440625 0.031250 0.031250
0 0.390625 0.040625 0.031250 0.031250
0 0.965625 0.159375 0.031250 0.031250
0 0.790625 0.725000 0.031250 0.031250
0 0.587500 0.298438 0.031250 0.028125
0 0.450000 0.309375 0.031250 0.031250
0 0.396875 0.409375 0.031250 0.031250
0 0.859375 0.550000 0.031250 0.031250
0 0.960938 0.548438 0.034375 0.034375
0 0.331250 0.314063 0.031250 0.034375
0 0.495312 0.379688 0.028125 0.028125
0 0.689063 0.440625 0.034375 0.031250
0 0.812500 0.700000 0.031250 0.031250
0 0.393750 0.345313 0.031250 0.034375
0 0.578125 0.540625 0.031250 0.031250
0 0.326562 0.210938 0.034375 0.034375
0 0.932813 0.245312 0.034375 0.034375
0 0.328125 0.245312 0.031250 0.034375
0 0.743750 0.609375 0.031250 0.031250
0 0.779687 0.690625 0.034375 0.031250
0 0.812500 0.384375 0.031250 0.031250
0 0.712500 0.615625 0.031250 0.031250
0 0.770312 0.817187 0.034375 0.034375
0 0.962500 0.796875 0.031250 0.031250
0 0.537500 0.293750 0.031250 0.031250
0 0.943750 0.706250 0.031250 0.031250
0 0.959375 0.490625 0.031250 0.031250
0 0.659375 0.575000 0.031250 0.031250
0 0.759375 0.782813 0.031250 0.034375
0 0.626563 0.175000 0.028125 0.031250
0 0.962500 0.312500 0.031250 0.031250
0 0.820312 0.207813 0.028125 0.028125
0 0.807813 0.462500 0.028125 0.031250
0 0.746875 0.043750 0.031250 0.031250
0 0.481250 0.057813 0.031250 0.028125
0 0.620313 0.493750 0.028125 0.031250
0 0.792188 0.225000 0.028125 0.031250
0 0.443750 0.490625 0.031250 0.031250
0 0.828125 0.490625 0.031250 0.031250
0 0.696875 0.684375 0.031250 0.031250
0 0.943750 0.646875 0.031250 0.031250
0 0.759375 0.665625 0.031250 0.031250
0 0.479687 0.325000 0.028125 0.031250
0 0.523438 0.401562 0.028125 0.028125
0 0.475000 0.479687 0.031250 0.028125
0 0.326562 0.279687 0.034375 0.034375
0 0.509375 0.468750 0.031250 0.031250
0 0.687500 0.042188 0.031250 0.034375
0 0.567187 0.242188 0.028125 0.028125
0 0.804688 0.757812 0.034375 0.034375
0 0.643750 0.415625 0.031250 0.031250
0 0.687500 0.718750 0.031250 0.031250
0 0.876563 0.209375 0.034375 0.031250
0 0.535937 0.259375 0.028125 0.031250
0 0.326562 0.110937 0.034375 0.034375
0 0.493750 0.534375 0.031250 0.031250
0 0.537500 0.125000 0.031250 0.031250
0 0.567187 0.275000 0.028125 0.031250
0 0.532813 0.490625 0.028125 0.031250
0 0.556250 0.515625 0.031250 0.031250
0 0.875000 0.825000 0.031250 0.031250
0 0.896875 0.615625 0.031250 0.031250
0 0.954688 0.057813 0.034375 0.034375
0 0.890625 0.553125 0.031250 0.031250
0 0.425000 0.428125 0.031250 0.031250
0 0.418750 0.021875 0.031250 0.031250
0 0.775000 0.126562 0.031250 0.034375
0 0.418750 0.193750 0.031250 0.031250
0 0.732812 0.807813 0.034375 0.034375
0 0.426563 0.332813 0.034375 0.034375
0 0.418750 0.460938 0.031250 0.034375
0 0.656250 0.057813 0.031250 0.034375
0 0.953125 0.025000 0.031250 0.031250
0 0.923438 0.042188 0.034375 0.034375
0 0.704688 0.651563 0.028125 0.028125
0 0.965625 0.253125 0.031250 0.031250
0 0.737500 0.742188 0.031250 0.034375
0 0.667188 0.540625 0.028125 0.031250
0 0.479687 0.021875 0.028125 0.031250
0 0.562500 0.479687 0.031250 0.028125
0 0.521875 0.525000 0.031250 0.031250
0 0.359375 0.021875 0.031250 0.031250
0 0.704688 0.271875 0.028125 0.031250
0 0.776563 0.028125 0.028125 0.031250
0 0.579688 0.665625 0.034375 0.031250
0 0.670312 0.779687 0.034375 0.034375
0 0.701562 0.798438 0.034375 0.034375
0 0.865625 0.043750 0.031250 0.031250
0 0.339062 0.382812 0.034375 0.034375
0 0.803125 0.043750 0.031250 0.031250
0 0.328125 0.178125 0.031250 0.031250
0 0.973437 0.578125 0.034375 0.031250
0 0.537500 0.021875 0.031250 0.031250
0 0.418750 0.260937 0.031250 0.028125
0 0.937500 0.209375 0.031250 0.031250
0 0.943750 0.828125 0.031250 0.031250
0 0.343750 0.415625 0.031250 0.031250
0 0.464062 0.387500 0.028125 0.031250
0 0.448437 0.206250 0.028125 0.031250
0 0.353125 0.446875 0.031250 0.031250
0 0.467187 0.510938 0.028125 0.028125
0 0.334375 0.346875 0.031250 0.031250
0 0.843750 0.700000 0.031250 0.031250
0 0.606250 0.682813 0.031250 0.028125
0 0.325000 0.073438 0.037500 0.034375
0 0.657813 0.025000 0.034375 0.031250
0 0.835938 0.059375 0.028125 0.031250
0 0.671875 0.662500 0.031250 0.031250
0 0.375000 0.471875 0.031250 0.031250
0 0.976562 0.764062 0.034375 0.034375
0 0.640625 0.671875 0.031250 0.031250
0 0.943750 0.518750 0.031250 0.031250
0 0.500000 0.501563 0.031250 0.028125
0 0.482812 0.573438 0.034375 0.034375
0 0.978125 0.401562 0.031250 0.034375
0 0.976562 0.826562 0.034375 0.034375
0 0.326562 0.040625 0.034375 0.037500
0 0.775000 0.093750 0.031250 0.031250
0 0.406250 0.487500 0.031250 0.031250
0 0.840625 0.823438 0.031250 0.034375
0 0.978125 0.342187 0.031250 0.034375
0 0.464062 0.543750 0.028125 0.031250
0 0.556250 0.642188 0.031250 0.028125
0 0.959375 0.615625 0.031250 0.031250
0 0.439063 0.521875 0.028125 0.031250
0 0.878125 0.178125 0.031250 0.031250
0 0.600000 0.021875 0.031250 0.031250
0 0.665625 0.746875 0.031250 0.031250
0 0.506250 0.600000 0.031250 0.031250
0 0.978125 0.282813 0.031250 0.034375
0 0.893750 0.026562 0.031250 0.034375
0 0.975000 0.521875 0.031250 0.031250
0 0.528125 0.620313 0.031250 0.028125
0 0.631250 0.703125 0.031250 0.031250
0 0.806250 0.821875 0.031250 0.031250
