0 0.715625 0.056250 0.031250 0.031250
0 0.090625 0.281250 0.031250 0.031250
0 0.181250 0.134375 0.031250 0.031250
0 0.778125 0.703125 0.031250 0.031250
0 0.678125 0.053125 0.031250 0.031250
0 0.145313 0.192188 0.034375 0.034375
0 0.743750 0.646875 0.031250 0.031250
0 0.162500 0.765625 0.031250 0.031250
0 0.784375 0.173437 0.031250 0.034375
0 0.165625 0.165625 0.031250 0.031250
0 0.231250 0.225000 0.031250 0.031250
0 0.056250 0.339062 0.031250 0.034375
0 0.828125 0.125000 0.031250 0.031250
0 0.643750 0.110937 0.031250 0.028125
0 0.900000 0.353125 0.031250 0.031250
0 0.056250 0.193750 0.031250 0.031250
0 0.856250 0.142187 0.031250 0.028125
0 0.625000 0.675000 0.031250 0.031250
0 0.798438 0.675000 0.028125 0.031250
0 0.200000 0.165625 0.031250 0.031250
0 0.915625 0.587500 0.031250 0.031250
0 0.725000 0.678125 0.031250 0.031250
0 0.825000 0.157812 0.031250 0.034375
0 0.131250 0.400000 0.031250 0.031250
0 0.865625 0.381250 0.031250 0.031250
0 0.904687 0.317188 0.028125 0.028125
0 0.948438 0.062500 0.028125 0.031250
0 0.062500 0.521875 0.031250 0.031250
0 0.878125 0.196875 0.031250 0.031250
0 0.515625 0.734375 0.037500 0.037500
0 0.840625 0.318750 0.031250 0.031250
0 0.896875 0.387500 0.031250 0.031250
0 0.078125 0.553125 0.031250 0.031250
0 0.926562 0.370312 0.028125 0.028125
0 0.215625 0.193750 0.031250 0.031250
0 0.796875 0.204687 0.031250 0.034375
0 0.353125 0.196875 0.031250 0.031250
0 0.234375 0.106250 0.031250 0.031250
0 0.267188 0.165625 0.028125 0.031250
0 0.043750 0.490625 0.031250 0.031250
0 0.750000 0.173437 0.031250 0.028125
0 0.784375 0.290625 0.031250 0.031250
0 0.906250 0.218750 0.031250 0.031250
0 0.921875 0.043750 0.031250 0.031250
0 0.250000 0.253125 0.031250 0.031250
0 0.900000 0.615625 0.031250 0.031250
0 0.334375 0.225000 0.031250 0.031250
0 0.143750 0.107813 0.031250 0.034375
0 0.934375 0.615625 0.031250 0.031250
0 0.056250 0.125000 0.031250 0.031250
0 0.164062 0.401562 0.028125 0.028125
0 0.698438 0.140625 0.028125 0.031250
0 0.778125 0.646875 0.031250 0.031250
0 0.340625 0.046875 0.031250 0.031250
0 0.850000 0.215625 0.031250 0.031250
0 0.906250 0.251563 0.031250 0.028125
0 0.962500 0.289062 0.031250 0.034375
0 0.146875 0.371875 0.031250 0.031250
0 0.131250 0.343750 0.031250 0.031250
0 0.237500 0.046875 0.031250 0.031250
0 0.095312 0.400000 0.028125 0.031250
0 0.640625 0.706250 0.031250 0.031250
0 0.909375 0.182812 0.031250 0.034375
0 0.553125 0.796875 0.031250 0.031250
0 0.765625 0.203125 0.031250 0.031250
0 0.128125 0.706250 0.031250 0.031250
0 0.045312 0.092188 0.034375 0.034375
0 0.062500 0.459375 0.031250 0.031250
0 0.043750 0.431250 0.031250 0.031250
0 0.409375 0.050000 0.031250 0.031250
0 0.053125 0.296875 0.031250 0.031250
0 0.281250 0.253125 0.031250 0.031250
0 0.250000 0.312500 0.031250 0.031250
0 0.146875 0.793750 0.031250 0.031250
0 0.059375 0.584375 0.031250 0.031250
0 0.250000 0.193750 0.031250 0.031250
0 0.915625 0.143750 0.031250 0.031250
0 0.687500 0.734375 0.031250 0.031250
0 0.750000 0.234375 0.031250 0.031250
0 0.846875 0.412500 0.031250 0.031250
0 0.181250 0.193750 0.031250 0.031250
0 0.731250 0.203125 0.031250 0.031250
0 0.946875 0.096875 0.031250 0.031250
0 0.093750 0.340625 0.031250 0.031250
0 0.621875 0.734375 0.031250 0.031250
0 0.084375 0.109375 0.031250 0.031250
0 0.965625 0.220312 0.031250 0.028125
0 0.693750 0.615625 0.031250 0.031250
0 0.595313 0.142187 0.028125 0.028125
0 0.846875 0.250000 0.031250 0.031250
0 0.198437 0.225000 0.028125 0.031250
0 0.871875 0.298438 0.031250 0.028125
0 0.959375 0.323437 0.031250 0.034375
0 0.865625 0.559375 0.031250 0.031250
0 0.975000 0.081250 0.031250 0.031250
0 0.173437 0.089063 0.034375 0.034375
0 0.334375 0.282813 0.031250 0.028125
0 0.300000 0.225000 0.031250 0.031250
0 0.114062 0.092188 0.034375 0.034375
0 0.612500 0.053125 0.031250 0.031250
0 0.281250 0.371875 0.031250 0.031250
0 0.059375 0.643750 0.031250 0.031250
0 0.765625 0.142187 0.031250 0.034375
0 0.765625 0.318750 0.031250 0.031250
0 0.318750 0.256250 0.031250 0.031250
0 0.390625 0.078125 0.031250 0.031250
0 0.714063 0.290625 0.028125 0.031250
0 0.231250 0.282813 0.031250 0.028125
0 0.046875 0.371875 0.031250 0.031250
0 0.143750 0.737500 0.031250 0.031250
0 0.528125 0.081250 0.031250 0.031250
0 0.128125 0.765625 0.031250 0.031250
0 0.767188 0.262500 0.034375 0.031250
0 0.865625 0.615625 0.031250 0.031250
0 0.846875 0.350000 0.031250 0.031250
0 0.284375 0.193750 0.031250 0.031250
0 0.806250 0.262500 0.031250 0.031250
0 0.443750 0.050000 0.031250 0.031250
0 0.881250 0.589063 0.031250 0.028125
0 0.267188 0.225000 0.028125 0.031250
0 0.282813 0.553125 0.028125 0.031250
0 0.946875 0.462500 0.031250 0.031250
0 0.596875 0.021875 0.031250 0.031250
0 0.193750 0.767188 0.031250 0.034375
0 0.218750 0.075000 0.031250 0.031250
0 0.459375 0.079687 0.031250 0.034375
0 0.798438 0.079687 0.034375 0.034375
0 0.318750 0.193750 0.031250 0.031250
0 0.812500 0.703125 0.031250 0.031250
0 0.892188 0.059375 0.028125 0.031250
0 0.110937 0.793750 0.028125 0.031250
0 0.957812 0.356250 0.028125 0.031250
0 0.303125 0.165625 0.031250 0.031250
0 0.609375 0.528125 0.031250 0.031250
0 0.056250 0.159375 0.031250 0.031250
0 0.620313 0.796875 0.028125 0.031250
0 0.831250 0.089063 0.031250 0.034375
0 0.143750 0.140625 0.031250 0.031250
0 0.900000 0.559375 0.031250 0.031250
0 0.709375 0.706250 0.031250 0.031250
0 0.934375 0.271875 0.031250 0.031250
0 0.934375 0.234375 0.031250 0.031250
0 0.256250 0.078125 0.031250 0.031250
0 0.850000 0.646875 0.031250 0.031250
0 0.714063 0.173437 0.028125 0.028125
0 0.862500 0.075000 0.031250 0.031250
0 0.787500 0.235937 0.031250 0.028125
0 0.750000 0.290625 0.031250 0.031250
0 0.920312 0.078125 0.028125 0.031250
0 0.128125 0.825000 0.031250 0.031250
0 0.890625 0.093750 0.031250 0.031250
0 0.112500 0.312500 0.031250 0.031250
0 0.062500 0.703125 0.031250 0.031250
0 0.940625 0.167187 0.031250 0.034375
0 0.042188 0.732812 0.034375 0.034375
0 0.859375 0.109375 0.031250 0.031250
0 0.573438 0.704688 0.028125 0.028125
0 0.215625 0.135937 0.031250 0.034375
0 0.818750 0.231250 0.031250 0.031250
0 0.115625 0.125000 0.031250 0.031250
0 0.881250 0.415625 0.031250 0.031250
0 0.968750 0.187500 0.031250 0.031250
0 0.078125 0.735938 0.031250 0.034375
0 0.773438 0.020313 0.034375 0.034375
0 0.818750 0.293750 0.031250 0.031250
0 0.164062 0.223438 0.028125 0.028125
0 0.832812 0.620313 0.028125 0.028125
0 0.231250 0.403125 0.031250 0.031250
0 0.831250 0.381250 0.031250 0.031250
0 0.923438 0.439063 0.034375 0.034375
0 0.385937 0.256250 0.028125 0.031250
0 0.401562 0.767188 0.034375 0.034375
0 0.831250 0.675000 0.031250 0.031250
0 0.056250 0.262500 0.031250 0.031250
0 0.534375 0.765625 0.031250 0.031250
0 0.884375 0.646875 0.031250 0.031250
0 0.671875 0.765625 0.031250 0.031250
0 0.718750 0.796875 0.031250 0.031250
0 0.131250 0.225000 0.031250 0.031250
0 0.078125 0.431250 0.031250 0.031250
0 0.626563 0.500000 0.028125 0.031250
0 0.370312 0.225000 0.028125 0.031250
0 0.871875 0.331250 0.031250 0.031250
0 0.162500 0.828125 0.031250 0.031250
0 0.676562 0.648438 0.028125 0.028125
0 0.950000 0.587500 0.031250 0.031250
0 0.517188 0.796875 0.028125 0.031250
0 0.662500 0.381250 0.031250 0.031250
0 0.867188 0.675000 0.028125 0.031250
0 0.965625 0.256250 0.031250 0.031250
0 0.475000 0.109375 0.031250 0.031250
0 0.365625 0.528125 0.031250 0.031250
0 0.932813 0.557813 0.028125 0.028125
0 0.246875 0.371875 0.031250 0.031250
0 0.214062 0.253125 0.028125 0.031250
0 0.375000 0.048438 0.031250 0.028125
0 0.350000 0.796875 0.031250 0.031250
0 0.329688 0.340625 0.028125 0.031250
0 0.234375 0.165625 0.031250 0.031250
0 0.950000 0.646875 0.031250 0.031250
0 0.365625 0.765625 0.031250 0.031250
0 0.568750 0.765625 0.031250 0.031250
0 0.062500 0.401562 0.031250 0.028125
0 0.709375 0.646875 0.031250 0.031250
0 0.970313 0.151562 0.034375 0.034375
0 0.589063 0.735938 0.034375 0.034375
0 0.943750 0.131250 0.031250 0.031250
0 0.825000 0.189062 0.031250 0.034375
0 0.784375 0.112500 0.031250 0.031250
0 0.659375 0.618750 0.031250 0.031250
0 0.028125 0.459375 0.031250 0.031250
0 0.584375 0.796875 0.031250 0.031250
0 0.579688 0.053125 0.028125 0.031250
0 0.025000 0.209375 0.031250 0.031250
0 0.300000 0.282813 0.031250 0.028125
0 0.750000 0.793750 0.031250 0.031250
0 0.178125 0.796875 0.031250 0.031250
0 0.510938 0.050000 0.028125 0.031250
0 0.112500 0.371875 0.031250 0.031250
0 0.425000 0.079687 0.031250 0.028125
0 0.212500 0.796875 0.031250 0.031250
0 0.042188 0.553125 0.028125 0.031250
0 0.271875 0.106250 0.031250 0.031250
0 0.115625 0.162500 0.031250 0.031250
0 0.934375 0.675000 0.031250 0.031250
0 0.162500 0.282813 0.031250 0.028125
0 0.078125 0.490625 0.031250 0.031250
0 0.937500 0.203125 0.031250 0.031250
0 0.381250 0.312500 0.031250 0.031250
0 0.729688 0.320312 0.028125 0.028125
0 0.267188 0.284375 0.028125 0.031250
0 0.296875 0.343750 0.031250 0.031250
0 0.731250 0.143750 0.031250 0.031250
0 0.629687 0.023438 0.028125 0.028125
0 0.928125 0.337500 0.031250 0.031250
0 0.885938 0.159375 0.028125 0.031250
0 0.968750 0.559375 0.031250 0.031250
0 0.546875 0.053125 0.031250 0.031250
0 0.562500 0.081250 0.031250 0.031250
0 0.350000 0.312500 0.031250 0.031250
0 0.800000 0.321875 0.031250 0.031250
0 0.796875 0.621875 0.031250 0.031250
0 0.025000 0.276562 0.031250 0.028125
0 0.146875 0.253125 0.031250 0.031250
0 0.306250 0.048438 0.031250 0.028125
0 0.265625 0.343750 0.031250 0.031250
0 0.146875 0.312500 0.031250 0.031250
0 0.200000 0.104688 0.031250 0.034375
0 0.315625 0.553125 0.031250 0.031250
0 0.662500 0.440625 0.031250 0.031250
0 0.678125 0.409375 0.031250 0.031250
0 0.917188 0.646875 0.028125 0.031250
0 0.073438 0.076563 0.034375 0.034375
0 0.857812 0.175000 0.028125 0.031250
0 0.850000 0.703125 0.031250 0.031250
0 0.875000 0.267188 0.031250 0.028125
0 0.881250 0.528125 0.031250 0.031250
0 0.578125 0.112500 0.031250 0.031250
0 0.271875 0.048438 0.031250 0.034375
0 0.251563 0.135937 0.034375 0.034375
0 0.109375 0.735938 0.031250 0.028125
0 0.885938 0.126562 0.028125 0.028125
0 0.834375 0.056250 0.031250 0.031250
0 0.651563 0.792188 0.028125 0.028125
0 0.365625 0.281250 0.031250 0.031250
0 0.114062 0.253125 0.034375 0.031250
0 0.025000 0.640625 0.031250 0.031250
0 0.892188 0.765625 0.028125 0.031250
0 0.637500 0.762500 0.031250 0.031250
0 0.028125 0.246875 0.031250 0.031250
0 0.056250 0.225000 0.031250 0.031250
0 0.862500 0.443750 0.031250 0.031250
0 0.925000 0.406250 0.031250 0.031250
0 0.975000 0.115625 0.031250 0.031250
0 0.093750 0.584375 0.031250 0.031250
0 0.317188 0.798438 0.028125 0.028125
0 0.734375 0.260937 0.031250 0.028125
0 0.865625 0.501563 0.031250 0.028125
0 0.843750 0.737500 0.031250 0.031250
0 0.453125 0.678125 0.031250 0.031250
0 0.443750 0.109375 0.031250 0.031250
0 0.490625 0.079687 0.031250 0.034375
0 0.625000 0.559375 0.031250 0.031250
0 0.500000 0.768750 0.031250 0.031250
0 0.865625 0.040625 0.031250 0.031250
0 0.078125 0.312500 0.031250 0.031250
0 0.131250 0.281250 0.031250 0.031250
0 0.640625 0.528125 0.031250 0.031250
0 0.553125 0.735938 0.031250 0.034375
0 0.475000 0.053125 0.031250 0.031250
0 0.437500 0.709375 0.031250 0.031250
0 0.750000 0.112500 0.031250 0.031250
0 0.476562 0.792188 0.034375 0.034375
0 0.181250 0.253125 0.031250 0.031250
0 0.896875 0.496875 0.031250 0.031250
0 0.765625 0.084375 0.031250 0.031250
0 0.282813 0.312500 0.028125 0.031250
0 0.079687 0.612500 0.034375 0.031250
0 0.762500 0.615625 0.031250 0.031250
0 0.625000 0.381250 0.031250 0.031250
0 0.573438 0.528125 0.028125 0.031250
0 0.968750 0.615625 0.031250 0.031250
0 0.334375 0.165625 0.031250 0.031250
0 0.800000 0.140625 0.031250 0.031250
0 0.445312 0.775000 0.034375 0.031250
0 0.781250 0.796875 0.031250 0.031250
0 0.043750 0.615625 0.031250 0.031250
0 0.526563 0.021875 0.028125 0.031250
0 0.956250 0.392188 0.031250 0.028125
0 0.284375 0.609375 0.031250 0.031250
0 0.246875 0.431250 0.031250 0.031250
0 0.700000 0.262500 0.031250 0.031250
0 0.703125 0.765625 0.031250 0.031250
0 0.848437 0.589063 0.028125 0.028125
0 0.078125 0.370312 0.031250 0.034375
0 0.403125 0.228125 0.031250 0.031250
0 0.953125 0.703125 0.031250 0.031250
0 0.384375 0.735938 0.031250 0.028125
0 0.195312 0.707812 0.034375 0.034375
0 0.931250 0.303125 0.031250 0.031250
0 0.715625 0.115625 0.031250 0.031250
0 0.178125 0.734375 0.031250 0.031250
0 0.612500 0.171875 0.031250 0.031250
0 0.728125 0.617188 0.031250 0.028125
0 0.595313 0.084375 0.028125 0.031250
0 0.609375 0.587500 0.031250 0.031250
0 0.321875 0.079687 0.031250 0.028125
0 0.760938 0.675000 0.028125 0.031250
0 0.692187 0.675000 0.028125 0.031250
0 0.212500 0.737500 0.031250 0.031250
0 0.590625 0.500000 0.031250 0.031250
0 0.407813 0.109375 0.028125 0.031250
0 0.745313 0.350000 0.028125 0.031250
0 0.265625 0.771875 0.031250 0.031250
0 0.906250 0.793750 0.031250 0.031250
0 0.875000 0.735938 0.031250 0.034375
0 0.265625 0.403125 0.031250 0.031250
0 0.676562 0.351562 0.028125 0.028125
0 0.296875 0.825000 0.031250 0.031250
0 0.421875 0.256250 0.031250 0.031250
0 0.262500 0.828125 0.031250 0.031250
0 0.734375 0.084375 0.031250 0.031250
0 0.917188 0.110937 0.028125 0.028125
0 0.059375 0.767188 0.031250 0.034375
0 0.300000 0.642188 0.031250 0.028125
0 0.542188 0.110937 0.028125 0.028125
0 0.696875 0.318750 0.031250 0.031250
0 0.781250 0.350000 0.031250 0.031250
0 0.448437 0.743750 0.034375 0.031250
0 0.685937 0.796875 0.028125 0.031250
0 0.142187 0.073438 0.034375 0.034375
0 0.198437 0.401562 0.028125 0.028125
0 0.556250 0.675000 0.031250 0.031250
0 0.028125 0.579688 0.031250 0.034375
0 0.214062 0.431250 0.028125 0.031250
0 0.915625 0.468750 0.031250 0.031250
0 0.815625 0.648438 0.031250 0.028125
0 0.353125 0.256250 0.031250 0.031250
0 0.796875 0.381250 0.031250 0.031250
0 0.521875 0.678125 0.031250 0.031250
0 0.025000 0.400000 0.031250 0.031250
0 0.459375 0.137500 0.031250 0.031250
0 0.715625 0.231250 0.031250 0.031250
0 0.214062 0.371875 0.028125 0.031250
0 0.881250 0.468750 0.031250 0.031250
0 0.025000 0.703125 0.031250 0.031250
0 0.812500 0.734375 0.031250 0.031250
0 0.918750 0.528125 0.031250 0.031250
0 0.093750 0.767188 0.031250 0.028125
0 0.078125 0.796875 0.031250 0.031250
0 0.350000 0.737500 0.031250 0.031250
0 0.170313 0.056250 0.034375 0.031250
0 0.059375 0.828125 0.031250 0.031250
0 0.093750 0.706250 0.031250 0.031250
0 0.289062 0.078125 0.028125 0.031250
0 0.657813 0.675000 0.028125 0.031250
0 0.245312 0.798438 0.028125 0.028125
0 0.643750 0.350000 0.031250 0.031250
0 0.087500 0.175000 0.031250 0.031250
0 0.645312 0.051562 0.028125 0.028125
0 0.181250 0.371875 0.031250 0.031250
0 0.665625 0.200000 0.031250 0.031250
0 0.418750 0.796875 0.031250 0.031250
0 0.662500 0.021875 0.031250 0.031250
0 0.795312 0.767188 0.028125 0.028125
0 0.481250 0.740625 0.031250 0.031250
0 0.201563 0.045312 0.034375 0.034375
0 0.901563 0.675000 0.028125 0.031250
0 0.159375 0.709375 0.031250 0.031250
0 0.693750 0.437500 0.031250 0.031250
0 0.298438 0.581250 0.028125 0.031250
0 0.026562 0.317188 0.034375 0.034375
0 0.362500 0.340625 0.031250 0.031250
0 0.042188 0.673438 0.028125 0.028125
0 0.646875 0.171875 0.031250 0.031250
0 0.643750 0.407813 0.031250 0.028125
0 0.904687 0.284375 0.028125 0.031250
0 0.884375 0.703125 0.031250 0.031250
0 0.771875 0.828125 0.031250 0.031250
0 0.681250 0.173437 0.031250 0.034375
0 0.021875 0.350000 0.031250 0.031250
0 0.562500 0.021875 0.031250 0.031250
0 0.534375 0.828125 0.031250 0.031250
0 0.401562 0.284375 0.028125 0.031250
0 0.656250 0.735938 0.031250 0.028125
0 0.593750 0.556250 0.031250 0.031250
0 0.367188 0.706250 0.034375 0.031250
0 0.028125 0.521875 0.031250 0.031250
0 0.356250 0.078125 0.031250 0.031250
0 0.109375 0.548438 0.031250 0.028125
0 0.604688 0.767188 0.028125 0.028125
0 0.828125 0.500000 0.031250 0.031250
0 0.298438 0.403125 0.028125 0.031250
0 0.265625 0.521875 0.031250 0.031250
0 0.678125 0.587500 0.031250 0.031250
0 0.304688 0.106250 0.028125 0.031250
0 0.643750 0.587500 0.031250 0.031250
0 0.832812 0.560937 0.028125 0.028125
0 0.250000 0.743750 0.031250 0.031250
0 0.314063 0.371875 0.028125 0.031250
0 0.390625 0.018750 0.031250 0.031250
0 0.503125 0.650000 0.031250 0.031250
0 0.287500 0.135937 0.031250 0.028125
0 0.095312 0.459375 0.028125 0.031250
0 0.104688 0.057813 0.034375 0.034375
0 0.090625 0.646875 0.031250 0.031250
0 0.953125 0.028125 0.031250 0.031250
0 0.282813 0.800000 0.028125 0.031250
0 0.196875 0.825000 0.031250 0.031250
0 0.400000 0.709375 0.031250 0.031250
0 0.642188 0.470313 0.028125 0.028125
0 0.750000 0.053125 0.031250 0.031250
0 0.712500 0.350000 0.031250 0.031250
0 0.300000 0.771875 0.031250 0.031250
0 0.603125 0.828125 0.031250 0.031250
0 0.334375 0.643750 0.031250 0.031250
0 0.918750 0.703125 0.031250 0.031250
0 0.042188 0.059375 0.034375 0.031250
0 0.112500 0.431250 0.031250 0.031250
0 0.043750 0.798438 0.031250 0.034375
0 0.737500 0.828125 0.031250 0.031250
0 0.815625 0.351562 0.031250 0.028125
0 0.384375 0.796875 0.031250 0.031250
0 0.906250 0.734375 0.031250 0.031250
0 0.025000 0.762500 0.031250 0.031250
0 0.968750 0.671875 0.031250 0.031250
0 0.609375 0.646875 0.031250 0.031250
0 0.093750 0.828125 0.031250 0.031250
0 0.698438 0.204687 0.028125 0.028125
0 0.817187 0.590625 0.028125 0.031250
0 0.625000 0.615625 0.031250 0.031250
0 0.637500 0.828125 0.031250 0.031250
0 0.503125 0.587500 0.031250 0.031250
0 0.421875 0.137500 0.031250 0.031250
0 0.220312 0.687500 0.028125 0.031250
0 0.110937 0.490625 0.028125 0.031250
0 0.467187 0.826562 0.034375 0.034375
0 0.860938 0.765625 0.028125 0.031250
0 0.075000 0.673438 0.031250 0.028125
0 0.356250 0.018750 0.031250 0.031250
0 0.954688 0.425000 0.034375 0.031250
0 0.109375 0.678125 0.031250 0.031250
0 0.453125 0.559375 0.031250 0.031250
0 0.235937 0.714063 0.028125 0.028125
0 0.396875 0.343750 0.031250 0.031250
0 0.570312 0.828125 0.034375 0.031250
0 0.640625 0.646875 0.031250 0.031250
0 0.848437 0.531250 0.028125 0.031250
0 0.334375 0.828125 0.031250 0.031250
0 0.175000 0.679688 0.031250 0.034375
0 0.675000 0.704688 0.031250 0.028125
0 0.300000 0.521875 0.031250 0.031250
0 0.931250 0.496875 0.031250 0.031250
0 0.681250 0.290625 0.031250 0.031250
0 0.487500 0.679688 0.031250 0.028125
0 0.334375 0.768750 0.031250 0.031250
0 0.501563 0.828125 0.034375 0.031250
0 0.537500 0.703125 0.031250 0.031250
0 0.229687 0.343750 0.028125 0.031250
0 0.557813 0.378125 0.028125 0.031250
0 0.606250 0.704688 0.031250 0.028125
0 0.609375 0.350000 0.031250 0.031250
0 0.028125 0.140625 0.031250 0.031250
0 0.265625 0.581250 0.031250 0.031250
0 0.540625 0.528125 0.031250 0.031250
0 0.181250 0.431250 0.031250 0.031250
0 0.087500 0.140625 0.031250 0.031250
0 0.893750 0.025000 0.031250 0.031250
0 0.885938 0.825000 0.034375 0.031250
0 0.265625 0.462500 0.031250 0.031250
0 0.781250 0.735938 0.031250 0.028125
0 0.578125 0.168750 0.031250 0.031250
0 0.332813 0.525000 0.028125 0.031250
0 0.875000 0.234375 0.031250 0.031250
0 0.228125 0.825000 0.031250 0.031250
0 0.462500 0.018750 0.031250 0.031250
0 0.712500 0.589063 0.031250 0.028125
0 0.401562 0.526563 0.028125 0.028125
0 0.681250 0.231250 0.031250 0.031250
0 0.629687 0.142187 0.028125 0.028125
0 0.612500 0.112500 0.031250 0.031250
0 0.781250 0.054688 0.031250 0.028125
0 0.471875 0.709375 0.031250 0.031250
0 0.556250 0.557813 0.031250 0.028125
0 0.095312 0.520312 0.028125 0.028125
0 0.743750 0.704688 0.031250 0.034375
0 0.676562 0.470313 0.028125 0.028125
0 0.315625 0.312500 0.031250 0.031250
0 0.229687 0.768750 0.028125 0.031250
0 0.204687 0.659375 0.028125 0.031250
0 0.125000 0.578125 0.031250 0.031250
0 0.425000 0.018750 0.031250 0.031250
0 0.221875 0.018750 0.031250 0.031250
0 0.082812 0.248438 0.034375 0.034375
0 0.254688 0.018750 0.034375 0.031250
0 0.346875 0.371875 0.031250 0.031250
0 0.521875 0.559375 0.031250 0.031250
0 0.709375 0.409375 0.031250 0.031250
0 0.134375 0.042188 0.031250 0.034375
0 0.485938 0.618750 0.028125 0.031250
0 0.575000 0.351562 0.031250 0.028125
0 0.256250 0.631250 0.031250 0.031250
0 0.337500 0.107813 0.031250 0.028125
0 0.590625 0.381250 0.031250 0.031250
0 0.537500 0.646875 0.031250 0.031250
0 0.509375 0.110937 0.031250 0.028125
0 0.845313 0.470313 0.034375 0.034375
0 0.434375 0.528125 0.031250 0.031250
0 0.609375 0.468750 0.031250 0.031250
0 0.717187 0.737500 0.028125 0.031250
0 0.543750 0.409375 0.031250 0.031250
0 0.978125 0.048438 0.031250 0.034375
0 0.417187 0.315625 0.028125 0.031250
0 0.493750 0.021875 0.031250 0.031250
0 0.348438 0.556250 0.028125 0.031250
0 0.403125 0.825000 0.031250 0.031250
0 0.734375 0.767188 0.031250 0.028125
0 0.671875 0.825000 0.031250 0.031250
0 0.353125 0.671875 0.031250 0.031250
0 0.589063 0.675000 0.028125 0.031250
0 0.659375 0.496875 0.031250 0.031250
0 0.365625 0.828125 0.031250 0.031250
0 0.806250 0.035937 0.031250 0.034375
0 0.320312 0.137500 0.028125 0.031250
0 0.657813 0.559375 0.028125 0.031250
0 0.290625 0.018750 0.031250 0.031250
0 0.693750 0.378125 0.031250 0.031250
0 0.518750 0.615625 0.031250 0.031250
0 0.703125 0.828125 0.031250 0.031250
0 0.387500 0.200000 0.031250 0.031250
0 0.198437 0.282813 0.028125 0.028125
0 0.325000 0.018750 0.031250 0.031250
0 0.628125 0.081250 0.031250 0.031250
0 0.828125 0.439063 0.031250 0.028125
0 0.725000 0.439063 0.031250 0.034375
0 0.873437 0.796875 0.028125 0.031250
0 0.417187 0.737500 0.028125 0.031250
0 0.921875 0.765625 0.031250 0.031250
0 0.087500 0.209375 0.031250 0.031250
0 0.678125 0.115625 0.031250 0.031250
0 0.196875 0.459375 0.031250 0.031250
0 0.709375 0.468750 0.031250 0.031250
0 0.468750 0.650000 0.031250 0.031250
0 0.162500 0.343750 0.031250 0.031250
0 0.073438 0.043750 0.034375 0.031250
0 0.437500 0.231250 0.031250 0.031250
0 0.417187 0.556250 0.028125 0.031250
0 0.525000 0.437500 0.031250 0.031250
0 0.100000 0.026562 0.031250 0.034375
0 0.746875 0.735938 0.031250 0.028125
0 0.281250 0.432812 0.031250 0.028125
0 0.835938 0.020313 0.034375 0.034375
0 0.814063 0.793750 0.028125 0.031250
0 0.370312 0.168750 0.028125 0.031250
0 0.384375 0.496875 0.031250 0.031250
0 0.562500 0.142187 0.031250 0.028125
0 0.160938 0.023438 0.034375 0.034375
0 0.765625 0.765625 0.031250 0.031250
0 0.893750 0.443750 0.031250 0.031250
0 0.221875 0.631250 0.031250 0.031250
0 0.318750 0.615625 0.031250 0.031250
0 0.128125 0.521875 0.031250 0.031250
0 0.731250 0.025000 0.031250 0.031250
0 0.456250 0.256250 0.031250 0.031250
0 0.350000 0.496875 0.031250 0.031250
0 0.246875 0.550000 0.031250 0.031250
0 0.042188 0.026562 0.034375 0.034375
0 0.026562 0.175000 0.028125 0.031250
0 0.743750 0.589063 0.031250 0.028125
0 0.432812 0.828125 0.034375 0.031250
0 0.542188 0.348438 0.028125 0.028125
0 0.231250 0.459375 0.031250 0.031250
0 0.471875 0.228125 0.031250 0.031250
0 0.814063 0.409375 0.028125 0.031250
0 0.578125 0.407813 0.031250 0.028125
0 0.557813 0.500000 0.028125 0.031250
0 0.920312 0.829688 0.034375 0.034375
0 0.506250 0.231250 0.031250 0.031250
0 0.978125 0.443750 0.031250 0.031250
0 0.521875 0.200000 0.031250 0.031250
0 0.843750 0.281250 0.031250 0.031250
0 0.140625 0.678125 0.031250 0.031250
0 0.662500 0.137500 0.031250 0.031250
0 0.540625 0.231250 0.031250 0.031250
0 0.368750 0.645312 0.031250 0.028125
0 0.329688 0.401562 0.028125 0.028125
0 0.487500 0.557813 0.031250 0.028125
0 0.696875 0.084375 0.031250 0.031250
0 0.660937 0.081250 0.028125 0.031250
0 0.187500 0.631250 0.031250 0.031250
0 0.698438 0.020313 0.028125 0.028125
0 0.023438 0.826562 0.034375 0.034375
0 0.490625 0.140625 0.031250 0.031250
0 0.962500 0.503125 0.031250 0.031250
0 0.804688 0.826562 0.034375 0.034375
0 0.978125 0.473438 0.031250 0.034375
0 0.112500 0.192188 0.031250 0.028125
0 0.954688 0.826562 0.034375 0.034375
0 0.490625 0.198437 0.031250 0.034375
0 0.542188 0.470313 0.028125 0.028125
0 0.815625 0.532813 0.031250 0.028125
0 0.506250 0.528125 0.031250 0.031250
0 0.937500 0.796875 0.031250 0.031250
0 0.179688 0.492188 0.028125 0.028125
0 0.434375 0.650000 0.031250 0.031250
0 0.557813 0.201563 0.028125 0.028125
0 0.106250 0.617188 0.031250 0.028125
0 0.971875 0.796875 0.031250 0.031250
0 0.282813 0.743750 0.028125 0.031250
0 0.142187 0.550000 0.028125 0.031250
0 0.950000 0.528125 0.031250 0.031250
