0 0.867188 0.760938 0.034375 0.034375
0 0.587500 0.906250 0.031250 0.031250
0 0.759375 0.378125 0.031250 0.031250
0 0.729688 0.487500 0.028125 0.031250
0 0.826562 0.376563 0.028125 0.028125
0 0.940625 0.875000 0.031250 0.031250
0 0.635938 0.712500 0.034375 0.031250
0 0.729688 0.817187 0.028125 0.028125
0 0.907813 0.875000 0.028125 0.031250
0 0.971875 0.932813 0.031250 0.028125
0 0.271875 0.881250 0.031250 0.031250
0 0.956250 0.903125 0.031250 0.031250
0 0.931250 0.648438 0.031250 0.028125
0 0.362500 0.935937 0.031250 0.028125
0 0.909375 0.346875 0.031250 0.031250
0 0.271875 0.850000 0.031250 0.031250
0 0.906250 0.817187 0.031250 0.028125
0 0.890625 0.903125 0.031250 0.031250
0 0.271875 0.915625 0.031250 0.031250
0 0.473438 0.882812 0.028125 0.028125
0 0.632812 0.490625 0.028125 0.031250
0 0.750000 0.621875 0.031250 0.031250
0 0.853125 0.792188 0.031250 0.028125
0 0.701562 0.929688 0.028125 0.028125
0 0.873437 0.820312 0.028125 0.028125
0 0.831250 0.762500 0.031250 0.031250
0 0.423438 0.909375 0.028125 0.031250
0 0.923438 0.903125 0.028125 0.031250
0 0.929688 0.535937 0.028125 0.028125
0 0.878125 0.401562 0.031250 0.028125
0 0.943750 0.345313 0.031250 0.028125
0 0.878125 0.510938 0.031250 0.028125
0 0.306250 0.932813 0.031250 0.028125
0 0.767188 0.928125 0.028125 0.031250
0 0.585938 0.851562 0.028125 0.028125
0 0.826562 0.431250 0.028125 0.031250
0 0.768750 0.706250 0.031250 0.031250
0 0.243750 0.829688 0.031250 0.028125
0 0.392188 0.921875 0.028125 0.031250
0 0.782813 0.621875 0.028125 0.031250
0 0.468750 0.548438 0.031250 0.028125
0 0.970313 0.760938 0.028125 0.028125
0 0.795312 0.485938 0.028125 0.028125
0 0.812500 0.457813 0.031250 0.028125
0 0.829688 0.485938 0.028125 0.028125
0 0.365625 0.903125 0.031250 0.031250
0 0.815625 0.735938 0.031250 0.028125
0 0.801562 0.650000 0.028125 0.031250
0 0.635938 0.932813 0.028125 0.028125
0 0.362500 0.967187 0.031250 0.028125
0 0.720313 0.956250 0.028125 0.031250
0 0.846875 0.620313 0.031250 0.028125
0 0.926562 0.373437 0.028125 0.028125
0 0.501563 0.826562 0.028125 0.028125
0 0.929688 0.429688 0.028125 0.028125
0 0.814063 0.512500 0.028125 0.031250
0 0.439063 0.882812 0.028125 0.028125
0 0.734375 0.928125 0.031250 0.031250
0 0.765625 0.593750 0.031250 0.031250
0 0.937500 0.760938 0.031250 0.028125
0 0.393750 0.887500 0.031250 0.031250
0 0.371875 0.773438 0.031250 0.028125
0 0.898438 0.648438 0.028125 0.028125
0 0.489063 0.687500 0.028125 0.031250
0 0.318750 0.740625 0.031250 0.031250
0 0.392188 0.954688 0.028125 0.028125
0 0.421875 0.631250 0.031250 0.031250
0 0.312500 0.696875 0.031250 0.031250
0 0.971875 0.876563 0.031250 0.028125
0 0.879687 0.565625 0.028125 0.031250
0 0.335938 0.917188 0.028125 0.028125
0 0.845313 0.459375 0.028125 0.031250
0 0.892188 0.846875 0.028125 0.031250
0 0.914062 0.620313 0.028125 0.028125
0 0.917188 0.731250 0.028125 0.031250
0 0.387500 0.800000 0.031250 0.031250
0 0.439063 0.659375 0.028125 0.031250
0 0.504687 0.882812 0.028125 0.028125
0 0.520312 0.629687 0.028125 0.028125
0 0.334375 0.853125 0.031250 0.031250
0 0.882812 0.620313 0.028125 0.028125
0 0.303125 0.834375 0.031250 0.031250
0 0.681250 0.790625 0.031250 0.031250
0 0.937500 0.818750 0.031250 0.031250
0 0.753125 0.956250 0.031250 0.031250
0 0.653125 0.960938 0.031250 0.028125
0 0.282813 0.753125 0.028125 0.031250
0 0.767188 0.651563 0.028125 0.028125
0 0.921875 0.789062 0.031250 0.028125
0 0.704688 0.706250 0.028125 0.031250
0 0.454688 0.854688 0.028125 0.028125
0 0.454688 0.687500 0.028125 0.031250
0 0.887500 0.790625 0.031250 0.031250
0 0.779687 0.515625 0.028125 0.031250
0 0.303125 0.868750 0.031250 0.031250
0 0.732812 0.873437 0.028125 0.028125
0 0.898438 0.539062 0.028125 0.028125
0 0.643750 0.409375 0.031250 0.031250
0 0.882812 0.675000 0.028125 0.031250
0 0.485938 0.575000 0.028125 0.031250
0 0.895312 0.482812 0.028125 0.028125
0 0.626563 0.376563 0.028125 0.028125
0 0.846875 0.510938 0.031250 0.028125
0 0.815625 0.623437 0.031250 0.028125
0 0.518750 0.576562 0.031250 0.028125
0 0.685937 0.901563 0.028125 0.028125
0 0.950000 0.731250 0.031250 0.031250
0 0.748437 0.900000 0.028125 0.031250
0 0.765625 0.870313 0.031250 0.028125
0 0.470313 0.825000 0.028125 0.031250
0 0.801562 0.704688 0.028125 0.028125
0 0.832812 0.592187 0.028125 0.028125
0 0.910937 0.510938 0.028125 0.028125
0 0.523438 0.684375 0.028125 0.031250
0 0.275000 0.817187 0.031250 0.028125
0 0.734375 0.651563 0.031250 0.028125
0 0.862500 0.482812 0.031250 0.028125
0 0.864062 0.539062 0.028125 0.028125
0 0.898438 0.593750 0.028125 0.031250
0 0.864062 0.648438 0.028125 0.028125
0 0.570312 0.823438 0.028125 0.028125
0 0.671875 0.706250 0.031250 0.031250
0 0.925000 0.318750 0.031250 0.031250
0 0.667188 0.598437 0.028125 0.028125
0 0.548438 0.464062 0.028125 0.028125
0 0.906250 0.932813 0.031250 0.028125
0 0.406250 0.715625 0.031250 0.031250
0 0.846875 0.565625 0.031250 0.031250
0 0.921875 0.959375 0.031250 0.031250
0 0.617188 0.793750 0.028125 0.031250
0 0.470313 0.604688 0.028125 0.028125
0 0.421875 0.854688 0.031250 0.028125
0 0.735938 0.706250 0.028125 0.031250
0 0.850000 0.731250 0.031250 0.031250
0 0.504687 0.934375 0.028125 0.031250
0 0.814063 0.567187 0.028125 0.028125
0 0.570312 0.601562 0.028125 0.028125
0 0.242188 0.928125 0.028125 0.031250
0 0.332813 0.951562 0.028125 0.028125
0 0.717187 0.623437 0.028125 0.028125
0 0.670312 0.931250 0.028125 0.031250
0 0.701562 0.873437 0.028125 0.028125
0 0.760938 0.432812 0.028125 0.028125
0 0.456250 0.909375 0.031250 0.031250
0 0.679688 0.848437 0.028125 0.028125
0 0.245312 0.798438 0.028125 0.028125
0 0.779687 0.460938 0.028125 0.028125
0 0.554688 0.851562 0.028125 0.028125
0 0.634375 0.598437 0.031250 0.028125
0 0.240625 0.896875 0.031250 0.031250
0 0.909375 0.401562 0.031250 0.028125
0 0.764062 0.540625 0.028125 0.031250
0 0.931250 0.593750 0.031250 0.031250
0 0.618750 0.851562 0.031250 0.028125
0 0.415625 0.520312 0.031250 0.028125
0 0.782813 0.567187 0.028125 0.028125
0 0.923438 0.846875 0.028125 0.031250
0 0.665625 0.820312 0.031250 0.028125
0 0.654687 0.681250 0.028125 0.031250
0 0.389062 0.689063 0.028125 0.028125
0 0.953125 0.846875 0.031250 0.031250
0 0.915625 0.675000 0.031250 0.031250
0 0.435937 0.826562 0.028125 0.028125
0 0.551562 0.796875 0.028125 0.031250
0 0.581250 0.464062 0.031250 0.028125
0 0.651563 0.904687 0.028125 0.028125
0 0.685937 0.623437 0.028125 0.028125
0 0.964063 0.648438 0.028125 0.028125
0 0.779687 0.735938 0.028125 0.028125
0 0.968750 0.818750 0.031250 0.031250
0 0.420312 0.800000 0.028125 0.031250
0 0.535937 0.879687 0.028125 0.028125
0 0.718750 0.900000 0.031250 0.031250
0 0.798438 0.540625 0.028125 0.031250
0 0.962500 0.429688 0.031250 0.028125
0 0.753125 0.679688 0.031250 0.028125
0 0.470313 0.715625 0.028125 0.031250
0 0.946875 0.675000 0.031250 0.031250
0 0.539062 0.934375 0.028125 0.031250
0 0.473438 0.935937 0.028125 0.028125
0 0.303125 0.900000 0.031250 0.031250
0 0.823438 0.318750 0.028125 0.031250
0 0.839063 0.820312 0.028125 0.028125
0 0.810937 0.404687 0.028125 0.028125
0 0.535937 0.823438 0.028125 0.028125
0 0.240625 0.865625 0.031250 0.031250
0 0.717187 0.570312 0.028125 0.028125
0 0.843750 0.403125 0.031250 0.031250
0 0.406250 0.773438 0.031250 0.028125
0 0.331250 0.885938 0.031250 0.028125
0 0.353125 0.579688 0.031250 0.028125
0 0.732812 0.542188 0.028125 0.028125
0 0.798438 0.762500 0.028125 0.031250
0 0.371875 0.718750 0.031250 0.031250
0 0.795312 0.431250 0.028125 0.031250
0 0.687500 0.959375 0.031250 0.031250
0 0.910937 0.456250 0.028125 0.031250
0 0.534375 0.548438 0.031250 0.028125
0 0.585938 0.796875 0.028125 0.031250
0 0.817187 0.676562 0.028125 0.028125
0 0.423438 0.943750 0.028125 0.031250
0 0.895312 0.429688 0.028125 0.028125
0 0.945312 0.400000 0.028125 0.031250
0 0.946875 0.620313 0.031250 0.028125
0 0.620313 0.679688 0.028125 0.028125
0 0.418750 0.975000 0.031250 0.031250
0 0.437500 0.770312 0.031250 0.028125
0 0.406250 0.662500 0.031250 0.031250
0 0.701562 0.598437 0.028125 0.028125
0 0.503125 0.768750 0.031250 0.031250
0 0.832812 0.650000 0.028125 0.031250
0 0.489063 0.407813 0.034375 0.034375
0 0.360938 0.870313 0.028125 0.028125
0 0.821875 0.792188 0.031250 0.028125
0 0.660937 0.434375 0.028125 0.031250
0 0.567187 0.545312 0.028125 0.028125
0 0.550000 0.742188 0.031250 0.028125
0 0.862500 0.431250 0.031250 0.031250
0 0.470313 0.770312 0.028125 0.028125
0 0.864062 0.592187 0.028125 0.028125
0 0.929688 0.482812 0.028125 0.028125
0 0.290625 0.721875 0.031250 0.031250
0 0.596875 0.437500 0.031250 0.031250
0 0.945312 0.509375 0.028125 0.031250
0 0.692187 0.379688 0.028125 0.028125
0 0.418750 0.578125 0.031250 0.031250
0 0.779687 0.404687 0.028125 0.028125
0 0.546875 0.409375 0.031250 0.031250
0 0.884375 0.729688 0.031250 0.028125
0 0.471875 0.659375 0.031250 0.031250
0 0.520312 0.853125 0.028125 0.031250
0 0.304688 0.964063 0.028125 0.028125
0 0.954688 0.790625 0.028125 0.031250
0 0.448437 0.520312 0.028125 0.028125
0 0.515625 0.521875 0.031250 0.031250
0 0.368750 0.548438 0.031250 0.028125
0 0.503125 0.714063 0.031250 0.028125
0 0.842187 0.346875 0.028125 0.031250
0 0.307812 0.665625 0.028125 0.031250
0 0.748437 0.514062 0.028125 0.028125
0 0.601562 0.601562 0.028125 0.028125
0 0.962500 0.539062 0.031250 0.028125
0 0.856250 0.318750 0.031250 0.031250
0 0.454688 0.632812 0.028125 0.028125
0 0.535937 0.714063 0.028125 0.028125
0 0.448437 0.960938 0.028125 0.028125
0 0.582812 0.742188 0.028125 0.028125
0 0.665625 0.489063 0.031250 0.028125
0 0.454688 0.798438 0.028125 0.028125
0 0.276562 0.784375 0.028125 0.031250
0 0.618750 0.573438 0.031250 0.028125
0 0.420312 0.689063 0.028125 0.028125
0 0.596875 0.492188 0.031250 0.028125
0 0.831250 0.539062 0.031250 0.028125
0 0.906250 0.759375 0.031250 0.031250
0 0.339062 0.718750 0.028125 0.031250
0 0.321875 0.635938 0.031250 0.028125
0 0.406250 0.828125 0.031250 0.031250
0 0.698438 0.764062 0.028125 0.028125
0 0.835938 0.703125 0.028125 0.031250
0 0.890625 0.960938 0.031250 0.028125
0 0.784375 0.676562 0.031250 0.028125
0 0.578125 0.409375 0.031250 0.031250
0 0.648438 0.792188 0.028125 0.028125
0 0.748437 0.735938 0.028125 0.028125
0 0.587500 0.682813 0.031250 0.028125
0 0.487500 0.854688 0.031250 0.028125
0 0.748437 0.460938 0.028125 0.028125
0 0.945312 0.456250 0.028125 0.031250
0 0.875000 0.346875 0.031250 0.031250
0 0.403125 0.604688 0.031250 0.028125
0 0.975000 0.345313 0.031250 0.028125
0 0.435937 0.604688 0.028125 0.028125
0 0.340625 0.664062 0.031250 0.028125
0 0.601562 0.823438 0.028125 0.028125
0 0.432812 0.493750 0.028125 0.031250
0 0.610938 0.403125 0.034375 0.031250
0 0.748437 0.567187 0.028125 0.028125
0 0.339062 0.775000 0.028125 0.031250
0 0.785937 0.954688 0.028125 0.028125
0 0.385937 0.578125 0.028125 0.031250
0 0.648438 0.464062 0.028125 0.028125
0 0.714063 0.735938 0.028125 0.028125
0 0.775000 0.348438 0.031250 0.028125
0 0.857812 0.846875 0.028125 0.031250
0 0.487500 0.632812 0.031250 0.028125
0 0.615625 0.740625 0.031250 0.031250
0 0.901563 0.703125 0.028125 0.031250
0 0.651563 0.626563 0.028125 0.028125
0 0.453125 0.575000 0.031250 0.031250
0 0.554688 0.629687 0.028125 0.028125
0 0.632812 0.821875 0.028125 0.031250
0 0.464062 0.493750 0.028125 0.031250
0 0.359375 0.803125 0.031250 0.031250
0 0.518750 0.392188 0.031250 0.028125
0 0.489063 0.909375 0.028125 0.031250
0 0.732812 0.596875 0.028125 0.031250
0 0.617188 0.628125 0.028125 0.031250
0 0.892188 0.375000 0.028125 0.031250
0 0.698438 0.542188 0.028125 0.028125
0 0.275000 0.946875 0.031250 0.031250
0 0.890625 0.318750 0.031250 0.031250
0 0.362500 0.834375 0.031250 0.031250
0 0.878125 0.457813 0.031250 0.028125
0 0.670312 0.653125 0.028125 0.031250
0 0.564063 0.437500 0.028125 0.031250
0 0.954688 0.962500 0.028125 0.031250
0 0.389062 0.745313 0.028125 0.028125
0 0.518750 0.795312 0.031250 0.028125
0 0.650000 0.848437 0.031250 0.028125
0 0.612500 0.464062 0.031250 0.028125
0 0.946875 0.565625 0.031250 0.031250
0 0.481250 0.521875 0.031250 0.031250
0 0.679688 0.462500 0.028125 0.031250
0 0.421875 0.743750 0.031250 0.031250
0 0.939063 0.932813 0.028125 0.028125
0 0.807813 0.348438 0.028125 0.028125
0 0.650000 0.571875 0.031250 0.031250
0 0.585938 0.573438 0.028125 0.028125
0 0.390625 0.856250 0.031250 0.031250
0 0.667188 0.353125 0.028125 0.031250
0 0.790625 0.321875 0.031250 0.031250
0 0.720313 0.678125 0.028125 0.031250
0 0.867188 0.703125 0.028125 0.031250
0 0.659375 0.381250 0.031250 0.031250
0 0.504687 0.657813 0.028125 0.028125
0 0.489063 0.742188 0.028125 0.028125
0 0.601562 0.712500 0.028125 0.031250
0 0.401562 0.548438 0.028125 0.028125
0 0.354687 0.689063 0.028125 0.028125
0 0.287500 0.637500 0.031250 0.031250
0 0.554688 0.906250 0.028125 0.031250
0 0.415625 0.464062 0.031250 0.028125
0 0.714063 0.848437 0.028125 0.028125
0 0.454688 0.742188 0.028125 0.028125
0 0.396875 0.490625 0.031250 0.031250
0 0.585938 0.628125 0.028125 0.031250
0 0.435937 0.717187 0.028125 0.028125
0 0.798438 0.595313 0.028125 0.028125
0 0.632812 0.543750 0.028125 0.031250
0 0.620313 0.960938 0.028125 0.028125
0 0.803125 0.821875 0.031250 0.031250
0 0.604688 0.932813 0.028125 0.028125
0 0.515625 0.465625 0.031250 0.031250
0 0.873437 0.873437 0.028125 0.028125
0 0.554688 0.684375 0.028125 0.031250
0 0.548438 0.520312 0.028125 0.028125
0 0.960938 0.373437 0.028125 0.028125
0 0.531250 0.492188 0.031250 0.028125
0 0.503125 0.603125 0.031250 0.031250
0 0.432812 0.548438 0.028125 0.028125
0 0.648438 0.518750 0.028125 0.031250
0 0.487500 0.798438 0.031250 0.028125
0 0.662500 0.762500 0.031250 0.031250
0 0.681250 0.735938 0.031250 0.028125
0 0.306250 0.804688 0.031250 0.028125
0 0.250000 0.765625 0.031250 0.031250
0 0.548438 0.376563 0.034375 0.034375
0 0.570312 0.878125 0.028125 0.031250
0 0.696875 0.489063 0.031250 0.028125
0 0.567187 0.712500 0.028125 0.031250
0 0.496875 0.437500 0.031250 0.031250
0 0.528125 0.437500 0.031250 0.031250
0 0.501563 0.548438 0.028125 0.028125
0 0.307812 0.771875 0.028125 0.031250
0 0.614062 0.518750 0.028125 0.031250
0 0.539062 0.657813 0.028125 0.028125
0 0.603125 0.654687 0.031250 0.028125
0 0.450000 0.456250 0.031250 0.031250
0 0.354687 0.745313 0.028125 0.028125
0 0.667188 0.876563 0.028125 0.028125
0 0.728125 0.434375 0.031250 0.031250
0 0.629687 0.437500 0.028125 0.031250
0 0.551562 0.576562 0.028125 0.028125
0 0.696875 0.434375 0.031250 0.031250
0 0.371875 0.660937 0.031250 0.028125
0 0.848437 0.676562 0.028125 0.028125
0 0.339062 0.607812 0.028125 0.028125
0 0.564063 0.492188 0.028125 0.028125
0 0.667188 0.545312 0.028125 0.028125
0 0.687500 0.676562 0.031250 0.028125
0 0.243750 0.962500 0.031250 0.031250
0 0.976562 0.400000 0.028125 0.031250
0 0.520312 0.907813 0.028125 0.028125
0 0.959375 0.318750 0.031250 0.031250
0 0.721875 0.325000 0.031250 0.031250
0 0.932813 0.701562 0.028125 0.028125
0 0.601562 0.879687 0.028125 0.028125
0 0.371875 0.606250 0.031250 0.031250
0 0.601562 0.546875 0.028125 0.031250
0 0.695312 0.817187 0.028125 0.028125
0 0.729688 0.760938 0.028125 0.028125
0 0.632812 0.878125 0.028125 0.031250
0 0.479687 0.465625 0.028125 0.031250
0 0.742188 0.351562 0.028125 0.028125
0 0.631250 0.765625 0.031250 0.031250
0 0.570312 0.654687 0.028125 0.028125
0 0.500000 0.493750 0.031250 0.031250
0 0.682813 0.571875 0.028125 0.031250
0 0.334375 0.553125 0.031250 0.031250
0 0.387500 0.634375 0.031250 0.031250
0 0.709375 0.354687 0.031250 0.028125
0 0.723437 0.379688 0.028125 0.028125
0 0.520312 0.742188 0.028125 0.028125
0 0.764062 0.487500 0.028125 0.031250
0 0.714063 0.789062 0.028125 0.028125
0 0.276562 0.671875 0.028125 0.031250
0 0.703125 0.651563 0.031250 0.028125
0 0.712500 0.407813 0.031250 0.028125
0 0.634375 0.343750 0.031250 0.031250
0 0.567187 0.768750 0.028125 0.031250
0 0.462500 0.428125 0.031250 0.031250
0 0.743750 0.407813 0.031250 0.028125
0 0.570312 0.932813 0.028125 0.028125
0 0.679688 0.409375 0.028125 0.031250
0 0.535937 0.768750 0.028125 0.031250
0 0.964063 0.593750 0.028125 0.031250
0 0.381250 0.518750 0.031250 0.031250
0 0.581250 0.518750 0.031250 0.031250
0 0.600000 0.767188 0.031250 0.028125
0 0.303125 0.609375 0.031250 0.031250
0 0.535937 0.603125 0.028125 0.031250
0 0.687500 0.328125 0.031250 0.031250
0 0.782813 0.900000 0.028125 0.031250
0 0.967187 0.704688 0.028125 0.028125
0 0.256250 0.731250 0.031250 0.031250
0 0.978125 0.618750 0.031250 0.031250
0 0.781250 0.843750 0.031250 0.031250
0 0.553125 0.962500 0.031250 0.031250
0 0.354687 0.634375 0.028125 0.031250
0 0.795312 0.376563 0.028125 0.028125
0 0.756250 0.325000 0.031250 0.031250
0 0.581250 0.378125 0.031250 0.031250
0 0.748437 0.845313 0.028125 0.028125
0 0.620313 0.904687 0.028125 0.028125
0 0.318750 0.578125 0.031250 0.031250
0 0.682813 0.517188 0.028125 0.028125
0 0.712500 0.462500 0.031250 0.031250
0 0.635938 0.654687 0.028125 0.028125
0 0.854688 0.959375 0.034375 0.031250
0 0.507812 0.967187 0.034375 0.034375
0 0.714063 0.514062 0.028125 0.028125
0 0.818750 0.953125 0.031250 0.031250
0 0.600000 0.354687 0.031250 0.034375
0 0.914062 0.565625 0.028125 0.031250
0 0.975000 0.509375 0.031250 0.031250
0 0.873437 0.931250 0.028125 0.031250
0 0.803125 0.925000 0.031250 0.031250
0 0.331250 0.821875 0.031250 0.031250
0 0.475000 0.978125 0.031250 0.031250
0 0.962500 0.481250 0.031250 0.031250
0 0.975000 0.456250 0.031250 0.031250
0 0.587500 0.960938 0.031250 0.028125
0 0.857812 0.375000 0.028125 0.031250
0 0.978125 0.564063 0.031250 0.028125
0 0.273438 0.978125 0.028125 0.031250
0 0.981250 0.731250 0.031250 0.031250
0 0.978125 0.675000 0.031250 0.031250
0 0.265625 0.700000 0.031250 0.031250
0 0.331250 0.981250 0.025000 0.025000
