0 0.378125 0.118750 0.037500 0.037500
0 0.787500 0.075000 0.031250 0.031250
0 0.648438 0.889062 0.028125 0.028125
0 0.729688 0.612500 0.028125 0.031250
0 0.089063 0.845313 0.028125 0.028125
0 0.687500 0.142187 0.031250 0.034375
0 0.135937 0.090625 0.028125 0.031250
0 0.762500 0.095312 0.031250 0.028125
0 0.687500 0.110937 0.031250 0.028125
0 0.117188 0.795312 0.028125 0.028125
0 0.298438 0.081250 0.028125 0.031250
0 0.081250 0.059375 0.031250 0.031250
0 0.357812 0.060937 0.028125 0.028125
0 0.118750 0.862500 0.031250 0.031250
0 0.648438 0.857812 0.028125 0.028125
0 0.495312 0.054688 0.028125 0.028125
0 0.757812 0.629687 0.028125 0.028125
0 0.709375 0.090625 0.031250 0.031250
0 0.620313 0.839063 0.028125 0.028125
0 0.089063 0.810937 0.028125 0.028125
0 0.606250 0.114062 0.031250 0.028125
0 0.278125 0.106250 0.031250 0.031250
0 0.254688 0.682813 0.028125 0.028125
0 0.657813 0.154688 0.028125 0.028125
0 0.732812 0.482812 0.028125 0.028125
0 0.632812 0.134375 0.028125 0.031250
0 0.134375 0.125000 0.031250 0.031250
0 0.106250 0.106250 0.031250 0.031250
0 0.087500 0.517188 0.031250 0.028125
0 0.137500 0.059375 0.031250 0.031250
0 0.735938 0.110937 0.028125 0.028125
0 0.320312 0.103125 0.028125 0.031250
0 0.276562 0.057813 0.028125 0.028125
0 0.145313 0.810937 0.028125 0.028125
0 0.675000 0.581250 0.031250 0.031250
0 0.760938 0.129688 0.028125 0.028125
0 0.034375 0.909375 0.031250 0.031250
0 0.165625 0.071875 0.031250 0.031250
0 0.160938 0.139063 0.028125 0.028125
0 0.785937 0.284375 0.028125 0.031250
0 0.620313 0.579688 0.028125 0.028125
0 0.504687 0.528125 0.028125 0.031250
0 0.145313 0.845313 0.028125 0.028125
0 0.704688 0.564063 0.028125 0.028125
0 0.815625 0.093750 0.031250 0.031250
0 0.032813 0.876563 0.028125 0.028125
0 0.301563 0.129688 0.028125 0.028125
0 0.620313 0.612500 0.028125 0.031250
0 0.809375 0.796875 0.031250 0.031250
0 0.790625 0.112500 0.031250 0.031250
0 0.675000 0.548438 0.031250 0.028125
0 0.737500 0.076563 0.031250 0.028125
0 0.701562 0.664062 0.028125 0.028125
0 0.190625 0.093750 0.031250 0.031250
0 0.109375 0.075000 0.031250 0.031250
0 0.264062 0.342187 0.028125 0.028125
0 0.395313 0.529687 0.028125 0.028125
0 0.785937 0.448437 0.028125 0.028125
0 0.703125 0.793750 0.031250 0.031250
0 0.757812 0.664062 0.028125 0.028125
0 0.145313 0.779687 0.028125 0.028125
0 0.179688 0.265625 0.028125 0.031250
0 0.104688 0.201563 0.028125 0.028125
0 0.729688 0.645312 0.028125 0.028125
0 0.520312 0.073438 0.028125 0.028125
0 0.245312 0.128125 0.028125 0.031250
0 0.660937 0.123438 0.028125 0.028125
0 0.034375 0.975000 0.031250 0.031250
0 0.414062 0.071875 0.028125 0.031250
0 0.239063 0.257812 0.028125 0.028125
0 0.345313 0.126562 0.028125 0.028125
0 0.648438 0.826562 0.028125 0.028125
0 0.635938 0.071875 0.028125 0.031250
0 0.435937 0.123438 0.028125 0.028125
0 0.339062 0.532813 0.028125 0.028125
0 0.079687 0.090625 0.028125 0.031250
0 0.545312 0.121875 0.028125 0.031250
0 0.731250 0.046875 0.031250 0.031250
0 0.465625 0.073438 0.031250 0.028125
0 0.495312 0.023438 0.028125 0.028125
0 0.164062 0.107813 0.028125 0.028125
0 0.295312 0.260937 0.028125 0.028125
0 0.578125 0.131250 0.031250 0.031250
0 0.090625 0.278125 0.031250 0.031250
0 0.543750 0.156250 0.031250 0.031250
0 0.676562 0.810937 0.028125 0.028125
0 0.759375 0.432812 0.031250 0.028125
0 0.507812 0.495312 0.028125 0.028125
0 0.245312 0.064062 0.028125 0.028125
0 0.784375 0.614062 0.031250 0.028125
0 0.212500 0.239063 0.031250 0.028125
0 0.729688 0.679688 0.028125 0.028125
0 0.701562 0.629687 0.028125 0.028125
0 0.062500 0.828125 0.031250 0.031250
0 0.662500 0.056250 0.031250 0.031250
0 0.481250 0.317188 0.031250 0.028125
0 0.089063 0.909375 0.028125 0.031250
0 0.146875 0.250000 0.031250 0.031250
0 0.520312 0.107813 0.028125 0.028125
0 0.589063 0.667188 0.028125 0.028125
0 0.593750 0.531250 0.031250 0.031250
0 0.676562 0.842187 0.028125 0.028125
0 0.589063 0.701562 0.028125 0.028125
0 0.200000 0.746875 0.031250 0.031250
0 0.492188 0.089063 0.028125 0.028125
0 0.298438 0.165625 0.028125 0.031250
0 0.635938 0.040625 0.028125 0.031250
0 0.190625 0.126562 0.031250 0.028125
0 0.764062 0.057813 0.028125 0.028125
0 0.785937 0.148438 0.028125 0.028125
0 0.732812 0.514062 0.028125 0.028125
0 0.214062 0.207813 0.028125 0.028125
0 0.815625 0.134375 0.031250 0.031250
0 0.273438 0.143750 0.028125 0.031250
0 0.215625 0.178125 0.031250 0.031250
0 0.635938 0.101562 0.028125 0.028125
0 0.759375 0.465625 0.031250 0.031250
0 0.120313 0.296875 0.028125 0.031250
0 0.439063 0.054688 0.028125 0.028125
0 0.662500 0.089063 0.031250 0.028125
0 0.178125 0.300000 0.031250 0.031250
0 0.706250 0.196875 0.031250 0.031250
0 0.178125 0.234375 0.031250 0.031250
0 0.620313 0.807813 0.028125 0.028125
0 0.326562 0.071875 0.028125 0.031250
0 0.087500 0.550000 0.031250 0.031250
0 0.732812 0.548438 0.028125 0.028125
0 0.268750 0.179688 0.031250 0.028125
0 0.118750 0.831250 0.031250 0.031250
0 0.701562 0.893750 0.028125 0.031250
0 0.673438 0.909375 0.028125 0.031250
0 0.618750 0.679688 0.031250 0.028125
0 0.732812 0.217188 0.028125 0.028125
0 0.143750 0.518750 0.031250 0.031250
0 0.268750 0.210938 0.031250 0.028125
0 0.034375 0.845313 0.031250 0.028125
0 0.468750 0.040625 0.031250 0.031250
0 0.171875 0.331250 0.031250 0.031250
0 0.323437 0.182812 0.028125 0.028125
0 0.409375 0.135937 0.025000 0.028125
0 0.693750 0.062500 0.031250 0.031250
0 0.675000 0.776563 0.025000 0.028125
0 0.089063 0.878125 0.028125 0.031250
0 0.090625 0.943750 0.031250 0.031250
0 0.351562 0.095312 0.028125 0.028125
0 0.760938 0.398438 0.028125 0.028125
0 0.076563 0.123438 0.028125 0.028125
0 0.467187 0.107813 0.028125 0.028125
0 0.089063 0.781250 0.028125 0.031250
0 0.104688 0.171875 0.028125 0.031250
0 0.050000 0.104688 0.031250 0.028125
0 0.189062 0.157812 0.028125 0.028125
0 0.079687 0.251563 0.028125 0.028125
0 0.476562 0.545312 0.028125 0.028125
0 0.732812 0.579688 0.028125 0.028125
0 0.620313 0.873437 0.028125 0.028125
0 0.482812 0.351562 0.028125 0.028125
0 0.173437 0.764062 0.028125 0.028125
0 0.054688 0.040625 0.028125 0.031250
0 0.726562 0.945312 0.028125 0.028125
0 0.732812 0.415625 0.028125 0.031250
0 0.145313 0.912500 0.028125 0.031250
0 0.218750 0.110937 0.031250 0.028125
0 0.060937 0.860938 0.028125 0.028125
0 0.062500 0.926562 0.031250 0.028125
0 0.732812 0.351562 0.028125 0.028125
0 0.703125 0.531250 0.031250 0.031250
0 0.051562 0.073438 0.028125 0.028125
0 0.759375 0.595313 0.031250 0.028125
0 0.620313 0.742188 0.028125 0.028125
0 0.439063 0.089063 0.028125 0.028125
0 0.057813 0.532813 0.028125 0.028125
0 0.701562 0.826562 0.028125 0.028125
0 0.384375 0.082812 0.031250 0.028125
0 0.321875 0.248438 0.025000 0.028125
0 0.104688 0.137500 0.028125 0.031250
0 0.507812 0.367188 0.028125 0.028125
0 0.367188 0.514062 0.028125 0.028125
0 0.570312 0.351562 0.028125 0.028125
0 0.756250 0.162500 0.031250 0.031250
0 0.701562 0.596875 0.028125 0.031250
0 0.246875 0.093750 0.031250 0.031250
0 0.476562 0.576562 0.028125 0.028125
0 0.060937 0.957812 0.028125 0.028125
0 0.060937 0.893750 0.028125 0.031250
0 0.295312 0.229687 0.028125 0.028125
0 0.034375 0.450000 0.031250 0.031250
0 0.456250 0.300000 0.031250 0.031250
0 0.109375 0.042188 0.031250 0.028125
0 0.507812 0.400000 0.028125 0.031250
0 0.542188 0.185938 0.028125 0.028125
0 0.060937 0.467187 0.028125 0.028125
0 0.809375 0.762500 0.031250 0.031250
0 0.809375 0.964063 0.031250 0.034375
0 0.535937 0.353125 0.028125 0.031250
0 0.732812 0.384375 0.028125 0.031250
0 0.789062 0.317188 0.028125 0.028125
0 0.148438 0.279687 0.028125 0.028125
0 0.348438 0.264062 0.028125 0.028125
0 0.782813 0.846875 0.028125 0.031250
0 0.648438 0.759375 0.028125 0.031250
0 0.710938 0.164062 0.028125 0.028125
0 0.114062 0.534375 0.028125 0.031250
0 0.193750 0.056250 0.031250 0.031250
0 0.648438 0.596875 0.028125 0.031250
0 0.242188 0.192188 0.028125 0.028125
0 0.387500 0.053125 0.031250 0.031250
0 0.059375 0.500000 0.031250 0.031250
0 0.034375 0.943750 0.031250 0.031250
0 0.645312 0.629687 0.028125 0.028125
0 0.267188 0.242188 0.028125 0.028125
0 0.760938 0.564063 0.028125 0.028125
0 0.618750 0.712500 0.031250 0.031250
0 0.728125 0.910937 0.031250 0.028125
0 0.760938 0.500000 0.028125 0.031250
0 0.676562 0.451562 0.028125 0.028125
0 0.539062 0.320312 0.028125 0.028125
0 0.492188 0.120313 0.028125 0.028125
0 0.645312 0.923438 0.028125 0.028125
0 0.173437 0.373437 0.028125 0.028125
0 0.323437 0.214062 0.028125 0.028125
0 0.548438 0.056250 0.028125 0.031250
0 0.607812 0.081250 0.028125 0.031250
0 0.292187 0.326562 0.028125 0.028125
0 0.620313 0.548438 0.028125 0.028125
0 0.593750 0.818750 0.031250 0.031250
0 0.035937 0.415625 0.028125 0.031250
0 0.035937 0.382812 0.028125 0.028125
0 0.120313 0.262500 0.028125 0.031250
0 0.218750 0.078125 0.031250 0.031250
0 0.504687 0.560937 0.028125 0.028125
0 0.264062 0.310937 0.028125 0.028125
0 0.242188 0.226562 0.028125 0.028125
0 0.645312 0.728125 0.028125 0.031250
0 0.781250 0.946875 0.031250 0.031250
0 0.754687 0.929688 0.028125 0.028125
0 0.809375 0.896875 0.031250 0.031250
0 0.675000 0.614062 0.031250 0.028125
0 0.579688 0.034375 0.028125 0.031250
0 0.464062 0.139063 0.028125 0.028125
0 0.435937 0.154688 0.028125 0.028125
0 0.568750 0.287500 0.031250 0.031250
0 0.335938 0.040625 0.028125 0.031250
0 0.170313 0.032813 0.034375 0.034375
0 0.420312 0.545312 0.028125 0.028125
0 0.645312 0.664062 0.028125 0.028125
0 0.242188 0.160938 0.028125 0.028125
0 0.410938 0.103125 0.028125 0.031250
0 0.367188 0.548438 0.028125 0.028125
0 0.090625 0.975000 0.031250 0.031250
0 0.782813 0.914062 0.028125 0.028125
0 0.578125 0.096875 0.031250 0.031250
0 0.451562 0.529687 0.028125 0.028125
0 0.592187 0.564063 0.028125 0.028125
0 0.759375 0.026562 0.031250 0.028125
0 0.510938 0.301563 0.028125 0.028125
0 0.789062 0.415625 0.028125 0.031250
0 0.570312 0.318750 0.028125 0.031250
0 0.534375 0.514062 0.031250 0.028125
0 0.437500 0.021875 0.031250 0.031250
0 0.568750 0.800000 0.031250 0.031250
0 0.210938 0.270313 0.028125 0.028125
0 0.754687 0.795312 0.028125 0.028125
0 0.671875 0.025000 0.031250 0.031250
0 0.353125 0.167187 0.031250 0.028125
0 0.648438 0.695312 0.028125 0.028125
0 0.673438 0.648438 0.028125 0.028125
0 0.104688 0.234375 0.028125 0.031250
0 0.623437 0.776563 0.028125 0.028125
0 0.812500 0.300000 0.031250 0.031250
0 0.565625 0.548438 0.031250 0.028125
0 0.784375 0.648438 0.031250 0.028125
0 0.809375 0.828125 0.031250 0.031250
0 0.314063 0.018750 0.028125 0.031250
0 0.221875 0.043750 0.031250 0.031250
0 0.226562 0.667188 0.028125 0.028125
0 0.704688 0.467187 0.028125 0.028125
0 0.032813 0.482812 0.028125 0.028125
0 0.675000 0.873437 0.025000 0.028125
0 0.618750 0.648438 0.031250 0.028125
0 0.076563 0.185938 0.028125 0.028125
0 0.479687 0.414062 0.028125 0.028125
0 0.735938 0.182812 0.028125 0.028125
0 0.757812 0.695312 0.028125 0.028125
0 0.648438 0.564063 0.028125 0.028125
0 0.579688 0.065625 0.028125 0.031250
0 0.325000 0.150000 0.031250 0.031250
0 0.095312 0.317188 0.028125 0.028125
0 0.451562 0.560937 0.028125 0.028125
0 0.485938 0.285938 0.028125 0.028125
0 0.507812 0.335938 0.028125 0.028125
0 0.675000 0.742188 0.025000 0.028125
0 0.650000 0.792188 0.025000 0.028125
0 0.787500 0.040625 0.031250 0.031250
0 0.123438 0.332813 0.028125 0.028125
0 0.648438 0.465625 0.028125 0.031250
0 0.782813 0.814063 0.028125 0.028125
0 0.351562 0.231250 0.028125 0.031250
0 0.185938 0.190625 0.028125 0.031250
0 0.254688 0.650000 0.028125 0.031250
0 0.039062 0.348438 0.028125 0.028125
0 0.646875 0.434375 0.031250 0.031250
0 0.571875 0.225000 0.031250 0.031250
0 0.321875 0.279687 0.025000 0.028125
0 0.523438 0.040625 0.028125 0.031250
0 0.201563 0.364063 0.028125 0.028125
0 0.310937 0.550000 0.028125 0.031250
0 0.253125 0.032813 0.031250 0.028125
0 0.698438 0.957812 0.028125 0.028125
0 0.226562 0.767188 0.028125 0.028125
0 0.548438 0.090625 0.028125 0.031250
0 0.132812 0.154688 0.028125 0.028125
0 0.646875 0.532813 0.031250 0.028125
0 0.814063 0.267188 0.034375 0.034375
0 0.504687 0.432812 0.028125 0.028125
0 0.148438 0.879687 0.028125 0.028125
0 0.173437 0.829688 0.028125 0.028125
0 0.701562 0.860938 0.028125 0.028125
0 0.381250 0.153125 0.031250 0.031250
0 0.807813 0.931250 0.028125 0.031250
0 0.476562 0.514062 0.028125 0.028125
0 0.701562 0.695312 0.028125 0.028125
0 0.573438 0.192188 0.028125 0.028125
0 0.215625 0.143750 0.031250 0.031250
0 0.143750 0.485938 0.031250 0.028125
0 0.620313 0.514062 0.028125 0.028125
0 0.785937 0.481250 0.028125 0.031250
0 0.367188 0.031250 0.028125 0.031250
0 0.571875 0.256250 0.031250 0.031250
0 0.809375 0.862500 0.031250 0.031250
0 0.298438 0.198437 0.028125 0.028125
0 0.785937 0.251563 0.028125 0.028125
0 0.534375 0.545312 0.031250 0.028125
0 0.593750 0.787500 0.031250 0.031250
0 0.118750 0.895312 0.031250 0.028125
0 0.703125 0.034375 0.031250 0.031250
0 0.406250 0.025000 0.031250 0.031250
0 0.595313 0.401562 0.028125 0.028125
0 0.170313 0.404687 0.028125 0.028125
0 0.148438 0.310937 0.028125 0.028125
0 0.754687 0.893750 0.028125 0.031250
0 0.612500 0.018750 0.031250 0.031250
0 0.239063 0.289062 0.028125 0.028125
0 0.150000 0.353125 0.031250 0.031250
0 0.081250 0.026562 0.031250 0.034375
0 0.589063 0.737500 0.028125 0.031250
0 0.517188 0.139063 0.028125 0.028125
0 0.075000 0.156250 0.031250 0.031250
0 0.393750 0.498437 0.031250 0.028125
0 0.679688 0.251563 0.028125 0.028125
0 0.815625 0.059375 0.031250 0.031250
0 0.539062 0.285938 0.028125 0.028125
0 0.782813 0.881250 0.028125 0.031250
0 0.707812 0.398438 0.028125 0.028125
0 0.257812 0.748437 0.028125 0.028125
0 0.704688 0.431250 0.028125 0.031250
0 0.618750 0.904687 0.031250 0.028125
0 0.565625 0.512500 0.031250 0.031250
0 0.729688 0.779687 0.028125 0.028125
0 0.320312 0.310937 0.028125 0.028125
0 0.284375 0.798438 0.031250 0.028125
0 0.568750 0.765625 0.031250 0.031250
0 0.814063 0.465625 0.028125 0.031250
0 0.173437 0.795312 0.028125 0.028125
0 0.703125 0.229687 0.031250 0.028125
0 0.567187 0.832812 0.028125 0.028125
0 0.454688 0.332813 0.028125 0.028125
0 0.146875 0.387500 0.031250 0.031250
0 0.598437 0.242188 0.028125 0.028125
0 0.595313 0.367188 0.028125 0.028125
0 0.542188 0.221875 0.028125 0.031250
0 0.132812 0.221875 0.028125 0.031250
0 0.173437 0.862500 0.028125 0.031250
0 0.757812 0.760938 0.028125 0.028125
0 0.759375 0.300000 0.031250 0.031250
0 0.314063 0.582812 0.028125 0.028125
0 0.025000 0.028125 0.031250 0.031250
0 0.118750 0.404687 0.031250 0.028125
0 0.257812 0.782813 0.028125 0.028125
0 0.698438 0.926562 0.028125 0.028125
0 0.671875 0.976562 0.031250 0.034375
0 0.673438 0.710938 0.028125 0.028125
0 0.284375 0.667188 0.031250 0.028125
0 0.567187 0.384375 0.028125 0.031250
0 0.600000 0.209375 0.031250 0.031250
0 0.339062 0.498437 0.028125 0.028125
0 0.675000 0.679688 0.025000 0.028125
0 0.032813 0.514062 0.028125 0.028125
0 0.812500 0.662500 0.031250 0.031250
0 0.114062 0.501563 0.028125 0.028125
0 0.118750 0.960938 0.031250 0.028125
0 0.515625 0.204687 0.031250 0.028125
0 0.704688 0.334375 0.028125 0.031250
0 0.598437 0.273438 0.028125 0.028125
0 0.089063 0.418750 0.028125 0.031250
0 0.450000 0.400000 0.031250 0.031250
0 0.346875 0.295312 0.025000 0.028125
0 0.590625 0.500000 0.031250 0.031250
0 0.201563 0.782813 0.028125 0.028125
0 0.264062 0.276562 0.028125 0.028125
0 0.310937 0.517188 0.028125 0.028125
0 0.137500 0.028125 0.031250 0.031250
0 0.025000 0.057813 0.031250 0.028125
0 0.117188 0.764062 0.028125 0.028125
0 0.550000 0.025000 0.031250 0.031250
0 0.029687 0.681250 0.028125 0.031250
0 0.395313 0.564063 0.028125 0.028125
0 0.732812 0.448437 0.028125 0.028125
0 0.076563 0.220312 0.028125 0.028125
0 0.704688 0.498437 0.028125 0.028125
0 0.284375 0.026562 0.031250 0.028125
0 0.535937 0.448437 0.028125 0.028125
0 0.757812 0.729688 0.028125 0.028125
0 0.421875 0.512500 0.031250 0.031250
0 0.753125 0.962500 0.031250 0.031250
0 0.060937 0.435937 0.028125 0.028125
0 0.598437 0.335938 0.028125 0.028125
0 0.029687 0.545312 0.028125 0.028125
0 0.565625 0.482812 0.031250 0.028125
0 0.089063 0.746875 0.028125 0.031250
0 0.284375 0.701562 0.031250 0.028125
0 0.207813 0.301563 0.028125 0.028125
0 0.117188 0.926562 0.028125 0.028125
0 0.682813 0.176563 0.028125 0.028125
0 0.451562 0.367188 0.028125 0.028125
0 0.607812 0.051562 0.028125 0.028125
0 0.532813 0.578125 0.028125 0.031250
0 0.171875 0.503125 0.031250 0.031250
0 0.487500 0.253125 0.031250 0.031250
0 0.065625 0.334375 0.031250 0.031250
0 0.534375 0.479687 0.031250 0.028125
0 0.678125 0.284375 0.031250 0.031250
0 0.087500 0.450000 0.031250 0.031250
0 0.785937 0.679688 0.028125 0.028125
0 0.760938 0.203125 0.028125 0.031250
0 0.146875 0.746875 0.031250 0.031250
0 0.670312 0.940625 0.028125 0.031250
0 0.290625 0.357812 0.025000 0.028125
0 0.759375 0.332813 0.031250 0.028125
0 0.757812 0.367188 0.028125 0.028125
0 0.734375 0.318750 0.031250 0.031250
0 0.706250 0.367188 0.025000 0.028125
0 0.589063 0.632812 0.028125 0.028125
0 0.734375 0.142187 0.031250 0.028125
0 0.021875 0.121875 0.031250 0.031250
0 0.145313 0.420312 0.028125 0.028125
0 0.171875 0.470313 0.031250 0.028125
0 0.037500 0.315625 0.031250 0.031250
0 0.601562 0.148438 0.028125 0.028125
0 0.089063 0.484375 0.028125 0.031250
0 0.051562 0.139063 0.028125 0.028125
0 0.514062 0.270313 0.028125 0.028125
0 0.057813 0.698438 0.028125 0.028125
0 0.228125 0.634375 0.031250 0.031250
0 0.785937 0.182812 0.028125 0.028125
0 0.064062 0.400000 0.028125 0.031250
0 0.759375 0.531250 0.031250 0.031250
0 0.623437 0.417187 0.028125 0.028125
0 0.534375 0.414062 0.025000 0.028125
0 0.567187 0.451562 0.028125 0.028125
0 0.376563 0.248438 0.028125 0.028125
0 0.812500 0.631250 0.031250 0.031250
0 0.623437 0.384375 0.028125 0.031250
0 0.292187 0.295312 0.028125 0.028125
0 0.782813 0.781250 0.028125 0.031250
0 0.232813 0.351562 0.028125 0.028125
0 0.310937 0.484375 0.028125 0.031250
0 0.507812 0.464062 0.028125 0.028125
0 0.256250 0.615625 0.031250 0.031250
0 0.573438 0.160938 0.028125 0.028125
0 0.592187 0.851562 0.028125 0.028125
0 0.059375 0.729688 0.031250 0.028125
0 0.628125 0.167187 0.031250 0.028125
0 0.560937 0.685937 0.028125 0.028125
0 0.115625 0.568750 0.031250 0.031250
0 0.725000 0.975000 0.031250 0.031250
0 0.757812 0.232813 0.028125 0.028125
0 0.535937 0.382812 0.028125 0.028125
0 0.784375 0.745313 0.025000 0.028125
0 0.067187 0.304688 0.028125 0.028125
0 0.596875 0.304688 0.025000 0.028125
0 0.631250 0.250000 0.031250 0.031250
0 0.479687 0.382812 0.028125 0.028125
0 0.057813 0.665625 0.028125 0.031250
0 0.206250 0.331250 0.031250 0.031250
0 0.560937 0.720313 0.028125 0.028125
0 0.478125 0.610938 0.025000 0.028125
0 0.815625 0.434375 0.031250 0.031250
0 0.701562 0.760938 0.028125 0.028125
0 0.815625 0.026562 0.031250 0.034375
0 0.132812 0.189062 0.028125 0.028125
0 0.540625 0.254688 0.031250 0.028125
0 0.235937 0.320312 0.028125 0.028125
0 0.201563 0.393750 0.028125 0.031250
0 0.706250 0.268750 0.031250 0.031250
0 0.031250 0.648438 0.031250 0.028125
0 0.339062 0.564063 0.028125 0.028125
0 0.654687 0.268750 0.028125 0.031250
0 0.407813 0.168750 0.028125 0.025000
0 0.173437 0.731250 0.028125 0.031250
0 0.589063 0.954688 0.028125 0.028125
0 0.162500 0.206250 0.031250 0.031250
0 0.785937 0.714063 0.028125 0.028125
0 0.512500 0.235937 0.031250 0.028125
0 0.260937 0.376563 0.028125 0.028125
0 0.229687 0.379688 0.028125 0.028125
0 0.201563 0.681250 0.028125 0.031250
0 0.779687 0.978125 0.028125 0.031250
0 0.314063 0.814063 0.028125 0.028125
0 0.460938 0.170313 0.028125 0.028125
0 0.285938 0.632812 0.028125 0.028125
0 0.142187 0.551562 0.028125 0.028125
0 0.307812 0.048438 0.028125 0.028125
0 0.257812 0.814063 0.028125 0.028125
0 0.228125 0.700000 0.031250 0.031250
0 0.032813 0.745313 0.028125 0.028125
0 0.478125 0.445312 0.025000 0.028125
0 0.064062 0.368750 0.028125 0.031250
0 0.432812 0.185938 0.028125 0.028125
0 0.815625 0.334375 0.031250 0.031250
0 0.284375 0.501563 0.031250 0.028125
0 0.803125 0.540625 0.050000 0.050000
0 0.812500 0.168750 0.031250 0.031250
0 0.787500 0.579688 0.031250 0.028125
0 0.623437 0.482812 0.028125 0.028125
0 0.200000 0.018750 0.031250 0.031250
0 0.351562 0.201563 0.028125 0.028125
0 0.373437 0.282813 0.028125 0.028125
0 0.504687 0.592187 0.028125 0.028125
0 0.537500 0.815625 0.031250 0.031250
0 0.428125 0.350000 0.031250 0.031250
0 0.201563 0.650000 0.028125 0.031250
0 0.145313 0.943750 0.028125 0.031250
0 0.170313 0.439063 0.028125 0.028125
0 0.559375 0.970313 0.031250 0.028125
0 0.285938 0.601562 0.028125 0.028125
0 0.175000 0.896875 0.031250 0.031250
0 0.565625 0.417187 0.031250 0.028125
0 0.601562 0.176563 0.028125 0.028125
0 0.087500 0.650000 0.031250 0.031250
0 0.481250 0.912500 0.031250 0.031250
0 0.367188 0.481250 0.028125 0.031250
0 0.160938 0.173437 0.028125 0.028125
0 0.676562 0.417187 0.028125 0.028125
0 0.315625 0.345313 0.031250 0.028125
0 0.590625 0.921875 0.031250 0.031250
0 0.706250 0.301563 0.031250 0.028125
0 0.451562 0.626563 0.028125 0.028125
0 0.200000 0.490625 0.031250 0.031250
0 0.257812 0.717187 0.028125 0.028125
0 0.018750 0.153125 0.031250 0.031250
0 0.228125 0.410938 0.031250 0.028125
0 0.812500 0.598437 0.031250 0.034375
0 0.401562 0.267188 0.028125 0.028125
0 0.453125 0.893750 0.025000 0.025000
0 0.175000 0.929688 0.031250 0.028125
