0 0.623437 0.648438 0.034375 0.034375
0 0.785937 0.707812 0.028125 0.028125
0 0.654687 0.820312 0.028125 0.028125
0 0.510938 0.676562 0.028125 0.028125
0 0.251563 0.789062 0.028125 0.028125
0 0.640625 0.735938 0.031250 0.028125
0 0.246875 0.901563 0.031250 0.028125
0 0.282813 0.848437 0.028125 0.028125
0 0.367188 0.648438 0.028125 0.028125
0 0.382812 0.734375 0.028125 0.031250
0 0.787500 0.593750 0.031250 0.031250
0 0.770312 0.510938 0.028125 0.028125
0 0.640625 0.512500 0.031250 0.031250
0 0.578125 0.510938 0.031250 0.028125
0 0.304688 0.648438 0.028125 0.028125
0 0.689063 0.820312 0.028125 0.028125
0 0.032813 0.929688 0.028125 0.028125
0 0.109375 0.360938 0.031250 0.028125
0 0.218750 0.789062 0.031250 0.028125
0 0.623437 0.817187 0.028125 0.028125
0 0.478125 0.676562 0.031250 0.028125
0 0.770312 0.792188 0.028125 0.028125
0 0.573438 0.679688 0.028125 0.028125
0 0.037500 0.815625 0.031250 0.031250
0 0.348438 0.731250 0.028125 0.031250
0 0.089063 0.387500 0.028125 0.031250
0 0.320312 0.618750 0.028125 0.031250
0 0.289062 0.618750 0.028125 0.031250
0 0.673438 0.790625 0.028125 0.031250
0 0.403125 0.368750 0.031250 0.031250
0 0.351562 0.618750 0.028125 0.031250
0 0.415625 0.676562 0.031250 0.028125
0 0.264062 0.873437 0.028125 0.028125
0 0.300000 0.817187 0.031250 0.028125
0 0.268750 0.820312 0.031250 0.028125
0 0.320312 0.507812 0.028125 0.028125
0 0.464062 0.539062 0.028125 0.028125
0 0.395313 0.820312 0.028125 0.028125
0 0.495312 0.707812 0.028125 0.028125
0 0.414062 0.620313 0.028125 0.028125
0 0.640625 0.567187 0.031250 0.028125
0 0.704688 0.848437 0.028125 0.028125
0 0.592187 0.484375 0.028125 0.031250
0 0.739062 0.570312 0.028125 0.028125
0 0.610938 0.456250 0.028125 0.031250
0 0.557813 0.707812 0.028125 0.028125
0 0.217188 0.901563 0.028125 0.028125
0 0.626563 0.484375 0.028125 0.031250
0 0.414062 0.846875 0.028125 0.031250
0 0.546875 0.456250 0.031250 0.031250
0 0.273438 0.478125 0.028125 0.031250
0 0.429688 0.817187 0.028125 0.028125
0 0.479687 0.567187 0.028125 0.028125
0 0.560937 0.482812 0.028125 0.028125
0 0.623437 0.595313 0.028125 0.028125
0 0.625000 0.765625 0.031250 0.031250
0 0.657813 0.540625 0.028125 0.031250
0 0.737500 0.514062 0.031250 0.028125
0 0.121875 0.387500 0.031250 0.031250
0 0.721875 0.764062 0.031250 0.028125
0 0.692187 0.542188 0.028125 0.028125
0 0.526563 0.707812 0.028125 0.028125
0 0.254688 0.448437 0.028125 0.028125
0 0.367188 0.592187 0.028125 0.028125
0 0.495312 0.650000 0.028125 0.031250
0 0.723437 0.820312 0.028125 0.028125
0 0.385937 0.395313 0.028125 0.028125
0 0.707812 0.792188 0.028125 0.028125
0 0.271875 0.646875 0.031250 0.031250
0 0.398438 0.592187 0.028125 0.028125
0 0.257812 0.562500 0.028125 0.031250
0 0.643750 0.456250 0.031250 0.031250
0 0.670312 0.845313 0.028125 0.028125
0 0.446875 0.676562 0.031250 0.028125
0 0.351562 0.507812 0.028125 0.028125
0 0.607812 0.790625 0.028125 0.031250
0 0.235937 0.817187 0.028125 0.028125
0 0.704688 0.512500 0.028125 0.031250
0 0.239063 0.478125 0.028125 0.031250
0 0.498437 0.426563 0.028125 0.028125
0 0.576562 0.565625 0.028125 0.031250
0 0.543750 0.512500 0.031250 0.031250
0 0.384375 0.620313 0.031250 0.028125
0 0.332813 0.760938 0.028125 0.028125
0 0.431250 0.482812 0.031250 0.028125
0 0.253125 0.675000 0.031250 0.031250
0 0.254688 0.504687 0.028125 0.028125
0 0.281250 0.959375 0.031250 0.031250
0 0.223438 0.504687 0.028125 0.028125
0 0.629687 0.426563 0.028125 0.028125
0 0.429688 0.706250 0.028125 0.031250
0 0.285938 0.675000 0.028125 0.031250
0 0.593750 0.540625 0.031250 0.031250
0 0.289062 0.507812 0.028125 0.028125
0 0.037500 0.759375 0.031250 0.031250
0 0.368750 0.535937 0.031250 0.028125
0 0.542188 0.567187 0.028125 0.028125
0 0.395313 0.873437 0.028125 0.028125
0 0.232813 0.931250 0.028125 0.031250
0 0.075000 0.359375 0.031250 0.031250
0 0.382812 0.676562 0.028125 0.028125
0 0.673438 0.717187 0.034375 0.034375
0 0.526563 0.650000 0.028125 0.031250
0 0.479687 0.620313 0.028125 0.028125
0 0.723437 0.539062 0.028125 0.028125
0 0.246875 0.959375 0.031250 0.031250
0 0.398438 0.764062 0.028125 0.028125
0 0.609375 0.567187 0.031250 0.028125
0 0.785937 0.651563 0.028125 0.028125
0 0.657813 0.595313 0.028125 0.028125
0 0.707812 0.570312 0.028125 0.028125
0 0.282813 0.789062 0.028125 0.028125
0 0.023438 0.445312 0.028125 0.028125
0 0.529687 0.482812 0.028125 0.028125
0 0.445312 0.620313 0.028125 0.028125
0 0.589063 0.650000 0.028125 0.031250
0 0.320312 0.451562 0.028125 0.028125
0 0.785937 0.764062 0.028125 0.028125
0 0.414062 0.734375 0.028125 0.031250
0 0.639062 0.790625 0.028125 0.031250
0 0.465625 0.426563 0.031250 0.028125
0 0.721875 0.596875 0.031250 0.031250
0 0.384375 0.564063 0.025000 0.028125
0 0.432812 0.535937 0.028125 0.028125
0 0.482812 0.400000 0.028125 0.031250
0 0.495312 0.539062 0.028125 0.028125
0 0.753125 0.651563 0.031250 0.028125
0 0.026562 0.387500 0.028125 0.031250
0 0.304688 0.590625 0.028125 0.031250
0 0.414062 0.790625 0.028125 0.031250
0 0.445312 0.732812 0.028125 0.028125
0 0.525000 0.592187 0.031250 0.028125
0 0.401562 0.425000 0.028125 0.031250
0 0.364063 0.931250 0.028125 0.031250
0 0.659375 0.485938 0.031250 0.028125
0 0.790625 0.535937 0.031250 0.028125
0 0.592187 0.764062 0.028125 0.028125
0 0.576562 0.735938 0.028125 0.028125
0 0.364063 0.873437 0.028125 0.028125
0 0.400000 0.650000 0.031250 0.031250
0 0.053125 0.843750 0.031250 0.031250
0 0.692187 0.598437 0.028125 0.028125
0 0.662500 0.428125 0.031250 0.031250
0 0.589063 0.820312 0.028125 0.028125
0 0.607812 0.732812 0.028125 0.028125
0 0.398438 0.704688 0.028125 0.028125
0 0.335938 0.535937 0.028125 0.028125
0 0.820312 0.765625 0.028125 0.031250
0 0.395313 0.931250 0.028125 0.031250
0 0.654687 0.764062 0.028125 0.028125
0 0.417187 0.398438 0.028125 0.028125
0 0.414062 0.903125 0.028125 0.031250
0 0.607812 0.620313 0.028125 0.028125
0 0.248438 0.845313 0.028125 0.028125
0 0.460938 0.648438 0.028125 0.028125
0 0.335938 0.589063 0.028125 0.028125
0 0.379688 0.846875 0.028125 0.031250
0 0.351562 0.451562 0.028125 0.028125
0 0.739062 0.848437 0.028125 0.028125
0 0.557813 0.650000 0.028125 0.031250
0 0.673438 0.567187 0.028125 0.028125
0 0.739062 0.623437 0.028125 0.028125
0 0.460938 0.707812 0.028125 0.028125
0 0.818750 0.709375 0.031250 0.031250
0 0.378125 0.960938 0.031250 0.028125
0 0.754687 0.539062 0.028125 0.028125
0 0.578125 0.456250 0.031250 0.031250
0 0.573438 0.623437 0.028125 0.028125
0 0.592187 0.592187 0.028125 0.028125
0 0.237500 0.645312 0.031250 0.028125
0 0.429688 0.648438 0.028125 0.028125
0 0.317188 0.848437 0.028125 0.028125
0 0.289062 0.450000 0.028125 0.031250
0 0.554688 0.820312 0.028125 0.028125
0 0.156250 0.390625 0.031250 0.031250
0 0.232813 0.873437 0.028125 0.028125
0 0.039062 0.473438 0.028125 0.028125
0 0.707812 0.623437 0.028125 0.028125
0 0.589063 0.707812 0.028125 0.028125
0 0.221875 0.617188 0.031250 0.028125
0 0.032813 0.871875 0.028125 0.031250
0 0.659375 0.651563 0.031250 0.028125
0 0.639062 0.848437 0.028125 0.028125
0 0.770312 0.625000 0.028125 0.031250
0 0.510938 0.732812 0.028125 0.028125
0 0.057813 0.445312 0.028125 0.028125
0 0.414062 0.507812 0.028125 0.028125
0 0.560937 0.539062 0.028125 0.028125
0 0.367188 0.479687 0.028125 0.028125
0 0.335938 0.479687 0.028125 0.028125
0 0.045312 0.956250 0.028125 0.031250
0 0.431250 0.764062 0.031250 0.028125
0 0.370312 0.367188 0.028125 0.028125
0 0.754687 0.596875 0.028125 0.031250
0 0.642188 0.623437 0.028125 0.028125
0 0.273438 0.590625 0.028125 0.031250
0 0.304688 0.421875 0.028125 0.031250
0 0.446875 0.510938 0.031250 0.028125
0 0.804688 0.735938 0.028125 0.028125
0 0.514062 0.456250 0.028125 0.031250
0 0.623437 0.540625 0.028125 0.031250
0 0.317188 0.790625 0.028125 0.031250
0 0.018750 0.787500 0.031250 0.031250
0 0.673438 0.512500 0.028125 0.031250
0 0.507812 0.620313 0.028125 0.028125
0 0.348438 0.904687 0.028125 0.028125
0 0.079687 0.959375 0.028125 0.031250
0 0.348438 0.846875 0.028125 0.031250
0 0.354687 0.337500 0.028125 0.031250
0 0.621875 0.706250 0.031250 0.031250
0 0.512500 0.512500 0.031250 0.031250
0 0.121875 0.329688 0.031250 0.028125
0 0.242188 0.592187 0.028125 0.028125
0 0.289062 0.562500 0.028125 0.031250
0 0.539062 0.620313 0.028125 0.028125
0 0.526563 0.540625 0.028125 0.031250
0 0.273438 0.534375 0.028125 0.031250
0 0.262500 0.931250 0.031250 0.031250
0 0.609375 0.510938 0.031250 0.028125
0 0.331250 0.931250 0.031250 0.031250
0 0.206250 0.418750 0.031250 0.031250
0 0.482812 0.456250 0.028125 0.031250
0 0.073438 0.417187 0.028125 0.028125
0 0.335938 0.423438 0.028125 0.028125
0 0.223438 0.448437 0.028125 0.028125
0 0.451562 0.454688 0.028125 0.028125
0 0.056250 0.329688 0.031250 0.028125
0 0.065625 0.929688 0.031250 0.028125
0 0.379688 0.903125 0.028125 0.031250
0 0.332813 0.704688 0.028125 0.028125
0 0.562500 0.426563 0.031250 0.028125
0 0.304688 0.478125 0.028125 0.031250
0 0.448437 0.398438 0.028125 0.028125
0 0.803125 0.625000 0.031250 0.031250
0 0.317188 0.675000 0.028125 0.031250
0 0.370312 0.426563 0.028125 0.028125
0 0.607812 0.845313 0.028125 0.028125
0 0.421875 0.340625 0.031250 0.031250
0 0.834375 0.621875 0.031250 0.031250
0 0.435937 0.370312 0.028125 0.028125
0 0.529687 0.429688 0.028125 0.028125
0 0.692187 0.651563 0.028125 0.028125
0 0.737500 0.735938 0.031250 0.028125
0 0.429688 0.592187 0.028125 0.028125
0 0.557813 0.592187 0.028125 0.028125
0 0.335938 0.648438 0.028125 0.028125
0 0.300000 0.760938 0.031250 0.028125
0 0.184375 0.789062 0.031250 0.028125
0 0.573438 0.789062 0.028125 0.028125
0 0.312500 0.960938 0.031250 0.028125
0 0.479687 0.510938 0.028125 0.028125
0 0.676562 0.456250 0.028125 0.031250
0 0.479687 0.732812 0.028125 0.028125
0 0.367188 0.704688 0.028125 0.028125
0 0.382812 0.509375 0.028125 0.031250
0 0.415625 0.564063 0.025000 0.028125
0 0.240625 0.421875 0.031250 0.031250
0 0.339062 0.364063 0.028125 0.028125
0 0.446875 0.565625 0.025000 0.025000
0 0.467187 0.482812 0.028125 0.028125
0 0.737500 0.792188 0.025000 0.028125
0 0.239063 0.534375 0.028125 0.031250
0 0.220312 0.676562 0.028125 0.028125
0 0.432812 0.426563 0.028125 0.028125
0 0.351562 0.395313 0.028125 0.028125
0 0.464062 0.592187 0.028125 0.028125
0 0.542188 0.734375 0.028125 0.025000
0 0.073438 0.473438 0.028125 0.028125
0 0.351562 0.675000 0.028125 0.031250
0 0.770312 0.681250 0.028125 0.031250
0 0.173437 0.420312 0.028125 0.028125
0 0.498437 0.482812 0.028125 0.028125
0 0.021875 0.329688 0.031250 0.028125
0 0.445312 0.789062 0.028125 0.028125
0 0.050000 0.900000 0.031250 0.031250
0 0.317188 0.734375 0.028125 0.031250
0 0.042188 0.417187 0.028125 0.028125
0 0.542188 0.676562 0.028125 0.028125
0 0.773438 0.565625 0.028125 0.031250
0 0.515625 0.400000 0.031250 0.031250
0 0.554688 0.873437 0.028125 0.028125
0 0.704688 0.735938 0.028125 0.028125
0 0.271875 0.421875 0.031250 0.031250
0 0.301563 0.704688 0.028125 0.028125
0 0.807813 0.564063 0.028125 0.028125
0 0.332813 0.820312 0.028125 0.028125
0 0.089063 0.445312 0.028125 0.028125
0 0.304688 0.534375 0.028125 0.031250
0 0.042188 0.359375 0.028125 0.031250
0 0.417187 0.451562 0.028125 0.028125
0 0.640625 0.681250 0.031250 0.031250
0 0.573438 0.846875 0.028125 0.025000
0 0.235937 0.760938 0.028125 0.028125
0 0.426563 0.931250 0.028125 0.031250
0 0.218750 0.734375 0.031250 0.031250
0 0.351562 0.564063 0.028125 0.028125
0 0.385937 0.451562 0.028125 0.028125
0 0.825000 0.593750 0.031250 0.031250
0 0.089063 0.329688 0.028125 0.028125
0 0.364063 0.820312 0.028125 0.028125
0 0.542188 0.901563 0.028125 0.028125
0 0.595313 0.429688 0.028125 0.028125
0 0.084375 0.901563 0.031250 0.028125
0 0.770312 0.735938 0.028125 0.028125
0 0.467187 0.373437 0.028125 0.028125
0 0.254688 0.617188 0.028125 0.028125
0 0.056250 0.501563 0.025000 0.028125
0 0.057813 0.387500 0.028125 0.031250
0 0.173437 0.362500 0.028125 0.031250
0 0.690625 0.485938 0.031250 0.028125
0 0.065625 0.871875 0.031250 0.031250
0 0.689063 0.765625 0.028125 0.031250
0 0.398438 0.535937 0.028125 0.028125
0 0.156250 0.331250 0.031250 0.031250
0 0.023438 0.501563 0.028125 0.028125
0 0.720313 0.873437 0.028125 0.028125
0 0.268750 0.760938 0.031250 0.028125
0 0.718750 0.484375 0.031250 0.031250
0 0.410938 0.960938 0.028125 0.028125
0 0.696875 0.434375 0.031250 0.031250
0 0.721875 0.651563 0.025000 0.028125
0 0.139063 0.360938 0.028125 0.028125
0 0.604688 0.681250 0.028125 0.031250
0 0.345313 0.957812 0.028125 0.028125
0 0.676562 0.623437 0.028125 0.028125
0 0.825000 0.812500 0.031250 0.031250
0 0.443750 0.959375 0.031250 0.031250
0 0.495312 0.595313 0.028125 0.028125
0 0.673438 0.681250 0.028125 0.031250
0 0.578125 0.403125 0.031250 0.031250
0 0.540625 0.846875 0.025000 0.025000
0 0.220312 0.332813 0.028125 0.028125
0 0.296875 0.931250 0.031250 0.031250
0 0.453125 0.343750 0.031250 0.031250
0 0.509375 0.790625 0.025000 0.025000
0 0.801562 0.679688 0.028125 0.028125
0 0.510938 0.564063 0.028125 0.028125
0 0.817187 0.654687 0.028125 0.028125
0 0.881250 0.756250 0.031250 0.031250
0 0.496875 0.371875 0.031250 0.031250
0 0.754687 0.707812 0.028125 0.028125
0 0.387500 0.340625 0.031250 0.031250
0 0.279687 0.904687 0.028125 0.028125
0 0.460938 0.817187 0.028125 0.028125
0 0.718750 0.454688 0.031250 0.034375
0 0.426563 0.873437 0.028125 0.028125
0 0.256250 0.334375 0.031250 0.031250
0 0.189062 0.334375 0.028125 0.031250
0 0.445312 0.848437 0.028125 0.028125
0 0.053125 0.787500 0.031250 0.031250
0 0.546875 0.400000 0.031250 0.031250
0 0.754687 0.764062 0.028125 0.028125
0 0.112500 0.956250 0.031250 0.031250
0 0.198437 0.875000 0.028125 0.031250
0 0.609375 0.403125 0.031250 0.031250
0 0.837500 0.735938 0.031250 0.028125
0 0.207813 0.532813 0.028125 0.028125
0 0.653125 0.396875 0.031250 0.031250
0 0.214062 0.960938 0.034375 0.034375
0 0.201563 0.760938 0.028125 0.028125
0 0.573438 0.900000 0.028125 0.025000
0 0.457813 0.931250 0.028125 0.031250
0 0.437500 0.312500 0.031250 0.031250
0 0.401562 0.482812 0.028125 0.028125
0 0.040625 0.296875 0.037500 0.037500
0 0.106250 0.475000 0.031250 0.031250
0 0.235937 0.701562 0.028125 0.028125
0 0.187500 0.731250 0.031250 0.031250
0 0.714063 0.931250 0.028125 0.031250
0 0.153125 0.731250 0.031250 0.031250
0 0.021875 0.729688 0.031250 0.028125
0 0.107813 0.417187 0.028125 0.028125
0 0.475000 0.959375 0.031250 0.031250
0 0.096875 0.929688 0.031250 0.028125
0 0.476562 0.846875 0.028125 0.025000
0 0.039062 0.529687 0.028125 0.028125
0 0.665625 0.956250 0.031250 0.031250
0 0.751563 0.484375 0.034375 0.031250
0 0.801562 0.792188 0.028125 0.028125
0 0.071875 0.531250 0.031250 0.031250
0 0.018750 0.845313 0.031250 0.028125
0 0.751563 0.876563 0.028125 0.028125
0 0.018750 0.901563 0.031250 0.028125
0 0.493750 0.931250 0.031250 0.031250
0 0.653125 0.928125 0.031250 0.031250
0 0.200000 0.931250 0.031250 0.031250
0 0.625000 0.378125 0.031250 0.031250
0 0.531250 0.370312 0.031250 0.028125
0 0.189062 0.618750 0.028125 0.025000
0 0.154688 0.617188 0.028125 0.028125
0 0.017188 0.956250 0.028125 0.031250
0 0.206250 0.478125 0.025000 0.025000
0 0.120313 0.673438 0.028125 0.028125
0 0.631250 0.956250 0.031250 0.031250
0 0.201563 0.701562 0.028125 0.028125
0 0.151562 0.673438 0.034375 0.034375
0 0.068750 0.815625 0.031250 0.031250
0 0.184375 0.901563 0.031250 0.028125
0 0.073438 0.298438 0.034375 0.034375
0 0.682813 0.928125 0.028125 0.031250
0 0.089063 0.501563 0.028125 0.028125
0 0.137500 0.476562 0.031250 0.028125
0 0.240625 0.365625 0.031250 0.031250
0 0.104688 0.301563 0.034375 0.034375
0 0.521875 0.821875 0.031250 0.031250
0 0.137500 0.645312 0.031250 0.028125
0 0.620313 0.926562 0.028125 0.028125
0 0.754687 0.820312 0.028125 0.028125
0 0.787500 0.821875 0.025000 0.025000
