0 0.901563 0.553125 0.028125 0.031250
0 0.978125 0.853125 0.031250 0.031250
0 0.793750 0.875000 0.031250 0.031250
0 0.879687 0.765625 0.028125 0.031250
0 0.787500 0.675000 0.031250 0.031250
0 0.842187 0.571875 0.028125 0.031250
0 0.903125 0.787500 0.031250 0.031250
0 0.831250 0.487500 0.031250 0.031250
0 0.623437 0.870313 0.028125 0.028125
0 0.639062 0.921875 0.028125 0.031250
0 0.800000 0.495312 0.031250 0.028125
0 0.959375 0.798438 0.031250 0.028125
0 0.928125 0.462500 0.031250 0.031250
0 0.593750 0.878125 0.031250 0.031250
0 0.926562 0.807813 0.028125 0.028125
0 0.943750 0.434375 0.031250 0.031250
0 0.768750 0.623437 0.031250 0.028125
0 0.925000 0.578125 0.031250 0.031250
0 0.834375 0.720313 0.031250 0.028125
0 0.831250 0.603125 0.031250 0.031250
0 0.654687 0.860938 0.028125 0.028125
0 0.846875 0.657813 0.031250 0.028125
0 0.840625 0.687500 0.031250 0.031250
0 0.817187 0.665625 0.028125 0.031250
0 0.954688 0.568750 0.034375 0.031250
0 0.921875 0.403125 0.037500 0.037500
0 0.870313 0.560937 0.028125 0.028125
0 0.864062 0.595313 0.028125 0.028125
0 0.632812 0.839063 0.028125 0.028125
0 0.893750 0.585938 0.031250 0.028125
0 0.717187 0.607812 0.028125 0.028125
0 0.792188 0.526563 0.028125 0.028125
0 0.662500 0.828125 0.031250 0.031250
0 0.884375 0.614062 0.031250 0.028125
0 0.959375 0.345313 0.031250 0.034375
0 0.910937 0.754687 0.028125 0.028125
0 0.753125 0.685937 0.031250 0.028125
0 0.415625 0.906250 0.031250 0.031250
0 0.756250 0.568750 0.031250 0.031250
0 0.679688 0.882812 0.028125 0.028125
0 0.826562 0.520312 0.028125 0.028125
0 0.817187 0.548438 0.028125 0.028125
0 0.895312 0.467187 0.028125 0.028125
0 0.965625 0.768750 0.031250 0.031250
0 0.854688 0.626563 0.028125 0.028125
0 0.617188 0.901563 0.028125 0.028125
0 0.859375 0.396875 0.031250 0.031250
0 0.707812 0.642188 0.028125 0.028125
0 0.670312 0.914062 0.028125 0.028125
0 0.856250 0.740625 0.031250 0.031250
0 0.818750 0.896875 0.031250 0.031250
0 0.810937 0.698438 0.028125 0.028125
0 0.964063 0.537500 0.028125 0.031250
0 0.764062 0.654687 0.028125 0.028125
0 0.800000 0.614062 0.031250 0.028125
0 0.873437 0.442188 0.028125 0.028125
0 0.951562 0.485938 0.028125 0.028125
0 0.935937 0.776563 0.028125 0.028125
0 0.906250 0.521875 0.031250 0.031250
0 0.703125 0.903125 0.031250 0.031250
0 0.943750 0.371875 0.031250 0.031250
0 0.793750 0.642188 0.031250 0.028125
0 0.906250 0.437500 0.031250 0.031250
0 0.768750 0.503125 0.031250 0.031250
0 0.601562 0.846875 0.028125 0.031250
0 0.684375 0.851562 0.031250 0.028125
0 0.370312 0.978125 0.034375 0.031250
0 0.739062 0.632812 0.028125 0.028125
0 0.781250 0.937500 0.031250 0.031250
0 0.837500 0.370312 0.031250 0.028125
0 0.857812 0.507812 0.028125 0.028125
0 0.640625 0.456250 0.031250 0.031250
0 0.623437 0.637500 0.028125 0.031250
0 0.500000 0.675000 0.031250 0.031250
0 0.703125 0.673438 0.031250 0.028125
0 0.810937 0.582812 0.028125 0.028125
0 0.917188 0.607812 0.028125 0.028125
0 0.920312 0.492188 0.028125 0.028125
0 0.812500 0.929688 0.031250 0.028125
0 0.865625 0.475000 0.031250 0.031250
0 0.948438 0.598437 0.028125 0.028125
0 0.771875 0.968750 0.031250 0.031250
0 0.682813 0.618750 0.028125 0.031250
0 0.900000 0.376563 0.031250 0.034375
0 0.965625 0.456250 0.031250 0.031250
0 0.692187 0.587500 0.028125 0.031250
0 0.648438 0.892188 0.028125 0.028125
0 0.721875 0.460938 0.031250 0.028125
0 0.889062 0.498437 0.028125 0.028125
0 0.889062 0.731250 0.028125 0.031250
0 0.843750 0.456250 0.031250 0.031250
0 0.646875 0.418750 0.031250 0.031250
0 0.856250 0.975000 0.031250 0.031250
0 0.940625 0.515625 0.031250 0.031250
0 0.890625 0.345313 0.031250 0.034375
0 0.646875 0.662500 0.031250 0.031250
0 0.975000 0.735938 0.031250 0.028125
0 0.731250 0.428125 0.031250 0.031250
0 0.848437 0.539062 0.028125 0.028125
0 0.971875 0.509375 0.031250 0.031250
0 0.868750 0.364063 0.031250 0.028125
0 0.700000 0.434375 0.031250 0.031250
0 0.676562 0.651563 0.028125 0.028125
0 0.932813 0.545312 0.028125 0.028125
0 0.609375 0.815625 0.031250 0.031250
0 0.653125 0.628125 0.031250 0.031250
0 0.606250 0.932813 0.031250 0.028125
0 0.740625 0.393750 0.031250 0.031250
0 0.801562 0.960938 0.028125 0.028125
0 0.925000 0.346875 0.031250 0.031250
0 0.940625 0.629687 0.031250 0.028125
0 0.954688 0.829688 0.028125 0.028125
0 0.776563 0.473438 0.028125 0.028125
0 0.779687 0.592187 0.028125 0.028125
0 0.975000 0.428125 0.031250 0.031250
0 0.695312 0.934375 0.028125 0.031250
0 0.746875 0.950000 0.031250 0.031250
0 0.823438 0.632812 0.028125 0.028125
0 0.840625 0.921875 0.031250 0.031250
0 0.959375 0.403125 0.031250 0.031250
0 0.810937 0.464062 0.028125 0.028125
0 0.706250 0.398438 0.031250 0.034375
0 0.732812 0.660937 0.028125 0.028125
0 0.870313 0.679688 0.028125 0.028125
0 0.690625 0.468750 0.031250 0.031250
0 0.714063 0.490625 0.028125 0.031250
0 0.784375 0.443750 0.031250 0.031250
0 0.501563 0.907813 0.028125 0.028125
0 0.668750 0.443750 0.031250 0.031250
0 0.832812 0.951562 0.028125 0.028125
0 0.848437 0.425000 0.028125 0.031250
0 0.618750 0.437500 0.031250 0.031250
0 0.748437 0.482812 0.028125 0.028125
0 0.754687 0.448437 0.028125 0.028125
0 0.878125 0.645312 0.031250 0.028125
0 0.662500 0.943750 0.031250 0.031250
0 0.968750 0.621875 0.031250 0.031250
0 0.710938 0.873437 0.028125 0.028125
0 0.475000 0.885938 0.031250 0.028125
0 0.940625 0.746875 0.031250 0.031250
0 0.778125 0.706250 0.025000 0.025000
0 0.976562 0.375000 0.034375 0.031250
0 0.884375 0.412500 0.031250 0.031250
0 0.879687 0.529687 0.028125 0.028125
0 0.589063 0.648438 0.028125 0.028125
0 0.507812 0.876563 0.028125 0.028125
0 0.560937 0.889062 0.028125 0.028125
0 0.760938 0.420312 0.028125 0.028125
0 0.629687 0.606250 0.028125 0.031250
0 0.585938 0.909375 0.028125 0.025000
0 0.632812 0.954688 0.028125 0.028125
0 0.678125 0.409375 0.031250 0.031250
0 0.656250 0.384375 0.031250 0.031250
0 0.890625 0.700000 0.031250 0.031250
0 0.862500 0.710938 0.031250 0.028125
0 0.739062 0.515625 0.028125 0.025000
0 0.964063 0.651563 0.028125 0.028125
0 0.789062 0.907813 0.028125 0.028125
0 0.529687 0.665625 0.028125 0.031250
0 0.567187 0.857812 0.028125 0.028125
0 0.918750 0.725000 0.031250 0.031250
0 0.723437 0.695312 0.028125 0.028125
0 0.464062 0.687500 0.034375 0.031250
0 0.793750 0.409375 0.031250 0.031250
0 0.721875 0.576562 0.031250 0.028125
0 0.598437 0.617188 0.028125 0.028125
0 0.721875 0.362500 0.031250 0.031250
0 0.865625 0.940625 0.031250 0.031250
0 0.757812 0.915625 0.028125 0.025000
0 0.614062 0.667188 0.028125 0.028125
0 0.785937 0.560937 0.028125 0.028125
