0 0.585938 0.914062 0.028125 0.028125
0 0.950000 0.412500 0.031250 0.031250
0 0.665625 0.456250 0.031250 0.031250
0 0.528125 0.806250 0.031250 0.031250
0 0.718750 0.709375 0.031250 0.031250
0 0.609375 0.853125 0.031250 0.031250
0 0.881250 0.543750 0.031250 0.031250
0 0.704688 0.298438 0.028125 0.028125
0 0.895312 0.668750 0.028125 0.031250
0 0.971875 0.226562 0.031250 0.034375
0 0.814063 0.278125 0.028125 0.031250
0 0.857812 0.123438 0.028125 0.028125
0 0.867188 0.753125 0.028125 0.031250
0 0.895312 0.639062 0.028125 0.028125
0 0.904687 0.570312 0.028125 0.028125
0 0.659375 0.737500 0.031250 0.031250
0 0.689063 0.596875 0.028125 0.031250
0 0.725000 0.839063 0.031250 0.028125
0 0.910937 0.535937 0.028125 0.028125
0 0.839063 0.804688 0.028125 0.028125
0 0.893750 0.196875 0.031250 0.031250
0 0.879687 0.143750 0.028125 0.031250
0 0.631250 0.793750 0.031250 0.031250
0 0.678125 0.631250 0.031250 0.031250
0 0.754687 0.921875 0.028125 0.031250
0 0.907813 0.251563 0.028125 0.028125
0 0.818750 0.362500 0.031250 0.031250
0 0.943750 0.525000 0.031250 0.031250
0 0.610938 0.206250 0.028125 0.031250
0 0.895312 0.737500 0.028125 0.031250
0 0.640625 0.890625 0.031250 0.031250
0 0.737500 0.245312 0.031250 0.028125
0 0.662500 0.700000 0.031250 0.031250
0 0.796875 0.340625 0.031250 0.031250
0 0.815625 0.559375 0.031250 0.031250
0 0.929688 0.273438 0.028125 0.028125
0 0.871875 0.579688 0.031250 0.028125
0 0.682813 0.231250 0.028125 0.031250
0 0.804688 0.310937 0.028125 0.028125
0 0.595313 0.387500 0.028125 0.031250
0 0.921875 0.504687 0.031250 0.028125
0 0.628125 0.259375 0.031250 0.031250
0 0.751563 0.578125 0.028125 0.031250
0 0.693750 0.753125 0.031250 0.031250
0 0.793750 0.025000 0.031250 0.031250
0 0.882812 0.345313 0.028125 0.028125
0 0.921875 0.718750 0.031250 0.031250
0 0.896875 0.600000 0.031250 0.031250
0 0.862500 0.206250 0.031250 0.031250
0 0.671875 0.667188 0.031250 0.028125
0 0.725000 0.875000 0.031250 0.031250
0 0.909375 0.451562 0.031250 0.028125
0 0.720313 0.470313 0.028125 0.028125
0 0.953125 0.293750 0.031250 0.031250
0 0.776563 0.365625 0.028125 0.031250
0 0.729688 0.439063 0.028125 0.028125
0 0.696875 0.787500 0.031250 0.031250
0 0.698438 0.889062 0.028125 0.028125
0 0.837500 0.770312 0.031250 0.028125
0 0.937500 0.242188 0.031250 0.028125
0 0.929688 0.473438 0.028125 0.028125
0 0.698438 0.329688 0.028125 0.028125
0 0.884375 0.229687 0.031250 0.028125
0 0.954688 0.495312 0.028125 0.028125
0 0.550000 0.343750 0.031250 0.031250
0 0.370312 0.129688 0.034375 0.034375
0 0.870313 0.176563 0.028125 0.028125
0 0.595313 0.796875 0.028125 0.031250
0 0.846875 0.268750 0.031250 0.031250
0 0.487500 0.754687 0.031250 0.028125
0 0.823438 0.129688 0.028125 0.028125
0 0.829688 0.331250 0.028125 0.031250
0 0.832812 0.500000 0.028125 0.031250
0 0.895312 0.704688 0.028125 0.028125
0 0.953125 0.767188 0.031250 0.028125
0 0.840625 0.384375 0.031250 0.031250
0 0.807813 0.790625 0.028125 0.031250
0 0.626563 0.618750 0.028125 0.031250
0 0.898438 0.482812 0.028125 0.028125
0 0.923438 0.653125 0.028125 0.031250
0 0.737500 0.606250 0.031250 0.031250
0 0.696875 0.564063 0.031250 0.028125
0 0.770312 0.118750 0.028125 0.031250
0 0.475000 0.787500 0.031250 0.031250
0 0.643750 0.925000 0.031250 0.031250
0 0.673438 0.540625 0.028125 0.031250
0 0.904687 0.364063 0.028125 0.028125
0 0.745313 0.492188 0.028125 0.028125
0 0.671875 0.906250 0.031250 0.031250
0 0.795312 0.142187 0.028125 0.028125
0 0.657813 0.251563 0.028125 0.028125
0 0.768750 0.515625 0.031250 0.031250
0 0.895312 0.768750 0.028125 0.031250
0 0.681250 0.275000 0.031250 0.031250
0 0.543750 0.862500 0.031250 0.031250
0 0.898438 0.279687 0.028125 0.028125
0 0.698438 0.923438 0.028125 0.028125
0 0.725000 0.906250 0.031250 0.031250
0 0.923438 0.620313 0.028125 0.028125
0 0.923438 0.189062 0.028125 0.028125
0 0.865625 0.490625 0.031250 0.031250
0 0.885938 0.428125 0.028125 0.031250
0 0.859375 0.520312 0.031250 0.028125
0 0.617188 0.650000 0.028125 0.031250
0 0.837500 0.739062 0.031250 0.028125
0 0.751563 0.298438 0.028125 0.028125
0 0.807813 0.757812 0.028125 0.028125
0 0.701562 0.656250 0.028125 0.031250
0 0.864062 0.404687 0.028125 0.028125
0 0.784375 0.937500 0.031250 0.031250
0 0.531250 0.720313 0.031250 0.028125
0 0.596875 0.707812 0.031250 0.028125
0 0.500000 0.725000 0.031250 0.031250
0 0.595313 0.621875 0.028125 0.031250
0 0.748437 0.096875 0.028125 0.031250
0 0.781250 0.087500 0.031250 0.031250
0 0.967187 0.348438 0.028125 0.028125
0 0.932813 0.157812 0.028125 0.028125
0 0.640625 0.671875 0.031250 0.031250
0 0.831250 0.215625 0.031250 0.031250
0 0.790625 0.257812 0.031250 0.028125
0 0.865625 0.653125 0.031250 0.031250
0 0.534375 0.895312 0.031250 0.028125
0 0.915625 0.220312 0.031250 0.028125
0 0.642188 0.550000 0.028125 0.031250
0 0.728125 0.278125 0.031250 0.031250
0 0.587500 0.654687 0.031250 0.028125
0 0.634375 0.225000 0.031250 0.031250
0 0.640625 0.189062 0.031250 0.028125
0 0.851562 0.437500 0.028125 0.031250
0 0.693750 0.825000 0.031250 0.031250
0 0.804688 0.392188 0.028125 0.028125
0 0.618750 0.735938 0.031250 0.028125
0 0.867188 0.720313 0.028125 0.028125
0 0.782813 0.570312 0.028125 0.028125
0 0.665625 0.573438 0.031250 0.028125
0 0.817187 0.445312 0.028125 0.028125
0 0.959375 0.578125 0.031250 0.031250
0 0.459375 0.671875 0.031250 0.031250
0 0.826562 0.414062 0.028125 0.028125
0 0.731250 0.642188 0.031250 0.028125
0 0.956250 0.181250 0.031250 0.031250
0 0.784375 0.646875 0.031250 0.031250
0 0.923438 0.751563 0.028125 0.028125
0 0.670312 0.842187 0.028125 0.028125
0 0.935937 0.556250 0.028125 0.031250
0 0.665625 0.771875 0.031250 0.031250
0 0.779687 0.739062 0.028125 0.028125
0 0.973437 0.431250 0.028125 0.031250
0 0.509375 0.625000 0.031250 0.031250
0 0.782813 0.289062 0.028125 0.028125
0 0.904687 0.165625 0.028125 0.031250
0 0.839063 0.706250 0.028125 0.031250
0 0.604688 0.237500 0.028125 0.031250
0 0.668750 0.806250 0.031250 0.031250
0 0.800000 0.228125 0.031250 0.031250
0 0.551562 0.745313 0.028125 0.028125
0 0.490625 0.668750 0.031250 0.031250
0 0.687500 0.362500 0.031250 0.031250
0 0.453125 0.615625 0.031250 0.031250
0 0.671875 0.875000 0.031250 0.031250
0 0.764062 0.151562 0.028125 0.028125
0 0.867188 0.817187 0.028125 0.028125
0 0.837500 0.300000 0.031250 0.031250
0 0.968750 0.546875 0.031250 0.031250
0 0.784375 0.454688 0.031250 0.028125
0 0.665625 0.337500 0.031250 0.031250
0 0.698438 0.857812 0.028125 0.028125
0 0.740625 0.406250 0.031250 0.031250
0 0.785937 0.175000 0.028125 0.031250
0 0.692187 0.201563 0.028125 0.028125
0 0.443750 0.646875 0.031250 0.031250
0 0.648438 0.640625 0.028125 0.031250
0 0.848437 0.551562 0.028125 0.028125
0 0.801562 0.110937 0.028125 0.028125
0 0.478125 0.635938 0.031250 0.028125
0 0.603125 0.356250 0.031250 0.031250
0 0.807813 0.476562 0.028125 0.028125
0 0.823438 0.248438 0.028125 0.028125
0 0.962500 0.262500 0.031250 0.031250
0 0.800000 0.504687 0.031250 0.028125
0 0.534375 0.407813 0.031250 0.028125
0 0.779687 0.775000 0.028125 0.031250
0 0.639062 0.071875 0.028125 0.031250
0 0.775000 0.603125 0.031250 0.031250
0 0.610938 0.325000 0.028125 0.031250
0 0.550000 0.832812 0.031250 0.028125
0 0.706250 0.253125 0.031250 0.031250
0 0.756250 0.887500 0.031250 0.031250
0 0.898438 0.800000 0.028125 0.031250
0 0.921875 0.687500 0.031250 0.031250
0 0.959375 0.378125 0.031250 0.031250
0 0.634375 0.346875 0.031250 0.031250
0 0.650000 0.284375 0.031250 0.031250
0 0.657813 0.368750 0.028125 0.031250
0 0.728125 0.553125 0.031250 0.031250
0 0.773438 0.317188 0.028125 0.028125
0 0.643750 0.823438 0.031250 0.028125
0 0.875000 0.260937 0.031250 0.028125
0 0.873437 0.376563 0.028125 0.028125
0 0.617188 0.909375 0.028125 0.031250
0 0.753125 0.790625 0.031250 0.031250
0 0.579688 0.828125 0.028125 0.031250
0 0.567187 0.160938 0.028125 0.028125
0 0.870313 0.615625 0.028125 0.031250
0 0.503125 0.901563 0.031250 0.028125
0 0.584375 0.743750 0.031250 0.031250
0 0.823438 0.529687 0.028125 0.028125
0 0.510938 0.695312 0.028125 0.028125
0 0.795312 0.420312 0.028125 0.028125
0 0.660937 0.210938 0.028125 0.028125
0 0.757812 0.267188 0.028125 0.028125
0 0.409375 0.653125 0.031250 0.031250
0 0.615625 0.940625 0.031250 0.031250
0 0.525000 0.925000 0.031250 0.031250
0 0.806250 0.725000 0.031250 0.031250
0 0.720313 0.354687 0.028125 0.028125
0 0.579688 0.214062 0.028125 0.028125
0 0.521875 0.657813 0.031250 0.034375
0 0.768750 0.235937 0.031250 0.028125
0 0.812500 0.664062 0.031250 0.028125
0 0.618750 0.529687 0.031250 0.028125
0 0.779687 0.204687 0.028125 0.028125
0 0.607812 0.679688 0.028125 0.028125
0 0.754687 0.662500 0.028125 0.031250
0 0.731250 0.971875 0.031250 0.031250
0 0.851562 0.353125 0.028125 0.031250
0 0.576562 0.685937 0.028125 0.028125
0 0.728125 0.320312 0.031250 0.028125
0 0.629687 0.704688 0.028125 0.028125
0 0.893750 0.395313 0.031250 0.028125
0 0.565625 0.629687 0.031250 0.028125
0 0.928125 0.589063 0.031250 0.028125
0 0.962500 0.464062 0.031250 0.028125
0 0.596875 0.507812 0.025000 0.028125
0 0.657813 0.606250 0.028125 0.031250
0 0.443750 0.790625 0.031250 0.031250
0 0.562500 0.800000 0.031250 0.031250
0 0.889062 0.514062 0.028125 0.028125
0 0.920312 0.304688 0.028125 0.028125
0 0.593750 0.268750 0.031250 0.031250
0 0.714063 0.384375 0.028125 0.031250
0 0.742188 0.128125 0.028125 0.031250
0 0.515625 0.589063 0.031250 0.028125
0 0.671875 0.309375 0.031250 0.031250
0 0.629687 0.582812 0.028125 0.028125
0 0.484375 0.603125 0.031250 0.031250
0 0.640625 0.859375 0.031250 0.031250
0 0.542188 0.689063 0.028125 0.028125
0 0.807813 0.696875 0.028125 0.031250
0 0.564063 0.715625 0.028125 0.031250
0 0.689063 0.720313 0.028125 0.028125
0 0.976562 0.315625 0.028125 0.031250
0 0.953125 0.735938 0.031250 0.028125
0 0.945312 0.325000 0.028125 0.031250
0 0.589063 0.181250 0.028125 0.031250
0 0.564063 0.400000 0.028125 0.031250
0 0.757812 0.065625 0.028125 0.031250
0 0.964063 0.893750 0.028125 0.031250
0 0.759375 0.953125 0.031250 0.031250
0 0.754687 0.460938 0.028125 0.028125
0 0.576562 0.945312 0.028125 0.028125
0 0.465625 0.729688 0.031250 0.028125
0 0.820312 0.160938 0.028125 0.028125
0 0.717187 0.223438 0.028125 0.028125
0 0.925000 0.815625 0.031250 0.031250
0 0.810937 0.854688 0.028125 0.028125
0 0.567187 0.889062 0.028125 0.028125
0 0.703125 0.168750 0.031250 0.031250
0 0.335938 0.378125 0.034375 0.031250
0 0.842187 0.675000 0.028125 0.031250
0 0.807813 0.621875 0.028125 0.031250
0 0.923438 0.784375 0.028125 0.031250
0 0.626563 0.378125 0.028125 0.031250
0 0.773438 0.400000 0.028125 0.031250
0 0.728125 0.939063 0.031250 0.028125
0 0.710938 0.618750 0.028125 0.031250
0 0.868750 0.785937 0.031250 0.028125
0 0.501563 0.417187 0.028125 0.028125
0 0.625000 0.018750 0.031250 0.031250
0 0.520312 0.751563 0.028125 0.028125
0 0.587500 0.539062 0.031250 0.028125
0 0.910937 0.332813 0.028125 0.028125
0 0.934375 0.354687 0.031250 0.028125
0 0.860938 0.321875 0.028125 0.031250
0 0.723437 0.192188 0.028125 0.028125
0 0.723437 0.807813 0.028125 0.028125
0 0.564063 0.517188 0.028125 0.028125
0 0.790625 0.535937 0.031250 0.028125
0 0.953125 0.800000 0.031250 0.031250
0 0.548438 0.460938 0.028125 0.028125
0 0.571875 0.367188 0.031250 0.028125
0 0.587500 0.421875 0.031250 0.031250
0 0.635938 0.760938 0.028125 0.028125
0 0.964063 0.928125 0.028125 0.031250
0 0.617188 0.050000 0.028125 0.031250
0 0.732812 0.160938 0.028125 0.028125
0 0.421875 0.618750 0.031250 0.031250
0 0.571875 0.596875 0.031250 0.031250
0 0.910937 0.134375 0.028125 0.031250
0 0.542188 0.773438 0.028125 0.028125
0 0.832812 0.101562 0.028125 0.028125
0 0.593750 0.146875 0.031250 0.031250
0 0.720313 0.582812 0.028125 0.028125
0 0.810937 0.079687 0.028125 0.028125
0 0.953125 0.703125 0.031250 0.031250
0 0.565625 0.975000 0.031250 0.031250
0 0.895312 0.832812 0.028125 0.028125
0 0.746875 0.214062 0.031250 0.028125
0 0.868750 0.689063 0.031250 0.028125
0 0.754687 0.182812 0.028125 0.028125
0 0.670312 0.064062 0.028125 0.028125
0 0.726562 0.675000 0.028125 0.031250
0 0.545312 0.376563 0.028125 0.028125
0 0.618750 0.290625 0.031250 0.031250
0 0.545312 0.951562 0.028125 0.028125
0 0.576562 0.857812 0.028125 0.028125
0 0.626563 0.498437 0.028125 0.028125
0 0.839063 0.835938 0.028125 0.028125
0 0.671875 0.176563 0.031250 0.028125
0 0.810937 0.820312 0.028125 0.028125
0 0.493750 0.567187 0.031250 0.028125
0 0.750000 0.340625 0.031250 0.031250
0 0.448437 0.704688 0.028125 0.028125
0 0.842187 0.581250 0.028125 0.031250
0 0.607812 0.764062 0.028125 0.028125
0 0.782813 0.806250 0.028125 0.031250
0 0.526563 0.442188 0.028125 0.028125
0 0.750000 0.726562 0.031250 0.028125
0 0.951562 0.671875 0.028125 0.031250
0 0.760938 0.545312 0.028125 0.028125
0 0.890625 0.115625 0.031250 0.031250
0 0.642188 0.314063 0.028125 0.028125
0 0.704688 0.531250 0.028125 0.031250
0 0.648438 0.518750 0.028125 0.031250
0 0.940625 0.442188 0.031250 0.028125
0 0.926562 0.389062 0.028125 0.028125
0 0.867188 0.292187 0.028125 0.028125
0 0.917188 0.420312 0.028125 0.028125
0 0.945312 0.207813 0.028125 0.028125
0 0.807813 0.592187 0.028125 0.028125
0 0.525000 0.557813 0.031250 0.028125
0 0.639062 0.432812 0.028125 0.028125
0 0.848437 0.154688 0.028125 0.028125
0 0.818750 0.048438 0.031250 0.028125
0 0.840625 0.068750 0.031250 0.031250
0 0.484375 0.964063 0.031250 0.028125
0 0.514062 0.384375 0.028125 0.031250
0 0.650000 0.401562 0.031250 0.028125
0 0.610938 0.445312 0.028125 0.028125
0 0.581250 0.453125 0.031250 0.031250
0 0.642188 0.959375 0.034375 0.031250
0 0.723437 0.773438 0.028125 0.028125
0 0.926562 0.850000 0.028125 0.031250
0 0.779687 0.482812 0.028125 0.028125
0 0.423438 0.501563 0.028125 0.028125
0 0.873437 0.457813 0.028125 0.028125
0 0.959375 0.862500 0.031250 0.031250
0 0.592187 0.026562 0.028125 0.028125
0 0.698438 0.445312 0.028125 0.028125
0 0.429688 0.679688 0.028125 0.028125
0 0.782813 0.837500 0.028125 0.031250
0 0.537500 0.612500 0.031250 0.031250
0 0.743750 0.376563 0.031250 0.028125
0 0.754687 0.854688 0.028125 0.028125
0 0.607812 0.560937 0.028125 0.028125
0 0.950000 0.640625 0.031250 0.031250
0 0.976562 0.517188 0.028125 0.028125
0 0.781250 0.901563 0.031250 0.028125
0 0.673438 0.939063 0.028125 0.028125
0 0.470313 0.543750 0.028125 0.031250
0 0.700000 0.956250 0.031250 0.031250
0 0.751563 0.757812 0.028125 0.028125
0 0.571875 0.485938 0.025000 0.028125
0 0.839063 0.185938 0.028125 0.028125
0 0.603125 0.590625 0.031250 0.031250
0 0.500000 0.535937 0.031250 0.028125
0 0.810937 0.884375 0.028125 0.031250
0 0.431250 0.587500 0.025000 0.025000
0 0.512500 0.960938 0.031250 0.028125
0 0.514062 0.870313 0.028125 0.028125
0 0.953125 0.610938 0.031250 0.028125
0 0.675000 0.971875 0.031250 0.031250
0 0.681250 0.395313 0.031250 0.028125
0 0.700000 0.053125 0.031250 0.031250
0 0.598437 0.882812 0.028125 0.028125
0 0.934375 0.878125 0.031250 0.031250
0 0.492188 0.448437 0.028125 0.028125
0 0.632812 0.104688 0.028125 0.028125
0 0.737500 0.525000 0.031250 0.031250
0 0.553125 0.659375 0.031250 0.031250
0 0.545312 0.581250 0.028125 0.031250
0 0.695312 0.084375 0.028125 0.031250
0 0.479687 0.698438 0.028125 0.028125
0 0.890625 0.312500 0.031250 0.031250
0 0.718750 0.106250 0.031250 0.031250
0 0.518750 0.351562 0.025000 0.028125
0 0.865625 0.090625 0.031250 0.031250
0 0.764062 0.429688 0.028125 0.028125
0 0.601562 0.114062 0.028125 0.028125
0 0.607812 0.081250 0.028125 0.031250
0 0.710938 0.135937 0.028125 0.028125
0 0.614062 0.821875 0.028125 0.031250
0 0.625000 0.135937 0.031250 0.028125
0 0.570312 0.123438 0.028125 0.028125
0 0.937500 0.943750 0.031250 0.031250
0 0.456250 0.759375 0.031250 0.031250
0 0.685937 0.479687 0.028125 0.028125
0 0.937500 0.912500 0.031250 0.031250
0 0.556250 0.551562 0.031250 0.028125
0 0.601562 0.476562 0.028125 0.028125
0 0.645312 0.159375 0.028125 0.031250
0 0.462500 0.579688 0.031250 0.028125
0 0.753125 0.695312 0.031250 0.028125
0 0.721875 0.743750 0.031250 0.031250
0 0.679688 0.510938 0.028125 0.028125
0 0.554688 0.920312 0.028125 0.028125
0 0.809375 0.915625 0.031250 0.031250
0 0.390625 0.626563 0.031250 0.028125
0 0.782813 0.679688 0.028125 0.028125
0 0.617188 0.167187 0.028125 0.028125
0 0.579688 0.332813 0.028125 0.028125
0 0.495312 0.329688 0.028125 0.028125
0 0.489063 0.360938 0.028125 0.028125
0 0.679688 0.031250 0.028125 0.031250
0 0.764062 0.032813 0.028125 0.028125
0 0.701562 0.417187 0.028125 0.028125
0 0.785937 0.054688 0.028125 0.028125
0 0.648438 0.040625 0.028125 0.031250
0 0.581250 0.570312 0.031250 0.028125
0 0.842187 0.467187 0.028125 0.028125
0 0.542188 0.135937 0.028125 0.028125
0 0.779687 0.868750 0.028125 0.031250
0 0.454688 0.492188 0.028125 0.028125
0 0.807813 0.195312 0.028125 0.028125
0 0.618750 0.410938 0.025000 0.028125
0 0.464062 0.817187 0.028125 0.028125
0 0.471875 0.425000 0.031250 0.031250
0 0.978125 0.687500 0.031250 0.031250
0 0.573438 0.770312 0.028125 0.028125
0 0.446875 0.523438 0.025000 0.028125
0 0.534375 0.167187 0.025000 0.021875
0 0.868750 0.848437 0.025000 0.028125
0 0.712500 0.498437 0.031250 0.028125
0 0.540625 0.493750 0.025000 0.025000
0 0.532813 0.290625 0.028125 0.031250
0 0.585938 0.301563 0.028125 0.028125
0 0.839063 0.867188 0.028125 0.028125
0 0.570312 0.248438 0.028125 0.028125
0 0.520312 0.473438 0.028125 0.028125
0 0.485938 0.482812 0.028125 0.028125
0 0.660937 0.095312 0.028125 0.028125
0 0.660937 0.489063 0.028125 0.028125
0 0.412500 0.056250 0.031250 0.031250
