0 0.584375 0.064062 0.031250 0.028125
0 0.575000 0.181250 0.031250 0.031250
0 0.581250 0.353125 0.031250 0.031250
0 0.962500 0.431250 0.037500 0.037500
0 0.906250 0.234375 0.031250 0.031250
0 0.606250 0.175000 0.031250 0.031250
0 0.881250 0.818750 0.031250 0.031250
0 0.815625 0.818750 0.031250 0.031250
0 0.890625 0.745313 0.031250 0.034375
0 0.929688 0.846875 0.034375 0.031250
0 0.929688 0.282813 0.028125 0.028125
0 0.925000 0.746875 0.031250 0.031250
0 0.815625 0.654687 0.031250 0.028125
0 0.898438 0.779687 0.034375 0.034375
0 0.831250 0.850000 0.031250 0.031250
0 0.896875 0.850000 0.031250 0.031250
0 0.875000 0.343750 0.031250 0.031250
0 0.945312 0.660937 0.028125 0.028125
0 0.876563 0.714063 0.034375 0.034375
0 0.862500 0.850000 0.031250 0.031250
0 0.834375 0.787500 0.031250 0.031250
0 0.854688 0.759375 0.034375 0.031250
0 0.815625 0.345313 0.031250 0.028125
0 0.640625 0.557813 0.031250 0.028125
0 0.718750 0.646875 0.031250 0.031250
0 0.882812 0.601562 0.028125 0.028125
0 0.875000 0.250000 0.031250 0.031250
0 0.676562 0.328125 0.028125 0.031250
0 0.896875 0.631250 0.031250 0.031250
0 0.843750 0.328125 0.031250 0.031250
0 0.750000 0.706250 0.031250 0.031250
0 0.684375 0.643750 0.031250 0.031250
0 0.714063 0.701562 0.028125 0.028125
0 0.904687 0.201563 0.028125 0.028125
0 0.812500 0.450000 0.031250 0.031250
0 0.818750 0.212500 0.031250 0.031250
0 0.698438 0.418750 0.028125 0.031250
0 0.962500 0.690625 0.031250 0.031250
0 0.518750 0.371875 0.031250 0.031250
0 0.634375 0.414062 0.031250 0.028125
0 0.775000 0.509375 0.031250 0.031250
0 0.615625 0.443750 0.031250 0.031250
0 0.912500 0.881250 0.031250 0.031250
0 0.935937 0.520312 0.028125 0.028125
0 0.656250 0.587500 0.031250 0.031250
0 0.946875 0.807813 0.031250 0.034375
0 0.798438 0.846875 0.028125 0.031250
0 0.795312 0.735938 0.028125 0.028125
0 0.675000 0.559375 0.031250 0.031250
0 0.578125 0.553125 0.031250 0.031250
0 0.681250 0.446875 0.031250 0.031250
0 0.703125 0.615625 0.031250 0.031250
0 0.781250 0.706250 0.031250 0.031250
0 0.845313 0.262500 0.028125 0.031250
0 0.832812 0.626563 0.028125 0.028125
0 0.664062 0.473438 0.028125 0.028125
0 0.759375 0.407813 0.031250 0.028125
0 0.914062 0.810937 0.034375 0.034375
0 0.792188 0.482812 0.028125 0.028125
0 0.732812 0.359375 0.028125 0.031250
0 0.742188 0.507812 0.028125 0.028125
0 0.959375 0.267188 0.031250 0.028125
0 0.850000 0.818750 0.031250 0.031250
0 0.645312 0.340625 0.028125 0.031250
0 0.760938 0.243750 0.028125 0.031250
0 0.456250 0.581250 0.031250 0.031250
0 0.812500 0.765625 0.031250 0.031250
0 0.770312 0.565625 0.028125 0.031250
0 0.851562 0.598437 0.028125 0.028125
0 0.835938 0.571875 0.028125 0.031250
0 0.642188 0.109375 0.034375 0.031250
0 0.789062 0.359375 0.028125 0.031250
0 0.929688 0.378125 0.028125 0.031250
0 0.806250 0.510938 0.031250 0.028125
0 0.732812 0.292187 0.028125 0.028125
0 0.957812 0.300000 0.028125 0.031250
0 0.801562 0.623437 0.028125 0.028125
0 0.901563 0.573438 0.028125 0.028125
0 0.760938 0.276562 0.028125 0.028125
0 0.707812 0.504687 0.028125 0.028125
0 0.626563 0.526563 0.028125 0.028125
0 0.653125 0.642188 0.031250 0.028125
0 0.646875 0.175000 0.031250 0.031250
0 0.646875 0.375000 0.031250 0.031250
0 0.609375 0.554688 0.031250 0.028125
0 0.796875 0.790625 0.031250 0.031250
0 0.760938 0.373437 0.028125 0.028125
0 0.737500 0.618750 0.031250 0.031250
0 0.535937 0.220312 0.028125 0.028125
0 0.928125 0.412500 0.031250 0.031250
0 0.732812 0.326562 0.028125 0.028125
0 0.854688 0.545312 0.028125 0.028125
0 0.873437 0.517188 0.028125 0.028125
0 0.535937 0.306250 0.028125 0.031250
0 0.785937 0.425000 0.028125 0.031250
0 0.873437 0.407813 0.028125 0.028125
0 0.909375 0.714063 0.031250 0.028125
0 0.587500 0.640625 0.031250 0.031250
0 0.759375 0.340625 0.031250 0.031250
0 0.651563 0.698438 0.028125 0.028125
0 0.923438 0.481250 0.034375 0.031250
0 0.840625 0.425000 0.031250 0.031250
0 0.815625 0.376563 0.031250 0.028125
0 0.962500 0.234375 0.031250 0.031250
0 0.543750 0.553125 0.031250 0.031250
0 0.590625 0.582812 0.031250 0.028125
0 0.789062 0.260937 0.028125 0.028125
0 0.734375 0.678125 0.031250 0.031250
0 0.732812 0.389062 0.028125 0.028125
0 0.615625 0.354687 0.031250 0.028125
0 0.523438 0.696875 0.028125 0.031250
0 0.932813 0.250000 0.028125 0.031250
0 0.914062 0.662500 0.028125 0.031250
0 0.578125 0.267188 0.031250 0.028125
0 0.845313 0.360938 0.028125 0.028125
0 0.964063 0.778125 0.034375 0.031250
0 0.821875 0.542188 0.031250 0.028125
0 0.812500 0.709375 0.031250 0.031250
0 0.676562 0.503125 0.028125 0.031250
0 0.473438 0.664062 0.028125 0.028125
0 0.928125 0.314063 0.031250 0.028125
0 0.931250 0.631250 0.031250 0.031250
0 0.507812 0.665625 0.028125 0.031250
0 0.745313 0.450000 0.028125 0.031250
0 0.609375 0.260937 0.031250 0.028125
0 0.657813 0.531250 0.028125 0.031250
0 0.728125 0.478125 0.031250 0.031250
0 0.754687 0.535937 0.028125 0.028125
0 0.639062 0.670312 0.028125 0.028125
0 0.573438 0.610938 0.028125 0.028125
0 0.487500 0.376563 0.031250 0.028125
0 0.789062 0.293750 0.028125 0.031250
0 0.671875 0.615625 0.031250 0.031250
0 0.689063 0.589063 0.028125 0.028125
0 0.578125 0.095312 0.031250 0.028125
0 0.762500 0.845313 0.031250 0.034375
0 0.512500 0.550000 0.031250 0.031250
0 0.957812 0.393750 0.028125 0.031250
0 0.453125 0.293750 0.031250 0.031250
0 0.843750 0.709375 0.031250 0.031250
0 0.620313 0.642188 0.028125 0.028125
0 0.704688 0.342187 0.028125 0.028125
0 0.776563 0.454688 0.028125 0.028125
0 0.604688 0.670312 0.028125 0.028125
0 0.831250 0.681250 0.031250 0.031250
0 0.901563 0.360938 0.028125 0.028125
0 0.931250 0.778125 0.031250 0.031250
0 0.618750 0.698438 0.031250 0.028125
0 0.964063 0.578125 0.028125 0.031250
0 0.493750 0.257812 0.031250 0.028125
0 0.585938 0.440625 0.028125 0.031250
0 0.732812 0.259375 0.028125 0.031250
0 0.704688 0.309375 0.028125 0.031250
0 0.823438 0.482812 0.028125 0.028125
0 0.546875 0.273438 0.031250 0.028125
0 0.732812 0.423438 0.028125 0.028125
0 0.600000 0.725000 0.031250 0.031250
0 0.618750 0.229687 0.031250 0.028125
0 0.954688 0.495312 0.028125 0.028125
0 0.789062 0.392188 0.028125 0.028125
0 0.845313 0.296875 0.028125 0.031250
0 0.540625 0.610938 0.031250 0.028125
0 0.784375 0.595313 0.031250 0.028125
0 0.814063 0.407813 0.028125 0.028125
0 0.554688 0.696875 0.028125 0.031250
0 0.712500 0.759375 0.031250 0.031250
0 0.815625 0.278125 0.031250 0.031250
0 0.693750 0.793750 0.031250 0.031250
0 0.615625 0.753125 0.031250 0.031250
0 0.900000 0.329688 0.031250 0.028125
0 0.618750 0.321875 0.031250 0.031250
0 0.612500 0.498437 0.031250 0.028125
0 0.862500 0.682813 0.031250 0.028125
0 0.475000 0.609375 0.031250 0.031250
0 0.670312 0.673438 0.028125 0.028125
0 0.698438 0.732812 0.028125 0.028125
0 0.759375 0.309375 0.031250 0.031250
0 0.665625 0.418750 0.031250 0.031250
0 0.815625 0.309375 0.031250 0.031250
0 0.640625 0.253125 0.031250 0.031250
0 0.732812 0.732812 0.028125 0.028125
0 0.845313 0.231250 0.028125 0.031250
0 0.587500 0.695312 0.031250 0.028125
0 0.959375 0.746875 0.031250 0.031250
0 0.450000 0.550000 0.031250 0.031250
0 0.937500 0.189062 0.031250 0.028125
0 0.607812 0.610938 0.028125 0.028125
0 0.957812 0.362500 0.028125 0.031250
0 0.760938 0.790625 0.028125 0.031250
0 0.968750 0.521875 0.031250 0.031250
0 0.631250 0.281250 0.031250 0.031250
0 0.964063 0.075000 0.028125 0.031250
0 0.645312 0.075000 0.028125 0.031250
0 0.843750 0.392188 0.031250 0.028125
0 0.568750 0.412500 0.031250 0.031250
0 0.881250 0.878125 0.031250 0.031250
0 0.534375 0.465625 0.031250 0.031250
0 0.778125 0.875000 0.031250 0.031250
0 0.490625 0.693750 0.031250 0.031250
0 0.648438 0.443750 0.028125 0.031250
0 0.929688 0.345313 0.028125 0.028125
0 0.740625 0.821875 0.031250 0.031250
0 0.734375 0.228125 0.031250 0.031250
0 0.634375 0.726562 0.031250 0.028125
0 0.520312 0.432812 0.028125 0.028125
0 0.650000 0.309375 0.031250 0.031250
0 0.564063 0.525000 0.028125 0.031250
0 0.692187 0.532813 0.028125 0.028125
0 0.526563 0.337500 0.028125 0.031250
0 0.696875 0.476562 0.031250 0.028125
0 0.539062 0.667188 0.028125 0.028125
0 0.917188 0.548438 0.028125 0.028125
0 0.721875 0.589063 0.031250 0.028125
0 0.942187 0.717187 0.028125 0.028125
0 0.557813 0.581250 0.028125 0.031250
0 0.937500 0.156250 0.031250 0.031250
0 0.873437 0.310937 0.028125 0.028125
0 0.848437 0.654687 0.028125 0.028125
0 0.779687 0.764062 0.028125 0.028125
0 0.595313 0.526563 0.028125 0.028125
0 0.907813 0.171875 0.028125 0.031250
0 0.789062 0.540625 0.028125 0.031250
0 0.789062 0.325000 0.028125 0.031250
0 0.829688 0.737500 0.028125 0.031250
0 0.701562 0.673438 0.028125 0.028125
0 0.506250 0.609375 0.031250 0.031250
0 0.781250 0.818750 0.031250 0.031250
0 0.873437 0.376563 0.028125 0.028125
0 0.421875 0.640625 0.031250 0.031250
0 0.817187 0.245312 0.028125 0.028125
0 0.698438 0.071875 0.028125 0.031250
0 0.637500 0.612500 0.031250 0.031250
0 0.962500 0.850000 0.031250 0.031250
0 0.487500 0.432812 0.031250 0.028125
0 0.854688 0.489063 0.028125 0.028125
0 0.550000 0.495312 0.031250 0.028125
0 0.526563 0.581250 0.028125 0.031250
0 0.885938 0.545312 0.028125 0.028125
0 0.895312 0.685937 0.028125 0.028125
0 0.421875 0.581250 0.031250 0.031250
0 0.678125 0.292187 0.031250 0.028125
0 0.839063 0.517188 0.028125 0.028125
0 0.900000 0.425000 0.031250 0.031250
0 0.650000 0.757812 0.031250 0.028125
0 0.568750 0.298438 0.031250 0.028125
0 0.764062 0.735938 0.028125 0.028125
0 0.737500 0.560937 0.031250 0.028125
0 0.621875 0.585938 0.031250 0.028125
0 0.751563 0.650000 0.028125 0.031250
0 0.962500 0.203125 0.031250 0.031250
0 0.781250 0.651563 0.031250 0.028125
0 0.892188 0.489063 0.034375 0.034375
0 0.600000 0.412500 0.031250 0.031250
0 0.567187 0.465625 0.028125 0.031250
0 0.534375 0.129688 0.031250 0.028125
0 0.517188 0.493750 0.028125 0.031250
0 0.867188 0.573438 0.028125 0.028125
0 0.646875 0.142187 0.031250 0.034375
0 0.442188 0.665625 0.028125 0.031250
0 0.845313 0.878125 0.034375 0.031250
0 0.570312 0.667188 0.028125 0.028125
0 0.514062 0.282813 0.028125 0.028125
0 0.784375 0.087500 0.031250 0.031250
0 0.495312 0.345313 0.028125 0.028125
0 0.964063 0.634375 0.028125 0.031250
0 0.545312 0.101562 0.028125 0.028125
0 0.901563 0.296875 0.028125 0.031250
0 0.676562 0.390625 0.028125 0.031250
0 0.904687 0.267188 0.028125 0.028125
0 0.951562 0.548438 0.028125 0.028125
0 0.503125 0.226562 0.031250 0.028125
0 0.568750 0.725000 0.031250 0.031250
0 0.904687 0.518750 0.028125 0.031250
0 0.650000 0.221875 0.031250 0.031250
0 0.812500 0.875000 0.031250 0.031250
0 0.531250 0.521875 0.031250 0.031250
0 0.615625 0.090625 0.031250 0.031250
0 0.957812 0.331250 0.028125 0.031250
0 0.712500 0.448437 0.031250 0.028125
0 0.664062 0.787500 0.028125 0.031250
0 0.556250 0.331250 0.031250 0.031250
0 0.598437 0.470313 0.028125 0.028125
0 0.460938 0.262500 0.028125 0.031250
0 0.723437 0.535937 0.028125 0.028125
0 0.537500 0.406250 0.031250 0.031250
0 0.868750 0.790625 0.031250 0.031250
0 0.581250 0.756250 0.031250 0.031250
0 0.479687 0.553125 0.028125 0.031250
0 0.725000 0.790625 0.031250 0.031250
0 0.917188 0.603125 0.028125 0.031250
0 0.471875 0.143750 0.031250 0.031250
0 0.671875 0.262500 0.031250 0.031250
0 0.434375 0.518750 0.031250 0.031250
0 0.382812 0.493750 0.028125 0.031250
0 0.439063 0.609375 0.028125 0.031250
0 0.585938 0.235937 0.028125 0.028125
0 0.703125 0.278125 0.031250 0.031250
0 0.790625 0.229687 0.031250 0.028125
0 0.554688 0.242188 0.028125 0.028125
0 0.764062 0.212500 0.028125 0.031250
0 0.767188 0.678125 0.028125 0.031250
0 0.451562 0.120313 0.028125 0.028125
0 0.504687 0.314063 0.028125 0.028125
0 0.598437 0.292187 0.028125 0.028125
0 0.665625 0.728125 0.031250 0.031250
0 0.926562 0.689063 0.028125 0.028125
0 0.456250 0.635938 0.031250 0.028125
0 0.550000 0.759375 0.031250 0.031250
0 0.876563 0.215625 0.028125 0.031250
0 0.675000 0.120313 0.031250 0.028125
0 0.525000 0.075000 0.031250 0.031250
0 0.682813 0.701562 0.028125 0.028125
0 0.418750 0.490625 0.031250 0.031250
0 0.950000 0.465625 0.031250 0.031250
0 0.681250 0.757812 0.031250 0.028125
0 0.493750 0.579688 0.031250 0.028125
0 0.503125 0.050000 0.031250 0.031250
0 0.473438 0.406250 0.028125 0.031250
0 0.704688 0.375000 0.028125 0.031250
0 0.745313 0.760938 0.028125 0.028125
0 0.707812 0.560937 0.028125 0.028125
0 0.964063 0.109375 0.028125 0.031250
0 0.817187 0.596875 0.028125 0.031250
0 0.504687 0.403125 0.028125 0.031250
0 0.465625 0.521875 0.031250 0.031250
0 0.817187 0.179688 0.028125 0.028125
0 0.506250 0.725000 0.031250 0.031250
0 0.415625 0.548438 0.031250 0.028125
0 0.484375 0.115625 0.031250 0.031250
0 0.848437 0.200000 0.028125 0.031250
0 0.900000 0.392188 0.031250 0.028125
0 0.617188 0.059375 0.028125 0.031250
0 0.790625 0.196875 0.031250 0.031250
0 0.935937 0.092188 0.028125 0.028125
0 0.418750 0.300000 0.031250 0.031250
0 0.671875 0.198437 0.031250 0.028125
0 0.500000 0.462500 0.031250 0.031250
0 0.406250 0.612500 0.031250 0.031250
0 0.875000 0.278125 0.031250 0.031250
0 0.484375 0.496875 0.031250 0.031250
0 0.879687 0.654687 0.028125 0.028125
0 0.754687 0.071875 0.028125 0.031250
0 0.801562 0.570312 0.028125 0.028125
0 0.496875 0.521875 0.031250 0.031250
0 0.843750 0.456250 0.031250 0.031250
0 0.676562 0.357812 0.028125 0.028125
0 0.407813 0.157812 0.028125 0.028125
0 0.759375 0.482812 0.031250 0.028125
0 0.768750 0.620313 0.031250 0.028125
0 0.453125 0.493750 0.031250 0.031250
0 0.596875 0.206250 0.031250 0.031250
0 0.943750 0.878125 0.031250 0.031250
0 0.675000 0.157812 0.031250 0.028125
0 0.554688 0.639062 0.028125 0.028125
0 0.678125 0.231250 0.031250 0.031250
0 0.537500 0.728125 0.031250 0.031250
0 0.514062 0.195312 0.028125 0.028125
0 0.864062 0.628125 0.028125 0.031250
0 0.470313 0.464062 0.028125 0.028125
0 0.526563 0.164062 0.028125 0.028125
0 0.645312 0.501563 0.028125 0.028125
0 0.551562 0.439063 0.028125 0.028125
0 0.514062 0.107813 0.028125 0.028125
0 0.709375 0.828125 0.031250 0.031250
0 0.976562 0.664062 0.034375 0.034375
0 0.439063 0.465625 0.028125 0.031250
0 0.728125 0.089063 0.031250 0.028125
0 0.632812 0.471875 0.028125 0.031250
0 0.642188 0.040625 0.034375 0.031250
0 0.907813 0.107813 0.028125 0.028125
0 0.976562 0.820312 0.034375 0.034375
0 0.798438 0.681250 0.028125 0.031250
0 0.492188 0.170313 0.028125 0.028125
0 0.407813 0.331250 0.028125 0.031250
0 0.946875 0.604688 0.031250 0.028125
0 0.550000 0.365625 0.031250 0.031250
0 0.629687 0.784375 0.028125 0.031250
0 0.403125 0.518750 0.031250 0.031250
0 0.462500 0.089063 0.031250 0.028125
0 0.503125 0.139063 0.031250 0.028125
0 0.751563 0.589063 0.028125 0.028125
0 0.901563 0.457813 0.028125 0.028125
0 0.403125 0.460938 0.031250 0.034375
0 0.454688 0.379688 0.028125 0.028125
0 0.381250 0.543750 0.031250 0.031250
0 0.742188 0.870313 0.034375 0.034375
0 0.331250 0.423438 0.031250 0.028125
0 0.671875 0.087500 0.031250 0.031250
0 0.725000 0.056250 0.031250 0.031250
0 0.698438 0.040625 0.028125 0.031250
0 0.545312 0.189062 0.028125 0.028125
0 0.521875 0.637500 0.031250 0.031250
0 0.339062 0.456250 0.034375 0.031250
0 0.362500 0.518750 0.031250 0.031250
0 0.534375 0.045312 0.025000 0.028125
0 0.675000 0.821875 0.031250 0.031250
0 0.759375 0.104688 0.031250 0.028125
0 0.975000 0.718750 0.031250 0.031250
0 0.567187 0.126562 0.028125 0.028125
0 0.523438 0.248438 0.028125 0.028125
0 0.784375 0.164062 0.031250 0.028125
0 0.964063 0.171875 0.028125 0.031250
0 0.928125 0.443750 0.031250 0.031250
0 0.932813 0.217188 0.028125 0.028125
0 0.582812 0.498437 0.028125 0.028125
0 0.618750 0.385937 0.031250 0.028125
0 0.671875 0.054688 0.031250 0.028125
0 0.418750 0.125000 0.031250 0.031250
0 0.517188 0.753125 0.028125 0.031250
0 0.703125 0.212500 0.031250 0.031250
0 0.628125 0.201563 0.031250 0.028125
0 0.932813 0.576562 0.028125 0.028125
0 0.964063 0.139063 0.028125 0.028125
0 0.907813 0.140625 0.028125 0.031250
0 0.470313 0.229687 0.028125 0.028125
0 0.809375 0.032813 0.031250 0.028125
0 0.935937 0.123438 0.028125 0.028125
0 0.356250 0.225000 0.031250 0.031250
0 0.350000 0.490625 0.031250 0.031250
0 0.870313 0.440625 0.028125 0.031250
0 0.387500 0.581250 0.031250 0.031250
0 0.776563 0.131250 0.028125 0.031250
0 0.706250 0.245312 0.031250 0.028125
0 0.464062 0.348438 0.028125 0.028125
0 0.456250 0.437500 0.031250 0.031250
0 0.492188 0.635938 0.028125 0.028125
0 0.878125 0.184375 0.031250 0.031250
0 0.448437 0.207813 0.028125 0.028125
0 0.484375 0.284375 0.031250 0.031250
0 0.978125 0.604688 0.031250 0.028125
0 0.964063 0.042188 0.034375 0.034375
0 0.328125 0.390625 0.031250 0.031250
0 0.725000 0.021875 0.031250 0.031250
0 0.937500 0.059375 0.031250 0.031250
0 0.371875 0.465625 0.031250 0.031250
0 0.493750 0.082812 0.031250 0.028125
0 0.482812 0.201563 0.028125 0.028125
0 0.809375 0.064062 0.031250 0.028125
0 0.431250 0.353125 0.031250 0.031250
0 0.431250 0.181250 0.031250 0.031250
0 0.729688 0.120313 0.028125 0.028125
0 0.400000 0.362500 0.031250 0.031250
0 0.440625 0.323437 0.031250 0.028125
0 0.375000 0.164062 0.031250 0.028125
0 0.567187 0.214062 0.028125 0.028125
0 0.671875 0.021875 0.031250 0.031250
0 0.429688 0.268750 0.028125 0.031250
0 0.617188 0.143750 0.028125 0.031250
0 0.364063 0.432812 0.034375 0.034375
0 0.879687 0.121875 0.028125 0.031250
0 0.589063 0.321875 0.028125 0.031250
0 0.440625 0.406250 0.031250 0.031250
0 0.554688 0.067187 0.028125 0.028125
0 0.584375 0.385937 0.031250 0.028125
0 0.567187 0.035937 0.028125 0.028125
0 0.710938 0.862500 0.034375 0.031250
0 0.389062 0.304688 0.028125 0.028125
0 0.701562 0.107813 0.028125 0.028125
0 0.809375 0.146875 0.031250 0.031250
0 0.757812 0.039062 0.034375 0.034375
0 0.393750 0.426563 0.031250 0.034375
0 0.693750 0.181250 0.031250 0.031250
0 0.460938 0.179688 0.028125 0.028125
0 0.515625 0.018750 0.031250 0.031250
0 0.387500 0.131250 0.031250 0.031250
0 0.878125 0.154688 0.025000 0.028125
0 0.407813 0.668750 0.028125 0.031250
0 0.556250 0.803125 0.031250 0.031250
0 0.340625 0.259375 0.031250 0.031250
0 0.907813 0.076563 0.021875 0.021875
0 0.596875 0.032813 0.031250 0.028125
0 0.418750 0.387500 0.031250 0.031250
0 0.850000 0.168750 0.031250 0.031250
0 0.975000 0.878125 0.031250 0.031250
0 0.979688 0.553125 0.028125 0.031250
0 0.593750 0.787500 0.031250 0.031250
