0 0.525000 0.431250 0.037500 0.037500
0 0.090625 0.423438 0.031250 0.034375
0 0.667188 0.757812 0.028125 0.028125
0 0.304688 0.929688 0.028125 0.028125
0 0.771875 0.465625 0.031250 0.031250
0 0.937500 0.692187 0.031250 0.028125
0 0.242188 0.929688 0.028125 0.028125
0 0.046875 0.925000 0.031250 0.031250
0 0.160938 0.492188 0.034375 0.034375
0 0.273438 0.929688 0.028125 0.028125
0 0.904687 0.409375 0.028125 0.031250
0 0.354687 0.901563 0.028125 0.028125
0 0.178125 0.525000 0.031250 0.031250
0 0.815625 0.839063 0.031250 0.028125
0 0.059375 0.501563 0.031250 0.028125
0 0.207813 0.929688 0.028125 0.028125
0 0.906250 0.693750 0.031250 0.031250
0 0.209375 0.703125 0.031250 0.031250
0 0.848437 0.839063 0.028125 0.028125
0 0.732812 0.810937 0.028125 0.028125
0 0.885938 0.439063 0.028125 0.028125
0 0.846875 0.898438 0.031250 0.028125
0 0.131250 0.615625 0.031250 0.031250
0 0.029687 0.898438 0.028125 0.028125
0 0.751563 0.784375 0.028125 0.031250
0 0.240625 0.871875 0.031250 0.031250
0 0.601562 0.757812 0.028125 0.028125
0 0.223438 0.843750 0.028125 0.031250
0 0.943750 0.950000 0.031250 0.031250
0 0.584375 0.787500 0.031250 0.031250
0 0.684375 0.840625 0.031250 0.031250
0 0.192188 0.843750 0.028125 0.031250
0 0.864062 0.810937 0.028125 0.028125
0 0.864062 0.868750 0.028125 0.031250
0 0.812500 0.693750 0.031250 0.031250
0 0.131250 0.432812 0.031250 0.034375
0 0.259375 0.556250 0.031250 0.031250
0 0.879687 0.895312 0.028125 0.028125
0 0.778125 0.348438 0.031250 0.028125
0 0.096875 0.898438 0.031250 0.028125
0 0.079687 0.870313 0.028125 0.028125
0 0.257812 0.901563 0.028125 0.028125
0 0.734375 0.868750 0.031250 0.031250
0 0.879687 0.839063 0.028125 0.028125
0 0.128125 0.785937 0.031250 0.028125
0 0.870313 0.409375 0.028125 0.031250
0 0.701562 0.757812 0.028125 0.028125
0 0.064062 0.729688 0.028125 0.028125
0 0.078125 0.926562 0.031250 0.028125
0 0.870313 0.635938 0.028125 0.028125
0 0.257812 0.843750 0.028125 0.031250
0 0.096875 0.729688 0.031250 0.028125
0 0.887500 0.606250 0.031250 0.031250
0 0.323437 0.901563 0.028125 0.028125
0 0.242188 0.585938 0.028125 0.028125
0 0.782813 0.839063 0.028125 0.028125
0 0.192188 0.729688 0.028125 0.028125
0 0.289062 0.845313 0.028125 0.028125
0 0.937500 0.409375 0.031250 0.031250
0 0.195312 0.617188 0.028125 0.028125
0 0.084375 0.478125 0.031250 0.031250
0 0.321875 0.614062 0.031250 0.028125
0 0.181250 0.459375 0.031250 0.031250
0 0.682813 0.784375 0.028125 0.031250
0 0.742188 0.635938 0.028125 0.028125
0 0.078125 0.531250 0.031250 0.031250
0 0.839063 0.634375 0.028125 0.031250
0 0.734375 0.757812 0.031250 0.028125
0 0.723437 0.551562 0.028125 0.028125
0 0.553125 0.787500 0.031250 0.031250
0 0.095312 0.785937 0.028125 0.028125
0 0.781250 0.693750 0.031250 0.031250
0 0.421875 0.843750 0.031250 0.031250
0 0.335938 0.873437 0.028125 0.028125
0 0.765625 0.925000 0.031250 0.031250
0 0.257812 0.615625 0.028125 0.031250
0 0.160938 0.729688 0.028125 0.028125
0 0.207813 0.757812 0.028125 0.028125
0 0.748437 0.951562 0.028125 0.028125
0 0.454688 0.495312 0.028125 0.028125
0 0.176563 0.929688 0.028125 0.028125
0 0.100000 0.506250 0.031250 0.031250
0 0.403125 0.871875 0.031250 0.031250
0 0.443750 0.396875 0.031250 0.031250
0 0.370312 0.587500 0.028125 0.031250
0 0.064062 0.785937 0.028125 0.028125
0 0.875000 0.695312 0.031250 0.028125
0 0.607812 0.342187 0.028125 0.028125
0 0.904687 0.635938 0.028125 0.028125
0 0.717187 0.784375 0.028125 0.031250
0 0.209375 0.871875 0.031250 0.031250
0 0.029687 0.784375 0.028125 0.031250
0 0.273438 0.700000 0.028125 0.031250
0 0.128125 0.729688 0.031250 0.028125
0 0.651563 0.898438 0.028125 0.028125
0 0.079687 0.814063 0.028125 0.028125
0 0.570312 0.757812 0.028125 0.028125
0 0.646875 0.393750 0.031250 0.031250
0 0.375000 0.396875 0.031250 0.031250
0 0.143750 0.873437 0.031250 0.028125
0 0.810937 0.348438 0.028125 0.028125
0 0.340625 0.396875 0.031250 0.031250
0 0.287500 0.787500 0.031250 0.031250
0 0.112500 0.700000 0.031250 0.031250
0 0.421875 0.559375 0.031250 0.031250
0 0.854688 0.379688 0.028125 0.028125
0 0.046875 0.870313 0.031250 0.028125
0 0.306250 0.873437 0.031250 0.028125
0 0.240625 0.643750 0.031250 0.031250
0 0.337500 0.929688 0.025000 0.028125
0 0.112500 0.814063 0.031250 0.028125
0 0.910937 0.953125 0.028125 0.031250
0 0.112500 0.534375 0.031250 0.031250
0 0.710938 0.635938 0.028125 0.028125
0 0.443750 0.340625 0.031250 0.031250
0 0.210938 0.585938 0.028125 0.028125
0 0.423438 0.368750 0.028125 0.031250
0 0.748437 0.839063 0.028125 0.028125
0 0.129688 0.560937 0.028125 0.028125
0 0.225000 0.371875 0.031250 0.031250
0 0.226562 0.789062 0.028125 0.028125
0 0.257812 0.789062 0.028125 0.028125
0 0.304688 0.817187 0.028125 0.028125
0 0.370312 0.454688 0.028125 0.028125
0 0.373437 0.532813 0.028125 0.028125
0 0.128125 0.900000 0.031250 0.031250
0 0.273438 0.643750 0.028125 0.031250
0 0.525000 0.489063 0.031250 0.028125
0 0.306250 0.585938 0.031250 0.028125
0 0.884375 0.493750 0.031250 0.031250
0 0.470313 0.873437 0.028125 0.028125
0 0.726562 0.606250 0.028125 0.031250
0 0.492188 0.489063 0.028125 0.028125
0 0.775000 0.634375 0.031250 0.031250
0 0.046875 0.471875 0.031250 0.031250
0 0.351562 0.614062 0.028125 0.028125
0 0.754687 0.495312 0.028125 0.028125
0 0.767188 0.812500 0.028125 0.031250
0 0.032813 0.614062 0.028125 0.028125
0 0.923438 0.664062 0.028125 0.028125
0 0.946875 0.725000 0.031250 0.031250
0 0.460938 0.368750 0.028125 0.031250
0 0.146875 0.534375 0.031250 0.031250
0 0.412500 0.450000 0.031250 0.031250
0 0.504687 0.870313 0.028125 0.028125
0 0.029687 0.842187 0.028125 0.028125
0 0.831250 0.809375 0.031250 0.031250
0 0.212500 0.403125 0.031250 0.031250
0 0.935937 0.523438 0.028125 0.028125
0 0.690625 0.440625 0.031250 0.031250
0 0.334375 0.703125 0.031250 0.031250
0 0.542188 0.462500 0.028125 0.031250
0 0.179688 0.589063 0.028125 0.028125
0 0.700000 0.870313 0.031250 0.028125
0 0.240625 0.703125 0.031250 0.031250
0 0.370312 0.873437 0.028125 0.028125
0 0.143750 0.643750 0.031250 0.031250
0 0.226562 0.901563 0.028125 0.028125
0 0.682813 0.729688 0.028125 0.028125
0 0.932813 0.465625 0.028125 0.031250
0 0.337500 0.820312 0.025000 0.028125
0 0.257812 0.957812 0.028125 0.028125
0 0.617188 0.729688 0.028125 0.028125
0 0.276562 0.529687 0.028125 0.028125
0 0.390625 0.426563 0.031250 0.028125
0 0.726562 0.379688 0.034375 0.034375
0 0.898438 0.809375 0.028125 0.031250
0 0.095312 0.617188 0.028125 0.028125
0 0.064062 0.898438 0.028125 0.028125
0 0.901563 0.523438 0.028125 0.028125
0 0.935937 0.576562 0.028125 0.028125
0 0.031250 0.439063 0.031250 0.028125
0 0.437500 0.871875 0.031250 0.031250
0 0.478125 0.342187 0.031250 0.028125
0 0.112500 0.585938 0.031250 0.028125
0 0.164062 0.559375 0.028125 0.031250
0 0.164062 0.429688 0.028125 0.028125
0 0.718750 0.840625 0.031250 0.031250
0 0.353125 0.671875 0.031250 0.031250
0 0.795312 0.660937 0.028125 0.028125
0 0.439063 0.815625 0.028125 0.031250
0 0.767188 0.754687 0.028125 0.028125
0 0.192188 0.673438 0.028125 0.028125
0 0.320312 0.671875 0.028125 0.031250
0 0.593750 0.428125 0.031250 0.031250
0 0.929688 0.753125 0.028125 0.031250
0 0.842187 0.695312 0.028125 0.028125
0 0.292187 0.556250 0.028125 0.031250
0 0.618750 0.785937 0.031250 0.028125
0 0.110937 0.643750 0.028125 0.031250
0 0.667188 0.814063 0.028125 0.028125
0 0.192188 0.900000 0.028125 0.031250
0 0.226562 0.614062 0.028125 0.028125
0 0.289062 0.614062 0.028125 0.028125
0 0.192188 0.785937 0.028125 0.028125
0 0.632812 0.870313 0.028125 0.028125
0 0.143750 0.403125 0.031250 0.031250
0 0.868750 0.465625 0.031250 0.031250
0 0.706250 0.470313 0.031250 0.028125
0 0.145313 0.587500 0.028125 0.031250
0 0.889062 0.665625 0.028125 0.031250
0 0.953125 0.550000 0.031250 0.031250
0 0.917188 0.495312 0.028125 0.028125
0 0.109375 0.396875 0.031250 0.031250
0 0.245312 0.470313 0.028125 0.028125
0 0.815625 0.726562 0.031250 0.028125
0 0.225000 0.671875 0.031250 0.031250
0 0.079687 0.643750 0.028125 0.031250
0 0.160938 0.785937 0.028125 0.028125
0 0.576562 0.343750 0.028125 0.031250
0 0.417187 0.790625 0.028125 0.031250
0 0.678125 0.637500 0.031250 0.031250
0 0.064062 0.614062 0.028125 0.028125
0 0.351562 0.734375 0.028125 0.031250
0 0.043750 0.531250 0.031250 0.031250
0 0.489063 0.900000 0.028125 0.031250
0 0.243750 0.526563 0.031250 0.028125
0 0.176563 0.759375 0.028125 0.031250
0 0.781250 0.725000 0.031250 0.031250
0 0.618750 0.842187 0.031250 0.028125
0 0.384375 0.790625 0.031250 0.031250
0 0.106250 0.453125 0.031250 0.031250
0 0.773438 0.523438 0.028125 0.028125
0 0.968750 0.579688 0.031250 0.028125
0 0.701562 0.925000 0.028125 0.031250
0 0.401562 0.587500 0.028125 0.031250
0 0.337500 0.587500 0.031250 0.031250
0 0.193750 0.371875 0.031250 0.031250
0 0.160938 0.617188 0.028125 0.028125
0 0.321875 0.790625 0.031250 0.031250
0 0.354687 0.557813 0.028125 0.028125
0 0.929688 0.923438 0.028125 0.028125
0 0.703125 0.814063 0.031250 0.028125
0 0.823438 0.550000 0.028125 0.031250
0 0.142187 0.340625 0.028125 0.031250
0 0.889062 0.379688 0.028125 0.028125
0 0.150000 0.459375 0.031250 0.031250
0 0.143750 0.926562 0.031250 0.028125
0 0.359375 0.503125 0.031250 0.031250
0 0.854688 0.550000 0.028125 0.031250
0 0.079687 0.759375 0.028125 0.031250
0 0.290625 0.901563 0.031250 0.028125
0 0.914062 0.837500 0.028125 0.031250
0 0.635938 0.926562 0.028125 0.028125
0 0.685937 0.898438 0.028125 0.028125
0 0.207813 0.814063 0.028125 0.028125
0 0.792188 0.378125 0.028125 0.031250
0 0.159375 0.842187 0.031250 0.028125
0 0.128125 0.842187 0.031250 0.028125
0 0.570312 0.815625 0.028125 0.031250
0 0.739062 0.523438 0.028125 0.028125
0 0.920312 0.379688 0.028125 0.028125
0 0.823438 0.378125 0.028125 0.031250
0 0.454688 0.900000 0.028125 0.031250
0 0.359375 0.365625 0.031250 0.031250
0 0.304688 0.643750 0.028125 0.031250
0 0.898438 0.867188 0.028125 0.028125
0 0.871875 0.353125 0.031250 0.031250
0 0.368750 0.645312 0.031250 0.028125
0 0.798438 0.925000 0.028125 0.031250
0 0.179688 0.401562 0.028125 0.028125
0 0.143750 0.759375 0.031250 0.031250
0 0.848437 0.726562 0.028125 0.028125
0 0.270313 0.759375 0.028125 0.031250
0 0.885938 0.550000 0.028125 0.031250
0 0.734375 0.925000 0.031250 0.031250
0 0.415625 0.626563 0.031250 0.028125
0 0.750000 0.898438 0.031250 0.028125
0 0.565625 0.700000 0.031250 0.031250
0 0.273438 0.875000 0.028125 0.031250
0 0.487500 0.437500 0.031250 0.031250
0 0.543750 0.343750 0.031250 0.031250
0 0.510938 0.342187 0.028125 0.028125
0 0.415625 0.681250 0.025000 0.025000
0 0.471875 0.465625 0.031250 0.031250
0 0.062500 0.557813 0.031250 0.028125
0 0.406250 0.396875 0.031250 0.031250
0 0.160938 0.900000 0.028125 0.031250
0 0.029687 0.670312 0.028125 0.028125
0 0.475000 0.409375 0.031250 0.031250
0 0.628125 0.698438 0.031250 0.028125
0 0.131250 0.506250 0.031250 0.031250
0 0.914062 0.726562 0.028125 0.028125
0 0.535937 0.870313 0.028125 0.028125
0 0.603125 0.926562 0.031250 0.028125
0 0.759375 0.604688 0.031250 0.028125
0 0.045312 0.757812 0.028125 0.028125
0 0.143750 0.700000 0.031250 0.031250
0 0.095312 0.842187 0.028125 0.028125
0 0.756250 0.550000 0.031250 0.031250
0 0.256250 0.673438 0.031250 0.028125
0 0.609375 0.396875 0.031250 0.031250
0 0.625000 0.370312 0.031250 0.028125
0 0.470313 0.926562 0.028125 0.028125
0 0.045312 0.814063 0.028125 0.028125
0 0.717187 0.898438 0.028125 0.028125
0 0.385937 0.617188 0.028125 0.028125
0 0.079687 0.587500 0.028125 0.031250
0 0.259375 0.440625 0.031250 0.031250
0 0.323437 0.957812 0.028125 0.028125
0 0.225000 0.439063 0.031250 0.028125
0 0.723437 0.495312 0.028125 0.028125
0 0.853125 0.437500 0.031250 0.031250
0 0.920312 0.607812 0.028125 0.028125
0 0.176563 0.870313 0.028125 0.028125
0 0.323437 0.368750 0.028125 0.031250
0 0.790625 0.606250 0.031250 0.031250
0 0.951562 0.495312 0.028125 0.028125
0 0.946875 0.781250 0.031250 0.031250
0 0.428125 0.423438 0.031250 0.028125
0 0.407813 0.340625 0.028125 0.031250
0 0.518750 0.732812 0.025000 0.028125
0 0.373437 0.929688 0.028125 0.028125
0 0.175000 0.345313 0.031250 0.028125
0 0.879687 0.951562 0.028125 0.028125
0 0.273438 0.585938 0.028125 0.028125
0 0.026562 0.500000 0.028125 0.031250
0 0.968750 0.696875 0.031250 0.031250
0 0.289062 0.957812 0.028125 0.028125
0 0.145313 0.814063 0.028125 0.028125
0 0.431250 0.710938 0.025000 0.028125
0 0.195312 0.495312 0.028125 0.028125
0 0.832812 0.868750 0.028125 0.025000
0 0.779687 0.954688 0.028125 0.028125
0 0.676562 0.523438 0.028125 0.028125
0 0.028125 0.953125 0.031250 0.031250
0 0.690625 0.551562 0.031250 0.028125
0 0.951562 0.439063 0.028125 0.028125
0 0.260937 0.500000 0.028125 0.031250
0 0.126562 0.954688 0.028125 0.028125
0 0.159375 0.956250 0.031250 0.031250
0 0.354687 0.425000 0.028125 0.031250
0 0.401562 0.817187 0.028125 0.028125
0 0.489063 0.842187 0.028125 0.028125
0 0.650000 0.729688 0.031250 0.028125
0 0.884375 0.725000 0.031250 0.031250
0 0.057813 0.421875 0.028125 0.031250
0 0.121875 0.481250 0.031250 0.031250
0 0.717187 0.951562 0.028125 0.028125
0 0.898438 0.756250 0.028125 0.031250
0 0.335938 0.762500 0.028125 0.031250
0 0.718750 0.728125 0.031250 0.031250
0 0.289062 0.729688 0.028125 0.028125
0 0.112500 0.759375 0.031250 0.031250
0 0.351562 0.848437 0.028125 0.028125
0 0.046875 0.700000 0.031250 0.031250
0 0.634375 0.759375 0.031250 0.031250
0 0.690625 0.498437 0.031250 0.028125
0 0.112500 0.870313 0.031250 0.028125
0 0.642188 0.526563 0.028125 0.028125
0 0.895312 0.923438 0.028125 0.028125
0 0.503125 0.704688 0.031250 0.028125
0 0.178125 0.643750 0.031250 0.031250
0 0.454688 0.845313 0.028125 0.028125
0 0.064062 0.842187 0.028125 0.028125
0 0.951562 0.609375 0.028125 0.031250
0 0.575000 0.400000 0.031250 0.031250
0 0.920312 0.439063 0.028125 0.028125
0 0.384375 0.681250 0.031250 0.031250
0 0.459375 0.543750 0.031250 0.031250
0 0.254688 0.729688 0.028125 0.028125
0 0.828125 0.665625 0.031250 0.031250
0 0.387500 0.559375 0.031250 0.031250
0 0.601562 0.815625 0.028125 0.031250
0 0.789062 0.495312 0.028125 0.028125
0 0.223438 0.957812 0.028125 0.028125
0 0.543750 0.400000 0.031250 0.031250
0 0.632812 0.423438 0.028125 0.028125
0 0.404687 0.532813 0.028125 0.028125
0 0.271875 0.390625 0.031250 0.031250
0 0.243750 0.412500 0.031250 0.031250
0 0.800000 0.812500 0.031250 0.031250
0 0.854688 0.607812 0.028125 0.028125
0 0.806250 0.578125 0.031250 0.031250
0 0.670312 0.868750 0.028125 0.031250
0 0.746875 0.346875 0.031250 0.031250
0 0.431250 0.654687 0.025000 0.028125
0 0.526563 0.371875 0.028125 0.031250
0 0.657813 0.698438 0.028125 0.028125
0 0.707812 0.581250 0.028125 0.031250
0 0.451562 0.956250 0.028125 0.031250
0 0.351562 0.789062 0.028125 0.028125
0 0.095312 0.956250 0.028125 0.031250
0 0.596875 0.701562 0.031250 0.028125
0 0.837500 0.578125 0.031250 0.031250
0 0.534375 0.701562 0.031250 0.028125
0 0.823438 0.604688 0.028125 0.028125
0 0.479687 0.682813 0.028125 0.028125
0 0.585938 0.898438 0.028125 0.028125
0 0.643750 0.637500 0.031250 0.031250
0 0.842187 0.351562 0.028125 0.028125
0 0.437500 0.521875 0.031250 0.031250
0 0.912500 0.896875 0.031250 0.031250
0 0.765625 0.317188 0.031250 0.034375
0 0.418750 0.900000 0.031250 0.031250
0 0.128125 0.673438 0.031250 0.028125
0 0.304688 0.759375 0.028125 0.031250
0 0.806250 0.464062 0.031250 0.028125
0 0.679688 0.340625 0.028125 0.031250
0 0.689063 0.698438 0.028125 0.028125
0 0.821875 0.437500 0.031250 0.031250
0 0.392188 0.506250 0.028125 0.031250
0 0.075000 0.396875 0.031250 0.031250
0 0.323437 0.557813 0.028125 0.028125
0 0.392188 0.368750 0.028125 0.031250
0 0.506250 0.400000 0.031250 0.031250
0 0.257812 0.364063 0.028125 0.028125
0 0.704688 0.667188 0.028125 0.028125
0 0.560937 0.373437 0.028125 0.028125
0 0.720313 0.696875 0.028125 0.031250
0 0.759375 0.381250 0.031250 0.031250
0 0.096875 0.673438 0.031250 0.028125
0 0.870313 0.576562 0.028125 0.028125
0 0.175000 0.703125 0.031250 0.031250
0 0.239063 0.759375 0.028125 0.031250
0 0.032813 0.729688 0.028125 0.028125
0 0.557813 0.489063 0.028125 0.028125
0 0.803125 0.407813 0.031250 0.028125
0 0.212500 0.468750 0.031250 0.031250
0 0.159375 0.376563 0.031250 0.028125
0 0.593750 0.371875 0.031250 0.031250
0 0.675000 0.581250 0.031250 0.031250
0 0.882812 0.782813 0.028125 0.028125
0 0.968750 0.409375 0.031250 0.031250
0 0.551562 0.729688 0.028125 0.028125
0 0.657813 0.554688 0.028125 0.028125
0 0.625000 0.553125 0.031250 0.031250
0 0.754687 0.439063 0.028125 0.028125
0 0.389062 0.901563 0.028125 0.028125
0 0.965625 0.523438 0.031250 0.028125
0 0.060937 0.954688 0.028125 0.028125
0 0.421875 0.493750 0.031250 0.031250
0 0.070312 0.450000 0.028125 0.031250
0 0.292187 0.501563 0.028125 0.028125
0 0.807813 0.634375 0.028125 0.031250
0 0.212500 0.526563 0.031250 0.028125
0 0.196875 0.431250 0.031250 0.031250
0 0.535937 0.815625 0.028125 0.031250
0 0.582812 0.729688 0.028125 0.028125
0 0.562500 0.428125 0.031250 0.031250
0 0.617188 0.898438 0.028125 0.028125
0 0.520312 0.842187 0.028125 0.028125
0 0.062500 0.367188 0.031250 0.028125
0 0.226562 0.500000 0.028125 0.031250
0 0.978125 0.837500 0.031250 0.031250
0 0.354687 0.956250 0.028125 0.031250
0 0.868750 0.523438 0.031250 0.028125
0 0.723437 0.440625 0.028125 0.031250
0 0.964063 0.809375 0.028125 0.031250
0 0.385937 0.845313 0.028125 0.028125
0 0.692187 0.607812 0.028125 0.028125
0 0.935937 0.635938 0.028125 0.028125
0 0.092188 0.560937 0.028125 0.028125
0 0.304688 0.700000 0.028125 0.031250
0 0.439063 0.464062 0.028125 0.028125
0 0.915625 0.782813 0.031250 0.028125
0 0.651563 0.842187 0.028125 0.028125
0 0.965625 0.635938 0.031250 0.028125
0 0.064062 0.673438 0.028125 0.028125
0 0.387500 0.957812 0.031250 0.028125
0 0.681250 0.396875 0.031250 0.031250
0 0.290625 0.367188 0.031250 0.028125
0 0.273438 0.815625 0.028125 0.031250
0 0.110937 0.926562 0.028125 0.028125
0 0.951562 0.379688 0.028125 0.028125
0 0.765625 0.868750 0.031250 0.031250
0 0.485938 0.954688 0.028125 0.028125
0 0.470313 0.815625 0.028125 0.031250
0 0.651563 0.785937 0.028125 0.028125
0 0.367188 0.820312 0.028125 0.028125
0 0.837500 0.464062 0.031250 0.028125
0 0.304688 0.393750 0.028125 0.031250
0 0.493750 0.370312 0.031250 0.028125
0 0.048438 0.643750 0.028125 0.031250
0 0.476562 0.518750 0.028125 0.031250
0 0.789062 0.550000 0.028125 0.031250
0 0.967187 0.465625 0.028125 0.031250
0 0.742188 0.579688 0.028125 0.028125
0 0.228125 0.556250 0.031250 0.031250
0 0.535937 0.757812 0.028125 0.028125
0 0.750000 0.693750 0.031250 0.031250
0 0.445312 0.682813 0.028125 0.028125
0 0.209375 0.646875 0.031250 0.031250
0 0.642188 0.342187 0.028125 0.028125
0 0.575000 0.459375 0.031250 0.031250
0 0.782813 0.782813 0.028125 0.028125
0 0.507812 0.518750 0.028125 0.031250
0 0.081250 0.700000 0.031250 0.031250
0 0.837500 0.407813 0.031250 0.028125
0 0.042188 0.393750 0.028125 0.031250
0 0.857812 0.665625 0.028125 0.031250
0 0.739062 0.410938 0.028125 0.028125
0 0.920312 0.550000 0.028125 0.031250
0 0.906250 0.350000 0.031250 0.031250
0 0.609375 0.584375 0.031250 0.031250
0 0.671875 0.668750 0.031250 0.031250
0 0.492188 0.545312 0.028125 0.028125
0 0.160938 0.673438 0.028125 0.028125
0 0.707812 0.525000 0.028125 0.031250
0 0.968750 0.351562 0.031250 0.028125
0 0.935937 0.353125 0.028125 0.031250
0 0.650000 0.450000 0.031250 0.031250
0 0.962500 0.923438 0.031250 0.028125
0 0.634375 0.815625 0.031250 0.031250
0 0.192188 0.956250 0.028125 0.031250
0 0.367188 0.764062 0.028125 0.028125
0 0.739062 0.467187 0.028125 0.028125
0 0.223438 0.729688 0.028125 0.028125
0 0.964063 0.753125 0.028125 0.031250
0 0.393750 0.475000 0.031250 0.031250
0 0.660937 0.607812 0.028125 0.028125
0 0.975000 0.950000 0.031250 0.031250
0 0.242188 0.815625 0.028125 0.031250
0 0.651563 0.951562 0.028125 0.028125
0 0.464062 0.710938 0.028125 0.028125
0 0.520312 0.898438 0.028125 0.028125
0 0.367188 0.706250 0.028125 0.031250
0 0.901563 0.467187 0.028125 0.028125
0 0.542188 0.518750 0.028125 0.031250
0 0.276562 0.471875 0.028125 0.031250
0 0.904687 0.576562 0.028125 0.028125
0 0.454688 0.789062 0.028125 0.028125
0 0.657813 0.500000 0.028125 0.031250
0 0.509375 0.464062 0.031250 0.028125
0 0.048438 0.587500 0.028125 0.031250
0 0.635938 0.476562 0.028125 0.028125
0 0.715625 0.345313 0.031250 0.028125
0 0.832812 0.925000 0.028125 0.031250
0 0.618750 0.956250 0.031250 0.031250
0 0.320312 0.845313 0.028125 0.028125
0 0.931250 0.809375 0.031250 0.031250
0 0.626563 0.314063 0.028125 0.028125
0 0.620313 0.503125 0.028125 0.031250
0 0.343750 0.339062 0.031250 0.028125
0 0.673438 0.471875 0.028125 0.031250
0 0.456250 0.439063 0.031250 0.028125
0 0.307812 0.529687 0.028125 0.028125
0 0.275000 0.339062 0.031250 0.028125
0 0.660937 0.367188 0.028125 0.028125
0 0.309375 0.339062 0.031250 0.028125
0 0.031250 0.557813 0.031250 0.028125
0 0.682813 0.951562 0.028125 0.028125
0 0.128125 0.370312 0.031250 0.028125
0 0.837500 0.521875 0.031250 0.031250
0 0.864062 0.753125 0.028125 0.031250
0 0.289062 0.670312 0.028125 0.028125
0 0.804688 0.523438 0.028125 0.028125
0 0.026562 0.365625 0.028125 0.031250
0 0.518750 0.675000 0.031250 0.031250
0 0.954688 0.665625 0.028125 0.031250
0 0.398438 0.653125 0.028125 0.031250
0 0.864062 0.925000 0.028125 0.031250
0 0.335938 0.642188 0.028125 0.028125
0 0.709375 0.412500 0.031250 0.031250
0 0.695312 0.368750 0.028125 0.031250
0 0.206250 0.340625 0.031250 0.031250
0 0.589063 0.501563 0.028125 0.028125
0 0.432812 0.600000 0.028125 0.031250
0 0.195312 0.556250 0.028125 0.031250
0 0.817187 0.951562 0.028125 0.028125
0 0.593750 0.314063 0.031250 0.034375
0 0.284375 0.418750 0.031250 0.031250
0 0.495312 0.314063 0.034375 0.034375
0 0.504687 0.926562 0.028125 0.028125
0 0.432812 0.764062 0.028125 0.028125
0 0.526563 0.545312 0.028125 0.028125
0 0.426563 0.312500 0.034375 0.031250
0 0.846875 0.951562 0.025000 0.028125
0 0.551562 0.842187 0.028125 0.028125
0 0.751563 0.728125 0.028125 0.031250
0 0.798438 0.315625 0.034375 0.031250
0 0.975000 0.893750 0.031250 0.031250
0 0.626563 0.607812 0.028125 0.028125
0 0.604688 0.529687 0.028125 0.028125
0 0.698438 0.315625 0.034375 0.031250
0 0.403125 0.928125 0.031250 0.031250
0 0.459375 0.314063 0.031250 0.034375
0 0.835938 0.320312 0.034375 0.034375
0 0.176563 0.814063 0.028125 0.028125
0 0.773438 0.578125 0.028125 0.031250
0 0.640625 0.668750 0.031250 0.031250
0 0.326562 0.503125 0.028125 0.031250
0 0.737500 0.665625 0.031250 0.031250
0 0.764062 0.664062 0.028125 0.028125
0 0.320312 0.729688 0.028125 0.028125
0 0.731250 0.314063 0.031250 0.034375
0 0.434375 0.931250 0.031250 0.031250
0 0.585938 0.954688 0.028125 0.028125
0 0.603125 0.870313 0.025000 0.028125
0 0.770312 0.409375 0.028125 0.031250
0 0.559375 0.314063 0.031250 0.034375
0 0.670312 0.926562 0.028125 0.028125
0 0.789062 0.437500 0.028125 0.031250
0 0.503125 0.815625 0.031250 0.031250
0 0.640625 0.582812 0.031250 0.028125
0 0.665625 0.423438 0.031250 0.028125
0 0.617188 0.448437 0.028125 0.028125
0 0.978125 0.781250 0.031250 0.031250
0 0.659375 0.312500 0.031250 0.031250
0 0.909375 0.318750 0.031250 0.031250
0 0.345313 0.478125 0.028125 0.031250
0 0.375000 0.340625 0.031250 0.031250
0 0.045312 0.339062 0.028125 0.028125
0 0.943750 0.896875 0.031250 0.031250
0 0.945312 0.320312 0.034375 0.034375
0 0.821875 0.493750 0.031250 0.031250
0 0.026562 0.309375 0.034375 0.031250
0 0.960938 0.978125 0.028125 0.031250
0 0.603125 0.475000 0.031250 0.031250
0 0.851562 0.495312 0.028125 0.028125
0 0.567187 0.870313 0.028125 0.028125
0 0.873437 0.320312 0.034375 0.034375
0 0.076563 0.342187 0.028125 0.028125
0 0.848437 0.782813 0.028125 0.028125
0 0.526563 0.314063 0.034375 0.034375
0 0.342187 0.529687 0.028125 0.028125
0 0.312500 0.475000 0.031250 0.031250
0 0.017188 0.587500 0.028125 0.031250
0 0.421875 0.956250 0.031250 0.031250
0 0.929688 0.978125 0.028125 0.031250
0 0.332813 0.448437 0.028125 0.028125
0 0.360938 0.309375 0.034375 0.031250
0 0.520312 0.954688 0.028125 0.028125
0 0.093750 0.312500 0.031250 0.031250
0 0.448437 0.737500 0.028125 0.031250
0 0.551562 0.954688 0.028125 0.028125
0 0.095312 0.367188 0.028125 0.028125
0 0.059375 0.312500 0.031250 0.031250
0 0.017188 0.700000 0.028125 0.031250
0 0.014063 0.810937 0.028125 0.028125
0 0.514062 0.576562 0.028125 0.028125
0 0.829688 0.978125 0.028125 0.025000
0 0.582812 0.845313 0.028125 0.028125
0 0.126562 0.312500 0.034375 0.031250
0 0.401562 0.764062 0.028125 0.028125
0 0.573438 0.529687 0.028125 0.028125
0 0.732812 0.976562 0.028125 0.028125
0 0.393750 0.309375 0.031250 0.031250
0 0.667188 0.978125 0.028125 0.025000
0 0.320312 0.420312 0.028125 0.028125
0 0.701562 0.978125 0.028125 0.025000
0 0.895312 0.978125 0.028125 0.025000
0 0.300000 0.446875 0.031250 0.031250
0 0.446875 0.628125 0.025000 0.025000
0 0.107813 0.342187 0.028125 0.028125
0 0.798438 0.976562 0.028125 0.028125
0 0.460938 0.654687 0.028125 0.028125
0 0.581250 0.671875 0.031250 0.031250
0 0.862500 0.978125 0.025000 0.025000
0 0.448437 0.573438 0.028125 0.028125
0 0.765625 0.978125 0.025000 0.025000
0 0.015625 0.754687 0.031250 0.028125
0 0.548438 0.671875 0.034375 0.031250
0 0.014063 0.868750 0.028125 0.031250
0 0.978125 0.725000 0.031250 0.031250
0 0.017188 0.643750 0.028125 0.025000
0 0.482812 0.573438 0.028125 0.028125
0 0.295312 0.310937 0.034375 0.034375
0 0.325000 0.312500 0.031250 0.031250
0 0.610938 0.671875 0.028125 0.031250
0 0.979688 0.493750 0.028125 0.031250
0 0.017188 0.409375 0.028125 0.031250
0 0.976562 0.317188 0.034375 0.034375
