0 0.753125 0.532813 0.031250 0.028125
0 0.920312 0.370312 0.034375 0.034375
0 0.793750 0.840625 0.031250 0.031250
0 0.368750 0.945312 0.031250 0.034375
0 0.975000 0.818750 0.031250 0.031250
0 0.917188 0.456250 0.028125 0.031250
0 0.884375 0.378125 0.031250 0.031250
0 0.871875 0.409375 0.031250 0.031250
0 0.893750 0.432812 0.031250 0.028125
0 0.667188 0.407813 0.028125 0.028125
0 0.906250 0.403125 0.031250 0.031250
0 0.643750 0.387500 0.031250 0.031250
0 0.907813 0.604688 0.028125 0.028125
0 0.801562 0.576562 0.028125 0.028125
0 0.675000 0.375000 0.031250 0.031250
0 0.960938 0.504687 0.034375 0.034375
0 0.928125 0.428125 0.031250 0.031250
0 0.878125 0.615625 0.031250 0.031250
0 0.907813 0.490625 0.028125 0.031250
0 0.698438 0.400000 0.028125 0.031250
0 0.854688 0.939063 0.028125 0.028125
0 0.853125 0.592187 0.031250 0.028125
0 0.637500 0.423438 0.031250 0.028125
0 0.846875 0.968750 0.031250 0.031250
0 0.845313 0.621875 0.028125 0.031250
0 0.878125 0.960938 0.031250 0.034375
0 0.912500 0.575000 0.031250 0.031250
0 0.948438 0.451562 0.028125 0.028125
0 0.975000 0.392188 0.031250 0.034375
0 0.687500 0.432812 0.031250 0.034375
0 0.954688 0.537500 0.034375 0.031250
0 0.937500 0.481250 0.031250 0.031250
0 0.860938 0.562500 0.028125 0.031250
0 0.809375 0.893750 0.031250 0.031250
0 0.829688 0.570312 0.028125 0.028125
0 0.846875 0.392188 0.031250 0.028125
0 0.831250 0.918750 0.031250 0.031250
0 0.685937 0.470313 0.028125 0.028125
0 0.942187 0.395313 0.034375 0.034375
0 0.806250 0.546875 0.031250 0.031250
0 0.704688 0.362500 0.034375 0.031250
0 0.903125 0.750000 0.031250 0.031250
0 0.876563 0.498437 0.028125 0.028125
0 0.932813 0.740625 0.028125 0.031250
0 0.943750 0.565625 0.031250 0.031250
0 0.864062 0.907813 0.034375 0.034375
0 0.720313 0.428125 0.028125 0.031250
0 0.840625 0.885938 0.031250 0.028125
0 0.823438 0.365625 0.028125 0.031250
0 0.900000 0.635938 0.031250 0.028125
0 0.837500 0.539062 0.031250 0.028125
0 0.837500 0.653125 0.031250 0.031250
0 0.845313 0.504687 0.028125 0.028125
0 0.818750 0.865625 0.031250 0.031250
0 0.656250 0.350000 0.031250 0.031250
0 0.962500 0.423438 0.031250 0.034375
0 0.862500 0.676562 0.025000 0.028125
0 0.918750 0.687500 0.031250 0.031250
0 0.868750 0.528125 0.031250 0.031250
