0 0.328125 0.418750 0.031250 0.031250
0 0.904687 0.925000 0.028125 0.031250
0 0.939063 0.925000 0.028125 0.031250
0 0.176563 0.621875 0.034375 0.037500
0 0.142187 0.676562 0.034375 0.034375
0 0.256250 0.815625 0.031250 0.031250
0 0.812500 0.818750 0.031250 0.031250
0 0.954688 0.839063 0.028125 0.028125
0 0.489063 0.937500 0.028125 0.031250
0 0.795312 0.368750 0.028125 0.031250
0 0.145313 0.859375 0.028125 0.031250
0 0.648438 0.337500 0.028125 0.031250
0 0.121875 0.912500 0.031250 0.031250
0 0.073438 0.778125 0.028125 0.031250
0 0.481250 0.278125 0.031250 0.031250
0 0.628125 0.587500 0.031250 0.031250
0 0.832812 0.929688 0.028125 0.028125
0 0.240625 0.968750 0.031250 0.031250
0 0.370312 0.845313 0.028125 0.028125
0 0.937500 0.698438 0.031250 0.028125
0 0.456250 0.815625 0.031250 0.031250
0 0.176563 0.871875 0.028125 0.031250
0 0.100000 0.815625 0.031250 0.031250
0 0.371875 0.878125 0.031250 0.031250
0 0.812500 0.340625 0.031250 0.031250
0 0.971875 0.923438 0.031250 0.028125
0 0.884375 0.671875 0.031250 0.031250
0 0.315625 0.845313 0.031250 0.028125
0 0.775000 0.559375 0.031250 0.031250
0 0.040625 0.796875 0.031250 0.031250
0 0.340625 0.787500 0.031250 0.031250
0 0.587500 0.904687 0.031250 0.028125
0 0.892188 0.729688 0.028125 0.028125
0 0.907813 0.757812 0.028125 0.028125
0 0.126562 0.729688 0.028125 0.028125
0 0.093750 0.898438 0.031250 0.028125
0 0.801562 0.929688 0.028125 0.028125
0 0.890625 0.898438 0.031250 0.028125
0 0.634375 0.789062 0.031250 0.028125
0 0.375000 0.912500 0.031250 0.031250
0 0.168750 0.806250 0.031250 0.031250
0 0.798438 0.876563 0.028125 0.028125
0 0.578125 0.503125 0.031250 0.031250
0 0.521875 0.812500 0.031250 0.031250
0 0.143750 0.825000 0.031250 0.031250
0 0.767188 0.932813 0.028125 0.028125
0 0.628125 0.532813 0.031250 0.028125
0 0.921875 0.895312 0.031250 0.028125
0 0.442188 0.726562 0.028125 0.028125
0 0.925000 0.784375 0.031250 0.031250
0 0.728125 0.309375 0.031250 0.031250
0 0.807813 0.614062 0.028125 0.028125
0 0.600000 0.787500 0.031250 0.031250
0 0.742188 0.617188 0.028125 0.028125
0 0.068750 0.812500 0.031250 0.031250
0 0.843750 0.671875 0.031250 0.031250
0 0.696875 0.367188 0.031250 0.028125
0 0.893750 0.784375 0.031250 0.031250
0 0.792188 0.643750 0.028125 0.031250
0 0.970313 0.696875 0.028125 0.031250
0 0.639062 0.935937 0.028125 0.028125
0 0.664062 0.367188 0.028125 0.028125
0 0.809375 0.671875 0.031250 0.031250
0 0.734375 0.846875 0.031250 0.031250
0 0.303125 0.735938 0.031250 0.034375
0 0.796875 0.534375 0.031250 0.031250
0 0.793750 0.309375 0.031250 0.031250
0 0.693750 0.643750 0.031250 0.031250
0 0.926562 0.367188 0.028125 0.028125
0 0.829688 0.590625 0.028125 0.031250
0 0.906250 0.868750 0.031250 0.031250
0 0.229687 0.589063 0.028125 0.028125
0 0.775000 0.615625 0.031250 0.031250
0 0.412500 0.503125 0.031250 0.031250
0 0.682813 0.817187 0.028125 0.028125
0 0.407813 0.557813 0.028125 0.028125
0 0.512500 0.885938 0.031250 0.028125
0 0.039062 0.898438 0.028125 0.028125
0 0.325000 0.700000 0.031250 0.031250
0 0.682813 0.760938 0.028125 0.028125
0 0.312500 0.503125 0.031250 0.031250
0 0.473438 0.726562 0.028125 0.028125
0 0.429688 0.306250 0.028125 0.031250
0 0.404687 0.926562 0.028125 0.028125
0 0.692187 0.587500 0.028125 0.031250
0 0.878125 0.395313 0.031250 0.028125
0 0.954688 0.896875 0.028125 0.031250
0 0.057813 0.700000 0.028125 0.031250
0 0.042188 0.762500 0.028125 0.031250
0 0.876563 0.815625 0.028125 0.031250
0 0.220312 0.765625 0.028125 0.031250
0 0.676562 0.560937 0.028125 0.028125
0 0.117188 0.843750 0.028125 0.031250
0 0.860938 0.312500 0.028125 0.031250
0 0.734375 0.932813 0.031250 0.028125
0 0.101562 0.473438 0.028125 0.028125
0 0.020313 0.506250 0.028125 0.031250
0 0.971875 0.812500 0.031250 0.031250
0 0.260937 0.879687 0.028125 0.028125
0 0.292187 0.964063 0.028125 0.028125
0 0.676562 0.617188 0.028125 0.028125
0 0.921875 0.840625 0.031250 0.031250
0 0.426563 0.585938 0.028125 0.028125
0 0.179688 0.904687 0.028125 0.028125
0 0.314063 0.876563 0.028125 0.028125
0 0.573438 0.670312 0.028125 0.028125
0 0.795312 0.423438 0.028125 0.028125
0 0.143750 0.640625 0.031250 0.031250
0 0.359375 0.643750 0.031250 0.031250
0 0.554688 0.812500 0.028125 0.031250
0 0.845313 0.450000 0.028125 0.031250
0 0.707812 0.614062 0.028125 0.028125
0 0.100000 0.360938 0.031250 0.028125
0 0.893750 0.368750 0.031250 0.031250
0 0.829688 0.534375 0.028125 0.031250
0 0.764062 0.479687 0.028125 0.028125
0 0.843750 0.396875 0.031250 0.031250
0 0.210938 0.918750 0.028125 0.031250
0 0.610938 0.393750 0.028125 0.031250
0 0.173437 0.839063 0.028125 0.028125
0 0.203125 0.667188 0.031250 0.034375
0 0.860938 0.423438 0.028125 0.028125
0 0.457813 0.696875 0.028125 0.031250
0 0.960938 0.535937 0.028125 0.028125
0 0.342187 0.671875 0.028125 0.031250
0 0.290625 0.895312 0.031250 0.028125
0 0.198437 0.473438 0.028125 0.028125
0 0.679688 0.337500 0.028125 0.031250
0 0.428125 0.418750 0.031250 0.031250
0 0.817187 0.957812 0.028125 0.028125
0 0.812500 0.562500 0.031250 0.031250
0 0.442188 0.668750 0.028125 0.031250
0 0.476562 0.668750 0.028125 0.031250
0 0.620313 0.904687 0.028125 0.028125
0 0.759375 0.587500 0.031250 0.031250
0 0.578125 0.448437 0.031250 0.028125
0 0.460938 0.585938 0.028125 0.028125
0 0.893750 0.312500 0.031250 0.031250
0 0.871875 0.926562 0.031250 0.028125
0 0.454688 0.859375 0.028125 0.031250
0 0.629687 0.367188 0.028125 0.028125
0 0.246875 0.559375 0.031250 0.031250
0 0.260937 0.646875 0.028125 0.031250
0 0.828125 0.312500 0.031250 0.031250
0 0.610938 0.503125 0.028125 0.031250
0 0.628125 0.418750 0.031250 0.031250
0 0.782813 0.903125 0.028125 0.031250
0 0.939063 0.756250 0.028125 0.031250
0 0.071875 0.745313 0.031250 0.028125
0 0.748437 0.817187 0.028125 0.028125
0 0.431250 0.909375 0.031250 0.031250
0 0.251563 0.778125 0.028125 0.031250
0 0.117188 0.390625 0.028125 0.031250
0 0.745313 0.339062 0.028125 0.028125
0 0.490625 0.753125 0.031250 0.031250
0 0.601562 0.845313 0.028125 0.028125
0 0.910937 0.614062 0.028125 0.028125
0 0.573438 0.873437 0.028125 0.028125
0 0.292187 0.931250 0.028125 0.031250
0 0.553125 0.756250 0.031250 0.031250
0 0.570312 0.843750 0.028125 0.031250
0 0.343750 0.862500 0.031250 0.031250
0 0.664062 0.423438 0.028125 0.028125
0 0.812500 0.504687 0.031250 0.028125
0 0.506250 0.725000 0.031250 0.031250
0 0.893750 0.590625 0.031250 0.031250
0 0.189062 0.756250 0.028125 0.031250
0 0.537500 0.840625 0.031250 0.031250
0 0.093750 0.865625 0.031250 0.031250
0 0.650000 0.760938 0.031250 0.028125
0 0.851562 0.903125 0.028125 0.031250
0 0.778125 0.339062 0.031250 0.028125
0 0.262500 0.531250 0.031250 0.031250
0 0.620313 0.964063 0.028125 0.028125
0 0.751563 0.906250 0.028125 0.031250
0 0.726562 0.587500 0.028125 0.031250
0 0.407813 0.782813 0.028125 0.028125
0 0.942187 0.398438 0.028125 0.028125
0 0.378125 0.726562 0.031250 0.028125
0 0.745313 0.395313 0.028125 0.028125
0 0.832812 0.876563 0.028125 0.028125
0 0.148438 0.445312 0.028125 0.028125
0 0.584375 0.815625 0.031250 0.031250
0 0.065625 0.362500 0.031250 0.031250
0 0.064062 0.879687 0.028125 0.028125
0 0.118750 0.446875 0.031250 0.031250
0 0.712500 0.339062 0.031250 0.028125
0 0.540625 0.668750 0.031250 0.031250
0 0.303125 0.771875 0.031250 0.031250
0 0.860938 0.789062 0.028125 0.028125
0 0.614062 0.337500 0.028125 0.031250
0 0.618750 0.759375 0.031250 0.031250
0 0.068750 0.418750 0.031250 0.031250
0 0.362500 0.418750 0.031250 0.031250
0 0.115625 0.334375 0.031250 0.031250
0 0.571875 0.728125 0.031250 0.031250
0 0.228125 0.832812 0.031250 0.028125
0 0.034375 0.418750 0.031250 0.031250
0 0.593750 0.421875 0.031250 0.031250
0 0.262500 0.360938 0.031250 0.028125
0 0.039062 0.931250 0.028125 0.031250
0 0.276562 0.617188 0.028125 0.028125
0 0.490625 0.809375 0.031250 0.031250
0 0.392188 0.754687 0.028125 0.028125
0 0.087500 0.718750 0.031250 0.031250
0 0.135937 0.793750 0.028125 0.031250
0 0.595313 0.365625 0.028125 0.031250
0 0.093750 0.931250 0.031250 0.031250
0 0.392188 0.587500 0.028125 0.031250
0 0.410938 0.726562 0.028125 0.028125
0 0.510938 0.448437 0.028125 0.028125
0 0.348438 0.929688 0.028125 0.028125
0 0.700000 0.932813 0.031250 0.028125
0 0.792188 0.587500 0.028125 0.031250
0 0.343750 0.615625 0.031250 0.031250
0 0.396875 0.825000 0.031250 0.031250
0 0.457813 0.753125 0.028125 0.031250
0 0.657813 0.645312 0.028125 0.028125
0 0.309375 0.615625 0.031250 0.031250
0 0.860938 0.481250 0.028125 0.031250
0 0.428125 0.756250 0.031250 0.031250
0 0.031250 0.303125 0.031250 0.031250
0 0.443750 0.612500 0.031250 0.031250
0 0.971875 0.753125 0.031250 0.031250
0 0.859375 0.731250 0.031250 0.031250
0 0.562500 0.421875 0.031250 0.031250
0 0.926562 0.535937 0.028125 0.028125
0 0.762500 0.367188 0.031250 0.028125
0 0.395313 0.418750 0.028125 0.031250
0 0.151562 0.925000 0.028125 0.031250
0 0.212500 0.618750 0.031250 0.031250
0 0.710938 0.557813 0.028125 0.028125
0 0.432812 0.940625 0.028125 0.031250
0 0.545312 0.559375 0.028125 0.031250
0 0.165625 0.587500 0.031250 0.031250
0 0.153125 0.709375 0.031250 0.031250
0 0.345313 0.390625 0.028125 0.031250
0 0.556250 0.901563 0.031250 0.028125
0 0.717187 0.820312 0.028125 0.028125
0 0.485938 0.906250 0.028125 0.031250
0 0.214062 0.731250 0.028125 0.031250
0 0.339062 0.821875 0.028125 0.031250
0 0.210938 0.953125 0.028125 0.031250
0 0.867188 0.873437 0.028125 0.028125
0 0.860938 0.534375 0.028125 0.031250
0 0.295312 0.531250 0.028125 0.031250
0 0.065625 0.914062 0.031250 0.028125
0 0.559375 0.531250 0.031250 0.031250
0 0.120313 0.878125 0.028125 0.031250
0 0.862500 0.368750 0.031250 0.031250
0 0.214062 0.332813 0.028125 0.028125
0 0.210938 0.700000 0.028125 0.031250
0 0.960938 0.368750 0.028125 0.031250
0 0.429688 0.473438 0.028125 0.028125
0 0.846875 0.618750 0.031250 0.031250
0 0.246875 0.334375 0.031250 0.031250
0 0.643750 0.448437 0.031250 0.028125
0 0.393750 0.642188 0.031250 0.028125
0 0.325000 0.643750 0.031250 0.031250
0 0.476562 0.612500 0.028125 0.031250
0 0.226562 0.800000 0.028125 0.031250
0 0.578125 0.392188 0.031250 0.028125
0 0.151562 0.956250 0.028125 0.031250
0 0.231250 0.865625 0.031250 0.031250
0 0.178125 0.690625 0.031250 0.031250
0 0.053125 0.448437 0.031250 0.028125
0 0.293750 0.587500 0.031250 0.031250
0 0.065625 0.845313 0.031250 0.028125
0 0.198437 0.529687 0.028125 0.028125
0 0.684375 0.962500 0.031250 0.031250
0 0.492188 0.696875 0.028125 0.031250
0 0.845313 0.815625 0.028125 0.031250
0 0.764062 0.310937 0.028125 0.028125
0 0.237500 0.932813 0.031250 0.028125
0 0.634375 0.845313 0.031250 0.028125
0 0.878125 0.560937 0.031250 0.028125
0 0.182812 0.559375 0.028125 0.031250
0 0.248438 0.275000 0.034375 0.031250
0 0.262500 0.589063 0.031250 0.028125
0 0.604688 0.876563 0.028125 0.028125
0 0.595313 0.531250 0.028125 0.031250
0 0.629687 0.307812 0.028125 0.028125
0 0.159375 0.743750 0.031250 0.031250
0 0.409375 0.670312 0.031250 0.028125
0 0.112500 0.625000 0.031250 0.031250
0 0.320312 0.910937 0.028125 0.028125
0 0.879687 0.620313 0.028125 0.028125
0 0.843750 0.759375 0.031250 0.031250
0 0.085938 0.503125 0.028125 0.031250
0 0.103125 0.751563 0.031250 0.028125
0 0.265625 0.678125 0.031250 0.031250
0 0.426563 0.531250 0.028125 0.031250
0 0.576562 0.557813 0.028125 0.028125
0 0.082812 0.390625 0.028125 0.031250
0 0.759375 0.643750 0.031250 0.031250
0 0.562500 0.584375 0.031250 0.031250
0 0.698438 0.790625 0.028125 0.031250
0 0.845313 0.340625 0.028125 0.031250
0 0.206250 0.885938 0.031250 0.028125
0 0.603125 0.932813 0.031250 0.028125
0 0.665625 0.845313 0.031250 0.028125
0 0.893750 0.423438 0.031250 0.028125
0 0.278125 0.559375 0.031250 0.031250
0 0.714063 0.704688 0.028125 0.028125
0 0.425000 0.809375 0.031250 0.031250
0 0.650000 0.817187 0.031250 0.028125
0 0.562500 0.365625 0.031250 0.031250
0 0.054688 0.603125 0.028125 0.031250
0 0.917188 0.954688 0.028125 0.028125
0 0.262500 0.476562 0.031250 0.028125
0 0.345313 0.895312 0.028125 0.028125
0 0.362500 0.696875 0.031250 0.031250
0 0.660937 0.476562 0.028125 0.028125
0 0.845313 0.507812 0.028125 0.028125
0 0.343750 0.559375 0.031250 0.031250
0 0.379688 0.446875 0.028125 0.031250
0 0.442188 0.782813 0.028125 0.028125
0 0.817187 0.904687 0.028125 0.028125
0 0.081250 0.621875 0.031250 0.031250
0 0.542188 0.503125 0.028125 0.031250
0 0.873437 0.759375 0.028125 0.031250
0 0.893750 0.479687 0.031250 0.028125
0 0.110937 0.656250 0.028125 0.031250
0 0.900000 0.646875 0.031250 0.031250
0 0.910937 0.564063 0.028125 0.028125
0 0.229687 0.304688 0.028125 0.028125
0 0.276562 0.759375 0.028125 0.031250
0 0.759375 0.528125 0.031250 0.031250
0 0.196875 0.789062 0.031250 0.028125
0 0.618750 0.815625 0.031250 0.031250
0 0.779687 0.817187 0.028125 0.028125
0 0.942187 0.507812 0.028125 0.028125
0 0.542188 0.612500 0.028125 0.031250
0 0.106250 0.782813 0.031250 0.028125
0 0.376563 0.503125 0.028125 0.031250
0 0.531250 0.365625 0.031250 0.031250
0 0.681250 0.450000 0.031250 0.031250
0 0.779687 0.395313 0.028125 0.028125
0 0.509375 0.612500 0.031250 0.031250
0 0.609375 0.614062 0.031250 0.028125
0 0.054688 0.503125 0.028125 0.031250
0 0.081250 0.334375 0.031250 0.031250
0 0.284375 0.829688 0.031250 0.028125
0 0.714063 0.451562 0.028125 0.028125
0 0.309375 0.806250 0.031250 0.031250
0 0.196875 0.362500 0.031250 0.031250
0 0.729688 0.423438 0.028125 0.028125
0 0.067187 0.476562 0.028125 0.028125
0 0.445312 0.557813 0.028125 0.028125
0 0.781250 0.850000 0.031250 0.031250
0 0.507812 0.781250 0.028125 0.031250
0 0.242188 0.617188 0.028125 0.028125
0 0.678125 0.503125 0.031250 0.031250
0 0.784375 0.960938 0.031250 0.028125
0 0.085938 0.557813 0.028125 0.028125
0 0.643750 0.506250 0.031250 0.031250
0 0.132812 0.760938 0.028125 0.028125
0 0.942187 0.339062 0.028125 0.028125
0 0.473438 0.781250 0.028125 0.031250
0 0.512500 0.335938 0.031250 0.028125
0 0.414062 0.334375 0.028125 0.031250
0 0.940625 0.812500 0.031250 0.031250
0 0.546875 0.393750 0.031250 0.031250
0 0.026562 0.562500 0.028125 0.031250
0 0.392188 0.529687 0.028125 0.028125
0 0.525000 0.639062 0.031250 0.028125
0 0.460938 0.528125 0.028125 0.031250
0 0.695312 0.309375 0.028125 0.031250
0 0.196875 0.589063 0.031250 0.028125
0 0.845313 0.564063 0.028125 0.028125
0 0.148438 0.334375 0.028125 0.031250
0 0.328125 0.473438 0.031250 0.028125
0 0.923438 0.728125 0.028125 0.031250
0 0.039062 0.826562 0.028125 0.028125
0 0.743750 0.559375 0.031250 0.031250
0 0.595313 0.587500 0.028125 0.031250
0 0.360938 0.473438 0.028125 0.028125
0 0.920312 0.671875 0.028125 0.031250
0 0.115625 0.590625 0.031250 0.031250
0 0.215625 0.557813 0.031250 0.028125
0 0.229687 0.473438 0.028125 0.028125
0 0.359375 0.528125 0.031250 0.031250
0 0.240625 0.712500 0.031250 0.031250
0 0.903125 0.698438 0.031250 0.028125
0 0.362500 0.306250 0.031250 0.031250
0 0.164062 0.304688 0.028125 0.028125
0 0.376563 0.945312 0.028125 0.028125
0 0.228125 0.646875 0.031250 0.031250
0 0.134375 0.473438 0.025000 0.028125
0 0.401562 0.893750 0.028125 0.031250
0 0.081250 0.590625 0.031250 0.031250
0 0.362500 0.362500 0.031250 0.031250
0 0.510938 0.560937 0.028125 0.028125
0 0.428125 0.365625 0.031250 0.031250
0 0.410938 0.448437 0.028125 0.028125
0 0.593750 0.475000 0.031250 0.031250
0 0.495312 0.420312 0.028125 0.028125
0 0.932813 0.640625 0.028125 0.031250
0 0.329688 0.306250 0.028125 0.031250
0 0.829688 0.368750 0.028125 0.031250
0 0.881250 0.845313 0.031250 0.028125
0 0.812500 0.395313 0.031250 0.028125
0 0.960938 0.312500 0.028125 0.031250
0 0.521875 0.753125 0.031250 0.031250
0 0.878125 0.339062 0.031250 0.028125
0 0.201563 0.854688 0.028125 0.028125
0 0.150000 0.559375 0.031250 0.031250
0 0.660937 0.587500 0.028125 0.031250
0 0.764062 0.426563 0.028125 0.028125
0 0.235937 0.901563 0.028125 0.028125
0 0.132812 0.529687 0.028125 0.028125
0 0.434375 0.973437 0.031250 0.028125
0 0.279687 0.503125 0.028125 0.031250
0 0.235937 0.678125 0.028125 0.031250
0 0.679688 0.395313 0.028125 0.028125
0 0.556250 0.698438 0.031250 0.028125
0 0.907813 0.810937 0.028125 0.028125
0 0.481250 0.871875 0.031250 0.031250
0 0.628125 0.476562 0.031250 0.028125
0 0.506250 0.853125 0.031250 0.031250
0 0.728125 0.643750 0.031250 0.031250
0 0.862500 0.646875 0.031250 0.031250
0 0.329688 0.362500 0.028125 0.031250
0 0.610938 0.448437 0.028125 0.028125
0 0.296875 0.362500 0.031250 0.031250
0 0.665625 0.789062 0.031250 0.028125
0 0.462500 0.362500 0.031250 0.031250
0 0.543750 0.448437 0.031250 0.028125
0 0.729688 0.789062 0.028125 0.028125
0 0.910937 0.509375 0.028125 0.031250
0 0.559375 0.476562 0.031250 0.028125
0 0.393750 0.698438 0.031250 0.028125
0 0.065625 0.306250 0.031250 0.031250
0 0.826562 0.789062 0.028125 0.028125
0 0.132812 0.304688 0.028125 0.028125
0 0.878125 0.509375 0.031250 0.031250
0 0.065625 0.946875 0.031250 0.031250
0 0.262500 0.915625 0.031250 0.031250
0 0.381250 0.334375 0.031250 0.031250
0 0.876563 0.450000 0.028125 0.031250
0 0.426563 0.642188 0.028125 0.028125
0 0.070312 0.529687 0.028125 0.028125
0 0.529687 0.418750 0.028125 0.031250
0 0.781250 0.507812 0.031250 0.028125
0 0.396875 0.362500 0.031250 0.031250
0 0.828125 0.425000 0.031250 0.031250
0 0.050000 0.668750 0.031250 0.031250
0 0.360938 0.753125 0.028125 0.031250
0 0.229687 0.360938 0.028125 0.028125
0 0.326562 0.531250 0.028125 0.031250
0 0.509375 0.668750 0.031250 0.031250
0 0.400000 0.860938 0.031250 0.028125
0 0.198437 0.820312 0.028125 0.028125
0 0.181250 0.390625 0.031250 0.031250
0 0.492188 0.585938 0.028125 0.028125
0 0.281250 0.793750 0.031250 0.031250
0 0.214062 0.390625 0.028125 0.031250
0 0.595313 0.307812 0.028125 0.028125
0 0.409375 0.615625 0.031250 0.031250
0 0.078125 0.656250 0.031250 0.031250
0 0.725000 0.531250 0.031250 0.031250
0 0.214062 0.446875 0.028125 0.031250
0 0.165625 0.418750 0.031250 0.031250
0 0.860938 0.590625 0.028125 0.031250
0 0.953125 0.668750 0.031250 0.031250
0 0.910937 0.395313 0.028125 0.028125
0 0.910937 0.451562 0.028125 0.028125
0 0.779687 0.451562 0.028125 0.028125
0 0.850000 0.846875 0.031250 0.031250
0 0.426563 0.876563 0.028125 0.028125
0 0.312500 0.334375 0.031250 0.031250
0 0.023438 0.651563 0.028125 0.028125
0 0.082812 0.446875 0.028125 0.031250
0 0.214062 0.501563 0.028125 0.028125
0 0.181250 0.332813 0.031250 0.028125
0 0.843750 0.703125 0.031250 0.031250
0 0.134375 0.417187 0.031250 0.028125
0 0.164062 0.529687 0.028125 0.028125
0 0.150000 0.503125 0.025000 0.025000
0 0.150000 0.390625 0.031250 0.031250
0 0.664062 0.309375 0.028125 0.031250
0 0.828125 0.642188 0.031250 0.028125
0 0.293750 0.700000 0.031250 0.031250
0 0.278125 0.392188 0.031250 0.028125
0 0.198437 0.304688 0.028125 0.028125
0 0.426563 0.698438 0.028125 0.028125
0 0.492188 0.968750 0.028125 0.031250
0 0.035937 0.476562 0.028125 0.028125
0 0.542188 0.871875 0.028125 0.031250
0 0.515625 0.917188 0.031250 0.028125
0 0.973437 0.509375 0.028125 0.031250
0 0.970313 0.868750 0.028125 0.031250
0 0.910937 0.342187 0.028125 0.028125
0 0.278125 0.334375 0.031250 0.031250
0 0.540625 0.725000 0.031250 0.031250
0 0.262500 0.303125 0.031250 0.031250
0 0.557813 0.639062 0.028125 0.028125
0 0.117188 0.504687 0.028125 0.028125
0 0.937500 0.868750 0.031250 0.031250
0 0.375000 0.557813 0.031250 0.028125
0 0.778125 0.281250 0.031250 0.031250
0 0.150000 0.892188 0.031250 0.028125
0 0.350000 0.962500 0.031250 0.031250
0 0.123438 0.945312 0.028125 0.028125
0 0.376563 0.614062 0.028125 0.028125
0 0.096875 0.303125 0.031250 0.031250
0 0.698438 0.846875 0.028125 0.031250
0 0.526563 0.532813 0.028125 0.028125
0 0.654687 0.907813 0.028125 0.028125
0 0.446875 0.392188 0.031250 0.028125
0 0.653125 0.964063 0.031250 0.028125
0 0.496875 0.362500 0.031250 0.031250
0 0.215625 0.275000 0.031250 0.031250
0 0.634375 0.731250 0.031250 0.031250
0 0.414062 0.392188 0.028125 0.028125
0 0.610938 0.559375 0.028125 0.031250
0 0.042188 0.731250 0.028125 0.031250
0 0.543750 0.932813 0.031250 0.028125
0 0.528125 0.307812 0.031250 0.028125
0 0.959375 0.425000 0.031250 0.031250
0 0.292187 0.646875 0.028125 0.031250
0 0.976562 0.395313 0.028125 0.028125
0 0.709375 0.671875 0.031250 0.031250
0 0.428125 0.843750 0.031250 0.031250
0 0.117188 0.559375 0.028125 0.031250
0 0.829688 0.479687 0.028125 0.028125
0 0.578125 0.615625 0.031250 0.031250
0 0.493750 0.640625 0.031250 0.031250
0 0.310937 0.557813 0.028125 0.028125
0 0.446875 0.278125 0.031250 0.031250
0 0.345313 0.332813 0.028125 0.028125
0 0.667188 0.732812 0.028125 0.028125
0 0.668750 0.934375 0.031250 0.031250
0 0.182812 0.504687 0.028125 0.028125
0 0.271875 0.725000 0.031250 0.031250
0 0.050000 0.390625 0.031250 0.031250
0 0.395313 0.306250 0.028125 0.031250
0 0.142187 0.609375 0.028125 0.031250
0 0.795312 0.479687 0.028125 0.028125
0 0.085938 0.684375 0.028125 0.031250
0 0.342187 0.501563 0.028125 0.028125
0 0.514062 0.392188 0.028125 0.028125
0 0.164062 0.775000 0.028125 0.031250
0 0.171875 0.659375 0.031250 0.031250
0 0.717187 0.904687 0.028125 0.028125
0 0.729688 0.367188 0.028125 0.028125
0 0.645312 0.560937 0.028125 0.028125
0 0.975000 0.340625 0.031250 0.031250
0 0.587500 0.698438 0.031250 0.028125
0 0.051562 0.635938 0.028125 0.028125
0 0.526563 0.476562 0.028125 0.028125
0 0.132812 0.360938 0.028125 0.028125
0 0.460938 0.640625 0.028125 0.031250
0 0.379688 0.390625 0.028125 0.031250
0 0.329688 0.753125 0.028125 0.031250
0 0.729688 0.479687 0.028125 0.028125
0 0.895312 0.535937 0.028125 0.028125
0 0.929688 0.312500 0.028125 0.031250
0 0.637500 0.878125 0.031250 0.031250
0 0.810937 0.451562 0.028125 0.028125
0 0.245312 0.446875 0.028125 0.031250
0 0.412500 0.278125 0.031250 0.031250
0 0.585938 0.756250 0.028125 0.031250
0 0.853125 0.954688 0.031250 0.028125
0 0.039062 0.862500 0.028125 0.031250
0 0.181250 0.275000 0.031250 0.031250
0 0.279687 0.446875 0.028125 0.031250
0 0.668750 0.878125 0.031250 0.031250
0 0.165625 0.362500 0.031250 0.031250
0 0.518750 0.951562 0.025000 0.028125
0 0.309375 0.446875 0.031250 0.031250
0 0.692187 0.531250 0.028125 0.031250
0 0.182812 0.446875 0.028125 0.031250
0 0.646875 0.393750 0.031250 0.031250
0 0.229687 0.531250 0.028125 0.031250
0 0.404687 0.957812 0.028125 0.028125
0 0.378125 0.668750 0.031250 0.031250
0 0.310937 0.673438 0.028125 0.028125
0 0.743750 0.671875 0.031250 0.031250
0 0.379688 0.978125 0.028125 0.031250
0 0.603125 0.728125 0.031250 0.031250
0 0.296875 0.303125 0.031250 0.031250
0 0.925000 0.479687 0.031250 0.028125
0 0.046875 0.273438 0.031250 0.034375
0 0.751563 0.962500 0.028125 0.031250
0 0.026562 0.620313 0.028125 0.028125
0 0.546875 0.335938 0.031250 0.028125
0 0.579688 0.335938 0.028125 0.028125
0 0.164062 0.473438 0.028125 0.028125
0 0.540625 0.782813 0.031250 0.028125
0 0.592187 0.642188 0.028125 0.028125
0 0.956250 0.723437 0.031250 0.028125
0 0.495312 0.529687 0.028125 0.028125
0 0.717187 0.760938 0.028125 0.028125
0 0.709375 0.503125 0.031250 0.031250
0 0.123438 0.976562 0.028125 0.028125
0 0.245312 0.745313 0.028125 0.028125
0 0.285938 0.860938 0.028125 0.028125
0 0.093750 0.964063 0.031250 0.028125
0 0.181250 0.939063 0.031250 0.028125
0 0.368750 0.812500 0.031250 0.031250
0 0.048438 0.332813 0.028125 0.028125
0 0.264062 0.948438 0.028125 0.028125
0 0.698438 0.420312 0.028125 0.028125
0 0.762500 0.876563 0.031250 0.028125
0 0.510938 0.503125 0.028125 0.031250
0 0.182812 0.723437 0.028125 0.028125
0 0.718750 0.962500 0.031250 0.031250
0 0.746875 0.281250 0.031250 0.031250
0 0.875000 0.703125 0.031250 0.031250
0 0.626563 0.643750 0.028125 0.031250
0 0.101562 0.418750 0.028125 0.031250
0 0.478125 0.448437 0.031250 0.028125
0 0.817187 0.850000 0.028125 0.031250
0 0.456250 0.890625 0.031250 0.031250
0 0.478125 0.503125 0.031250 0.031250
0 0.395313 0.473438 0.028125 0.028125
0 0.246875 0.390625 0.031250 0.031250
0 0.373437 0.779687 0.028125 0.028125
0 0.320312 0.948438 0.028125 0.028125
0 0.056250 0.571875 0.031250 0.031250
0 0.618750 0.701562 0.031250 0.028125
0 0.479687 0.335938 0.028125 0.028125
0 0.231250 0.417187 0.031250 0.028125
0 0.040625 0.532813 0.031250 0.028125
0 0.685937 0.904687 0.028125 0.028125
0 0.937500 0.595313 0.031250 0.034375
0 0.700000 0.879687 0.031250 0.028125
0 0.182812 0.970313 0.028125 0.028125
0 0.479687 0.389062 0.028125 0.028125
0 0.032813 0.365625 0.028125 0.031250
0 0.245312 0.503125 0.028125 0.031250
0 0.312500 0.390625 0.031250 0.031250
0 0.956250 0.782813 0.031250 0.028125
0 0.462500 0.954688 0.031250 0.028125
0 0.445312 0.501563 0.028125 0.028125
0 0.564063 0.307812 0.028125 0.028125
0 0.573438 0.946875 0.028125 0.031250
0 0.885938 0.954688 0.028125 0.028125
0 0.571875 0.782813 0.031250 0.028125
0 0.478125 0.839063 0.031250 0.028125
0 0.775000 0.671875 0.031250 0.031250
0 0.101562 0.529687 0.028125 0.028125
0 0.951562 0.954688 0.028125 0.028125
0 0.460938 0.923438 0.028125 0.028125
0 0.745313 0.451562 0.028125 0.028125
0 0.464062 0.418750 0.028125 0.031250
0 0.545312 0.964063 0.028125 0.028125
0 0.748437 0.704688 0.028125 0.028125
0 0.326562 0.587500 0.028125 0.031250
0 0.607812 0.670312 0.028125 0.028125
0 0.795312 0.789062 0.028125 0.028125
0 0.446875 0.335938 0.031250 0.028125
0 0.065625 0.978125 0.025000 0.025000
0 0.925000 0.425000 0.031250 0.031250
0 0.312500 0.275000 0.031250 0.031250
0 0.357812 0.587500 0.028125 0.031250
0 0.712500 0.278125 0.031250 0.031250
0 0.957812 0.479687 0.028125 0.028125
0 0.878125 0.281250 0.031250 0.031250
0 0.712500 0.393750 0.031250 0.031250
0 0.445312 0.445312 0.028125 0.028125
0 0.729688 0.732812 0.028125 0.028125
0 0.942187 0.565625 0.028125 0.031250
0 0.345313 0.726562 0.028125 0.028125
0 0.495312 0.307812 0.028125 0.028125
0 0.114062 0.273438 0.034375 0.034375
0 0.018750 0.450000 0.031250 0.031250
0 0.523438 0.696875 0.028125 0.031250
0 0.462500 0.307812 0.031250 0.028125
0 0.293750 0.418750 0.031250 0.031250
0 0.678125 0.281250 0.031250 0.031250
0 0.660937 0.529687 0.028125 0.028125
0 0.476562 0.559375 0.028125 0.031250
0 0.514062 0.276562 0.034375 0.034375
0 0.281250 0.275000 0.031250 0.031250
0 0.495312 0.478125 0.028125 0.031250
0 0.975000 0.565625 0.031250 0.031250
0 0.198437 0.420312 0.028125 0.028125
0 0.262500 0.418750 0.031250 0.031250
0 0.646875 0.278125 0.031250 0.031250
0 0.345313 0.275000 0.028125 0.031250
0 0.731250 0.876563 0.031250 0.028125
0 0.037500 0.964063 0.031250 0.028125
0 0.964063 0.640625 0.028125 0.031250
0 0.079687 0.275000 0.034375 0.031250
0 0.014063 0.845313 0.028125 0.028125
0 0.018750 0.392188 0.031250 0.028125
0 0.345313 0.448437 0.028125 0.028125
0 0.642188 0.617188 0.028125 0.028125
0 0.776563 0.701562 0.028125 0.028125
0 0.912500 0.282813 0.031250 0.034375
0 0.462500 0.473438 0.031250 0.028125
0 0.146875 0.275000 0.031250 0.031250
0 0.812500 0.281250 0.031250 0.031250
0 0.612500 0.278125 0.031250 0.031250
0 0.843750 0.282813 0.031250 0.034375
0 0.295312 0.476562 0.028125 0.028125
0 0.965625 0.606250 0.031250 0.031250
0 0.685937 0.704688 0.028125 0.028125
0 0.018750 0.682813 0.031250 0.028125
0 0.945312 0.279687 0.034375 0.034375
0 0.810937 0.760938 0.028125 0.028125
0 0.701562 0.732812 0.028125 0.028125
0 0.942187 0.451562 0.028125 0.028125
0 0.014063 0.810937 0.028125 0.028125
0 0.259375 0.848437 0.031250 0.028125
0 0.548438 0.278125 0.034375 0.031250
0 0.381250 0.276562 0.031250 0.034375
0 0.018750 0.334375 0.031250 0.031250
0 0.526563 0.585938 0.028125 0.028125
0 0.578125 0.278125 0.031250 0.031250
0 0.114062 0.700000 0.034375 0.031250
0 0.976562 0.282813 0.034375 0.034375
0 0.014063 0.748437 0.028125 0.028125
0 0.575000 0.978125 0.031250 0.031250
0 0.676562 0.673438 0.028125 0.028125
0 0.014063 0.779687 0.028125 0.028125
0 0.014063 0.879687 0.028125 0.028125
0 0.520312 0.978125 0.028125 0.025000
0 0.870313 0.979688 0.028125 0.028125
