0 0.151562 0.365625 0.028125 0.031250
0 0.095312 0.934375 0.028125 0.031250
0 0.692187 0.792188 0.028125 0.028125
0 0.121875 0.703125 0.031250 0.031250
0 0.421875 0.929688 0.031250 0.028125
0 0.037500 0.671875 0.031250 0.031250
0 0.076563 0.785937 0.028125 0.028125
0 0.053125 0.590625 0.031250 0.031250
0 0.256250 0.870313 0.031250 0.034375
0 0.625000 0.843750 0.031250 0.031250
0 0.339062 0.843750 0.028125 0.031250
0 0.368750 0.504687 0.031250 0.028125
0 0.290625 0.929688 0.031250 0.028125
0 0.303125 0.506250 0.031250 0.031250
0 0.140625 0.784375 0.031250 0.031250
0 0.503125 0.842187 0.031250 0.028125
0 0.109375 0.784375 0.031250 0.031250
0 0.104688 0.729688 0.028125 0.028125
0 0.062500 0.881250 0.031250 0.031250
0 0.073438 0.840625 0.028125 0.031250
0 0.470313 0.785937 0.028125 0.028125
0 0.054688 0.478125 0.028125 0.031250
0 0.385937 0.929688 0.028125 0.028125
0 0.040625 0.728125 0.031250 0.031250
0 0.035937 0.506250 0.028125 0.031250
0 0.503125 0.900000 0.031250 0.031250
0 0.403125 0.900000 0.031250 0.031250
0 0.321875 0.929688 0.031250 0.028125
0 0.053125 0.421875 0.031250 0.031250
0 0.323437 0.870313 0.028125 0.028125
0 0.220312 0.532813 0.028125 0.028125
0 0.518750 0.870313 0.031250 0.028125
0 0.356250 0.871875 0.031250 0.031250
0 0.225000 0.814063 0.031250 0.028125
0 0.089063 0.757812 0.028125 0.028125
0 0.037500 0.562500 0.031250 0.031250
0 0.045312 0.789062 0.028125 0.028125
0 0.137500 0.671875 0.031250 0.031250
0 0.418750 0.646875 0.031250 0.031250
0 0.200000 0.448437 0.031250 0.028125
0 0.534375 0.842187 0.031250 0.028125
0 0.121875 0.882812 0.031250 0.034375
0 0.354687 0.703125 0.028125 0.031250
0 0.581250 0.887500 0.031250 0.031250
0 0.421875 0.875000 0.031250 0.031250
0 0.109375 0.840625 0.031250 0.031250
0 0.070312 0.562500 0.028125 0.031250
0 0.437500 0.956250 0.031250 0.031250
0 0.373437 0.843750 0.028125 0.031250
0 0.190625 0.757812 0.031250 0.028125
0 0.596875 0.859375 0.031250 0.031250
0 0.204687 0.562500 0.028125 0.031250
0 0.534375 0.729688 0.031250 0.028125
0 0.190625 0.700000 0.031250 0.031250
0 0.485938 0.929688 0.028125 0.028125
0 0.242188 0.843750 0.028125 0.031250
0 0.454688 0.815625 0.028125 0.031250
0 0.059375 0.815625 0.031250 0.031250
0 0.485938 0.815625 0.028125 0.031250
0 0.057813 0.759375 0.028125 0.031250
0 0.420312 0.815625 0.028125 0.031250
0 0.240625 0.729688 0.031250 0.028125
0 0.609375 0.812500 0.031250 0.031250
0 0.203125 0.503125 0.031250 0.031250
0 0.240625 0.787500 0.031250 0.031250
0 0.257812 0.757812 0.028125 0.028125
0 0.501563 0.729688 0.028125 0.028125
0 0.125000 0.754687 0.031250 0.028125
0 0.173437 0.728125 0.028125 0.031250
0 0.025000 0.757812 0.031250 0.028125
0 0.635938 0.871875 0.028125 0.031250
0 0.190625 0.812500 0.031250 0.031250
0 0.275000 0.729688 0.031250 0.028125
0 0.035937 0.618750 0.028125 0.031250
0 0.517188 0.532813 0.028125 0.028125
0 0.026562 0.815625 0.028125 0.031250
0 0.532813 0.785937 0.028125 0.028125
0 0.064062 0.917188 0.034375 0.034375
0 0.173437 0.784375 0.028125 0.031250
0 0.209375 0.673438 0.031250 0.028125
0 0.056250 0.700000 0.031250 0.031250
0 0.137500 0.615625 0.031250 0.031250
0 0.089063 0.700000 0.028125 0.031250
0 0.614062 0.476562 0.028125 0.028125
0 0.273438 0.785937 0.028125 0.028125
0 0.453125 0.756250 0.031250 0.031250
0 0.370312 0.900000 0.028125 0.031250
0 0.417187 0.423438 0.028125 0.028125
0 0.187500 0.532813 0.031250 0.028125
0 0.067187 0.504687 0.028125 0.028125
0 0.353125 0.587500 0.031250 0.031250
0 0.020313 0.703125 0.028125 0.031250
0 0.156250 0.754687 0.031250 0.028125
0 0.337500 0.901563 0.031250 0.028125
0 0.468750 0.729688 0.031250 0.028125
0 0.548438 0.887500 0.028125 0.031250
0 0.071875 0.618750 0.031250 0.031250
0 0.071875 0.670312 0.031250 0.028125
0 0.167187 0.504687 0.028125 0.028125
0 0.153125 0.903125 0.031250 0.031250
0 0.071875 0.728125 0.031250 0.031250
0 0.275000 0.842187 0.031250 0.028125
0 0.093750 0.868750 0.031250 0.031250
0 0.157812 0.700000 0.028125 0.031250
0 0.339062 0.729688 0.028125 0.028125
0 0.054688 0.534375 0.028125 0.031250
0 0.403125 0.956250 0.031250 0.031250
0 0.470313 0.957812 0.028125 0.028125
0 0.085938 0.364063 0.028125 0.028125
0 0.037500 0.393750 0.031250 0.031250
0 0.085938 0.421875 0.028125 0.031250
0 0.370312 0.729688 0.028125 0.028125
0 0.104688 0.615625 0.028125 0.031250
0 0.142187 0.728125 0.028125 0.031250
0 0.387500 0.759375 0.031250 0.031250
0 0.206250 0.729688 0.031250 0.028125
0 0.087500 0.589063 0.031250 0.028125
0 0.437500 0.785937 0.031250 0.028125
0 0.246875 0.915625 0.031250 0.031250
0 0.584375 0.418750 0.031250 0.031250
0 0.306250 0.729688 0.031250 0.028125
0 0.434375 0.450000 0.031250 0.031250
0 0.451562 0.870313 0.028125 0.028125
0 0.125000 0.948438 0.031250 0.028125
0 0.273438 0.559375 0.028125 0.031250
0 0.150000 0.421875 0.031250 0.031250
0 0.398438 0.451562 0.028125 0.028125
0 0.453125 0.929688 0.031250 0.028125
0 0.089063 0.645312 0.028125 0.028125
0 0.612500 0.895312 0.031250 0.028125
0 0.351562 0.534375 0.028125 0.031250
0 0.485938 0.873437 0.028125 0.028125
0 0.054688 0.643750 0.028125 0.031250
0 0.240625 0.615625 0.031250 0.031250
0 0.617188 0.587500 0.028125 0.031250
0 0.531250 0.971875 0.031250 0.031250
0 0.467187 0.450000 0.028125 0.031250
0 0.296875 0.959375 0.031250 0.031250
0 0.273438 0.617188 0.028125 0.028125
0 0.118750 0.421875 0.031250 0.031250
0 0.400000 0.617188 0.031250 0.028125
0 0.451562 0.421875 0.028125 0.031250
0 0.656250 0.846875 0.031250 0.031250
0 0.123438 0.814063 0.028125 0.028125
0 0.598437 0.559375 0.028125 0.031250
0 0.225000 0.646875 0.031250 0.031250
0 0.414062 0.367188 0.028125 0.028125
0 0.032813 0.921875 0.034375 0.031250
0 0.098437 0.332813 0.028125 0.028125
0 0.451562 0.478125 0.028125 0.031250
0 0.306250 0.842187 0.031250 0.028125
0 0.282813 0.421875 0.028125 0.031250
0 0.404687 0.560937 0.028125 0.028125
0 0.070312 0.450000 0.028125 0.031250
0 0.565625 0.504687 0.031250 0.028125
0 0.320312 0.589063 0.028125 0.028125
0 0.190625 0.870313 0.031250 0.028125
0 0.517188 0.759375 0.028125 0.031250
0 0.470313 0.900000 0.028125 0.031250
0 0.043750 0.850000 0.031250 0.031250
0 0.546875 0.943750 0.031250 0.031250
0 0.092188 0.814063 0.028125 0.028125
0 0.403125 0.675000 0.031250 0.031250
0 0.085938 0.476562 0.028125 0.028125
0 0.403125 0.729688 0.031250 0.028125
0 0.300000 0.448437 0.031250 0.028125
0 0.320312 0.475000 0.028125 0.031250
0 0.381250 0.365625 0.031250 0.031250
0 0.531250 0.915625 0.031250 0.031250
0 0.156250 0.934375 0.031250 0.031250
0 0.139063 0.562500 0.028125 0.031250
0 0.106250 0.562500 0.031250 0.031250
0 0.387500 0.871875 0.031250 0.031250
0 0.406250 0.787500 0.031250 0.031250
0 0.418750 0.590625 0.031250 0.031250
0 0.642188 0.815625 0.028125 0.031250
0 0.206250 0.784375 0.031250 0.031250
0 0.254688 0.645312 0.028125 0.028125
0 0.156250 0.534375 0.031250 0.031250
0 0.289062 0.645312 0.028125 0.028125
0 0.200000 0.334375 0.031250 0.031250
0 0.268750 0.504687 0.031250 0.028125
0 0.200000 0.392188 0.031250 0.028125
0 0.225000 0.870313 0.031250 0.028125
0 0.356250 0.814063 0.031250 0.028125
0 0.321875 0.703125 0.031250 0.031250
0 0.253125 0.476562 0.031250 0.028125
0 0.215625 0.901563 0.031250 0.034375
0 0.631250 0.446875 0.031250 0.031250
0 0.385937 0.587500 0.028125 0.031250
0 0.106250 0.671875 0.031250 0.031250
0 0.157812 0.810937 0.028125 0.028125
0 0.437500 0.900000 0.031250 0.031250
0 0.648438 0.703125 0.028125 0.031250
0 0.396875 0.396875 0.031250 0.031250
0 0.223438 0.701562 0.028125 0.028125
0 0.184375 0.421875 0.031250 0.031250
0 0.500000 0.971875 0.031250 0.031250
0 0.617188 0.532813 0.028125 0.028125
0 0.135937 0.450000 0.028125 0.031250
0 0.689063 0.940625 0.028125 0.031250
0 0.500000 0.392188 0.031250 0.028125
0 0.289062 0.757812 0.028125 0.028125
0 0.453125 0.645312 0.031250 0.028125
0 0.035937 0.448437 0.028125 0.028125
0 0.167187 0.335938 0.028125 0.028125
0 0.670312 0.879687 0.028125 0.028125
0 0.632812 0.731250 0.028125 0.031250
0 0.257812 0.815625 0.028125 0.031250
0 0.354687 0.929688 0.028125 0.028125
0 0.562500 0.859375 0.031250 0.031250
0 0.290625 0.871875 0.031250 0.031250
0 0.101562 0.392188 0.028125 0.028125
0 0.093750 0.903125 0.031250 0.031250
0 0.135937 0.507812 0.028125 0.028125
0 0.200000 0.931250 0.031250 0.031250
0 0.678125 0.907813 0.031250 0.028125
0 0.645312 0.904687 0.028125 0.028125
0 0.656250 0.932813 0.031250 0.028125
0 0.581250 0.831250 0.031250 0.031250
0 0.534375 0.673438 0.031250 0.028125
0 0.021875 0.590625 0.031250 0.031250
0 0.289062 0.589063 0.028125 0.028125
0 0.156250 0.589063 0.031250 0.028125
0 0.170313 0.560937 0.028125 0.028125
0 0.553125 0.815625 0.031250 0.031250
0 0.151562 0.307812 0.028125 0.028125
0 0.085938 0.532813 0.028125 0.028125
0 0.551562 0.759375 0.028125 0.031250
0 0.121875 0.587500 0.031250 0.031250
0 0.390625 0.814063 0.031250 0.028125
0 0.715625 0.471875 0.031250 0.031250
0 0.435937 0.507812 0.028125 0.028125
0 0.234375 0.448437 0.031250 0.028125
0 0.189062 0.589063 0.028125 0.028125
0 0.184375 0.365625 0.031250 0.031250
0 0.173437 0.839063 0.028125 0.028125
0 0.262500 0.945312 0.031250 0.028125
0 0.420312 0.532813 0.028125 0.028125
0 0.339062 0.675000 0.028125 0.031250
0 0.629687 0.785937 0.028125 0.028125
0 0.553125 0.643750 0.031250 0.031250
0 0.173437 0.673438 0.028125 0.028125
0 0.235937 0.503125 0.028125 0.031250
0 0.534375 0.560937 0.031250 0.028125
0 0.582812 0.532813 0.028125 0.028125
0 0.387500 0.703125 0.031250 0.031250
0 0.470313 0.845313 0.028125 0.028125
0 0.306250 0.673438 0.031250 0.028125
0 0.468750 0.504687 0.031250 0.028125
0 0.582812 0.589063 0.028125 0.028125
0 0.665625 0.443750 0.031250 0.031250
0 0.284375 0.364063 0.031250 0.028125
0 0.320312 0.643750 0.028125 0.031250
0 0.182812 0.903125 0.034375 0.031250
0 0.167187 0.392188 0.028125 0.028125
0 0.318750 0.423438 0.031250 0.028125
0 0.548438 0.478125 0.028125 0.031250
0 0.103125 0.451562 0.031250 0.028125
0 0.729688 0.617188 0.034375 0.034375
0 0.485938 0.759375 0.028125 0.031250
0 0.518750 0.815625 0.031250 0.031250
0 0.400000 0.339062 0.031250 0.028125
0 0.020313 0.534375 0.028125 0.031250
0 0.370312 0.789062 0.028125 0.028125
0 0.485938 0.646875 0.028125 0.031250
0 0.093750 0.968750 0.031250 0.031250
0 0.206250 0.618750 0.031250 0.031250
0 0.070312 0.393750 0.028125 0.031250
0 0.184375 0.478125 0.031250 0.031250
0 0.103125 0.504687 0.031250 0.028125
0 0.693750 0.615625 0.031250 0.031250
0 0.157812 0.868750 0.034375 0.031250
0 0.121875 0.532813 0.031250 0.028125
0 0.448437 0.309375 0.028125 0.031250
0 0.251563 0.364063 0.028125 0.028125
0 0.484375 0.476562 0.031250 0.028125
0 0.206250 0.840625 0.031250 0.031250
0 0.420312 0.703125 0.028125 0.031250
0 0.665625 0.503125 0.031250 0.031250
0 0.596875 0.729688 0.031250 0.028125
0 0.581250 0.476562 0.031250 0.028125
0 0.267188 0.392188 0.028125 0.028125
0 0.323437 0.759375 0.028125 0.031250
0 0.289062 0.814063 0.028125 0.028125
0 0.053125 0.365625 0.031250 0.031250
0 0.300000 0.393750 0.031250 0.031250
0 0.582812 0.757812 0.028125 0.028125
0 0.018750 0.478125 0.031250 0.031250
0 0.465625 0.393750 0.031250 0.031250
0 0.331250 0.396875 0.031250 0.031250
0 0.184375 0.306250 0.031250 0.031250
0 0.632812 0.503125 0.028125 0.031250
0 0.450000 0.703125 0.031250 0.031250
0 0.157812 0.643750 0.028125 0.031250
0 0.218750 0.307812 0.031250 0.028125
0 0.370312 0.673438 0.028125 0.028125
0 0.067187 0.278125 0.028125 0.031250
0 0.323437 0.814063 0.028125 0.028125
0 0.150000 0.970313 0.031250 0.028125
0 0.385937 0.479687 0.028125 0.028125
0 0.354687 0.418750 0.028125 0.031250
0 0.368750 0.614062 0.031250 0.028125
0 0.567187 0.562500 0.028125 0.031250
0 0.567187 0.675000 0.028125 0.031250
0 0.218750 0.365625 0.031250 0.031250
0 0.178125 0.956250 0.031250 0.031250
0 0.468750 0.559375 0.031250 0.031250
0 0.306250 0.784375 0.031250 0.031250
0 0.715625 0.531250 0.031250 0.031250
0 0.501563 0.785937 0.028125 0.028125
0 0.646875 0.475000 0.031250 0.031250
0 0.273438 0.673438 0.028125 0.028125
0 0.534375 0.617188 0.031250 0.028125
0 0.304688 0.559375 0.028125 0.031250
0 0.551562 0.701562 0.028125 0.028125
0 0.367188 0.560937 0.028125 0.028125
0 0.403125 0.843750 0.031250 0.031250
0 0.332813 0.504687 0.028125 0.028125
0 0.681250 0.704688 0.031250 0.028125
0 0.696875 0.734375 0.031250 0.031250
0 0.435937 0.673438 0.028125 0.028125
0 0.595313 0.784375 0.028125 0.031250
0 0.353125 0.645312 0.031250 0.028125
0 0.501563 0.676562 0.028125 0.028125
0 0.515625 0.418750 0.031250 0.031250
0 0.140625 0.840625 0.031250 0.031250
0 0.662500 0.731250 0.031250 0.031250
0 0.564063 0.915625 0.028125 0.031250
0 0.532813 0.504687 0.028125 0.028125
0 0.251563 0.534375 0.028125 0.031250
0 0.565625 0.390625 0.031250 0.031250
0 0.598437 0.617188 0.028125 0.028125
0 0.215625 0.421875 0.031250 0.031250
0 0.132812 0.392188 0.028125 0.028125
0 0.650000 0.531250 0.031250 0.031250
0 0.448437 0.367188 0.028125 0.028125
0 0.512500 0.943750 0.031250 0.031250
0 0.370312 0.956250 0.028125 0.031250
0 0.515625 0.590625 0.031250 0.031250
0 0.068750 0.337500 0.031250 0.031250
0 0.257812 0.700000 0.028125 0.031250
0 0.714063 0.589063 0.028125 0.028125
0 0.601562 0.673438 0.028125 0.028125
0 0.484375 0.365625 0.031250 0.031250
0 0.420312 0.478125 0.028125 0.031250
0 0.356250 0.759375 0.031250 0.031250
0 0.700000 0.443750 0.031250 0.031250
0 0.665625 0.562500 0.031250 0.031250
0 0.432812 0.393750 0.028125 0.031250
0 0.231250 0.946875 0.031250 0.031250
0 0.121875 0.915625 0.031250 0.031250
0 0.335938 0.562500 0.028125 0.031250
0 0.517188 0.476562 0.028125 0.028125
0 0.085938 0.307812 0.028125 0.028125
0 0.034375 0.962500 0.031250 0.031250
0 0.482812 0.420312 0.028125 0.028125
0 0.662500 0.673438 0.031250 0.028125
0 0.209375 0.970313 0.031250 0.034375
0 0.367188 0.451562 0.028125 0.028125
0 0.550000 0.589063 0.031250 0.028125
0 0.385937 0.532813 0.028125 0.028125
0 0.337500 0.448437 0.031250 0.028125
0 0.226562 0.759375 0.028125 0.031250
0 0.234375 0.392188 0.031250 0.028125
0 0.615625 0.646875 0.031250 0.031250
0 0.018750 0.643750 0.031250 0.031250
0 0.217188 0.589063 0.028125 0.028125
0 0.679688 0.762500 0.028125 0.031250
0 0.665625 0.615625 0.031250 0.031250
0 0.567187 0.729688 0.028125 0.028125
0 0.468750 0.675000 0.031250 0.031250
0 0.631250 0.673438 0.031250 0.028125
0 0.435937 0.618750 0.028125 0.031250
0 0.317188 0.364063 0.028125 0.028125
0 0.562500 0.450000 0.031250 0.031250
0 0.300000 0.335938 0.031250 0.028125
0 0.151562 0.478125 0.028125 0.031250
0 0.548438 0.418750 0.028125 0.031250
0 0.645312 0.759375 0.028125 0.031250
0 0.598437 0.503125 0.028125 0.031250
0 0.285938 0.476562 0.028125 0.028125
0 0.451562 0.534375 0.028125 0.031250
0 0.118750 0.307812 0.031250 0.028125
0 0.118750 0.362500 0.031250 0.031250
0 0.731250 0.559375 0.031250 0.031250
0 0.306250 0.900000 0.031250 0.031250
0 0.531250 0.392188 0.031250 0.028125
0 0.350000 0.365625 0.031250 0.031250
0 0.598437 0.389062 0.028125 0.028125
0 0.250000 0.421875 0.031250 0.031250
0 0.285938 0.531250 0.028125 0.031250
0 0.167187 0.450000 0.028125 0.031250
0 0.065625 0.950000 0.031250 0.031250
0 0.265625 0.334375 0.031250 0.031250
0 0.709375 0.765625 0.031250 0.031250
0 0.273438 0.900000 0.028125 0.031250
0 0.646875 0.646875 0.031250 0.031250
0 0.348438 0.310937 0.028125 0.028125
0 0.745313 0.923438 0.028125 0.028125
0 0.500000 0.503125 0.031250 0.031250
0 0.501563 0.448437 0.028125 0.028125
0 0.750000 0.585938 0.031250 0.034375
0 0.384375 0.310937 0.031250 0.028125
0 0.417187 0.310937 0.028125 0.028125
0 0.485938 0.589063 0.028125 0.028125
0 0.464062 0.340625 0.028125 0.031250
0 0.232813 0.335938 0.028125 0.028125
0 0.018750 0.362500 0.031250 0.031250
0 0.551562 0.532813 0.028125 0.028125
0 0.242188 0.673438 0.028125 0.028125
0 0.675000 0.820312 0.031250 0.028125
0 0.564063 0.789062 0.028125 0.028125
0 0.567187 0.617188 0.028125 0.028125
0 0.387500 0.643750 0.031250 0.031250
0 0.351562 0.478125 0.028125 0.031250
0 0.687500 0.853125 0.031250 0.031250
0 0.614062 0.757812 0.028125 0.028125
0 0.648438 0.589063 0.028125 0.028125
0 0.517188 0.701562 0.028125 0.028125
0 0.468750 0.617188 0.031250 0.028125
0 0.484375 0.704688 0.031250 0.028125
0 0.364063 0.335938 0.028125 0.028125
0 0.698438 0.503125 0.028125 0.031250
0 0.518750 0.645312 0.031250 0.028125
0 0.435937 0.564063 0.028125 0.028125
0 0.118750 0.478125 0.031250 0.031250
0 0.515625 0.362500 0.031250 0.031250
0 0.218750 0.478125 0.031250 0.031250
0 0.123438 0.643750 0.028125 0.031250
0 0.617188 0.701562 0.028125 0.028125
0 0.332813 0.335938 0.028125 0.028125
0 0.339062 0.785937 0.028125 0.028125
0 0.435937 0.845313 0.028125 0.028125
0 0.084375 0.246875 0.031250 0.031250
0 0.501563 0.560937 0.028125 0.028125
0 0.404687 0.504687 0.028125 0.028125
0 0.615625 0.417187 0.031250 0.028125
0 0.289062 0.701562 0.028125 0.028125
0 0.646875 0.415625 0.031250 0.031250
0 0.667188 0.964063 0.028125 0.028125
0 0.682813 0.414062 0.034375 0.034375
0 0.712500 0.915625 0.031250 0.031250
0 0.031250 0.887500 0.031250 0.031250
0 0.534375 0.331250 0.031250 0.031250
0 0.598437 0.448437 0.028125 0.028125
0 0.432812 0.339062 0.028125 0.028125
0 0.267188 0.448437 0.028125 0.028125
0 0.240625 0.564063 0.031250 0.028125
0 0.190625 0.645312 0.031250 0.028125
0 0.706250 0.826562 0.031250 0.028125
0 0.304688 0.617188 0.028125 0.028125
0 0.585938 0.643750 0.028125 0.031250
0 0.731250 0.501563 0.031250 0.028125
0 0.134375 0.278125 0.031250 0.031250
0 0.382812 0.423438 0.028125 0.028125
0 0.418750 0.759375 0.031250 0.031250
0 0.714063 0.645312 0.028125 0.028125
0 0.595313 0.925000 0.028125 0.031250
0 0.720313 0.859375 0.034375 0.031250
0 0.451562 0.589063 0.028125 0.028125
0 0.167187 0.278125 0.028125 0.031250
0 0.682813 0.646875 0.028125 0.031250
0 0.681250 0.471875 0.031250 0.031250
0 0.339062 0.956250 0.028125 0.031250
0 0.034375 0.278125 0.031250 0.031250
0 0.267188 0.978125 0.028125 0.031250
0 0.546875 0.362500 0.031250 0.031250
0 0.051562 0.307812 0.028125 0.028125
0 0.018750 0.421875 0.031250 0.031250
0 0.320312 0.532813 0.028125 0.028125
0 0.698438 0.971875 0.034375 0.031250
0 0.585938 0.701562 0.028125 0.028125
0 0.282813 0.304688 0.028125 0.028125
0 0.434375 0.731250 0.031250 0.031250
0 0.698438 0.559375 0.028125 0.031250
0 0.367188 0.281250 0.028125 0.031250
0 0.335938 0.617188 0.028125 0.028125
0 0.232813 0.276562 0.028125 0.028125
0 0.398438 0.282813 0.028125 0.028125
0 0.681250 0.587500 0.031250 0.031250
0 0.050000 0.250000 0.031250 0.031250
0 0.734375 0.890625 0.031250 0.031250
0 0.484375 0.534375 0.031250 0.031250
0 0.701562 0.884375 0.028125 0.031250
0 0.478125 0.300000 0.031250 0.031250
0 0.496875 0.337500 0.031250 0.031250
0 0.660937 0.789062 0.028125 0.028125
0 0.681250 0.529687 0.031250 0.028125
0 0.256250 0.587500 0.031250 0.031250
0 0.632812 0.618750 0.028125 0.031250
0 0.604688 0.968750 0.034375 0.031250
0 0.578125 0.953125 0.031250 0.031250
0 0.021875 0.307812 0.031250 0.028125
0 0.725000 0.796875 0.031250 0.031250
0 0.632812 0.559375 0.028125 0.031250
0 0.640625 0.384375 0.031250 0.031250
0 0.753125 0.528125 0.031250 0.031250
0 0.698438 0.675000 0.028125 0.031250
0 0.581250 0.359375 0.031250 0.031250
0 0.432812 0.284375 0.028125 0.031250
0 0.173437 0.618750 0.028125 0.031250
0 0.118750 0.250000 0.031250 0.031250
0 0.720313 0.948438 0.028125 0.028125
0 0.350000 0.250000 0.031250 0.031250
0 0.248438 0.306250 0.028125 0.031250
0 0.098437 0.279687 0.028125 0.028125
0 0.748437 0.768750 0.034375 0.037500
0 0.332813 0.278125 0.028125 0.031250
0 0.498437 0.618750 0.028125 0.031250
0 0.460938 0.270313 0.034375 0.034375
0 0.757812 0.798438 0.034375 0.034375
0 0.742188 0.832812 0.034375 0.034375
0 0.134375 0.332813 0.031250 0.028125
0 0.564063 0.978125 0.028125 0.031250
0 0.267188 0.278125 0.028125 0.031250
0 0.200000 0.278125 0.031250 0.031250
0 0.150000 0.246875 0.031250 0.031250
0 0.635938 0.959375 0.028125 0.031250
0 0.615625 0.360938 0.031250 0.034375
0 0.753125 0.959375 0.031250 0.031250
0 0.300000 0.276562 0.031250 0.028125
0 0.035937 0.335938 0.028125 0.028125
0 0.017188 0.845313 0.028125 0.028125
0 0.184375 0.246875 0.031250 0.031250
0 0.064062 0.978125 0.028125 0.025000
0 0.751563 0.476562 0.034375 0.034375
0 0.675000 0.376563 0.031250 0.034375
0 0.626563 0.926562 0.028125 0.028125
0 0.215625 0.250000 0.031250 0.031250
