0 0.665625 0.350000 0.031250 0.031250
0 0.614062 0.321875 0.028125 0.031250
0 0.300000 0.759375 0.031250 0.031250
0 0.665625 0.465625 0.031250 0.031250
0 0.848437 0.839063 0.028125 0.028125
0 0.718750 0.901563 0.031250 0.028125
0 0.381250 0.671875 0.031250 0.031250
0 0.781250 0.840625 0.031250 0.031250
0 0.765625 0.637500 0.031250 0.031250
0 0.350000 0.729688 0.031250 0.028125
0 0.864062 0.807813 0.028125 0.028125
0 0.734375 0.871875 0.031250 0.031250
0 0.765625 0.753125 0.031250 0.031250
0 0.831250 0.809375 0.031250 0.031250
0 0.912500 0.606250 0.031250 0.031250
0 0.896875 0.693750 0.031250 0.031250
0 0.100000 0.584375 0.031250 0.031250
0 0.684375 0.901563 0.031250 0.028125
0 0.501563 0.871875 0.028125 0.031250
0 0.912500 0.721875 0.031250 0.031250
0 0.665625 0.696875 0.031250 0.031250
0 0.928125 0.693750 0.031250 0.031250
0 0.767188 0.871875 0.028125 0.031250
0 0.798438 0.753125 0.028125 0.031250
0 0.196875 0.353125 0.031250 0.031250
0 0.231250 0.584375 0.031250 0.031250
0 0.900000 0.350000 0.031250 0.031250
0 0.698438 0.581250 0.028125 0.031250
0 0.915625 0.378125 0.031250 0.031250
0 0.568750 0.871875 0.031250 0.031250
0 0.700000 0.871875 0.031250 0.031250
0 0.846875 0.721875 0.031250 0.031250
0 0.881250 0.778125 0.031250 0.031250
0 0.751563 0.901563 0.028125 0.028125
0 0.912500 0.778125 0.031250 0.031250
0 0.746875 0.725000 0.031250 0.031250
0 0.750000 0.840625 0.031250 0.031250
0 0.665625 0.523438 0.031250 0.028125
0 0.100000 0.526563 0.031250 0.028125
0 0.714063 0.726562 0.028125 0.028125
0 0.246875 0.439063 0.031250 0.028125
0 0.750000 0.784375 0.031250 0.031250
0 0.765625 0.812500 0.031250 0.031250
0 0.568750 0.756250 0.031250 0.031250
0 0.934375 0.350000 0.031250 0.031250
0 0.682813 0.784375 0.028125 0.031250
0 0.798438 0.812500 0.028125 0.031250
0 0.814063 0.609375 0.034375 0.031250
0 0.081250 0.381250 0.031250 0.031250
0 0.912500 0.662500 0.031250 0.031250
0 0.798438 0.693750 0.028125 0.031250
0 0.879687 0.721875 0.028125 0.031250
0 0.912500 0.550000 0.031250 0.031250
0 0.879687 0.665625 0.028125 0.031250
0 0.848437 0.320312 0.028125 0.028125
0 0.895312 0.635938 0.028125 0.028125
0 0.115625 0.496875 0.031250 0.031250
0 0.815625 0.839063 0.031250 0.028125
0 0.650000 0.725000 0.031250 0.031250
0 0.946875 0.665625 0.031250 0.031250
0 0.865625 0.350000 0.031250 0.031250
0 0.731250 0.637500 0.031250 0.031250
0 0.651563 0.901563 0.028125 0.028125
0 0.781250 0.725000 0.031250 0.031250
0 0.064062 0.412500 0.028125 0.031250
0 0.165625 0.353125 0.031250 0.031250
0 0.846875 0.665625 0.031250 0.031250
0 0.815625 0.321875 0.031250 0.031250
0 0.646875 0.553125 0.031250 0.031250
0 0.715625 0.843750 0.031250 0.031250
0 0.781250 0.609375 0.031250 0.031250
0 0.964063 0.635938 0.028125 0.028125
0 0.146875 0.381250 0.031250 0.031250
0 0.714063 0.495312 0.028125 0.028125
0 0.432812 0.698438 0.028125 0.028125
0 0.765625 0.465625 0.031250 0.031250
0 0.831250 0.635938 0.031250 0.028125
0 0.831250 0.695312 0.031250 0.028125
0 0.350000 0.787500 0.031250 0.031250
0 0.065625 0.528125 0.031250 0.031250
0 0.931250 0.635938 0.031250 0.028125
0 0.765625 0.407813 0.031250 0.028125
0 0.601562 0.757812 0.028125 0.028125
0 0.584375 0.901563 0.031250 0.028125
0 0.317188 0.787500 0.028125 0.031250
0 0.384375 0.728125 0.031250 0.031250
0 0.798438 0.637500 0.028125 0.031250
0 0.682813 0.726562 0.028125 0.028125
0 0.765625 0.579688 0.031250 0.028125
0 0.864062 0.750000 0.028125 0.031250
0 0.831250 0.465625 0.031250 0.031250
0 0.198437 0.584375 0.028125 0.031250
0 0.367188 0.525000 0.028125 0.031250
0 0.165625 0.526563 0.031250 0.028125
0 0.215625 0.671875 0.031250 0.031250
0 0.246875 0.381250 0.031250 0.031250
0 0.117188 0.556250 0.028125 0.031250
0 0.864062 0.695312 0.028125 0.028125
0 0.814063 0.665625 0.028125 0.031250
0 0.746875 0.667188 0.031250 0.028125
0 0.214062 0.382812 0.028125 0.028125
0 0.846875 0.781250 0.031250 0.031250
0 0.879687 0.606250 0.028125 0.031250
0 0.048438 0.496875 0.028125 0.031250
0 0.367188 0.757812 0.028125 0.028125
0 0.832812 0.348438 0.028125 0.028125
0 0.895312 0.807813 0.028125 0.028125
0 0.615625 0.668750 0.031250 0.031250
0 0.746875 0.609375 0.031250 0.031250
0 0.700000 0.754687 0.031250 0.028125
0 0.896875 0.521875 0.031250 0.031250
0 0.681250 0.553125 0.031250 0.031250
0 0.115625 0.437500 0.031250 0.031250
0 0.931250 0.750000 0.031250 0.031250
0 0.465625 0.698438 0.031250 0.028125
0 0.864062 0.635938 0.028125 0.028125
0 0.267188 0.932813 0.028125 0.028125
0 0.231250 0.875000 0.031250 0.031250
0 0.946875 0.778125 0.031250 0.031250
0 0.584375 0.843750 0.031250 0.031250
0 0.796875 0.350000 0.031250 0.031250
0 0.334375 0.700000 0.031250 0.031250
0 0.600000 0.581250 0.031250 0.031250
0 0.115625 0.381250 0.031250 0.031250
0 0.684375 0.843750 0.031250 0.031250
0 0.850000 0.434375 0.031250 0.031250
0 0.484375 0.668750 0.031250 0.031250
0 0.832812 0.868750 0.028125 0.031250
0 0.815625 0.493750 0.031250 0.031250
0 0.632812 0.523438 0.028125 0.028125
0 0.598437 0.698438 0.028125 0.028125
0 0.781250 0.495312 0.031250 0.028125
0 0.417187 0.728125 0.028125 0.031250
0 0.732812 0.523438 0.028125 0.028125
0 0.800000 0.870313 0.031250 0.028125
0 0.665625 0.581250 0.031250 0.031250
0 0.946875 0.721875 0.031250 0.031250
0 0.890625 0.975000 0.031250 0.031250
0 0.282813 0.612500 0.028125 0.031250
0 0.932813 0.290625 0.028125 0.031250
0 0.396875 0.350000 0.031250 0.031250
0 0.500000 0.640625 0.031250 0.031250
0 0.943750 0.948438 0.031250 0.028125
0 0.782813 0.665625 0.028125 0.031250
0 0.915625 0.318750 0.031250 0.031250
0 0.815625 0.434375 0.031250 0.031250
0 0.215625 0.906250 0.031250 0.031250
0 0.948438 0.434375 0.028125 0.031250
0 0.531250 0.350000 0.031250 0.031250
0 0.250000 0.671875 0.031250 0.031250
0 0.081250 0.496875 0.031250 0.031250
0 0.717187 0.784375 0.028125 0.031250
0 0.215625 0.612500 0.031250 0.031250
0 0.882812 0.320312 0.028125 0.028125
0 0.731250 0.465625 0.031250 0.031250
0 0.250000 0.903125 0.031250 0.031250
0 0.879687 0.837500 0.028125 0.031250
0 0.698438 0.407813 0.028125 0.028125
0 0.668750 0.931250 0.031250 0.031250
0 0.931250 0.521875 0.031250 0.031250
0 0.381250 0.381250 0.031250 0.031250
0 0.300000 0.698438 0.031250 0.028125
0 0.537500 0.871875 0.031250 0.031250
0 0.882812 0.909375 0.034375 0.031250
0 0.600000 0.637500 0.031250 0.031250
0 0.165625 0.582812 0.031250 0.028125
0 0.132812 0.525000 0.028125 0.031250
0 0.300000 0.642188 0.031250 0.028125
0 0.765625 0.696875 0.031250 0.031250
0 0.731250 0.581250 0.031250 0.031250
0 0.815625 0.378125 0.031250 0.031250
0 0.814063 0.725000 0.028125 0.031250
0 0.962500 0.693750 0.031250 0.031250
0 0.703125 0.931250 0.031250 0.031250
0 0.131250 0.468750 0.031250 0.031250
0 0.315625 0.671875 0.031250 0.031250
0 0.465625 0.584375 0.031250 0.031250
0 0.698438 0.696875 0.028125 0.031250
0 0.484375 0.612500 0.031250 0.031250
0 0.532813 0.640625 0.028125 0.031250
0 0.831250 0.753125 0.031250 0.031250
0 0.250000 0.612500 0.031250 0.031250
0 0.734375 0.812500 0.031250 0.031250
0 0.396875 0.293750 0.031250 0.031250
0 0.698438 0.523438 0.028125 0.028125
0 0.565625 0.640625 0.031250 0.031250
0 0.896875 0.750000 0.031250 0.031250
0 0.518750 0.901563 0.031250 0.028125
0 0.234375 0.932813 0.031250 0.028125
0 0.750000 0.381250 0.031250 0.031250
0 0.798438 0.579688 0.028125 0.028125
0 0.550000 0.553125 0.031250 0.031250
0 0.465625 0.640625 0.031250 0.031250
0 0.734375 0.931250 0.031250 0.031250
0 0.464062 0.351562 0.028125 0.028125
0 0.831250 0.579688 0.031250 0.028125
0 0.550000 0.610938 0.031250 0.028125
0 0.132812 0.582812 0.028125 0.028125
0 0.798438 0.521875 0.028125 0.031250
0 0.298438 0.525000 0.028125 0.031250
0 0.534375 0.814063 0.031250 0.028125
0 0.081250 0.323437 0.031250 0.028125
0 0.831250 0.521875 0.031250 0.031250
0 0.682813 0.667188 0.028125 0.028125
0 0.384375 0.785937 0.031250 0.028125
0 0.367188 0.815625 0.028125 0.031250
0 0.448437 0.381250 0.028125 0.031250
0 0.631250 0.637500 0.031250 0.031250
0 0.512500 0.321875 0.031250 0.031250
0 0.687500 0.959375 0.031250 0.031250
0 0.450000 0.668750 0.031250 0.031250
0 0.915625 0.434375 0.031250 0.031250
0 0.317188 0.728125 0.028125 0.031250
0 0.315625 0.554688 0.031250 0.028125
0 0.921875 0.975000 0.031250 0.031250
0 0.148438 0.496875 0.028125 0.031250
0 0.096875 0.412500 0.031250 0.031250
0 0.500000 0.698438 0.031250 0.028125
0 0.732812 0.696875 0.028125 0.031250
0 0.715625 0.667188 0.031250 0.028125
0 0.098437 0.353125 0.028125 0.031250
0 0.064062 0.353125 0.028125 0.031250
0 0.048438 0.381250 0.028125 0.031250
0 0.550000 0.787500 0.031250 0.031250
0 0.468750 0.871875 0.031250 0.031250
0 0.084375 0.846875 0.031250 0.031250
0 0.282813 0.671875 0.028125 0.031250
0 0.050000 0.615625 0.031250 0.031250
0 0.781250 0.550000 0.031250 0.031250
0 0.856250 0.971875 0.031250 0.031250
0 0.298438 0.584375 0.028125 0.031250
0 0.765625 0.350000 0.031250 0.031250
0 0.731250 0.348438 0.031250 0.028125
0 0.632812 0.698438 0.028125 0.028125
0 0.650000 0.784375 0.031250 0.031250
0 0.431250 0.351562 0.031250 0.028125
0 0.432812 0.525000 0.028125 0.031250
0 0.667188 0.754687 0.028125 0.028125
0 0.914062 0.257812 0.034375 0.034375
0 0.485938 0.901563 0.028125 0.028125
0 0.700000 0.814063 0.031250 0.028125
0 0.412500 0.381250 0.031250 0.031250
0 0.762500 0.523438 0.031250 0.028125
0 0.146875 0.323437 0.031250 0.034375
0 0.896875 0.578125 0.031250 0.031250
0 0.551562 0.901563 0.028125 0.028125
0 0.550000 0.843750 0.031250 0.031250
0 0.865625 0.878125 0.031250 0.031250
0 0.315625 0.612500 0.031250 0.031250
0 0.881250 0.550000 0.031250 0.031250
0 0.631250 0.581250 0.031250 0.031250
0 0.131250 0.350000 0.031250 0.031250
0 0.412500 0.321875 0.031250 0.031250
0 0.746875 0.495312 0.031250 0.028125
0 0.850000 0.550000 0.031250 0.031250
0 0.331250 0.525000 0.031250 0.031250
0 0.181250 0.439063 0.031250 0.028125
0 0.500000 0.581250 0.031250 0.031250
0 0.682813 0.610938 0.028125 0.028125
0 0.731250 0.753125 0.031250 0.031250
0 0.907813 0.945312 0.034375 0.034375
0 0.584375 0.553125 0.031250 0.031250
0 0.832812 0.406250 0.028125 0.031250
0 0.581250 0.381250 0.031250 0.031250
0 0.746875 0.437500 0.031250 0.031250
0 0.265625 0.584375 0.031250 0.031250
0 0.848437 0.609375 0.028125 0.031250
0 0.065625 0.582812 0.031250 0.028125
0 0.082812 0.556250 0.028125 0.031250
0 0.267188 0.642188 0.028125 0.028125
0 0.282813 0.554688 0.028125 0.028125
0 0.396875 0.468750 0.031250 0.031250
0 0.448437 0.554688 0.028125 0.028125
0 0.132812 0.873437 0.028125 0.028125
0 0.965625 0.465625 0.031250 0.031250
0 0.484375 0.553125 0.031250 0.031250
0 0.896875 0.865625 0.031250 0.031250
0 0.415625 0.439063 0.031250 0.028125
0 0.100000 0.468750 0.031250 0.031250
0 0.881250 0.378125 0.031250 0.031250
0 0.967187 0.348438 0.028125 0.028125
0 0.350000 0.495312 0.031250 0.028125
0 0.615625 0.437500 0.031250 0.031250
0 0.615625 0.784375 0.031250 0.031250
0 0.250000 0.553125 0.031250 0.031250
0 0.465625 0.525000 0.031250 0.031250
0 0.534375 0.757812 0.031250 0.028125
0 0.781250 0.378125 0.031250 0.031250
0 0.364063 0.351562 0.028125 0.028125
0 0.812500 0.781250 0.031250 0.031250
0 0.181250 0.382812 0.031250 0.028125
0 0.396875 0.409375 0.031250 0.031250
0 0.651563 0.960938 0.028125 0.028125
0 0.617188 0.728125 0.028125 0.031250
0 0.546875 0.381250 0.031250 0.031250
0 0.515625 0.381250 0.031250 0.031250
0 0.265625 0.468750 0.031250 0.031250
0 0.898438 0.290625 0.028125 0.031250
0 0.750000 0.959375 0.031250 0.031250
0 0.267188 0.700000 0.028125 0.031250
0 0.250000 0.846875 0.031250 0.031250
0 0.782813 0.782813 0.028125 0.028125
0 0.181250 0.612500 0.031250 0.031250
0 0.565625 0.581250 0.031250 0.031250
0 0.631250 0.756250 0.031250 0.031250
0 0.715625 0.379688 0.031250 0.028125
0 0.464062 0.409375 0.028125 0.031250
0 0.767188 0.931250 0.034375 0.031250
0 0.096875 0.293750 0.031250 0.031250
0 0.500000 0.409375 0.031250 0.031250
0 0.946875 0.550000 0.031250 0.031250
0 0.698438 0.637500 0.028125 0.031250
0 0.532813 0.581250 0.028125 0.031250
0 0.267188 0.873437 0.028125 0.028125
0 0.181250 0.556250 0.031250 0.031250
0 0.346875 0.379688 0.031250 0.028125
0 0.084375 0.612500 0.031250 0.031250
0 0.267188 0.815625 0.028125 0.031250
0 0.332813 0.757812 0.028125 0.028125
0 0.448437 0.610938 0.028125 0.028125
0 0.496875 0.350000 0.031250 0.031250
0 0.864062 0.579688 0.028125 0.028125
0 0.668750 0.871875 0.031250 0.031250
0 0.864062 0.290625 0.028125 0.031250
0 0.214062 0.439063 0.028125 0.028125
0 0.481250 0.379688 0.031250 0.028125
0 0.379688 0.321875 0.028125 0.031250
0 0.367188 0.698438 0.028125 0.028125
0 0.334375 0.642188 0.031250 0.028125
0 0.281250 0.381250 0.031250 0.031250
0 0.631250 0.292187 0.031250 0.028125
0 0.334375 0.818750 0.031250 0.031250
0 0.718750 0.959375 0.031250 0.031250
0 0.515625 0.610938 0.031250 0.028125
0 0.584375 0.610938 0.031250 0.028125
0 0.431250 0.409375 0.031250 0.031250
0 0.781250 0.437500 0.031250 0.031250
0 0.245312 0.325000 0.028125 0.031250
0 0.635938 0.931250 0.028125 0.031250
0 0.131250 0.412500 0.031250 0.031250
0 0.531250 0.293750 0.031250 0.031250
0 0.796875 0.293750 0.031250 0.031250
0 0.300000 0.815625 0.031250 0.031250
0 0.582812 0.728125 0.028125 0.031250
0 0.365625 0.409375 0.031250 0.031250
0 0.784375 0.900000 0.031250 0.031250
0 0.865625 0.521875 0.031250 0.031250
0 0.315625 0.495312 0.031250 0.028125
0 0.831250 0.290625 0.031250 0.031250
0 0.965625 0.578125 0.031250 0.031250
0 0.179688 0.314063 0.034375 0.034375
0 0.300000 0.932813 0.031250 0.028125
0 0.350000 0.668750 0.031250 0.031250
0 0.365625 0.640625 0.031250 0.031250
0 0.548438 0.439063 0.028125 0.028125
0 0.565625 0.292187 0.031250 0.028125
0 0.948438 0.320312 0.028125 0.028125
0 0.584375 0.784375 0.031250 0.031250
0 0.115625 0.843750 0.031250 0.031250
0 0.600000 0.409375 0.031250 0.031250
0 0.615625 0.553125 0.031250 0.031250
0 0.650000 0.668750 0.031250 0.031250
0 0.946875 0.606250 0.031250 0.031250
0 0.382812 0.495312 0.028125 0.028125
0 0.229687 0.412500 0.028125 0.031250
0 0.650000 0.610938 0.031250 0.028125
0 0.346875 0.321875 0.031250 0.031250
0 0.231250 0.642188 0.031250 0.028125
0 0.909375 0.893750 0.031250 0.031250
0 0.914062 0.837500 0.028125 0.031250
0 0.929688 0.807813 0.028125 0.028125
0 0.062500 0.293750 0.031250 0.031250
0 0.717187 0.321875 0.028125 0.031250
0 0.150000 0.612500 0.031250 0.031250
0 0.565625 0.525000 0.031250 0.031250
0 0.618750 0.901563 0.031250 0.028125
0 0.781250 0.320312 0.031250 0.028125
0 0.046875 0.325000 0.031250 0.031250
0 0.646875 0.437500 0.031250 0.031250
0 0.682813 0.321875 0.028125 0.031250
0 0.503125 0.931250 0.031250 0.031250
0 0.117188 0.612500 0.028125 0.031250
0 0.260937 0.293750 0.028125 0.031250
0 0.500000 0.525000 0.031250 0.031250
0 0.250000 0.729688 0.031250 0.028125
0 0.032813 0.582812 0.028125 0.028125
0 0.581250 0.321875 0.031250 0.031250
0 0.565625 0.351562 0.031250 0.028125
0 0.598437 0.351562 0.028125 0.028125
0 0.164062 0.410938 0.028125 0.028125
0 0.365625 0.465625 0.031250 0.031250
0 0.225000 0.293750 0.031250 0.031250
0 0.200000 0.934375 0.031250 0.031250
0 0.284375 0.728125 0.031250 0.031250
0 0.131250 0.293750 0.031250 0.031250
0 0.932813 0.407813 0.028125 0.028125
0 0.615625 0.610938 0.031250 0.028125
0 0.212500 0.325000 0.031250 0.031250
0 0.648438 0.495312 0.028125 0.028125
0 0.362500 0.293750 0.031250 0.031250
0 0.032813 0.470313 0.028125 0.028125
0 0.629687 0.465625 0.028125 0.031250
0 0.400000 0.640625 0.031250 0.031250
0 0.282813 0.903125 0.028125 0.031250
0 0.714063 0.609375 0.028125 0.031250
0 0.646875 0.381250 0.031250 0.031250
0 0.048438 0.440625 0.028125 0.031250
0 0.746875 0.553125 0.031250 0.031250
0 0.967187 0.290625 0.028125 0.031250
0 0.714063 0.551562 0.028125 0.028125
0 0.515625 0.553125 0.031250 0.031250
0 0.029687 0.410938 0.028125 0.028125
0 0.100000 0.642188 0.031250 0.028125
0 0.548438 0.321875 0.028125 0.031250
0 0.682813 0.437500 0.028125 0.031250
0 0.734375 0.407813 0.031250 0.028125
0 0.698438 0.465625 0.028125 0.031250
0 0.665625 0.640625 0.031250 0.031250
0 0.848437 0.378125 0.028125 0.031250
0 0.150000 0.556250 0.031250 0.031250
0 0.215625 0.728125 0.031250 0.031250
0 0.532813 0.525000 0.028125 0.031250
0 0.198437 0.409375 0.028125 0.031250
0 0.484375 0.959375 0.031250 0.031250
0 0.284375 0.789062 0.031250 0.028125
0 0.631250 0.409375 0.031250 0.031250
0 0.882812 0.435937 0.028125 0.028125
0 0.812500 0.550000 0.031250 0.031250
0 0.748437 0.320312 0.028125 0.028125
0 0.446875 0.321875 0.031250 0.031250
0 0.518750 0.960938 0.031250 0.028125
0 0.379688 0.439063 0.028125 0.028125
0 0.281250 0.321875 0.031250 0.031250
0 0.848437 0.493750 0.028125 0.031250
0 0.065625 0.468750 0.031250 0.031250
0 0.515625 0.496875 0.031250 0.031250
0 0.964063 0.751563 0.028125 0.028125
0 0.715625 0.437500 0.031250 0.031250
0 0.598437 0.525000 0.028125 0.031250
0 0.948438 0.376563 0.028125 0.028125
0 0.464062 0.293750 0.028125 0.031250
0 0.329688 0.351562 0.028125 0.028125
0 0.414062 0.551562 0.028125 0.028125
0 0.400000 0.525000 0.031250 0.031250
0 0.432812 0.584375 0.028125 0.031250
0 0.262500 0.409375 0.031250 0.031250
0 0.415625 0.612500 0.031250 0.031250
0 0.146875 0.440625 0.031250 0.031250
0 0.784375 0.962500 0.031250 0.031250
0 0.229687 0.353125 0.028125 0.031250
0 0.915625 0.492188 0.031250 0.028125
0 0.415625 0.495312 0.031250 0.028125
0 0.535937 0.931250 0.028125 0.031250
0 0.568750 0.814063 0.031250 0.028125
0 0.065625 0.818750 0.031250 0.031250
0 0.262500 0.351562 0.031250 0.028125
0 0.698438 0.292187 0.028125 0.028125
0 0.050000 0.556250 0.031250 0.031250
0 0.350000 0.612500 0.031250 0.031250
0 0.614062 0.495312 0.028125 0.028125
0 0.898438 0.407813 0.028125 0.028125
0 0.400000 0.698438 0.031250 0.028125
0 0.448437 0.495312 0.028125 0.028125
0 0.975000 0.950000 0.031250 0.031250
0 0.400000 0.757812 0.031250 0.028125
0 0.234375 0.700000 0.031250 0.031250
0 0.665625 0.409375 0.031250 0.031250
0 0.867188 0.407813 0.028125 0.028125
0 0.796875 0.465625 0.031250 0.031250
0 0.434375 0.875000 0.031250 0.031250
0 0.165625 0.934375 0.031250 0.031250
0 0.700000 0.351562 0.031250 0.028125
0 0.518750 0.843750 0.031250 0.031250
0 0.615625 0.381250 0.031250 0.031250
0 0.032813 0.526563 0.028125 0.028125
0 0.565625 0.409375 0.031250 0.031250
0 0.181250 0.496875 0.031250 0.031250
0 0.198437 0.642188 0.028125 0.028125
0 0.681250 0.495312 0.031250 0.028125
0 0.517188 0.728125 0.028125 0.031250
0 0.381250 0.612500 0.031250 0.031250
0 0.450000 0.728125 0.031250 0.031250
0 0.667188 0.814063 0.028125 0.028125
0 0.431250 0.293750 0.031250 0.031250
0 0.532813 0.409375 0.028125 0.031250
0 0.967187 0.407813 0.028125 0.028125
0 0.065625 0.642188 0.031250 0.028125
0 0.596875 0.292187 0.031250 0.028125
0 0.334375 0.584375 0.031250 0.031250
0 0.484375 0.728125 0.031250 0.031250
0 0.665625 0.293750 0.031250 0.031250
0 0.928125 0.921875 0.031250 0.031250
0 0.681250 0.378125 0.031250 0.031250
0 0.314063 0.323437 0.028125 0.028125
0 0.582812 0.668750 0.028125 0.031250
0 0.081250 0.440625 0.031250 0.031250
0 0.479687 0.321875 0.028125 0.031250
0 0.298438 0.468750 0.028125 0.031250
0 0.296875 0.351562 0.031250 0.028125
0 0.600000 0.871875 0.031250 0.031250
0 0.417187 0.668750 0.028125 0.031250
0 0.401562 0.815625 0.028125 0.031250
0 0.531250 0.468750 0.031250 0.031250
0 0.284375 0.962500 0.031250 0.031250
0 0.929688 0.464062 0.028125 0.028125
0 0.731250 0.292187 0.031250 0.028125
0 0.200000 0.700000 0.031250 0.031250
0 0.762500 0.290625 0.031250 0.031250
0 0.431250 0.468750 0.031250 0.031250
0 0.634375 0.875000 0.031250 0.031250
0 0.115625 0.323437 0.031250 0.028125
0 0.928125 0.579688 0.031250 0.028125
0 0.632812 0.351562 0.028125 0.028125
0 0.496875 0.292187 0.031250 0.028125
0 0.314063 0.379688 0.028125 0.028125
0 0.182812 0.728125 0.028125 0.031250
0 0.131250 0.934375 0.031250 0.031250
0 0.481250 0.496875 0.031250 0.031250
0 0.515625 0.439063 0.031250 0.028125
0 0.881250 0.260937 0.031250 0.034375
0 0.164062 0.468750 0.028125 0.031250
0 0.264062 0.525000 0.028125 0.031250
0 0.798438 0.407813 0.028125 0.028125
0 0.332813 0.465625 0.028125 0.031250
0 0.414062 0.262500 0.034375 0.031250
0 0.928125 0.865625 0.031250 0.031250
0 0.032813 0.875000 0.028125 0.031250
0 0.600000 0.814063 0.031250 0.028125
0 0.615625 0.262500 0.031250 0.031250
0 0.417187 0.845313 0.028125 0.028125
0 0.196875 0.468750 0.031250 0.031250
0 0.581250 0.262500 0.031250 0.031250
0 0.031250 0.353125 0.031250 0.031250
0 0.146875 0.903125 0.031250 0.031250
0 0.948438 0.492188 0.028125 0.028125
0 0.517188 0.785937 0.028125 0.028125
0 0.079687 0.265625 0.034375 0.031250
0 0.329688 0.295312 0.028125 0.028125
0 0.282813 0.495312 0.028125 0.028125
0 0.948438 0.259375 0.034375 0.031250
0 0.581250 0.435937 0.031250 0.028125
0 0.150000 0.265625 0.031250 0.031250
0 0.448437 0.439063 0.028125 0.028125
0 0.646875 0.321875 0.031250 0.031250
0 0.184375 0.906250 0.031250 0.031250
0 0.265625 0.757812 0.031250 0.028125
0 0.215625 0.845313 0.031250 0.028125
0 0.114062 0.265625 0.034375 0.031250
0 0.181250 0.281250 0.031250 0.031250
0 0.348438 0.439063 0.028125 0.028125
0 0.875000 0.943750 0.031250 0.031250
0 0.432812 0.640625 0.028125 0.031250
0 0.550000 0.728125 0.031250 0.031250
0 0.981250 0.318750 0.031250 0.031250
0 0.282813 0.845313 0.028125 0.028125
0 0.214062 0.554688 0.028125 0.028125
0 0.167187 0.818750 0.028125 0.031250
0 0.446875 0.262500 0.031250 0.031250
0 0.978125 0.778125 0.031250 0.031250
0 0.279687 0.439063 0.028125 0.028125
0 0.978125 0.662500 0.031250 0.031250
0 0.296875 0.293750 0.031250 0.031250
0 0.417187 0.785937 0.028125 0.028125
0 0.817187 0.965625 0.034375 0.031250
0 0.715625 0.262500 0.031250 0.031250
0 0.815625 0.262500 0.031250 0.031250
0 0.401562 0.875000 0.028125 0.031250
0 0.346875 0.554688 0.031250 0.028125
0 0.115625 0.731250 0.031250 0.031250
0 0.681250 0.260937 0.031250 0.034375
0 0.850000 0.262500 0.031250 0.031250
0 0.048438 0.845313 0.028125 0.028125
0 0.032813 0.642188 0.028125 0.028125
0 0.250000 0.962500 0.031250 0.031250
0 0.243750 0.262500 0.031250 0.031250
0 0.514062 0.667188 0.028125 0.028125
0 0.978125 0.721875 0.031250 0.031250
0 0.379688 0.262500 0.034375 0.031250
0 0.746875 0.260937 0.031250 0.034375
0 0.618750 0.959375 0.031250 0.031250
0 0.548438 0.495312 0.028125 0.028125
0 0.148438 0.845313 0.028125 0.028125
0 0.956250 0.978125 0.031250 0.031250
0 0.064062 0.875000 0.028125 0.031250
0 0.098437 0.934375 0.028125 0.031250
0 0.046875 0.903125 0.031250 0.031250
0 0.545312 0.264062 0.034375 0.034375
0 0.229687 0.467187 0.028125 0.028125
0 0.315625 0.962500 0.031250 0.031250
0 0.346875 0.265625 0.031250 0.031250
0 0.648438 0.260937 0.034375 0.034375
0 0.050000 0.787500 0.031250 0.031250
0 0.484375 0.845313 0.031250 0.028125
0 0.210938 0.264062 0.034375 0.034375
0 0.514062 0.264062 0.034375 0.034375
0 0.312500 0.265625 0.031250 0.031250
0 0.470313 0.931250 0.028125 0.031250
0 0.017188 0.612500 0.028125 0.031250
0 0.481250 0.262500 0.031250 0.031250
0 0.278125 0.265625 0.031250 0.031250
0 0.782813 0.260937 0.034375 0.034375
0 0.096875 0.700000 0.031250 0.031250
0 0.132812 0.639062 0.028125 0.028125
0 0.959375 0.921875 0.031250 0.031250
0 0.198437 0.526563 0.028125 0.028125
0 0.318750 0.903125 0.031250 0.031250
0 0.084375 0.728125 0.031250 0.031250
0 0.978125 0.609375 0.031250 0.031250
0 0.017188 0.384375 0.028125 0.031250
0 0.100000 0.818750 0.031250 0.031250
0 0.450000 0.845313 0.031250 0.028125
0 0.184375 0.787500 0.031250 0.031250
0 0.017188 0.496875 0.028125 0.031250
0 0.017188 0.556250 0.028125 0.031250
0 0.800000 0.934375 0.031250 0.031250
0 0.450000 0.962500 0.031250 0.031250
0 0.979688 0.434375 0.028125 0.031250
0 0.031250 0.932813 0.031250 0.034375
0 0.181250 0.962500 0.031250 0.031250
0 0.979688 0.378125 0.028125 0.031250
0 0.978125 0.550000 0.031250 0.031250
0 0.081250 0.787500 0.031250 0.031250
0 0.150000 0.729688 0.031250 0.028125
0 0.200000 0.818750 0.031250 0.031250
0 0.017188 0.440625 0.028125 0.031250
0 0.332813 0.931250 0.028125 0.031250
0 0.046875 0.265625 0.031250 0.031250
