0 0.415625 0.790625 0.031250 0.031250
0 0.812500 0.937500 0.031250 0.031250
0 0.896875 0.064062 0.031250 0.028125
0 0.898438 0.925000 0.028125 0.031250
0 0.956250 0.267188 0.031250 0.028125
0 0.729688 0.850000 0.028125 0.031250
0 0.929688 0.878125 0.028125 0.031250
0 0.840625 0.064062 0.031250 0.028125
0 0.926562 0.910937 0.028125 0.028125
0 0.815625 0.557813 0.031250 0.034375
0 0.671875 0.812500 0.031250 0.031250
0 0.926562 0.250000 0.028125 0.031250
0 0.870313 0.282813 0.028125 0.028125
0 0.698438 0.215625 0.028125 0.031250
0 0.926562 0.046875 0.028125 0.031250
0 0.814063 0.282813 0.028125 0.028125
0 0.842187 0.920312 0.028125 0.028125
0 0.842187 0.129688 0.028125 0.028125
0 0.756250 0.282813 0.031250 0.028125
0 0.870313 0.250000 0.028125 0.031250
0 0.640625 0.725000 0.031250 0.031250
0 0.787500 0.675000 0.031250 0.031250
0 0.812500 0.046875 0.031250 0.031250
0 0.870313 0.729688 0.028125 0.028125
0 0.303125 0.828125 0.031250 0.031250
0 0.842187 0.232813 0.028125 0.028125
0 0.726562 0.917188 0.028125 0.028125
0 0.784375 0.231250 0.031250 0.031250
0 0.865625 0.975000 0.031250 0.031250
0 0.926562 0.384375 0.028125 0.031250
0 0.928125 0.282813 0.031250 0.028125
0 0.843750 0.745313 0.031250 0.028125
0 0.526563 0.114062 0.028125 0.028125
0 0.612500 0.267188 0.031250 0.028125
0 0.815625 0.417187 0.031250 0.028125
0 0.868750 0.940625 0.031250 0.031250
0 0.725000 0.100000 0.031250 0.031250
0 0.896875 0.403125 0.031250 0.031250
0 0.817187 0.450000 0.028125 0.031250
0 0.387500 0.909375 0.031250 0.031250
0 0.900000 0.300000 0.031250 0.031250
0 0.387500 0.843750 0.031250 0.031250
0 0.784375 0.265625 0.031250 0.031250
0 0.671875 0.100000 0.031250 0.031250
0 0.756250 0.215625 0.031250 0.031250
0 0.698438 0.250000 0.028125 0.031250
0 0.584375 0.215625 0.031250 0.031250
0 0.815625 0.659375 0.031250 0.031250
0 0.614062 0.571875 0.028125 0.031250
0 0.729688 0.434375 0.028125 0.031250
0 0.812500 0.079687 0.031250 0.028125
0 0.842187 0.165625 0.028125 0.031250
0 0.584375 0.621875 0.031250 0.031250
0 0.784375 0.198437 0.031250 0.028125
0 0.839063 0.957812 0.028125 0.028125
0 0.528125 0.250000 0.031250 0.031250
0 0.698438 0.148438 0.028125 0.028125
0 0.756250 0.250000 0.031250 0.031250
0 0.812500 0.793750 0.031250 0.031250
0 0.728125 0.165625 0.031250 0.031250
0 0.584375 0.150000 0.031250 0.031250
0 0.356250 0.084375 0.031250 0.031250
0 0.359375 0.825000 0.031250 0.031250
0 0.812500 0.181250 0.031250 0.031250
0 0.814063 0.215625 0.028125 0.031250
0 0.842187 0.096875 0.028125 0.031250
0 0.956250 0.234375 0.031250 0.031250
0 0.640625 0.046875 0.031250 0.031250
0 0.843750 0.334375 0.031250 0.031250
0 0.896875 0.096875 0.031250 0.031250
0 0.385937 0.267188 0.028125 0.028125
0 0.700000 0.384375 0.031250 0.031250
0 0.612500 0.132812 0.031250 0.028125
0 0.868750 0.046875 0.031250 0.031250
0 0.671875 0.606250 0.031250 0.031250
0 0.875000 0.840625 0.031250 0.031250
0 0.784375 0.165625 0.031250 0.031250
0 0.443750 0.840625 0.031250 0.031250
0 0.700000 0.521875 0.031250 0.031250
0 0.671875 0.573438 0.031250 0.028125
0 0.781250 0.953125 0.031250 0.031250
0 0.471875 0.856250 0.031250 0.031250
0 0.671875 0.368750 0.031250 0.031250
0 0.896875 0.959375 0.031250 0.031250
0 0.345313 0.251563 0.034375 0.034375
0 0.729688 0.504687 0.028125 0.028125
0 0.642188 0.081250 0.034375 0.031250
0 0.756250 0.725000 0.031250 0.031250
0 0.528125 0.048438 0.031250 0.028125
0 0.471875 0.823438 0.031250 0.028125
0 0.954688 0.064062 0.034375 0.034375
0 0.300000 0.312500 0.031250 0.031250
0 0.612500 0.675000 0.031250 0.031250
0 0.642188 0.150000 0.028125 0.031250
0 0.698438 0.351562 0.028125 0.028125
0 0.385937 0.098437 0.028125 0.028125
0 0.443750 0.637500 0.031250 0.031250
0 0.728125 0.573438 0.031250 0.028125
0 0.700000 0.453125 0.031250 0.031250
0 0.500000 0.637500 0.031250 0.031250
0 0.696875 0.896875 0.031250 0.031250
0 0.528125 0.587500 0.031250 0.031250
0 0.898438 0.265625 0.028125 0.031250
0 0.957812 0.864062 0.028125 0.028125
0 0.668750 0.064062 0.031250 0.028125
0 0.956250 0.198437 0.031250 0.034375
0 0.956250 0.368750 0.031250 0.031250
0 0.785937 0.743750 0.028125 0.031250
0 0.668750 0.231250 0.031250 0.031250
0 0.731250 0.540625 0.031250 0.031250
0 0.728125 0.881250 0.031250 0.031250
0 0.840625 0.198437 0.031250 0.028125
0 0.471875 0.485938 0.031250 0.028125
0 0.756250 0.590625 0.031250 0.031250
0 0.698438 0.081250 0.028125 0.031250
0 0.845313 0.678125 0.034375 0.031250
0 0.870313 0.907813 0.028125 0.028125
0 0.303125 0.928125 0.031250 0.031250
0 0.840625 0.298438 0.031250 0.028125
0 0.671875 0.640625 0.031250 0.031250
0 0.842187 0.367188 0.028125 0.028125
0 0.303125 0.860938 0.031250 0.028125
0 0.415625 0.250000 0.031250 0.031250
0 0.728125 0.640625 0.031250 0.031250
0 0.471875 0.384375 0.031250 0.031250
0 0.329688 0.604688 0.028125 0.028125
0 0.843750 0.712500 0.031250 0.031250
0 0.443750 0.604688 0.031250 0.028125
0 0.584375 0.048438 0.031250 0.028125
0 0.956250 0.165625 0.031250 0.031250
0 0.725000 0.300000 0.031250 0.031250
0 0.553125 0.909375 0.031250 0.031250
0 0.868750 0.112500 0.031250 0.031250
0 0.470313 0.215625 0.028125 0.031250
0 0.753125 0.935937 0.031250 0.028125
0 0.846875 0.434375 0.031250 0.031250
0 0.526563 0.889062 0.028125 0.028125
0 0.385937 0.200000 0.028125 0.031250
0 0.784375 0.298438 0.031250 0.028125
0 0.928125 0.112500 0.031250 0.031250
0 0.412500 0.150000 0.031250 0.031250
0 0.584375 0.589063 0.031250 0.028125
0 0.931250 0.843750 0.031250 0.031250
0 0.673438 0.778125 0.028125 0.031250
0 0.528125 0.150000 0.031250 0.031250
0 0.443750 0.706250 0.031250 0.031250
0 0.870313 0.351562 0.028125 0.028125
0 0.784375 0.918750 0.031250 0.031250
0 0.870313 0.315625 0.028125 0.031250
0 0.785937 0.853125 0.028125 0.031250
0 0.815625 0.693750 0.031250 0.031250
0 0.842187 0.889062 0.028125 0.028125
0 0.584375 0.387500 0.031250 0.031250
0 0.359375 0.893750 0.031250 0.031250
0 0.585938 0.657813 0.028125 0.028125
0 0.303125 0.896875 0.031250 0.031250
0 0.842187 0.264062 0.028125 0.028125
0 0.784375 0.132812 0.031250 0.028125
0 0.928125 0.318750 0.031250 0.031250
0 0.760938 0.520312 0.028125 0.028125
0 0.903125 0.825000 0.031250 0.031250
0 0.584375 0.350000 0.031250 0.031250
0 0.640625 0.215625 0.031250 0.031250
0 0.584375 0.453125 0.031250 0.031250
0 0.671875 0.437500 0.031250 0.031250
0 0.640625 0.418750 0.031250 0.031250
0 0.900000 0.334375 0.031250 0.031250
0 0.642188 0.657813 0.028125 0.028125
0 0.445312 0.807813 0.028125 0.028125
0 0.787500 0.575000 0.031250 0.031250
0 0.785937 0.885938 0.028125 0.028125
0 0.870313 0.765625 0.028125 0.031250
0 0.500000 0.267188 0.031250 0.028125
0 0.671875 0.675000 0.031250 0.031250
0 0.815625 0.593750 0.031250 0.031250
0 0.875000 0.659375 0.031250 0.031250
0 0.756250 0.315625 0.031250 0.031250
0 0.814063 0.903125 0.028125 0.031250
0 0.671875 0.470313 0.031250 0.028125
0 0.528125 0.384375 0.031250 0.031250
0 0.359375 0.553125 0.031250 0.031250
0 0.671875 0.167187 0.031250 0.028125
0 0.871875 0.807813 0.031250 0.034375
0 0.331250 0.878125 0.031250 0.031250
0 0.500000 0.234375 0.031250 0.031250
0 0.896875 0.131250 0.031250 0.031250
0 0.550000 0.948438 0.031250 0.028125
0 0.500000 0.065625 0.031250 0.031250
0 0.901563 0.859375 0.028125 0.031250
0 0.445312 0.875000 0.028125 0.031250
0 0.612500 0.200000 0.031250 0.031250
0 0.789062 0.501563 0.028125 0.028125
0 0.671875 0.300000 0.031250 0.031250
0 0.814063 0.250000 0.028125 0.031250
0 0.914062 0.526563 0.034375 0.034375
0 0.528125 0.418750 0.031250 0.031250
0 0.900000 0.715625 0.031250 0.031250
0 0.728125 0.198437 0.031250 0.028125
0 0.356250 0.184375 0.031250 0.031250
0 0.387500 0.876563 0.031250 0.028125
0 0.926562 0.351562 0.028125 0.028125
0 0.700000 0.487500 0.031250 0.031250
0 0.818750 0.517188 0.031250 0.028125
0 0.642188 0.250000 0.028125 0.031250
0 0.698438 0.282813 0.028125 0.028125
0 0.500000 0.875000 0.031250 0.031250
0 0.528125 0.453125 0.031250 0.031250
0 0.900000 0.746875 0.031250 0.031250
0 0.612500 0.640625 0.031250 0.031250
0 0.443750 0.434375 0.031250 0.031250
0 0.359375 0.859375 0.031250 0.031250
0 0.471875 0.656250 0.031250 0.031250
0 0.728125 0.675000 0.031250 0.031250
0 0.356250 0.115625 0.031250 0.031250
0 0.417187 0.925000 0.028125 0.031250
0 0.612500 0.064062 0.031250 0.028125
0 0.728125 0.606250 0.031250 0.031250
0 0.671875 0.267188 0.031250 0.028125
0 0.385937 0.032813 0.028125 0.028125
0 0.385937 0.401562 0.028125 0.028125
0 0.415625 0.757812 0.031250 0.028125
0 0.528125 0.859375 0.031250 0.031250
0 0.612500 0.234375 0.031250 0.031250
0 0.668750 0.200000 0.031250 0.031250
0 0.873437 0.873437 0.028125 0.028125
0 0.754687 0.148438 0.028125 0.028125
0 0.754687 0.901563 0.028125 0.028125
0 0.500000 0.907813 0.031250 0.028125
0 0.303125 0.418750 0.031250 0.031250
0 0.760938 0.556250 0.028125 0.031250
0 0.926562 0.079687 0.028125 0.028125
0 0.303125 0.725000 0.031250 0.031250
0 0.700000 0.796875 0.031250 0.031250
0 0.812500 0.112500 0.031250 0.031250
0 0.356250 0.218750 0.031250 0.031250
0 0.615625 0.401562 0.031250 0.028125
0 0.878125 0.550000 0.031250 0.031250
0 0.528125 0.081250 0.031250 0.031250
0 0.640625 0.690625 0.031250 0.031250
0 0.643750 0.759375 0.031250 0.031250
0 0.756250 0.625000 0.031250 0.031250
0 0.698438 0.690625 0.028125 0.031250
0 0.550000 0.728125 0.031250 0.031250
0 0.870313 0.079687 0.028125 0.028125
0 0.385937 0.134375 0.028125 0.031250
0 0.529687 0.351562 0.028125 0.028125
0 0.728125 0.334375 0.031250 0.031250
0 0.785937 0.642188 0.028125 0.028125
0 0.756250 0.690625 0.031250 0.031250
0 0.784375 0.334375 0.031250 0.031250
0 0.470313 0.150000 0.028125 0.031250
0 0.615625 0.503125 0.031250 0.031250
0 0.728125 0.709375 0.031250 0.031250
0 0.615625 0.468750 0.031250 0.031250
0 0.615625 0.606250 0.031250 0.031250
0 0.612500 0.100000 0.031250 0.031250
0 0.385937 0.332813 0.028125 0.028125
0 0.387500 0.706250 0.031250 0.031250
0 0.529687 0.485938 0.028125 0.028125
0 0.385937 0.065625 0.028125 0.031250
0 0.442188 0.134375 0.028125 0.031250
0 0.756250 0.415625 0.031250 0.031250
0 0.298438 0.150000 0.028125 0.031250
0 0.298438 0.082812 0.028125 0.028125
0 0.526563 0.217188 0.028125 0.028125
0 0.303125 0.792188 0.031250 0.028125
0 0.443750 0.065625 0.031250 0.031250
0 0.584375 0.553125 0.031250 0.031250
0 0.615625 0.775000 0.031250 0.031250
0 0.584375 0.282813 0.031250 0.028125
0 0.359375 0.590625 0.031250 0.031250
0 0.846875 0.465625 0.031250 0.031250
0 0.900000 0.231250 0.031250 0.031250
0 0.953125 0.962500 0.031250 0.031250
0 0.385937 0.234375 0.028125 0.031250
0 0.501563 0.706250 0.028125 0.031250
0 0.956250 0.300000 0.031250 0.031250
0 0.500000 0.200000 0.031250 0.031250
0 0.329688 0.843750 0.028125 0.031250
0 0.956250 0.096875 0.031250 0.031250
0 0.556250 0.368750 0.031250 0.031250
0 0.528125 0.621875 0.031250 0.031250
0 0.612500 0.300000 0.031250 0.031250
0 0.784375 0.367188 0.031250 0.028125
0 0.642188 0.621875 0.028125 0.031250
0 0.500000 0.100000 0.031250 0.031250
0 0.268750 0.100000 0.031250 0.031250
0 0.442188 0.470313 0.028125 0.028125
0 0.642188 0.282813 0.028125 0.028125
0 0.471875 0.923438 0.031250 0.028125
0 0.328125 0.134375 0.031250 0.031250
0 0.701562 0.657813 0.028125 0.028125
0 0.415625 0.857812 0.031250 0.028125
0 0.850000 0.500000 0.031250 0.031250
0 0.528125 0.554688 0.031250 0.028125
0 0.496875 0.943750 0.031250 0.031250
0 0.328125 0.100000 0.031250 0.031250
0 0.790625 0.470313 0.031250 0.028125
0 0.303125 0.453125 0.031250 0.031250
0 0.443750 0.032813 0.031250 0.028125
0 0.642188 0.182812 0.028125 0.028125
0 0.556250 0.167187 0.031250 0.028125
0 0.881250 0.626563 0.031250 0.028125
0 0.500000 0.300000 0.031250 0.031250
0 0.725000 0.064062 0.031250 0.028125
0 0.532813 0.662500 0.034375 0.031250
0 0.759375 0.487500 0.031250 0.031250
0 0.643750 0.487500 0.031250 0.031250
0 0.385937 0.535937 0.028125 0.028125
0 0.582812 0.893750 0.028125 0.031250
0 0.843750 0.778125 0.031250 0.031250
0 0.757812 0.657813 0.028125 0.028125
0 0.853125 0.606250 0.031250 0.031250
0 0.700000 0.829688 0.031250 0.028125
0 0.926562 0.418750 0.028125 0.031250
0 0.614062 0.368750 0.028125 0.031250
0 0.785937 0.707812 0.028125 0.028125
0 0.728125 0.401562 0.031250 0.028125
0 0.896875 0.031250 0.031250 0.031250
0 0.898438 0.492188 0.034375 0.034375
0 0.903125 0.604688 0.031250 0.034375
0 0.843750 0.640625 0.031250 0.031250
0 0.700000 0.418750 0.031250 0.031250
0 0.843750 0.575000 0.031250 0.031250
0 0.471875 0.721875 0.031250 0.031250
0 0.443750 0.740625 0.031250 0.031250
0 0.843750 0.856250 0.031250 0.031250
0 0.315625 0.234375 0.031250 0.031250
0 0.500000 0.537500 0.031250 0.031250
0 0.329688 0.637500 0.028125 0.031250
0 0.665625 0.946875 0.031250 0.031250
0 0.635938 0.964063 0.028125 0.028125
0 0.812500 0.350000 0.031250 0.031250
0 0.787500 0.818750 0.031250 0.031250
0 0.298438 0.184375 0.028125 0.031250
0 0.814063 0.382812 0.028125 0.028125
0 0.500000 0.437500 0.031250 0.031250
0 0.443750 0.403125 0.031250 0.031250
0 0.556250 0.200000 0.031250 0.031250
0 0.470313 0.117188 0.028125 0.028125
0 0.387500 0.470313 0.031250 0.028125
0 0.671875 0.709375 0.031250 0.031250
0 0.556250 0.640625 0.031250 0.031250
0 0.329688 0.470313 0.028125 0.028125
0 0.556250 0.876563 0.031250 0.028125
0 0.385937 0.671875 0.028125 0.031250
0 0.701562 0.556250 0.028125 0.031250
0 0.584375 0.487500 0.031250 0.031250
0 0.300000 0.350000 0.031250 0.031250
0 0.470313 0.250000 0.028125 0.031250
0 0.331250 0.775000 0.031250 0.031250
0 0.268750 0.134375 0.031250 0.031250
0 0.359375 0.621875 0.031250 0.031250
0 0.415625 0.689063 0.031250 0.028125
0 0.443750 0.200000 0.031250 0.031250
0 0.471875 0.587500 0.031250 0.031250
0 0.643750 0.453125 0.031250 0.031250
0 0.443750 0.165625 0.031250 0.031250
0 0.456250 0.971875 0.031250 0.031250
0 0.725000 0.265625 0.031250 0.031250
0 0.954688 0.437500 0.034375 0.031250
0 0.443750 0.334375 0.031250 0.031250
0 0.556250 0.267188 0.031250 0.028125
0 0.359375 0.756250 0.031250 0.031250
0 0.500000 0.168750 0.031250 0.031250
0 0.329688 0.673438 0.028125 0.028125
0 0.556250 0.300000 0.031250 0.031250
0 0.300000 0.485938 0.031250 0.028125
0 0.528125 0.282813 0.031250 0.028125
0 0.557813 0.535937 0.028125 0.028125
0 0.584375 0.418750 0.031250 0.031250
0 0.443750 0.503125 0.031250 0.031250
0 0.359375 0.484375 0.031250 0.031250
0 0.470313 0.282813 0.028125 0.028125
0 0.843750 0.400000 0.031250 0.031250
0 0.790625 0.534375 0.031250 0.031250
0 0.925000 0.943750 0.031250 0.031250
0 0.578125 0.746875 0.031250 0.031250
0 0.443750 0.537500 0.031250 0.031250
0 0.812500 0.315625 0.031250 0.031250
0 0.757812 0.384375 0.028125 0.031250
0 0.385937 0.434375 0.028125 0.031250
0 0.781250 0.096875 0.031250 0.031250
0 0.728125 0.367188 0.031250 0.028125
0 0.787500 0.609375 0.031250 0.031250
0 0.470313 0.182812 0.028125 0.028125
0 0.298438 0.117188 0.028125 0.028125
0 0.500000 0.401562 0.031250 0.028125
0 0.500000 0.131250 0.031250 0.031250
0 0.415625 0.621875 0.031250 0.031250
0 0.301563 0.657813 0.028125 0.028125
0 0.442188 0.570312 0.028125 0.028125
0 0.471875 0.689063 0.031250 0.028125
0 0.754687 0.114062 0.028125 0.028125
0 0.868750 0.146875 0.031250 0.031250
0 0.671875 0.845313 0.031250 0.028125
0 0.785937 0.400000 0.028125 0.031250
0 0.279687 0.232813 0.034375 0.034375
0 0.528125 0.518750 0.031250 0.031250
0 0.900000 0.367188 0.031250 0.028125
0 0.642188 0.385937 0.028125 0.028125
0 0.385937 0.571875 0.028125 0.031250
0 0.787500 0.434375 0.031250 0.031250
0 0.612500 0.165625 0.031250 0.031250
0 0.698438 0.182812 0.028125 0.028125
0 0.556250 0.332813 0.031250 0.028125
0 0.584375 0.081250 0.031250 0.031250
0 0.385937 0.739062 0.028125 0.028125
0 0.754687 0.181250 0.028125 0.031250
0 0.881250 0.464062 0.031250 0.034375
0 0.698438 0.048438 0.028125 0.028125
0 0.728125 0.743750 0.031250 0.031250
0 0.271875 0.776563 0.031250 0.034375
0 0.471875 0.889062 0.031250 0.028125
0 0.939063 0.729688 0.034375 0.034375
0 0.303125 0.690625 0.031250 0.031250
0 0.385937 0.300000 0.028125 0.031250
0 0.415625 0.048438 0.031250 0.028125
0 0.671875 0.537500 0.031250 0.031250
0 0.501563 0.773438 0.028125 0.028125
0 0.359375 0.453125 0.031250 0.031250
0 0.956250 0.401562 0.031250 0.028125
0 0.300000 0.521875 0.031250 0.031250
0 0.387500 0.943750 0.031250 0.031250
0 0.329688 0.706250 0.028125 0.031250
0 0.556250 0.571875 0.031250 0.031250
0 0.642188 0.318750 0.028125 0.031250
0 0.471875 0.620313 0.031250 0.028125
0 0.896875 0.781250 0.031250 0.031250
0 0.643750 0.793750 0.031250 0.031250
0 0.359375 0.656250 0.031250 0.031250
0 0.500000 0.604688 0.031250 0.028125
0 0.275000 0.878125 0.031250 0.031250
0 0.415625 0.587500 0.031250 0.031250
0 0.443750 0.940625 0.031250 0.031250
0 0.556250 0.096875 0.031250 0.031250
0 0.556250 0.234375 0.031250 0.031250
0 0.815625 0.626563 0.031250 0.028125
0 0.501563 0.671875 0.028125 0.031250
0 0.501563 0.807813 0.028125 0.028125
0 0.303125 0.759375 0.031250 0.031250
0 0.698438 0.726562 0.028125 0.028125
0 0.468750 0.084375 0.031250 0.031250
0 0.842187 0.031250 0.028125 0.031250
0 0.585938 0.250000 0.028125 0.031250
0 0.667188 0.914062 0.028125 0.028125
0 0.356250 0.153125 0.031250 0.031250
0 0.500000 0.470313 0.031250 0.028125
0 0.329688 0.807813 0.028125 0.028125
0 0.359375 0.350000 0.031250 0.031250
0 0.757812 0.350000 0.028125 0.031250
0 0.271875 0.334375 0.031250 0.031250
0 0.642188 0.114062 0.028125 0.028125
0 0.671875 0.334375 0.031250 0.031250
0 0.471875 0.351562 0.031250 0.028125
0 0.900000 0.890625 0.031250 0.031250
0 0.415625 0.282813 0.031250 0.028125
0 0.956250 0.334375 0.031250 0.031250
0 0.840625 0.812500 0.031250 0.031250
0 0.701562 0.589063 0.028125 0.028125
0 0.615625 0.537500 0.031250 0.031250
0 0.329688 0.503125 0.028125 0.031250
0 0.881250 0.431250 0.031250 0.031250
0 0.470313 0.450000 0.028125 0.031250
0 0.329688 0.400000 0.028125 0.031250
0 0.698438 0.114062 0.028125 0.028125
0 0.356250 0.384375 0.031250 0.031250
0 0.671875 0.403125 0.031250 0.031250
0 0.531250 0.756250 0.031250 0.031250
0 0.870313 0.215625 0.028125 0.031250
0 0.412500 0.215625 0.031250 0.031250
0 0.668750 0.132812 0.031250 0.028125
0 0.585938 0.115625 0.028125 0.031250
0 0.415625 0.351562 0.031250 0.028125
0 0.671875 0.503125 0.031250 0.031250
0 0.642188 0.350000 0.028125 0.031250
0 0.500000 0.368750 0.031250 0.031250
0 0.579688 0.964063 0.028125 0.028125
0 0.698438 0.315625 0.028125 0.031250
0 0.814063 0.760938 0.028125 0.028125
0 0.528125 0.823438 0.031250 0.028125
0 0.729688 0.470313 0.028125 0.028125
0 0.698438 0.862500 0.028125 0.031250
0 0.525000 0.925000 0.031250 0.031250
0 0.637500 0.898438 0.031250 0.028125
0 0.584375 0.860938 0.031250 0.028125
0 0.442188 0.671875 0.028125 0.031250
0 0.756250 0.453125 0.031250 0.031250
0 0.534375 0.700000 0.031250 0.031250
0 0.584375 0.318750 0.031250 0.031250
0 0.415625 0.384375 0.031250 0.031250
0 0.415625 0.892188 0.031250 0.028125
0 0.331250 0.912500 0.031250 0.031250
0 0.359375 0.721875 0.031250 0.031250
0 0.556250 0.132812 0.031250 0.028125
0 0.443750 0.300000 0.031250 0.031250
0 0.298438 0.050000 0.028125 0.031250
0 0.387500 0.807813 0.031250 0.028125
0 0.470313 0.048438 0.028125 0.028125
0 0.328125 0.065625 0.031250 0.031250
0 0.443750 0.771875 0.031250 0.031250
0 0.300000 0.587500 0.031250 0.031250
0 0.815625 0.870313 0.031250 0.028125
0 0.442188 0.368750 0.028125 0.031250
0 0.614062 0.842187 0.028125 0.028125
0 0.810937 0.970313 0.028125 0.028125
0 0.871875 0.696875 0.031250 0.031250
0 0.471875 0.518750 0.031250 0.031250
0 0.329688 0.571875 0.028125 0.031250
0 0.328125 0.203125 0.031250 0.031250
0 0.359375 0.689063 0.031250 0.028125
0 0.928125 0.215625 0.031250 0.031250
0 0.271875 0.503125 0.031250 0.031250
0 0.556250 0.604688 0.031250 0.028125
0 0.528125 0.317188 0.031250 0.028125
0 0.556250 0.064062 0.031250 0.028125
0 0.500000 0.503125 0.031250 0.031250
0 0.906250 0.646875 0.031250 0.031250
0 0.945312 0.556250 0.034375 0.037500
0 0.275000 0.912500 0.031250 0.031250
0 0.270313 0.400000 0.034375 0.031250
0 0.907813 0.567187 0.034375 0.034375
0 0.642188 0.828125 0.028125 0.031250
0 0.642188 0.556250 0.028125 0.031250
0 0.642188 0.589063 0.028125 0.028125
0 0.956250 0.131250 0.031250 0.031250
0 0.820312 0.482812 0.028125 0.028125
0 0.385937 0.773438 0.028125 0.028125
0 0.329688 0.739062 0.028125 0.028125
0 0.300000 0.621875 0.031250 0.031250
0 0.329688 0.434375 0.028125 0.031250
0 0.579688 0.931250 0.028125 0.031250
0 0.843750 0.540625 0.031250 0.031250
0 0.928125 0.803125 0.031250 0.031250
0 0.415625 0.654687 0.031250 0.028125
0 0.328125 0.168750 0.031250 0.031250
0 0.928125 0.762500 0.031250 0.031250
0 0.870313 0.181250 0.028125 0.031250
0 0.473438 0.790625 0.028125 0.031250
0 0.415625 0.554688 0.031250 0.028125
0 0.693750 0.965625 0.031250 0.031250
0 0.700000 0.759375 0.031250 0.031250
0 0.443750 0.234375 0.031250 0.031250
0 0.615625 0.434375 0.031250 0.031250
0 0.671875 0.742188 0.031250 0.028125
0 0.360938 0.928125 0.028125 0.031250
0 0.356250 0.281250 0.031250 0.031250
0 0.723437 0.951562 0.028125 0.028125
0 0.870313 0.382812 0.028125 0.028125
0 0.878125 0.584375 0.031250 0.031250
0 0.610938 0.740625 0.028125 0.031250
0 0.579688 0.712500 0.034375 0.031250
0 0.268750 0.068750 0.031250 0.031250
0 0.500000 0.334375 0.031250 0.031250
0 0.315625 0.268750 0.031250 0.031250
0 0.385937 0.640625 0.028125 0.031250
0 0.303125 0.381250 0.031250 0.031250
0 0.500000 0.032813 0.031250 0.028125
0 0.356250 0.050000 0.031250 0.031250
0 0.943750 0.515625 0.031250 0.031250
0 0.526563 0.182812 0.028125 0.028125
0 0.759375 0.834375 0.031250 0.031250
0 0.471875 0.317188 0.031250 0.028125
0 0.757812 0.868750 0.028125 0.031250
0 0.331250 0.946875 0.031250 0.031250
0 0.415625 0.418750 0.031250 0.031250
0 0.356250 0.315625 0.031250 0.031250
0 0.356250 0.418750 0.031250 0.031250
0 0.556250 0.401562 0.031250 0.028125
0 0.329688 0.365625 0.028125 0.031250
0 0.415625 0.518750 0.031250 0.031250
0 0.609375 0.912500 0.031250 0.031250
0 0.971875 0.532813 0.031250 0.034375
0 0.556250 0.434375 0.031250 0.031250
0 0.931250 0.482812 0.031250 0.034375
0 0.471875 0.417187 0.031250 0.028125
0 0.415625 0.182812 0.031250 0.028125
0 0.387500 0.503125 0.031250 0.031250
0 0.440625 0.098437 0.031250 0.028125
0 0.442188 0.907813 0.028125 0.028125
0 0.818750 0.837500 0.031250 0.031250
0 0.612500 0.032813 0.031250 0.028125
0 0.815625 0.728125 0.031250 0.031250
0 0.937500 0.593750 0.031250 0.031250
0 0.501563 0.571875 0.028125 0.031250
0 0.271875 0.470313 0.031250 0.034375
0 0.728125 0.231250 0.031250 0.031250
0 0.810937 0.148438 0.028125 0.028125
0 0.271875 0.809375 0.031250 0.031250
0 0.471875 0.554688 0.031250 0.028125
0 0.414062 0.114062 0.028125 0.028125
0 0.584375 0.521875 0.031250 0.031250
0 0.275000 0.946875 0.031250 0.031250
0 0.271875 0.673438 0.031250 0.034375
0 0.282813 0.267188 0.034375 0.034375
0 0.385937 0.368750 0.028125 0.031250
0 0.609375 0.709375 0.031250 0.031250
0 0.953125 0.028125 0.031250 0.031250
0 0.606250 0.948438 0.031250 0.028125
0 0.385937 0.167187 0.028125 0.028125
0 0.300000 0.015625 0.031250 0.031250
0 0.415625 0.485938 0.031250 0.028125
0 0.562500 0.682813 0.031250 0.034375
0 0.271875 0.843750 0.031250 0.031250
0 0.415625 0.453125 0.031250 0.031250
0 0.700000 0.625000 0.031250 0.031250
0 0.929688 0.696875 0.034375 0.031250
0 0.271875 0.365625 0.031250 0.031250
0 0.501563 0.740625 0.028125 0.031250
0 0.528125 0.790625 0.031250 0.031250
0 0.614062 0.810937 0.028125 0.028125
0 0.557813 0.470313 0.028125 0.028125
0 0.415625 0.826562 0.031250 0.028125
0 0.300000 0.554688 0.031250 0.028125
0 0.926562 0.148438 0.028125 0.028125
0 0.443750 0.267188 0.031250 0.028125
0 0.328125 0.296875 0.031250 0.031250
0 0.271875 0.606250 0.031250 0.031250
0 0.415625 0.317188 0.031250 0.028125
0 0.415625 0.723437 0.031250 0.028125
0 0.909375 0.446875 0.031250 0.031250
0 0.956250 0.928125 0.031250 0.031250
0 0.556250 0.843750 0.031250 0.031250
0 0.725000 0.031250 0.031250 0.031250
0 0.557813 0.773438 0.028125 0.028125
0 0.359375 0.518750 0.031250 0.031250
0 0.359375 0.792188 0.031250 0.028125
0 0.271875 0.537500 0.031250 0.031250
0 0.964063 0.695312 0.034375 0.034375
0 0.271875 0.740625 0.031250 0.031250
0 0.271875 0.706250 0.031250 0.031250
0 0.956250 0.898438 0.031250 0.028125
0 0.584375 0.182812 0.031250 0.028125
0 0.901563 0.681250 0.028125 0.031250
0 0.960938 0.826562 0.034375 0.034375
0 0.635938 0.931250 0.028125 0.031250
0 0.696875 0.931250 0.031250 0.031250
0 0.271875 0.298438 0.031250 0.034375
0 0.670312 0.029687 0.028125 0.028125
0 0.948438 0.660937 0.034375 0.034375
0 0.329688 0.334375 0.028125 0.031250
0 0.501563 0.839063 0.028125 0.028125
0 0.385937 0.604688 0.028125 0.028125
0 0.643750 0.521875 0.031250 0.031250
0 0.303125 0.964063 0.031250 0.028125
0 0.415625 0.081250 0.031250 0.031250
0 0.934375 0.631250 0.031250 0.031250
0 0.468750 0.015625 0.031250 0.031250
0 0.268750 0.167187 0.031250 0.034375
0 0.329688 0.537500 0.028125 0.031250
0 0.270313 0.434375 0.034375 0.031250
0 0.962500 0.475000 0.031250 0.031250
0 0.270313 0.640625 0.034375 0.031250
0 0.876563 0.517188 0.034375 0.034375
0 0.359375 0.962500 0.031250 0.031250
0 0.271875 0.568750 0.031250 0.031250
0 0.471875 0.756250 0.031250 0.031250
0 0.268750 0.032813 0.031250 0.034375
0 0.729688 0.814063 0.028125 0.028125
0 0.556250 0.031250 0.031250 0.031250
0 0.785937 0.776563 0.028125 0.028125
0 0.557813 0.503125 0.028125 0.031250
0 0.417187 0.960938 0.028125 0.028125
0 0.925000 0.978125 0.031250 0.031250
0 0.356250 0.015625 0.031250 0.031250
0 0.614062 0.879687 0.028125 0.028125
0 0.328125 0.032813 0.031250 0.028125
0 0.782813 0.031250 0.028125 0.031250
0 0.954688 0.782813 0.034375 0.034375
0 0.612500 0.332813 0.031250 0.028125
0 0.332813 0.978125 0.028125 0.031250
0 0.965625 0.751563 0.031250 0.034375
0 0.271875 0.203125 0.031250 0.031250
0 0.487500 0.975000 0.031250 0.031250
0 0.415625 0.017188 0.031250 0.028125
0 0.728125 0.134375 0.031250 0.031250
0 0.640625 0.862500 0.031250 0.031250
0 0.971875 0.596875 0.031250 0.031250
0 0.526563 0.017188 0.028125 0.028125
0 0.640625 0.017188 0.031250 0.034375
0 0.981250 0.948438 0.031250 0.028125
0 0.584375 0.015625 0.031250 0.031250
0 0.750000 0.970313 0.031250 0.028125
0 0.696875 0.015625 0.031250 0.031250
0 0.389062 0.978125 0.028125 0.031250
0 0.606250 0.978125 0.025000 0.025000
0 0.665625 0.978125 0.031250 0.031250
0 0.273438 0.976562 0.028125 0.028125
0 0.978125 0.721875 0.031250 0.031250
0 0.754687 0.079687 0.034375 0.034375
0 0.667188 0.879687 0.028125 0.028125
0 0.979688 0.500000 0.028125 0.031250
0 0.979688 0.418750 0.028125 0.031250
0 0.753125 0.015625 0.031250 0.031250
0 0.981250 0.081250 0.031250 0.031250
0 0.979688 0.978125 0.028125 0.025000
0 0.868750 0.015625 0.031250 0.031250
0 0.978125 0.628125 0.031250 0.031250
0 0.981250 0.114062 0.031250 0.028125
0 0.982812 0.915625 0.028125 0.031250
0 0.981250 0.351562 0.031250 0.028125
0 0.812500 0.015625 0.031250 0.031250
0 0.756250 0.762500 0.031250 0.031250
