0 0.734375 0.750000 0.031250 0.031250
0 0.784375 0.517188 0.031250 0.028125
0 0.792188 0.748437 0.028125 0.028125
0 0.326562 0.721875 0.034375 0.031250
0 0.415625 0.906250 0.031250 0.031250
0 0.646875 0.901563 0.031250 0.028125
0 0.648438 0.937500 0.028125 0.031250
0 0.532813 0.700000 0.028125 0.031250
0 0.475000 0.903125 0.031250 0.031250
0 0.385937 0.859375 0.028125 0.031250
0 0.443750 0.887500 0.031250 0.031250
0 0.618750 0.918750 0.031250 0.031250
0 0.975000 0.843750 0.031250 0.031250
0 0.792188 0.682813 0.028125 0.028125
0 0.534375 0.903125 0.031250 0.031250
0 0.912500 0.812500 0.031250 0.031250
0 0.706250 0.934375 0.031250 0.031250
0 0.475000 0.870313 0.031250 0.028125
0 0.715625 0.423438 0.031250 0.028125
0 0.943750 0.828125 0.031250 0.031250
0 0.753125 0.501563 0.031250 0.028125
0 0.503125 0.921875 0.031250 0.031250
0 0.731250 0.650000 0.031250 0.031250
0 0.354687 0.909375 0.028125 0.031250
0 0.646875 0.800000 0.031250 0.031250
0 0.812500 0.496875 0.031250 0.031250
0 0.604688 0.470313 0.028125 0.028125
0 0.912500 0.878125 0.031250 0.031250
0 0.562500 0.718750 0.031250 0.031250
0 0.589063 0.935937 0.028125 0.028125
0 0.531250 0.937500 0.031250 0.031250
0 0.562500 0.751563 0.031250 0.028125
0 0.384375 0.928125 0.031250 0.031250
0 0.618750 0.784375 0.031250 0.031250
0 0.678125 0.715625 0.031250 0.031250
0 0.843750 0.543750 0.031250 0.031250
0 0.668750 0.606250 0.031250 0.031250
0 0.578125 0.450000 0.031250 0.031250
0 0.937500 0.659375 0.031250 0.031250
0 0.676562 0.917188 0.028125 0.028125
0 0.325000 0.825000 0.031250 0.031250
0 0.765625 0.900000 0.031250 0.031250
0 0.943750 0.792188 0.031250 0.028125
0 0.793750 0.950000 0.031250 0.031250
0 0.815625 0.564063 0.031250 0.028125
0 0.940625 0.893750 0.031250 0.031250
0 0.356250 0.843750 0.031250 0.031250
0 0.906250 0.678125 0.031250 0.031250
0 0.971875 0.809375 0.031250 0.031250
0 0.875000 0.595313 0.031250 0.028125
0 0.896875 0.509375 0.031250 0.031250
0 0.646875 0.700000 0.031250 0.031250
0 0.706250 0.901563 0.031250 0.028125
0 0.676562 0.884375 0.028125 0.031250
0 0.821875 0.729688 0.031250 0.028125
0 0.881250 0.796875 0.031250 0.031250
0 0.735938 0.917188 0.028125 0.028125
0 0.387500 0.756250 0.031250 0.031250
0 0.765625 0.932813 0.031250 0.028125
0 0.589063 0.665625 0.028125 0.031250
0 0.798438 0.365625 0.028125 0.031250
0 0.417187 0.668750 0.028125 0.031250
0 0.646875 0.731250 0.031250 0.031250
0 0.550000 0.510938 0.031250 0.028125
0 0.818750 0.631250 0.031250 0.031250
0 0.720313 0.456250 0.028125 0.031250
0 0.846875 0.612500 0.031250 0.031250
0 0.851562 0.746875 0.028125 0.031250
0 0.678125 0.682813 0.031250 0.028125
0 0.590625 0.734375 0.031250 0.031250
0 0.734375 0.682813 0.031250 0.028125
0 0.506250 0.718750 0.031250 0.031250
0 0.909375 0.843750 0.031250 0.031250
0 0.354687 0.878125 0.028125 0.031250
0 0.593750 0.626563 0.031250 0.034375
0 0.709375 0.353125 0.031250 0.031250
0 0.940625 0.928125 0.031250 0.031250
0 0.843750 0.578125 0.031250 0.031250
0 0.618750 0.851562 0.031250 0.028125
0 0.621875 0.606250 0.031250 0.031250
0 0.418750 0.771875 0.031250 0.031250
0 0.875000 0.559375 0.031250 0.031250
0 0.762500 0.865625 0.031250 0.031250
0 0.828125 0.379688 0.031250 0.028125
0 0.443750 0.921875 0.031250 0.031250
0 0.820312 0.662500 0.028125 0.031250
0 0.390625 0.687500 0.031250 0.031250
0 0.562500 0.784375 0.031250 0.031250
0 0.618750 0.885938 0.031250 0.028125
0 0.875000 0.628125 0.031250 0.031250
0 0.323437 0.928125 0.034375 0.031250
0 0.817187 0.596875 0.028125 0.031250
0 0.475000 0.734375 0.031250 0.031250
0 0.821875 0.698438 0.031250 0.028125
0 0.678125 0.850000 0.031250 0.031250
0 0.646875 0.631250 0.031250 0.031250
0 0.968750 0.909375 0.031250 0.031250
0 0.734375 0.953125 0.031250 0.031250
0 0.471875 0.971875 0.031250 0.031250
0 0.562500 0.684375 0.031250 0.031250
0 0.590625 0.700000 0.031250 0.031250
0 0.329688 0.793750 0.028125 0.031250
0 0.678125 0.784375 0.031250 0.031250
0 0.678125 0.750000 0.031250 0.031250
0 0.821875 0.765625 0.031250 0.031250
0 0.475000 0.700000 0.031250 0.031250
0 0.851562 0.712500 0.028125 0.031250
0 0.750000 0.468750 0.031250 0.031250
0 0.939063 0.693750 0.028125 0.031250
0 0.671875 0.345313 0.031250 0.034375
0 0.678125 0.818750 0.031250 0.031250
0 0.792188 0.717187 0.028125 0.028125
0 0.609375 0.503125 0.031250 0.031250
0 0.296875 0.812500 0.031250 0.031250
0 0.764062 0.698438 0.028125 0.028125
0 0.592187 0.767188 0.028125 0.028125
0 0.804688 0.432812 0.028125 0.028125
0 0.684375 0.407813 0.031250 0.028125
0 0.700000 0.625000 0.031250 0.031250
0 0.503125 0.684375 0.031250 0.031250
0 0.592187 0.832812 0.028125 0.028125
0 0.646875 0.868750 0.031250 0.031250
0 0.646875 0.584375 0.031250 0.031250
0 0.532813 0.803125 0.028125 0.031250
0 0.415625 0.535937 0.031250 0.028125
0 0.881250 0.862500 0.031250 0.031250
0 0.646875 0.834375 0.031250 0.031250
0 0.848437 0.645312 0.028125 0.028125
0 0.754687 0.535937 0.028125 0.028125
0 0.907813 0.643750 0.028125 0.031250
0 0.618750 0.817187 0.031250 0.028125
0 0.384375 0.892188 0.031250 0.028125
0 0.415625 0.939063 0.031250 0.028125
0 0.857812 0.395313 0.028125 0.028125
0 0.562500 0.818750 0.031250 0.031250
0 0.637500 0.517188 0.031250 0.028125
0 0.646875 0.767188 0.031250 0.028125
0 0.765625 0.968750 0.031250 0.031250
0 0.475000 0.771875 0.031250 0.031250
0 0.759375 0.600000 0.031250 0.031250
0 0.559375 0.954688 0.031250 0.028125
0 0.932813 0.590625 0.028125 0.031250
0 0.550000 0.470313 0.031250 0.034375
0 0.853125 0.781250 0.031250 0.031250
0 0.706250 0.698438 0.031250 0.028125
0 0.839063 0.479687 0.028125 0.028125
0 0.503125 0.885938 0.031250 0.028125
0 0.415625 0.871875 0.031250 0.031250
0 0.589063 0.868750 0.028125 0.031250
0 0.503125 0.818750 0.031250 0.031250
0 0.801562 0.400000 0.028125 0.031250
0 0.612500 0.535937 0.031250 0.028125
0 0.790625 0.648438 0.031250 0.028125
0 0.620313 0.748437 0.028125 0.028125
0 0.643750 0.550000 0.031250 0.031250
0 0.770312 0.384375 0.028125 0.031250
0 0.562500 0.885938 0.031250 0.028125
0 0.734375 0.884375 0.031250 0.031250
0 0.881250 0.829688 0.031250 0.028125
0 0.384375 0.959375 0.031250 0.031250
0 0.840625 0.512500 0.031250 0.031250
0 0.295312 0.914062 0.034375 0.034375
0 0.415625 0.971875 0.031250 0.031250
0 0.812500 0.531250 0.031250 0.031250
0 0.734375 0.850000 0.031250 0.031250
0 0.678125 0.953125 0.031250 0.031250
0 0.418750 0.704688 0.031250 0.028125
0 0.417187 0.837500 0.028125 0.031250
0 0.768750 0.350000 0.031250 0.031250
0 0.785937 0.550000 0.028125 0.031250
0 0.906250 0.610938 0.031250 0.028125
0 0.531250 0.765625 0.031250 0.031250
0 0.475000 0.668750 0.031250 0.031250
0 0.446875 0.854688 0.031250 0.028125
0 0.573438 0.384375 0.028125 0.031250
0 0.898438 0.445312 0.028125 0.028125
0 0.443750 0.484375 0.031250 0.031250
0 0.706250 0.867188 0.031250 0.028125
0 0.534375 0.667188 0.031250 0.028125
0 0.917188 0.353125 0.034375 0.031250
0 0.443750 0.518750 0.031250 0.031250
0 0.473438 0.937500 0.028125 0.031250
0 0.417187 0.804688 0.028125 0.028125
0 0.589063 0.904687 0.028125 0.028125
0 0.689063 0.443750 0.028125 0.031250
0 0.387500 0.653125 0.031250 0.031250
0 0.503125 0.751563 0.031250 0.028125
0 0.293750 0.846875 0.031250 0.031250
0 0.532813 0.734375 0.028125 0.031250
0 0.968750 0.876563 0.031250 0.034375
0 0.325000 0.859375 0.031250 0.031250
0 0.475000 0.635938 0.031250 0.028125
0 0.521875 0.453125 0.031250 0.031250
0 0.934375 0.625000 0.031250 0.031250
0 0.790625 0.615625 0.031250 0.031250
0 0.354687 0.943750 0.028125 0.031250
0 0.646875 0.970313 0.031250 0.034375
0 0.506250 0.651563 0.031250 0.028125
0 0.359375 0.807813 0.031250 0.028125
0 0.496875 0.475000 0.031250 0.031250
0 0.968750 0.740625 0.031250 0.031250
0 0.832812 0.414062 0.028125 0.028125
0 0.359375 0.703125 0.031250 0.031250
0 0.589063 0.801562 0.028125 0.028125
0 0.850000 0.814063 0.031250 0.028125
0 0.787500 0.581250 0.031250 0.031250
0 0.885938 0.379688 0.028125 0.028125
0 0.726562 0.520312 0.028125 0.028125
0 0.446875 0.785937 0.031250 0.028125
0 0.796875 0.329688 0.031250 0.034375
0 0.696875 0.587500 0.031250 0.031250
0 0.910937 0.710938 0.028125 0.028125
0 0.714063 0.387500 0.028125 0.031250
0 0.387500 0.825000 0.031250 0.031250
0 0.490625 0.439063 0.031250 0.028125
0 0.832812 0.446875 0.028125 0.031250
0 0.475000 0.532813 0.031250 0.028125
0 0.764062 0.664062 0.028125 0.028125
0 0.546875 0.400000 0.031250 0.031250
0 0.771875 0.417187 0.031250 0.028125
0 0.418750 0.737500 0.031250 0.031250
0 0.968750 0.776563 0.031250 0.034375
0 0.781250 0.484375 0.031250 0.031250
0 0.651563 0.389062 0.034375 0.034375
0 0.503125 0.954688 0.031250 0.028125
0 0.859375 0.323437 0.031250 0.034375
0 0.968750 0.706250 0.031250 0.031250
0 0.940625 0.860938 0.031250 0.034375
0 0.912500 0.912500 0.031250 0.031250
0 0.323437 0.896875 0.028125 0.031250
0 0.532813 0.868750 0.028125 0.031250
0 0.635938 0.482812 0.028125 0.028125
0 0.603125 0.400000 0.031250 0.031250
0 0.517188 0.418750 0.028125 0.031250
0 0.631250 0.450000 0.031250 0.031250
0 0.728125 0.587500 0.031250 0.031250
0 0.618750 0.682813 0.031250 0.028125
0 0.562500 0.615625 0.031250 0.031250
0 0.776563 0.453125 0.028125 0.031250
0 0.704688 0.800000 0.028125 0.031250
0 0.531250 0.971875 0.031250 0.031250
0 0.471875 0.500000 0.031250 0.031250
0 0.940625 0.759375 0.031250 0.031250
0 0.695312 0.509375 0.028125 0.031250
0 0.806250 0.465625 0.031250 0.031250
0 0.971875 0.379688 0.031250 0.034375
0 0.664062 0.464062 0.028125 0.028125
0 0.503125 0.584375 0.031250 0.031250
0 0.548438 0.432812 0.028125 0.028125
0 0.678125 0.646875 0.031250 0.031250
0 0.684375 0.375000 0.031250 0.031250
0 0.387500 0.620313 0.031250 0.028125
0 0.604688 0.432812 0.028125 0.028125
0 0.503125 0.517188 0.031250 0.034375
0 0.446875 0.620313 0.031250 0.028125
0 0.446875 0.821875 0.031250 0.031250
0 0.445312 0.954688 0.028125 0.028125
0 0.562500 0.581250 0.031250 0.031250
0 0.646875 0.665625 0.031250 0.031250
0 0.298438 0.778125 0.028125 0.031250
0 0.912500 0.396875 0.031250 0.031250
0 0.671875 0.562500 0.031250 0.031250
0 0.879687 0.695312 0.028125 0.028125
0 0.485938 0.403125 0.034375 0.031250
0 0.764062 0.732812 0.028125 0.028125
0 0.589063 0.970313 0.028125 0.028125
0 0.331250 0.653125 0.031250 0.031250
0 0.692187 0.476562 0.028125 0.028125
0 0.856250 0.362500 0.031250 0.031250
0 0.417187 0.637500 0.028125 0.031250
0 0.560937 0.920312 0.028125 0.028125
0 0.390625 0.720313 0.031250 0.028125
0 0.417187 0.604688 0.028125 0.028125
0 0.506250 0.784375 0.031250 0.031250
0 0.562500 0.853125 0.031250 0.031250
0 0.878125 0.660937 0.031250 0.028125
0 0.795312 0.917188 0.028125 0.028125
0 0.970313 0.945312 0.034375 0.034375
0 0.475000 0.834375 0.031250 0.031250
0 0.823438 0.798438 0.028125 0.028125
0 0.731250 0.618750 0.031250 0.031250
0 0.446875 0.753125 0.031250 0.031250
0 0.956250 0.409375 0.031250 0.031250
0 0.443750 0.553125 0.031250 0.031250
0 0.823438 0.965625 0.034375 0.031250
0 0.706250 0.832812 0.031250 0.028125
0 0.742188 0.370312 0.028125 0.028125
0 0.764062 0.634375 0.028125 0.031250
0 0.503125 0.853125 0.031250 0.031250
0 0.721875 0.487500 0.031250 0.031250
0 0.959375 0.575000 0.031250 0.031250
0 0.446875 0.654687 0.031250 0.028125
0 0.940625 0.962500 0.031250 0.031250
0 0.359375 0.775000 0.031250 0.031250
0 0.848437 0.679688 0.028125 0.028125
0 0.387500 0.587500 0.031250 0.031250
0 0.659375 0.428125 0.031250 0.031250
0 0.904687 0.576562 0.028125 0.028125
0 0.475000 0.803125 0.031250 0.031250
0 0.698438 0.542188 0.028125 0.028125
0 0.618750 0.646875 0.031250 0.031250
0 0.665625 0.498437 0.031250 0.028125
0 0.387500 0.790625 0.031250 0.031250
0 0.534375 0.634375 0.031250 0.031250
0 0.618750 0.953125 0.031250 0.031250
0 0.532813 0.835938 0.028125 0.028125
0 0.562500 0.650000 0.031250 0.031250
0 0.739062 0.334375 0.028125 0.031250
0 0.359375 0.668750 0.031250 0.031250
0 0.320312 0.970313 0.034375 0.034375
0 0.417187 0.570312 0.028125 0.028125
0 0.329688 0.687500 0.028125 0.031250
0 0.670312 0.529687 0.028125 0.028125
0 0.445312 0.685937 0.028125 0.028125
0 0.445312 0.585938 0.028125 0.028125
0 0.606250 0.365625 0.031250 0.031250
0 0.360938 0.737500 0.028125 0.031250
0 0.885938 0.410938 0.028125 0.028125
0 0.937500 0.725000 0.031250 0.031250
0 0.303125 0.745313 0.031250 0.034375
0 0.356250 0.603125 0.031250 0.031250
0 0.615625 0.571875 0.031250 0.031250
0 0.917188 0.289062 0.034375 0.034375
0 0.734375 0.815625 0.031250 0.031250
0 0.385937 0.553125 0.028125 0.031250
0 0.703125 0.665625 0.031250 0.031250
0 0.728125 0.553125 0.031250 0.031250
0 0.593750 0.593750 0.031250 0.031250
0 0.575000 0.417187 0.031250 0.028125
0 0.631250 0.415625 0.031250 0.031250
0 0.585938 0.557813 0.028125 0.028125
0 0.545312 0.367188 0.034375 0.034375
0 0.825000 0.346875 0.031250 0.031250
0 0.331250 0.759375 0.031250 0.031250
0 0.759375 0.568750 0.031250 0.031250
0 0.912500 0.776563 0.031250 0.028125
0 0.743750 0.403125 0.031250 0.031250
0 0.262500 0.890625 0.031250 0.031250
0 0.465625 0.459375 0.031250 0.031250
0 0.732812 0.717187 0.028125 0.028125
0 0.939063 0.378125 0.034375 0.031250
0 0.618750 0.718750 0.031250 0.031250
0 0.962500 0.606250 0.031250 0.031250
0 0.514062 0.382812 0.034375 0.034375
0 0.792188 0.882812 0.028125 0.028125
0 0.298438 0.696875 0.034375 0.031250
0 0.959375 0.540625 0.031250 0.031250
0 0.293750 0.946875 0.031250 0.031250
0 0.965625 0.640625 0.031250 0.031250
0 0.359375 0.637500 0.031250 0.031250
0 0.929688 0.526563 0.028125 0.028125
0 0.410938 0.471875 0.034375 0.031250
0 0.901563 0.317188 0.034375 0.034375
0 0.884375 0.346875 0.031250 0.031250
0 0.643750 0.321875 0.031250 0.031250
0 0.578125 0.487500 0.031250 0.031250
0 0.576562 0.348438 0.034375 0.034375
0 0.432812 0.445312 0.034375 0.034375
0 0.931250 0.559375 0.031250 0.031250
0 0.503125 0.550000 0.031250 0.031250
0 0.637500 0.356250 0.031250 0.031250
0 0.276562 0.721875 0.034375 0.037500
0 0.384375 0.518750 0.031250 0.031250
0 0.582812 0.525000 0.028125 0.031250
0 0.446875 0.717187 0.031250 0.028125
0 0.264062 0.795312 0.034375 0.034375
0 0.821875 0.831250 0.031250 0.031250
0 0.953125 0.346875 0.031250 0.031250
0 0.792188 0.848437 0.028125 0.028125
0 0.934375 0.318750 0.031250 0.031250
0 0.762500 0.834375 0.031250 0.031250
0 0.704688 0.765625 0.028125 0.031250
0 0.521875 0.490625 0.031250 0.031250
0 0.734375 0.782813 0.031250 0.028125
0 0.879687 0.895312 0.034375 0.034375
0 0.707812 0.320312 0.034375 0.034375
0 0.457813 0.426563 0.034375 0.034375
0 0.965625 0.673438 0.031250 0.028125
0 0.767188 0.315625 0.034375 0.031250
0 0.870313 0.529687 0.028125 0.028125
0 0.926562 0.426563 0.028125 0.028125
0 0.293750 0.878125 0.031250 0.031250
0 0.867188 0.462500 0.028125 0.031250
0 0.823438 0.931250 0.028125 0.031250
0 0.901563 0.543750 0.028125 0.031250
0 0.828125 0.315625 0.031250 0.031250
0 0.415625 0.504687 0.031250 0.028125
0 0.910937 0.946875 0.034375 0.031250
0 0.270313 0.757812 0.034375 0.034375
0 0.354687 0.978125 0.028125 0.031250
0 0.956250 0.443750 0.031250 0.031250
0 0.340625 0.570312 0.031250 0.034375
0 0.764062 0.764062 0.028125 0.028125
0 0.264062 0.826562 0.034375 0.034375
0 0.737500 0.300000 0.037500 0.037500
0 0.748437 0.435937 0.028125 0.028125
0 0.354687 0.539062 0.034375 0.034375
0 0.295312 0.664062 0.034375 0.034375
0 0.260937 0.925000 0.034375 0.031250
0 0.532813 0.600000 0.028125 0.031250
0 0.848437 0.289062 0.034375 0.034375
0 0.676562 0.310937 0.034375 0.034375
0 0.704688 0.732812 0.028125 0.028125
0 0.556250 0.543750 0.031250 0.031250
0 0.860938 0.931250 0.028125 0.031250
0 0.260937 0.957812 0.034375 0.034375
0 0.882812 0.290625 0.034375 0.037500
0 0.473438 0.565625 0.028125 0.031250
0 0.857812 0.429688 0.028125 0.028125
0 0.867188 0.495312 0.028125 0.028125
0 0.612500 0.332813 0.037500 0.034375
0 0.323437 0.598437 0.034375 0.034375
0 0.473438 0.601562 0.028125 0.028125
0 0.970313 0.318750 0.034375 0.031250
0 0.532813 0.567187 0.028125 0.028125
0 0.821875 0.900000 0.031250 0.031250
0 0.971875 0.978125 0.031250 0.031250
0 0.504687 0.618750 0.028125 0.031250
0 0.882812 0.962500 0.034375 0.037500
0 0.789062 0.292187 0.034375 0.034375
0 0.309375 0.629687 0.031250 0.034375
0 0.951562 0.290625 0.034375 0.031250
