0 0.143750 0.060937 0.031250 0.034375
0 0.590625 0.075000 0.031250 0.031250
0 0.665625 0.737500 0.031250 0.031250
0 0.173437 0.259375 0.034375 0.031250
0 0.176563 0.364063 0.034375 0.034375
0 0.417187 0.743750 0.034375 0.031250
0 0.923438 0.471875 0.034375 0.031250
0 0.678125 0.353125 0.031250 0.031250
0 0.765625 0.443750 0.031250 0.031250
0 0.907813 0.442188 0.034375 0.034375
0 0.887500 0.471875 0.031250 0.031250
0 0.940625 0.440625 0.031250 0.031250
0 0.782813 0.590625 0.034375 0.031250
0 0.665625 0.796875 0.031250 0.031250
0 0.646875 0.825000 0.031250 0.031250
0 0.925000 0.531250 0.031250 0.031250
0 0.553125 0.443750 0.031250 0.031250
0 0.870313 0.503125 0.034375 0.031250
0 0.940625 0.739062 0.031250 0.034375
0 0.890625 0.053125 0.031250 0.031250
0 0.887500 0.650000 0.031250 0.031250
0 0.609375 0.234375 0.031250 0.031250
0 0.712500 0.356250 0.031250 0.031250
0 0.875000 0.081250 0.031250 0.031250
0 0.784375 0.531250 0.031250 0.031250
0 0.312500 0.431250 0.031250 0.031250
0 0.503125 0.200000 0.031250 0.031250
0 0.940625 0.621875 0.031250 0.031250
0 0.453125 0.743750 0.031250 0.031250
0 0.518750 0.384375 0.031250 0.031250
0 0.698438 0.085938 0.034375 0.034375
0 0.853125 0.592187 0.031250 0.034375
0 0.420312 0.364063 0.034375 0.034375
0 0.818750 0.412500 0.031250 0.031250
0 0.818750 0.532813 0.031250 0.034375
0 0.784375 0.234375 0.031250 0.031250
0 0.856250 0.173437 0.031250 0.034375
0 0.803125 0.562500 0.031250 0.031250
0 0.923438 0.650000 0.034375 0.031250
0 0.906250 0.142187 0.031250 0.034375
0 0.854688 0.650000 0.028125 0.031250
0 0.696875 0.681250 0.031250 0.031250
0 0.393750 0.595313 0.031250 0.034375
0 0.906250 0.621875 0.031250 0.031250
0 0.346875 0.425000 0.031250 0.031250
0 0.921875 0.829688 0.031250 0.034375
0 0.834375 0.501563 0.031250 0.034375
0 0.871875 0.562500 0.031250 0.031250
0 0.959375 0.412500 0.031250 0.031250
0 0.871875 0.142187 0.031250 0.028125
0 0.890625 0.532813 0.031250 0.028125
0 0.818750 0.293750 0.031250 0.031250
0 0.959375 0.470313 0.031250 0.028125
0 0.662500 0.506250 0.031250 0.031250
0 0.325000 0.395313 0.031250 0.034375
0 0.856250 0.709375 0.031250 0.031250
0 0.854688 0.112500 0.028125 0.031250
0 0.803125 0.443750 0.031250 0.031250
0 0.537500 0.475000 0.031250 0.031250
0 0.925000 0.051562 0.031250 0.034375
0 0.381250 0.423438 0.031250 0.034375
0 0.906250 0.503125 0.031250 0.031250
0 0.857812 0.051562 0.028125 0.028125
0 0.684375 0.828125 0.031250 0.031250
0 0.232813 0.257812 0.034375 0.034375
0 0.343750 0.365625 0.031250 0.031250
0 0.371875 0.512500 0.031250 0.031250
0 0.767188 0.562500 0.034375 0.031250
0 0.565625 0.170313 0.031250 0.034375
0 0.731250 0.325000 0.031250 0.031250
0 0.553125 0.737500 0.031250 0.031250
0 0.696875 0.323437 0.031250 0.034375
0 0.871875 0.443750 0.031250 0.031250
0 0.731250 0.206250 0.031250 0.031250
0 0.800000 0.500000 0.031250 0.031250
0 0.784375 0.415625 0.031250 0.031250
0 0.750000 0.296875 0.031250 0.031250
0 0.746875 0.353125 0.031250 0.031250
0 0.471875 0.215625 0.031250 0.031250
0 0.354687 0.485938 0.028125 0.028125
0 0.264062 0.170313 0.034375 0.034375
0 0.921875 0.409375 0.031250 0.031250
0 0.575000 0.293750 0.031250 0.031250
0 0.890625 0.112500 0.031250 0.031250
0 0.834375 0.265625 0.031250 0.031250
0 0.731250 0.562500 0.031250 0.031250
0 0.590625 0.562500 0.031250 0.031250
0 0.956250 0.768750 0.031250 0.031250
0 0.628125 0.793750 0.031250 0.031250
0 0.609375 0.293750 0.031250 0.031250
0 0.562500 0.128125 0.031250 0.031250
0 0.678125 0.475000 0.031250 0.031250
0 0.537500 0.534375 0.031250 0.031250
0 0.975000 0.440625 0.031250 0.031250
0 0.837500 0.621875 0.031250 0.031250
0 0.590625 0.262500 0.031250 0.031250
0 0.712500 0.412500 0.031250 0.031250
0 0.609375 0.475000 0.031250 0.031250
0 0.734375 0.084375 0.031250 0.031250
0 0.818750 0.709375 0.031250 0.031250
0 0.959375 0.709375 0.031250 0.031250
0 0.662500 0.146875 0.031250 0.031250
0 0.818750 0.650000 0.031250 0.031250
0 0.782813 0.471875 0.034375 0.031250
0 0.681250 0.056250 0.031250 0.031250
0 0.298438 0.462500 0.028125 0.031250
0 0.943750 0.381250 0.031250 0.031250
0 0.403125 0.450000 0.031250 0.031250
0 0.304688 0.370312 0.034375 0.034375
0 0.590625 0.501563 0.031250 0.034375
0 0.834375 0.737500 0.031250 0.031250
0 0.628125 0.620313 0.031250 0.034375
0 0.715625 0.650000 0.031250 0.031250
0 0.767188 0.503125 0.034375 0.031250
0 0.398438 0.656250 0.034375 0.031250
0 0.856250 0.412500 0.031250 0.031250
0 0.871875 0.381250 0.031250 0.031250
0 0.800000 0.321875 0.031250 0.031250
0 0.643750 0.475000 0.031250 0.031250
0 0.487500 0.740625 0.031250 0.031250
0 0.837500 0.678125 0.031250 0.031250
0 0.626563 0.323437 0.034375 0.034375
0 0.715625 0.115625 0.031250 0.031250
0 0.590625 0.204687 0.031250 0.034375
0 0.957812 0.110937 0.034375 0.034375
0 0.784375 0.353125 0.031250 0.031250
0 0.484375 0.681250 0.031250 0.031250
0 0.362500 0.393750 0.031250 0.031250
0 0.500000 0.417187 0.031250 0.034375
0 0.890625 0.173437 0.031250 0.034375
0 0.750000 0.531250 0.031250 0.031250
0 0.975000 0.381250 0.031250 0.031250
0 0.518750 0.678125 0.031250 0.031250
0 0.957812 0.650000 0.028125 0.031250
0 0.443750 0.506250 0.031250 0.031250
0 0.801562 0.204687 0.028125 0.028125
0 0.325000 0.203125 0.031250 0.031250
0 0.834375 0.325000 0.031250 0.031250
0 0.334375 0.456250 0.031250 0.031250
0 0.607812 0.176563 0.034375 0.034375
0 0.590625 0.620313 0.031250 0.034375
0 0.412500 0.625000 0.031250 0.031250
0 0.837500 0.562500 0.031250 0.031250
0 0.415625 0.259375 0.031250 0.031250
0 0.626563 0.265625 0.034375 0.031250
0 0.346875 0.693750 0.031250 0.031250
0 0.729688 0.384375 0.028125 0.031250
0 0.837500 0.443750 0.031250 0.031250
0 0.329688 0.584375 0.034375 0.031250
0 0.820312 0.229687 0.034375 0.034375
0 0.651563 0.079687 0.034375 0.034375
0 0.818750 0.768750 0.031250 0.031250
0 0.325000 0.165625 0.031250 0.031250
0 0.385937 0.481250 0.028125 0.031250
0 0.590625 0.325000 0.031250 0.031250
0 0.468750 0.709375 0.031250 0.031250
0 0.975000 0.078125 0.031250 0.031250
0 0.693750 0.204687 0.031250 0.034375
0 0.903125 0.740625 0.031250 0.031250
0 0.556250 0.793750 0.031250 0.031250
0 0.273438 0.557813 0.034375 0.034375
0 0.643750 0.293750 0.031250 0.031250
0 0.485938 0.800000 0.028125 0.031250
0 0.537500 0.706250 0.031250 0.031250
0 0.387500 0.275000 0.031250 0.031250
0 0.571875 0.473438 0.031250 0.028125
0 0.925000 0.110937 0.031250 0.034375
0 0.556250 0.562500 0.031250 0.031250
0 0.712500 0.532813 0.031250 0.034375
0 0.606250 0.531250 0.031250 0.031250
0 0.571875 0.353125 0.031250 0.031250
0 0.800000 0.384375 0.031250 0.031250
0 0.268750 0.376563 0.031250 0.034375
0 0.239063 0.360938 0.034375 0.034375
0 0.356250 0.334375 0.031250 0.031250
0 0.573438 0.234375 0.034375 0.031250
0 0.853125 0.532813 0.031250 0.034375
0 0.923438 0.770312 0.034375 0.034375
0 0.746875 0.412500 0.031250 0.031250
0 0.643750 0.353125 0.031250 0.031250
0 0.943750 0.142187 0.031250 0.034375
0 0.678125 0.173437 0.031250 0.034375
0 0.590625 0.443750 0.031250 0.031250
0 0.307812 0.556250 0.034375 0.031250
0 0.871875 0.681250 0.031250 0.031250
0 0.609375 0.590625 0.031250 0.031250
0 0.532813 0.181250 0.034375 0.031250
0 0.142187 0.278125 0.034375 0.031250
0 0.462500 0.254688 0.031250 0.034375
0 0.871875 0.203125 0.031250 0.031250
0 0.192188 0.432812 0.034375 0.034375
0 0.818750 0.590625 0.031250 0.031250
0 0.470313 0.771875 0.028125 0.031250
0 0.510938 0.332813 0.034375 0.034375
0 0.262500 0.131250 0.031250 0.031250
0 0.921875 0.709375 0.031250 0.031250
0 0.259375 0.589063 0.031250 0.034375
0 0.820312 0.175000 0.034375 0.031250
0 0.746875 0.590625 0.031250 0.031250
0 0.906250 0.081250 0.031250 0.031250
0 0.496875 0.235937 0.031250 0.034375
0 0.940625 0.562500 0.031250 0.031250
0 0.625000 0.503125 0.031250 0.031250
0 0.260937 0.095312 0.034375 0.034375
0 0.321875 0.340625 0.031250 0.031250
0 0.265625 0.340625 0.031250 0.031250
0 0.562500 0.095312 0.031250 0.028125
0 0.382812 0.354687 0.034375 0.034375
0 0.765625 0.620313 0.031250 0.028125
0 0.537500 0.646875 0.031250 0.031250
0 0.293750 0.256250 0.031250 0.031250
0 0.553125 0.678125 0.031250 0.031250
0 0.537500 0.356250 0.031250 0.031250
0 0.321875 0.668750 0.031250 0.031250
0 0.850000 0.471875 0.031250 0.031250
0 0.734375 0.678125 0.031250 0.031250
0 0.589063 0.040625 0.034375 0.031250
0 0.784375 0.175000 0.031250 0.031250
0 0.276562 0.432812 0.034375 0.034375
0 0.500000 0.131250 0.031250 0.031250
0 0.381250 0.312500 0.031250 0.031250
0 0.679688 0.114062 0.034375 0.034375
0 0.940625 0.501563 0.031250 0.034375
0 0.451562 0.804688 0.034375 0.034375
0 0.975000 0.678125 0.031250 0.031250
0 0.906250 0.679688 0.031250 0.034375
0 0.837500 0.082812 0.031250 0.034375
0 0.834375 0.384375 0.031250 0.031250
0 0.767188 0.323437 0.034375 0.034375
0 0.250000 0.500000 0.031250 0.031250
0 0.540625 0.767188 0.031250 0.028125
0 0.293750 0.187500 0.031250 0.031250
0 0.437500 0.446875 0.031250 0.031250
0 0.553125 0.385937 0.031250 0.034375
0 0.662500 0.203125 0.031250 0.031250
0 0.959375 0.531250 0.031250 0.031250
0 0.571875 0.534375 0.031250 0.031250
0 0.621875 0.059375 0.031250 0.031250
0 0.767188 0.206250 0.028125 0.031250
0 0.921875 0.590625 0.031250 0.031250
0 0.431250 0.653125 0.031250 0.031250
0 0.154688 0.420312 0.034375 0.034375
0 0.575000 0.765625 0.031250 0.031250
0 0.365625 0.453125 0.031250 0.031250
0 0.696875 0.146875 0.031250 0.031250
0 0.440625 0.231250 0.031250 0.031250
0 0.914062 0.020313 0.034375 0.034375
0 0.975000 0.500000 0.031250 0.031250
0 0.431250 0.595313 0.031250 0.028125
0 0.762500 0.381250 0.031250 0.031250
0 0.800000 0.262500 0.031250 0.031250
0 0.876563 0.020313 0.034375 0.034375
0 0.750000 0.115625 0.031250 0.031250
0 0.209375 0.496875 0.031250 0.031250
0 0.532813 0.228125 0.034375 0.031250
0 0.715625 0.178125 0.031250 0.031250
0 0.531250 0.110937 0.031250 0.034375
0 0.298438 0.646875 0.034375 0.031250
0 0.696875 0.621875 0.031250 0.031250
0 0.975000 0.620313 0.031250 0.028125
0 0.265625 0.468750 0.031250 0.031250
0 0.803125 0.025000 0.031250 0.031250
0 0.573438 0.590625 0.034375 0.031250
0 0.696875 0.381250 0.031250 0.031250
0 0.903125 0.381250 0.031250 0.031250
0 0.803125 0.621875 0.031250 0.031250
0 0.729688 0.443750 0.028125 0.031250
0 0.496875 0.531250 0.031250 0.031250
0 0.234375 0.325000 0.031250 0.031250
0 0.693750 0.443750 0.031250 0.031250
0 0.475000 0.392188 0.031250 0.034375
0 0.821875 0.115625 0.031250 0.031250
0 0.628125 0.143750 0.031250 0.031250
0 0.854688 0.353125 0.028125 0.031250
0 0.750000 0.056250 0.031250 0.031250
0 0.412500 0.298438 0.031250 0.034375
0 0.175000 0.151562 0.031250 0.034375
0 0.660937 0.325000 0.028125 0.031250
0 0.715625 0.053125 0.031250 0.031250
0 0.457813 0.421875 0.034375 0.031250
0 0.448437 0.681250 0.028125 0.031250
0 0.646875 0.115625 0.031250 0.031250
0 0.500000 0.650000 0.031250 0.031250
0 0.501563 0.095312 0.034375 0.034375
0 0.434375 0.775000 0.031250 0.031250
0 0.939063 0.860938 0.034375 0.034375
0 0.537500 0.415625 0.031250 0.031250
0 0.662500 0.384375 0.031250 0.031250
0 0.440625 0.282813 0.031250 0.034375
0 0.553125 0.503125 0.031250 0.031250
0 0.750000 0.234375 0.031250 0.031250
0 0.890625 0.831250 0.031250 0.031250
0 0.729688 0.143750 0.034375 0.031250
0 0.337500 0.515625 0.031250 0.031250
0 0.904687 0.798438 0.034375 0.034375
0 0.343750 0.550000 0.031250 0.031250
0 0.473438 0.331250 0.034375 0.031250
0 0.196875 0.465625 0.031250 0.031250
0 0.610938 0.821875 0.028125 0.031250
0 0.234375 0.115625 0.031250 0.031250
0 0.421875 0.478125 0.031250 0.031250
0 0.518750 0.503125 0.031250 0.031250
0 0.853125 0.234375 0.031250 0.031250
0 0.356250 0.290625 0.031250 0.031250
0 0.553125 0.325000 0.031250 0.031250
0 0.750000 0.175000 0.031250 0.031250
0 0.771875 0.025000 0.031250 0.031250
0 0.590625 0.143750 0.031250 0.031250
0 0.853125 0.293750 0.031250 0.031250
0 0.228125 0.526563 0.031250 0.034375
0 0.696875 0.500000 0.031250 0.031250
0 0.692187 0.023438 0.034375 0.034375
0 0.975000 0.142187 0.031250 0.034375
0 0.734375 0.621875 0.031250 0.031250
0 0.642188 0.412500 0.028125 0.031250
0 0.395313 0.389062 0.034375 0.034375
0 0.292187 0.587500 0.028125 0.031250
0 0.325000 0.309375 0.031250 0.031250
0 0.160938 0.456250 0.034375 0.037500
0 0.328125 0.275000 0.031250 0.031250
0 0.678125 0.590625 0.031250 0.031250
0 0.506250 0.771875 0.031250 0.031250
0 0.967187 0.020313 0.034375 0.034375
0 0.457813 0.471875 0.034375 0.031250
0 0.265625 0.271875 0.031250 0.031250
0 0.746875 0.475000 0.031250 0.031250
0 0.356250 0.659375 0.031250 0.031250
0 0.412500 0.684375 0.031250 0.031250
0 0.325000 0.237500 0.031250 0.031250
0 0.290625 0.115625 0.031250 0.031250
0 0.504687 0.301563 0.034375 0.034375
0 0.678125 0.531250 0.031250 0.031250
0 0.712500 0.296875 0.031250 0.031250
0 0.871875 0.262500 0.031250 0.031250
0 0.531250 0.078125 0.031250 0.031250
0 0.553125 0.618750 0.031250 0.031250
0 0.784375 0.771875 0.031250 0.031250
0 0.253125 0.404687 0.031250 0.034375
0 0.412500 0.562500 0.031250 0.031250
0 0.609375 0.651563 0.031250 0.034375
0 0.943750 0.803125 0.031250 0.031250
0 0.712500 0.590625 0.031250 0.031250
0 0.625000 0.443750 0.031250 0.031250
0 0.478125 0.498437 0.031250 0.034375
0 0.643750 0.234375 0.031250 0.031250
0 0.768750 0.678125 0.031250 0.031250
0 0.293750 0.403125 0.031250 0.031250
0 0.475000 0.182812 0.031250 0.034375
0 0.539062 0.295312 0.034375 0.034375
0 0.834375 0.143750 0.031250 0.031250
0 0.531250 0.146875 0.031250 0.031250
0 0.801562 0.676562 0.028125 0.028125
0 0.465625 0.651563 0.031250 0.028125
0 0.643750 0.589063 0.031250 0.028125
0 0.525000 0.260937 0.031250 0.034375
0 0.517188 0.443750 0.028125 0.031250
0 0.642188 0.175000 0.034375 0.031250
0 0.590625 0.110937 0.031250 0.034375
0 0.471875 0.110937 0.031250 0.028125
0 0.381250 0.687500 0.031250 0.031250
0 0.890625 0.590625 0.031250 0.031250
0 0.234375 0.220312 0.031250 0.034375
0 0.393750 0.537500 0.031250 0.031250
0 0.715625 0.707812 0.031250 0.034375
0 0.975000 0.740625 0.031250 0.031250
0 0.443750 0.093750 0.031250 0.031250
0 0.975000 0.559375 0.031250 0.031250
0 0.481250 0.446875 0.031250 0.031250
0 0.557813 0.265625 0.028125 0.031250
0 0.350000 0.182812 0.031250 0.028125
0 0.940625 0.200000 0.031250 0.031250
0 0.220312 0.414062 0.034375 0.034375
0 0.781250 0.293750 0.031250 0.031250
0 0.521875 0.796875 0.031250 0.031250
0 0.493750 0.360938 0.031250 0.034375
0 0.767188 0.262500 0.034375 0.031250
0 0.265625 0.204687 0.031250 0.028125
0 0.365625 0.720313 0.031250 0.034375
0 0.293750 0.150000 0.031250 0.031250
0 0.943750 0.078125 0.031250 0.031250
0 0.571875 0.709375 0.031250 0.031250
0 0.479687 0.620313 0.034375 0.034375
0 0.628125 0.203125 0.031250 0.031250
0 0.625000 0.562500 0.031250 0.031250
0 0.375000 0.565625 0.031250 0.031250
0 0.443750 0.200000 0.031250 0.031250
0 0.782813 0.646875 0.028125 0.031250
0 0.871875 0.859375 0.031250 0.031250
0 0.387500 0.239063 0.031250 0.034375
0 0.787500 0.056250 0.031250 0.031250
0 0.379688 0.126562 0.034375 0.034375
0 0.353125 0.146875 0.031250 0.031250
0 0.837500 0.023438 0.031250 0.028125
0 0.803125 0.740625 0.031250 0.031250
0 0.823438 0.051562 0.028125 0.028125
0 0.471875 0.296875 0.031250 0.031250
0 0.837500 0.800000 0.031250 0.031250
0 0.959375 0.050000 0.031250 0.031250
0 0.412500 0.181250 0.031250 0.031250
0 0.400000 0.714063 0.031250 0.034375
0 0.889062 0.353125 0.028125 0.031250
0 0.434375 0.712500 0.031250 0.031250
0 0.382812 0.200000 0.034375 0.031250
0 0.415625 0.417187 0.031250 0.034375
0 0.189062 0.526563 0.034375 0.034375
0 0.201563 0.206250 0.034375 0.031250
0 0.956250 0.828125 0.031250 0.031250
0 0.465625 0.531250 0.031250 0.031250
0 0.890625 0.412500 0.031250 0.031250
0 0.176563 0.328125 0.034375 0.031250
0 0.659375 0.562500 0.031250 0.031250
0 0.568750 0.648438 0.031250 0.034375
0 0.818750 0.831250 0.031250 0.031250
0 0.409375 0.506250 0.031250 0.031250
0 0.521875 0.737500 0.031250 0.031250
0 0.959375 0.590625 0.031250 0.031250
0 0.412500 0.146875 0.031250 0.031250
0 0.678125 0.296875 0.031250 0.031250
0 0.171875 0.293750 0.031250 0.031250
0 0.803125 0.798438 0.031250 0.034375
0 0.473438 0.076563 0.034375 0.034375
0 0.143750 0.314063 0.031250 0.034375
0 0.678125 0.412500 0.031250 0.031250
0 0.975000 0.798438 0.031250 0.034375
0 0.143750 0.134375 0.031250 0.031250
0 0.976562 0.198437 0.034375 0.034375
0 0.696875 0.859375 0.031250 0.031250
0 0.231250 0.079687 0.031250 0.034375
0 0.906250 0.860938 0.031250 0.034375
0 0.501563 0.709375 0.028125 0.031250
0 0.890625 0.709375 0.031250 0.031250
0 0.715625 0.828125 0.031250 0.031250
0 0.428125 0.537500 0.031250 0.031250
0 0.906250 0.203125 0.031250 0.031250
0 0.296875 0.290625 0.031250 0.031250
0 0.443750 0.128125 0.031250 0.031250
0 0.587500 0.678125 0.031250 0.031250
0 0.318750 0.490625 0.031250 0.031250
0 0.175000 0.081250 0.031250 0.031250
0 0.925000 0.171875 0.031250 0.031250
0 0.493750 0.268750 0.031250 0.031250
0 0.450000 0.564063 0.031250 0.034375
0 0.456250 0.360938 0.031250 0.034375
0 0.446875 0.621875 0.031250 0.031250
0 0.265625 0.240625 0.031250 0.031250
0 0.443750 0.162500 0.031250 0.031250
0 0.787500 0.709375 0.031250 0.031250
0 0.887500 0.293750 0.031250 0.031250
0 0.231250 0.468750 0.031250 0.031250
0 0.287500 0.495312 0.031250 0.028125
0 0.642188 0.532813 0.028125 0.028125
0 0.503125 0.162500 0.031250 0.031250
0 0.696875 0.562500 0.031250 0.031250
0 0.359375 0.596875 0.031250 0.031250
0 0.203125 0.240625 0.031250 0.031250
0 0.220312 0.592187 0.034375 0.034375
0 0.284375 0.678125 0.031250 0.031250
0 0.907813 0.562500 0.028125 0.031250
0 0.171875 0.115625 0.031250 0.031250
0 0.142187 0.026562 0.034375 0.034375
0 0.243750 0.439063 0.031250 0.034375
0 0.292187 0.078125 0.034375 0.031250
0 0.204687 0.281250 0.034375 0.031250
0 0.556250 0.203125 0.031250 0.031250
0 0.593750 0.740625 0.031250 0.031250
0 0.768750 0.798438 0.031250 0.034375
0 0.939063 0.681250 0.028125 0.031250
0 0.276562 0.618750 0.034375 0.031250
0 0.175000 0.495312 0.031250 0.034375
0 0.542188 0.828125 0.034375 0.031250
0 0.751563 0.650000 0.028125 0.031250
0 0.143750 0.346875 0.031250 0.031250
0 0.148438 0.382812 0.034375 0.034375
0 0.570312 0.415625 0.028125 0.031250
0 0.731250 0.265625 0.031250 0.031250
0 0.375000 0.626563 0.031250 0.028125
0 0.262500 0.059375 0.031250 0.031250
0 0.475000 0.146875 0.031250 0.031250
0 0.464062 0.590625 0.028125 0.031250
0 0.506250 0.828125 0.031250 0.031250
0 0.321875 0.131250 0.031250 0.031250
0 0.815625 0.471875 0.031250 0.031250
0 0.306250 0.703125 0.031250 0.031250
0 0.384375 0.165625 0.031250 0.031250
0 0.609375 0.412500 0.031250 0.031250
0 0.312500 0.612500 0.031250 0.031250
0 0.784375 0.829688 0.031250 0.028125
0 0.729688 0.503125 0.028125 0.031250
0 0.818750 0.353125 0.031250 0.031250
0 0.871875 0.323437 0.031250 0.034375
0 0.768750 0.087500 0.031250 0.031250
0 0.234375 0.153125 0.031250 0.031250
0 0.293750 0.323437 0.031250 0.034375
0 0.412500 0.215625 0.031250 0.031250
0 0.662500 0.859375 0.031250 0.031250
0 0.679688 0.650000 0.028125 0.031250
0 0.234375 0.293750 0.031250 0.031250
0 0.803125 0.084375 0.031250 0.031250
0 0.853125 0.829688 0.031250 0.028125
0 0.850000 0.770312 0.031250 0.034375
0 0.443750 0.393750 0.031250 0.031250
0 0.409375 0.334375 0.031250 0.031250
0 0.657813 0.443750 0.028125 0.031250
0 0.871875 0.740625 0.031250 0.031250
0 0.612500 0.765625 0.031250 0.031250
0 0.515625 0.621875 0.031250 0.031250
0 0.371875 0.754687 0.031250 0.034375
0 0.210938 0.378125 0.034375 0.031250
0 0.595313 0.792188 0.028125 0.028125
0 0.412500 0.110937 0.031250 0.034375
0 0.142187 0.101562 0.034375 0.034375
0 0.959375 0.354687 0.031250 0.028125
0 0.331250 0.726562 0.031250 0.034375
0 0.731250 0.798438 0.031250 0.028125
0 0.515625 0.559375 0.031250 0.031250
0 0.356250 0.256250 0.031250 0.031250
0 0.481250 0.562500 0.031250 0.031250
0 0.503125 0.475000 0.031250 0.031250
0 0.679688 0.767188 0.028125 0.028125
0 0.506250 0.059375 0.031250 0.031250
0 0.239063 0.557813 0.034375 0.034375
0 0.442188 0.320312 0.034375 0.034375
0 0.870313 0.620313 0.028125 0.028125
0 0.626563 0.854688 0.034375 0.034375
0 0.578125 0.818750 0.031250 0.031250
0 0.767188 0.859375 0.034375 0.031250
0 0.200000 0.096875 0.031250 0.031250
0 0.176563 0.042188 0.034375 0.034375
0 0.735938 0.026562 0.034375 0.034375
0 0.204687 0.064062 0.034375 0.034375
0 0.262500 0.306250 0.031250 0.031250
0 0.648438 0.767188 0.028125 0.028125
0 0.181250 0.400000 0.031250 0.031250
0 0.204687 0.560937 0.034375 0.034375
0 0.473438 0.042188 0.034375 0.034375
0 0.500000 0.590625 0.031250 0.031250
0 0.662500 0.621875 0.031250 0.031250
0 0.971875 0.859375 0.031250 0.031250
0 0.354687 0.221875 0.028125 0.031250
0 0.923438 0.353125 0.034375 0.031250
0 0.650000 0.039062 0.037500 0.034375
0 0.731250 0.857812 0.031250 0.034375
0 0.715625 0.771875 0.031250 0.031250
0 0.887500 0.771875 0.031250 0.031250
0 0.560937 0.057813 0.028125 0.028125
0 0.834375 0.860938 0.031250 0.034375
0 0.343750 0.628125 0.031250 0.031250
0 0.293750 0.221875 0.031250 0.031250
0 0.396875 0.775000 0.031250 0.031250
0 0.940625 0.262500 0.031250 0.031250
0 0.750000 0.828125 0.031250 0.031250
0 0.871875 0.800000 0.031250 0.031250
0 0.750000 0.709375 0.031250 0.031250
0 0.621875 0.023438 0.031250 0.034375
0 0.714063 0.471875 0.028125 0.031250
0 0.239063 0.625000 0.034375 0.037500
0 0.679688 0.707812 0.028125 0.028125
0 0.835938 0.204687 0.028125 0.028125
0 0.271875 0.525000 0.031250 0.031250
0 0.645312 0.650000 0.028125 0.031250
0 0.698438 0.795312 0.028125 0.028125
0 0.957812 0.292187 0.034375 0.034375
