0 0.812500 0.893750 0.031250 0.031250
0 0.760938 0.153125 0.028125 0.031250
0 0.928125 0.859375 0.031250 0.031250
0 0.935937 0.154688 0.028125 0.028125
0 0.817187 0.220312 0.028125 0.028125
0 0.818750 0.118750 0.031250 0.031250
0 0.615625 0.168750 0.031250 0.031250
0 0.929688 0.792188 0.028125 0.028125
0 0.731250 0.204687 0.031250 0.028125
0 0.818750 0.187500 0.031250 0.031250
0 0.904687 0.403125 0.028125 0.031250
0 0.896875 0.907813 0.031250 0.028125
0 0.812500 0.859375 0.031250 0.031250
0 0.850000 0.135937 0.031250 0.028125
0 0.842187 0.775000 0.028125 0.031250
0 0.873437 0.656250 0.028125 0.031250
0 0.871875 0.621875 0.031250 0.031250
0 0.843750 0.706250 0.031250 0.031250
0 0.935937 0.321875 0.028125 0.031250
0 0.760938 0.220312 0.028125 0.028125
0 0.870313 0.757812 0.028125 0.028125
0 0.901563 0.673438 0.028125 0.028125
0 0.789062 0.334375 0.028125 0.031250
0 0.850000 0.103125 0.031250 0.031250
0 0.703125 0.184375 0.031250 0.031250
0 0.520312 0.925000 0.028125 0.031250
0 0.928125 0.725000 0.031250 0.031250
0 0.931250 0.690625 0.031250 0.031250
0 0.609375 0.703125 0.031250 0.031250
0 0.671875 0.203125 0.031250 0.031250
0 0.875000 0.454688 0.031250 0.028125
0 0.437500 0.875000 0.031250 0.031250
0 0.907813 0.137500 0.028125 0.031250
0 0.784375 0.807813 0.031250 0.028125
0 0.703125 0.153125 0.031250 0.031250
0 0.609375 0.843750 0.031250 0.031250
0 0.931250 0.656250 0.031250 0.031250
0 0.760938 0.187500 0.028125 0.031250
0 0.781250 0.840625 0.031250 0.031250
0 0.643750 0.220312 0.031250 0.028125
0 0.904687 0.439063 0.028125 0.028125
0 0.787500 0.403125 0.031250 0.031250
0 0.904687 0.337500 0.028125 0.031250
0 0.959375 0.506250 0.031250 0.031250
0 0.926562 0.925000 0.028125 0.031250
0 0.842187 0.807813 0.028125 0.028125
0 0.756250 0.653125 0.031250 0.031250
0 0.875000 0.487500 0.031250 0.031250
0 0.610938 0.668750 0.028125 0.031250
0 0.731250 0.235937 0.031250 0.028125
0 0.668750 0.434375 0.031250 0.031250
0 0.610938 0.501563 0.028125 0.028125
0 0.470313 0.215625 0.028125 0.031250
0 0.906250 0.103125 0.031250 0.031250
0 0.845313 0.470313 0.028125 0.028125
0 0.932813 0.387500 0.028125 0.031250
0 0.818750 0.153125 0.031250 0.031250
0 0.843750 0.637500 0.031250 0.031250
0 0.932813 0.454688 0.028125 0.028125
0 0.815625 0.454688 0.031250 0.028125
0 0.901563 0.637500 0.028125 0.031250
0 0.615625 0.268750 0.031250 0.031250
0 0.878125 0.153125 0.031250 0.031250
0 0.732812 0.139063 0.028125 0.028125
0 0.550000 0.907813 0.031250 0.028125
0 0.440625 0.231250 0.031250 0.031250
0 0.870313 0.723437 0.028125 0.028125
0 0.614062 0.235937 0.028125 0.028125
0 0.875000 0.520312 0.031250 0.028125
0 0.934375 0.220312 0.031250 0.028125
0 0.759375 0.356250 0.031250 0.031250
0 0.903125 0.471875 0.031250 0.031250
0 0.790625 0.204687 0.031250 0.028125
0 0.818750 0.253125 0.031250 0.031250
0 0.937500 0.087500 0.031250 0.031250
0 0.787500 0.503125 0.031250 0.031250
0 0.898438 0.840625 0.028125 0.031250
0 0.962500 0.439063 0.031250 0.028125
0 0.898438 0.875000 0.028125 0.031250
0 0.937500 0.189062 0.031250 0.028125
0 0.931250 0.589063 0.031250 0.028125
0 0.956250 0.840625 0.031250 0.031250
0 0.818750 0.385937 0.031250 0.028125
0 0.407813 0.890625 0.028125 0.031250
0 0.926562 0.892188 0.028125 0.028125
0 0.875000 0.421875 0.031250 0.031250
0 0.646875 0.153125 0.031250 0.031250
0 0.846875 0.203125 0.031250 0.031250
0 0.959375 0.606250 0.031250 0.031250
0 0.906250 0.237500 0.031250 0.031250
0 0.901563 0.604688 0.028125 0.028125
0 0.785937 0.437500 0.028125 0.031250
0 0.553125 0.668750 0.031250 0.031250
0 0.964063 0.204687 0.028125 0.028125
0 0.846875 0.370312 0.031250 0.028125
0 0.932813 0.421875 0.028125 0.031250
0 0.878125 0.187500 0.031250 0.031250
0 0.907813 0.171875 0.028125 0.031250
0 0.465625 0.687500 0.031250 0.031250
0 0.671875 0.368750 0.031250 0.031250
0 0.837500 0.943750 0.031250 0.031250
0 0.815625 0.620313 0.031250 0.028125
0 0.646875 0.087500 0.031250 0.031250
0 0.757812 0.321875 0.028125 0.031250
0 0.846875 0.168750 0.031250 0.031250
0 0.967187 0.171875 0.028125 0.031250
0 0.731250 0.171875 0.031250 0.031250
0 0.843750 0.437500 0.031250 0.031250
0 0.671875 0.468750 0.031250 0.031250
0 0.701562 0.317188 0.028125 0.028125
0 0.785937 0.603125 0.028125 0.031250
0 0.731250 0.268750 0.031250 0.031250
0 0.906250 0.370312 0.031250 0.028125
0 0.900000 0.807813 0.031250 0.028125
0 0.900000 0.775000 0.031250 0.031250
0 0.843750 0.671875 0.031250 0.031250
0 0.906250 0.203125 0.031250 0.031250
0 0.935937 0.285938 0.028125 0.028125
0 0.434375 0.975000 0.031250 0.031250
0 0.868750 0.925000 0.031250 0.031250
0 0.501563 0.103125 0.028125 0.031250
0 0.495312 0.501563 0.028125 0.028125
0 0.812500 0.653125 0.031250 0.031250
0 0.790625 0.168750 0.031250 0.031250
0 0.753125 0.825000 0.031250 0.031250
0 0.550000 0.875000 0.031250 0.031250
0 0.868750 0.859375 0.031250 0.031250
0 0.646875 0.120313 0.031250 0.028125
0 0.728125 0.403125 0.031250 0.031250
0 0.556250 0.267188 0.031250 0.028125
0 0.962500 0.371875 0.031250 0.031250
0 0.935937 0.120313 0.028125 0.028125
0 0.846875 0.337500 0.031250 0.031250
0 0.935937 0.354687 0.028125 0.028125
0 0.754687 0.721875 0.028125 0.031250
0 0.675000 0.137500 0.031250 0.031250
0 0.875000 0.387500 0.031250 0.031250
0 0.704688 0.120313 0.028125 0.028125
0 0.467187 0.890625 0.028125 0.031250
0 0.959375 0.675000 0.031250 0.031250
0 0.350000 0.720313 0.031250 0.028125
0 0.817187 0.285938 0.028125 0.028125
0 0.815625 0.485938 0.031250 0.028125
0 0.901563 0.535937 0.028125 0.028125
0 0.381250 0.668750 0.031250 0.031250
0 0.757812 0.620313 0.028125 0.028125
0 0.815625 0.521875 0.031250 0.031250
0 0.381250 0.465625 0.031250 0.031250
0 0.581250 0.756250 0.031250 0.031250
0 0.703125 0.220312 0.031250 0.028125
0 0.873437 0.689063 0.028125 0.028125
0 0.935937 0.253125 0.028125 0.031250
0 0.470313 0.182812 0.028125 0.028125
0 0.615625 0.203125 0.031250 0.031250
0 0.496875 0.265625 0.031250 0.031250
0 0.964063 0.337500 0.028125 0.031250
0 0.615625 0.135937 0.031250 0.028125
0 0.701562 0.453125 0.028125 0.031250
0 0.493750 0.940625 0.031250 0.031250
0 0.875000 0.218750 0.031250 0.031250
0 0.465625 0.787500 0.031250 0.031250
0 0.500000 0.200000 0.031250 0.031250
0 0.557813 0.103125 0.028125 0.031250
0 0.553125 0.434375 0.031250 0.031250
0 0.581250 0.651563 0.031250 0.028125
0 0.526563 0.384375 0.028125 0.031250
0 0.381250 0.637500 0.031250 0.031250
0 0.673438 0.168750 0.028125 0.031250
0 0.843750 0.503125 0.031250 0.031250
0 0.693750 0.896875 0.031250 0.031250
0 0.581250 0.823438 0.031250 0.028125
0 0.528125 0.184375 0.031250 0.031250
0 0.464062 0.923438 0.028125 0.028125
0 0.842187 0.842187 0.028125 0.028125
0 0.965625 0.137500 0.031250 0.031250
0 0.873437 0.556250 0.028125 0.031250
0 0.351562 0.517188 0.028125 0.028125
0 0.609375 0.876563 0.031250 0.028125
0 0.956250 0.875000 0.031250 0.031250
0 0.962500 0.471875 0.031250 0.031250
0 0.495312 0.704688 0.028125 0.028125
0 0.876563 0.356250 0.028125 0.031250
0 0.878125 0.120313 0.031250 0.028125
0 0.756250 0.421875 0.031250 0.031250
0 0.443750 0.068750 0.031250 0.031250
0 0.926562 0.825000 0.028125 0.031250
0 0.759375 0.454688 0.031250 0.028125
0 0.465625 0.753125 0.031250 0.031250
0 0.584375 0.318750 0.031250 0.031250
0 0.378125 0.940625 0.031250 0.031250
0 0.964063 0.271875 0.028125 0.031250
0 0.440625 0.165625 0.031250 0.031250
0 0.843750 0.403125 0.031250 0.031250
0 0.846875 0.235937 0.031250 0.028125
0 0.643750 0.251563 0.031250 0.028125
0 0.906250 0.304688 0.031250 0.028125
0 0.729688 0.337500 0.028125 0.031250
0 0.465625 0.856250 0.031250 0.031250
0 0.957812 0.807813 0.028125 0.028125
0 0.439063 0.432812 0.028125 0.028125
0 0.553125 0.839063 0.031250 0.028125
0 0.728125 0.737500 0.031250 0.031250
0 0.787500 0.303125 0.031250 0.031250
0 0.350000 0.112500 0.031250 0.031250
0 0.814063 0.823438 0.028125 0.028125
0 0.464062 0.957812 0.028125 0.028125
0 0.781250 0.909375 0.031250 0.031250
0 0.698438 0.385937 0.028125 0.028125
0 0.785937 0.671875 0.028125 0.031250
0 0.896875 0.940625 0.031250 0.031250
0 0.757812 0.485938 0.028125 0.028125
0 0.698438 0.420312 0.028125 0.028125
0 0.870313 0.790625 0.028125 0.031250
0 0.703125 0.250000 0.031250 0.031250
0 0.931250 0.621875 0.031250 0.031250
0 0.790625 0.368750 0.031250 0.031250
0 0.384375 0.031250 0.031250 0.031250
0 0.556250 0.200000 0.031250 0.031250
0 0.785937 0.470313 0.028125 0.028125
0 0.728125 0.603125 0.031250 0.031250
0 0.787500 0.637500 0.031250 0.031250
0 0.528125 0.251563 0.031250 0.028125
0 0.409375 0.484375 0.031250 0.031250
0 0.434375 0.940625 0.031250 0.031250
0 0.378125 0.907813 0.031250 0.028125
0 0.584375 0.251563 0.031250 0.028125
0 0.495312 0.434375 0.028125 0.031250
0 0.585938 0.184375 0.028125 0.031250
0 0.906250 0.068750 0.031250 0.031250
0 0.553125 0.737500 0.031250 0.031250
0 0.579688 0.687500 0.028125 0.031250
0 0.409375 0.618750 0.031250 0.031250
0 0.378125 0.839063 0.031250 0.028125
0 0.495312 0.570312 0.028125 0.028125
0 0.814063 0.689063 0.028125 0.028125
0 0.587500 0.118750 0.031250 0.031250
0 0.756250 0.756250 0.031250 0.031250
0 0.525000 0.417187 0.031250 0.028125
0 0.407813 0.856250 0.028125 0.031250
0 0.962500 0.406250 0.031250 0.031250
0 0.640625 0.418750 0.031250 0.031250
0 0.817187 0.320312 0.028125 0.028125
0 0.612500 0.465625 0.031250 0.031250
0 0.734375 0.071875 0.031250 0.031250
0 0.840625 0.739062 0.031250 0.028125
0 0.350000 0.856250 0.031250 0.031250
0 0.703125 0.287500 0.031250 0.031250
0 0.531250 0.087500 0.031250 0.031250
0 0.782813 0.876563 0.028125 0.028125
0 0.384375 0.065625 0.031250 0.031250
0 0.409375 0.415625 0.031250 0.031250
0 0.814063 0.721875 0.028125 0.031250
0 0.676562 0.071875 0.028125 0.031250
0 0.553125 0.603125 0.031250 0.031250
0 0.937500 0.053125 0.031250 0.031250
0 0.729688 0.370312 0.028125 0.028125
0 0.496875 0.365625 0.031250 0.031250
0 0.465625 0.553125 0.031250 0.031250
0 0.556250 0.234375 0.031250 0.031250
0 0.584375 0.417187 0.031250 0.028125
0 0.812500 0.756250 0.031250 0.031250
0 0.845313 0.537500 0.028125 0.031250
0 0.932813 0.487500 0.028125 0.031250
0 0.671875 0.335938 0.031250 0.028125
0 0.957812 0.640625 0.028125 0.031250
0 0.787500 0.268750 0.031250 0.031250
0 0.587500 0.151562 0.031250 0.028125
0 0.815625 0.418750 0.031250 0.031250
0 0.409375 0.246875 0.031250 0.031250
0 0.350000 0.687500 0.031250 0.031250
0 0.592187 0.054688 0.028125 0.028125
0 0.409375 0.687500 0.031250 0.031250
0 0.350000 0.756250 0.031250 0.031250
0 0.610938 0.434375 0.028125 0.031250
0 0.646875 0.187500 0.031250 0.031250
0 0.439063 0.735938 0.028125 0.028125
0 0.409375 0.789062 0.031250 0.028125
0 0.350000 0.787500 0.031250 0.031250
0 0.582812 0.384375 0.028125 0.031250
0 0.842187 0.873437 0.028125 0.028125
0 0.906250 0.270313 0.031250 0.028125
0 0.409375 0.450000 0.031250 0.031250
0 0.412500 0.181250 0.031250 0.031250
0 0.495312 0.806250 0.028125 0.031250
0 0.817187 0.351562 0.028125 0.028125
0 0.846875 0.303125 0.031250 0.031250
0 0.551562 0.635938 0.028125 0.028125
0 0.465625 0.484375 0.031250 0.031250
0 0.550000 0.943750 0.031250 0.031250
0 0.956250 0.907813 0.031250 0.028125
0 0.901563 0.571875 0.028125 0.031250
0 0.584375 0.450000 0.031250 0.031250
0 0.556250 0.167187 0.031250 0.028125
0 0.842187 0.907813 0.028125 0.028125
0 0.353125 0.181250 0.031250 0.031250
0 0.673438 0.235937 0.028125 0.028125
0 0.468750 0.450000 0.031250 0.031250
0 0.579688 0.859375 0.028125 0.031250
0 0.321875 0.296875 0.031250 0.031250
0 0.579688 0.892188 0.028125 0.028125
0 0.381250 0.231250 0.031250 0.031250
0 0.668750 0.534375 0.031250 0.031250
0 0.468750 0.282813 0.031250 0.028125
0 0.901563 0.706250 0.028125 0.031250
0 0.868750 0.825000 0.031250 0.031250
0 0.493750 0.976562 0.031250 0.028125
0 0.584375 0.284375 0.031250 0.031250
0 0.562500 0.071875 0.031250 0.031250
0 0.350000 0.146875 0.031250 0.031250
0 0.525000 0.484375 0.031250 0.031250
0 0.648438 0.056250 0.028125 0.031250
0 0.440625 0.198437 0.031250 0.028125
0 0.584375 0.218750 0.031250 0.031250
0 0.770312 0.025000 0.028125 0.031250
0 0.350000 0.415625 0.031250 0.031250
0 0.407813 0.925000 0.028125 0.031250
0 0.470313 0.082812 0.028125 0.028125
0 0.618750 0.103125 0.031250 0.031250
0 0.412500 0.281250 0.031250 0.031250
0 0.670312 0.734375 0.028125 0.031250
0 0.929688 0.757812 0.028125 0.028125
0 0.579688 0.720313 0.028125 0.028125
0 0.412500 0.312500 0.031250 0.031250
0 0.381250 0.432812 0.031250 0.034375
0 0.525000 0.518750 0.031250 0.031250
0 0.904687 0.504687 0.028125 0.028125
0 0.468750 0.250000 0.031250 0.031250
0 0.465625 0.720313 0.031250 0.028125
0 0.350000 0.959375 0.031250 0.031250
0 0.846875 0.268750 0.031250 0.031250
0 0.409375 0.753125 0.031250 0.031250
0 0.381250 0.265625 0.031250 0.031250
0 0.931250 0.553125 0.031250 0.031250
0 0.756250 0.689063 0.031250 0.028125
0 0.790625 0.137500 0.031250 0.031250
0 0.706250 0.089063 0.031250 0.028125
0 0.350000 0.246875 0.031250 0.031250
0 0.845313 0.571875 0.028125 0.031250
0 0.350000 0.346875 0.031250 0.031250
0 0.668750 0.401562 0.031250 0.028125
0 0.523438 0.856250 0.028125 0.031250
0 0.784375 0.704688 0.031250 0.028125
0 0.500000 0.167187 0.031250 0.028125
0 0.764062 0.120313 0.028125 0.028125
0 0.321875 0.128125 0.031250 0.031250
0 0.760938 0.253125 0.028125 0.031250
0 0.553125 0.468750 0.031250 0.031250
0 0.495312 0.639062 0.028125 0.028125
0 0.582812 0.584375 0.028125 0.031250
0 0.640625 0.450000 0.031250 0.031250
0 0.465625 0.620313 0.031250 0.028125
0 0.784375 0.740625 0.031250 0.031250
0 0.501563 0.068750 0.028125 0.031250
0 0.787500 0.235937 0.031250 0.028125
0 0.606250 0.909375 0.031250 0.031250
0 0.378125 0.871875 0.031250 0.031250
0 0.964063 0.104688 0.028125 0.028125
0 0.528125 0.284375 0.031250 0.031250
0 0.873437 0.589063 0.028125 0.028125
0 0.865625 0.959375 0.031250 0.031250
0 0.409375 0.823438 0.031250 0.028125
0 0.350000 0.923438 0.031250 0.028125
0 0.751563 0.928125 0.028125 0.031250
0 0.500000 0.296875 0.031250 0.031250
0 0.415625 0.048438 0.031250 0.028125
0 0.470313 0.117188 0.028125 0.028125
0 0.468750 0.384375 0.031250 0.031250
0 0.754687 0.860938 0.028125 0.028125
0 0.468750 0.350000 0.031250 0.031250
0 0.379688 0.331250 0.034375 0.031250
0 0.845313 0.604688 0.028125 0.028125
0 0.528125 0.151562 0.031250 0.028125
0 0.900000 0.739062 0.031250 0.028125
0 0.381250 0.131250 0.031250 0.031250
0 0.698438 0.585938 0.028125 0.028125
0 0.500000 0.234375 0.031250 0.031250
0 0.465625 0.823438 0.031250 0.028125
0 0.321875 0.196875 0.031250 0.031250
0 0.350000 0.618750 0.031250 0.031250
0 0.534375 0.054688 0.031250 0.028125
0 0.729688 0.470313 0.028125 0.028125
0 0.550000 0.975000 0.031250 0.031250
0 0.495312 0.534375 0.028125 0.031250
0 0.470313 0.150000 0.028125 0.031250
0 0.759375 0.287500 0.031250 0.031250
0 0.671875 0.303125 0.031250 0.031250
0 0.409375 0.215625 0.031250 0.031250
0 0.321875 0.162500 0.031250 0.031250
0 0.381250 0.200000 0.031250 0.031250
0 0.760938 0.089063 0.028125 0.028125
0 0.771875 0.059375 0.031250 0.031250
0 0.701562 0.485938 0.028125 0.028125
0 0.668750 0.501563 0.031250 0.028125
0 0.409375 0.350000 0.031250 0.031250
0 0.554688 0.501563 0.028125 0.028125
0 0.662500 0.943750 0.031250 0.031250
0 0.734375 0.104688 0.031250 0.028125
0 0.698438 0.518750 0.028125 0.031250
0 0.439063 0.468750 0.028125 0.031250
0 0.557813 0.134375 0.028125 0.031250
0 0.521875 0.687500 0.031250 0.031250
0 0.526563 0.218750 0.028125 0.031250
0 0.496875 0.737500 0.031250 0.031250
0 0.384375 0.100000 0.031250 0.031250
0 0.965625 0.237500 0.031250 0.031250
0 0.412500 0.115625 0.031250 0.031250
0 0.440625 0.265625 0.031250 0.031250
0 0.640625 0.687500 0.031250 0.031250
0 0.551562 0.773438 0.028125 0.028125
0 0.348438 0.890625 0.028125 0.031250
0 0.931250 0.521875 0.031250 0.031250
0 0.581250 0.618750 0.031250 0.031250
0 0.698438 0.717187 0.028125 0.028125
0 0.529687 0.118750 0.028125 0.031250
0 0.581250 0.517188 0.031250 0.028125
0 0.862500 0.059375 0.031250 0.031250
0 0.556250 0.300000 0.031250 0.031250
0 0.662500 0.912500 0.031250 0.031250
0 0.698438 0.617188 0.028125 0.028125
0 0.671875 0.268750 0.031250 0.031250
0 0.351562 0.079687 0.028125 0.028125
0 0.637500 0.720313 0.031250 0.028125
0 0.437500 0.771875 0.031250 0.031250
0 0.381250 0.737500 0.031250 0.031250
0 0.437500 0.906250 0.031250 0.031250
0 0.443750 0.034375 0.031250 0.031250
0 0.807813 0.926562 0.028125 0.028125
0 0.525000 0.823438 0.031250 0.028125
0 0.612500 0.534375 0.031250 0.031250
0 0.781250 0.942187 0.031250 0.028125
0 0.381250 0.296875 0.031250 0.031250
0 0.582812 0.484375 0.028125 0.031250
0 0.959375 0.571875 0.031250 0.031250
0 0.467187 0.654687 0.028125 0.028125
0 0.381250 0.365625 0.031250 0.031250
0 0.676562 0.104688 0.028125 0.028125
0 0.520312 0.890625 0.028125 0.031250
0 0.553125 0.534375 0.031250 0.031250
0 0.493750 0.907813 0.031250 0.028125
0 0.728125 0.703125 0.031250 0.031250
0 0.378125 0.703125 0.031250 0.031250
0 0.465625 0.517188 0.031250 0.028125
0 0.321875 0.839063 0.031250 0.034375
0 0.523438 0.620313 0.028125 0.028125
0 0.525000 0.450000 0.031250 0.031250
0 0.642188 0.485938 0.028125 0.028125
0 0.729688 0.301563 0.028125 0.028125
0 0.554688 0.401562 0.028125 0.028125
0 0.723437 0.910937 0.028125 0.028125
0 0.609375 0.735938 0.031250 0.028125
0 0.439063 0.603125 0.028125 0.031250
0 0.579688 0.928125 0.028125 0.031250
0 0.414062 0.150000 0.028125 0.031250
0 0.643750 0.287500 0.031250 0.031250
0 0.698438 0.551562 0.028125 0.028125
0 0.526563 0.351562 0.028125 0.028125
0 0.965625 0.071875 0.031250 0.031250
0 0.964063 0.304688 0.028125 0.028125
0 0.706250 0.056250 0.031250 0.031250
0 0.553125 0.704688 0.031250 0.028125
0 0.640625 0.553125 0.031250 0.031250
0 0.876563 0.321875 0.028125 0.031250
0 0.592187 0.087500 0.028125 0.031250
0 0.381250 0.501563 0.031250 0.034375
0 0.637500 0.651563 0.031250 0.028125
0 0.729688 0.437500 0.028125 0.031250
0 0.701562 0.353125 0.028125 0.031250
0 0.493750 0.839063 0.031250 0.028125
0 0.721875 0.976562 0.031250 0.028125
0 0.637500 0.860938 0.031250 0.028125
0 0.642188 0.385937 0.028125 0.028125
0 0.815625 0.587500 0.031250 0.031250
0 0.551562 0.806250 0.028125 0.031250
0 0.381250 0.771875 0.031250 0.031250
0 0.785937 0.570312 0.028125 0.028125
0 0.439063 0.637500 0.028125 0.031250
0 0.875000 0.253125 0.031250 0.031250
0 0.381250 0.396875 0.031250 0.031250
0 0.351562 0.651563 0.028125 0.028125
0 0.956250 0.940625 0.031250 0.031250
0 0.350000 0.448437 0.031250 0.028125
0 0.721875 0.945312 0.031250 0.028125
0 0.350000 0.215625 0.031250 0.031250
0 0.740625 0.040625 0.031250 0.031250
0 0.523438 0.789062 0.028125 0.028125
0 0.534375 0.021875 0.031250 0.031250
0 0.495312 0.603125 0.028125 0.031250
0 0.896875 0.975000 0.031250 0.031250
0 0.439063 0.839063 0.028125 0.028125
0 0.640625 0.618750 0.031250 0.031250
0 0.670312 0.567187 0.028125 0.028125
0 0.321875 0.771875 0.031250 0.031250
0 0.521875 0.959375 0.031250 0.031250
0 0.496875 0.400000 0.031250 0.031250
0 0.726562 0.635938 0.028125 0.028125
0 0.553125 0.568750 0.031250 0.031250
0 0.409375 0.720313 0.031250 0.028125
0 0.642188 0.517188 0.028125 0.028125
0 0.815625 0.554688 0.031250 0.028125
0 0.584375 0.550000 0.031250 0.031250
0 0.495312 0.670312 0.028125 0.028125
0 0.384375 0.165625 0.031250 0.031250
0 0.723437 0.878125 0.028125 0.031250
0 0.640625 0.585938 0.031250 0.028125
0 0.409375 0.651563 0.031250 0.028125
0 0.614062 0.368750 0.028125 0.031250
0 0.495312 0.468750 0.028125 0.031250
0 0.412500 0.081250 0.031250 0.031250
0 0.581250 0.790625 0.031250 0.031250
0 0.350000 0.484375 0.031250 0.031250
0 0.321875 0.331250 0.031250 0.031250
0 0.834375 0.975000 0.031250 0.031250
0 0.612500 0.401562 0.031250 0.028125
0 0.493750 0.873437 0.031250 0.028125
0 0.442188 0.101562 0.028125 0.028125
0 0.751563 0.892188 0.028125 0.028125
0 0.409375 0.518750 0.031250 0.031250
0 0.642188 0.351562 0.028125 0.028125
0 0.409375 0.585938 0.031250 0.028125
0 0.642188 0.317188 0.028125 0.028125
0 0.959375 0.537500 0.031250 0.031250
0 0.834375 0.040625 0.031250 0.031250
0 0.728125 0.501563 0.031250 0.028125
0 0.695312 0.751563 0.028125 0.028125
0 0.757812 0.387500 0.028125 0.031250
0 0.954688 0.975000 0.034375 0.031250
0 0.321875 0.637500 0.031250 0.031250
0 0.496875 0.331250 0.031250 0.031250
0 0.925000 0.959375 0.031250 0.031250
0 0.959375 0.709375 0.031250 0.031250
0 0.495312 0.770312 0.028125 0.028125
0 0.437500 0.703125 0.031250 0.031250
0 0.440625 0.132812 0.031250 0.028125
0 0.471875 0.053125 0.031250 0.031250
0 0.868750 0.892188 0.031250 0.028125
0 0.440625 0.298438 0.031250 0.028125
0 0.881250 0.087500 0.031250 0.031250
0 0.350000 0.381250 0.031250 0.031250
0 0.790625 0.104688 0.031250 0.028125
0 0.439063 0.534375 0.028125 0.031250
0 0.321875 0.365625 0.031250 0.031250
0 0.635938 0.753125 0.028125 0.031250
0 0.318750 0.737500 0.031250 0.031250
0 0.525000 0.551562 0.031250 0.028125
0 0.409375 0.550000 0.031250 0.031250
0 0.615625 0.303125 0.031250 0.031250
0 0.439063 0.331250 0.028125 0.031250
0 0.670312 0.601562 0.028125 0.028125
0 0.409375 0.382812 0.031250 0.028125
0 0.620313 0.039062 0.028125 0.028125
0 0.350000 0.582812 0.031250 0.034375
0 0.585938 0.351562 0.028125 0.028125
0 0.725000 0.771875 0.031250 0.031250
0 0.468750 0.315625 0.031250 0.031250
0 0.506250 0.037500 0.031250 0.031250
0 0.381250 0.975000 0.031250 0.031250
0 0.350000 0.823438 0.031250 0.028125
0 0.501563 0.134375 0.028125 0.031250
0 0.437500 0.568750 0.031250 0.031250
0 0.728125 0.670312 0.031250 0.028125
0 0.521875 0.756250 0.031250 0.031250
0 0.381250 0.600000 0.031250 0.031250
0 0.351562 0.281250 0.028125 0.031250
0 0.554688 0.367188 0.028125 0.028125
0 0.320312 0.804688 0.034375 0.034375
0 0.321875 0.465625 0.031250 0.031250
0 0.634375 0.929688 0.031250 0.028125
0 0.321875 0.500000 0.031250 0.031250
0 0.756250 0.584375 0.031250 0.031250
0 0.321875 0.668750 0.031250 0.031250
0 0.378125 0.534375 0.031250 0.031250
0 0.381250 0.806250 0.031250 0.031250
0 0.876563 0.287500 0.028125 0.031250
0 0.553125 0.334375 0.031250 0.031250
0 0.353125 0.048438 0.031250 0.028125
0 0.678125 0.040625 0.031250 0.031250
0 0.612500 0.567187 0.031250 0.028125
0 0.612500 0.332813 0.031250 0.028125
0 0.437500 0.668750 0.031250 0.031250
0 0.437500 0.501563 0.031250 0.028125
0 0.692187 0.931250 0.028125 0.031250
0 0.779687 0.976562 0.028125 0.028125
0 0.807813 0.962500 0.028125 0.031250
0 0.439063 0.364063 0.028125 0.028125
0 0.753125 0.790625 0.031250 0.031250
0 0.635938 0.895312 0.028125 0.028125
0 0.834375 0.073438 0.031250 0.034375
0 0.751563 0.959375 0.028125 0.031250
0 0.592187 0.023438 0.028125 0.028125
0 0.439063 0.806250 0.028125 0.031250
0 0.862500 0.023438 0.031250 0.028125
0 0.609375 0.635938 0.031250 0.028125
0 0.465625 0.587500 0.031250 0.031250
0 0.526563 0.317188 0.028125 0.028125
0 0.604688 0.945312 0.028125 0.028125
0 0.670312 0.634375 0.028125 0.031250
0 0.662500 0.881250 0.031250 0.031250
0 0.523438 0.654687 0.028125 0.028125
0 0.468750 0.417187 0.031250 0.028125
0 0.892188 0.040625 0.034375 0.031250
0 0.612500 0.603125 0.031250 0.031250
0 0.407813 0.957812 0.028125 0.028125
0 0.610938 0.807813 0.028125 0.028125
0 0.323437 0.064062 0.034375 0.034375
0 0.725000 0.843750 0.031250 0.031250
0 0.321875 0.431250 0.031250 0.031250
0 0.321875 0.400000 0.031250 0.031250
0 0.321875 0.095312 0.031250 0.028125
0 0.321875 0.601562 0.031250 0.034375
0 0.782813 0.775000 0.028125 0.031250
0 0.787500 0.537500 0.031250 0.031250
0 0.381250 0.568750 0.031250 0.031250
0 0.957812 0.775000 0.028125 0.031250
0 0.637500 0.828125 0.031250 0.031250
0 0.632812 0.962500 0.028125 0.031250
0 0.351562 0.314063 0.028125 0.028125
0 0.321875 0.265625 0.031250 0.031250
0 0.620313 0.070312 0.028125 0.028125
0 0.646875 0.021875 0.031250 0.031250
0 0.812500 0.790625 0.031250 0.031250
0 0.564063 0.039062 0.028125 0.028125
0 0.320312 0.907813 0.034375 0.034375
0 0.525000 0.585938 0.031250 0.028125
0 0.320312 0.940625 0.034375 0.031250
0 0.350000 0.553125 0.031250 0.031250
0 0.803125 0.075000 0.031250 0.031250
0 0.321875 0.231250 0.031250 0.031250
0 0.525000 0.721875 0.031250 0.031250
0 0.318750 0.703125 0.031250 0.031250
0 0.604688 0.975000 0.028125 0.031250
0 0.800000 0.040625 0.031250 0.031250
0 0.690625 0.962500 0.031250 0.031250
0 0.957812 0.742188 0.028125 0.028125
0 0.439063 0.400000 0.028125 0.031250
0 0.728125 0.568750 0.031250 0.031250
0 0.609375 0.773438 0.031250 0.028125
0 0.664062 0.978125 0.028125 0.031250
0 0.320312 0.976562 0.034375 0.034375
0 0.412500 0.017188 0.031250 0.028125
0 0.957812 0.026562 0.034375 0.034375
0 0.692187 0.867188 0.028125 0.028125
0 0.321875 0.875000 0.031250 0.031250
0 0.475000 0.018750 0.031250 0.031250
0 0.921875 0.021875 0.031250 0.031250
0 0.321875 0.534375 0.031250 0.031250
0 0.670312 0.701562 0.028125 0.028125
0 0.665625 0.850000 0.031250 0.031250
0 0.354687 0.017188 0.034375 0.034375
0 0.714063 0.023438 0.028125 0.028125
0 0.323437 0.029687 0.034375 0.034375
0 0.725000 0.806250 0.031250 0.031250
