0 0.706250 0.751563 0.031250 0.028125
0 0.798438 0.903125 0.034375 0.031250
0 0.293750 0.921875 0.031250 0.031250
0 0.734375 0.296875 0.031250 0.031250
0 0.765625 0.314063 0.031250 0.028125
0 0.792188 0.262500 0.028125 0.031250
0 0.048438 0.071875 0.028125 0.031250
0 0.106250 0.200000 0.031250 0.031250
0 0.734375 0.431250 0.031250 0.031250
0 0.856250 0.937500 0.031250 0.031250
0 0.796875 0.562500 0.031250 0.031250
0 0.106250 0.071875 0.031250 0.031250
0 0.256250 0.079687 0.031250 0.028125
0 0.260937 0.939063 0.028125 0.028125
0 0.796875 0.767188 0.031250 0.034375
0 0.550000 0.137500 0.031250 0.031250
0 0.854688 0.329688 0.028125 0.028125
0 0.762500 0.281250 0.031250 0.031250
0 0.401562 0.090625 0.028125 0.031250
0 0.215625 0.828125 0.031250 0.031250
0 0.706250 0.548438 0.031250 0.034375
0 0.828125 0.953125 0.031250 0.031250
0 0.135937 0.084375 0.028125 0.031250
0 0.854688 0.462500 0.028125 0.031250
0 0.796875 0.496875 0.031250 0.031250
0 0.825000 0.479687 0.031250 0.028125
0 0.856250 0.870313 0.031250 0.028125
0 0.153125 0.890625 0.031250 0.031250
0 0.323437 0.903125 0.028125 0.031250
0 0.675000 0.265625 0.031250 0.031250
0 0.284375 0.093750 0.031250 0.031250
0 0.765625 0.512500 0.031250 0.031250
0 0.056250 0.392188 0.031250 0.028125
0 0.292187 0.392188 0.028125 0.028125
0 0.203125 0.859375 0.031250 0.031250
0 0.856250 0.768750 0.031250 0.031250
0 0.703125 0.215625 0.031250 0.031250
0 0.643750 0.282813 0.031250 0.028125
0 0.612500 0.200000 0.031250 0.031250
0 0.825000 0.345313 0.031250 0.028125
0 0.698438 0.118750 0.028125 0.031250
0 0.401562 0.059375 0.028125 0.031250
0 0.521875 0.153125 0.031250 0.031250
0 0.357812 0.654687 0.028125 0.028125
0 0.578125 0.056250 0.031250 0.031250
0 0.581250 0.153125 0.031250 0.031250
0 0.646875 0.448437 0.031250 0.028125
0 0.854688 0.229687 0.028125 0.028125
0 0.793750 0.329688 0.031250 0.028125
0 0.432812 0.107813 0.028125 0.028125
0 0.064062 0.218750 0.034375 0.031250
0 0.823438 0.378125 0.034375 0.031250
0 0.793750 0.462500 0.031250 0.031250
0 0.168750 0.196875 0.031250 0.031250
0 0.262500 0.407813 0.031250 0.028125
0 0.078125 0.156250 0.031250 0.031250
0 0.615625 0.265625 0.031250 0.031250
0 0.403125 0.121875 0.031250 0.031250
0 0.887500 0.784375 0.031250 0.031250
0 0.637500 0.056250 0.031250 0.031250
0 0.231250 0.359375 0.031250 0.031250
0 0.818750 0.084375 0.031250 0.031250
0 0.671875 0.200000 0.031250 0.031250
0 0.706250 0.479687 0.031250 0.028125
0 0.856250 0.903125 0.031250 0.031250
0 0.070312 0.917188 0.028125 0.028125
0 0.525000 0.187500 0.031250 0.031250
0 0.793750 0.429688 0.031250 0.028125
0 0.495312 0.204687 0.028125 0.028125
0 0.137500 0.053125 0.031250 0.031250
0 0.559375 0.700000 0.031250 0.031250
0 0.354687 0.820312 0.028125 0.028125
0 0.293750 0.887500 0.031250 0.031250
0 0.579688 0.087500 0.028125 0.031250
0 0.823438 0.446875 0.028125 0.031250
0 0.115625 0.360938 0.031250 0.028125
0 0.678125 0.496875 0.031250 0.031250
0 0.706250 0.512500 0.031250 0.031250
0 0.125000 0.250000 0.031250 0.031250
0 0.204687 0.442188 0.028125 0.028125
0 0.382812 0.903125 0.028125 0.031250
0 0.765625 0.412500 0.031250 0.031250
0 0.137500 0.220312 0.031250 0.034375
0 0.293750 0.954688 0.031250 0.028125
0 0.706250 0.446875 0.031250 0.031250
0 0.203125 0.312500 0.031250 0.031250
0 0.345313 0.126562 0.028125 0.028125
0 0.464062 0.154688 0.028125 0.028125
0 0.375000 0.142187 0.031250 0.028125
0 0.884375 0.312500 0.031250 0.031250
0 0.823438 0.118750 0.028125 0.031250
0 0.793750 0.229687 0.031250 0.028125
0 0.765625 0.481250 0.031250 0.031250
0 0.048438 0.137500 0.028125 0.031250
0 0.646875 0.515625 0.031250 0.031250
0 0.056250 0.356250 0.031250 0.031250
0 0.095312 0.231250 0.034375 0.031250
0 0.378125 0.240625 0.031250 0.031250
0 0.675000 0.298438 0.031250 0.028125
0 0.559375 0.532813 0.031250 0.028125
0 0.076563 0.054688 0.028125 0.028125
0 0.384375 0.870313 0.031250 0.028125
0 0.548438 0.071875 0.028125 0.031250
0 0.617188 0.901563 0.028125 0.028125
0 0.854688 0.528125 0.028125 0.031250
0 0.825000 0.412500 0.031250 0.031250
0 0.106250 0.103125 0.031250 0.031250
0 0.734375 0.793750 0.031250 0.031250
0 0.037500 0.917188 0.031250 0.028125
0 0.062500 0.253125 0.031250 0.031250
0 0.856250 0.803125 0.031250 0.031250
0 0.531250 0.718750 0.031250 0.031250
0 0.068750 0.975000 0.031250 0.031250
0 0.589063 0.718750 0.028125 0.031250
0 0.198437 0.212500 0.028125 0.031250
0 0.371875 0.075000 0.031250 0.031250
0 0.471875 0.651563 0.031250 0.028125
0 0.434375 0.173437 0.031250 0.028125
0 0.557813 0.301563 0.028125 0.028125
0 0.825000 0.246875 0.031250 0.031250
0 0.323437 0.440625 0.028125 0.031250
0 0.137500 0.118750 0.031250 0.031250
0 0.734375 0.262500 0.031250 0.031250
0 0.354687 0.751563 0.028125 0.028125
0 0.259375 0.207813 0.031250 0.028125
0 0.500000 0.434375 0.031250 0.031250
0 0.734375 0.231250 0.031250 0.031250
0 0.292187 0.359375 0.028125 0.031250
0 0.796875 0.528125 0.031250 0.031250
0 0.795312 0.296875 0.028125 0.031250
0 0.762500 0.246875 0.031250 0.031250
0 0.675000 0.767188 0.031250 0.028125
0 0.095312 0.267188 0.034375 0.034375
0 0.756250 0.115625 0.031250 0.031250
0 0.529687 0.351562 0.028125 0.028125
0 0.325000 0.768750 0.031250 0.031250
0 0.321875 0.407813 0.031250 0.028125
0 0.490625 0.106250 0.031250 0.031250
0 0.618750 0.532813 0.031250 0.028125
0 0.500000 0.468750 0.031250 0.031250
0 0.462500 0.123438 0.031250 0.028125
0 0.167187 0.068750 0.028125 0.031250
0 0.229687 0.226562 0.028125 0.028125
0 0.503125 0.800000 0.031250 0.031250
0 0.200000 0.278125 0.031250 0.031250
0 0.848437 0.096875 0.028125 0.031250
0 0.109375 0.135937 0.031250 0.028125
0 0.825000 0.512500 0.031250 0.031250
0 0.765625 0.784375 0.031250 0.031250
0 0.765625 0.581250 0.031250 0.031250
0 0.432812 0.139063 0.028125 0.028125
0 0.589063 0.451562 0.028125 0.028125
0 0.225000 0.064062 0.031250 0.028125
0 0.465625 0.189062 0.031250 0.028125
0 0.560937 0.868750 0.028125 0.031250
0 0.726562 0.068750 0.028125 0.031250
0 0.790625 0.193750 0.031250 0.031250
0 0.528125 0.450000 0.031250 0.031250
0 0.528125 0.417187 0.031250 0.028125
0 0.854688 0.396875 0.028125 0.031250
0 0.314063 0.110937 0.028125 0.028125
0 0.728125 0.101562 0.031250 0.028125
0 0.790625 0.131250 0.031250 0.031250
0 0.471875 0.517188 0.031250 0.028125
0 0.375000 0.109375 0.031250 0.031250
0 0.135937 0.184375 0.028125 0.031250
0 0.026562 0.407813 0.028125 0.028125
0 0.193750 0.048438 0.031250 0.028125
0 0.173437 0.360938 0.028125 0.028125
0 0.103125 0.975000 0.031250 0.031250
0 0.065625 0.287500 0.031250 0.031250
0 0.354687 0.853125 0.028125 0.031250
0 0.409375 0.321875 0.031250 0.031250
0 0.850000 0.162500 0.031250 0.031250
0 0.501563 0.734375 0.028125 0.031250
0 0.531250 0.484375 0.031250 0.031250
0 0.734375 0.531250 0.031250 0.031250
0 0.471875 0.718750 0.031250 0.031250
0 0.414062 0.718750 0.028125 0.031250
0 0.765625 0.446875 0.031250 0.031250
0 0.828125 0.784375 0.031250 0.031250
0 0.854688 0.362500 0.028125 0.031250
0 0.503125 0.667188 0.031250 0.028125
0 0.606250 0.037500 0.031250 0.031250
0 0.235937 0.457813 0.028125 0.028125
0 0.756250 0.050000 0.031250 0.031250
0 0.737500 0.564063 0.031250 0.028125
0 0.609375 0.071875 0.031250 0.031250
0 0.115625 0.506250 0.031250 0.031250
0 0.440625 0.403125 0.031250 0.031250
0 0.643750 0.920312 0.031250 0.028125
0 0.493750 0.171875 0.031250 0.031250
0 0.765625 0.346875 0.031250 0.031250
0 0.353125 0.920312 0.031250 0.028125
0 0.589063 0.617188 0.028125 0.028125
0 0.053125 0.890625 0.031250 0.031250
0 0.354687 0.784375 0.028125 0.031250
0 0.562500 0.800000 0.031250 0.031250
0 0.856250 0.196875 0.031250 0.031250
0 0.046875 0.171875 0.031250 0.031250
0 0.443750 0.668750 0.031250 0.031250
0 0.854688 0.495312 0.028125 0.028125
0 0.695312 0.053125 0.028125 0.031250
0 0.856250 0.260937 0.031250 0.028125
0 0.187500 0.887500 0.031250 0.031250
0 0.560937 0.467187 0.028125 0.028125
0 0.678125 0.531250 0.031250 0.031250
0 0.765625 0.546875 0.031250 0.031250
0 0.560937 0.932813 0.028125 0.028125
0 0.703125 0.250000 0.031250 0.031250
0 0.135937 0.917188 0.028125 0.028125
0 0.885938 0.818750 0.034375 0.031250
0 0.734375 0.596875 0.031250 0.031250
0 0.854688 0.428125 0.028125 0.031250
0 0.296875 0.787500 0.031250 0.031250
0 0.589063 0.851562 0.028125 0.028125
0 0.789062 0.064062 0.034375 0.034375
0 0.823438 0.309375 0.028125 0.031250
0 0.825000 0.546875 0.031250 0.031250
0 0.056250 0.425000 0.031250 0.031250
0 0.496875 0.304688 0.031250 0.028125
0 0.243750 0.717187 0.031250 0.028125
0 0.615625 0.432812 0.031250 0.028125
0 0.471875 0.784375 0.031250 0.031250
0 0.343750 0.093750 0.031250 0.031250
0 0.678125 0.800000 0.031250 0.031250
0 0.643750 0.250000 0.031250 0.031250
0 0.284375 0.062500 0.031250 0.031250
0 0.615625 0.300000 0.031250 0.031250
0 0.553125 0.171875 0.031250 0.031250
0 0.815625 0.020313 0.031250 0.034375
0 0.885938 0.212500 0.034375 0.031250
0 0.640625 0.215625 0.031250 0.031250
0 0.671875 0.168750 0.031250 0.031250
0 0.265625 0.903125 0.031250 0.031250
0 0.504687 0.634375 0.028125 0.031250
0 0.053125 0.946875 0.031250 0.031250
0 0.559375 0.565625 0.031250 0.031250
0 0.078125 0.087500 0.031250 0.031250
0 0.734375 0.496875 0.031250 0.031250
0 0.173437 0.328125 0.028125 0.031250
0 0.103125 0.917188 0.031250 0.028125
0 0.640625 0.184375 0.031250 0.031250
0 0.557813 0.368750 0.028125 0.031250
0 0.856250 0.564063 0.031250 0.028125
0 0.143750 0.443750 0.031250 0.031250
0 0.115625 0.428125 0.031250 0.031250
0 0.557813 0.332813 0.028125 0.028125
0 0.354687 0.889062 0.028125 0.028125
0 0.501563 0.767188 0.028125 0.028125
0 0.585938 0.350000 0.028125 0.031250
0 0.618750 0.465625 0.031250 0.031250
0 0.828125 0.918750 0.031250 0.031250
0 0.260937 0.343750 0.028125 0.031250
0 0.856250 0.596875 0.031250 0.031250
0 0.196875 0.112500 0.031250 0.031250
0 0.143750 0.276562 0.031250 0.034375
0 0.646875 0.550000 0.031250 0.031250
0 0.825000 0.581250 0.031250 0.031250
0 0.589063 0.582812 0.028125 0.028125
0 0.078125 0.120313 0.031250 0.028125
0 0.078125 0.189062 0.031250 0.034375
0 0.740625 0.934375 0.031250 0.031250
0 0.384375 0.734375 0.031250 0.031250
0 0.760938 0.214062 0.028125 0.028125
0 0.465625 0.221875 0.031250 0.031250
0 0.643750 0.315625 0.031250 0.031250
0 0.385937 0.670312 0.028125 0.028125
0 0.490625 0.073438 0.031250 0.028125
0 0.471875 0.485938 0.031250 0.028125
0 0.734375 0.331250 0.031250 0.031250
0 0.646875 0.481250 0.031250 0.031250
0 0.085938 0.946875 0.028125 0.031250
0 0.823438 0.214062 0.028125 0.028125
0 0.557813 0.400000 0.028125 0.031250
0 0.560937 0.667188 0.028125 0.028125
0 0.828125 0.751563 0.031250 0.028125
0 0.384375 0.535937 0.031250 0.028125
0 0.618750 0.835938 0.031250 0.028125
0 0.701562 0.151562 0.028125 0.028125
0 0.173437 0.426563 0.028125 0.028125
0 0.237500 0.854688 0.031250 0.028125
0 0.198437 0.145313 0.028125 0.028125
0 0.800000 0.937500 0.031250 0.031250
0 0.137500 0.151562 0.031250 0.028125
0 0.526563 0.317188 0.028125 0.028125
0 0.590625 0.817187 0.031250 0.028125
0 0.589063 0.682813 0.028125 0.028125
0 0.215625 0.735938 0.031250 0.028125
0 0.612500 0.234375 0.031250 0.031250
0 0.431250 0.075000 0.031250 0.031250
0 0.531250 0.550000 0.031250 0.031250
0 0.321875 0.371875 0.031250 0.031250
0 0.296875 0.854688 0.031250 0.028125
0 0.023438 0.509375 0.028125 0.031250
0 0.560937 0.634375 0.028125 0.031250
0 0.354687 0.521875 0.028125 0.031250
0 0.084375 0.409375 0.031250 0.031250
0 0.528125 0.917188 0.031250 0.028125
0 0.525000 0.220312 0.031250 0.028125
0 0.228125 0.128125 0.031250 0.031250
0 0.168750 0.231250 0.031250 0.031250
0 0.226562 0.096875 0.028125 0.031250
0 0.443750 0.503125 0.031250 0.031250
0 0.471875 0.585938 0.031250 0.028125
0 0.106250 0.037500 0.031250 0.031250
0 0.265625 0.871875 0.031250 0.031250
0 0.323437 0.939063 0.028125 0.028125
0 0.671875 0.135937 0.031250 0.028125
0 0.115625 0.328125 0.031250 0.031250
0 0.618750 0.598437 0.031250 0.028125
0 0.589063 0.648438 0.028125 0.028125
0 0.381250 0.340625 0.031250 0.031250
0 0.162500 0.800000 0.031250 0.031250
0 0.646875 0.350000 0.031250 0.031250
0 0.676562 0.464062 0.028125 0.028125
0 0.550000 0.104688 0.031250 0.028125
0 0.590625 0.548438 0.031250 0.028125
0 0.562500 0.734375 0.031250 0.031250
0 0.025000 0.440625 0.031250 0.031250
0 0.562500 0.834375 0.031250 0.031250
0 0.412500 0.453125 0.031250 0.031250
0 0.171875 0.293750 0.031250 0.031250
0 0.762500 0.615625 0.031250 0.031250
0 0.167187 0.132812 0.028125 0.028125
0 0.253125 0.046875 0.031250 0.031250
0 0.853125 0.296875 0.031250 0.031250
0 0.470313 0.385937 0.028125 0.028125
0 0.589063 0.514062 0.028125 0.028125
0 0.500000 0.401562 0.031250 0.028125
0 0.115625 0.393750 0.031250 0.031250
0 0.646875 0.751563 0.031250 0.028125
0 0.796875 0.800000 0.031250 0.031250
0 0.237500 0.684375 0.031250 0.031250
0 0.471875 0.618750 0.031250 0.031250
0 0.821875 0.053125 0.031250 0.031250
0 0.343750 0.059375 0.031250 0.031250
0 0.276562 0.762500 0.028125 0.031250
0 0.173437 0.393750 0.028125 0.031250
0 0.470313 0.418750 0.028125 0.031250
0 0.735938 0.464062 0.028125 0.028125
0 0.531250 0.684375 0.031250 0.031250
0 0.882812 0.079687 0.034375 0.034375
0 0.031250 0.303125 0.031250 0.031250
0 0.439063 0.337500 0.028125 0.031250
0 0.560937 0.498437 0.028125 0.028125
0 0.200000 0.243750 0.031250 0.031250
0 0.228125 0.160938 0.031250 0.028125
0 0.496875 0.268750 0.031250 0.031250
0 0.617188 0.500000 0.028125 0.031250
0 0.793750 0.365625 0.031250 0.031250
0 0.412500 0.484375 0.031250 0.031250
0 0.560937 0.598437 0.028125 0.028125
0 0.228125 0.192188 0.031250 0.028125
0 0.884375 0.378125 0.031250 0.031250
0 0.312500 0.046875 0.031250 0.031250
0 0.676562 0.431250 0.028125 0.031250
0 0.087500 0.375000 0.031250 0.031250
0 0.884375 0.345313 0.031250 0.034375
0 0.704688 0.412500 0.028125 0.031250
0 0.640625 0.153125 0.031250 0.031250
0 0.303125 0.743750 0.031250 0.031250
0 0.292187 0.325000 0.028125 0.031250
0 0.471875 0.684375 0.031250 0.031250
0 0.443750 0.700000 0.031250 0.031250
0 0.828125 0.818750 0.031250 0.031250
0 0.048438 0.104688 0.028125 0.028125
0 0.331250 0.725000 0.031250 0.031250
0 0.415625 0.618750 0.031250 0.031250
0 0.143750 0.376563 0.031250 0.028125
0 0.856250 0.700000 0.031250 0.031250
0 0.462500 0.092188 0.031250 0.028125
0 0.885938 0.579688 0.034375 0.034375
0 0.581250 0.120313 0.031250 0.028125
0 0.521875 0.121875 0.031250 0.031250
0 0.531250 0.517188 0.031250 0.028125
0 0.585938 0.917188 0.028125 0.028125
0 0.143750 0.309375 0.031250 0.031250
0 0.850000 0.064062 0.031250 0.034375
0 0.167187 0.859375 0.028125 0.031250
0 0.734375 0.734375 0.031250 0.031250
0 0.412500 0.418750 0.031250 0.031250
0 0.615625 0.334375 0.031250 0.031250
0 0.260937 0.375000 0.028125 0.031250
0 0.885938 0.715625 0.034375 0.031250
0 0.887500 0.853125 0.031250 0.031250
0 0.445312 0.635938 0.028125 0.028125
0 0.821875 0.278125 0.031250 0.031250
0 0.703125 0.581250 0.031250 0.031250
0 0.704688 0.282813 0.028125 0.028125
0 0.562500 0.767188 0.031250 0.028125
0 0.267188 0.837500 0.028125 0.031250
0 0.440625 0.370312 0.031250 0.028125
0 0.584375 0.187500 0.031250 0.031250
0 0.234375 0.425000 0.031250 0.031250
0 0.053125 0.490625 0.031250 0.031250
0 0.468750 0.285938 0.031250 0.028125
0 0.028125 0.340625 0.031250 0.031250
0 0.501563 0.700000 0.028125 0.031250
0 0.531250 0.751563 0.031250 0.028125
0 0.256250 0.110937 0.031250 0.028125
0 0.884375 0.112500 0.031250 0.031250
0 0.323437 0.837500 0.028125 0.031250
0 0.526563 0.384375 0.028125 0.031250
0 0.323437 0.471875 0.028125 0.031250
0 0.468750 0.453125 0.031250 0.031250
0 0.887500 0.615625 0.031250 0.031250
0 0.034375 0.200000 0.031250 0.031250
0 0.196875 0.081250 0.031250 0.031250
0 0.798438 0.834375 0.034375 0.031250
0 0.325000 0.870313 0.031250 0.028125
0 0.114062 0.293750 0.034375 0.031250
0 0.471875 0.751563 0.031250 0.028125
0 0.610938 0.168750 0.028125 0.031250
0 0.584375 0.250000 0.031250 0.031250
0 0.520312 0.090625 0.028125 0.031250
0 0.440625 0.437500 0.031250 0.031250
0 0.350000 0.356250 0.031250 0.031250
0 0.518750 0.056250 0.031250 0.031250
0 0.321875 0.340625 0.031250 0.031250
0 0.528125 0.284375 0.031250 0.031250
0 0.143750 0.412500 0.031250 0.031250
0 0.850000 0.031250 0.031250 0.031250
0 0.496875 0.368750 0.031250 0.031250
0 0.412500 0.387500 0.031250 0.031250
0 0.704688 0.718750 0.028125 0.031250
0 0.414062 0.751563 0.028125 0.028125
0 0.646875 0.581250 0.031250 0.031250
0 0.531250 0.584375 0.031250 0.031250
0 0.587500 0.417187 0.031250 0.028125
0 0.639062 0.087500 0.028125 0.031250
0 0.667188 0.070312 0.028125 0.028125
0 0.376563 0.173437 0.028125 0.028125
0 0.068750 0.860938 0.031250 0.034375
0 0.382812 0.939063 0.028125 0.028125
0 0.203125 0.378125 0.031250 0.031250
0 0.501563 0.534375 0.028125 0.031250
0 0.771875 0.815625 0.031250 0.031250
0 0.887500 0.750000 0.031250 0.031250
0 0.610938 0.104688 0.028125 0.028125
0 0.265625 0.440625 0.031250 0.031250
0 0.678125 0.331250 0.031250 0.031250
0 0.296875 0.490625 0.031250 0.031250
0 0.440625 0.470313 0.031250 0.028125
0 0.287500 0.126562 0.031250 0.028125
0 0.471875 0.553125 0.031250 0.031250
0 0.885938 0.887500 0.034375 0.031250
0 0.501563 0.601562 0.028125 0.028125
0 0.034375 0.975000 0.031250 0.031250
0 0.676562 0.734375 0.028125 0.031250
0 0.442188 0.734375 0.028125 0.031250
0 0.407813 0.254688 0.028125 0.028125
0 0.670312 0.101562 0.028125 0.028125
0 0.532813 0.784375 0.028125 0.031250
0 0.265625 0.473438 0.031250 0.028125
0 0.234375 0.918750 0.031250 0.031250
0 0.584375 0.218750 0.031250 0.031250
0 0.882812 0.046875 0.034375 0.031250
0 0.370312 0.043750 0.028125 0.031250
0 0.385937 0.635938 0.028125 0.028125
0 0.589063 0.882812 0.028125 0.028125
0 0.379688 0.306250 0.028125 0.031250
0 0.381250 0.371875 0.031250 0.031250
0 0.259375 0.175000 0.031250 0.031250
0 0.231250 0.325000 0.031250 0.031250
0 0.646875 0.615625 0.031250 0.031250
0 0.740625 0.828125 0.031250 0.031250
0 0.618750 0.800000 0.031250 0.031250
0 0.054688 0.457813 0.028125 0.028125
0 0.109375 0.167187 0.031250 0.028125
0 0.884375 0.412500 0.031250 0.031250
0 0.196875 0.798438 0.031250 0.028125
0 0.553125 0.204687 0.031250 0.028125
0 0.296875 0.821875 0.031250 0.031250
0 0.406250 0.157812 0.031250 0.028125
0 0.203125 0.345313 0.031250 0.028125
0 0.231250 0.259375 0.031250 0.031250
0 0.407813 0.190625 0.028125 0.031250
0 0.267188 0.971875 0.028125 0.031250
0 0.781250 0.031250 0.031250 0.031250
0 0.323437 0.971875 0.028125 0.031250
0 0.770312 0.954688 0.028125 0.028125
0 0.532813 0.851562 0.028125 0.028125
0 0.023438 0.476562 0.028125 0.028125
0 0.704688 0.314063 0.028125 0.028125
0 0.856250 0.734375 0.031250 0.031250
0 0.167187 0.098437 0.028125 0.028125
0 0.729688 0.198437 0.028125 0.028125
0 0.018750 0.056250 0.031250 0.031250
0 0.859375 0.968750 0.031250 0.031250
0 0.407813 0.221875 0.028125 0.031250
0 0.287500 0.159375 0.031250 0.031250
0 0.500000 0.501563 0.031250 0.028125
0 0.531250 0.617188 0.031250 0.028125
0 0.353125 0.421875 0.031250 0.031250
0 0.439063 0.306250 0.028125 0.031250
0 0.731250 0.665625 0.031250 0.031250
0 0.346875 0.190625 0.031250 0.031250
0 0.884375 0.176563 0.031250 0.034375
0 0.350000 0.390625 0.031250 0.031250
0 0.318750 0.175000 0.031250 0.031250
0 0.231250 0.392188 0.031250 0.028125
0 0.501563 0.832812 0.028125 0.028125
0 0.314063 0.079687 0.028125 0.028125
0 0.614062 0.367188 0.028125 0.028125
0 0.382812 0.570312 0.028125 0.028125
0 0.381250 0.503125 0.031250 0.031250
0 0.351562 0.487500 0.028125 0.031250
0 0.351562 0.323437 0.028125 0.028125
0 0.037500 0.234375 0.031250 0.031250
0 0.153125 0.506250 0.031250 0.031250
0 0.189062 0.671875 0.028125 0.031250
0 0.376563 0.206250 0.028125 0.031250
0 0.150000 0.831250 0.031250 0.031250
0 0.048438 0.039062 0.028125 0.028125
0 0.354687 0.689063 0.028125 0.028125
0 0.884375 0.478125 0.031250 0.031250
0 0.034375 0.268750 0.031250 0.031250
0 0.467187 0.353125 0.028125 0.031250
0 0.587500 0.482812 0.031250 0.028125
0 0.225000 0.884375 0.031250 0.031250
0 0.437500 0.237500 0.031250 0.031250
0 0.560937 0.900000 0.028125 0.031250
0 0.734375 0.631250 0.031250 0.031250
0 0.495312 0.235937 0.028125 0.028125
0 0.168750 0.918750 0.031250 0.031250
0 0.293750 0.456250 0.031250 0.031250
0 0.231250 0.292187 0.031250 0.028125
0 0.120313 0.946875 0.028125 0.031250
0 0.731250 0.365625 0.031250 0.031250
0 0.767188 0.850000 0.028125 0.031250
0 0.468750 0.321875 0.031250 0.031250
0 0.346875 0.159375 0.031250 0.031250
0 0.209375 0.606250 0.031250 0.031250
0 0.409375 0.356250 0.031250 0.031250
0 0.887500 0.684375 0.031250 0.031250
0 0.559375 0.432812 0.031250 0.028125
0 0.026562 0.371875 0.028125 0.031250
0 0.709375 0.815625 0.031250 0.031250
0 0.696875 0.085938 0.031250 0.028125
0 0.018750 0.089063 0.031250 0.034375
0 0.887500 0.246875 0.031250 0.031250
0 0.785937 0.096875 0.028125 0.031250
0 0.610938 0.137500 0.028125 0.031250
0 0.762500 0.379688 0.031250 0.028125
0 0.384375 0.701562 0.031250 0.028125
0 0.671875 0.231250 0.031250 0.031250
0 0.675000 0.600000 0.031250 0.031250
0 0.639062 0.118750 0.028125 0.031250
0 0.382812 0.470313 0.028125 0.028125
0 0.725000 0.037500 0.031250 0.031250
0 0.884375 0.512500 0.031250 0.031250
0 0.465625 0.254688 0.031250 0.028125
0 0.646875 0.718750 0.031250 0.031250
0 0.492188 0.137500 0.028125 0.031250
0 0.265625 0.800000 0.031250 0.031250
0 0.137500 0.975000 0.031250 0.031250
0 0.225000 0.031250 0.031250 0.031250
0 0.618750 0.734375 0.031250 0.031250
0 0.018750 0.121875 0.031250 0.031250
0 0.828125 0.718750 0.031250 0.031250
0 0.412500 0.518750 0.031250 0.031250
0 0.325000 0.506250 0.031250 0.031250
0 0.082812 0.887500 0.028125 0.031250
0 0.268750 0.668750 0.031250 0.031250
0 0.292187 0.425000 0.028125 0.031250
0 0.117188 0.887500 0.028125 0.031250
0 0.675000 0.367188 0.031250 0.028125
0 0.614062 0.935937 0.028125 0.028125
0 0.701562 0.182812 0.028125 0.028125
0 0.267188 0.509375 0.028125 0.031250
0 0.884375 0.445312 0.031250 0.034375
0 0.143750 0.343750 0.031250 0.031250
0 0.164062 0.648438 0.028125 0.028125
0 0.182812 0.829688 0.028125 0.028125
0 0.531250 0.818750 0.031250 0.031250
0 0.353125 0.454688 0.031250 0.028125
0 0.175000 0.531250 0.031250 0.031250
0 0.414062 0.684375 0.028125 0.031250
0 0.235937 0.489063 0.028125 0.028125
0 0.081250 0.509375 0.031250 0.031250
0 0.379688 0.275000 0.028125 0.031250
0 0.829688 0.885938 0.028125 0.028125
0 0.442188 0.568750 0.028125 0.031250
0 0.675000 0.398438 0.031250 0.028125
0 0.087500 0.340625 0.031250 0.031250
0 0.529687 0.951562 0.028125 0.028125
0 0.414062 0.585938 0.028125 0.028125
0 0.057813 0.323437 0.034375 0.034375
0 0.235937 0.625000 0.028125 0.031250
0 0.823438 0.181250 0.028125 0.031250
0 0.475000 0.818750 0.031250 0.031250
0 0.754687 0.081250 0.028125 0.031250
0 0.087500 0.309375 0.031250 0.031250
0 0.856250 0.835938 0.031250 0.028125
0 0.381250 0.437500 0.031250 0.031250
0 0.260937 0.309375 0.028125 0.031250
0 0.410938 0.885938 0.028125 0.028125
0 0.203125 0.976562 0.031250 0.034375
0 0.728125 0.134375 0.031250 0.031250
0 0.704688 0.614062 0.028125 0.028125
0 0.207813 0.571875 0.028125 0.031250
0 0.704688 0.782813 0.028125 0.028125
0 0.204687 0.409375 0.028125 0.031250
0 0.618750 0.701562 0.031250 0.028125
0 0.384375 0.603125 0.031250 0.031250
0 0.618750 0.868750 0.031250 0.031250
0 0.348438 0.223438 0.028125 0.028125
0 0.200000 0.917188 0.031250 0.028125
0 0.635938 0.020313 0.028125 0.028125
0 0.729688 0.165625 0.028125 0.031250
0 0.318750 0.209375 0.031250 0.031250
0 0.760938 0.650000 0.028125 0.031250
0 0.273438 0.732812 0.028125 0.028125
0 0.759375 0.181250 0.031250 0.031250
0 0.178125 0.459375 0.031250 0.031250
0 0.354687 0.551562 0.028125 0.028125
0 0.501563 0.901563 0.028125 0.028125
0 0.184375 0.500000 0.031250 0.031250
0 0.328125 0.804688 0.031250 0.028125
0 0.817187 0.150000 0.028125 0.031250
0 0.498437 0.335938 0.028125 0.028125
0 0.165625 0.034375 0.031250 0.031250
0 0.617188 0.398438 0.028125 0.028125
0 0.171875 0.262500 0.031250 0.031250
0 0.854688 0.131250 0.028125 0.031250
0 0.248438 0.751563 0.028125 0.028125
0 0.384375 0.837500 0.031250 0.031250
0 0.553125 0.237500 0.031250 0.031250
0 0.503125 0.867188 0.031250 0.028125
0 0.326562 0.670312 0.028125 0.028125
0 0.053125 0.528125 0.031250 0.031250
0 0.645312 0.414062 0.028125 0.028125
0 0.765625 0.750000 0.031250 0.031250
0 0.381250 0.403125 0.031250 0.031250
0 0.665625 0.037500 0.031250 0.031250
0 0.885938 0.646875 0.034375 0.031250
0 0.589063 0.784375 0.028125 0.031250
0 0.757812 0.148438 0.028125 0.028125
0 0.256250 0.143750 0.031250 0.031250
0 0.100000 0.537500 0.031250 0.031250
0 0.646875 0.818750 0.031250 0.031250
0 0.289062 0.226562 0.028125 0.028125
0 0.207813 0.539062 0.028125 0.028125
0 0.459375 0.057813 0.031250 0.028125
0 0.198437 0.179688 0.028125 0.028125
0 0.082812 0.443750 0.028125 0.031250
0 0.075000 0.021875 0.031250 0.031250
0 0.646875 0.884375 0.031250 0.031250
0 0.257812 0.242188 0.028125 0.028125
0 0.348438 0.257812 0.028125 0.028125
0 0.207813 0.476562 0.028125 0.028125
0 0.490625 0.040625 0.031250 0.031250
0 0.351562 0.954688 0.028125 0.028125
0 0.137500 0.478125 0.031250 0.031250
0 0.646875 0.850000 0.031250 0.031250
0 0.137500 0.584375 0.031250 0.031250
0 0.151562 0.946875 0.028125 0.031250
0 0.884375 0.545312 0.031250 0.034375
0 0.471875 0.851562 0.031250 0.028125
0 0.675000 0.906250 0.031250 0.031250
0 0.440625 0.767188 0.031250 0.028125
0 0.556250 0.268750 0.031250 0.031250
0 0.415625 0.654687 0.031250 0.028125
0 0.131250 0.550000 0.031250 0.031250
0 0.412500 0.921875 0.031250 0.031250
0 0.704688 0.381250 0.028125 0.031250
0 0.437500 0.206250 0.031250 0.031250
0 0.154688 0.679688 0.028125 0.028125
0 0.746875 0.901563 0.031250 0.028125
0 0.501563 0.567187 0.028125 0.028125
0 0.237500 0.589063 0.031250 0.028125
0 0.789062 0.164062 0.028125 0.028125
0 0.443750 0.534375 0.031250 0.031250
0 0.585938 0.315625 0.028125 0.031250
0 0.526563 0.253125 0.028125 0.031250
0 0.351562 0.290625 0.028125 0.031250
0 0.645312 0.382812 0.028125 0.028125
0 0.018750 0.021875 0.031250 0.031250
0 0.617188 0.667188 0.028125 0.028125
0 0.885938 0.954688 0.034375 0.034375
0 0.753125 0.017188 0.031250 0.034375
0 0.734375 0.398438 0.031250 0.028125
0 0.134375 0.859375 0.031250 0.031250
0 0.184375 0.946875 0.031250 0.031250
0 0.229687 0.793750 0.028125 0.031250
0 0.884375 0.278125 0.031250 0.031250
0 0.220312 0.946875 0.028125 0.031250
0 0.382812 0.767188 0.028125 0.028125
0 0.409375 0.289062 0.031250 0.028125
0 0.618750 0.765625 0.031250 0.031250
0 0.796875 0.971875 0.031250 0.031250
0 0.439063 0.270313 0.028125 0.028125
0 0.221875 0.653125 0.031250 0.031250
0 0.162500 0.559375 0.031250 0.031250
0 0.289062 0.192188 0.028125 0.028125
0 0.771875 0.881250 0.031250 0.031250
0 0.112500 0.609375 0.031250 0.031250
0 0.178125 0.618750 0.031250 0.031250
0 0.168750 0.975000 0.031250 0.031250
0 0.132812 0.656250 0.028125 0.031250
0 0.298438 0.654687 0.028125 0.028125
0 0.501563 0.932813 0.028125 0.028125
0 0.557813 0.965625 0.028125 0.031250
0 0.412500 0.853125 0.031250 0.031250
0 0.315625 0.142187 0.031250 0.028125
0 0.829688 0.850000 0.028125 0.031250
0 0.415625 0.551562 0.031250 0.028125
0 0.143750 0.623437 0.031250 0.028125
0 0.618750 0.634375 0.031250 0.031250
0 0.739062 0.970313 0.034375 0.034375
0 0.546875 0.037500 0.031250 0.031250
0 0.704688 0.346875 0.028125 0.031250
0 0.321875 0.307812 0.031250 0.028125
0 0.110937 0.460938 0.028125 0.028125
0 0.668750 0.943750 0.031250 0.031250
0 0.300000 0.707812 0.031250 0.028125
0 0.695312 0.018750 0.034375 0.031250
0 0.856250 0.668750 0.031250 0.031250
0 0.168750 0.165625 0.031250 0.031250
0 0.618750 0.565625 0.031250 0.031250
0 0.529687 0.884375 0.028125 0.031250
0 0.282813 0.028125 0.028125 0.031250
0 0.200000 0.767188 0.031250 0.034375
0 0.731250 0.700000 0.031250 0.031250
0 0.431250 0.042188 0.031250 0.028125
0 0.181250 0.587500 0.031250 0.031250
0 0.018750 0.946875 0.031250 0.031250
0 0.318750 0.537500 0.031250 0.031250
0 0.442188 0.603125 0.028125 0.031250
0 0.792188 0.398438 0.028125 0.028125
0 0.237500 0.523438 0.031250 0.028125
0 0.884375 0.145313 0.031250 0.034375
0 0.379688 0.971875 0.028125 0.031250
0 0.704688 0.684375 0.028125 0.031250
0 0.259375 0.276562 0.031250 0.028125
0 0.168750 0.765625 0.031250 0.031250
0 0.401562 0.026562 0.028125 0.028125
0 0.575000 0.023438 0.031250 0.028125
0 0.234375 0.975000 0.031250 0.031250
0 0.803125 0.868750 0.031250 0.031250
0 0.018750 0.156250 0.031250 0.031250
0 0.354687 0.620313 0.028125 0.028125
0 0.382812 0.801562 0.028125 0.028125
0 0.587500 0.382812 0.031250 0.028125
0 0.340625 0.028125 0.031250 0.031250
0 0.096875 0.653125 0.031250 0.031250
0 0.517188 0.025000 0.028125 0.031250
0 0.168750 0.734375 0.031250 0.031250
0 0.112500 0.682813 0.031250 0.028125
0 0.640625 0.959375 0.031250 0.031250
0 0.282813 0.539062 0.028125 0.028125
0 0.212500 0.704688 0.031250 0.028125
0 0.179688 0.701562 0.028125 0.028125
0 0.459375 0.028125 0.031250 0.031250
0 0.084375 0.475000 0.031250 0.031250
0 0.770312 0.920312 0.028125 0.028125
0 0.134375 0.018750 0.031250 0.031250
0 0.796875 0.600000 0.031250 0.031250
0 0.675000 0.700000 0.031250 0.031250
0 0.856250 0.631250 0.031250 0.031250
0 0.704688 0.646875 0.028125 0.031250
0 0.885938 0.918750 0.028125 0.031250
0 0.104688 0.575000 0.028125 0.031250
0 0.471875 0.917188 0.031250 0.028125
0 0.740625 0.868750 0.031250 0.031250
0 0.828125 0.682813 0.031250 0.034375
0 0.320312 0.239063 0.028125 0.028125
0 0.081250 0.623437 0.031250 0.034375
0 0.585938 0.284375 0.028125 0.031250
0 0.018750 0.890625 0.031250 0.031250
0 0.240625 0.556250 0.031250 0.031250
0 0.409375 0.954688 0.031250 0.028125
0 0.326562 0.637500 0.028125 0.031250
0 0.267188 0.635938 0.028125 0.028125
0 0.139063 0.751563 0.028125 0.028125
0 0.675000 0.565625 0.031250 0.031250
0 0.710938 0.956250 0.034375 0.031250
0 0.268750 0.700000 0.031250 0.031250
0 0.793750 0.734375 0.031250 0.031250
0 0.043750 0.835938 0.031250 0.034375
0 0.737500 0.765625 0.031250 0.031250
0 0.718750 0.914062 0.031250 0.034375
0 0.676562 0.632812 0.028125 0.028125
0 0.529687 0.651563 0.028125 0.028125
0 0.193750 0.017188 0.031250 0.028125
0 0.500000 0.965625 0.031250 0.031250
0 0.071875 0.584375 0.031250 0.031250
0 0.443750 0.834375 0.031250 0.031250
0 0.090625 0.835938 0.031250 0.034375
0 0.609375 0.968750 0.031250 0.031250
0 0.039062 0.598437 0.034375 0.034375
0 0.643750 0.787500 0.031250 0.031250
0 0.025000 0.546875 0.031250 0.031250
0 0.053125 0.557813 0.031250 0.028125
0 0.062500 0.662500 0.031250 0.031250
0 0.253125 0.015625 0.031250 0.031250
0 0.050000 0.631250 0.031250 0.031250
0 0.682813 0.971875 0.034375 0.031250
0 0.032813 0.804688 0.034375 0.034375
0 0.114062 0.728125 0.034375 0.031250
0 0.067187 0.812500 0.034375 0.031250
0 0.693750 0.931250 0.031250 0.031250
0 0.585938 0.951562 0.028125 0.028125
0 0.032813 0.864062 0.028125 0.028125
