0 0.125000 0.231250 0.031250 0.031250
0 0.620313 0.070312 0.028125 0.028125
0 0.059375 0.100000 0.031250 0.031250
0 0.364063 0.873437 0.028125 0.028125
0 0.237500 0.360938 0.031250 0.028125
0 0.142187 0.826562 0.028125 0.028125
0 0.092188 0.784375 0.028125 0.031250
0 0.321875 0.118750 0.031250 0.031250
0 0.656250 0.851562 0.031250 0.028125
0 0.148438 0.314063 0.028125 0.028125
0 0.070312 0.429688 0.028125 0.028125
0 0.687500 0.109375 0.031250 0.031250
0 0.214062 0.118750 0.028125 0.031250
0 0.371875 0.481250 0.031250 0.031250
0 0.773438 0.870313 0.028125 0.028125
0 0.379688 0.809375 0.028125 0.031250
0 0.264062 0.935937 0.028125 0.028125
0 0.270313 0.904687 0.028125 0.028125
0 0.331250 0.884375 0.031250 0.031250
0 0.471875 0.584375 0.031250 0.031250
0 0.289062 0.807813 0.028125 0.028125
0 0.360938 0.670312 0.028125 0.028125
0 0.167187 0.848437 0.028125 0.028125
0 0.506250 0.571875 0.031250 0.031250
0 0.701562 0.895312 0.028125 0.028125
0 0.732812 0.882812 0.028125 0.028125
0 0.245312 0.882812 0.028125 0.028125
0 0.603125 0.253125 0.031250 0.031250
0 0.771875 0.517188 0.031250 0.028125
0 0.117188 0.951562 0.028125 0.028125
0 0.406250 0.832812 0.031250 0.028125
0 0.103125 0.112500 0.031250 0.031250
0 0.307812 0.743750 0.028125 0.031250
0 0.223438 0.857812 0.028125 0.028125
0 0.425000 0.484375 0.031250 0.031250
0 0.314063 0.829688 0.028125 0.028125
0 0.354687 0.904687 0.028125 0.028125
0 0.043750 0.068750 0.031250 0.031250
0 0.375000 0.084375 0.031250 0.031250
0 0.685937 0.956250 0.028125 0.031250
0 0.593750 0.579688 0.031250 0.028125
0 0.226562 0.826562 0.028125 0.028125
0 0.181250 0.326562 0.031250 0.028125
0 0.714063 0.614062 0.028125 0.028125
0 0.370312 0.514062 0.028125 0.028125
0 0.715625 0.707812 0.031250 0.028125
0 0.771875 0.484375 0.031250 0.031250
0 0.157812 0.087500 0.028125 0.031250
0 0.106250 0.309375 0.031250 0.031250
0 0.467187 0.698438 0.028125 0.028125
0 0.068750 0.162500 0.031250 0.031250
0 0.282813 0.842187 0.028125 0.028125
0 0.575000 0.432812 0.031250 0.028125
0 0.395313 0.867188 0.028125 0.028125
0 0.173437 0.817187 0.028125 0.028125
0 0.185938 0.753125 0.028125 0.031250
0 0.046875 0.562500 0.031250 0.031250
0 0.420312 0.770312 0.028125 0.028125
0 0.121875 0.087500 0.031250 0.031250
0 0.064062 0.798438 0.028125 0.028125
0 0.317188 0.623437 0.028125 0.028125
0 0.254688 0.968750 0.028125 0.031250
0 0.357812 0.785937 0.028125 0.028125
0 0.517188 0.629687 0.028125 0.028125
0 0.425000 0.521875 0.031250 0.031250
0 0.075000 0.876563 0.031250 0.028125
0 0.243750 0.760938 0.031250 0.028125
0 0.717187 0.385937 0.028125 0.028125
0 0.239063 0.914062 0.028125 0.028125
0 0.542188 0.462500 0.028125 0.031250
0 0.685937 0.142187 0.028125 0.028125
0 0.554688 0.707812 0.028125 0.028125
0 0.734375 0.771875 0.031250 0.031250
0 0.064062 0.939063 0.028125 0.028125
0 0.301563 0.895312 0.028125 0.028125
0 0.265625 0.787500 0.031250 0.031250
0 0.614062 0.685937 0.028125 0.028125
0 0.545312 0.935937 0.028125 0.028125
0 0.123438 0.920312 0.028125 0.028125
0 0.717187 0.581250 0.028125 0.031250
0 0.485938 0.639062 0.028125 0.028125
0 0.379688 0.926562 0.028125 0.028125
0 0.192188 0.870313 0.028125 0.028125
0 0.745313 0.335938 0.028125 0.028125
0 0.423438 0.654687 0.028125 0.028125
0 0.743750 0.434375 0.031250 0.031250
0 0.548438 0.620313 0.028125 0.028125
0 0.687500 0.403125 0.031250 0.031250
0 0.664062 0.932813 0.028125 0.028125
0 0.182812 0.065625 0.028125 0.031250
0 0.107813 0.868750 0.028125 0.031250
0 0.514062 0.831250 0.028125 0.031250
0 0.685937 0.435937 0.028125 0.028125
0 0.485938 0.956250 0.028125 0.031250
0 0.154688 0.764062 0.028125 0.028125
0 0.129688 0.889062 0.028125 0.028125
0 0.548438 0.823438 0.028125 0.028125
0 0.657813 0.517188 0.028125 0.028125
0 0.387500 0.575000 0.031250 0.031250
0 0.068750 0.225000 0.031250 0.031250
0 0.632812 0.432812 0.028125 0.028125
0 0.629687 0.498437 0.028125 0.028125
0 0.601562 0.514062 0.028125 0.028125
0 0.151562 0.376563 0.028125 0.028125
0 0.598437 0.545312 0.028125 0.028125
0 0.293750 0.100000 0.031250 0.031250
0 0.098437 0.181250 0.028125 0.031250
0 0.775000 0.321875 0.031250 0.031250
0 0.542188 0.431250 0.028125 0.031250
0 0.439063 0.910937 0.028125 0.028125
0 0.129688 0.132812 0.028125 0.028125
0 0.289062 0.957812 0.028125 0.028125
0 0.656250 0.645312 0.031250 0.028125
0 0.126562 0.198437 0.028125 0.028125
0 0.214062 0.892188 0.028125 0.028125
0 0.659375 0.451562 0.031250 0.028125
0 0.359375 0.585938 0.031250 0.028125
0 0.151562 0.345313 0.028125 0.028125
0 0.623437 0.857812 0.028125 0.028125
0 0.253125 0.848437 0.031250 0.028125
0 0.628125 0.104688 0.031250 0.028125
0 0.225000 0.037500 0.031250 0.031250
0 0.701562 0.779687 0.028125 0.028125
0 0.543750 0.400000 0.031250 0.031250
0 0.293750 0.298438 0.031250 0.028125
0 0.670312 0.785937 0.028125 0.028125
0 0.659375 0.126562 0.031250 0.028125
0 0.235937 0.682813 0.028125 0.028125
0 0.715625 0.093750 0.031250 0.031250
0 0.317188 0.445312 0.028125 0.028125
0 0.295312 0.926562 0.028125 0.028125
0 0.607812 0.920312 0.028125 0.028125
0 0.367188 0.550000 0.028125 0.031250
0 0.184375 0.135937 0.031250 0.028125
0 0.185938 0.901563 0.028125 0.028125
0 0.771875 0.581250 0.031250 0.031250
0 0.629687 0.204687 0.028125 0.028125
0 0.537500 0.559375 0.031250 0.031250
0 0.275000 0.073438 0.031250 0.028125
0 0.342187 0.529687 0.028125 0.028125
0 0.315625 0.479687 0.031250 0.028125
0 0.026562 0.098437 0.028125 0.028125
0 0.276562 0.870313 0.028125 0.028125
0 0.267188 0.118750 0.028125 0.031250
0 0.465625 0.093750 0.031250 0.031250
0 0.214062 0.151562 0.028125 0.028125
0 0.210938 0.310937 0.028125 0.028125
0 0.432812 0.385937 0.028125 0.028125
0 0.284375 0.764062 0.031250 0.028125
0 0.554688 0.904687 0.028125 0.028125
0 0.485938 0.839063 0.028125 0.028125
0 0.685937 0.467187 0.028125 0.028125
0 0.489063 0.721875 0.028125 0.031250
0 0.617188 0.889062 0.028125 0.028125
0 0.339062 0.851562 0.028125 0.028125
0 0.342187 0.498437 0.028125 0.028125
0 0.457813 0.846875 0.028125 0.031250
0 0.714063 0.742188 0.028125 0.028125
0 0.717187 0.190625 0.028125 0.031250
0 0.240625 0.068750 0.031250 0.031250
0 0.771875 0.128125 0.031250 0.031250
0 0.332813 0.764062 0.028125 0.028125
0 0.467187 0.817187 0.028125 0.028125
0 0.628125 0.564063 0.031250 0.028125
0 0.407813 0.920312 0.028125 0.028125
0 0.621875 0.595313 0.031250 0.028125
0 0.351562 0.701562 0.028125 0.028125
0 0.525000 0.598437 0.031250 0.028125
0 0.617188 0.773438 0.028125 0.028125
0 0.437500 0.709375 0.031250 0.031250
0 0.114062 0.839063 0.028125 0.028125
0 0.087500 0.084375 0.031250 0.031250
0 0.682813 0.073438 0.028125 0.028125
0 0.067187 0.907813 0.028125 0.028125
0 0.295312 0.139063 0.028125 0.028125
0 0.260937 0.040625 0.028125 0.031250
0 0.639062 0.910937 0.028125 0.028125
0 0.401562 0.631250 0.028125 0.031250
0 0.510938 0.440625 0.028125 0.031250
0 0.681250 0.668750 0.031250 0.031250
0 0.657813 0.220312 0.028125 0.028125
0 0.498437 0.692187 0.028125 0.028125
0 0.260937 0.701562 0.028125 0.028125
0 0.523438 0.714063 0.028125 0.028125
0 0.431250 0.420312 0.031250 0.028125
0 0.139063 0.973437 0.028125 0.028125
0 0.687500 0.565625 0.031250 0.031250
0 0.659375 0.612500 0.031250 0.031250
0 0.717187 0.417187 0.028125 0.028125
0 0.773438 0.453125 0.028125 0.031250
0 0.075000 0.131250 0.031250 0.031250
0 0.346875 0.935937 0.025000 0.028125
0 0.775000 0.354687 0.031250 0.028125
0 0.106250 0.059375 0.031250 0.031250
0 0.123438 0.454688 0.028125 0.028125
0 0.210938 0.279687 0.028125 0.028125
0 0.775000 0.418750 0.031250 0.031250
0 0.396875 0.537500 0.031250 0.031250
0 0.170313 0.962500 0.028125 0.031250
0 0.659375 0.420312 0.031250 0.028125
0 0.537500 0.968750 0.031250 0.031250
0 0.151562 0.281250 0.028125 0.031250
0 0.151562 0.439063 0.028125 0.028125
0 0.771875 0.615625 0.031250 0.031250
0 0.320312 0.707812 0.028125 0.028125
0 0.409375 0.598437 0.031250 0.028125
0 0.232813 0.945312 0.028125 0.028125
0 0.389062 0.779687 0.028125 0.028125
0 0.656250 0.582812 0.031250 0.028125
0 0.289062 0.714063 0.028125 0.028125
0 0.426563 0.739062 0.028125 0.028125
0 0.601562 0.039062 0.028125 0.028125
0 0.043750 0.128125 0.031250 0.031250
0 0.210938 0.081250 0.028125 0.031250
0 0.057813 0.031250 0.034375 0.031250
0 0.154688 0.250000 0.028125 0.031250
0 0.128125 0.164062 0.031250 0.028125
0 0.268750 0.671875 0.031250 0.031250
0 0.660937 0.159375 0.028125 0.031250
0 0.071875 0.845313 0.031250 0.028125
0 0.743750 0.468750 0.031250 0.031250
0 0.239063 0.135937 0.028125 0.028125
0 0.604688 0.717187 0.028125 0.028125
0 0.135937 0.857812 0.028125 0.028125
0 0.395313 0.748437 0.028125 0.028125
0 0.307812 0.779687 0.028125 0.028125
0 0.482812 0.754687 0.028125 0.028125
0 0.470313 0.898438 0.028125 0.028125
0 0.575000 0.465625 0.031250 0.031250
0 0.326562 0.801562 0.028125 0.028125
0 0.775000 0.954688 0.031250 0.028125
0 0.373437 0.723437 0.028125 0.028125
0 0.159375 0.879687 0.031250 0.028125
0 0.212500 0.217188 0.025000 0.028125
0 0.285938 0.495312 0.028125 0.028125
0 0.512500 0.406250 0.031250 0.031250
0 0.681250 0.754687 0.031250 0.028125
0 0.340625 0.073438 0.031250 0.028125
0 0.307812 0.860938 0.028125 0.028125
0 0.657813 0.484375 0.028125 0.031250
0 0.185938 0.718750 0.028125 0.031250
0 0.717187 0.548438 0.028125 0.028125
0 0.345313 0.464062 0.028125 0.028125
0 0.401562 0.432812 0.028125 0.028125
0 0.664062 0.817187 0.028125 0.028125
0 0.182812 0.198437 0.028125 0.028125
0 0.314063 0.510938 0.028125 0.028125
0 0.598437 0.632812 0.028125 0.028125
0 0.604688 0.385937 0.028125 0.028125
0 0.126562 0.551562 0.028125 0.028125
0 0.429688 0.451562 0.028125 0.028125
0 0.745313 0.692187 0.028125 0.028125
0 0.031250 0.796875 0.031250 0.031250
0 0.460938 0.932813 0.028125 0.028125
0 0.160938 0.118750 0.028125 0.031250
0 0.629687 0.529687 0.028125 0.028125
0 0.326562 0.592187 0.028125 0.028125
0 0.632812 0.173437 0.028125 0.028125
0 0.745313 0.370312 0.028125 0.028125
0 0.268750 0.737500 0.031250 0.031250
0 0.398438 0.501563 0.028125 0.028125
0 0.592187 0.867188 0.028125 0.028125
0 0.392188 0.664062 0.028125 0.028125
0 0.095312 0.931250 0.028125 0.025000
0 0.021875 0.903125 0.031250 0.031250
0 0.126562 0.398438 0.028125 0.028125
0 0.685937 0.842187 0.028125 0.028125
0 0.604688 0.285938 0.028125 0.028125
0 0.771875 0.287500 0.031250 0.031250
0 0.225000 0.626563 0.031250 0.028125
0 0.364063 0.754687 0.028125 0.028125
0 0.298438 0.651563 0.028125 0.028125
0 0.570312 0.960938 0.028125 0.028125
0 0.576562 0.929688 0.028125 0.028125
0 0.410938 0.800000 0.028125 0.031250
0 0.717187 0.320312 0.028125 0.028125
0 0.129688 0.745313 0.028125 0.028125
0 0.101562 0.148438 0.028125 0.028125
0 0.234375 0.796875 0.031250 0.031250
0 0.135937 0.639062 0.028125 0.028125
0 0.104688 0.529687 0.028125 0.028125
0 0.451562 0.760938 0.028125 0.028125
0 0.101562 0.900000 0.028125 0.025000
0 0.717187 0.832812 0.028125 0.028125
0 0.501563 0.892188 0.028125 0.028125
0 0.123438 0.264062 0.028125 0.028125
0 0.262500 0.312500 0.031250 0.031250
0 0.142187 0.057813 0.028125 0.028125
0 0.687500 0.206250 0.031250 0.031250
0 0.457813 0.732812 0.028125 0.028125
0 0.118750 0.807813 0.025000 0.028125
0 0.307812 0.071875 0.028125 0.031250
0 0.632812 0.368750 0.028125 0.031250
0 0.632812 0.942187 0.028125 0.028125
0 0.707812 0.864062 0.028125 0.028125
0 0.342187 0.732812 0.028125 0.028125
0 0.154688 0.910937 0.028125 0.028125
0 0.025000 0.153125 0.031250 0.031250
0 0.657813 0.548438 0.028125 0.028125
0 0.660937 0.384375 0.028125 0.031250
0 0.717187 0.157812 0.028125 0.028125
0 0.689063 0.368750 0.028125 0.031250
0 0.454688 0.645312 0.028125 0.028125
0 0.085938 0.964063 0.028125 0.028125
0 0.301563 0.571875 0.028125 0.031250
0 0.448437 0.878125 0.028125 0.031250
0 0.771875 0.550000 0.031250 0.031250
0 0.239063 0.101562 0.028125 0.028125
0 0.348438 0.614062 0.028125 0.028125
0 0.415625 0.562500 0.031250 0.031250
0 0.329688 0.676562 0.028125 0.028125
0 0.493750 0.607812 0.031250 0.028125
0 0.021875 0.759375 0.031250 0.031250
0 0.082812 0.367188 0.028125 0.028125
0 0.743750 0.304688 0.031250 0.028125
0 0.481250 0.487500 0.031250 0.031250
0 0.771875 0.385937 0.031250 0.028125
0 0.485938 0.421875 0.028125 0.031250
0 0.576562 0.335938 0.028125 0.028125
0 0.695312 0.926562 0.028125 0.028125
0 0.492188 0.920312 0.028125 0.028125
0 0.273438 0.557813 0.028125 0.028125
0 0.645312 0.882812 0.028125 0.028125
0 0.715625 0.254688 0.031250 0.028125
0 0.623437 0.654687 0.028125 0.028125
0 0.210938 0.775000 0.028125 0.031250
0 0.540625 0.526563 0.031250 0.028125
0 0.292187 0.364063 0.028125 0.028125
0 0.439063 0.593750 0.028125 0.031250
0 0.454688 0.964063 0.028125 0.028125
0 0.543750 0.334375 0.031250 0.031250
0 0.348438 0.431250 0.028125 0.031250
0 0.634375 0.401562 0.031250 0.028125
0 0.717187 0.351562 0.028125 0.028125
0 0.743750 0.853125 0.031250 0.031250
0 0.181250 0.295312 0.031250 0.028125
0 0.214062 0.742188 0.028125 0.028125
0 0.157812 0.148438 0.028125 0.028125
0 0.337500 0.967187 0.025000 0.028125
0 0.289062 0.460938 0.028125 0.028125
0 0.743750 0.596875 0.031250 0.031250
0 0.101562 0.625000 0.028125 0.031250
0 0.775000 0.839063 0.031250 0.028125
0 0.268750 0.151562 0.031250 0.028125
0 0.717187 0.285938 0.028125 0.028125
0 0.337500 0.560937 0.025000 0.028125
0 0.660937 0.254688 0.028125 0.028125
0 0.484375 0.059375 0.031250 0.031250
0 0.687500 0.634375 0.031250 0.031250
0 0.103125 0.420312 0.025000 0.028125
0 0.601562 0.482812 0.028125 0.028125
0 0.565625 0.092188 0.031250 0.028125
0 0.179688 0.785937 0.028125 0.028125
0 0.629687 0.135937 0.028125 0.028125
0 0.042188 0.181250 0.028125 0.031250
0 0.510938 0.476562 0.028125 0.028125
0 0.123438 0.487500 0.028125 0.031250
0 0.442188 0.792188 0.028125 0.028125
0 0.375000 0.448437 0.031250 0.028125
0 0.629687 0.235937 0.028125 0.028125
0 0.050000 0.675000 0.031250 0.031250
0 0.107813 0.657813 0.028125 0.028125
0 0.095312 0.276562 0.028125 0.028125
0 0.267188 0.184375 0.028125 0.031250
0 0.501563 0.089063 0.028125 0.028125
0 0.023438 0.273438 0.028125 0.028125
0 0.485938 0.385937 0.028125 0.028125
0 0.073438 0.059375 0.028125 0.031250
0 0.604688 0.451562 0.028125 0.028125
0 0.198437 0.839063 0.028125 0.028125
0 0.601562 0.417187 0.028125 0.028125
0 0.776563 0.921875 0.028125 0.031250
0 0.626563 0.742188 0.028125 0.028125
0 0.276562 0.592187 0.028125 0.028125
0 0.096875 0.700000 0.031250 0.031250
0 0.582812 0.695312 0.028125 0.028125
0 0.295312 0.170313 0.028125 0.028125
0 0.317188 0.945312 0.028125 0.028125
0 0.039062 0.243750 0.028125 0.031250
0 0.717187 0.451562 0.028125 0.028125
0 0.498437 0.804688 0.028125 0.028125
0 0.418750 0.056250 0.031250 0.031250
0 0.629687 0.467187 0.028125 0.028125
0 0.604688 0.156250 0.028125 0.031250
0 0.659375 0.189062 0.031250 0.028125
0 0.154688 0.540625 0.028125 0.031250
0 0.743750 0.142187 0.031250 0.028125
0 0.067187 0.259375 0.028125 0.031250
0 0.743750 0.501563 0.031250 0.028125
0 0.456250 0.532813 0.031250 0.028125
0 0.379688 0.607812 0.028125 0.028125
0 0.579688 0.607812 0.028125 0.028125
0 0.435937 0.823438 0.028125 0.028125
0 0.151562 0.670312 0.028125 0.028125
0 0.154688 0.407813 0.028125 0.028125
0 0.595313 0.748437 0.028125 0.028125
0 0.185938 0.167187 0.028125 0.028125
0 0.121875 0.335938 0.031250 0.028125
0 0.670312 0.904687 0.028125 0.028125
0 0.639062 0.795312 0.028125 0.028125
0 0.556250 0.589063 0.031250 0.028125
0 0.629687 0.626563 0.028125 0.028125
0 0.604688 0.317188 0.028125 0.028125
0 0.101562 0.732812 0.028125 0.028125
0 0.567187 0.560937 0.028125 0.028125
0 0.096875 0.212500 0.031250 0.031250
0 0.182812 0.657813 0.028125 0.028125
0 0.576562 0.498437 0.028125 0.028125
0 0.284375 0.528125 0.031250 0.031250
0 0.687500 0.596875 0.031250 0.031250
0 0.404687 0.717187 0.028125 0.028125
0 0.154688 0.217188 0.028125 0.028125
0 0.743750 0.532813 0.031250 0.028125
0 0.407813 0.100000 0.028125 0.031250
0 0.054688 0.382812 0.028125 0.028125
0 0.259375 0.817187 0.031250 0.028125
0 0.214062 0.657813 0.028125 0.028125
0 0.085938 0.593750 0.028125 0.031250
0 0.539062 0.854688 0.028125 0.028125
0 0.517188 0.059375 0.028125 0.031250
0 0.510938 0.539062 0.028125 0.028125
0 0.210938 0.185938 0.028125 0.028125
0 0.437500 0.028125 0.031250 0.031250
0 0.773438 0.743750 0.028125 0.031250
0 0.460938 0.401562 0.028125 0.028125
0 0.743750 0.726562 0.031250 0.028125
0 0.300000 0.685937 0.031250 0.028125
0 0.348438 0.139063 0.028125 0.028125
0 0.090625 0.031250 0.031250 0.031250
0 0.512500 0.507812 0.031250 0.028125
0 0.185938 0.098437 0.028125 0.028125
0 0.445312 0.676562 0.028125 0.028125
0 0.742188 0.662500 0.028125 0.031250
0 0.446875 0.562500 0.031250 0.031250
0 0.657813 0.735938 0.028125 0.028125
0 0.526563 0.798438 0.028125 0.028125
0 0.373437 0.414062 0.028125 0.028125
0 0.326562 0.043750 0.028125 0.031250
0 0.028125 0.043750 0.031250 0.031250
0 0.378125 0.351562 0.031250 0.028125
0 0.207813 0.923438 0.028125 0.028125
0 0.578125 0.301563 0.031250 0.028125
0 0.053125 0.287500 0.031250 0.031250
0 0.471875 0.784375 0.031250 0.031250
0 0.076563 0.754687 0.028125 0.028125
0 0.600000 0.121875 0.031250 0.031250
0 0.237500 0.328125 0.031250 0.031250
0 0.570312 0.845313 0.028125 0.028125
0 0.742188 0.564063 0.028125 0.028125
0 0.601562 0.835938 0.028125 0.028125
0 0.596875 0.092188 0.031250 0.028125
0 0.054688 0.592187 0.028125 0.028125
0 0.201563 0.954688 0.028125 0.028125
0 0.154688 0.704688 0.028125 0.028125
0 0.456250 0.467187 0.031250 0.028125
0 0.773438 0.646875 0.028125 0.031250
0 0.660937 0.351562 0.028125 0.028125
0 0.239063 0.171875 0.028125 0.031250
0 0.373437 0.842187 0.028125 0.028125
0 0.485938 0.518750 0.028125 0.031250
0 0.257812 0.476562 0.028125 0.028125
0 0.154688 0.182812 0.028125 0.028125
0 0.457813 0.435937 0.028125 0.028125
0 0.689063 0.726562 0.028125 0.028125
0 0.429688 0.940625 0.028125 0.031250
0 0.745313 0.401562 0.028125 0.028125
0 0.292187 0.329688 0.028125 0.028125
0 0.482812 0.554688 0.028125 0.028125
0 0.517188 0.134375 0.028125 0.031250
0 0.323437 0.915625 0.028125 0.025000
0 0.714063 0.517188 0.028125 0.028125
0 0.181250 0.626563 0.031250 0.028125
0 0.207813 0.345313 0.028125 0.028125
0 0.179688 0.360938 0.028125 0.028125
0 0.370312 0.639062 0.028125 0.028125
0 0.382812 0.692187 0.028125 0.028125
0 0.470313 0.032813 0.028125 0.028125
0 0.148438 0.940625 0.028125 0.031250
0 0.195312 0.595313 0.028125 0.028125
0 0.726562 0.914062 0.028125 0.028125
0 0.560937 0.876563 0.028125 0.028125
0 0.487500 0.353125 0.031250 0.031250
0 0.040625 0.856250 0.031250 0.031250
0 0.543750 0.118750 0.031250 0.031250
0 0.687500 0.173437 0.031250 0.028125
0 0.679688 0.873437 0.028125 0.028125
0 0.689063 0.270313 0.028125 0.028125
0 0.040625 0.445312 0.031250 0.028125
0 0.434375 0.084375 0.031250 0.031250
0 0.125000 0.031250 0.031250 0.031250
0 0.179688 0.264062 0.028125 0.028125
0 0.657813 0.095312 0.028125 0.028125
0 0.264062 0.409375 0.028125 0.031250
0 0.529687 0.884375 0.028125 0.031250
0 0.745313 0.629687 0.028125 0.028125
0 0.385937 0.895312 0.028125 0.028125
0 0.660937 0.320312 0.028125 0.028125
0 0.542188 0.493750 0.028125 0.031250
0 0.085938 0.335938 0.028125 0.028125
0 0.387500 0.051562 0.031250 0.028125
0 0.126562 0.714063 0.028125 0.028125
0 0.207813 0.407813 0.028125 0.028125
0 0.040625 0.960938 0.031250 0.028125
0 0.070312 0.195312 0.028125 0.028125
0 0.343750 0.015625 0.031250 0.031250
0 0.484375 0.454688 0.031250 0.028125
0 0.567187 0.643750 0.028125 0.031250
0 0.120313 0.367188 0.028125 0.028125
0 0.265625 0.378125 0.031250 0.031250
0 0.045312 0.825000 0.028125 0.031250
0 0.635938 0.710938 0.028125 0.028125
0 0.150000 0.795312 0.025000 0.028125
0 0.660937 0.285938 0.028125 0.028125
0 0.623437 0.973437 0.028125 0.028125
0 0.339062 0.645312 0.028125 0.028125
0 0.028125 0.334375 0.031250 0.031250
0 0.042188 0.414062 0.028125 0.028125
0 0.423438 0.971875 0.028125 0.031250
0 0.215625 0.709375 0.031250 0.031250
0 0.123438 0.776563 0.028125 0.028125
0 0.535937 0.767188 0.028125 0.028125
0 0.504687 0.776563 0.028125 0.028125
0 0.687500 0.501563 0.031250 0.028125
0 0.406250 0.026562 0.031250 0.028125
0 0.645312 0.679688 0.028125 0.028125
0 0.714063 0.123438 0.028125 0.028125
0 0.714063 0.676562 0.028125 0.028125
0 0.373437 0.017188 0.028125 0.028125
0 0.248438 0.604688 0.028125 0.028125
0 0.168750 0.504687 0.031250 0.034375
0 0.293750 0.043750 0.031250 0.031250
0 0.414062 0.685937 0.028125 0.028125
0 0.571875 0.135937 0.031250 0.028125
0 0.346875 0.398438 0.031250 0.028125
0 0.460938 0.614062 0.028125 0.028125
0 0.292187 0.395313 0.028125 0.028125
0 0.717187 0.946875 0.028125 0.031250
0 0.537500 0.034375 0.031250 0.031250
0 0.426563 0.857812 0.028125 0.028125
0 0.523438 0.914062 0.028125 0.028125
0 0.404687 0.398438 0.028125 0.028125
0 0.379688 0.382812 0.028125 0.028125
0 0.348438 0.821875 0.028125 0.031250
0 0.310937 0.545312 0.028125 0.028125
0 0.045312 0.885938 0.028125 0.028125
0 0.545312 0.739062 0.028125 0.028125
0 0.123438 0.685937 0.028125 0.028125
0 0.134375 0.514062 0.031250 0.028125
0 0.745313 0.270313 0.028125 0.028125
0 0.348438 0.104688 0.028125 0.028125
0 0.193750 0.037500 0.031250 0.031250
0 0.026562 0.364063 0.028125 0.028125
0 0.179688 0.931250 0.028125 0.025000
0 0.235937 0.393750 0.028125 0.031250
0 0.632812 0.301563 0.028125 0.028125
0 0.162500 0.034375 0.031250 0.031250
0 0.459375 0.337500 0.031250 0.031250
0 0.181250 0.685937 0.031250 0.028125
0 0.515625 0.371875 0.031250 0.031250
0 0.632812 0.270313 0.028125 0.028125
0 0.189062 0.535937 0.028125 0.028125
0 0.601562 0.951562 0.028125 0.028125
0 0.240625 0.553125 0.031250 0.031250
0 0.514062 0.748437 0.028125 0.028125
0 0.182812 0.232813 0.028125 0.028125
0 0.557813 0.789062 0.028125 0.028125
0 0.151562 0.471875 0.028125 0.031250
0 0.207813 0.376563 0.028125 0.028125
0 0.078125 0.546875 0.031250 0.031250
0 0.026562 0.612500 0.028125 0.031250
0 0.717187 0.645312 0.028125 0.028125
0 0.379688 0.117188 0.028125 0.028125
0 0.242188 0.726562 0.028125 0.028125
0 0.745313 0.176563 0.028125 0.028125
0 0.604688 0.353125 0.028125 0.025000
0 0.198437 0.564063 0.028125 0.028125
0 0.320312 0.410938 0.028125 0.028125
0 0.031250 0.212500 0.031250 0.031250
0 0.309375 0.015625 0.031250 0.031250
0 0.179688 0.392188 0.028125 0.028125
0 0.420312 0.889062 0.028125 0.028125
0 0.129688 0.610938 0.028125 0.028125
0 0.529687 0.682813 0.028125 0.028125
0 0.546875 0.365625 0.031250 0.031250
0 0.678125 0.042188 0.031250 0.028125
0 0.632812 0.039062 0.028125 0.028125
0 0.157812 0.732812 0.028125 0.028125
0 0.045312 0.737500 0.028125 0.025000
0 0.368750 0.957812 0.025000 0.028125
0 0.451562 0.501563 0.028125 0.028125
0 0.578125 0.271875 0.031250 0.031250
0 0.571875 0.529687 0.031250 0.028125
0 0.431250 0.351562 0.025000 0.028125
0 0.067187 0.464062 0.028125 0.028125
0 0.632812 0.335938 0.028125 0.028125
0 0.357812 0.045312 0.028125 0.028125
0 0.057813 0.320312 0.028125 0.028125
0 0.212500 0.515625 0.031250 0.031250
0 0.685937 0.532813 0.028125 0.028125
0 0.398438 0.951562 0.028125 0.028125
0 0.223438 0.976562 0.028125 0.028125
0 0.398438 0.464062 0.028125 0.028125
0 0.023438 0.581250 0.028125 0.031250
0 0.282813 0.620313 0.028125 0.028125
0 0.181250 0.423438 0.025000 0.028125
0 0.320312 0.346875 0.028125 0.031250
0 0.089063 0.817187 0.028125 0.028125
0 0.406250 0.334375 0.031250 0.031250
0 0.076563 0.654687 0.028125 0.028125
0 0.632812 0.828125 0.028125 0.031250
0 0.239063 0.201563 0.028125 0.028125
0 0.226562 0.582812 0.028125 0.028125
0 0.320312 0.154688 0.028125 0.028125
0 0.204687 0.807813 0.028125 0.028125
0 0.240625 0.237500 0.031250 0.031250
0 0.514062 0.945312 0.028125 0.028125
0 0.264062 0.282813 0.028125 0.028125
0 0.159375 0.598437 0.031250 0.028125
0 0.576562 0.370312 0.028125 0.028125
0 0.348438 0.367188 0.028125 0.028125
0 0.748437 0.935937 0.028125 0.028125
0 0.560937 0.673438 0.028125 0.028125
0 0.039062 0.479687 0.028125 0.028125
0 0.210938 0.248438 0.028125 0.028125
0 0.295312 0.201563 0.028125 0.028125
0 0.576562 0.400000 0.028125 0.031250
0 0.539062 0.654687 0.028125 0.028125
0 0.151562 0.570312 0.028125 0.028125
0 0.507812 0.659375 0.028125 0.025000
0 0.453125 0.059375 0.031250 0.031250
0 0.592187 0.664062 0.028125 0.028125
0 0.179688 0.457813 0.028125 0.028125
0 0.773438 0.709375 0.028125 0.031250
0 0.689063 0.335938 0.028125 0.028125
0 0.535937 0.085938 0.028125 0.028125
0 0.717187 0.223438 0.028125 0.028125
0 0.771875 0.256250 0.031250 0.031250
0 0.320312 0.315625 0.028125 0.031250
0 0.057813 0.626563 0.028125 0.028125
0 0.581250 0.065625 0.025000 0.025000
0 0.706250 0.031250 0.031250 0.031250
0 0.578125 0.237500 0.031250 0.031250
0 0.117188 0.581250 0.028125 0.031250
0 0.457813 0.368750 0.028125 0.031250
0 0.476562 0.670312 0.028125 0.028125
0 0.070312 0.720313 0.028125 0.028125
0 0.268750 0.217188 0.031250 0.028125
0 0.565625 0.759375 0.025000 0.025000
0 0.034375 0.929688 0.031250 0.028125
0 0.567187 0.034375 0.028125 0.031250
0 0.501563 0.032813 0.028125 0.028125
0 0.695312 0.810937 0.028125 0.028125
0 0.654687 0.964063 0.028125 0.028125
0 0.490625 0.118750 0.031250 0.031250
0 0.320312 0.379688 0.028125 0.028125
0 0.509375 0.862500 0.025000 0.025000
0 0.714063 0.485938 0.028125 0.028125
0 0.712500 0.978125 0.031250 0.031250
0 0.350000 0.331250 0.031250 0.031250
0 0.582812 0.898438 0.028125 0.028125
0 0.579688 0.810937 0.028125 0.028125
0 0.712500 0.062500 0.031250 0.031250
0 0.378125 0.315625 0.031250 0.031250
0 0.773438 0.096875 0.028125 0.031250
0 0.054688 0.348438 0.028125 0.028125
0 0.654687 0.064062 0.028125 0.028125
0 0.321875 0.185938 0.025000 0.028125
0 0.042188 0.706250 0.028125 0.031250
0 0.767188 0.775000 0.028125 0.031250
0 0.742188 0.107813 0.028125 0.028125
0 0.351562 0.170313 0.028125 0.028125
0 0.664062 0.701562 0.028125 0.028125
0 0.478125 0.870313 0.025000 0.028125
0 0.551562 0.060937 0.028125 0.028125
0 0.292187 0.429688 0.028125 0.028125
0 0.434375 0.118750 0.031250 0.031250
0 0.432812 0.623437 0.028125 0.028125
0 0.648438 0.764062 0.028125 0.028125
0 0.685937 0.235937 0.028125 0.028125
0 0.603125 0.189062 0.031250 0.028125
0 0.745313 0.818750 0.028125 0.031250
0 0.043750 0.526563 0.031250 0.028125
0 0.246875 0.651563 0.031250 0.028125
0 0.078125 0.400000 0.025000 0.025000
0 0.406250 0.368750 0.025000 0.025000
0 0.051562 0.770312 0.028125 0.028125
0 0.576562 0.167187 0.028125 0.028125
0 0.757812 0.898438 0.028125 0.028125
0 0.353125 0.298438 0.031250 0.028125
0 0.237500 0.267188 0.031250 0.028125
0 0.293750 0.267188 0.031250 0.028125
0 0.264062 0.345313 0.028125 0.028125
0 0.017188 0.726562 0.028125 0.028125
0 0.217188 0.482812 0.028125 0.028125
0 0.507812 0.978125 0.028125 0.031250
0 0.378125 0.151562 0.031250 0.028125
0 0.406250 0.135937 0.031250 0.028125
0 0.771875 0.159375 0.031250 0.031250
0 0.323437 0.284375 0.028125 0.031250
0 0.512500 0.337500 0.031250 0.031250
0 0.601562 0.220312 0.028125 0.028125
0 0.685937 0.304688 0.028125 0.028125
0 0.207813 0.439063 0.028125 0.028125
0 0.096875 0.245312 0.025000 0.028125
0 0.029687 0.648438 0.028125 0.028125
0 0.235937 0.426563 0.028125 0.028125
0 0.773438 0.192188 0.028125 0.028125
0 0.546875 0.178125 0.031250 0.031250
0 0.243750 0.504687 0.025000 0.028125
0 0.018750 0.543750 0.031250 0.031250
0 0.723437 0.804688 0.028125 0.028125
0 0.575000 0.728125 0.025000 0.025000
0 0.546875 0.306250 0.031250 0.031250
0 0.773438 0.676562 0.028125 0.028125
0 0.232813 0.457813 0.028125 0.028125
0 0.029687 0.304688 0.028125 0.028125
0 0.484375 0.318750 0.031250 0.031250
0 0.490625 0.153125 0.031250 0.031250
0 0.017188 0.426563 0.028125 0.028125
0 0.257812 0.442188 0.028125 0.028125
0 0.095312 0.448437 0.028125 0.028125
0 0.065625 0.495312 0.025000 0.028125
0 0.775000 0.806250 0.031250 0.031250
0 0.432812 0.317188 0.028125 0.028125
0 0.359375 0.253125 0.031250 0.031250
0 0.520312 0.167187 0.028125 0.028125
0 0.017188 0.393750 0.028125 0.031250
0 0.101562 0.385937 0.028125 0.028125
0 0.742188 0.970313 0.028125 0.028125
0 0.295312 0.235937 0.028125 0.028125
0 0.309375 0.981250 0.025000 0.025000
0 0.278125 0.015625 0.031250 0.031250
