0 0.293750 0.071875 0.031250 0.031250
0 0.650000 0.203125 0.031250 0.031250
0 0.768750 0.171875 0.031250 0.031250
0 0.714063 0.481250 0.028125 0.031250
0 0.037500 0.243750 0.031250 0.031250
0 0.075000 0.834375 0.031250 0.031250
0 0.828125 0.171875 0.031250 0.031250
0 0.323437 0.189062 0.028125 0.028125
0 0.075000 0.893750 0.031250 0.031250
0 0.228125 0.865625 0.031250 0.031250
0 0.246875 0.718750 0.031250 0.031250
0 0.106250 0.303125 0.031250 0.031250
0 0.040625 0.834375 0.031250 0.031250
0 0.739062 0.189062 0.028125 0.028125
0 0.714063 0.518750 0.028125 0.031250
0 0.889062 0.103125 0.034375 0.031250
0 0.053125 0.153125 0.031250 0.031250
0 0.650000 0.171875 0.031250 0.031250
0 0.151562 0.037500 0.028125 0.031250
0 0.825000 0.306250 0.031250 0.031250
0 0.260937 0.089063 0.034375 0.034375
0 0.325000 0.153125 0.031250 0.031250
0 0.768750 0.137500 0.031250 0.031250
0 0.378125 0.828125 0.031250 0.031250
0 0.856250 0.085938 0.031250 0.028125
0 0.071875 0.243750 0.031250 0.031250
0 0.681250 0.156250 0.031250 0.031250
0 0.714063 0.415625 0.028125 0.031250
0 0.053125 0.212500 0.031250 0.031250
0 0.360938 0.384375 0.028125 0.031250
0 0.798438 0.153125 0.028125 0.031250
0 0.071875 0.303125 0.031250 0.031250
0 0.596875 0.384375 0.031250 0.031250
0 0.740625 0.120313 0.031250 0.034375
0 0.828125 0.103125 0.031250 0.031250
0 0.362500 0.796875 0.031250 0.031250
0 0.323437 0.054688 0.028125 0.028125
0 0.290625 0.209375 0.031250 0.031250
0 0.328125 0.501563 0.031250 0.028125
0 0.159375 0.865625 0.031250 0.031250
0 0.040625 0.896875 0.031250 0.031250
0 0.796875 0.606250 0.031250 0.031250
0 0.743750 0.496875 0.031250 0.031250
0 0.103125 0.126562 0.031250 0.028125
0 0.162500 0.807813 0.031250 0.028125
0 0.168750 0.184375 0.031250 0.031250
0 0.379688 0.189062 0.028125 0.028125
0 0.740625 0.084375 0.031250 0.031250
0 0.234375 0.065625 0.031250 0.031250
0 0.378125 0.890625 0.031250 0.031250
0 0.109375 0.835938 0.031250 0.028125
0 0.856250 0.220312 0.031250 0.028125
0 0.710938 0.204687 0.028125 0.028125
0 0.612500 0.215625 0.031250 0.031250
0 0.190625 0.507812 0.031250 0.028125
0 0.090625 0.568750 0.031250 0.031250
0 0.714063 0.382812 0.028125 0.028125
0 0.828125 0.137500 0.031250 0.031250
0 0.245312 0.896875 0.028125 0.031250
0 0.856250 0.051562 0.031250 0.028125
0 0.778125 0.485938 0.031250 0.034375
0 0.160938 0.684375 0.034375 0.031250
0 0.509375 0.589063 0.031250 0.028125
0 0.245312 0.834375 0.028125 0.031250
0 0.678125 0.637500 0.031250 0.031250
0 0.126562 0.626563 0.028125 0.028125
0 0.095312 0.687500 0.028125 0.031250
0 0.684375 0.432812 0.031250 0.028125
0 0.325000 0.221875 0.031250 0.031250
0 0.062500 0.687500 0.031250 0.031250
0 0.328125 0.796875 0.031250 0.031250
0 0.667188 0.282813 0.028125 0.028125
0 0.709375 0.173437 0.031250 0.028125
0 0.626563 0.465625 0.028125 0.031250
0 0.396875 0.737500 0.031250 0.031250
0 0.253125 0.212500 0.031250 0.031250
0 0.128125 0.746875 0.031250 0.031250
0 0.681250 0.190625 0.031250 0.031250
0 0.184375 0.153125 0.031250 0.031250
0 0.109375 0.893750 0.031250 0.031250
0 0.079687 0.715625 0.028125 0.031250
0 0.278125 0.896875 0.031250 0.031250
0 0.854688 0.289062 0.028125 0.028125
0 0.034375 0.068750 0.031250 0.031250
0 0.798438 0.053125 0.034375 0.031250
0 0.378125 0.259375 0.031250 0.031250
0 0.173437 0.478125 0.028125 0.031250
0 0.410938 0.825000 0.034375 0.031250
0 0.396875 0.796875 0.031250 0.031250
0 0.540625 0.487500 0.031250 0.031250
0 0.021875 0.271875 0.031250 0.031250
0 0.146875 0.778125 0.031250 0.031250
0 0.262500 0.746875 0.031250 0.031250
0 0.568750 0.368750 0.031250 0.031250
0 0.643750 0.637500 0.031250 0.031250
0 0.142187 0.596875 0.028125 0.031250
0 0.743750 0.396875 0.031250 0.031250
0 0.715625 0.350000 0.031250 0.031250
0 0.590625 0.165625 0.031250 0.031250
0 0.218750 0.153125 0.031250 0.031250
0 0.312500 0.767188 0.031250 0.034375
0 0.737500 0.153125 0.031250 0.031250
0 0.068750 0.068750 0.031250 0.031250
0 0.345313 0.765625 0.028125 0.031250
0 0.828125 0.203125 0.031250 0.031250
0 0.137500 0.125000 0.031250 0.031250
0 0.610938 0.251563 0.028125 0.028125
0 0.768750 0.103125 0.031250 0.031250
0 0.856250 0.256250 0.031250 0.031250
0 0.798438 0.120313 0.028125 0.028125
0 0.526563 0.787500 0.028125 0.031250
0 0.125000 0.865625 0.031250 0.031250
0 0.143750 0.896875 0.031250 0.031250
0 0.631250 0.300000 0.031250 0.031250
0 0.360938 0.856250 0.034375 0.031250
0 0.353125 0.035937 0.031250 0.028125
0 0.262500 0.687500 0.031250 0.031250
0 0.068750 0.126562 0.031250 0.028125
0 0.800000 0.087500 0.031250 0.031250
0 0.278125 0.834375 0.031250 0.031250
0 0.120313 0.096875 0.028125 0.031250
0 0.385937 0.331250 0.028125 0.031250
0 0.710938 0.104688 0.034375 0.034375
0 0.662500 0.728125 0.031250 0.031250
0 0.745313 0.329688 0.028125 0.028125
0 0.262500 0.865625 0.031250 0.031250
0 0.768750 0.206250 0.031250 0.031250
0 0.409375 0.173437 0.031250 0.028125
0 0.140625 0.360938 0.031250 0.028125
0 0.759375 0.550000 0.031250 0.031250
0 0.417187 0.381250 0.028125 0.031250
0 0.200000 0.125000 0.031250 0.031250
0 0.178125 0.837500 0.031250 0.031250
0 0.443750 0.646875 0.031250 0.031250
0 0.175000 0.537500 0.031250 0.031250
0 0.075000 0.418750 0.031250 0.031250
0 0.656250 0.481250 0.031250 0.031250
0 0.578125 0.703125 0.031250 0.031250
0 0.095312 0.745313 0.028125 0.028125
0 0.021875 0.212500 0.031250 0.031250
0 0.268750 0.184375 0.031250 0.031250
0 0.298438 0.321875 0.028125 0.031250
0 0.800000 0.365625 0.031250 0.031250
0 0.828125 0.343750 0.031250 0.031250
0 0.220312 0.093750 0.028125 0.031250
0 0.656250 0.448437 0.031250 0.028125
0 0.628125 0.609375 0.031250 0.031250
0 0.714063 0.448437 0.028125 0.028125
0 0.157812 0.568750 0.028125 0.031250
0 0.439063 0.189062 0.028125 0.028125
0 0.203125 0.184375 0.031250 0.031250
0 0.685937 0.467187 0.028125 0.028125
0 0.056250 0.271875 0.031250 0.031250
0 0.543750 0.646875 0.031250 0.031250
0 0.681250 0.121875 0.031250 0.031250
0 0.356250 0.350000 0.031250 0.031250
0 0.179688 0.776563 0.028125 0.028125
0 0.771875 0.446875 0.031250 0.031250
0 0.260937 0.332813 0.034375 0.034375
0 0.293750 0.737500 0.031250 0.031250
0 0.381250 0.156250 0.031250 0.031250
0 0.140625 0.478125 0.031250 0.031250
0 0.707812 0.140625 0.028125 0.031250
0 0.856250 0.323437 0.031250 0.028125
0 0.685937 0.367188 0.028125 0.028125
0 0.187500 0.037500 0.031250 0.031250
0 0.393750 0.859375 0.031250 0.031250
0 0.109375 0.596875 0.031250 0.031250
0 0.510938 0.435937 0.028125 0.028125
0 0.025000 0.509375 0.031250 0.031250
0 0.312500 0.835938 0.031250 0.034375
0 0.037500 0.125000 0.031250 0.031250
0 0.071875 0.184375 0.031250 0.031250
0 0.126562 0.806250 0.028125 0.031250
0 0.803125 0.400000 0.031250 0.031250
0 0.568750 0.434375 0.031250 0.031250
0 0.778125 0.637500 0.031250 0.031250
0 0.596875 0.731250 0.031250 0.031250
0 0.839063 0.462500 0.028125 0.031250
0 0.762500 0.609375 0.031250 0.031250
0 0.628125 0.501563 0.031250 0.028125
0 0.273438 0.476562 0.028125 0.028125
0 0.859375 0.120313 0.031250 0.028125
0 0.412500 0.887500 0.031250 0.031250
0 0.767188 0.240625 0.034375 0.031250
0 0.562500 0.673438 0.031250 0.028125
0 0.800000 0.325000 0.031250 0.031250
0 0.307812 0.532813 0.028125 0.028125
0 0.240625 0.360938 0.031250 0.028125
0 0.059375 0.865625 0.031250 0.031250
0 0.557813 0.117188 0.028125 0.028125
0 0.112500 0.775000 0.031250 0.031250
0 0.037500 0.184375 0.031250 0.031250
0 0.190625 0.334375 0.031250 0.031250
0 0.662500 0.606250 0.031250 0.031250
0 0.626563 0.400000 0.028125 0.031250
0 0.223438 0.506250 0.028125 0.031250
0 0.329688 0.368750 0.028125 0.031250
0 0.428125 0.678125 0.031250 0.031250
0 0.390625 0.400000 0.031250 0.031250
0 0.796875 0.256250 0.031250 0.031250
0 0.856250 0.153125 0.031250 0.031250
0 0.446875 0.362500 0.031250 0.031250
0 0.118750 0.156250 0.031250 0.031250
0 0.631250 0.787500 0.031250 0.031250
0 0.446875 0.884375 0.031250 0.031250
0 0.162500 0.750000 0.031250 0.031250
0 0.323437 0.120313 0.028125 0.028125
0 0.559375 0.615625 0.031250 0.031250
0 0.257812 0.504687 0.028125 0.028125
0 0.187500 0.215625 0.031250 0.031250
0 0.885938 0.306250 0.034375 0.031250
0 0.684375 0.500000 0.031250 0.031250
0 0.823438 0.431250 0.034375 0.031250
0 0.409375 0.137500 0.031250 0.031250
0 0.053125 0.096875 0.031250 0.031250
0 0.225000 0.331250 0.031250 0.031250
0 0.651563 0.137500 0.028125 0.031250
0 0.510938 0.645312 0.028125 0.028125
0 0.885938 0.339062 0.034375 0.034375
0 0.662500 0.668750 0.031250 0.031250
0 0.654687 0.415625 0.028125 0.031250
0 0.471875 0.525000 0.031250 0.031250
0 0.039062 0.301563 0.028125 0.028125
0 0.084375 0.037500 0.031250 0.031250
0 0.743750 0.431250 0.031250 0.031250
0 0.381250 0.087500 0.031250 0.031250
0 0.596875 0.484375 0.031250 0.031250
0 0.528125 0.098437 0.031250 0.028125
0 0.578125 0.643750 0.031250 0.031250
0 0.640625 0.106250 0.031250 0.031250
0 0.885938 0.204687 0.034375 0.034375
0 0.578125 0.762500 0.031250 0.031250
0 0.557813 0.082812 0.028125 0.028125
0 0.206250 0.303125 0.031250 0.031250
0 0.328125 0.265625 0.031250 0.031250
0 0.178125 0.595313 0.031250 0.028125
0 0.637500 0.235937 0.031250 0.028125
0 0.106250 0.418750 0.031250 0.031250
0 0.168750 0.068750 0.031250 0.031250
0 0.253125 0.153125 0.031250 0.031250
0 0.278125 0.778125 0.031250 0.031250
0 0.084375 0.096875 0.031250 0.031250
0 0.740625 0.221875 0.031250 0.031250
0 0.239063 0.476562 0.028125 0.028125
0 0.418750 0.415625 0.031250 0.031250
0 0.221875 0.273438 0.031250 0.028125
0 0.087500 0.212500 0.031250 0.031250
0 0.296875 0.865625 0.031250 0.031250
0 0.323437 0.298438 0.028125 0.028125
0 0.656250 0.384375 0.031250 0.031250
0 0.117188 0.039062 0.028125 0.028125
0 0.057813 0.925000 0.034375 0.031250
0 0.595313 0.550000 0.034375 0.031250
0 0.090625 0.865625 0.031250 0.031250
0 0.409375 0.206250 0.031250 0.031250
0 0.062500 0.745313 0.031250 0.028125
0 0.698438 0.728125 0.028125 0.031250
0 0.293750 0.037500 0.031250 0.031250
0 0.353125 0.170313 0.031250 0.028125
0 0.443750 0.823438 0.031250 0.034375
0 0.568750 0.468750 0.031250 0.031250
0 0.643750 0.068750 0.031250 0.031250
0 0.212500 0.776563 0.031250 0.028125
0 0.134375 0.067187 0.031250 0.028125
0 0.018750 0.096875 0.031250 0.031250
0 0.393750 0.678125 0.031250 0.031250
0 0.343750 0.825000 0.031250 0.031250
0 0.090625 0.803125 0.031250 0.031250
0 0.612500 0.643750 0.031250 0.031250
0 0.885938 0.237500 0.034375 0.031250
0 0.620313 0.150000 0.028125 0.031250
0 0.812500 0.578125 0.031250 0.031250
0 0.793750 0.546875 0.031250 0.031250
0 0.225000 0.390625 0.031250 0.031250
0 0.685937 0.400000 0.028125 0.031250
0 0.646875 0.759375 0.031250 0.031250
0 0.328125 0.865625 0.031250 0.031250
0 0.090625 0.271875 0.031250 0.031250
0 0.173437 0.303125 0.028125 0.031250
0 0.343750 0.709375 0.031250 0.031250
0 0.292187 0.385937 0.034375 0.034375
0 0.381250 0.053125 0.031250 0.031250
0 0.678125 0.700000 0.031250 0.031250
0 0.229687 0.746875 0.028125 0.031250
0 0.409375 0.646875 0.031250 0.031250
0 0.500000 0.150000 0.031250 0.031250
0 0.171875 0.418750 0.031250 0.031250
0 0.831250 0.378125 0.031250 0.031250
0 0.378125 0.765625 0.031250 0.031250
0 0.209375 0.593750 0.031250 0.031250
0 0.025000 0.865625 0.031250 0.031250
0 0.746875 0.637500 0.031250 0.031250
0 0.195312 0.806250 0.028125 0.031250
0 0.596875 0.673438 0.031250 0.028125
0 0.615625 0.050000 0.031250 0.031250
0 0.528125 0.850000 0.031250 0.031250
0 0.418750 0.484375 0.031250 0.031250
0 0.564063 0.334375 0.034375 0.031250
0 0.168750 0.125000 0.031250 0.031250
0 0.151562 0.156250 0.028125 0.031250
0 0.023438 0.331250 0.028125 0.031250
0 0.448437 0.468750 0.028125 0.031250
0 0.390625 0.468750 0.031250 0.031250
0 0.603125 0.282813 0.031250 0.028125
0 0.075000 0.596875 0.031250 0.031250
0 0.762500 0.668750 0.031250 0.031250
0 0.828125 0.068750 0.031250 0.031250
0 0.323437 0.087500 0.028125 0.031250
0 0.106250 0.360938 0.031250 0.028125
0 0.600000 0.450000 0.031250 0.031250
0 0.496875 0.734375 0.031250 0.031250
0 0.293750 0.137500 0.031250 0.031250
0 0.212500 0.837500 0.031250 0.031250
0 0.178125 0.720313 0.031250 0.028125
0 0.596875 0.417187 0.031250 0.028125
0 0.156250 0.507812 0.031250 0.028125
0 0.526563 0.165625 0.028125 0.031250
0 0.229687 0.806250 0.028125 0.031250
0 0.140625 0.418750 0.031250 0.031250
0 0.529687 0.132812 0.028125 0.028125
0 0.425000 0.559375 0.031250 0.031250
0 0.887500 0.271875 0.031250 0.031250
0 0.462500 0.793750 0.031250 0.031250
0 0.417187 0.450000 0.028125 0.031250
0 0.828125 0.271875 0.031250 0.031250
0 0.176563 0.896875 0.028125 0.031250
0 0.343750 0.650000 0.031250 0.031250
0 0.462500 0.853125 0.031250 0.031250
0 0.668750 0.090625 0.031250 0.031250
0 0.559375 0.050000 0.031250 0.031250
0 0.446875 0.432812 0.031250 0.028125
0 0.350000 0.240625 0.031250 0.031250
0 0.531250 0.731250 0.031250 0.031250
0 0.656250 0.350000 0.031250 0.031250
0 0.262500 0.806250 0.031250 0.031250
0 0.628125 0.728125 0.031250 0.031250
0 0.187500 0.096875 0.031250 0.031250
0 0.353125 0.103125 0.031250 0.031250
0 0.128125 0.687500 0.031250 0.031250
0 0.293750 0.104688 0.031250 0.028125
0 0.693750 0.668750 0.031250 0.031250
0 0.596875 0.517188 0.031250 0.028125
0 0.743750 0.364063 0.031250 0.028125
0 0.689063 0.542188 0.034375 0.034375
0 0.073438 0.360938 0.028125 0.028125
0 0.564063 0.796875 0.034375 0.031250
0 0.125000 0.450000 0.031250 0.031250
0 0.354687 0.070312 0.028125 0.028125
0 0.101562 0.065625 0.028125 0.031250
0 0.743750 0.464062 0.031250 0.028125
0 0.121875 0.331250 0.031250 0.031250
0 0.556250 0.150000 0.031250 0.031250
0 0.245312 0.778125 0.028125 0.031250
0 0.618750 0.182812 0.031250 0.028125
0 0.121875 0.212500 0.031250 0.031250
0 0.296875 0.168750 0.031250 0.031250
0 0.378125 0.709375 0.031250 0.031250
0 0.392188 0.562500 0.028125 0.031250
0 0.057813 0.803125 0.034375 0.031250
0 0.415625 0.346875 0.031250 0.031250
0 0.475000 0.589063 0.031250 0.028125
0 0.354687 0.315625 0.028125 0.031250
0 0.328125 0.925000 0.031250 0.031250
0 0.309375 0.590625 0.031250 0.031250
0 0.220312 0.214062 0.028125 0.028125
0 0.387500 0.365625 0.031250 0.031250
0 0.642188 0.696875 0.034375 0.031250
0 0.353125 0.137500 0.031250 0.031250
0 0.562500 0.731250 0.031250 0.031250
0 0.425000 0.618750 0.031250 0.031250
0 0.196875 0.746875 0.031250 0.031250
0 0.153125 0.096875 0.031250 0.031250
0 0.771875 0.381250 0.031250 0.031250
0 0.493750 0.678125 0.031250 0.031250
0 0.257812 0.387500 0.028125 0.031250
0 0.125000 0.390625 0.031250 0.031250
0 0.293750 0.925000 0.031250 0.031250
0 0.125000 0.568750 0.031250 0.031250
0 0.531250 0.065625 0.031250 0.031250
0 0.062500 0.628125 0.031250 0.031250
0 0.479687 0.821875 0.028125 0.031250
0 0.537500 0.387500 0.031250 0.031250
0 0.600000 0.790625 0.031250 0.031250
0 0.637500 0.268750 0.031250 0.031250
0 0.743750 0.578125 0.031250 0.031250
0 0.576562 0.867188 0.034375 0.034375
0 0.478125 0.648438 0.031250 0.028125
0 0.479687 0.393750 0.028125 0.031250
0 0.359375 0.562500 0.031250 0.031250
0 0.265625 0.053125 0.031250 0.031250
0 0.340625 0.532813 0.031250 0.028125
0 0.376563 0.650000 0.028125 0.031250
0 0.468750 0.200000 0.031250 0.031250
0 0.040625 0.418750 0.031250 0.031250
0 0.796875 0.187500 0.031250 0.031250
0 0.043750 0.657813 0.031250 0.028125
0 0.090625 0.390625 0.031250 0.031250
0 0.510938 0.470313 0.028125 0.028125
0 0.254688 0.446875 0.028125 0.031250
0 0.626563 0.535937 0.034375 0.034375
0 0.610938 0.579688 0.034375 0.034375
0 0.225000 0.446875 0.031250 0.031250
0 0.234375 0.125000 0.031250 0.031250
0 0.267188 0.121875 0.028125 0.031250
0 0.090625 0.331250 0.031250 0.031250
0 0.384375 0.298438 0.031250 0.028125
0 0.235937 0.182812 0.028125 0.028125
0 0.409375 0.589063 0.031250 0.028125
0 0.535937 0.354687 0.028125 0.028125
0 0.512500 0.821875 0.031250 0.031250
0 0.682813 0.221875 0.028125 0.031250
0 0.043750 0.715625 0.031250 0.031250
0 0.268750 0.240625 0.031250 0.031250
0 0.156250 0.331250 0.031250 0.031250
0 0.203125 0.243750 0.031250 0.031250
0 0.125000 0.925000 0.031250 0.031250
0 0.190625 0.564063 0.031250 0.028125
0 0.595313 0.615625 0.034375 0.031250
0 0.226562 0.562500 0.028125 0.031250
0 0.526563 0.617188 0.028125 0.028125
0 0.346875 0.896875 0.031250 0.031250
0 0.412500 0.765625 0.031250 0.031250
0 0.056250 0.331250 0.031250 0.031250
0 0.693750 0.259375 0.031250 0.031250
0 0.498437 0.182812 0.028125 0.028125
0 0.375000 0.590625 0.031250 0.031250
0 0.509375 0.501563 0.031250 0.028125
0 0.354687 0.282813 0.028125 0.028125
0 0.615625 0.084375 0.031250 0.031250
0 0.626563 0.432812 0.028125 0.028125
0 0.290625 0.504687 0.031250 0.028125
0 0.796875 0.225000 0.031250 0.031250
0 0.050000 0.037500 0.031250 0.031250
0 0.526563 0.675000 0.028125 0.031250
0 0.814063 0.639062 0.034375 0.034375
0 0.325000 0.621875 0.031250 0.031250
0 0.323437 0.021875 0.028125 0.031250
0 0.378125 0.225000 0.031250 0.031250
0 0.290625 0.446875 0.031250 0.031250
0 0.212500 0.720313 0.031250 0.028125
0 0.504687 0.340625 0.028125 0.031250
0 0.475000 0.490625 0.031250 0.031250
0 0.568750 0.531250 0.031250 0.031250
0 0.495312 0.792188 0.028125 0.028125
0 0.140625 0.539062 0.031250 0.028125
0 0.534375 0.521875 0.031250 0.031250
0 0.771875 0.518750 0.031250 0.031250
0 0.659375 0.315625 0.031250 0.031250
0 0.206250 0.478125 0.031250 0.031250
0 0.343750 0.590625 0.031250 0.031250
0 0.332813 0.434375 0.028125 0.031250
0 0.135937 0.184375 0.028125 0.031250
0 0.206250 0.418750 0.031250 0.031250
0 0.271875 0.303125 0.031250 0.031250
0 0.040625 0.360938 0.031250 0.028125
0 0.364063 0.417187 0.028125 0.028125
0 0.325000 0.562500 0.031250 0.031250
0 0.021875 0.153125 0.031250 0.031250
0 0.079687 0.775000 0.028125 0.031250
0 0.546875 0.882812 0.037500 0.034375
0 0.228125 0.689063 0.031250 0.028125
0 0.090625 0.450000 0.031250 0.031250
0 0.856250 0.018750 0.031250 0.031250
0 0.153125 0.215625 0.031250 0.031250
0 0.492188 0.615625 0.028125 0.031250
0 0.276562 0.593750 0.028125 0.031250
0 0.262500 0.021875 0.031250 0.031250
0 0.200000 0.065625 0.031250 0.031250
0 0.359375 0.620313 0.031250 0.028125
0 0.479687 0.457813 0.028125 0.028125
0 0.481250 0.881250 0.031250 0.031250
0 0.540625 0.421875 0.031250 0.031250
0 0.481250 0.762500 0.031250 0.031250
0 0.803125 0.459375 0.031250 0.031250
0 0.525000 0.557813 0.031250 0.028125
0 0.143750 0.837500 0.031250 0.031250
0 0.112500 0.715625 0.031250 0.031250
0 0.189062 0.448437 0.028125 0.028125
0 0.090625 0.925000 0.031250 0.031250
0 0.778125 0.579688 0.031250 0.028125
0 0.057813 0.568750 0.028125 0.031250
0 0.771875 0.346875 0.031250 0.031250
0 0.610938 0.323437 0.034375 0.034375
0 0.309375 0.653125 0.031250 0.031250
0 0.157812 0.390625 0.028125 0.031250
0 0.496875 0.850000 0.031250 0.031250
0 0.771875 0.306250 0.031250 0.031250
0 0.193750 0.868750 0.031250 0.031250
0 0.729688 0.667188 0.028125 0.028125
0 0.157812 0.448437 0.028125 0.028125
0 0.392188 0.618750 0.028125 0.031250
0 0.657813 0.517188 0.034375 0.034375
0 0.390625 0.501563 0.031250 0.028125
0 0.450000 0.396875 0.031250 0.031250
0 0.359375 0.678125 0.031250 0.031250
0 0.546875 0.760938 0.031250 0.028125
0 0.479687 0.428125 0.028125 0.031250
0 0.206250 0.359375 0.031250 0.031250
0 0.442188 0.589063 0.028125 0.028125
0 0.143750 0.714063 0.031250 0.028125
0 0.728125 0.609375 0.031250 0.031250
0 0.256250 0.271875 0.031250 0.031250
0 0.459375 0.678125 0.031250 0.031250
0 0.885938 0.171875 0.034375 0.031250
0 0.543750 0.703125 0.031250 0.031250
0 0.235937 0.243750 0.028125 0.031250
0 0.362500 0.735938 0.031250 0.028125
0 0.568750 0.401562 0.031250 0.028125
0 0.143750 0.656250 0.031250 0.031250
0 0.412500 0.709375 0.031250 0.031250
0 0.748437 0.051562 0.028125 0.028125
0 0.396875 0.918750 0.031250 0.031250
0 0.296875 0.806250 0.031250 0.031250
0 0.509375 0.373437 0.031250 0.028125
0 0.775000 0.412500 0.031250 0.031250
0 0.112500 0.656250 0.031250 0.031250
0 0.140625 0.303125 0.031250 0.031250
0 0.557813 0.182812 0.028125 0.028125
0 0.237500 0.303125 0.031250 0.031250
0 0.587500 0.067187 0.031250 0.028125
0 0.278125 0.653125 0.031250 0.031250
0 0.584375 0.134375 0.031250 0.031250
0 0.589063 0.821875 0.034375 0.031250
0 0.273438 0.534375 0.028125 0.031250
0 0.687500 0.334375 0.031250 0.031250
0 0.259375 0.560937 0.031250 0.028125
0 0.028125 0.687500 0.031250 0.031250
0 0.682813 0.757812 0.028125 0.028125
0 0.709375 0.581250 0.031250 0.031250
0 0.292187 0.562500 0.028125 0.031250
0 0.406250 0.240625 0.031250 0.031250
0 0.239063 0.534375 0.028125 0.031250
0 0.501563 0.050000 0.028125 0.031250
0 0.239063 0.417187 0.028125 0.028125
0 0.043750 0.537500 0.031250 0.031250
0 0.298438 0.353125 0.028125 0.031250
0 0.468750 0.168750 0.031250 0.031250
0 0.243750 0.589063 0.031250 0.028125
0 0.675000 0.578125 0.031250 0.031250
0 0.023438 0.390625 0.028125 0.031250
0 0.460938 0.618750 0.028125 0.031250
0 0.625000 0.365625 0.031250 0.031250
0 0.478125 0.706250 0.031250 0.031250
0 0.490625 0.562500 0.031250 0.031250
0 0.715625 0.315625 0.031250 0.031250
0 0.560937 0.837500 0.034375 0.031250
0 0.798438 0.667188 0.034375 0.034375
0 0.734375 0.256250 0.031250 0.031250
0 0.262500 0.621875 0.031250 0.031250
0 0.312500 0.709375 0.031250 0.031250
0 0.428125 0.856250 0.031250 0.031250
0 0.765625 0.271875 0.031250 0.031250
0 0.510938 0.404687 0.028125 0.028125
0 0.351562 0.206250 0.028125 0.031250
0 0.714063 0.281250 0.028125 0.031250
0 0.446875 0.762500 0.031250 0.031250
0 0.189062 0.271875 0.028125 0.031250
0 0.887500 0.137500 0.031250 0.031250
0 0.087500 0.153125 0.031250 0.031250
0 0.610938 0.118750 0.034375 0.031250
0 0.771875 0.031250 0.031250 0.031250
0 0.693750 0.609375 0.031250 0.031250
0 0.589063 0.032813 0.028125 0.028125
0 0.296875 0.278125 0.031250 0.031250
0 0.714063 0.698438 0.028125 0.028125
0 0.362500 0.921875 0.031250 0.031250
0 0.459375 0.557813 0.031250 0.028125
0 0.460938 0.734375 0.028125 0.031250
0 0.056250 0.390625 0.031250 0.031250
0 0.581250 0.307812 0.031250 0.028125
0 0.175000 0.362500 0.031250 0.031250
0 0.856250 0.356250 0.031250 0.031250
0 0.675000 0.053125 0.031250 0.031250
0 0.021875 0.925000 0.031250 0.031250
0 0.621875 0.821875 0.031250 0.031250
0 0.657813 0.550000 0.034375 0.031250
0 0.612500 0.759375 0.031250 0.031250
0 0.540625 0.454688 0.031250 0.028125
0 0.375000 0.532813 0.031250 0.028125
0 0.646875 0.034375 0.031250 0.031250
0 0.587500 0.198437 0.031250 0.028125
0 0.595313 0.350000 0.028125 0.031250
0 0.828125 0.037500 0.031250 0.031250
0 0.381250 0.120313 0.031250 0.028125
0 0.503125 0.532813 0.031250 0.028125
0 0.159375 0.925000 0.031250 0.031250
0 0.746875 0.696875 0.031250 0.031250
0 0.871875 0.475000 0.031250 0.031250
0 0.193750 0.925000 0.031250 0.031250
0 0.721875 0.550000 0.031250 0.031250
0 0.293750 0.621875 0.031250 0.031250
0 0.300000 0.246875 0.031250 0.031250
0 0.328125 0.334375 0.031250 0.031250
0 0.578125 0.587500 0.031250 0.031250
0 0.429688 0.735938 0.028125 0.028125
0 0.159375 0.625000 0.031250 0.031250
0 0.023438 0.450000 0.028125 0.031250
0 0.701562 0.785937 0.034375 0.034375
0 0.803125 0.515625 0.031250 0.031250
0 0.407813 0.275000 0.028125 0.031250
0 0.125000 0.509375 0.031250 0.031250
0 0.412500 0.314063 0.031250 0.028125
0 0.392188 0.432812 0.028125 0.028125
0 0.175000 0.653125 0.031250 0.031250
0 0.718750 0.062500 0.031250 0.031250
0 0.210938 0.895312 0.028125 0.028125
0 0.312500 0.898438 0.031250 0.028125
0 0.409375 0.104688 0.031250 0.028125
0 0.334375 0.401562 0.031250 0.028125
0 0.556250 0.562500 0.031250 0.031250
0 0.057813 0.450000 0.028125 0.031250
0 0.479687 0.362500 0.028125 0.031250
0 0.078125 0.656250 0.031250 0.031250
0 0.193750 0.690625 0.031250 0.031250
0 0.884375 0.376563 0.037500 0.034375
0 0.106250 0.540625 0.031250 0.031250
0 0.609375 0.851562 0.031250 0.034375
0 0.325000 0.678125 0.031250 0.031250
0 0.846875 0.406250 0.031250 0.031250
0 0.857812 0.542188 0.034375 0.034375
0 0.712500 0.637500 0.031250 0.031250
0 0.643750 0.579688 0.031250 0.028125
0 0.532813 0.321875 0.028125 0.031250
0 0.028125 0.743750 0.031250 0.031250
0 0.362500 0.451562 0.031250 0.028125
0 0.500000 0.312500 0.031250 0.031250
0 0.526563 0.198437 0.028125 0.028125
0 0.384375 0.020313 0.031250 0.028125
0 0.223438 0.035937 0.034375 0.034375
0 0.743750 0.296875 0.031250 0.031250
0 0.075000 0.537500 0.031250 0.031250
0 0.023438 0.567187 0.028125 0.028125
0 0.514062 0.704688 0.028125 0.028125
0 0.028125 0.628125 0.031250 0.031250
0 0.209375 0.534375 0.031250 0.031250
0 0.475000 0.331250 0.031250 0.031250
0 0.818750 0.487500 0.031250 0.031250
0 0.306250 0.417187 0.031250 0.028125
0 0.271875 0.418750 0.031250 0.031250
0 0.326562 0.737500 0.028125 0.031250
0 0.306250 0.476562 0.031250 0.028125
0 0.531250 0.034375 0.031250 0.031250
0 0.832812 0.607812 0.034375 0.034375
0 0.667188 0.787500 0.028125 0.031250
0 0.262500 0.925000 0.031250 0.031250
0 0.439063 0.221875 0.028125 0.031250
0 0.770312 0.071875 0.028125 0.031250
0 0.293750 0.681250 0.031250 0.031250
0 0.431250 0.915625 0.031250 0.031250
0 0.106250 0.479687 0.031250 0.028125
0 0.437500 0.156250 0.031250 0.031250
0 0.412500 0.071875 0.031250 0.031250
0 0.095312 0.628125 0.028125 0.031250
0 0.337500 0.468750 0.031250 0.031250
0 0.407813 0.531250 0.028125 0.031250
0 0.446875 0.706250 0.031250 0.031250
0 0.500000 0.117188 0.031250 0.028125
0 0.721875 0.759375 0.031250 0.031250
0 0.046875 0.775000 0.031250 0.031250
0 0.501563 0.082812 0.028125 0.028125
0 0.171875 0.243750 0.031250 0.031250
0 0.432812 0.256250 0.028125 0.031250
0 0.434375 0.287500 0.031250 0.031250
0 0.885938 0.068750 0.028125 0.031250
0 0.731250 0.728125 0.031250 0.031250
0 0.103125 0.240625 0.031250 0.031250
0 0.559375 0.018750 0.031250 0.031250
0 0.657813 0.821875 0.034375 0.037500
0 0.781250 0.698438 0.031250 0.034375
0 0.514062 0.889062 0.034375 0.034375
0 0.664062 0.250000 0.028125 0.031250
0 0.882812 0.410938 0.034375 0.034375
0 0.018750 0.037500 0.031250 0.031250
0 0.834375 0.515625 0.031250 0.031250
0 0.362500 0.482812 0.031250 0.028125
0 0.443750 0.328125 0.031250 0.031250
0 0.431250 0.793750 0.031250 0.031250
0 0.846875 0.575000 0.031250 0.031250
0 0.740625 0.018750 0.031250 0.031250
0 0.439063 0.531250 0.028125 0.031250
0 0.690625 0.301563 0.031250 0.028125
0 0.615625 0.018750 0.031250 0.031250
0 0.885938 0.037500 0.034375 0.031250
0 0.103125 0.182812 0.031250 0.028125
0 0.868750 0.509375 0.031250 0.031250
0 0.501563 0.017188 0.034375 0.034375
0 0.570312 0.500000 0.028125 0.031250
0 0.828125 0.548438 0.031250 0.028125
0 0.412500 0.037500 0.031250 0.031250
0 0.015625 0.809375 0.031250 0.031250
0 0.231250 0.925000 0.031250 0.031250
0 0.553125 0.293750 0.031250 0.031250
0 0.826562 0.235937 0.028125 0.028125
0 0.465625 0.912500 0.031250 0.031250
0 0.859375 0.184375 0.031250 0.031250
0 0.803125 0.018750 0.031250 0.031250
0 0.279687 0.710938 0.028125 0.028125
0 0.040625 0.479687 0.031250 0.028125
0 0.193750 0.625000 0.031250 0.031250
0 0.471875 0.065625 0.031250 0.031250
0 0.464062 0.303125 0.028125 0.031250
0 0.878125 0.440625 0.037500 0.037500
0 0.521875 0.287500 0.031250 0.031250
0 0.445312 0.501563 0.028125 0.028125
0 0.015625 0.775000 0.031250 0.031250
0 0.500000 0.218750 0.031250 0.031250
0 0.585938 0.101562 0.028125 0.028125
0 0.610938 0.701562 0.028125 0.028125
