0 0.229687 0.087500 0.034375 0.031250
0 0.312500 0.890625 0.031250 0.031250
0 0.207813 0.773438 0.034375 0.034375
0 0.807813 0.343750 0.028125 0.031250
0 0.112500 0.121875 0.031250 0.031250
0 0.812500 0.700000 0.031250 0.031250
0 0.142187 0.762500 0.034375 0.031250
0 0.871875 0.209375 0.031250 0.031250
0 0.106250 0.831250 0.031250 0.031250
0 0.110937 0.609375 0.034375 0.031250
0 0.523438 0.478125 0.034375 0.031250
0 0.142187 0.104688 0.034375 0.034375
0 0.053125 0.056250 0.031250 0.031250
0 0.781250 0.637500 0.031250 0.031250
0 0.259375 0.243750 0.031250 0.031250
0 0.025000 0.071875 0.031250 0.031250
0 0.056250 0.368750 0.031250 0.031250
0 0.171875 0.087500 0.031250 0.031250
0 0.381250 0.771875 0.031250 0.031250
0 0.756250 0.718750 0.031250 0.031250
0 0.631250 0.818750 0.031250 0.031250
0 0.200000 0.278125 0.031250 0.031250
0 0.259375 0.068750 0.031250 0.031250
0 0.143750 0.243750 0.031250 0.031250
0 0.840625 0.328125 0.031250 0.031250
0 0.809375 0.275000 0.031250 0.031250
0 0.090625 0.921875 0.031250 0.031250
0 0.862500 0.384375 0.031250 0.031250
0 0.595313 0.832812 0.034375 0.034375
0 0.840625 0.259375 0.031250 0.031250
0 0.659375 0.800000 0.031250 0.031250
0 0.156250 0.921875 0.031250 0.031250
0 0.078125 0.590625 0.031250 0.031250
0 0.381250 0.712500 0.031250 0.031250
0 0.346875 0.087500 0.031250 0.031250
0 0.781250 0.290625 0.031250 0.031250
0 0.125000 0.921875 0.031250 0.031250
0 0.396875 0.740625 0.031250 0.031250
0 0.025000 0.106250 0.031250 0.031250
0 0.084375 0.418750 0.031250 0.031250
0 0.296875 0.921875 0.031250 0.031250
0 0.075000 0.890625 0.031250 0.031250
0 0.059375 0.334375 0.031250 0.031250
0 0.200000 0.556250 0.031250 0.031250
0 0.346875 0.400000 0.031250 0.031250
0 0.667188 0.181250 0.028125 0.031250
0 0.807813 0.462500 0.034375 0.031250
0 0.259375 0.209375 0.031250 0.031250
0 0.328125 0.918750 0.031250 0.031250
0 0.381250 0.831250 0.031250 0.031250
0 0.381250 0.887500 0.031250 0.031250
0 0.831250 0.671875 0.031250 0.031250
0 0.175000 0.831250 0.031250 0.031250
0 0.025000 0.418750 0.031250 0.031250
0 0.796875 0.668750 0.031250 0.031250
0 0.037500 0.771875 0.031250 0.031250
0 0.243750 0.890625 0.031250 0.031250
0 0.125000 0.862500 0.031250 0.031250
0 0.193750 0.921875 0.031250 0.031250
0 0.085938 0.314063 0.028125 0.028125
0 0.112500 0.575000 0.031250 0.031250
0 0.073438 0.773438 0.034375 0.034375
0 0.229687 0.225000 0.028125 0.031250
0 0.293750 0.803125 0.031250 0.031250
0 0.403125 0.296875 0.031250 0.031250
0 0.115625 0.262500 0.031250 0.031250
0 0.112500 0.053125 0.031250 0.031250
0 0.840625 0.225000 0.031250 0.031250
0 0.737500 0.693750 0.031250 0.031250
0 0.231250 0.156250 0.031250 0.031250
0 0.200000 0.384375 0.031250 0.031250
0 0.809375 0.307812 0.031250 0.028125
0 0.346875 0.260937 0.031250 0.034375
0 0.521875 0.228125 0.031250 0.031250
0 0.900000 0.293750 0.031250 0.031250
0 0.109375 0.640625 0.031250 0.031250
0 0.057813 0.921875 0.034375 0.031250
0 0.346875 0.890625 0.031250 0.031250
0 0.407813 0.470313 0.034375 0.034375
0 0.112500 0.401562 0.031250 0.034375
0 0.193750 0.803125 0.031250 0.031250
0 0.040625 0.831250 0.031250 0.031250
0 0.287500 0.084375 0.031250 0.031250
0 0.318750 0.278125 0.031250 0.031250
0 0.406250 0.121875 0.031250 0.031250
0 0.434375 0.106250 0.031250 0.031250
0 0.050000 0.575000 0.031250 0.031250
0 0.432812 0.740625 0.028125 0.031250
0 0.229687 0.400000 0.028125 0.031250
0 0.596875 0.765625 0.031250 0.031250
0 0.406250 0.087500 0.031250 0.031250
0 0.896875 0.368750 0.031250 0.031250
0 0.143750 0.278125 0.031250 0.031250
0 0.278125 0.831250 0.031250 0.031250
0 0.053125 0.437500 0.031250 0.031250
0 0.637500 0.196875 0.031250 0.031250
0 0.200000 0.068750 0.031250 0.031250
0 0.112500 0.087500 0.031250 0.031250
0 0.640625 0.162500 0.031250 0.031250
0 0.259375 0.556250 0.031250 0.031250
0 0.890625 0.403125 0.031250 0.031250
0 0.209375 0.890625 0.031250 0.031250
0 0.229687 0.365625 0.028125 0.031250
0 0.260937 0.657813 0.028125 0.028125
0 0.040625 0.890625 0.031250 0.031250
0 0.053125 0.121875 0.031250 0.031250
0 0.734375 0.745313 0.031250 0.034375
0 0.112500 0.437500 0.031250 0.031250
0 0.884375 0.440625 0.031250 0.031250
0 0.084375 0.140625 0.031250 0.031250
0 0.125000 0.803125 0.031250 0.031250
0 0.262500 0.921875 0.031250 0.031250
0 0.056250 0.803125 0.031250 0.031250
0 0.403125 0.260937 0.031250 0.034375
0 0.689063 0.746875 0.034375 0.031250
0 0.025000 0.175000 0.031250 0.031250
0 0.171875 0.365625 0.031250 0.031250
0 0.318750 0.484375 0.031250 0.031250
0 0.262500 0.803125 0.031250 0.031250
0 0.415625 0.712500 0.031250 0.031250
0 0.079687 0.626563 0.028125 0.028125
0 0.140625 0.140625 0.031250 0.031250
0 0.834375 0.362500 0.031250 0.031250
0 0.346875 0.831250 0.031250 0.031250
0 0.468750 0.859375 0.031250 0.031250
0 0.200000 0.521875 0.031250 0.031250
0 0.521875 0.296875 0.031250 0.031250
0 0.109375 0.675000 0.031250 0.031250
0 0.084375 0.071875 0.031250 0.031250
0 0.171875 0.537500 0.031250 0.031250
0 0.229687 0.296875 0.028125 0.031250
0 0.278125 0.771875 0.031250 0.031250
0 0.193750 0.862500 0.031250 0.031250
0 0.756250 0.203125 0.031250 0.031250
0 0.318750 0.173437 0.031250 0.034375
0 0.106250 0.890625 0.031250 0.031250
0 0.765625 0.606250 0.031250 0.031250
0 0.609375 0.212500 0.031250 0.031250
0 0.231250 0.053125 0.031250 0.031250
0 0.073438 0.831250 0.034375 0.031250
0 0.490625 0.243750 0.031250 0.031250
0 0.346875 0.434375 0.031250 0.031250
0 0.142187 0.384375 0.028125 0.031250
0 0.606250 0.312500 0.031250 0.031250
0 0.081250 0.659375 0.031250 0.031250
0 0.515625 0.828125 0.031250 0.031250
0 0.056250 0.225000 0.031250 0.031250
0 0.871875 0.171875 0.031250 0.031250
0 0.859375 0.418750 0.031250 0.031250
0 0.021875 0.803125 0.031250 0.031250
0 0.434375 0.071875 0.031250 0.031250
0 0.375000 0.278125 0.031250 0.031250
0 0.318750 0.137500 0.031250 0.031250
0 0.640625 0.528125 0.031250 0.031250
0 0.462500 0.157812 0.031250 0.028125
0 0.293750 0.860938 0.031250 0.028125
0 0.229687 0.673438 0.028125 0.028125
0 0.175000 0.890625 0.031250 0.031250
0 0.171875 0.121875 0.031250 0.031250
0 0.200000 0.314063 0.031250 0.034375
0 0.490625 0.381250 0.031250 0.031250
0 0.318750 0.068750 0.031250 0.031250
0 0.287500 0.156250 0.031250 0.031250
0 0.225000 0.803125 0.031250 0.031250
0 0.287500 0.225000 0.031250 0.031250
0 0.615625 0.462500 0.031250 0.031250
0 0.406250 0.434375 0.031250 0.031250
0 0.365625 0.803125 0.031250 0.031250
0 0.200000 0.104688 0.031250 0.034375
0 0.406250 0.157812 0.031250 0.034375
0 0.600000 0.728125 0.031250 0.031250
0 0.200000 0.485938 0.031250 0.034375
0 0.462500 0.193750 0.031250 0.031250
0 0.515625 0.771875 0.031250 0.031250
0 0.532813 0.859375 0.034375 0.031250
0 0.437500 0.037500 0.031250 0.031250
0 0.396875 0.682813 0.031250 0.028125
0 0.871875 0.243750 0.031250 0.031250
0 0.289062 0.121875 0.034375 0.031250
0 0.171875 0.434375 0.031250 0.031250
0 0.209375 0.831250 0.031250 0.031250
0 0.159375 0.859375 0.031250 0.031250
0 0.140625 0.068750 0.031250 0.031250
0 0.329688 0.860938 0.028125 0.028125
0 0.259375 0.621875 0.031250 0.031250
0 0.089063 0.803125 0.034375 0.031250
0 0.698438 0.131250 0.028125 0.031250
0 0.328125 0.621875 0.031250 0.031250
0 0.346875 0.121875 0.031250 0.031250
0 0.731250 0.043750 0.031250 0.031250
0 0.375000 0.384375 0.031250 0.031250
0 0.815625 0.640625 0.031250 0.031250
0 0.725000 0.182812 0.031250 0.034375
0 0.659375 0.765625 0.031250 0.031250
0 0.259375 0.485938 0.031250 0.028125
0 0.200000 0.590625 0.031250 0.031250
0 0.779687 0.359375 0.028125 0.031250
0 0.521875 0.125000 0.031250 0.031250
0 0.053125 0.157812 0.031250 0.028125
0 0.318750 0.417187 0.031250 0.034375
0 0.243750 0.831250 0.031250 0.031250
0 0.028125 0.209375 0.031250 0.031250
0 0.434375 0.278125 0.031250 0.031250
0 0.025000 0.140625 0.031250 0.031250
0 0.635938 0.262500 0.028125 0.031250
0 0.465625 0.800000 0.031250 0.031250
0 0.546875 0.278125 0.031250 0.031250
0 0.259375 0.314063 0.031250 0.028125
0 0.346875 0.771875 0.031250 0.031250
0 0.750000 0.484375 0.031250 0.031250
0 0.020313 0.035937 0.034375 0.034375
0 0.415625 0.831250 0.031250 0.031250
0 0.259375 0.381250 0.031250 0.031250
0 0.704688 0.684375 0.034375 0.031250
0 0.084375 0.175000 0.031250 0.031250
0 0.578125 0.262500 0.031250 0.031250
0 0.432812 0.243750 0.028125 0.031250
0 0.053125 0.089063 0.031250 0.034375
0 0.142187 0.892188 0.028125 0.028125
0 0.756250 0.235937 0.031250 0.028125
0 0.200000 0.625000 0.031250 0.031250
0 0.171875 0.400000 0.031250 0.031250
0 0.651563 0.559375 0.028125 0.031250
0 0.696875 0.231250 0.031250 0.031250
0 0.628125 0.750000 0.031250 0.031250
0 0.200000 0.725000 0.031250 0.031250
0 0.229687 0.640625 0.028125 0.031250
0 0.896875 0.334375 0.031250 0.031250
0 0.262500 0.859375 0.031250 0.031250
0 0.606250 0.281250 0.031250 0.031250
0 0.140625 0.831250 0.031250 0.031250
0 0.021875 0.862500 0.031250 0.031250
0 0.637500 0.229687 0.031250 0.028125
0 0.084375 0.209375 0.031250 0.031250
0 0.140625 0.350000 0.031250 0.031250
0 0.365625 0.918750 0.031250 0.031250
0 0.484375 0.771875 0.031250 0.031250
0 0.115625 0.156250 0.031250 0.031250
0 0.200000 0.350000 0.031250 0.031250
0 0.484375 0.656250 0.031250 0.031250
0 0.671875 0.534375 0.031250 0.031250
0 0.231250 0.260937 0.031250 0.034375
0 0.056250 0.262500 0.031250 0.031250
0 0.490625 0.209375 0.031250 0.031250
0 0.550000 0.246875 0.031250 0.031250
0 0.375000 0.137500 0.031250 0.031250
0 0.451562 0.476562 0.034375 0.034375
0 0.171875 0.053125 0.031250 0.031250
0 0.725000 0.218750 0.031250 0.031250
0 0.506250 0.509375 0.031250 0.031250
0 0.259375 0.453125 0.031250 0.031250
0 0.725000 0.251563 0.031250 0.028125
0 0.200000 0.209375 0.031250 0.031250
0 0.831250 0.398438 0.031250 0.034375
0 0.740625 0.543750 0.031250 0.031250
0 0.578125 0.296875 0.031250 0.031250
0 0.157812 0.803125 0.034375 0.031250
0 0.200000 0.690625 0.031250 0.031250
0 0.406250 0.365625 0.031250 0.031250
0 0.381250 0.653125 0.031250 0.031250
0 0.434375 0.140625 0.031250 0.031250
0 0.693750 0.265625 0.031250 0.031250
0 0.115625 0.329688 0.031250 0.034375
0 0.553125 0.106250 0.031250 0.031250
0 0.462500 0.225000 0.031250 0.031250
0 0.346875 0.714063 0.031250 0.028125
0 0.171875 0.575000 0.031250 0.031250
0 0.678125 0.625000 0.031250 0.031250
0 0.784375 0.187500 0.031250 0.031250
0 0.259375 0.106250 0.031250 0.031250
0 0.521875 0.262500 0.031250 0.031250
0 0.020313 0.590625 0.034375 0.031250
0 0.243750 0.771875 0.031250 0.031250
0 0.553125 0.715625 0.031250 0.031250
0 0.568750 0.856250 0.031250 0.031250
0 0.406250 0.053125 0.031250 0.031250
0 0.406250 0.221875 0.031250 0.031250
0 0.746875 0.371875 0.031250 0.031250
0 0.084375 0.106250 0.031250 0.031250
0 0.318750 0.243750 0.031250 0.031250
0 0.490625 0.278125 0.031250 0.031250
0 0.448437 0.771875 0.034375 0.031250
0 0.084375 0.037500 0.031250 0.031250
0 0.259375 0.175000 0.031250 0.031250
0 0.406250 0.400000 0.031250 0.031250
0 0.318750 0.453125 0.031250 0.031250
0 0.700000 0.093750 0.031250 0.031250
0 0.432812 0.175000 0.028125 0.031250
0 0.084375 0.243750 0.031250 0.031250
0 0.346875 0.190625 0.031250 0.031250
0 0.728125 0.512500 0.031250 0.031250
0 0.518750 0.714063 0.031250 0.028125
0 0.050000 0.643750 0.031250 0.031250
0 0.056250 0.862500 0.031250 0.031250
0 0.229687 0.537500 0.028125 0.031250
0 0.259375 0.278125 0.031250 0.031250
0 0.550000 0.450000 0.031250 0.031250
0 0.229687 0.468750 0.028125 0.031250
0 0.465625 0.090625 0.031250 0.031250
0 0.718750 0.571875 0.031250 0.031250
0 0.631250 0.782813 0.031250 0.028125
0 0.365625 0.564063 0.031250 0.034375
0 0.434375 0.565625 0.031250 0.031250
0 0.142187 0.417187 0.028125 0.028125
0 0.782813 0.256250 0.034375 0.031250
0 0.840625 0.292187 0.031250 0.028125
0 0.867188 0.612500 0.034375 0.031250
0 0.403125 0.331250 0.031250 0.031250
0 0.200000 0.450000 0.031250 0.031250
0 0.229687 0.190625 0.028125 0.031250
0 0.171875 0.331250 0.031250 0.031250
0 0.696875 0.165625 0.031250 0.031250
0 0.287500 0.537500 0.031250 0.031250
0 0.229687 0.434375 0.028125 0.031250
0 0.689063 0.656250 0.034375 0.031250
0 0.450000 0.656250 0.031250 0.031250
0 0.590625 0.657813 0.031250 0.034375
0 0.450000 0.596875 0.031250 0.031250
0 0.376563 0.417187 0.028125 0.028125
0 0.168750 0.743750 0.031250 0.031250
0 0.396875 0.625000 0.031250 0.031250
0 0.715625 0.718750 0.031250 0.031250
0 0.581250 0.125000 0.031250 0.031250
0 0.228125 0.743750 0.031250 0.031250
0 0.115625 0.225000 0.031250 0.031250
0 0.465625 0.740625 0.031250 0.031250
0 0.450000 0.537500 0.031250 0.031250
0 0.579688 0.228125 0.028125 0.031250
0 0.662500 0.385937 0.031250 0.034375
0 0.665625 0.246875 0.031250 0.031250
0 0.278125 0.890625 0.031250 0.031250
0 0.115625 0.296875 0.031250 0.031250
0 0.662500 0.590625 0.031250 0.031250
0 0.050000 0.609375 0.031250 0.031250
0 0.056250 0.190625 0.031250 0.031250
0 0.396875 0.800000 0.031250 0.031250
0 0.260937 0.589063 0.028125 0.028125
0 0.700000 0.059375 0.031250 0.031250
0 0.317188 0.104688 0.034375 0.034375
0 0.318750 0.589063 0.031250 0.034375
0 0.417187 0.595313 0.028125 0.028125
0 0.635938 0.298438 0.028125 0.028125
0 0.434375 0.346875 0.031250 0.031250
0 0.698438 0.596875 0.028125 0.031250
0 0.084375 0.384375 0.031250 0.031250
0 0.382812 0.534375 0.034375 0.031250
0 0.900000 0.259375 0.031250 0.031250
0 0.231250 0.121875 0.031250 0.031250
0 0.376563 0.104688 0.028125 0.028125
0 0.168750 0.709375 0.031250 0.031250
0 0.753125 0.271875 0.031250 0.031250
0 0.231250 0.503125 0.031250 0.031250
0 0.550000 0.178125 0.031250 0.031250
0 0.620313 0.643750 0.034375 0.031250
0 0.525000 0.056250 0.031250 0.031250
0 0.521875 0.090625 0.031250 0.031250
0 0.403125 0.565625 0.031250 0.031250
0 0.142187 0.314063 0.028125 0.028125
0 0.532813 0.800000 0.028125 0.031250
0 0.378125 0.453125 0.031250 0.031250
0 0.493750 0.071875 0.031250 0.031250
0 0.365625 0.859375 0.031250 0.031250
0 0.312500 0.831250 0.031250 0.031250
0 0.365625 0.682813 0.031250 0.034375
0 0.750000 0.578125 0.031250 0.031250
0 0.321875 0.556250 0.031250 0.031250
0 0.168750 0.606250 0.031250 0.031250
0 0.432812 0.314063 0.028125 0.028125
0 0.228125 0.921875 0.031250 0.031250
0 0.318750 0.314063 0.031250 0.028125
0 0.490625 0.312500 0.031250 0.031250
0 0.293750 0.675000 0.031250 0.031250
0 0.348438 0.503125 0.034375 0.031250
0 0.318750 0.381250 0.031250 0.031250
0 0.781250 0.323437 0.031250 0.028125
0 0.346875 0.157812 0.031250 0.028125
0 0.603125 0.693750 0.031250 0.031250
0 0.689063 0.782813 0.028125 0.028125
0 0.756250 0.167187 0.031250 0.034375
0 0.318750 0.209375 0.031250 0.031250
0 0.493750 0.109375 0.031250 0.031250
0 0.553125 0.142187 0.031250 0.034375
0 0.581250 0.090625 0.031250 0.031250
0 0.287500 0.331250 0.031250 0.031250
0 0.521875 0.159375 0.031250 0.031250
0 0.053125 0.743750 0.031250 0.031250
0 0.609375 0.178125 0.031250 0.031250
0 0.600000 0.800000 0.031250 0.031250
0 0.610938 0.143750 0.034375 0.031250
0 0.200000 0.243750 0.031250 0.031250
0 0.690625 0.815625 0.031250 0.031250
0 0.550000 0.314063 0.031250 0.028125
0 0.376563 0.209375 0.028125 0.031250
0 0.346875 0.225000 0.031250 0.031250
0 0.140625 0.625000 0.031250 0.031250
0 0.084375 0.278125 0.031250 0.031250
0 0.346875 0.365625 0.031250 0.031250
0 0.287500 0.434375 0.031250 0.031250
0 0.346875 0.296875 0.031250 0.031250
0 0.901563 0.225000 0.028125 0.031250
0 0.171875 0.296875 0.031250 0.031250
0 0.365625 0.625000 0.031250 0.031250
0 0.665625 0.282813 0.031250 0.028125
0 0.492188 0.415625 0.028125 0.031250
0 0.142187 0.590625 0.028125 0.031250
0 0.595313 0.581250 0.034375 0.031250
0 0.171875 0.675000 0.031250 0.031250
0 0.021875 0.454688 0.031250 0.028125
0 0.140625 0.656250 0.031250 0.031250
0 0.229687 0.606250 0.028125 0.031250
0 0.231250 0.709375 0.031250 0.031250
0 0.328125 0.684375 0.031250 0.031250
0 0.143750 0.175000 0.031250 0.031250
0 0.200000 0.140625 0.031250 0.031250
0 0.020313 0.557813 0.034375 0.034375
0 0.537500 0.684375 0.031250 0.031250
0 0.287500 0.571875 0.031250 0.031250
0 0.765625 0.753125 0.031250 0.031250
0 0.862500 0.542188 0.031250 0.034375
0 0.568750 0.743750 0.031250 0.031250
0 0.453125 0.887500 0.031250 0.031250
0 0.432812 0.626563 0.028125 0.028125
0 0.171875 0.225000 0.031250 0.031250
0 0.087500 0.350000 0.031250 0.031250
0 0.287500 0.190625 0.031250 0.031250
0 0.642188 0.618750 0.028125 0.031250
0 0.415625 0.771875 0.031250 0.031250
0 0.109375 0.709375 0.031250 0.031250
0 0.696875 0.198437 0.031250 0.028125
0 0.259375 0.417187 0.031250 0.028125
0 0.434375 0.417187 0.031250 0.028125
0 0.262500 0.743750 0.031250 0.031250
0 0.537500 0.512500 0.031250 0.031250
0 0.173437 0.260937 0.028125 0.028125
0 0.693750 0.368750 0.031250 0.031250
0 0.318750 0.521875 0.031250 0.031250
0 0.231250 0.331250 0.031250 0.031250
0 0.812500 0.240625 0.031250 0.031250
0 0.287500 0.296875 0.031250 0.031250
0 0.493750 0.175000 0.031250 0.031250
0 0.521875 0.656250 0.031250 0.031250
0 0.281250 0.714063 0.031250 0.034375
0 0.521875 0.400000 0.031250 0.031250
0 0.500000 0.800000 0.031250 0.031250
0 0.200000 0.418750 0.031250 0.031250
0 0.725000 0.284375 0.031250 0.031250
0 0.328125 0.803125 0.031250 0.031250
0 0.112500 0.745313 0.031250 0.028125
0 0.817187 0.031250 0.028125 0.031250
0 0.834375 0.609375 0.031250 0.031250
0 0.667188 0.214062 0.028125 0.028125
0 0.259375 0.521875 0.031250 0.031250
0 0.662500 0.500000 0.031250 0.031250
0 0.740625 0.778125 0.031250 0.031250
0 0.090625 0.859375 0.031250 0.031250
0 0.684375 0.565625 0.031250 0.031250
0 0.484375 0.537500 0.031250 0.031250
0 0.028125 0.387500 0.031250 0.031250
0 0.142187 0.556250 0.028125 0.031250
0 0.142187 0.453125 0.028125 0.031250
0 0.312500 0.771875 0.031250 0.031250
0 0.259375 0.137500 0.031250 0.031250
0 0.400000 0.859375 0.031250 0.031250
0 0.609375 0.246875 0.031250 0.031250
0 0.796875 0.525000 0.031250 0.031250
0 0.434375 0.684375 0.031250 0.031250
0 0.490625 0.346875 0.031250 0.031250
0 0.318750 0.350000 0.031250 0.031250
0 0.790625 0.728125 0.031250 0.031250
0 0.693750 0.300000 0.031250 0.031250
0 0.484375 0.596875 0.031250 0.031250
0 0.693750 0.334375 0.031250 0.031250
0 0.926562 0.314063 0.034375 0.034375
0 0.462500 0.401562 0.031250 0.028125
0 0.718750 0.390625 0.031250 0.031250
0 0.850000 0.640625 0.031250 0.031250
0 0.450000 0.712500 0.031250 0.031250
0 0.712500 0.631250 0.031250 0.031250
0 0.870313 0.278125 0.028125 0.031250
0 0.290625 0.606250 0.031250 0.031250
0 0.432812 0.859375 0.028125 0.031250
0 0.631250 0.587500 0.031250 0.031250
0 0.759375 0.668750 0.031250 0.031250
0 0.665625 0.315625 0.031250 0.031250
0 0.465625 0.684375 0.031250 0.031250
0 0.650000 0.468750 0.031250 0.031250
0 0.287500 0.468750 0.031250 0.031250
0 0.415625 0.653125 0.031250 0.031250
0 0.521875 0.193750 0.031250 0.031250
0 0.575000 0.626563 0.031250 0.034375
0 0.568750 0.684375 0.031250 0.031250
0 0.171875 0.470313 0.031250 0.028125
0 0.287500 0.400000 0.031250 0.031250
0 0.553125 0.209375 0.031250 0.031250
0 0.470313 0.509375 0.034375 0.031250
0 0.900000 0.193750 0.031250 0.031250
0 0.287500 0.640625 0.031250 0.031250
0 0.479687 0.904687 0.034375 0.034375
0 0.578125 0.331250 0.031250 0.031250
0 0.229687 0.573438 0.028125 0.028125
0 0.168750 0.640625 0.031250 0.031250
0 0.573438 0.515625 0.028125 0.031250
0 0.775000 0.392188 0.031250 0.028125
0 0.142187 0.725000 0.028125 0.031250
0 0.579688 0.396875 0.028125 0.031250
0 0.500000 0.740625 0.031250 0.031250
0 0.814063 0.582812 0.034375 0.034375
0 0.462500 0.260937 0.031250 0.028125
0 0.656250 0.650000 0.031250 0.031250
0 0.465625 0.626563 0.031250 0.028125
0 0.903125 0.157812 0.031250 0.034375
0 0.870313 0.312500 0.028125 0.031250
0 0.787500 0.046875 0.031250 0.031250
0 0.503125 0.568750 0.031250 0.031250
0 0.375000 0.068750 0.031250 0.031250
0 0.635938 0.331250 0.028125 0.031250
0 0.606250 0.612500 0.031250 0.031250
0 0.553125 0.075000 0.031250 0.031250
0 0.634375 0.403125 0.031250 0.031250
0 0.115625 0.190625 0.031250 0.031250
0 0.553125 0.771875 0.031250 0.031250
0 0.693750 0.506250 0.031250 0.031250
0 0.296875 0.743750 0.031250 0.031250
0 0.259375 0.346875 0.031250 0.031250
0 0.225000 0.859375 0.031250 0.031250
0 0.331250 0.743750 0.031250 0.031250
0 0.468750 0.568750 0.031250 0.031250
0 0.346875 0.329688 0.031250 0.028125
0 0.871875 0.101562 0.031250 0.028125
0 0.781250 0.218750 0.031250 0.031250
0 0.142187 0.034375 0.028125 0.031250
0 0.365625 0.743750 0.031250 0.031250
0 0.610938 0.109375 0.028125 0.031250
0 0.584375 0.546875 0.031250 0.031250
0 0.448437 0.829688 0.028125 0.028125
0 0.812500 0.204687 0.031250 0.034375
0 0.290625 0.262500 0.031250 0.031250
0 0.200000 0.034375 0.031250 0.031250
0 0.521875 0.328125 0.031250 0.031250
0 0.501563 0.626563 0.028125 0.028125
0 0.668750 0.146875 0.031250 0.031250
0 0.553125 0.656250 0.031250 0.031250
0 0.462500 0.437500 0.031250 0.031250
0 0.693750 0.412500 0.031250 0.031250
0 0.042188 0.712500 0.034375 0.031250
0 0.634375 0.678125 0.031250 0.031250
0 0.418750 0.537500 0.031250 0.031250
0 0.745313 0.634375 0.028125 0.031250
0 0.415625 0.887500 0.031250 0.031250
0 0.203125 0.175000 0.031250 0.031250
0 0.020313 0.742188 0.034375 0.034375
0 0.765625 0.518750 0.031250 0.031250
0 0.578125 0.159375 0.031250 0.031250
0 0.493750 0.142187 0.031250 0.028125
0 0.825000 0.432812 0.031250 0.034375
0 0.259375 0.034375 0.031250 0.031250
0 0.051562 0.676562 0.034375 0.034375
0 0.400000 0.918750 0.031250 0.031250
0 0.376563 0.034375 0.028125 0.031250
0 0.462500 0.296875 0.031250 0.031250
0 0.431250 0.803125 0.031250 0.031250
0 0.871875 0.134375 0.031250 0.031250
0 0.606250 0.381250 0.031250 0.031250
0 0.876563 0.473438 0.034375 0.034375
0 0.553125 0.040625 0.031250 0.031250
0 0.581250 0.056250 0.031250 0.031250
0 0.662500 0.834375 0.031250 0.031250
0 0.140625 0.487500 0.031250 0.031250
0 0.432812 0.384375 0.028125 0.031250
0 0.760938 0.428125 0.034375 0.031250
0 0.684375 0.475000 0.031250 0.031250
0 0.728125 0.078125 0.031250 0.031250
0 0.632812 0.853125 0.034375 0.031250
0 0.376563 0.240625 0.034375 0.031250
0 0.840625 0.189062 0.031250 0.034375
0 0.521875 0.434375 0.031250 0.031250
0 0.200000 0.656250 0.031250 0.031250
0 0.375000 0.484375 0.031250 0.031250
0 0.109375 0.018750 0.031250 0.031250
0 0.081250 0.557813 0.031250 0.034375
0 0.500000 0.684375 0.031250 0.031250
0 0.521875 0.365625 0.031250 0.031250
0 0.740625 0.454688 0.031250 0.028125
0 0.171875 0.503125 0.031250 0.031250
0 0.665625 0.682813 0.031250 0.034375
0 0.728125 0.150000 0.031250 0.031250
0 0.606250 0.521875 0.031250 0.031250
0 0.175000 0.775000 0.031250 0.031250
0 0.028125 0.246875 0.031250 0.031250
0 0.878125 0.032813 0.031250 0.034375
0 0.350000 0.593750 0.031250 0.031250
0 0.550000 0.829688 0.031250 0.028125
0 0.350000 0.537500 0.031250 0.031250
0 0.376563 0.175000 0.028125 0.031250
0 0.350000 0.053125 0.031250 0.031250
0 0.550000 0.346875 0.031250 0.031250
0 0.775000 0.550000 0.031250 0.031250
0 0.287500 0.365625 0.031250 0.031250
0 0.375000 0.346875 0.031250 0.031250
0 0.796875 0.612500 0.031250 0.031250
0 0.759375 0.062500 0.031250 0.031250
0 0.865625 0.350000 0.031250 0.031250
0 0.053125 0.021875 0.031250 0.031250
0 0.929688 0.173437 0.034375 0.034375
0 0.056250 0.403125 0.031250 0.031250
0 0.464062 0.121875 0.028125 0.031250
0 0.843750 0.484375 0.031250 0.031250
0 0.171875 0.190625 0.031250 0.031250
0 0.546875 0.890625 0.031250 0.031250
0 0.021875 0.490625 0.031250 0.031250
0 0.567187 0.801562 0.034375 0.034375
0 0.845313 0.048438 0.034375 0.034375
0 0.020313 0.626563 0.034375 0.034375
0 0.557813 0.600000 0.034375 0.031250
0 0.521875 0.540625 0.031250 0.031250
0 0.537500 0.625000 0.031250 0.031250
0 0.023438 0.923438 0.034375 0.034375
0 0.287500 0.050000 0.031250 0.031250
0 0.518750 0.596875 0.031250 0.031250
0 0.171875 0.156250 0.031250 0.031250
0 0.484375 0.712500 0.031250 0.031250
0 0.381250 0.593750 0.031250 0.031250
0 0.596875 0.490625 0.031250 0.031250
0 0.021875 0.523438 0.031250 0.034375
0 0.682813 0.712500 0.034375 0.031250
0 0.462500 0.365625 0.031250 0.031250
0 0.721875 0.353125 0.031250 0.031250
0 0.671875 0.443750 0.031250 0.031250
0 0.803125 0.378125 0.031250 0.031250
0 0.534375 0.743750 0.031250 0.031250
0 0.484375 0.829688 0.031250 0.028125
0 0.725000 0.662500 0.031250 0.031250
0 0.231250 0.015625 0.031250 0.031250
0 0.618750 0.556250 0.031250 0.031250
0 0.464062 0.053125 0.028125 0.031250
0 0.350000 0.468750 0.031250 0.031250
0 0.318750 0.651563 0.031250 0.028125
0 0.870313 0.507812 0.034375 0.034375
0 0.778125 0.693750 0.031250 0.031250
0 0.725000 0.421875 0.031250 0.031250
0 0.550000 0.417187 0.031250 0.028125
0 0.142187 0.693750 0.028125 0.031250
0 0.581250 0.462500 0.031250 0.031250
0 0.515625 0.900000 0.031250 0.031250
0 0.773438 0.457813 0.034375 0.034375
0 0.375000 0.314063 0.031250 0.028125
0 0.498437 0.867188 0.034375 0.034375
0 0.609375 0.075000 0.031250 0.031250
0 0.548438 0.381250 0.028125 0.031250
0 0.259375 0.690625 0.031250 0.031250
0 0.882812 0.581250 0.034375 0.031250
0 0.815625 0.064062 0.031250 0.028125
0 0.579688 0.193750 0.028125 0.031250
0 0.289062 0.503125 0.028125 0.031250
0 0.487500 0.481250 0.031250 0.031250
0 0.556250 0.484375 0.031250 0.031250
0 0.875000 0.065625 0.031250 0.031250
0 0.837500 0.518750 0.031250 0.031250
0 0.845313 0.081250 0.034375 0.031250
0 0.634375 0.365625 0.031250 0.031250
0 0.318750 0.034375 0.031250 0.031250
0 0.829688 0.551562 0.034375 0.034375
0 0.026562 0.350000 0.034375 0.031250
0 0.495312 0.037500 0.028125 0.031250
0 0.731250 0.603125 0.031250 0.031250
0 0.612500 0.040625 0.031250 0.031250
0 0.434375 0.506250 0.031250 0.031250
0 0.401562 0.504687 0.034375 0.034375
0 0.081250 0.693750 0.031250 0.031250
0 0.717187 0.479687 0.028125 0.028125
0 0.435937 0.915625 0.034375 0.031250
0 0.903125 0.115625 0.031250 0.031250
0 0.312500 0.715625 0.031250 0.031250
0 0.929688 0.276562 0.034375 0.034375
0 0.140625 0.521875 0.031250 0.031250
0 0.703125 0.450000 0.031250 0.031250
0 0.493750 0.450000 0.031250 0.031250
0 0.143750 0.209375 0.031250 0.031250
0 0.584375 0.431250 0.031250 0.031250
0 0.606250 0.346875 0.031250 0.031250
0 0.850000 0.579688 0.031250 0.034375
0 0.112500 0.537500 0.031250 0.031250
0 0.631250 0.709375 0.031250 0.031250
0 0.793750 0.421875 0.031250 0.031250
0 0.578125 0.365625 0.031250 0.031250
0 0.554688 0.540625 0.028125 0.031250
0 0.106250 0.775000 0.031250 0.031250
0 0.925000 0.384375 0.031250 0.031250
0 0.707812 0.540625 0.028125 0.031250
0 0.929688 0.135937 0.034375 0.034375
0 0.584375 0.021875 0.031250 0.031250
0 0.784375 0.490625 0.031250 0.031250
0 0.601562 0.868750 0.034375 0.031250
0 0.751563 0.339062 0.028125 0.028125
0 0.662500 0.350000 0.031250 0.031250
0 0.637500 0.437500 0.031250 0.031250
0 0.628125 0.496875 0.031250 0.031250
0 0.725000 0.318750 0.031250 0.031250
0 0.903125 0.081250 0.031250 0.031250
0 0.759375 0.028125 0.031250 0.031250
0 0.929688 0.212500 0.034375 0.031250
0 0.642188 0.057813 0.034375 0.034375
0 0.081250 0.728125 0.031250 0.031250
0 0.850000 0.450000 0.031250 0.031250
0 0.728125 0.112500 0.031250 0.031250
0 0.050000 0.540625 0.031250 0.031250
0 0.462500 0.329688 0.031250 0.028125
0 0.926562 0.346875 0.034375 0.031250
0 0.464062 0.018750 0.034375 0.031250
0 0.700000 0.028125 0.031250 0.031250
0 0.893750 0.550000 0.031250 0.031250
0 0.525000 0.021875 0.031250 0.031250
0 0.287500 0.015625 0.031250 0.031250
0 0.537500 0.571875 0.031250 0.031250
0 0.815625 0.100000 0.031250 0.031250
0 0.018750 0.682813 0.031250 0.034375
0 0.643750 0.025000 0.031250 0.031250
0 0.346875 0.017188 0.031250 0.034375
0 0.656250 0.734375 0.031250 0.031250
0 0.671875 0.043750 0.031250 0.031250
0 0.168750 0.018750 0.031250 0.031250
0 0.920312 0.420312 0.034375 0.034375
0 0.406250 0.018750 0.031250 0.031250
0 0.812500 0.496875 0.031250 0.031250
0 0.112500 0.368750 0.031250 0.031250
0 0.718750 0.798438 0.031250 0.028125
0 0.059375 0.296875 0.031250 0.031250
0 0.903125 0.518750 0.031250 0.031250
0 0.843750 0.118750 0.031250 0.031250
0 0.787500 0.078125 0.031250 0.031250
0 0.053125 0.468750 0.031250 0.031250
0 0.081250 0.453125 0.031250 0.031250
0 0.351562 0.651563 0.028125 0.028125
0 0.784375 0.153125 0.031250 0.031250
0 0.929688 0.098437 0.034375 0.034375
0 0.921875 0.053125 0.037500 0.037500
0 0.404687 0.190625 0.028125 0.031250
0 0.671875 0.075000 0.031250 0.031250
0 0.907813 0.482812 0.034375 0.034375
0 0.435937 0.451562 0.028125 0.028125
0 0.434375 0.210938 0.031250 0.028125
0 0.751563 0.304688 0.028125 0.028125
0 0.920312 0.451562 0.034375 0.034375
0 0.928125 0.246875 0.031250 0.031250
0 0.850000 0.015625 0.031250 0.031250
0 0.909375 0.018750 0.031250 0.031250
