0 0.084375 0.193750 0.031250 0.031250
0 0.676562 0.715625 0.028125 0.031250
0 0.353125 0.479687 0.037500 0.034375
0 0.670312 0.087500 0.028125 0.031250
0 0.331250 0.314063 0.031250 0.028125
0 0.878125 0.495312 0.037500 0.034375
0 0.251563 0.095312 0.028125 0.028125
0 0.331250 0.418750 0.031250 0.031250
0 0.384375 0.384375 0.031250 0.031250
0 0.506250 0.840625 0.031250 0.031250
0 0.609375 0.215625 0.031250 0.031250
0 0.637500 0.368750 0.031250 0.031250
0 0.142187 0.093750 0.028125 0.031250
0 0.090625 0.657813 0.031250 0.028125
0 0.898438 0.056250 0.028125 0.031250
0 0.114062 0.075000 0.028125 0.031250
0 0.870313 0.531250 0.028125 0.031250
0 0.143750 0.837500 0.031250 0.031250
0 0.175000 0.634375 0.031250 0.031250
0 0.815625 0.626563 0.031250 0.028125
0 0.100000 0.484375 0.031250 0.031250
0 0.387500 0.246875 0.031250 0.031250
0 0.698438 0.101562 0.028125 0.028125
0 0.087500 0.093750 0.031250 0.031250
0 0.375000 0.840625 0.031250 0.031250
0 0.815625 0.137500 0.031250 0.031250
0 0.128125 0.806250 0.031250 0.031250
0 0.664062 0.281250 0.028125 0.031250
0 0.139063 0.689063 0.028125 0.028125
0 0.340625 0.840625 0.031250 0.031250
0 0.050000 0.370312 0.031250 0.028125
0 0.620313 0.754687 0.028125 0.028125
0 0.248438 0.328125 0.028125 0.031250
0 0.909375 0.726562 0.031250 0.028125
0 0.198437 0.059375 0.028125 0.031250
0 0.292187 0.807813 0.028125 0.028125
0 0.081250 0.775000 0.031250 0.031250
0 0.362500 0.095312 0.031250 0.028125
0 0.057813 0.109375 0.028125 0.031250
0 0.221875 0.279687 0.031250 0.028125
0 0.160938 0.806250 0.028125 0.031250
0 0.873437 0.170313 0.028125 0.028125
0 0.223438 0.604688 0.028125 0.028125
0 0.029687 0.598437 0.028125 0.028125
0 0.503125 0.548438 0.031250 0.028125
0 0.746875 0.298438 0.031250 0.028125
0 0.293750 0.750000 0.031250 0.031250
0 0.106250 0.371875 0.031250 0.031250
0 0.190625 0.357812 0.031250 0.028125
0 0.417187 0.129688 0.028125 0.028125
0 0.096875 0.543750 0.031250 0.031250
0 0.785937 0.545312 0.028125 0.028125
0 0.178125 0.837500 0.031250 0.031250
0 0.392188 0.048438 0.028125 0.028125
0 0.728125 0.184375 0.031250 0.031250
0 0.842187 0.545312 0.028125 0.028125
0 0.157812 0.660937 0.028125 0.028125
0 0.471875 0.631250 0.031250 0.031250
0 0.615625 0.543750 0.031250 0.031250
0 0.057813 0.078125 0.028125 0.031250
0 0.606250 0.282813 0.031250 0.028125
0 0.443750 0.214062 0.031250 0.028125
0 0.276562 0.279687 0.028125 0.028125
0 0.614062 0.479687 0.028125 0.028125
0 0.192188 0.325000 0.028125 0.031250
0 0.462500 0.695312 0.031250 0.028125
0 0.912500 0.376563 0.031250 0.028125
0 0.059375 0.043750 0.031250 0.031250
0 0.167187 0.243750 0.028125 0.031250
0 0.907813 0.518750 0.034375 0.031250
0 0.526563 0.164062 0.028125 0.028125
0 0.309375 0.059375 0.031250 0.031250
0 0.192188 0.604688 0.028125 0.028125
0 0.664062 0.217188 0.028125 0.028125
0 0.306250 0.164062 0.031250 0.028125
0 0.196875 0.748437 0.031250 0.028125
0 0.785937 0.512500 0.028125 0.031250
0 0.843750 0.153125 0.031250 0.031250
0 0.189062 0.664062 0.028125 0.028125
0 0.603125 0.728125 0.031250 0.031250
0 0.635938 0.300000 0.028125 0.031250
0 0.115625 0.112500 0.031250 0.031250
0 0.026562 0.189062 0.028125 0.028125
0 0.779687 0.378125 0.028125 0.031250
0 0.750000 0.364063 0.031250 0.028125
0 0.557813 0.082812 0.028125 0.028125
0 0.417187 0.096875 0.028125 0.031250
0 0.028125 0.125000 0.031250 0.031250
0 0.675000 0.612500 0.031250 0.031250
0 0.134375 0.357812 0.031250 0.028125
0 0.498437 0.451562 0.028125 0.028125
0 0.559375 0.581250 0.031250 0.031250
0 0.495312 0.317188 0.028125 0.028125
0 0.112500 0.776563 0.031250 0.028125
0 0.195312 0.807813 0.028125 0.028125
0 0.106250 0.406250 0.031250 0.031250
0 0.132812 0.389062 0.028125 0.028125
0 0.675000 0.781250 0.031250 0.031250
0 0.579688 0.267188 0.028125 0.028125
0 0.843750 0.375000 0.031250 0.031250
0 0.475000 0.725000 0.031250 0.031250
0 0.729688 0.482812 0.028125 0.028125
0 0.390625 0.809375 0.031250 0.031250
0 0.475000 0.065625 0.031250 0.031250
0 0.364063 0.064062 0.028125 0.028125
0 0.053125 0.407813 0.031250 0.028125
0 0.159375 0.409375 0.031250 0.031250
0 0.434375 0.579688 0.031250 0.028125
0 0.278125 0.840625 0.031250 0.031250
0 0.850000 0.437500 0.031250 0.031250
0 0.896875 0.550000 0.031250 0.031250
0 0.407813 0.839063 0.028125 0.028125
0 0.143750 0.575000 0.031250 0.031250
0 0.785937 0.479687 0.028125 0.028125
0 0.910937 0.320312 0.028125 0.028125
0 0.221875 0.245312 0.031250 0.028125
0 0.267188 0.690625 0.028125 0.031250
0 0.210938 0.837500 0.028125 0.031250
0 0.367188 0.692187 0.028125 0.028125
0 0.025000 0.392188 0.031250 0.028125
0 0.690625 0.265625 0.031250 0.031250
0 0.125000 0.659375 0.031250 0.031250
0 0.582812 0.132812 0.028125 0.028125
0 0.221875 0.484375 0.031250 0.031250
0 0.440625 0.417187 0.031250 0.028125
0 0.317188 0.664062 0.028125 0.028125
0 0.260937 0.807813 0.028125 0.028125
0 0.073438 0.685937 0.028125 0.028125
0 0.610938 0.446875 0.028125 0.031250
0 0.810937 0.040625 0.028125 0.031250
0 0.079687 0.573438 0.028125 0.028125
0 0.643750 0.500000 0.031250 0.031250
0 0.537500 0.725000 0.031250 0.031250
0 0.057813 0.142187 0.028125 0.028125
0 0.609375 0.318750 0.031250 0.031250
0 0.806250 0.362500 0.031250 0.031250
0 0.946875 0.632812 0.031250 0.028125
0 0.935937 0.457813 0.028125 0.028125
0 0.879687 0.590625 0.028125 0.031250
0 0.673438 0.515625 0.028125 0.031250
0 0.328125 0.753125 0.031250 0.031250
0 0.048438 0.778125 0.028125 0.031250
0 0.704688 0.628125 0.028125 0.031250
0 0.928125 0.606250 0.031250 0.031250
0 0.784375 0.090625 0.031250 0.031250
0 0.690625 0.298438 0.031250 0.028125
0 0.496875 0.693750 0.031250 0.031250
0 0.360938 0.229687 0.028125 0.028125
0 0.192188 0.292187 0.028125 0.028125
0 0.846875 0.218750 0.031250 0.031250
0 0.037500 0.746875 0.031250 0.031250
0 0.225000 0.043750 0.031250 0.031250
0 0.954688 0.690625 0.028125 0.031250
0 0.503125 0.612500 0.031250 0.031250
0 0.529687 0.664062 0.028125 0.028125
0 0.787500 0.220312 0.031250 0.034375
0 0.643750 0.465625 0.031250 0.031250
0 0.554688 0.182812 0.028125 0.028125
0 0.732812 0.579688 0.028125 0.028125
0 0.440625 0.781250 0.031250 0.031250
0 0.045312 0.628125 0.028125 0.031250
0 0.635938 0.332813 0.028125 0.028125
0 0.303125 0.362500 0.031250 0.031250
0 0.525000 0.401562 0.031250 0.028125
0 0.579688 0.231250 0.028125 0.031250
0 0.189062 0.392188 0.028125 0.028125
0 0.110937 0.837500 0.028125 0.031250
0 0.754687 0.103125 0.028125 0.031250
0 0.260937 0.750000 0.028125 0.031250
0 0.278125 0.246875 0.031250 0.031250
0 0.571875 0.725000 0.031250 0.031250
0 0.362500 0.129688 0.031250 0.028125
0 0.253125 0.062500 0.031250 0.031250
0 0.235937 0.690625 0.028125 0.031250
0 0.443750 0.725000 0.031250 0.031250
0 0.692187 0.368750 0.028125 0.031250
0 0.276562 0.310937 0.028125 0.028125
0 0.443750 0.318750 0.031250 0.031250
0 0.785937 0.154688 0.028125 0.028125
0 0.198437 0.095312 0.028125 0.028125
0 0.875000 0.231250 0.031250 0.031250
0 0.228125 0.806250 0.031250 0.031250
0 0.420312 0.064062 0.028125 0.028125
0 0.973437 0.715625 0.028125 0.031250
0 0.932813 0.403125 0.028125 0.031250
0 0.550000 0.284375 0.031250 0.031250
0 0.257812 0.603125 0.028125 0.031250
0 0.607812 0.250000 0.028125 0.031250
0 0.079687 0.323437 0.028125 0.028125
0 0.056250 0.712500 0.031250 0.031250
0 0.385937 0.348438 0.028125 0.028125
0 0.351562 0.665625 0.028125 0.031250
0 0.309375 0.095312 0.031250 0.028125
0 0.789062 0.184375 0.028125 0.031250
0 0.696875 0.400000 0.031250 0.031250
0 0.729688 0.545312 0.028125 0.028125
0 0.240625 0.837500 0.031250 0.031250
0 0.210938 0.778125 0.028125 0.031250
0 0.815625 0.432812 0.031250 0.028125
0 0.757812 0.135937 0.028125 0.028125
0 0.079687 0.425000 0.028125 0.031250
0 0.248438 0.264062 0.028125 0.028125
0 0.728125 0.417187 0.031250 0.028125
0 0.673438 0.481250 0.028125 0.031250
0 0.446875 0.081250 0.031250 0.031250
0 0.782813 0.057813 0.028125 0.028125
0 0.229687 0.751563 0.028125 0.028125
0 0.759375 0.628125 0.031250 0.031250
0 0.817187 0.659375 0.028125 0.031250
0 0.171875 0.112500 0.031250 0.031250
0 0.429688 0.695312 0.028125 0.028125
0 0.279687 0.214062 0.028125 0.028125
0 0.140625 0.195312 0.031250 0.028125
0 0.582812 0.367188 0.028125 0.028125
0 0.189062 0.457813 0.028125 0.028125
0 0.309375 0.837500 0.031250 0.031250
0 0.417187 0.164062 0.028125 0.028125
0 0.325000 0.807813 0.031250 0.028125
0 0.503125 0.579688 0.031250 0.028125
0 0.135937 0.323437 0.028125 0.028125
0 0.089063 0.715625 0.028125 0.031250
0 0.251563 0.131250 0.028125 0.031250
0 0.690625 0.231250 0.031250 0.031250
0 0.104688 0.689063 0.028125 0.028125
0 0.253125 0.162500 0.031250 0.031250
0 0.023438 0.354687 0.028125 0.028125
0 0.440625 0.839063 0.031250 0.028125
0 0.332813 0.281250 0.028125 0.031250
0 0.639062 0.167187 0.028125 0.028125
0 0.817187 0.203125 0.028125 0.031250
0 0.818750 0.235937 0.031250 0.028125
0 0.759375 0.595313 0.031250 0.028125
0 0.470313 0.298438 0.028125 0.028125
0 0.023438 0.321875 0.028125 0.031250
0 0.025000 0.254688 0.031250 0.028125
0 0.360938 0.196875 0.028125 0.031250
0 0.335938 0.078125 0.028125 0.031250
0 0.064062 0.807813 0.028125 0.028125
0 0.417187 0.196875 0.028125 0.031250
0 0.915625 0.640625 0.031250 0.031250
0 0.815625 0.465625 0.031250 0.031250
0 0.779687 0.345313 0.028125 0.028125
0 0.117188 0.043750 0.028125 0.031250
0 0.137500 0.259375 0.031250 0.031250
0 0.248438 0.720313 0.028125 0.028125
0 0.107813 0.629687 0.028125 0.028125
0 0.270313 0.634375 0.028125 0.031250
0 0.143750 0.062500 0.031250 0.031250
0 0.496875 0.214062 0.031250 0.028125
0 0.304688 0.632812 0.028125 0.028125
0 0.645312 0.532813 0.028125 0.028125
0 0.276562 0.778125 0.028125 0.031250
0 0.345313 0.723437 0.028125 0.028125
0 0.206250 0.634375 0.031250 0.031250
0 0.551562 0.382812 0.028125 0.028125
0 0.337500 0.573438 0.031250 0.028125
0 0.142187 0.632812 0.028125 0.028125
0 0.110937 0.242188 0.028125 0.028125
0 0.470313 0.496875 0.028125 0.031250
0 0.415625 0.551562 0.031250 0.028125
0 0.189062 0.425000 0.028125 0.031250
0 0.389062 0.181250 0.028125 0.031250
0 0.279687 0.043750 0.028125 0.031250
0 0.503125 0.050000 0.031250 0.031250
0 0.554688 0.150000 0.028125 0.031250
0 0.729688 0.514062 0.028125 0.028125
0 0.132812 0.746875 0.028125 0.031250
0 0.473438 0.531250 0.028125 0.031250
0 0.500000 0.282813 0.031250 0.028125
0 0.670312 0.056250 0.028125 0.031250
0 0.912500 0.581250 0.031250 0.031250
0 0.756250 0.203125 0.031250 0.031250
0 0.167187 0.210938 0.028125 0.028125
0 0.284375 0.664062 0.031250 0.028125
0 0.842187 0.576562 0.028125 0.028125
0 0.507812 0.781250 0.028125 0.031250
0 0.306250 0.232813 0.031250 0.028125
0 0.314063 0.721875 0.028125 0.031250
0 0.168750 0.043750 0.031250 0.031250
0 0.940625 0.721875 0.031250 0.031250
0 0.560937 0.545312 0.028125 0.028125
0 0.557813 0.482812 0.028125 0.028125
0 0.790625 0.673438 0.031250 0.028125
0 0.307812 0.196875 0.028125 0.031250
0 0.195312 0.228125 0.028125 0.031250
0 0.551562 0.246875 0.028125 0.031250
0 0.159375 0.604688 0.031250 0.028125
0 0.029687 0.156250 0.028125 0.031250
0 0.081250 0.257812 0.031250 0.028125
0 0.960938 0.601562 0.028125 0.028125
0 0.245312 0.360938 0.028125 0.028125
0 0.473438 0.781250 0.028125 0.031250
0 0.890625 0.698438 0.031250 0.028125
0 0.337500 0.045312 0.031250 0.028125
0 0.281250 0.112500 0.031250 0.031250
0 0.815625 0.168750 0.031250 0.031250
0 0.425000 0.809375 0.031250 0.031250
0 0.168750 0.146875 0.031250 0.031250
0 0.068750 0.743750 0.031250 0.031250
0 0.075000 0.456250 0.031250 0.031250
0 0.101562 0.746875 0.028125 0.031250
0 0.728125 0.120313 0.031250 0.028125
0 0.471875 0.129688 0.031250 0.028125
0 0.026562 0.654687 0.028125 0.028125
0 0.410938 0.432812 0.028125 0.028125
0 0.096875 0.806250 0.031250 0.031250
0 0.614062 0.117188 0.028125 0.028125
0 0.551562 0.348438 0.028125 0.028125
0 0.581250 0.431250 0.031250 0.031250
0 0.665625 0.350000 0.031250 0.031250
0 0.531250 0.531250 0.031250 0.031250
0 0.701562 0.496875 0.028125 0.031250
0 0.082812 0.290625 0.028125 0.031250
0 0.217188 0.720313 0.028125 0.028125
0 0.079687 0.390625 0.028125 0.031250
0 0.670312 0.151562 0.028125 0.028125
0 0.120313 0.717187 0.028125 0.028125
0 0.273438 0.345313 0.028125 0.028125
0 0.942187 0.317188 0.028125 0.028125
0 0.126562 0.603125 0.028125 0.031250
0 0.220312 0.310937 0.028125 0.028125
0 0.281250 0.143750 0.031250 0.031250
0 0.900000 0.151562 0.031250 0.028125
0 0.360938 0.267188 0.028125 0.028125
0 0.640625 0.434375 0.031250 0.031250
0 0.868750 0.562500 0.031250 0.031250
0 0.390625 0.112500 0.031250 0.031250
0 0.253125 0.660937 0.031250 0.028125
0 0.440625 0.353125 0.031250 0.031250
0 0.651563 0.754687 0.028125 0.028125
0 0.859375 0.293750 0.031250 0.031250
0 0.112500 0.143750 0.031250 0.031250
0 0.443750 0.517188 0.031250 0.028125
0 0.398438 0.692187 0.028125 0.028125
0 0.245312 0.393750 0.028125 0.031250
0 0.639062 0.198437 0.028125 0.028125
0 0.943750 0.573438 0.031250 0.028125
0 0.079687 0.354687 0.028125 0.028125
0 0.954688 0.485938 0.028125 0.028125
0 0.521875 0.809375 0.031250 0.031250
0 0.442188 0.482812 0.028125 0.028125
0 0.273438 0.518750 0.028125 0.031250
0 0.407813 0.781250 0.028125 0.031250
0 0.757812 0.529687 0.028125 0.028125
0 0.468750 0.401562 0.031250 0.028125
0 0.145313 0.776563 0.028125 0.028125
0 0.498437 0.384375 0.028125 0.031250
0 0.384375 0.415625 0.031250 0.031250
0 0.151562 0.717187 0.028125 0.028125
0 0.814063 0.595313 0.028125 0.028125
0 0.846875 0.253125 0.031250 0.031250
0 0.750000 0.331250 0.031250 0.031250
0 0.615625 0.575000 0.031250 0.031250
0 0.698438 0.432812 0.028125 0.028125
0 0.209375 0.518750 0.031250 0.031250
0 0.471875 0.839063 0.031250 0.028125
0 0.490625 0.809375 0.031250 0.031250
0 0.671875 0.025000 0.031250 0.031250
0 0.140625 0.160938 0.031250 0.028125
0 0.584375 0.696875 0.031250 0.031250
0 0.107813 0.276562 0.028125 0.028125
0 0.207813 0.575000 0.028125 0.031250
0 0.025000 0.289062 0.031250 0.028125
0 0.245312 0.781250 0.028125 0.031250
0 0.834375 0.312500 0.031250 0.031250
0 0.526563 0.467187 0.028125 0.028125
0 0.290625 0.546875 0.031250 0.031250
0 0.834375 0.343750 0.031250 0.031250
0 0.500000 0.484375 0.031250 0.031250
0 0.178125 0.521875 0.031250 0.031250
0 0.900000 0.464062 0.031250 0.028125
0 0.110937 0.210938 0.028125 0.028125
0 0.785937 0.123438 0.028125 0.028125
0 0.300000 0.396875 0.031250 0.031250
0 0.050000 0.339062 0.031250 0.028125
0 0.160938 0.442188 0.028125 0.028125
0 0.225000 0.146875 0.031250 0.031250
0 0.814063 0.562500 0.028125 0.031250
0 0.814063 0.104688 0.028125 0.028125
0 0.845313 0.184375 0.028125 0.031250
0 0.665625 0.315625 0.031250 0.031250
0 0.132812 0.426563 0.028125 0.028125
0 0.609375 0.348438 0.031250 0.028125
0 0.718750 0.282813 0.031250 0.028125
0 0.881250 0.381250 0.031250 0.031250
0 0.170313 0.692187 0.028125 0.028125
0 0.759375 0.167187 0.031250 0.028125
0 0.335938 0.112500 0.028125 0.031250
0 0.282813 0.076563 0.028125 0.028125
0 0.359375 0.809375 0.031250 0.031250
0 0.331250 0.692187 0.031250 0.028125
0 0.935937 0.665625 0.028125 0.025000
0 0.307812 0.128125 0.028125 0.031250
0 0.664062 0.246875 0.028125 0.031250
0 0.270313 0.443750 0.028125 0.031250
0 0.185938 0.717187 0.028125 0.028125
0 0.300000 0.692187 0.031250 0.028125
0 0.475000 0.595313 0.031250 0.034375
0 0.701562 0.529687 0.028125 0.028125
0 0.251563 0.229687 0.028125 0.028125
0 0.614062 0.512500 0.028125 0.031250
0 0.343750 0.781250 0.031250 0.031250
0 0.690625 0.200000 0.031250 0.031250
0 0.353125 0.540625 0.031250 0.031250
0 0.757812 0.431250 0.028125 0.031250
0 0.704688 0.662500 0.028125 0.031250
0 0.873437 0.729688 0.028125 0.028125
0 0.160938 0.548438 0.028125 0.028125
0 0.135937 0.292187 0.028125 0.028125
0 0.556250 0.812500 0.031250 0.031250
0 0.581250 0.198437 0.031250 0.028125
0 0.614062 0.087500 0.028125 0.031250
0 0.362500 0.164062 0.031250 0.028125
0 0.825000 0.698438 0.031250 0.028125
0 0.273438 0.576562 0.028125 0.028125
0 0.973437 0.571875 0.028125 0.031250
0 0.309375 0.781250 0.031250 0.031250
0 0.051562 0.306250 0.028125 0.031250
0 0.332813 0.246875 0.028125 0.031250
0 0.675000 0.648438 0.031250 0.028125
0 0.668750 0.417187 0.031250 0.028125
0 0.754687 0.400000 0.028125 0.031250
0 0.776563 0.314063 0.028125 0.028125
0 0.635938 0.784375 0.028125 0.031250
0 0.920312 0.695312 0.028125 0.028125
0 0.193750 0.260937 0.031250 0.028125
0 0.179688 0.778125 0.028125 0.031250
0 0.204687 0.692187 0.028125 0.028125
0 0.589063 0.810937 0.028125 0.028125
0 0.604688 0.782813 0.028125 0.028125
0 0.085938 0.126562 0.028125 0.028125
0 0.701562 0.595313 0.028125 0.028125
0 0.609375 0.182812 0.031250 0.028125
0 0.551562 0.318750 0.028125 0.031250
0 0.587500 0.560937 0.031250 0.028125
0 0.785937 0.579688 0.028125 0.028125
0 0.440625 0.450000 0.031250 0.031250
0 0.301563 0.329688 0.028125 0.028125
0 0.440625 0.248438 0.031250 0.028125
0 0.523438 0.753125 0.028125 0.031250
0 0.306250 0.264062 0.031250 0.028125
0 0.707812 0.726562 0.028125 0.028125
0 0.718750 0.350000 0.031250 0.031250
0 0.698438 0.167187 0.028125 0.028125
0 0.028125 0.090625 0.031250 0.031250
0 0.078125 0.628125 0.031250 0.031250
0 0.492188 0.753125 0.028125 0.031250
0 0.732812 0.643750 0.028125 0.031250
0 0.868750 0.407813 0.031250 0.028125
0 0.904687 0.217188 0.028125 0.028125
0 0.048438 0.440625 0.028125 0.031250
0 0.835938 0.406250 0.028125 0.031250
0 0.804688 0.296875 0.028125 0.031250
0 0.759375 0.464062 0.031250 0.028125
0 0.223438 0.179688 0.028125 0.028125
0 0.804688 0.329688 0.028125 0.028125
0 0.031250 0.806250 0.031250 0.031250
0 0.309375 0.028125 0.031250 0.031250
0 0.196875 0.196875 0.031250 0.031250
0 0.360938 0.753125 0.028125 0.031250
0 0.445312 0.145313 0.028125 0.028125
0 0.878125 0.321875 0.031250 0.031250
0 0.170313 0.179688 0.028125 0.028125
0 0.634375 0.265625 0.031250 0.031250
0 0.498437 0.420312 0.028125 0.028125
0 0.087500 0.060937 0.031250 0.028125
0 0.057813 0.654687 0.028125 0.028125
0 0.335938 0.635938 0.028125 0.028125
0 0.251563 0.198437 0.028125 0.028125
0 0.703125 0.562500 0.031250 0.031250
0 0.332813 0.179688 0.028125 0.028125
0 0.385937 0.453125 0.028125 0.031250
0 0.707812 0.695312 0.028125 0.028125
0 0.220312 0.660937 0.028125 0.028125
0 0.431250 0.637500 0.031250 0.031250
0 0.106250 0.307812 0.031250 0.028125
0 0.032813 0.542188 0.028125 0.028125
0 0.500000 0.145313 0.031250 0.028125
0 0.142187 0.128125 0.028125 0.031250
0 0.240625 0.518750 0.031250 0.031250
0 0.748437 0.262500 0.028125 0.031250
0 0.257812 0.546875 0.028125 0.031250
0 0.900000 0.120313 0.031250 0.028125
0 0.109375 0.340625 0.031250 0.031250
0 0.732812 0.610938 0.028125 0.028125
0 0.417187 0.498437 0.028125 0.028125
0 0.784375 0.415625 0.031250 0.031250
0 0.040625 0.682813 0.031250 0.028125
0 0.164062 0.342187 0.028125 0.028125
0 0.414062 0.400000 0.028125 0.031250
0 0.389062 0.148438 0.028125 0.028125
0 0.215625 0.409375 0.031250 0.031250
0 0.384375 0.551562 0.031250 0.028125
0 0.789062 0.642188 0.028125 0.028125
0 0.676562 0.679688 0.028125 0.028125
0 0.329688 0.450000 0.028125 0.031250
0 0.331250 0.346875 0.031250 0.031250
0 0.142187 0.028125 0.028125 0.031250
0 0.846875 0.671875 0.031250 0.031250
0 0.754687 0.070312 0.028125 0.028125
0 0.237500 0.634375 0.031250 0.031250
0 0.418750 0.031250 0.031250 0.031250
0 0.531250 0.068750 0.031250 0.031250
0 0.870313 0.104688 0.028125 0.028125
0 0.525000 0.232813 0.031250 0.028125
0 0.217188 0.342187 0.028125 0.028125
0 0.164062 0.373437 0.028125 0.028125
0 0.842187 0.607812 0.028125 0.028125
0 0.579688 0.300000 0.028125 0.031250
0 0.468750 0.265625 0.031250 0.031250
0 0.701562 0.467187 0.028125 0.028125
0 0.060937 0.601562 0.028125 0.028125
0 0.870313 0.135937 0.028125 0.028125
0 0.759375 0.496875 0.031250 0.031250
0 0.415625 0.229687 0.031250 0.028125
0 0.165625 0.307812 0.031250 0.028125
0 0.676562 0.579688 0.028125 0.028125
0 0.665625 0.185938 0.031250 0.028125
0 0.498437 0.351562 0.028125 0.028125
0 0.901563 0.668750 0.028125 0.031250
0 0.803125 0.265625 0.031250 0.031250
0 0.571875 0.782813 0.031250 0.028125
0 0.367188 0.031250 0.028125 0.031250
0 0.917188 0.431250 0.028125 0.031250
0 0.456250 0.809375 0.031250 0.031250
0 0.964063 0.400000 0.028125 0.031250
0 0.170313 0.076563 0.028125 0.028125
0 0.785937 0.610938 0.028125 0.028125
0 0.675000 0.548438 0.031250 0.028125
0 0.164062 0.750000 0.028125 0.031250
0 0.618750 0.700000 0.031250 0.031250
0 0.759375 0.560937 0.031250 0.028125
0 0.028125 0.059375 0.031250 0.031250
0 0.921875 0.490625 0.031250 0.031250
0 0.723437 0.384375 0.028125 0.031250
0 0.554688 0.117188 0.028125 0.028125
0 0.223438 0.112500 0.028125 0.031250
0 0.806250 0.393750 0.031250 0.031250
0 0.728125 0.151562 0.031250 0.028125
0 0.620313 0.810937 0.028125 0.028125
0 0.875000 0.265625 0.031250 0.031250
0 0.587500 0.754687 0.031250 0.028125
0 0.868750 0.459375 0.031250 0.031250
0 0.332813 0.148438 0.028125 0.028125
0 0.226562 0.076563 0.028125 0.028125
0 0.190625 0.492188 0.031250 0.028125
0 0.242188 0.575000 0.028125 0.031250
0 0.843750 0.481250 0.031250 0.031250
0 0.037500 0.485938 0.031250 0.028125
0 0.635938 0.232813 0.028125 0.028125
0 0.051562 0.239063 0.028125 0.028125
0 0.815625 0.496875 0.031250 0.031250
0 0.585938 0.464062 0.028125 0.028125
0 0.653125 0.812500 0.031250 0.031250
0 0.556250 0.681250 0.031250 0.031250
0 0.446875 0.610938 0.031250 0.028125
0 0.021875 0.456250 0.031250 0.031250
0 0.701562 0.040625 0.028125 0.031250
0 0.698438 0.071875 0.028125 0.025000
0 0.498437 0.248438 0.028125 0.028125
0 0.551562 0.214062 0.028125 0.028125
0 0.068750 0.487500 0.031250 0.031250
0 0.754687 0.040625 0.028125 0.031250
0 0.720313 0.246875 0.028125 0.031250
0 0.048438 0.515625 0.028125 0.031250
0 0.139063 0.228125 0.028125 0.031250
0 0.526563 0.435937 0.028125 0.028125
0 0.531250 0.500000 0.031250 0.031250
0 0.476562 0.032813 0.028125 0.028125
0 0.218750 0.442188 0.031250 0.028125
0 0.337500 0.512500 0.031250 0.031250
0 0.529687 0.629687 0.028125 0.028125
0 0.814063 0.528125 0.028125 0.031250
0 0.925000 0.287500 0.031250 0.031250
0 0.376563 0.721875 0.028125 0.031250
0 0.351562 0.609375 0.028125 0.031250
0 0.857812 0.703125 0.028125 0.031250
0 0.134375 0.460938 0.031250 0.028125
0 0.306250 0.517188 0.031250 0.028125
0 0.414062 0.467187 0.028125 0.028125
0 0.893750 0.021875 0.031250 0.031250
0 0.557813 0.648438 0.028125 0.028125
0 0.440625 0.284375 0.031250 0.031250
0 0.320312 0.604688 0.028125 0.028125
0 0.329688 0.381250 0.028125 0.031250
0 0.893750 0.292187 0.031250 0.028125
0 0.112500 0.576562 0.031250 0.028125
0 0.078125 0.837500 0.031250 0.031250
0 0.501563 0.645312 0.028125 0.028125
0 0.056250 0.173437 0.031250 0.028125
0 0.720313 0.215625 0.028125 0.031250
0 0.635938 0.726562 0.028125 0.028125
0 0.967187 0.659375 0.028125 0.031250
0 0.415625 0.665625 0.031250 0.031250
0 0.587500 0.070312 0.031250 0.028125
0 0.446875 0.665625 0.031250 0.031250
0 0.164062 0.275000 0.028125 0.031250
0 0.448437 0.550000 0.028125 0.031250
0 0.639062 0.401562 0.028125 0.028125
0 0.648438 0.564063 0.028125 0.028125
0 0.321875 0.543750 0.031250 0.031250
0 0.409375 0.725000 0.031250 0.031250
0 0.506250 0.725000 0.031250 0.031250
0 0.112500 0.515625 0.031250 0.031250
0 0.503125 0.515625 0.031250 0.031250
0 0.248438 0.295312 0.028125 0.028125
0 0.642188 0.070312 0.028125 0.028125
0 0.651563 0.695312 0.028125 0.028125
0 0.940625 0.515625 0.031250 0.031250
0 0.448437 0.048438 0.028125 0.028125
0 0.560937 0.514062 0.028125 0.028125
0 0.401562 0.581250 0.028125 0.031250
0 0.243750 0.460938 0.031250 0.028125
0 0.554688 0.448437 0.028125 0.028125
0 0.223438 0.212500 0.028125 0.031250
0 0.810937 0.071875 0.028125 0.031250
0 0.375000 0.781250 0.031250 0.031250
0 0.760938 0.660937 0.028125 0.028125
0 0.360938 0.300000 0.028125 0.031250
0 0.579688 0.332813 0.028125 0.028125
0 0.957812 0.289062 0.028125 0.028125
0 0.554688 0.417187 0.028125 0.028125
0 0.501563 0.115625 0.028125 0.031250
0 0.764062 0.692187 0.028125 0.028125
0 0.498437 0.182812 0.028125 0.028125
0 0.043750 0.837500 0.031250 0.031250
0 0.532813 0.596875 0.028125 0.031250
0 0.585938 0.496875 0.028125 0.031250
0 0.400000 0.637500 0.031250 0.031250
0 0.868750 0.040625 0.031250 0.031250
0 0.556250 0.753125 0.031250 0.031250
0 0.443750 0.182812 0.031250 0.028125
0 0.442188 0.382812 0.028125 0.028125
0 0.064062 0.543750 0.028125 0.031250
0 0.289062 0.603125 0.028125 0.031250
0 0.529687 0.695312 0.028125 0.028125
0 0.843750 0.120313 0.031250 0.028125
0 0.215625 0.376563 0.031250 0.028125
0 0.021875 0.425000 0.031250 0.031250
0 0.523438 0.332813 0.028125 0.028125
0 0.304688 0.575000 0.028125 0.031250
0 0.457813 0.753125 0.028125 0.031250
0 0.737500 0.707812 0.031250 0.028125
0 0.670312 0.120313 0.028125 0.028125
0 0.831250 0.278125 0.031250 0.031250
0 0.467187 0.337500 0.028125 0.031250
0 0.287500 0.490625 0.031250 0.031250
0 0.081250 0.225000 0.031250 0.031250
0 0.317188 0.485938 0.028125 0.028125
0 0.223438 0.546875 0.028125 0.031250
0 0.698438 0.135937 0.028125 0.028125
0 0.253125 0.028125 0.031250 0.031250
0 0.084375 0.159375 0.031250 0.031250
0 0.400000 0.526563 0.031250 0.028125
0 0.354687 0.396875 0.028125 0.031250
0 0.929688 0.346875 0.028125 0.031250
0 0.571875 0.840625 0.031250 0.031250
0 0.682813 0.748437 0.028125 0.028125
0 0.557813 0.051562 0.028125 0.028125
0 0.906250 0.250000 0.031250 0.031250
0 0.946875 0.228125 0.031250 0.031250
0 0.582812 0.664062 0.028125 0.028125
0 0.728125 0.451562 0.031250 0.028125
0 0.382812 0.665625 0.028125 0.031250
0 0.885938 0.434375 0.028125 0.031250
0 0.557813 0.614062 0.028125 0.028125
0 0.868750 0.073438 0.031250 0.028125
0 0.300000 0.426563 0.031250 0.028125
0 0.192188 0.548438 0.028125 0.028125
0 0.614062 0.054688 0.028125 0.028125
0 0.026562 0.220312 0.028125 0.028125
0 0.960938 0.746875 0.028125 0.031250
0 0.335938 0.212500 0.028125 0.031250
0 0.735938 0.675000 0.028125 0.031250
0 0.971875 0.512500 0.031250 0.031250
0 0.503125 0.082812 0.031250 0.028125
0 0.164062 0.478125 0.028125 0.031250
0 0.470313 0.232813 0.028125 0.028125
0 0.370312 0.510938 0.028125 0.028125
0 0.367188 0.639062 0.028125 0.028125
0 0.081250 0.517188 0.031250 0.028125
0 0.839063 0.056250 0.028125 0.031250
0 0.467187 0.368750 0.028125 0.031250
0 0.112500 0.178125 0.031250 0.031250
0 0.389062 0.214062 0.028125 0.028125
0 0.387500 0.485938 0.031250 0.028125
0 0.665625 0.385937 0.031250 0.028125
0 0.607812 0.150000 0.028125 0.031250
0 0.795312 0.704688 0.028125 0.028125
0 0.960938 0.343750 0.028125 0.031250
0 0.978125 0.628125 0.031250 0.031250
0 0.143750 0.518750 0.031250 0.031250
0 0.390625 0.079687 0.031250 0.028125
0 0.525000 0.301563 0.031250 0.028125
0 0.278125 0.181250 0.031250 0.031250
0 0.842187 0.514062 0.028125 0.028125
0 0.415625 0.300000 0.031250 0.031250
0 0.615625 0.668750 0.031250 0.031250
0 0.025000 0.715625 0.031250 0.031250
0 0.957812 0.114062 0.034375 0.034375
0 0.585938 0.101562 0.028125 0.028125
0 0.540625 0.779687 0.031250 0.028125
0 0.671875 0.450000 0.031250 0.031250
0 0.970313 0.259375 0.028125 0.031250
0 0.196875 0.028125 0.031250 0.031250
0 0.875000 0.656250 0.031250 0.031250
0 0.087500 0.028125 0.031250 0.031250
0 0.775000 0.281250 0.031250 0.031250
0 0.479687 0.667188 0.028125 0.028125
0 0.526563 0.264062 0.028125 0.028125
0 0.642188 0.135937 0.028125 0.028125
0 0.054688 0.275000 0.028125 0.031250
0 0.253125 0.490625 0.031250 0.031250
0 0.582812 0.167187 0.028125 0.028125
0 0.415625 0.264062 0.031250 0.028125
0 0.445312 0.114062 0.028125 0.028125
0 0.523438 0.198437 0.028125 0.028125
0 0.648438 0.596875 0.028125 0.031250
0 0.895312 0.348438 0.028125 0.028125
0 0.642188 0.101562 0.028125 0.028125
0 0.585938 0.631250 0.028125 0.031250
0 0.845313 0.640625 0.028125 0.031250
0 0.176563 0.576562 0.028125 0.028125
0 0.473438 0.096875 0.028125 0.031250
0 0.637500 0.840625 0.031250 0.031250
0 0.728125 0.025000 0.031250 0.031250
0 0.387500 0.282813 0.031250 0.028125
0 0.718750 0.314063 0.031250 0.028125
0 0.865625 0.350000 0.031250 0.031250
0 0.587500 0.529687 0.031250 0.028125
0 0.415625 0.332813 0.031250 0.028125
0 0.968750 0.456250 0.031250 0.031250
0 0.393750 0.748437 0.031250 0.028125
0 0.582812 0.400000 0.028125 0.031250
0 0.382812 0.607812 0.028125 0.028125
0 0.926562 0.167187 0.028125 0.028125
0 0.839063 0.025000 0.028125 0.031250
0 0.129688 0.546875 0.028125 0.031250
0 0.692187 0.331250 0.028125 0.031250
0 0.471875 0.164062 0.031250 0.028125
0 0.617188 0.020313 0.028125 0.028125
0 0.106250 0.443750 0.031250 0.031250
0 0.532813 0.564063 0.028125 0.028125
0 0.785937 0.448437 0.028125 0.028125
0 0.900000 0.184375 0.031250 0.031250
0 0.726562 0.056250 0.028125 0.031250
0 0.928125 0.543750 0.031250 0.031250
0 0.048438 0.571875 0.028125 0.031250
0 0.467187 0.432812 0.028125 0.028125
0 0.934375 0.259375 0.031250 0.031250
0 0.646875 0.662500 0.031250 0.031250
0 0.589063 0.035937 0.028125 0.028125
0 0.607812 0.382812 0.028125 0.028125
0 0.196875 0.129688 0.031250 0.028125
0 0.273438 0.378125 0.028125 0.031250
0 0.448437 0.017188 0.028125 0.028125
0 0.425000 0.751563 0.031250 0.028125
0 0.523438 0.364063 0.028125 0.028125
0 0.273438 0.409375 0.028125 0.031250
0 0.873437 0.201563 0.028125 0.028125
0 0.604688 0.840625 0.028125 0.031250
0 0.476562 0.564063 0.028125 0.028125
0 0.587500 0.596875 0.031250 0.031250
0 0.975000 0.371875 0.031250 0.031250
0 0.359375 0.437500 0.031250 0.031250
0 0.095312 0.603125 0.028125 0.031250
0 0.929688 0.751563 0.028125 0.028125
0 0.529687 0.098437 0.028125 0.028125
0 0.018750 0.512500 0.031250 0.031250
0 0.948438 0.431250 0.028125 0.031250
0 0.946875 0.373437 0.031250 0.028125
0 0.056250 0.206250 0.031250 0.031250
0 0.839063 0.087500 0.028125 0.031250
0 0.559375 0.020313 0.031250 0.028125
0 0.304688 0.295312 0.028125 0.028125
0 0.532813 0.034375 0.028125 0.031250
0 0.873437 0.623437 0.028125 0.028125
0 0.900000 0.406250 0.031250 0.031250
0 0.279687 0.720313 0.028125 0.028125
0 0.245312 0.426563 0.028125 0.028125
0 0.470313 0.464062 0.028125 0.028125
0 0.368750 0.579688 0.031250 0.028125
0 0.195312 0.164062 0.028125 0.028125
0 0.925000 0.037500 0.031250 0.031250
0 0.414062 0.368750 0.028125 0.031250
0 0.960938 0.542188 0.028125 0.028125
0 0.928125 0.198437 0.031250 0.028125
0 0.539062 0.840625 0.028125 0.031250
0 0.607812 0.415625 0.028125 0.031250
0 0.298438 0.460938 0.028125 0.028125
0 0.768750 0.723437 0.031250 0.028125
0 0.925000 0.103125 0.031250 0.031250
0 0.926562 0.071875 0.028125 0.031250
0 0.976562 0.314063 0.028125 0.028125
0 0.782813 0.021875 0.028125 0.031250
0 0.728125 0.087500 0.031250 0.031250
0 0.898438 0.087500 0.028125 0.031250
0 0.978125 0.228125 0.031250 0.031250
0 0.017188 0.570312 0.028125 0.028125
0 0.415625 0.610938 0.031250 0.028125
0 0.359375 0.364063 0.031250 0.028125
0 0.642188 0.039062 0.028125 0.028125
0 0.671875 0.842187 0.031250 0.034375
0 0.748437 0.232813 0.028125 0.028125
0 0.529687 0.132812 0.028125 0.028125
0 0.926562 0.134375 0.028125 0.031250
0 0.504687 0.018750 0.028125 0.031250
0 0.896875 0.756250 0.031250 0.031250
0 0.959375 0.184375 0.031250 0.031250
0 0.357812 0.331250 0.028125 0.031250
0 0.017188 0.776563 0.028125 0.028125
0 0.975000 0.081250 0.031250 0.031250
0 0.946875 0.778125 0.031250 0.031250
0 0.385937 0.315625 0.028125 0.031250
0 0.809375 0.734375 0.031250 0.031250
0 0.775000 0.246875 0.031250 0.031250
0 0.132812 0.492188 0.028125 0.028125
0 0.842187 0.729688 0.028125 0.028125
0 0.979688 0.428125 0.028125 0.031250
0 0.954688 0.056250 0.034375 0.031250
0 0.739062 0.740625 0.028125 0.031250
0 0.390625 0.015625 0.031250 0.031250
0 0.339062 0.014063 0.028125 0.028125
0 0.971875 0.028125 0.031250 0.031250
0 0.031250 0.028125 0.031250 0.031250
0 0.956250 0.150000 0.031250 0.031250
0 0.901563 0.614062 0.028125 0.028125
0 0.979688 0.775000 0.028125 0.031250
0 0.684375 0.812500 0.031250 0.031250
0 0.981250 0.684375 0.031250 0.031250
0 0.648438 0.632812 0.028125 0.028125
0 0.226562 0.014063 0.028125 0.028125
0 0.712500 0.759375 0.031250 0.031250
