0 0.510938 0.854688 0.028125 0.028125
0 0.396875 0.893750 0.031250 0.031250
0 0.157812 0.600000 0.028125 0.031250
0 0.065625 0.896875 0.031250 0.031250
0 0.193750 0.771875 0.031250 0.031250
0 0.603125 0.928125 0.031250 0.031250
0 0.037500 0.806250 0.031250 0.031250
0 0.053125 0.603125 0.031250 0.031250
0 0.706250 0.640625 0.031250 0.031250
0 0.137500 0.890625 0.031250 0.031250
0 0.115625 0.862500 0.031250 0.031250
0 0.121875 0.921875 0.031250 0.031250
0 0.171875 0.831250 0.031250 0.031250
0 0.625000 0.637500 0.031250 0.031250
0 0.534375 0.829688 0.031250 0.028125
0 0.687500 0.879687 0.031250 0.034375
0 0.465625 0.906250 0.031250 0.031250
0 0.142187 0.687500 0.028125 0.031250
0 0.329688 0.704688 0.028125 0.028125
0 0.456250 0.964063 0.031250 0.034375
0 0.053125 0.718750 0.031250 0.031250
0 0.284375 0.843750 0.031250 0.031250
0 0.034375 0.690625 0.031250 0.031250
0 0.478125 0.937500 0.031250 0.031250
0 0.215625 0.921875 0.031250 0.031250
0 0.250000 0.746875 0.031250 0.031250
0 0.546875 0.950000 0.031250 0.031250
0 0.193750 0.859375 0.031250 0.031250
0 0.037500 0.746875 0.031250 0.031250
0 0.231250 0.718750 0.031250 0.031250
0 0.262500 0.868750 0.031250 0.031250
0 0.454688 0.875000 0.028125 0.031250
0 0.096875 0.543750 0.031250 0.031250
0 0.081250 0.862500 0.031250 0.031250
0 0.331250 0.792188 0.031250 0.028125
0 0.178125 0.743750 0.031250 0.031250
0 0.318750 0.759375 0.031250 0.031250
0 0.260937 0.781250 0.028125 0.031250
0 0.025000 0.898438 0.031250 0.034375
0 0.421875 0.868750 0.031250 0.031250
0 0.070312 0.634375 0.028125 0.031250
0 0.100000 0.893750 0.031250 0.031250
0 0.384375 0.859375 0.031250 0.031250
0 0.059375 0.834375 0.031250 0.031250
0 0.443750 0.843750 0.031250 0.031250
0 0.354687 0.765625 0.028125 0.031250
0 0.121875 0.659375 0.031250 0.031250
0 0.218750 0.834375 0.031250 0.031250
0 0.250000 0.925000 0.031250 0.031250
0 0.193750 0.600000 0.031250 0.031250
0 0.093750 0.831250 0.031250 0.031250
0 0.090625 0.715625 0.031250 0.031250
0 0.106250 0.953125 0.031250 0.031250
0 0.121875 0.603125 0.031250 0.031250
0 0.206250 0.887500 0.031250 0.031250
0 0.075000 0.515625 0.031250 0.031250
0 0.390625 0.950000 0.031250 0.031250
0 0.173437 0.885938 0.034375 0.034375
0 0.501563 0.912500 0.028125 0.031250
0 0.721875 0.887500 0.031250 0.031250
0 0.365625 0.798438 0.031250 0.028125
0 0.125000 0.715625 0.031250 0.031250
0 0.590625 0.896875 0.031250 0.031250
0 0.109375 0.743750 0.031250 0.031250
0 0.090625 0.775000 0.031250 0.031250
0 0.650000 0.878125 0.031250 0.031250
0 0.331250 0.881250 0.031250 0.031250
0 0.534375 0.917188 0.031250 0.028125
0 0.159375 0.715625 0.031250 0.031250
0 0.353125 0.943750 0.031250 0.031250
0 0.512500 0.943750 0.031250 0.031250
0 0.056250 0.778125 0.031250 0.031250
0 0.140625 0.629687 0.031250 0.028125
0 0.409375 0.834375 0.031250 0.031250
0 0.296875 0.875000 0.031250 0.031250
0 0.193750 0.714063 0.031250 0.028125
0 0.050000 0.662500 0.031250 0.031250
0 0.340625 0.823438 0.031250 0.028125
0 0.128125 0.831250 0.031250 0.031250
0 0.068750 0.689063 0.031250 0.028125
0 0.228125 0.775000 0.031250 0.031250
0 0.212500 0.745313 0.031250 0.028125
0 0.106250 0.689063 0.031250 0.028125
0 0.275000 0.634375 0.031250 0.031250
0 0.104688 0.575000 0.034375 0.031250
0 0.048438 0.925000 0.034375 0.031250
0 0.034375 0.629687 0.031250 0.028125
0 0.615625 0.871875 0.031250 0.031250
0 0.673438 0.943750 0.034375 0.031250
0 0.151562 0.935937 0.034375 0.034375
0 0.693750 0.915625 0.031250 0.031250
0 0.431250 0.812500 0.031250 0.031250
0 0.387500 0.775000 0.031250 0.031250
0 0.579688 0.956250 0.028125 0.031250
0 0.237500 0.806250 0.031250 0.031250
0 0.296875 0.785937 0.031250 0.028125
0 0.037500 0.571875 0.031250 0.031250
0 0.146875 0.512500 0.031250 0.031250
0 0.429688 0.462500 0.028125 0.031250
0 0.546875 0.593750 0.031250 0.031250
0 0.625000 0.903125 0.031250 0.031250
0 0.181250 0.918750 0.031250 0.031250
0 0.456250 0.606250 0.031250 0.031250
0 0.112500 0.515625 0.031250 0.031250
0 0.285938 0.934375 0.028125 0.031250
0 0.190625 0.657813 0.031250 0.028125
0 0.579688 0.867188 0.028125 0.028125
0 0.318750 0.939063 0.031250 0.028125
0 0.106250 0.631250 0.031250 0.031250
0 0.465625 0.818750 0.031250 0.031250
0 0.521875 0.885938 0.031250 0.028125
0 0.307812 0.815625 0.028125 0.031250
0 0.071875 0.746875 0.031250 0.031250
0 0.350000 0.415625 0.031250 0.031250
0 0.784375 0.921875 0.031250 0.031250
0 0.209375 0.628125 0.031250 0.031250
0 0.070312 0.573438 0.028125 0.028125
0 0.782813 0.853125 0.028125 0.031250
0 0.151562 0.859375 0.034375 0.031250
0 0.284375 0.756250 0.031250 0.031250
0 0.375000 0.829688 0.031250 0.028125
0 0.671875 0.584375 0.031250 0.031250
0 0.087500 0.659375 0.031250 0.031250
0 0.464062 0.553125 0.028125 0.031250
0 0.454688 0.787500 0.028125 0.031250
0 0.729688 0.703125 0.028125 0.031250
0 0.351562 0.854688 0.028125 0.028125
0 0.125000 0.771875 0.031250 0.031250
0 0.039062 0.515625 0.028125 0.031250
0 0.084375 0.923438 0.031250 0.028125
0 0.739062 0.734375 0.028125 0.031250
0 0.243750 0.631250 0.031250 0.031250
0 0.109375 0.803125 0.031250 0.031250
0 0.318750 0.850000 0.031250 0.031250
0 0.623437 0.551562 0.034375 0.034375
0 0.715625 0.793750 0.031250 0.031250
0 0.053125 0.543750 0.031250 0.031250
0 0.143750 0.745313 0.031250 0.028125
0 0.273438 0.812500 0.028125 0.031250
0 0.275000 0.901563 0.031250 0.028125
0 0.251563 0.839063 0.028125 0.028125
0 0.240625 0.893750 0.031250 0.031250
0 0.646875 0.612500 0.031250 0.031250
0 0.476562 0.496875 0.028125 0.031250
0 0.071875 0.954688 0.031250 0.034375
0 0.782813 0.887500 0.034375 0.031250
0 0.443750 0.375000 0.031250 0.031250
0 0.512500 0.589063 0.031250 0.028125
0 0.307812 0.909375 0.028125 0.031250
0 0.170313 0.971875 0.034375 0.031250
0 0.020313 0.485938 0.028125 0.028125
0 0.056250 0.487500 0.031250 0.031250
0 0.637500 0.843750 0.031250 0.031250
0 0.034375 0.956250 0.031250 0.031250
0 0.337500 0.471875 0.031250 0.031250
0 0.048438 0.867188 0.034375 0.034375
0 0.421875 0.781250 0.031250 0.031250
0 0.359375 0.329688 0.031250 0.034375
0 0.159375 0.775000 0.031250 0.031250
0 0.225000 0.600000 0.031250 0.031250
0 0.282813 0.406250 0.028125 0.031250
0 0.342187 0.735938 0.028125 0.028125
0 0.442188 0.578125 0.028125 0.031250
0 0.343750 0.914062 0.031250 0.028125
0 0.165625 0.540625 0.031250 0.031250
0 0.496875 0.471875 0.031250 0.031250
0 0.376563 0.921875 0.028125 0.031250
0 0.178125 0.687500 0.031250 0.031250
0 0.378125 0.742188 0.031250 0.028125
0 0.521875 0.621875 0.031250 0.031250
0 0.650000 0.659375 0.031250 0.031250
0 0.568750 0.834375 0.031250 0.031250
0 0.534375 0.651563 0.031250 0.028125
0 0.262500 0.959375 0.031250 0.031250
0 0.021875 0.778125 0.031250 0.031250
0 0.406250 0.487500 0.031250 0.031250
0 0.742188 0.768750 0.034375 0.031250
0 0.271875 0.725000 0.031250 0.031250
0 0.534375 0.564063 0.031250 0.028125
0 0.525000 0.975000 0.031250 0.031250
0 0.501563 0.559375 0.028125 0.031250
0 0.568750 0.571875 0.031250 0.031250
0 0.718750 0.668750 0.031250 0.031250
0 0.225000 0.657813 0.031250 0.028125
0 0.657813 0.909375 0.028125 0.031250
0 0.557813 0.892188 0.028125 0.028125
0 0.175000 0.571875 0.031250 0.031250
0 0.637500 0.934375 0.031250 0.031250
0 0.137500 0.573438 0.031250 0.028125
0 0.212500 0.571875 0.031250 0.031250
0 0.037500 0.456250 0.031250 0.031250
0 0.443750 0.929688 0.031250 0.034375
0 0.781250 0.814063 0.031250 0.034375
0 0.750000 0.800000 0.031250 0.031250
0 0.725000 0.921875 0.031250 0.031250
0 0.531250 0.478125 0.031250 0.031250
0 0.725000 0.823438 0.031250 0.034375
0 0.784375 0.954688 0.031250 0.034375
0 0.156250 0.659375 0.031250 0.031250
0 0.621875 0.814063 0.031250 0.034375
0 0.753125 0.937500 0.031250 0.031250
0 0.490625 0.878125 0.031250 0.031250
0 0.545312 0.860938 0.028125 0.028125
0 0.726562 0.612500 0.034375 0.031250
0 0.193750 0.948438 0.031250 0.028125
0 0.260937 0.603125 0.028125 0.031250
0 0.215625 0.689063 0.031250 0.034375
0 0.557813 0.626563 0.028125 0.028125
0 0.409375 0.746875 0.031250 0.031250
0 0.693750 0.698438 0.031250 0.028125
0 0.329688 0.443750 0.028125 0.031250
0 0.603125 0.840625 0.031250 0.031250
0 0.256250 0.662500 0.031250 0.031250
0 0.750000 0.868750 0.031250 0.031250
0 0.334375 0.356250 0.031250 0.031250
0 0.443750 0.490625 0.031250 0.031250
0 0.384375 0.425000 0.031250 0.031250
0 0.553125 0.540625 0.031250 0.031250
0 0.307812 0.729688 0.028125 0.028125
0 0.075000 0.806250 0.031250 0.031250
0 0.331250 0.970313 0.031250 0.028125
0 0.575000 0.512500 0.031250 0.031250
0 0.365625 0.887500 0.031250 0.031250
0 0.635938 0.581250 0.028125 0.031250
0 0.229687 0.954688 0.028125 0.028125
0 0.073438 0.459375 0.028125 0.031250
0 0.410938 0.923438 0.028125 0.028125
0 0.668750 0.637500 0.031250 0.031250
0 0.490625 0.968750 0.031250 0.031250
0 0.657813 0.551562 0.034375 0.034375
0 0.084375 0.604688 0.031250 0.028125
0 0.567187 0.657813 0.028125 0.028125
0 0.487500 0.443750 0.031250 0.031250
0 0.567187 0.923438 0.028125 0.028125
0 0.254688 0.695312 0.034375 0.034375
0 0.589063 0.807813 0.028125 0.028125
0 0.309375 0.381250 0.031250 0.031250
0 0.612500 0.606250 0.031250 0.031250
0 0.395313 0.456250 0.028125 0.031250
0 0.298438 0.965625 0.028125 0.031250
0 0.600000 0.662500 0.031250 0.031250
0 0.587500 0.543750 0.031250 0.031250
0 0.406250 0.568750 0.031250 0.031250
0 0.684375 0.667188 0.031250 0.028125
0 0.671875 0.851562 0.031250 0.034375
0 0.478125 0.848437 0.031250 0.028125
0 0.490625 0.615625 0.031250 0.031250
0 0.020313 0.431250 0.028125 0.031250
0 0.131250 0.543750 0.031250 0.031250
0 0.709375 0.856250 0.031250 0.031250
0 0.298438 0.696875 0.028125 0.031250
0 0.135937 0.970313 0.034375 0.034375
0 0.021875 0.834375 0.031250 0.031250
0 0.753125 0.679688 0.031250 0.034375
0 0.303125 0.346875 0.031250 0.031250
0 0.509375 0.503125 0.031250 0.031250
0 0.646875 0.968750 0.031250 0.031250
0 0.268750 0.375000 0.031250 0.031250
0 0.579688 0.475000 0.034375 0.031250
0 0.690625 0.606250 0.031250 0.031250
0 0.660937 0.690625 0.028125 0.031250
0 0.090625 0.485938 0.031250 0.028125
0 0.706250 0.728125 0.031250 0.031250
0 0.464062 0.468750 0.028125 0.031250
0 0.293750 0.434375 0.031250 0.031250
0 0.709375 0.581250 0.031250 0.031250
0 0.453125 0.523438 0.031250 0.028125
0 0.290625 0.318750 0.031250 0.031250
0 0.600000 0.578125 0.031250 0.031250
0 0.018750 0.603125 0.031250 0.031250
0 0.453125 0.437500 0.031250 0.031250
0 0.375000 0.392188 0.031250 0.034375
0 0.690625 0.553125 0.031250 0.031250
0 0.542188 0.509375 0.028125 0.031250
0 0.521875 0.446875 0.031250 0.031250
0 0.364063 0.445312 0.028125 0.028125
0 0.350000 0.503125 0.031250 0.031250
0 0.501563 0.648438 0.028125 0.028125
0 0.776563 0.781250 0.034375 0.031250
0 0.443750 0.753125 0.031250 0.031250
0 0.773438 0.748437 0.034375 0.034375
0 0.421875 0.517188 0.031250 0.028125
0 0.478125 0.584375 0.031250 0.031250
0 0.151562 0.806250 0.028125 0.031250
0 0.740625 0.643750 0.031250 0.031250
0 0.604688 0.496875 0.034375 0.031250
0 0.709375 0.762500 0.031250 0.031250
0 0.553125 0.453125 0.031250 0.031250
0 0.173437 0.629687 0.028125 0.028125
0 0.198437 0.540625 0.028125 0.031250
0 0.417187 0.601562 0.028125 0.028125
0 0.753125 0.906250 0.031250 0.031250
0 0.015625 0.928125 0.031250 0.031250
0 0.760938 0.709375 0.028125 0.031250
0 0.468750 0.642188 0.031250 0.028125
0 0.631250 0.521875 0.031250 0.031250
0 0.229687 0.865625 0.028125 0.031250
0 0.557813 0.803125 0.028125 0.031250
0 0.421875 0.959375 0.031250 0.031250
0 0.592187 0.632812 0.028125 0.028125
0 0.318750 0.412500 0.031250 0.031250
0 0.056250 0.428125 0.031250 0.031250
0 0.371875 0.479687 0.031250 0.028125
0 0.429688 0.548438 0.028125 0.028125
0 0.748437 0.971875 0.034375 0.037500
0 0.021875 0.543750 0.031250 0.031250
0 0.409375 0.401562 0.031250 0.028125
0 0.756250 0.834375 0.031250 0.031250
0 0.365625 0.712500 0.031250 0.031250
0 0.206250 0.978125 0.031250 0.031250
0 0.615625 0.465625 0.031250 0.031250
0 0.125000 0.429688 0.031250 0.034375
0 0.431250 0.634375 0.037500 0.037500
0 0.418750 0.431250 0.031250 0.031250
0 0.342187 0.385937 0.028125 0.028125
0 0.401562 0.373437 0.028125 0.028125
0 0.500000 0.821875 0.031250 0.031250
0 0.689063 0.821875 0.034375 0.031250
0 0.106250 0.457813 0.031250 0.028125
0 0.246875 0.573438 0.031250 0.028125
0 0.487500 0.528125 0.031250 0.031250
0 0.709375 0.950000 0.031250 0.031250
0 0.289062 0.667188 0.028125 0.028125
0 0.181250 0.512500 0.031250 0.031250
0 0.432812 0.901563 0.028125 0.028125
0 0.143750 0.459375 0.031250 0.031250
0 0.395313 0.539062 0.028125 0.028125
0 0.521875 0.796875 0.031250 0.031250
0 0.321875 0.670312 0.031250 0.028125
0 0.017188 0.659375 0.028125 0.031250
0 0.381250 0.510938 0.031250 0.028125
0 0.195312 0.804688 0.028125 0.028125
0 0.523438 0.532813 0.028125 0.028125
0 0.365625 0.975000 0.031250 0.031250
0 0.615625 0.964063 0.031250 0.034375
0 0.368750 0.362500 0.031250 0.031250
0 0.126562 0.482812 0.028125 0.028125
0 0.246875 0.403125 0.031250 0.031250
0 0.589063 0.442188 0.028125 0.028125
0 0.325000 0.323437 0.031250 0.034375
0 0.296875 0.468750 0.031250 0.031250
0 0.504687 0.417187 0.028125 0.028125
0 0.512500 0.765625 0.031250 0.031250
0 0.612500 0.782813 0.031250 0.034375
0 0.256250 0.314063 0.031250 0.034375
0 0.392188 0.339062 0.034375 0.034375
0 0.664062 0.520312 0.034375 0.034375
0 0.098437 0.340625 0.034375 0.031250
0 0.267188 0.342187 0.028125 0.028125
0 0.487500 0.790625 0.031250 0.031250
0 0.579688 0.689063 0.028125 0.028125
0 0.079687 0.314063 0.034375 0.034375
0 0.220312 0.312500 0.028125 0.025000
0 0.440625 0.407813 0.031250 0.028125
0 0.579688 0.601562 0.028125 0.028125
0 0.654687 0.807813 0.034375 0.034375
0 0.117188 0.312500 0.034375 0.031250
0 0.165625 0.343750 0.031250 0.031250
0 0.671875 0.721875 0.031250 0.031250
0 0.681250 0.785937 0.031250 0.028125
0 0.476562 0.401562 0.034375 0.034375
0 0.639062 0.487500 0.034375 0.031250
0 0.232813 0.545312 0.028125 0.028125
0 0.307812 0.639062 0.034375 0.034375
0 0.628125 0.685937 0.025000 0.028125
0 0.132812 0.345313 0.034375 0.034375
0 0.150000 0.312500 0.031250 0.031250
