0 0.171875 0.893750 0.031250 0.031250
0 0.453125 0.512500 0.031250 0.031250
0 0.481250 0.093750 0.031250 0.031250
0 0.276562 0.293750 0.034375 0.031250
0 0.340625 0.710938 0.031250 0.034375
0 0.235937 0.142187 0.034375 0.034375
0 0.298438 0.206250 0.034375 0.031250
0 0.725000 0.290625 0.031250 0.031250
0 0.454688 0.243750 0.028125 0.031250
0 0.209375 0.293750 0.031250 0.031250
0 0.093750 0.187500 0.031250 0.031250
0 0.073438 0.217188 0.034375 0.034375
0 0.721875 0.046875 0.031250 0.031250
0 0.471875 0.718750 0.031250 0.031250
0 0.037500 0.356250 0.031250 0.031250
0 0.078125 0.156250 0.031250 0.031250
0 0.271875 0.771875 0.031250 0.031250
0 0.740625 0.485938 0.031250 0.028125
0 0.128125 0.190625 0.031250 0.031250
0 0.167187 0.134375 0.034375 0.031250
0 0.087500 0.385937 0.031250 0.034375
0 0.221875 0.053125 0.031250 0.031250
0 0.256250 0.621875 0.031250 0.031250
0 0.240625 0.084375 0.031250 0.031250
0 0.534375 0.450000 0.031250 0.031250
0 0.109375 0.220312 0.031250 0.034375
0 0.550000 0.548438 0.031250 0.028125
0 0.287500 0.621875 0.031250 0.031250
0 0.387500 0.181250 0.031250 0.031250
0 0.237500 0.831250 0.031250 0.031250
0 0.596875 0.470313 0.031250 0.028125
0 0.125000 0.251563 0.031250 0.034375
0 0.256250 0.056250 0.031250 0.031250
0 0.409375 0.767188 0.031250 0.028125
0 0.221875 0.800000 0.031250 0.031250
0 0.184375 0.625000 0.031250 0.031250
0 0.256250 0.443750 0.031250 0.031250
0 0.240625 0.892188 0.031250 0.034375
0 0.171875 0.475000 0.031250 0.031250
0 0.031250 0.893750 0.031250 0.031250
0 0.743750 0.446875 0.031250 0.031250
0 0.067187 0.596875 0.034375 0.031250
0 0.343750 0.828125 0.031250 0.031250
0 0.634375 0.303125 0.031250 0.031250
0 0.187500 0.684375 0.031250 0.031250
0 0.346875 0.296875 0.031250 0.031250
0 0.365625 0.267188 0.031250 0.034375
0 0.256250 0.740625 0.031250 0.031250
0 0.204687 0.653125 0.034375 0.031250
0 0.270313 0.712500 0.028125 0.031250
0 0.187500 0.803125 0.031250 0.031250
0 0.328125 0.325000 0.031250 0.031250
0 0.162500 0.193750 0.031250 0.031250
0 0.631250 0.673438 0.031250 0.034375
0 0.375000 0.475000 0.031250 0.031250
0 0.718750 0.392188 0.031250 0.034375
0 0.193750 0.259375 0.031250 0.031250
0 0.050000 0.565625 0.031250 0.031250
0 0.187500 0.054688 0.031250 0.034375
0 0.534375 0.637500 0.031250 0.031250
0 0.598437 0.103125 0.034375 0.031250
0 0.714063 0.556250 0.028125 0.031250
0 0.557813 0.581250 0.028125 0.031250
0 0.153125 0.565625 0.031250 0.031250
0 0.700000 0.587500 0.031250 0.031250
0 0.721875 0.184375 0.031250 0.031250
0 0.132812 0.129688 0.034375 0.034375
0 0.153125 0.443750 0.031250 0.031250
0 0.135937 0.775000 0.028125 0.031250
0 0.065625 0.715625 0.031250 0.031250
0 0.434375 0.673438 0.031250 0.034375
0 0.101562 0.714063 0.028125 0.028125
0 0.246875 0.231250 0.031250 0.031250
0 0.151562 0.506250 0.028125 0.031250
0 0.065625 0.656250 0.031250 0.031250
0 0.229687 0.203125 0.028125 0.031250
0 0.275000 0.890625 0.031250 0.031250
0 0.287500 0.681250 0.031250 0.031250
0 0.721875 0.220312 0.031250 0.028125
0 0.137500 0.475000 0.031250 0.031250
0 0.112500 0.157812 0.031250 0.034375
0 0.168750 0.714063 0.031250 0.034375
0 0.084375 0.684375 0.031250 0.031250
0 0.118750 0.923438 0.031250 0.028125
0 0.134375 0.714063 0.031250 0.028125
0 0.100000 0.596875 0.031250 0.031250
0 0.601562 0.246875 0.034375 0.031250
0 0.401562 0.800000 0.034375 0.031250
0 0.659375 0.653125 0.031250 0.031250
0 0.153125 0.923438 0.031250 0.034375
0 0.167187 0.653125 0.034375 0.031250
0 0.409375 0.151562 0.031250 0.034375
0 0.237500 0.653125 0.031250 0.031250
0 0.240625 0.412500 0.031250 0.031250
0 0.534375 0.068750 0.031250 0.031250
0 0.375000 0.150000 0.031250 0.031250
0 0.412500 0.090625 0.031250 0.031250
0 0.118750 0.743750 0.031250 0.031250
0 0.154688 0.064062 0.034375 0.034375
0 0.251563 0.175000 0.028125 0.031250
0 0.362500 0.059375 0.031250 0.031250
0 0.218750 0.625000 0.031250 0.031250
0 0.500000 0.628125 0.031250 0.031250
0 0.181250 0.165625 0.031250 0.031250
0 0.640625 0.137500 0.031250 0.031250
0 0.525000 0.184375 0.031250 0.031250
0 0.321875 0.564063 0.031250 0.028125
0 0.237500 0.714063 0.031250 0.028125
0 0.271875 0.145313 0.031250 0.034375
0 0.084375 0.923438 0.031250 0.034375
0 0.031250 0.656250 0.031250 0.031250
0 0.265625 0.203125 0.031250 0.031250
0 0.100000 0.656250 0.031250 0.031250
0 0.157812 0.256250 0.034375 0.031250
0 0.168750 0.595313 0.031250 0.028125
0 0.278125 0.235937 0.031250 0.028125
0 0.396875 0.062500 0.031250 0.031250
0 0.153125 0.684375 0.031250 0.031250
0 0.518750 0.537500 0.031250 0.031250
0 0.325000 0.384375 0.031250 0.031250
0 0.271875 0.473438 0.031250 0.034375
0 0.392188 0.737500 0.028125 0.031250
0 0.481250 0.328125 0.031250 0.031250
0 0.409375 0.709375 0.031250 0.031250
0 0.714063 0.428125 0.028125 0.031250
0 0.187500 0.443750 0.031250 0.031250
0 0.329688 0.859375 0.028125 0.031250
0 0.473438 0.214062 0.028125 0.028125
0 0.390625 0.121875 0.031250 0.031250
0 0.050000 0.860938 0.031250 0.034375
0 0.575000 0.215625 0.031250 0.031250
0 0.140625 0.095312 0.031250 0.034375
0 0.303125 0.593750 0.031250 0.031250
0 0.356250 0.621875 0.031250 0.031250
0 0.146875 0.162500 0.031250 0.031250
0 0.171875 0.290625 0.031250 0.031250
0 0.339062 0.471875 0.028125 0.031250
0 0.403125 0.270313 0.031250 0.034375
0 0.237500 0.475000 0.031250 0.031250
0 0.203125 0.831250 0.031250 0.031250
0 0.175000 0.101562 0.031250 0.034375
0 0.393750 0.385937 0.031250 0.034375
0 0.681250 0.557813 0.031250 0.028125
0 0.375000 0.415625 0.031250 0.031250
0 0.496875 0.595313 0.031250 0.028125
0 0.328125 0.057813 0.031250 0.034375
0 0.356250 0.503125 0.031250 0.031250
0 0.168750 0.771875 0.031250 0.031250
0 0.753125 0.340625 0.031250 0.031250
0 0.751563 0.098437 0.034375 0.034375
0 0.431250 0.448437 0.031250 0.034375
0 0.543750 0.703125 0.031250 0.031250
0 0.496875 0.815625 0.031250 0.031250
0 0.375000 0.090625 0.031250 0.031250
0 0.067187 0.893750 0.034375 0.031250
0 0.465625 0.456250 0.031250 0.031250
0 0.612500 0.346875 0.031250 0.031250
0 0.515625 0.726562 0.031250 0.034375
0 0.443750 0.153125 0.031250 0.031250
0 0.256250 0.860938 0.031250 0.034375
0 0.751563 0.378125 0.034375 0.031250
0 0.603125 0.506250 0.031250 0.031250
0 0.387500 0.503125 0.031250 0.031250
0 0.306250 0.475000 0.031250 0.031250
0 0.431250 0.062500 0.031250 0.031250
0 0.209375 0.231250 0.031250 0.031250
0 0.459375 0.184375 0.031250 0.031250
0 0.518750 0.037500 0.031250 0.031250
0 0.292187 0.443750 0.034375 0.031250
0 0.375000 0.651563 0.031250 0.028125
0 0.325000 0.800000 0.031250 0.031250
0 0.685937 0.132812 0.034375 0.034375
0 0.048438 0.745313 0.028125 0.028125
0 0.070312 0.093750 0.034375 0.031250
0 0.551562 0.359375 0.034375 0.031250
0 0.031250 0.596875 0.031250 0.031250
0 0.370312 0.209375 0.034375 0.031250
0 0.478125 0.156250 0.031250 0.031250
0 0.215625 0.171875 0.031250 0.031250
0 0.023438 0.121875 0.034375 0.031250
0 0.065625 0.771875 0.031250 0.031250
0 0.206250 0.025000 0.031250 0.031250
0 0.287500 0.740625 0.031250 0.031250
0 0.370312 0.534375 0.028125 0.031250
0 0.309375 0.831250 0.031250 0.031250
0 0.134375 0.595313 0.031250 0.028125
0 0.328125 0.265625 0.031250 0.031250
0 0.390625 0.562500 0.031250 0.031250
0 0.098437 0.126562 0.034375 0.034375
0 0.121875 0.446875 0.031250 0.031250
0 0.153125 0.625000 0.031250 0.031250
0 0.200000 0.137500 0.031250 0.031250
0 0.593750 0.184375 0.031250 0.031250
0 0.371875 0.593750 0.031250 0.031250
0 0.204687 0.771875 0.028125 0.031250
0 0.465625 0.831250 0.031250 0.031250
0 0.031250 0.834375 0.031250 0.031250
0 0.103125 0.893750 0.031250 0.031250
0 0.307812 0.771875 0.028125 0.031250
0 0.428125 0.121875 0.031250 0.031250
0 0.362500 0.325000 0.031250 0.031250
0 0.465625 0.581250 0.031250 0.031250
0 0.140625 0.221875 0.031250 0.031250
0 0.425000 0.184375 0.031250 0.031250
0 0.375000 0.709375 0.031250 0.031250
0 0.531250 0.406250 0.031250 0.031250
0 0.153125 0.746875 0.031250 0.031250
0 0.500000 0.068750 0.031250 0.031250
0 0.492188 0.184375 0.028125 0.031250
0 0.721875 0.359375 0.031250 0.031250
0 0.360938 0.384375 0.028125 0.031250
0 0.665625 0.590625 0.031250 0.031250
0 0.220312 0.565625 0.034375 0.031250
0 0.040625 0.154688 0.031250 0.034375
0 0.271875 0.534375 0.031250 0.031250
0 0.303125 0.146875 0.031250 0.031250
0 0.287500 0.506250 0.031250 0.031250
0 0.037500 0.415625 0.031250 0.031250
0 0.048438 0.803125 0.028125 0.031250
0 0.153125 0.803125 0.031250 0.031250
0 0.657813 0.167187 0.034375 0.034375
0 0.187500 0.862500 0.031250 0.031250
0 0.318750 0.178125 0.031250 0.031250
0 0.659375 0.496875 0.031250 0.031250
0 0.190625 0.321875 0.031250 0.031250
0 0.048438 0.626563 0.028125 0.028125
0 0.293750 0.325000 0.031250 0.031250
0 0.568750 0.306250 0.031250 0.031250
0 0.693750 0.340625 0.031250 0.031250
0 0.221875 0.443750 0.031250 0.031250
0 0.340625 0.412500 0.031250 0.031250
0 0.406250 0.212500 0.031250 0.031250
0 0.418750 0.300000 0.031250 0.031250
0 0.256250 0.506250 0.031250 0.031250
0 0.048438 0.682813 0.028125 0.028125
0 0.312500 0.293750 0.031250 0.031250
0 0.562500 0.392188 0.031250 0.034375
0 0.293750 0.859375 0.031250 0.031250
0 0.220312 0.684375 0.028125 0.031250
0 0.140625 0.282813 0.031250 0.034375
0 0.356250 0.443750 0.031250 0.031250
0 0.082812 0.743750 0.028125 0.031250
0 0.204687 0.714063 0.028125 0.028125
0 0.687500 0.375000 0.031250 0.031250
0 0.137500 0.893750 0.031250 0.031250
0 0.451562 0.354687 0.034375 0.034375
0 0.225000 0.921875 0.031250 0.031250
0 0.512500 0.343750 0.031250 0.031250
0 0.543750 0.515625 0.031250 0.031250
0 0.684375 0.615625 0.031250 0.031250
0 0.375000 0.767188 0.031250 0.028125
0 0.781250 0.046875 0.031250 0.031250
0 0.175000 0.353125 0.031250 0.031250
0 0.782813 0.325000 0.034375 0.031250
0 0.659375 0.110937 0.031250 0.028125
0 0.354687 0.562500 0.028125 0.031250
0 0.271875 0.590625 0.031250 0.031250
0 0.259375 0.921875 0.031250 0.031250
0 0.693750 0.062500 0.031250 0.031250
0 0.137500 0.537500 0.031250 0.031250
0 0.657813 0.425000 0.034375 0.031250
0 0.501563 0.464062 0.034375 0.034375
0 0.456250 0.750000 0.031250 0.031250
0 0.625000 0.640625 0.031250 0.031250
0 0.735938 0.584375 0.034375 0.031250
0 0.784375 0.290625 0.031250 0.031250
0 0.115625 0.565625 0.031250 0.031250
0 0.437500 0.850000 0.031250 0.031250
0 0.256250 0.112500 0.031250 0.031250
0 0.626563 0.378125 0.034375 0.031250
0 0.575000 0.078125 0.031250 0.031250
0 0.634375 0.240625 0.031250 0.031250
0 0.100000 0.775000 0.031250 0.031250
0 0.559375 0.615625 0.031250 0.031250
0 0.189062 0.921875 0.028125 0.031250
0 0.287500 0.564063 0.031250 0.028125
0 0.115625 0.062500 0.031250 0.031250
0 0.653125 0.356250 0.031250 0.031250
0 0.387500 0.240625 0.031250 0.031250
0 0.271875 0.653125 0.031250 0.031250
0 0.437500 0.606250 0.031250 0.031250
0 0.512500 0.496875 0.031250 0.031250
0 0.220312 0.743750 0.028125 0.031250
0 0.206250 0.475000 0.031250 0.031250
0 0.506250 0.215625 0.031250 0.031250
0 0.651563 0.459375 0.028125 0.031250
0 0.221875 0.506250 0.031250 0.031250
0 0.256250 0.803125 0.031250 0.031250
0 0.340625 0.768750 0.031250 0.031250
0 0.153125 0.862500 0.031250 0.031250
0 0.776563 0.431250 0.034375 0.031250
0 0.284375 0.175000 0.031250 0.031250
0 0.409375 0.650000 0.031250 0.031250
0 0.225000 0.325000 0.031250 0.031250
0 0.059375 0.125000 0.031250 0.031250
0 0.343750 0.354687 0.031250 0.028125
0 0.434375 0.575000 0.031250 0.031250
0 0.084375 0.626563 0.031250 0.028125
0 0.257812 0.384375 0.028125 0.031250
0 0.293750 0.917188 0.031250 0.034375
0 0.206250 0.893750 0.031250 0.031250
0 0.135937 0.834375 0.028125 0.031250
0 0.409375 0.415625 0.031250 0.031250
0 0.290625 0.384375 0.031250 0.031250
0 0.584375 0.559375 0.031250 0.031250
0 0.631250 0.706250 0.031250 0.031250
0 0.728125 0.521875 0.031250 0.031250
0 0.378125 0.825000 0.031250 0.031250
0 0.509375 0.275000 0.031250 0.031250
0 0.256250 0.684375 0.031250 0.031250
0 0.406250 0.590625 0.031250 0.031250
0 0.303125 0.534375 0.031250 0.031250
0 0.745313 0.412500 0.028125 0.031250
0 0.396875 0.325000 0.031250 0.031250
0 0.753125 0.309375 0.031250 0.031250
0 0.084375 0.565625 0.031250 0.031250
0 0.651563 0.620313 0.028125 0.028125
0 0.293750 0.800000 0.031250 0.031250
0 0.621875 0.446875 0.031250 0.031250
0 0.100000 0.537500 0.031250 0.031250
0 0.221875 0.859375 0.031250 0.031250
0 0.225000 0.381250 0.031250 0.031250
0 0.271875 0.412500 0.031250 0.031250
0 0.203125 0.084375 0.031250 0.031250
0 0.115625 0.625000 0.031250 0.031250
0 0.543750 0.282813 0.031250 0.034375
0 0.321875 0.621875 0.031250 0.031250
0 0.057813 0.265625 0.034375 0.031250
0 0.203125 0.593750 0.031250 0.031250
0 0.779687 0.364063 0.034375 0.034375
0 0.553125 0.775000 0.031250 0.031250
0 0.620313 0.606250 0.034375 0.031250
0 0.537500 0.671875 0.031250 0.031250
0 0.521875 0.760938 0.031250 0.034375
0 0.303125 0.709375 0.031250 0.031250
0 0.746875 0.550000 0.031250 0.031250
0 0.528125 0.131250 0.031250 0.031250
0 0.557813 0.243750 0.028125 0.031250
0 0.604688 0.731250 0.028125 0.031250
0 0.542188 0.214062 0.028125 0.028125
0 0.276562 0.354687 0.028125 0.028125
0 0.428125 0.387500 0.031250 0.031250
0 0.490625 0.246875 0.031250 0.031250
0 0.706250 0.496875 0.031250 0.031250
0 0.525000 0.571875 0.031250 0.031250
0 0.570312 0.682813 0.028125 0.028125
0 0.271875 0.828125 0.031250 0.031250
0 0.468750 0.684375 0.031250 0.031250
0 0.437500 0.812500 0.031250 0.031250
0 0.237500 0.771875 0.031250 0.031250
0 0.187500 0.743750 0.031250 0.031250
0 0.481250 0.293750 0.031250 0.031250
0 0.656250 0.390625 0.031250 0.031250
0 0.237500 0.537500 0.031250 0.031250
0 0.693750 0.096875 0.031250 0.031250
0 0.360938 0.796875 0.028125 0.031250
0 0.242188 0.353125 0.028125 0.031250
0 0.515625 0.100000 0.031250 0.031250
0 0.309375 0.026562 0.031250 0.034375
0 0.117188 0.684375 0.028125 0.031250
0 0.271875 0.084375 0.031250 0.031250
0 0.031250 0.715625 0.031250 0.031250
0 0.443750 0.276562 0.031250 0.034375
0 0.639062 0.196875 0.034375 0.031250
0 0.351562 0.237500 0.034375 0.031250
0 0.645312 0.562500 0.034375 0.031250
0 0.100000 0.031250 0.031250 0.031250
0 0.606250 0.281250 0.031250 0.031250
0 0.309375 0.887500 0.031250 0.031250
0 0.153125 0.321875 0.031250 0.031250
0 0.329688 0.910937 0.034375 0.034375
0 0.407813 0.475000 0.028125 0.031250
0 0.635938 0.056250 0.028125 0.031250
0 0.184375 0.506250 0.031250 0.031250
0 0.303125 0.653125 0.031250 0.031250
0 0.171875 0.537500 0.031250 0.031250
0 0.526563 0.796875 0.028125 0.031250
0 0.495312 0.781250 0.034375 0.031250
0 0.339062 0.653125 0.028125 0.031250
0 0.682813 0.471875 0.028125 0.031250
0 0.178125 0.225000 0.031250 0.031250
0 0.196875 0.198437 0.031250 0.028125
0 0.468750 0.615625 0.031250 0.031250
0 0.471875 0.650000 0.031250 0.031250
0 0.495312 0.126562 0.028125 0.028125
0 0.292187 0.056250 0.028125 0.031250
0 0.056250 0.325000 0.031250 0.031250
0 0.512500 0.309375 0.031250 0.031250
0 0.390625 0.621875 0.031250 0.031250
0 0.493750 0.560937 0.031250 0.028125
0 0.462500 0.390625 0.031250 0.031250
0 0.339062 0.146875 0.034375 0.031250
0 0.571875 0.121875 0.031250 0.031250
0 0.439063 0.212500 0.028125 0.031250
0 0.440625 0.778125 0.031250 0.031250
0 0.359375 0.118750 0.031250 0.031250
0 0.225000 0.262500 0.031250 0.031250
0 0.664062 0.220312 0.034375 0.034375
0 0.718750 0.615625 0.031250 0.031250
0 0.057813 0.182812 0.034375 0.034375
0 0.421875 0.240625 0.031250 0.031250
0 0.487500 0.525000 0.031250 0.031250
0 0.548438 0.100000 0.028125 0.031250
0 0.168750 0.834375 0.031250 0.031250
0 0.337500 0.532813 0.031250 0.028125
0 0.600000 0.693750 0.031250 0.031250
0 0.262500 0.262500 0.031250 0.031250
0 0.578125 0.528125 0.031250 0.031250
0 0.465625 0.865625 0.031250 0.031250
0 0.496875 0.850000 0.031250 0.031250
0 0.354687 0.178125 0.034375 0.031250
0 0.209375 0.353125 0.031250 0.031250
0 0.484375 0.362500 0.031250 0.031250
0 0.275000 0.026562 0.031250 0.028125
0 0.425000 0.737500 0.031250 0.031250
0 0.359375 0.681250 0.031250 0.031250
0 0.021875 0.323437 0.031250 0.034375
0 0.392188 0.681250 0.028125 0.031250
0 0.184375 0.565625 0.031250 0.031250
0 0.123438 0.389062 0.034375 0.034375
0 0.412500 0.356250 0.031250 0.031250
0 0.053125 0.385937 0.031250 0.028125
0 0.587500 0.595313 0.031250 0.028125
0 0.753125 0.237500 0.031250 0.031250
0 0.029687 0.201563 0.034375 0.034375
0 0.628125 0.484375 0.031250 0.031250
0 0.693750 0.271875 0.031250 0.031250
0 0.475000 0.421875 0.031250 0.031250
0 0.356250 0.739062 0.031250 0.028125
0 0.443750 0.481250 0.031250 0.031250
0 0.046875 0.925000 0.031250 0.031250
0 0.220312 0.112500 0.028125 0.031250
0 0.385937 0.896875 0.034375 0.031250
0 0.528125 0.604688 0.031250 0.028125
0 0.604688 0.137500 0.028125 0.031250
0 0.323437 0.739062 0.028125 0.028125
0 0.578125 0.751563 0.031250 0.028125
0 0.462500 0.548438 0.031250 0.028125
0 0.293750 0.265625 0.031250 0.031250
0 0.104688 0.092188 0.034375 0.034375
0 0.392188 0.443750 0.028125 0.031250
0 0.321875 0.681250 0.031250 0.031250
0 0.721875 0.117188 0.031250 0.034375
0 0.157812 0.384375 0.034375 0.031250
0 0.409375 0.834375 0.031250 0.031250
0 0.662500 0.321875 0.031250 0.031250
0 0.626563 0.414062 0.034375 0.034375
0 0.134375 0.653125 0.031250 0.031250
0 0.171875 0.415625 0.031250 0.031250
0 0.204687 0.534375 0.028125 0.031250
0 0.381250 0.298438 0.031250 0.034375
0 0.662500 0.078125 0.031250 0.031250
0 0.521875 0.375000 0.031250 0.031250
0 0.573438 0.717187 0.028125 0.028125
0 0.084375 0.062500 0.031250 0.031250
0 0.323437 0.443750 0.028125 0.031250
0 0.440625 0.706250 0.031250 0.031250
0 0.609375 0.537500 0.031250 0.031250
0 0.084375 0.862500 0.031250 0.031250
0 0.662500 0.531250 0.031250 0.031250
0 0.118750 0.504687 0.031250 0.028125
0 0.621875 0.168750 0.031250 0.031250
0 0.721875 0.079687 0.031250 0.028125
0 0.612500 0.575000 0.031250 0.031250
0 0.542188 0.325000 0.028125 0.031250
0 0.587500 0.370312 0.031250 0.028125
0 0.139063 0.032813 0.034375 0.034375
0 0.559375 0.425000 0.031250 0.031250
0 0.395313 0.867188 0.034375 0.034375
0 0.035937 0.089063 0.034375 0.034375
0 0.781250 0.395313 0.031250 0.034375
0 0.104688 0.417187 0.028125 0.028125
0 0.559375 0.184375 0.031250 0.031250
0 0.693750 0.167187 0.031250 0.034375
0 0.412500 0.032813 0.031250 0.034375
0 0.782813 0.220312 0.034375 0.034375
0 0.171875 0.021875 0.031250 0.031250
0 0.570312 0.493750 0.028125 0.031250
0 0.537500 0.481250 0.031250 0.031250
0 0.565625 0.462500 0.031250 0.031250
0 0.725000 0.253125 0.031250 0.031250
0 0.242188 0.025000 0.028125 0.031250
0 0.578125 0.337500 0.031250 0.031250
0 0.578125 0.156250 0.031250 0.031250
0 0.548438 0.737500 0.028125 0.031250
0 0.071875 0.356250 0.031250 0.031250
0 0.118750 0.862500 0.031250 0.031250
0 0.068750 0.415625 0.031250 0.031250
0 0.693750 0.528125 0.031250 0.031250
0 0.037500 0.293750 0.031250 0.031250
0 0.365625 0.856250 0.031250 0.031250
0 0.634375 0.090625 0.031250 0.031250
0 0.573438 0.271875 0.028125 0.031250
0 0.104688 0.278125 0.034375 0.031250
0 0.725000 0.323437 0.031250 0.028125
0 0.425000 0.884375 0.031250 0.031250
0 0.609375 0.214062 0.031250 0.034375
0 0.490625 0.746875 0.031250 0.031250
0 0.464062 0.065625 0.028125 0.031250
0 0.087500 0.250000 0.031250 0.031250
0 0.378125 0.356250 0.031250 0.031250
0 0.704688 0.643750 0.034375 0.031250
0 0.604688 0.070312 0.028125 0.028125
0 0.206250 0.412500 0.031250 0.031250
0 0.453125 0.309375 0.031250 0.031250
0 0.137500 0.417187 0.031250 0.028125
0 0.478125 0.487500 0.031250 0.031250
0 0.309375 0.356250 0.031250 0.031250
0 0.553125 0.040625 0.031250 0.031250
0 0.565625 0.648438 0.031250 0.028125
0 0.753125 0.064062 0.031250 0.028125
0 0.046875 0.059375 0.031250 0.031250
0 0.693750 0.237500 0.031250 0.031250
0 0.379688 0.028125 0.034375 0.031250
0 0.032813 0.537500 0.034375 0.031250
0 0.596875 0.660937 0.031250 0.028125
0 0.446875 0.095312 0.031250 0.028125
0 0.421875 0.504687 0.031250 0.028125
0 0.665625 0.253125 0.031250 0.031250
0 0.440625 0.640625 0.031250 0.031250
0 0.768750 0.470313 0.031250 0.034375
0 0.307812 0.414062 0.028125 0.028125
0 0.073438 0.293750 0.034375 0.031250
0 0.687500 0.406250 0.031250 0.031250
0 0.610938 0.765625 0.034375 0.031250
0 0.506250 0.662500 0.031250 0.031250
0 0.314063 0.235937 0.028125 0.028125
0 0.525000 0.243750 0.031250 0.031250
0 0.753125 0.271875 0.031250 0.031250
0 0.603125 0.312500 0.031250 0.031250
0 0.465625 0.798438 0.031250 0.028125
0 0.450000 0.034375 0.031250 0.031250
0 0.751563 0.203125 0.028125 0.031250
0 0.464062 0.126562 0.028125 0.028125
0 0.687500 0.673438 0.031250 0.034375
0 0.721875 0.150000 0.031250 0.031250
0 0.345313 0.028125 0.028125 0.031250
0 0.593750 0.403125 0.031250 0.031250
0 0.637500 0.021875 0.031250 0.031250
0 0.606250 0.037500 0.031250 0.031250
0 0.321875 0.503125 0.031250 0.031250
0 0.510938 0.154688 0.028125 0.028125
0 0.665625 0.287500 0.031250 0.031250
0 0.084375 0.446875 0.031250 0.031250
0 0.751563 0.165625 0.034375 0.031250
0 0.259375 0.323437 0.031250 0.028125
0 0.557813 0.812500 0.028125 0.031250
0 0.781250 0.184375 0.031250 0.031250
0 0.045312 0.232813 0.034375 0.034375
0 0.693750 0.203125 0.031250 0.031250
0 0.340625 0.090625 0.031250 0.031250
0 0.593750 0.628125 0.031250 0.031250
0 0.442188 0.417187 0.028125 0.028125
0 0.528125 0.828125 0.031250 0.031250
0 0.337500 0.593750 0.031250 0.031250
0 0.782813 0.081250 0.034375 0.031250
0 0.784375 0.254688 0.031250 0.034375
0 0.584375 0.787500 0.031250 0.031250
0 0.500000 0.696875 0.031250 0.031250
0 0.481250 0.037500 0.031250 0.031250
0 0.031250 0.775000 0.031250 0.031250
0 0.253125 0.564063 0.031250 0.028125
0 0.506250 0.428125 0.031250 0.031250
0 0.053125 0.446875 0.031250 0.031250
0 0.495312 0.396875 0.028125 0.031250
0 0.432812 0.539062 0.028125 0.028125
0 0.065625 0.535937 0.031250 0.034375
0 0.353125 0.885938 0.031250 0.034375
0 0.018750 0.384375 0.031250 0.031250
0 0.067187 0.028125 0.034375 0.031250
0 0.665625 0.701562 0.031250 0.034375
0 0.714063 0.462500 0.028125 0.031250
0 0.545312 0.157812 0.028125 0.028125
0 0.782813 0.117188 0.034375 0.034375
0 0.404687 0.532813 0.028125 0.028125
0 0.032813 0.026562 0.034375 0.034375
0 0.632812 0.515625 0.028125 0.031250
0 0.760938 0.510938 0.034375 0.034375
0 0.637500 0.740625 0.031250 0.031250
0 0.190625 0.381250 0.031250 0.031250
0 0.243750 0.293750 0.031250 0.031250
0 0.578125 0.018750 0.031250 0.031250
0 0.068750 0.834375 0.031250 0.031250
0 0.751563 0.028125 0.034375 0.031250
0 0.237500 0.595313 0.031250 0.028125
0 0.693750 0.028125 0.031250 0.031250
0 0.692187 0.307812 0.028125 0.028125
0 0.639062 0.270313 0.028125 0.028125
0 0.017188 0.684375 0.028125 0.031250
0 0.751563 0.134375 0.028125 0.031250
0 0.015625 0.923438 0.031250 0.028125
0 0.332813 0.210938 0.028125 0.028125
0 0.782813 0.151562 0.034375 0.034375
0 0.685937 0.440625 0.028125 0.031250
0 0.018750 0.446875 0.031250 0.031250
0 0.429688 0.329688 0.028125 0.028125
0 0.017188 0.568750 0.028125 0.031250
0 0.592187 0.439063 0.028125 0.028125
0 0.017188 0.806250 0.028125 0.031250
0 0.017188 0.056250 0.034375 0.031250
