0 0.843750 0.059375 0.031250 0.031250
0 0.896875 0.181250 0.031250 0.031250
0 0.667188 0.760938 0.028125 0.028125
0 0.831250 0.262500 0.031250 0.031250
0 0.671875 0.189062 0.031250 0.028125
0 0.956250 0.100000 0.031250 0.031250
0 0.768750 0.109375 0.031250 0.031250
0 0.714063 0.132812 0.028125 0.028125
0 0.521875 0.465625 0.031250 0.031250
0 0.723437 0.760938 0.028125 0.028125
0 0.378125 0.823438 0.031250 0.028125
0 0.939063 0.360938 0.028125 0.028125
0 0.437500 0.450000 0.031250 0.031250
0 0.440625 0.048438 0.031250 0.028125
0 0.892188 0.328125 0.028125 0.031250
0 0.521875 0.909375 0.031250 0.031250
0 0.835938 0.407813 0.028125 0.028125
0 0.626563 0.068750 0.028125 0.031250
0 0.965625 0.189062 0.031250 0.028125
0 0.953125 0.968750 0.031250 0.031250
0 0.407813 0.876563 0.028125 0.028125
0 0.495312 0.859375 0.028125 0.031250
0 0.495312 0.792188 0.028125 0.028125
0 0.581250 0.843750 0.031250 0.031250
0 0.865625 0.032813 0.031250 0.028125
0 0.723437 0.165625 0.028125 0.031250
0 0.726562 0.400000 0.028125 0.031250
0 0.853125 0.381250 0.031250 0.031250
0 0.948438 0.303125 0.028125 0.031250
0 0.350000 0.909375 0.031250 0.031250
0 0.465625 0.196875 0.031250 0.031250
0 0.437500 0.959375 0.031250 0.031250
0 0.350000 0.537500 0.031250 0.031250
0 0.318750 0.314063 0.031250 0.034375
0 0.551562 0.512500 0.028125 0.031250
0 0.409375 0.064062 0.031250 0.028125
0 0.834375 0.115625 0.031250 0.031250
0 0.856250 0.323437 0.031250 0.028125
0 0.409375 0.501563 0.031250 0.028125
0 0.868750 0.121875 0.031250 0.031250
0 0.782813 0.762500 0.028125 0.031250
0 0.776563 0.050000 0.028125 0.031250
0 0.464062 0.264062 0.028125 0.028125
0 0.528125 0.053125 0.031250 0.031250
0 0.464062 0.876563 0.028125 0.028125
0 0.439063 0.656250 0.028125 0.031250
0 0.790625 0.084375 0.031250 0.031250
0 0.553125 0.215625 0.031250 0.031250
0 0.581250 0.742188 0.031250 0.028125
0 0.437500 0.928125 0.031250 0.031250
0 0.610938 0.860938 0.028125 0.028125
0 0.671875 0.096875 0.031250 0.031250
0 0.678125 0.040625 0.031250 0.031250
0 0.523438 0.296875 0.028125 0.031250
0 0.376563 0.314063 0.028125 0.028125
0 0.381250 0.656250 0.031250 0.031250
0 0.921875 0.243750 0.031250 0.031250
0 0.609375 0.792188 0.031250 0.028125
0 0.667188 0.335938 0.028125 0.028125
0 0.626563 0.156250 0.028125 0.031250
0 0.523438 0.262500 0.028125 0.031250
0 0.381250 0.518750 0.031250 0.031250
0 0.437500 0.281250 0.031250 0.031250
0 0.464062 0.364063 0.028125 0.028125
0 0.757812 0.168750 0.028125 0.031250
0 0.346875 0.262500 0.031250 0.031250
0 0.437500 0.484375 0.031250 0.031250
0 0.523438 0.532813 0.028125 0.028125
0 0.553125 0.725000 0.031250 0.031250
0 0.553125 0.246875 0.031250 0.031250
0 0.581250 0.776563 0.031250 0.028125
0 0.406250 0.162500 0.031250 0.031250
0 0.725000 0.542188 0.031250 0.028125
0 0.465625 0.706250 0.031250 0.031250
0 0.784375 0.373437 0.031250 0.028125
0 0.612500 0.371875 0.031250 0.031250
0 0.407813 0.706250 0.028125 0.031250
0 0.657813 0.159375 0.028125 0.031250
0 0.962500 0.334375 0.031250 0.031250
0 0.825000 0.465625 0.031250 0.031250
0 0.523438 0.398438 0.028125 0.028125
0 0.931250 0.184375 0.031250 0.031250
0 0.378125 0.278125 0.031250 0.031250
0 0.467187 0.775000 0.028125 0.031250
0 0.667188 0.368750 0.028125 0.031250
0 0.439063 0.587500 0.028125 0.031250
0 0.639062 0.710938 0.028125 0.028125
0 0.493750 0.379688 0.031250 0.028125
0 0.962500 0.043750 0.031250 0.031250
0 0.378125 0.415625 0.031250 0.031250
0 0.409375 0.537500 0.031250 0.031250
0 0.609375 0.693750 0.031250 0.031250
0 0.725000 0.075000 0.031250 0.031250
0 0.840625 0.203125 0.031250 0.031250
0 0.890625 0.093750 0.031250 0.031250
0 0.932813 0.417187 0.028125 0.028125
0 0.901563 0.800000 0.028125 0.031250
0 0.812500 0.290625 0.031250 0.031250
0 0.642188 0.487500 0.028125 0.031250
0 0.407813 0.740625 0.028125 0.031250
0 0.550000 0.378125 0.031250 0.031250
0 0.590625 0.296875 0.031250 0.031250
0 0.956250 0.246875 0.031250 0.031250
0 0.407813 0.976562 0.028125 0.028125
0 0.350000 0.365625 0.031250 0.031250
0 0.521875 0.706250 0.031250 0.031250
0 0.725000 0.434375 0.031250 0.031250
0 0.737500 0.104688 0.031250 0.028125
0 0.551562 0.759375 0.028125 0.031250
0 0.917188 0.153125 0.028125 0.031250
0 0.759375 0.312500 0.031250 0.031250
0 0.320312 0.925000 0.028125 0.031250
0 0.678125 0.276562 0.031250 0.028125
0 0.321875 0.518750 0.031250 0.031250
0 0.671875 0.503125 0.031250 0.031250
0 0.739062 0.339062 0.028125 0.028125
0 0.898438 0.932813 0.028125 0.028125
0 0.439063 0.553125 0.028125 0.031250
0 0.784375 0.229687 0.031250 0.028125
0 0.726562 0.828125 0.028125 0.031250
0 0.550000 0.414062 0.031250 0.028125
0 0.881250 0.443750 0.031250 0.031250
0 0.381250 0.079687 0.031250 0.028125
0 0.348438 0.875000 0.028125 0.031250
0 0.468750 0.534375 0.031250 0.031250
0 0.495312 0.656250 0.028125 0.031250
0 0.904687 0.123438 0.028125 0.028125
0 0.495312 0.825000 0.028125 0.031250
0 0.350000 0.095312 0.031250 0.028125
0 0.381250 0.621875 0.031250 0.031250
0 0.553125 0.314063 0.031250 0.028125
0 0.868750 0.543750 0.031250 0.031250
0 0.703125 0.337500 0.031250 0.031250
0 0.667188 0.826562 0.028125 0.028125
0 0.464062 0.164062 0.028125 0.028125
0 0.837500 0.350000 0.031250 0.031250
0 0.732812 0.017188 0.028125 0.028125
0 0.378125 0.346875 0.031250 0.031250
0 0.968750 0.418750 0.031250 0.031250
0 0.696875 0.910937 0.031250 0.028125
0 0.896875 0.268750 0.031250 0.031250
0 0.765625 0.256250 0.031250 0.031250
0 0.959375 0.800000 0.031250 0.031250
0 0.350000 0.706250 0.031250 0.031250
0 0.951562 0.157812 0.028125 0.028125
0 0.860938 0.178125 0.028125 0.031250
0 0.778125 0.285938 0.031250 0.028125
0 0.437500 0.689063 0.031250 0.028125
0 0.407813 0.909375 0.028125 0.031250
0 0.609375 0.437500 0.031250 0.031250
0 0.406250 0.331250 0.031250 0.031250
0 0.814063 0.434375 0.028125 0.031250
0 0.381250 0.046875 0.031250 0.031250
0 0.640625 0.909375 0.031250 0.031250
0 0.726562 0.793750 0.028125 0.031250
0 0.843750 0.293750 0.031250 0.031250
0 0.901563 0.412500 0.028125 0.031250
0 0.318750 0.178125 0.031250 0.031250
0 0.407813 0.840625 0.028125 0.031250
0 0.751563 0.225000 0.028125 0.031250
0 0.723437 0.310937 0.028125 0.028125
0 0.792188 0.317188 0.028125 0.028125
0 0.581250 0.909375 0.031250 0.031250
0 0.943750 0.215625 0.031250 0.031250
0 0.531250 0.165625 0.031250 0.031250
0 0.959375 0.834375 0.031250 0.031250
0 0.620313 0.210938 0.028125 0.028125
0 0.637500 0.843750 0.031250 0.031250
0 0.321875 0.417187 0.031250 0.028125
0 0.551562 0.892188 0.028125 0.028125
0 0.731250 0.253125 0.031250 0.031250
0 0.348438 0.807813 0.028125 0.028125
0 0.581250 0.637500 0.031250 0.031250
0 0.931250 0.815625 0.031250 0.031250
0 0.407813 0.942187 0.028125 0.028125
0 0.612500 0.268750 0.031250 0.031250
0 0.437500 0.825000 0.031250 0.031250
0 0.912500 0.300000 0.031250 0.031250
0 0.882812 0.151562 0.028125 0.028125
0 0.968750 0.278125 0.031250 0.031250
0 0.860938 0.471875 0.034375 0.031250
0 0.606250 0.181250 0.031250 0.031250
0 0.773438 0.345313 0.028125 0.028125
0 0.464062 0.909375 0.028125 0.031250
0 0.934375 0.275000 0.031250 0.031250
0 0.848437 0.439063 0.028125 0.028125
0 0.581250 0.673438 0.031250 0.028125
0 0.793750 0.406250 0.031250 0.031250
0 0.640625 0.454688 0.031250 0.028125
0 0.600000 0.237500 0.031250 0.031250
0 0.559375 0.150000 0.031250 0.031250
0 0.915625 0.446875 0.031250 0.031250
0 0.818750 0.231250 0.031250 0.031250
0 0.906250 0.214062 0.031250 0.028125
0 0.750000 0.137500 0.031250 0.031250
0 0.581250 0.529687 0.031250 0.028125
0 0.670312 0.470313 0.028125 0.028125
0 0.495312 0.212500 0.028125 0.031250
0 0.437500 0.115625 0.031250 0.031250
0 0.551562 0.548438 0.028125 0.028125
0 0.871875 0.207813 0.031250 0.028125
0 0.632812 0.243750 0.028125 0.031250
0 0.468750 0.603125 0.031250 0.031250
0 0.593750 0.062500 0.031250 0.031250
0 0.696875 0.809375 0.031250 0.031250
0 0.378125 0.859375 0.031250 0.031250
0 0.751563 0.370312 0.028125 0.028125
0 0.639062 0.810937 0.028125 0.028125
0 0.870313 0.882812 0.028125 0.028125
0 0.929688 0.548438 0.034375 0.034375
0 0.584375 0.209375 0.031250 0.031250
0 0.670312 0.860938 0.028125 0.028125
0 0.437500 0.859375 0.031250 0.031250
0 0.725000 0.728125 0.031250 0.031250
0 0.850000 0.234375 0.031250 0.031250
0 0.667188 0.795312 0.028125 0.028125
0 0.798438 0.260937 0.028125 0.028125
0 0.929688 0.581250 0.028125 0.031250
0 0.692187 0.071875 0.028125 0.031250
0 0.690625 0.307812 0.031250 0.028125
0 0.407813 0.196875 0.028125 0.031250
0 0.350000 0.671875 0.031250 0.031250
0 0.929688 0.040625 0.028125 0.031250
0 0.896875 0.965625 0.031250 0.031250
0 0.350000 0.062500 0.031250 0.031250
0 0.467187 0.843750 0.028125 0.031250
0 0.701562 0.485938 0.028125 0.028125
0 0.493750 0.959375 0.031250 0.031250
0 0.718750 0.221875 0.031250 0.031250
0 0.703125 0.518750 0.031250 0.031250
0 0.796875 0.025000 0.031250 0.031250
0 0.667188 0.893750 0.028125 0.031250
0 0.906250 0.356250 0.031250 0.031250
0 0.823438 0.173437 0.028125 0.028125
0 0.865625 0.265625 0.031250 0.031250
0 0.926562 0.917188 0.028125 0.028125
0 0.381250 0.587500 0.031250 0.031250
0 0.581250 0.328125 0.031250 0.031250
0 0.896875 0.532813 0.031250 0.034375
0 0.810937 0.710938 0.028125 0.028125
0 0.553125 0.959375 0.031250 0.031250
0 0.525000 0.196875 0.031250 0.031250
0 0.495312 0.757812 0.028125 0.028125
0 0.806250 0.203125 0.031250 0.031250
0 0.673438 0.581250 0.034375 0.031250
0 0.525000 0.637500 0.031250 0.031250
0 0.378125 0.212500 0.031250 0.031250
0 0.407813 0.229687 0.028125 0.028125
0 0.465625 0.329688 0.031250 0.028125
0 0.525000 0.673438 0.031250 0.028125
0 0.551562 0.859375 0.028125 0.031250
0 0.759375 0.404687 0.031250 0.034375
0 0.465625 0.740625 0.031250 0.031250
0 0.929688 0.882812 0.028125 0.028125
0 0.928125 0.850000 0.031250 0.031250
0 0.754687 0.779687 0.028125 0.028125
0 0.718750 0.365625 0.031250 0.031250
0 0.779687 0.140625 0.028125 0.031250
0 0.581250 0.942187 0.031250 0.028125
0 0.465625 0.465625 0.031250 0.031250
0 0.553125 0.925000 0.031250 0.031250
0 0.571875 0.089063 0.031250 0.028125
0 0.582812 0.120313 0.028125 0.028125
0 0.615625 0.125000 0.031250 0.031250
0 0.551562 0.825000 0.028125 0.031250
0 0.381250 0.112500 0.031250 0.031250
0 0.378125 0.246875 0.031250 0.031250
0 0.553125 0.690625 0.031250 0.031250
0 0.925000 0.329688 0.031250 0.028125
0 0.792188 0.173437 0.028125 0.028125
0 0.495312 0.181250 0.028125 0.031250
0 0.745313 0.282813 0.028125 0.028125
0 0.951562 0.446875 0.028125 0.031250
0 0.976562 0.071875 0.028125 0.031250
0 0.465625 0.637500 0.031250 0.031250
0 0.375000 0.146875 0.031250 0.031250
0 0.437500 0.181250 0.031250 0.031250
0 0.610938 0.548438 0.028125 0.028125
0 0.957812 0.901563 0.028125 0.028125
0 0.703125 0.101562 0.031250 0.028125
0 0.604688 0.092188 0.028125 0.028125
0 0.640625 0.387500 0.031250 0.031250
0 0.896875 0.565625 0.031250 0.031250
0 0.493750 0.146875 0.031250 0.031250
0 0.845313 0.148438 0.028125 0.028125
0 0.667188 0.692187 0.028125 0.028125
0 0.667188 0.728125 0.028125 0.031250
0 0.925000 0.950000 0.031250 0.031250
0 0.901563 0.832812 0.028125 0.028125
0 0.870313 0.915625 0.028125 0.031250
0 0.815625 0.381250 0.031250 0.031250
0 0.610938 0.893750 0.028125 0.031250
0 0.868750 0.948438 0.031250 0.028125
0 0.848437 0.517188 0.028125 0.028125
0 0.581250 0.876563 0.031250 0.028125
0 0.553125 0.115625 0.031250 0.031250
0 0.612500 0.403125 0.031250 0.031250
0 0.562500 0.181250 0.031250 0.031250
0 0.650000 0.128125 0.031250 0.031250
0 0.753125 0.810937 0.031250 0.028125
0 0.609375 0.959375 0.031250 0.031250
0 0.645312 0.273438 0.028125 0.028125
0 0.942187 0.070312 0.028125 0.028125
0 0.759375 0.471875 0.031250 0.031250
0 0.409375 0.807813 0.031250 0.028125
0 0.725000 0.662500 0.031250 0.031250
0 0.637500 0.675000 0.031250 0.031250
0 0.651563 0.217188 0.028125 0.028125
0 0.909375 0.065625 0.031250 0.031250
0 0.954688 0.390625 0.028125 0.031250
0 0.465625 0.100000 0.031250 0.031250
0 0.956250 0.934375 0.031250 0.031250
0 0.378125 0.892188 0.031250 0.028125
0 0.551562 0.654687 0.028125 0.028125
0 0.434375 0.415625 0.031250 0.031250
0 0.321875 0.689063 0.031250 0.028125
0 0.893750 0.471875 0.031250 0.031250
0 0.640625 0.421875 0.031250 0.031250
0 0.523438 0.807813 0.028125 0.028125
0 0.495312 0.050000 0.028125 0.031250
0 0.351562 0.637500 0.028125 0.031250
0 0.350000 0.740625 0.031250 0.031250
0 0.593750 0.153125 0.031250 0.031250
0 0.350000 0.228125 0.031250 0.031250
0 0.801562 0.114062 0.028125 0.028125
0 0.920312 0.389062 0.028125 0.028125
0 0.923438 0.096875 0.028125 0.031250
0 0.957812 0.868750 0.028125 0.031250
0 0.725000 0.893750 0.031250 0.031250
0 0.878125 0.293750 0.031250 0.031250
0 0.639062 0.776563 0.028125 0.028125
0 0.670312 0.435937 0.028125 0.028125
0 0.639062 0.942187 0.028125 0.028125
0 0.825000 0.320312 0.031250 0.028125
0 0.579688 0.396875 0.028125 0.031250
0 0.759375 0.439063 0.031250 0.034375
0 0.884375 0.240625 0.031250 0.031250
0 0.407813 0.096875 0.028125 0.031250
0 0.495312 0.689063 0.028125 0.028125
0 0.551562 0.792188 0.028125 0.028125
0 0.889062 0.384375 0.028125 0.031250
0 0.814063 0.143750 0.028125 0.031250
0 0.871875 0.354687 0.031250 0.028125
0 0.787500 0.453125 0.031250 0.031250
0 0.685937 0.218750 0.028125 0.031250
0 0.876563 0.500000 0.034375 0.031250
0 0.667188 0.659375 0.028125 0.031250
0 0.562500 0.057813 0.031250 0.028125
0 0.770312 0.198437 0.028125 0.028125
0 0.351562 0.501563 0.028125 0.028125
0 0.321875 0.620313 0.031250 0.034375
0 0.935937 0.128125 0.028125 0.031250
0 0.465625 0.432812 0.031250 0.028125
0 0.856250 0.089063 0.031250 0.028125
0 0.900000 0.900000 0.031250 0.031250
0 0.712500 0.281250 0.031250 0.031250
0 0.378125 0.450000 0.031250 0.031250
0 0.609375 0.925000 0.031250 0.031250
0 0.381250 0.485938 0.031250 0.028125
0 0.450000 0.017188 0.031250 0.028125
0 0.806250 0.346875 0.031250 0.031250
0 0.521875 0.329688 0.031250 0.028125
0 0.464062 0.129688 0.028125 0.028125
0 0.551562 0.479687 0.028125 0.028125
0 0.409375 0.671875 0.031250 0.031250
0 0.782813 0.729688 0.028125 0.028125
0 0.409375 0.637500 0.031250 0.031250
0 0.437500 0.245312 0.031250 0.028125
0 0.637500 0.351562 0.031250 0.028125
0 0.637500 0.975000 0.031250 0.031250
0 0.350000 0.128125 0.031250 0.031250
0 0.437500 0.214062 0.031250 0.028125
0 0.521875 0.943750 0.031250 0.031250
0 0.467187 0.229687 0.028125 0.028125
0 0.665625 0.245312 0.031250 0.028125
0 0.975000 0.220312 0.031250 0.028125
0 0.696875 0.845313 0.031250 0.028125
0 0.493750 0.314063 0.031250 0.028125
0 0.521875 0.131250 0.031250 0.031250
0 0.521875 0.229687 0.031250 0.028125
0 0.704688 0.568750 0.028125 0.031250
0 0.537500 0.084375 0.031250 0.031250
0 0.496875 0.621875 0.031250 0.031250
0 0.381250 0.689063 0.031250 0.028125
0 0.437500 0.314063 0.031250 0.028125
0 0.321875 0.587500 0.031250 0.031250
0 0.640625 0.876563 0.031250 0.028125
0 0.698438 0.250000 0.028125 0.031250
0 0.612500 0.331250 0.031250 0.031250
0 0.868750 0.578125 0.031250 0.031250
0 0.378125 0.925000 0.031250 0.031250
0 0.723437 0.860938 0.028125 0.028125
0 0.873437 0.848437 0.028125 0.028125
0 0.495312 0.723437 0.028125 0.028125
0 0.521875 0.606250 0.031250 0.031250
0 0.523438 0.775000 0.028125 0.031250
0 0.467187 0.976562 0.028125 0.028125
0 0.621875 0.303125 0.031250 0.031250
0 0.810937 0.056250 0.028125 0.031250
0 0.695312 0.643750 0.028125 0.031250
0 0.610938 0.657813 0.028125 0.028125
0 0.659375 0.065625 0.031250 0.031250
0 0.348438 0.196875 0.028125 0.031250
0 0.579688 0.428125 0.028125 0.031250
0 0.437500 0.146875 0.031250 0.031250
0 0.465625 0.398438 0.031250 0.028125
0 0.495312 0.925000 0.028125 0.031250
0 0.962500 0.478125 0.031250 0.031250
0 0.523438 0.843750 0.028125 0.031250
0 0.318750 0.075000 0.031250 0.031250
0 0.579688 0.265625 0.028125 0.031250
0 0.704688 0.190625 0.028125 0.031250
0 0.407813 0.131250 0.028125 0.031250
0 0.412500 0.031250 0.031250 0.031250
0 0.467187 0.807813 0.028125 0.028125
0 0.615625 0.037500 0.031250 0.031250
0 0.348438 0.842187 0.028125 0.028125
0 0.495312 0.514062 0.028125 0.028125
0 0.653125 0.304688 0.031250 0.028125
0 0.350000 0.568750 0.031250 0.031250
0 0.639062 0.185938 0.028125 0.028125
0 0.495312 0.445312 0.028125 0.028125
0 0.790625 0.484375 0.031250 0.031250
0 0.754687 0.745313 0.028125 0.028125
0 0.696875 0.453125 0.031250 0.031250
0 0.523438 0.567187 0.028125 0.028125
0 0.439063 0.081250 0.028125 0.031250
0 0.553125 0.345313 0.031250 0.028125
0 0.495312 0.115625 0.028125 0.031250
0 0.696875 0.710938 0.031250 0.028125
0 0.406250 0.262500 0.031250 0.031250
0 0.348438 0.942187 0.028125 0.028125
0 0.379688 0.721875 0.028125 0.031250
0 0.321875 0.656250 0.031250 0.031250
0 0.350000 0.775000 0.031250 0.031250
0 0.523438 0.495312 0.028125 0.028125
0 0.496875 0.584375 0.031250 0.031250
0 0.692187 0.387500 0.028125 0.031250
0 0.498437 0.551562 0.028125 0.028125
0 0.467187 0.295312 0.028125 0.028125
0 0.865625 0.412500 0.031250 0.031250
0 0.465625 0.500000 0.031250 0.031250
0 0.581250 0.495312 0.031250 0.028125
0 0.581250 0.032813 0.031250 0.028125
0 0.728125 0.468750 0.031250 0.031250
0 0.378125 0.181250 0.031250 0.031250
0 0.957812 0.565625 0.028125 0.031250
0 0.637500 0.642188 0.031250 0.028125
0 0.467187 0.942187 0.028125 0.028125
0 0.729688 0.501563 0.028125 0.028125
0 0.737500 0.195312 0.031250 0.028125
0 0.579688 0.462500 0.028125 0.031250
0 0.900000 0.867188 0.031250 0.028125
0 0.696875 0.779687 0.031250 0.028125
0 0.321875 0.892188 0.031250 0.028125
0 0.351562 0.604688 0.028125 0.028125
0 0.668750 0.625000 0.031250 0.031250
0 0.523438 0.876563 0.028125 0.028125
0 0.971875 0.131250 0.031250 0.031250
0 0.682813 0.128125 0.028125 0.031250
0 0.437500 0.757812 0.031250 0.028125
0 0.690625 0.159375 0.031250 0.031250
0 0.581250 0.709375 0.031250 0.031250
0 0.318750 0.110937 0.031250 0.034375
0 0.931250 0.782813 0.031250 0.034375
0 0.379688 0.754687 0.028125 0.028125
0 0.581250 0.362500 0.031250 0.031250
0 0.725000 0.593750 0.031250 0.031250
0 0.823438 0.087500 0.028125 0.031250
0 0.407813 0.465625 0.028125 0.031250
0 0.317188 0.143750 0.034375 0.031250
0 0.493750 0.892188 0.031250 0.028125
0 0.492188 0.245312 0.028125 0.028125
0 0.378125 0.790625 0.031250 0.031250
0 0.521875 0.362500 0.031250 0.031250
0 0.876563 0.062500 0.028125 0.031250
0 0.553125 0.281250 0.031250 0.031250
0 0.495312 0.414062 0.028125 0.028125
0 0.437500 0.892188 0.031250 0.028125
0 0.695312 0.878125 0.028125 0.031250
0 0.610938 0.759375 0.028125 0.031250
0 0.696875 0.743750 0.031250 0.031250
0 0.323437 0.484375 0.028125 0.031250
0 0.434375 0.379688 0.031250 0.028125
0 0.609375 0.509375 0.031250 0.031250
0 0.437500 0.790625 0.031250 0.031250
0 0.321875 0.790625 0.031250 0.031250
0 0.607812 0.826562 0.028125 0.028125
0 0.481250 0.021875 0.031250 0.031250
0 0.965625 0.767188 0.031250 0.028125
0 0.639062 0.743750 0.028125 0.031250
0 0.346875 0.329688 0.031250 0.028125
0 0.639062 0.098437 0.028125 0.028125
0 0.348438 0.162500 0.028125 0.031250
0 0.409375 0.603125 0.031250 0.031250
0 0.712500 0.043750 0.031250 0.031250
0 0.646875 0.553125 0.031250 0.031250
0 0.493750 0.279687 0.031250 0.028125
0 0.693750 0.610938 0.031250 0.028125
0 0.407813 0.398438 0.028125 0.028125
0 0.465625 0.671875 0.031250 0.031250
0 0.754687 0.712500 0.028125 0.031250
0 0.579688 0.810937 0.028125 0.028125
0 0.468750 0.570312 0.031250 0.028125
0 0.895312 0.035937 0.028125 0.028125
0 0.675000 0.540625 0.031250 0.031250
0 0.553125 0.621875 0.031250 0.031250
0 0.514062 0.023438 0.028125 0.028125
0 0.695312 0.418750 0.028125 0.031250
0 0.379688 0.551562 0.028125 0.028125
0 0.959375 0.534375 0.031250 0.031250
0 0.975000 0.509375 0.031250 0.031250
0 0.610938 0.475000 0.028125 0.031250
0 0.926562 0.473438 0.028125 0.028125
0 0.506250 0.084375 0.031250 0.031250
0 0.839063 0.931250 0.028125 0.031250
0 0.550000 0.446875 0.031250 0.031250
0 0.493750 0.481250 0.031250 0.031250
0 0.839063 0.696875 0.028125 0.031250
0 0.839063 0.964063 0.034375 0.034375
0 0.407813 0.775000 0.028125 0.031250
0 0.318750 0.823438 0.031250 0.028125
0 0.468750 0.065625 0.031250 0.031250
0 0.610938 0.621875 0.028125 0.031250
0 0.407813 0.432812 0.028125 0.028125
0 0.609375 0.726562 0.031250 0.028125
0 0.828125 0.028125 0.031250 0.031250
0 0.318750 0.212500 0.031250 0.031250
0 0.764062 0.020313 0.028125 0.028125
0 0.642188 0.521875 0.028125 0.031250
0 0.981250 0.450000 0.031250 0.031250
0 0.839063 0.562500 0.028125 0.031250
0 0.439063 0.620313 0.028125 0.028125
0 0.492188 0.345313 0.028125 0.028125
0 0.350000 0.975000 0.031250 0.031250
0 0.757812 0.078125 0.028125 0.031250
0 0.318750 0.553125 0.031250 0.031250
0 0.407813 0.296875 0.028125 0.031250
0 0.434375 0.346875 0.031250 0.031250
0 0.745313 0.045312 0.028125 0.028125
0 0.348438 0.432812 0.028125 0.028125
0 0.318750 0.245312 0.031250 0.028125
0 0.725000 0.693750 0.031250 0.031250
0 0.753125 0.679688 0.031250 0.028125
0 0.523438 0.978125 0.028125 0.031250
0 0.745313 0.568750 0.028125 0.031250
0 0.350000 0.470313 0.031250 0.028125
0 0.579688 0.976562 0.028125 0.028125
0 0.439063 0.517188 0.028125 0.028125
0 0.975000 0.365625 0.031250 0.031250
0 0.318750 0.859375 0.031250 0.031250
0 0.667188 0.957812 0.028125 0.028125
0 0.523438 0.431250 0.028125 0.031250
0 0.437500 0.725000 0.031250 0.031250
0 0.348438 0.296875 0.028125 0.031250
0 0.323437 0.042188 0.034375 0.034375
0 0.323437 0.453125 0.028125 0.031250
0 0.318750 0.959375 0.031250 0.031250
0 0.548438 0.026562 0.028125 0.028125
0 0.818750 0.501563 0.031250 0.034375
0 0.762500 0.506250 0.031250 0.031250
0 0.406250 0.364063 0.031250 0.028125
0 0.782813 0.596875 0.034375 0.031250
0 0.353125 0.028125 0.031250 0.031250
0 0.525000 0.739062 0.031250 0.028125
0 0.646875 0.034375 0.031250 0.031250
0 0.667188 0.925000 0.028125 0.025000
0 0.782813 0.696875 0.028125 0.031250
0 0.350000 0.396875 0.031250 0.031250
0 0.912500 0.500000 0.031250 0.031250
0 0.321875 0.384375 0.031250 0.031250
0 0.939063 0.748437 0.034375 0.034375
0 0.839063 0.595313 0.028125 0.028125
0 0.812500 0.678125 0.031250 0.031250
0 0.843750 0.896875 0.031250 0.031250
0 0.606250 0.582812 0.031250 0.028125
0 0.696875 0.676562 0.031250 0.028125
0 0.378125 0.382812 0.031250 0.028125
0 0.409375 0.570312 0.025000 0.028125
0 0.753125 0.845313 0.031250 0.028125
0 0.939063 0.507812 0.034375 0.034375
0 0.901563 0.767188 0.034375 0.034375
0 0.320312 0.346875 0.028125 0.031250
0 0.553125 0.589063 0.031250 0.028125
0 0.320312 0.281250 0.028125 0.031250
0 0.809375 0.578125 0.031250 0.031250
0 0.871875 0.814063 0.031250 0.028125
0 0.379688 0.960938 0.028125 0.028125
0 0.967187 0.732812 0.034375 0.034375
0 0.696875 0.943750 0.031250 0.031250
0 0.781250 0.796875 0.031250 0.031250
0 0.896875 0.600000 0.031250 0.031250
0 0.782813 0.662500 0.028125 0.031250
