0 0.737500 0.850000 0.031250 0.031250
0 0.803125 0.950000 0.031250 0.031250
0 0.731250 0.750000 0.031250 0.031250
0 0.700000 0.662500 0.031250 0.031250
0 0.850000 0.771875 0.031250 0.031250
0 0.667188 0.612500 0.034375 0.031250
0 0.678125 0.854688 0.031250 0.028125
0 0.643750 0.768750 0.031250 0.031250
0 0.793750 0.612500 0.031250 0.031250
0 0.771875 0.901563 0.031250 0.034375
0 0.887500 0.856250 0.031250 0.031250
0 0.862500 0.912500 0.031250 0.031250
0 0.756250 0.662500 0.031250 0.031250
0 0.935937 0.664062 0.034375 0.034375
0 0.878125 0.751563 0.031250 0.034375
0 0.762500 0.559375 0.031250 0.031250
0 0.825000 0.828125 0.031250 0.031250
0 0.712500 0.903125 0.031250 0.031250
0 0.823438 0.792188 0.028125 0.028125
0 0.912500 0.800000 0.031250 0.031250
0 0.878125 0.634375 0.031250 0.031250
0 0.884375 0.821875 0.031250 0.031250
0 0.976562 0.720313 0.034375 0.034375
0 0.912500 0.765625 0.031250 0.031250
0 0.834375 0.934375 0.031250 0.031250
0 0.845313 0.701562 0.034375 0.034375
0 0.803125 0.915625 0.031250 0.031250
0 0.514062 0.565625 0.034375 0.031250
0 0.668750 0.684375 0.031250 0.031250
0 0.762500 0.595313 0.031250 0.028125
0 0.796875 0.846875 0.031250 0.031250
0 0.859375 0.878125 0.031250 0.031250
0 0.850000 0.737500 0.031250 0.031250
0 0.954688 0.629687 0.034375 0.034375
0 0.675000 0.784375 0.031250 0.031250
0 0.917188 0.571875 0.034375 0.031250
0 0.743750 0.918750 0.031250 0.031250
0 0.829688 0.862500 0.034375 0.031250
0 0.653125 0.940625 0.031250 0.031250
0 0.907813 0.731250 0.034375 0.031250
0 0.615625 0.787500 0.031250 0.031250
0 0.876563 0.715625 0.034375 0.031250
0 0.759375 0.628125 0.031250 0.031250
0 0.590625 0.875000 0.031250 0.031250
0 0.656250 0.975000 0.031250 0.031250
0 0.671875 0.715625 0.031250 0.031250
0 0.612500 0.753125 0.031250 0.031250
0 0.834375 0.965625 0.031250 0.031250
0 0.531250 0.843750 0.031250 0.031250
0 0.678125 0.818750 0.031250 0.031250
0 0.892188 0.928125 0.034375 0.031250
0 0.707812 0.870313 0.028125 0.028125
0 0.562500 0.893750 0.031250 0.031250
0 0.793750 0.578125 0.031250 0.031250
0 0.856250 0.806250 0.031250 0.031250
0 0.712500 0.939063 0.031250 0.034375
0 0.906250 0.695312 0.031250 0.034375
0 0.884375 0.575000 0.031250 0.031250
0 0.800000 0.881250 0.031250 0.031250
0 0.646875 0.840625 0.031250 0.031250
0 0.593750 0.909375 0.031250 0.031250
0 0.609375 0.684375 0.031250 0.031250
0 0.865625 0.543750 0.031250 0.031250
0 0.818750 0.721875 0.031250 0.031250
0 0.793750 0.778125 0.031250 0.031250
0 0.845313 0.623437 0.034375 0.034375
0 0.762500 0.796875 0.031250 0.031250
0 0.703125 0.559375 0.031250 0.031250
0 0.584375 0.771875 0.031250 0.031250
0 0.500000 0.862500 0.031250 0.031250
0 0.609375 0.720313 0.031250 0.034375
0 0.850000 0.573438 0.031250 0.034375
0 0.901563 0.603125 0.028125 0.031250
0 0.768750 0.865625 0.031250 0.031250
0 0.595313 0.943750 0.028125 0.031250
0 0.640625 0.700000 0.031250 0.031250
0 0.862500 0.484375 0.031250 0.031250
0 0.496875 0.828125 0.031250 0.031250
0 0.684375 0.956250 0.031250 0.031250
0 0.771875 0.934375 0.031250 0.031250
0 0.550000 0.687500 0.031250 0.031250
0 0.531250 0.878125 0.031250 0.031250
0 0.646875 0.803125 0.031250 0.031250
0 0.865625 0.946875 0.031250 0.031250
0 0.793750 0.812500 0.031250 0.031250
0 0.856250 0.840625 0.031250 0.031250
0 0.901563 0.660937 0.034375 0.034375
0 0.775000 0.970313 0.031250 0.034375
0 0.850000 0.657813 0.031250 0.034375
0 0.893750 0.421875 0.031250 0.031250
0 0.734375 0.815625 0.031250 0.031250
0 0.642188 0.734375 0.034375 0.031250
0 0.793750 0.743750 0.031250 0.031250
0 0.557813 0.825000 0.028125 0.031250
0 0.890625 0.892188 0.031250 0.034375
0 0.900000 0.542188 0.031250 0.034375
0 0.878125 0.453125 0.031250 0.031250
0 0.868750 0.603125 0.031250 0.031250
0 0.584375 0.806250 0.031250 0.031250
0 0.409375 0.895312 0.031250 0.034375
0 0.682813 0.923438 0.028125 0.028125
0 0.787500 0.646875 0.031250 0.031250
0 0.650000 0.871875 0.031250 0.031250
0 0.506250 0.928125 0.031250 0.031250
0 0.546875 0.653125 0.031250 0.031250
0 0.714063 0.975000 0.028125 0.031250
0 0.875000 0.682813 0.031250 0.034375
0 0.937500 0.745313 0.031250 0.028125
0 0.970313 0.601562 0.034375 0.034375
0 0.928125 0.418750 0.031250 0.031250
0 0.881250 0.787500 0.031250 0.031250
0 0.859375 0.421875 0.031250 0.031250
0 0.431250 0.831250 0.031250 0.031250
0 0.818750 0.643750 0.031250 0.031250
0 0.728125 0.646875 0.031250 0.031250
0 0.621875 0.925000 0.031250 0.031250
0 0.384375 0.918750 0.031250 0.031250
0 0.618750 0.856250 0.031250 0.031250
0 0.918750 0.631250 0.031250 0.031250
0 0.678125 0.890625 0.031250 0.031250
0 0.762500 0.528125 0.031250 0.031250
0 0.729688 0.610938 0.028125 0.028125
0 0.637500 0.665625 0.031250 0.031250
0 0.620313 0.892188 0.028125 0.028125
0 0.653125 0.907813 0.031250 0.028125
0 0.625000 0.959375 0.031250 0.031250
0 0.787500 0.678125 0.031250 0.031250
0 0.553125 0.721875 0.031250 0.031250
0 0.731250 0.575000 0.031250 0.031250
0 0.821875 0.756250 0.031250 0.031250
0 0.881250 0.512500 0.031250 0.031250
0 0.581250 0.703125 0.031250 0.031250
0 0.565625 0.928125 0.031250 0.031250
0 0.379688 0.840625 0.034375 0.031250
0 0.671875 0.751563 0.031250 0.034375
0 0.487500 0.620313 0.031250 0.034375
0 0.553125 0.756250 0.031250 0.031250
0 0.615625 0.825000 0.031250 0.031250
0 0.729688 0.714063 0.028125 0.028125
0 0.843750 0.453125 0.031250 0.031250
0 0.740625 0.887500 0.031250 0.031250
0 0.587500 0.840625 0.031250 0.031250
0 0.475000 0.915625 0.031250 0.031250
0 0.821875 0.679688 0.031250 0.034375
0 0.378125 0.878125 0.031250 0.031250
0 0.759375 0.693750 0.031250 0.031250
0 0.823438 0.595313 0.034375 0.034375
0 0.442188 0.864062 0.034375 0.034375
0 0.896875 0.481250 0.031250 0.031250
0 0.731250 0.542188 0.031250 0.028125
0 0.700000 0.698438 0.031250 0.028125
0 0.728125 0.678125 0.031250 0.031250
0 0.703125 0.765625 0.031250 0.031250
0 0.667188 0.646875 0.028125 0.031250
0 0.840625 0.393750 0.031250 0.031250
0 0.843750 0.512500 0.031250 0.031250
0 0.698438 0.628125 0.028125 0.031250
0 0.937500 0.600000 0.031250 0.031250
0 0.937500 0.709375 0.031250 0.031250
0 0.526563 0.809375 0.028125 0.031250
0 0.706250 0.800000 0.031250 0.031250
0 0.825000 0.428125 0.031250 0.031250
0 0.414062 0.939063 0.034375 0.034375
0 0.743750 0.953125 0.031250 0.031250
0 0.765625 0.831250 0.031250 0.031250
0 0.923438 0.945312 0.034375 0.034375
0 0.518750 0.637500 0.031250 0.031250
0 0.789062 0.426563 0.034375 0.034375
0 0.606250 0.650000 0.031250 0.031250
0 0.581250 0.737500 0.031250 0.031250
0 0.912500 0.450000 0.031250 0.031250
0 0.537500 0.946875 0.031250 0.031250
0 0.804688 0.395313 0.034375 0.034375
0 0.471875 0.881250 0.031250 0.031250
0 0.531250 0.912500 0.031250 0.031250
0 0.521875 0.775000 0.031250 0.031250
0 0.409375 0.860938 0.031250 0.034375
0 0.915625 0.510938 0.031250 0.034375
0 0.793750 0.487500 0.031250 0.031250
0 0.468750 0.845313 0.031250 0.034375
0 0.521875 0.706250 0.031250 0.031250
0 0.553125 0.790625 0.031250 0.031250
0 0.496875 0.793750 0.031250 0.031250
0 0.831250 0.896875 0.031250 0.031250
0 0.775000 0.457813 0.031250 0.034375
0 0.951562 0.925000 0.034375 0.031250
0 0.546875 0.618750 0.031250 0.031250
0 0.943750 0.778125 0.031250 0.031250
0 0.809375 0.456250 0.031250 0.031250
0 0.521875 0.740625 0.031250 0.031250
0 0.921875 0.909375 0.031250 0.031250
0 0.559375 0.859375 0.031250 0.031250
0 0.506250 0.964063 0.031250 0.034375
0 0.565625 0.962500 0.031250 0.031250
0 0.578125 0.639062 0.031250 0.034375
0 0.731250 0.510938 0.031250 0.028125
0 0.410938 0.973437 0.034375 0.034375
0 0.759375 0.729688 0.031250 0.028125
0 0.675000 0.471875 0.031250 0.031250
0 0.706250 0.834375 0.031250 0.031250
0 0.579688 0.668750 0.028125 0.031250
0 0.875000 0.393750 0.031250 0.031250
0 0.703125 0.528125 0.031250 0.031250
0 0.762500 0.762500 0.031250 0.031250
0 0.700000 0.595313 0.031250 0.034375
0 0.825000 0.362500 0.031250 0.031250
0 0.475000 0.946875 0.031250 0.031250
0 0.546875 0.584375 0.031250 0.031250
0 0.454688 0.603125 0.034375 0.031250
0 0.896875 0.962500 0.031250 0.031250
0 0.760938 0.490625 0.028125 0.031250
0 0.445312 0.967187 0.034375 0.034375
0 0.381250 0.956250 0.031250 0.031250
0 0.975000 0.659375 0.031250 0.031250
0 0.426563 0.625000 0.034375 0.031250
0 0.401562 0.678125 0.028125 0.031250
0 0.353125 0.937500 0.031250 0.031250
0 0.960938 0.689063 0.034375 0.034375
0 0.443750 0.931250 0.031250 0.031250
0 0.910937 0.392188 0.028125 0.028125
0 0.828125 0.485938 0.031250 0.028125
0 0.965625 0.479687 0.031250 0.028125
0 0.701562 0.731250 0.028125 0.031250
0 0.931250 0.479687 0.031250 0.034375
0 0.503125 0.896875 0.031250 0.031250
0 0.400000 0.812500 0.031250 0.031250
0 0.428125 0.656250 0.031250 0.031250
0 0.432812 0.729688 0.028125 0.028125
0 0.484375 0.581250 0.031250 0.031250
0 0.829688 0.546875 0.034375 0.031250
0 0.546875 0.548438 0.031250 0.034375
0 0.703125 0.493750 0.031250 0.031250
0 0.348438 0.857812 0.034375 0.034375
0 0.789062 0.709375 0.028125 0.031250
0 0.518750 0.673438 0.031250 0.028125
0 0.731250 0.475000 0.031250 0.031250
0 0.379688 0.745313 0.034375 0.034375
0 0.950000 0.450000 0.031250 0.031250
0 0.943750 0.390625 0.031250 0.031250
0 0.673438 0.509375 0.034375 0.031250
0 0.793750 0.543750 0.031250 0.031250
0 0.443750 0.900000 0.031250 0.031250
0 0.575000 0.600000 0.031250 0.031250
0 0.962500 0.418750 0.031250 0.031250
0 0.481250 0.548438 0.031250 0.034375
0 0.353125 0.975000 0.031250 0.031250
0 0.746875 0.443750 0.031250 0.031250
0 0.637500 0.631250 0.031250 0.031250
0 0.968750 0.756250 0.031250 0.031250
0 0.428125 0.696875 0.031250 0.031250
0 0.673438 0.543750 0.034375 0.031250
0 0.462500 0.814063 0.031250 0.034375
0 0.401562 0.715625 0.034375 0.031250
0 0.368750 0.779687 0.031250 0.034375
0 0.953125 0.568750 0.031250 0.031250
0 0.459375 0.640625 0.031250 0.031250
0 0.492188 0.728125 0.034375 0.031250
0 0.940625 0.814063 0.031250 0.034375
0 0.734375 0.781250 0.031250 0.031250
0 0.707812 0.456250 0.034375 0.031250
0 0.642188 0.496875 0.034375 0.031250
0 0.673438 0.579688 0.034375 0.034375
0 0.912500 0.835938 0.031250 0.034375
0 0.395313 0.640625 0.034375 0.031250
0 0.792188 0.365625 0.034375 0.031250
0 0.573438 0.565625 0.028125 0.031250
0 0.464062 0.776563 0.028125 0.028125
0 0.812500 0.517188 0.031250 0.034375
0 0.759375 0.414062 0.031250 0.034375
0 0.353125 0.901563 0.031250 0.034375
0 0.954688 0.960938 0.034375 0.034375
0 0.596875 0.978125 0.031250 0.031250
0 0.928125 0.359375 0.031250 0.031250
0 0.450000 0.567187 0.031250 0.034375
0 0.606250 0.618750 0.031250 0.031250
0 0.370312 0.696875 0.034375 0.031250
0 0.515625 0.603125 0.031250 0.031250
0 0.579688 0.534375 0.034375 0.031250
0 0.431250 0.798438 0.031250 0.034375
0 0.978125 0.448437 0.031250 0.034375
0 0.960938 0.359375 0.034375 0.031250
0 0.360938 0.814063 0.034375 0.034375
0 0.610938 0.517188 0.034375 0.034375
0 0.976562 0.389062 0.034375 0.034375
0 0.510938 0.529687 0.034375 0.034375
0 0.640625 0.464062 0.031250 0.034375
0 0.925000 0.978125 0.031250 0.031250
0 0.462500 0.712500 0.031250 0.031250
0 0.434375 0.765625 0.031250 0.031250
0 0.581250 0.500000 0.031250 0.031250
0 0.404687 0.775000 0.034375 0.031250
0 0.867188 0.978125 0.028125 0.031250
0 0.370312 0.664062 0.034375 0.034375
0 0.857812 0.364063 0.034375 0.034375
0 0.759375 0.379688 0.031250 0.034375
0 0.801562 0.331250 0.034375 0.031250
0 0.610938 0.481250 0.034375 0.031250
0 0.462500 0.745313 0.031250 0.028125
0 0.535937 0.978125 0.028125 0.031250
0 0.723437 0.417187 0.034375 0.034375
0 0.542188 0.514062 0.034375 0.034375
0 0.660937 0.439063 0.034375 0.034375
