0 0.943750 0.173437 0.031250 0.034375
0 0.943750 0.103125 0.031250 0.031250
0 0.943750 0.137500 0.031250 0.031250
0 0.943750 0.068750 0.031250 0.031250
0 0.943750 0.345313 0.031250 0.028125
0 0.675000 0.090625 0.031250 0.031250
0 0.915625 0.120313 0.031250 0.034375
0 0.793750 0.087500 0.031250 0.031250
0 0.915625 0.396875 0.031250 0.031250
0 0.884375 0.103125 0.031250 0.031250
0 0.617188 0.090625 0.034375 0.031250
0 0.885938 0.173437 0.028125 0.028125
0 0.885938 0.243750 0.034375 0.031250
0 0.823438 0.384375 0.028125 0.031250
0 0.854688 0.050000 0.034375 0.031250
0 0.946875 0.209375 0.031250 0.031250
0 0.887500 0.453125 0.031250 0.031250
0 0.825000 0.209375 0.031250 0.031250
0 0.765625 0.106250 0.031250 0.031250
0 0.793750 0.053125 0.031250 0.031250
0 0.734375 0.298438 0.031250 0.034375
0 0.856250 0.156250 0.031250 0.031250
0 0.854688 0.121875 0.034375 0.031250
0 0.765625 0.142187 0.031250 0.034375
0 0.971875 0.781250 0.031250 0.031250
0 0.734375 0.470313 0.031250 0.034375
0 0.943750 0.031250 0.031250 0.031250
0 0.884375 0.032813 0.031250 0.034375
0 0.854688 0.087500 0.034375 0.031250
0 0.975000 0.293750 0.031250 0.031250
0 0.975000 0.190625 0.031250 0.031250
0 0.856250 0.225000 0.031250 0.031250
0 0.762500 0.453125 0.031250 0.031250
0 0.734375 0.262500 0.031250 0.031250
0 0.856250 0.365625 0.031250 0.031250
0 0.884375 0.068750 0.031250 0.031250
0 0.915625 0.259375 0.031250 0.031250
0 0.703125 0.453125 0.031250 0.031250
0 0.704688 0.731250 0.034375 0.031250
0 0.975000 0.156250 0.031250 0.031250
0 0.931250 0.918750 0.031250 0.031250
0 0.793750 0.193750 0.031250 0.031250
0 0.854688 0.296875 0.028125 0.031250
0 0.915625 0.190625 0.031250 0.031250
0 0.856250 0.503125 0.031250 0.031250
0 0.885938 0.209375 0.028125 0.031250
0 0.796875 0.121875 0.031250 0.031250
0 0.793750 0.403125 0.031250 0.031250
0 0.915625 0.223438 0.031250 0.034375
0 0.646875 0.718750 0.031250 0.031250
0 0.825000 0.175000 0.031250 0.031250
0 0.854688 0.400000 0.028125 0.031250
0 0.856250 0.190625 0.031250 0.031250
0 0.796875 0.740625 0.031250 0.031250
0 0.825000 0.068750 0.031250 0.031250
0 0.918750 0.470313 0.031250 0.034375
0 0.771875 0.715625 0.031250 0.031250
0 0.803125 0.706250 0.031250 0.031250
0 0.915625 0.156250 0.031250 0.031250
0 0.732812 0.089063 0.034375 0.034375
0 0.673438 0.618750 0.034375 0.031250
0 0.846875 0.787500 0.031250 0.031250
0 0.856250 0.468750 0.031250 0.031250
0 0.703125 0.281250 0.031250 0.031250
0 0.421875 0.376563 0.031250 0.034375
0 0.842187 0.946875 0.034375 0.031250
0 0.792188 0.509375 0.034375 0.031250
0 0.823438 0.350000 0.034375 0.031250
0 0.793750 0.437500 0.031250 0.031250
0 0.854688 0.631250 0.028125 0.031250
0 0.678125 0.709375 0.031250 0.031250
0 0.753125 0.781250 0.031250 0.031250
0 0.915625 0.050000 0.031250 0.031250
0 0.825000 0.418750 0.031250 0.031250
0 0.915625 0.295312 0.031250 0.034375
0 0.975000 0.120313 0.031250 0.034375
0 0.885938 0.487500 0.034375 0.031250
0 0.946875 0.412500 0.031250 0.031250
0 0.643750 0.212500 0.031250 0.031250
0 0.787500 0.771875 0.031250 0.031250
0 0.734375 0.125000 0.031250 0.031250
0 0.793750 0.331250 0.031250 0.031250
0 0.765625 0.068750 0.031250 0.031250
0 0.734375 0.401562 0.031250 0.034375
0 0.584375 0.704688 0.031250 0.034375
0 0.734375 0.506250 0.031250 0.031250
0 0.885938 0.529687 0.034375 0.034375
0 0.884375 0.873437 0.031250 0.034375
0 0.829688 0.729688 0.034375 0.034375
0 0.881250 0.781250 0.031250 0.031250
0 0.946875 0.240625 0.031250 0.031250
0 0.609375 0.298438 0.031250 0.034375
0 0.975000 0.259375 0.031250 0.031250
0 0.840625 0.571875 0.031250 0.031250
0 0.793750 0.365625 0.031250 0.031250
0 0.456250 0.387500 0.031250 0.031250
0 0.703125 0.384375 0.031250 0.031250
0 0.756250 0.870313 0.031250 0.034375
0 0.668750 0.865625 0.031250 0.031250
0 0.884375 0.278125 0.031250 0.031250
0 0.615625 0.125000 0.031250 0.031250
0 0.912500 0.773438 0.031250 0.034375
0 0.793750 0.159375 0.031250 0.031250
0 0.790625 0.865625 0.031250 0.031250
0 0.818750 0.765625 0.031250 0.031250
0 0.762500 0.384375 0.031250 0.031250
0 0.734375 0.365625 0.031250 0.031250
0 0.884375 0.137500 0.031250 0.031250
0 0.600000 0.760938 0.031250 0.034375
0 0.907813 0.557813 0.034375 0.034375
0 0.465625 0.564063 0.031250 0.034375
0 0.825000 0.314063 0.031250 0.028125
0 0.734375 0.229687 0.031250 0.034375
0 0.526563 0.109375 0.028125 0.031250
0 0.671875 0.501563 0.031250 0.034375
0 0.721875 0.665625 0.031250 0.031250
0 0.831250 0.606250 0.031250 0.031250
0 0.406250 0.531250 0.031250 0.031250
0 0.703125 0.417187 0.031250 0.034375
0 0.881250 0.656250 0.031250 0.031250
0 0.550000 0.434375 0.031250 0.031250
0 0.854688 0.434375 0.028125 0.031250
0 0.823438 0.032813 0.034375 0.034375
0 0.765625 0.212500 0.031250 0.031250
0 0.579688 0.417187 0.034375 0.034375
0 0.703125 0.315625 0.031250 0.031250
0 0.793750 0.262500 0.031250 0.031250
0 0.675000 0.125000 0.031250 0.031250
0 0.887500 0.621875 0.031250 0.031250
0 0.465625 0.140625 0.031250 0.031250
0 0.946875 0.276562 0.031250 0.034375
0 0.671875 0.298438 0.031250 0.034375
0 0.853125 0.537500 0.031250 0.031250
0 0.765625 0.246875 0.031250 0.031250
0 0.610938 0.400000 0.034375 0.031250
0 0.357812 0.389062 0.034375 0.034375
0 0.765625 0.350000 0.031250 0.031250
0 0.885938 0.346875 0.028125 0.031250
0 0.518750 0.418750 0.031250 0.031250
0 0.612500 0.193750 0.031250 0.031250
0 0.610938 0.262500 0.034375 0.031250
0 0.393750 0.400000 0.031250 0.031250
0 0.521875 0.178125 0.031250 0.031250
0 0.917188 0.503125 0.034375 0.031250
0 0.734375 0.051562 0.031250 0.034375
0 0.925000 0.703125 0.031250 0.031250
0 0.825000 0.140625 0.031250 0.031250
0 0.825000 0.246875 0.031250 0.031250
0 0.756250 0.656250 0.031250 0.031250
0 0.720313 0.787500 0.034375 0.031250
0 0.762500 0.281250 0.031250 0.031250
0 0.793750 0.471875 0.031250 0.031250
0 0.940625 0.793750 0.031250 0.031250
0 0.556250 0.090625 0.031250 0.031250
0 0.860938 0.721875 0.034375 0.031250
0 0.621875 0.693750 0.031250 0.031250
0 0.851562 0.879687 0.034375 0.034375
0 0.796875 0.615625 0.031250 0.031250
0 0.643750 0.840625 0.031250 0.031250
0 0.856250 0.262500 0.031250 0.031250
0 0.884375 0.381250 0.031250 0.031250
0 0.825000 0.485938 0.031250 0.028125
0 0.706250 0.609375 0.031250 0.031250
0 0.360938 0.456250 0.028125 0.031250
0 0.934375 0.581250 0.031250 0.031250
0 0.915625 0.434375 0.031250 0.031250
0 0.673438 0.229687 0.034375 0.034375
0 0.728125 0.756250 0.031250 0.031250
0 0.823438 0.104688 0.028125 0.028125
0 0.887500 0.746875 0.031250 0.031250
0 0.575000 0.737500 0.031250 0.031250
0 0.871875 0.814063 0.031250 0.034375
0 0.734375 0.437500 0.031250 0.031250
0 0.793750 0.296875 0.031250 0.031250
0 0.825000 0.281250 0.031250 0.031250
0 0.525000 0.142187 0.031250 0.034375
0 0.765625 0.418750 0.031250 0.031250
0 0.896875 0.840625 0.031250 0.031250
0 0.671875 0.400000 0.031250 0.031250
0 0.656250 0.684375 0.031250 0.031250
0 0.923438 0.615625 0.034375 0.031250
0 0.581250 0.212500 0.031250 0.031250
0 0.975000 0.328125 0.031250 0.031250
0 0.975000 0.048438 0.031250 0.028125
0 0.885938 0.312500 0.028125 0.031250
0 0.585938 0.109375 0.034375 0.031250
0 0.640625 0.418750 0.031250 0.031250
0 0.703125 0.245312 0.031250 0.034375
0 0.975000 0.362500 0.031250 0.031250
0 0.745313 0.690625 0.028125 0.031250
0 0.737500 0.725000 0.031250 0.031250
0 0.671875 0.468750 0.031250 0.031250
0 0.751563 0.565625 0.034375 0.031250
0 0.865625 0.598437 0.031250 0.034375
0 0.521875 0.525000 0.031250 0.031250
0 0.490625 0.265625 0.031250 0.031250
0 0.856250 0.331250 0.031250 0.031250
0 0.614062 0.159375 0.034375 0.031250
0 0.946875 0.309375 0.031250 0.031250
0 0.862500 0.846875 0.031250 0.031250
0 0.646875 0.109375 0.031250 0.031250
0 0.918750 0.737500 0.031250 0.031250
0 0.621875 0.818750 0.031250 0.031250
0 0.704688 0.142187 0.034375 0.034375
0 0.839063 0.818750 0.028125 0.031250
0 0.893750 0.715625 0.031250 0.031250
0 0.340625 0.512500 0.031250 0.031250
0 0.550000 0.265625 0.031250 0.031250
0 0.915625 0.084375 0.031250 0.031250
0 0.671875 0.743750 0.031250 0.031250
0 0.828125 0.850000 0.031250 0.031250
0 0.534375 0.784375 0.031250 0.031250
0 0.579688 0.282813 0.034375 0.034375
0 0.740625 0.600000 0.031250 0.031250
0 0.825000 0.453125 0.031250 0.031250
0 0.495312 0.125000 0.028125 0.031250
0 0.887500 0.418750 0.031250 0.031250
0 0.787500 0.646875 0.031250 0.031250
0 0.718750 0.578125 0.031250 0.031250
0 0.615625 0.056250 0.031250 0.031250
0 0.581250 0.246875 0.031250 0.031250
0 0.728125 0.540625 0.031250 0.031250
0 0.490625 0.193750 0.031250 0.031250
0 0.703125 0.485938 0.031250 0.034375
0 0.429688 0.478125 0.034375 0.031250
0 0.642188 0.281250 0.034375 0.031250
0 0.587500 0.584375 0.031250 0.031250
0 0.778125 0.681250 0.031250 0.031250
0 0.912500 0.646875 0.031250 0.031250
0 0.793750 0.228125 0.031250 0.031250
0 0.907813 0.807813 0.034375 0.034375
0 0.704688 0.106250 0.034375 0.031250
0 0.671875 0.262500 0.031250 0.031250
0 0.587500 0.075000 0.031250 0.031250
0 0.662500 0.775000 0.031250 0.031250
0 0.743750 0.814063 0.031250 0.034375
0 0.635938 0.751563 0.028125 0.028125
0 0.551562 0.228125 0.034375 0.031250
0 0.946875 0.759375 0.031250 0.031250
0 0.765625 0.625000 0.031250 0.031250
0 0.550000 0.620313 0.031250 0.034375
0 0.456250 0.248438 0.031250 0.034375
0 0.642188 0.450000 0.034375 0.031250
0 0.818750 0.881250 0.031250 0.031250
0 0.734375 0.334375 0.031250 0.031250
0 0.521875 0.212500 0.031250 0.031250
0 0.870313 0.689063 0.028125 0.028125
0 0.975000 0.225000 0.031250 0.031250
0 0.643750 0.178125 0.031250 0.031250
0 0.425000 0.442188 0.031250 0.034375
0 0.704688 0.176563 0.034375 0.034375
0 0.762500 0.487500 0.031250 0.031250
0 0.495312 0.543750 0.028125 0.031250
0 0.454688 0.317188 0.034375 0.034375
0 0.581250 0.453125 0.031250 0.031250
0 0.946875 0.887500 0.031250 0.031250
0 0.550000 0.715625 0.031250 0.031250
0 0.687500 0.675000 0.031250 0.031250
0 0.457813 0.423438 0.034375 0.034375
0 0.704688 0.071875 0.034375 0.031250
0 0.962500 0.856250 0.031250 0.031250
0 0.485938 0.332813 0.034375 0.034375
0 0.528125 0.073438 0.031250 0.034375
0 0.567187 0.770312 0.034375 0.034375
0 0.612500 0.501563 0.031250 0.028125
0 0.653125 0.809375 0.031250 0.031250
0 0.975000 0.084375 0.031250 0.031250
0 0.671875 0.432812 0.031250 0.034375
0 0.401562 0.500000 0.034375 0.031250
0 0.468750 0.600000 0.031250 0.031250
0 0.642188 0.485938 0.028125 0.028125
0 0.631250 0.662500 0.031250 0.031250
0 0.765625 0.178125 0.031250 0.031250
0 0.375000 0.521875 0.031250 0.031250
0 0.489063 0.229687 0.034375 0.034375
0 0.684375 0.798438 0.031250 0.028125
0 0.350000 0.062500 0.031250 0.031250
0 0.734375 0.846875 0.031250 0.031250
0 0.762500 0.315625 0.031250 0.031250
0 0.548438 0.365625 0.034375 0.031250
0 0.520312 0.487500 0.034375 0.031250
0 0.550000 0.296875 0.031250 0.031250
0 0.643750 0.071875 0.031250 0.031250
0 0.703125 0.212500 0.031250 0.031250
0 0.584375 0.176563 0.031250 0.034375
0 0.489063 0.471875 0.034375 0.031250
0 0.825000 0.518750 0.031250 0.031250
0 0.945312 0.828125 0.034375 0.031250
0 0.678125 0.834375 0.031250 0.031250
0 0.442188 0.051562 0.034375 0.034375
0 0.537500 0.653125 0.031250 0.031250
0 0.671875 0.365625 0.031250 0.031250
0 0.484375 0.631250 0.031250 0.031250
0 0.579688 0.384375 0.034375 0.031250
0 0.853125 0.756250 0.031250 0.031250
0 0.782813 0.556250 0.034375 0.031250
0 0.501563 0.793750 0.034375 0.031250
0 0.946875 0.448437 0.031250 0.034375
0 0.946875 0.381250 0.031250 0.031250
0 0.426563 0.409375 0.034375 0.031250
0 0.610938 0.434375 0.034375 0.031250
0 0.778125 0.806250 0.031250 0.031250
0 0.365625 0.490625 0.031250 0.031250
0 0.675000 0.159375 0.031250 0.031250
0 0.878125 0.948438 0.031250 0.034375
0 0.525000 0.820312 0.031250 0.034375
0 0.585938 0.143750 0.034375 0.031250
0 0.425000 0.275000 0.031250 0.031250
0 0.681250 0.584375 0.031250 0.031250
0 0.834375 0.700000 0.031250 0.031250
0 0.734375 0.195312 0.031250 0.034375
0 0.456250 0.353125 0.031250 0.031250
0 0.393750 0.590625 0.031250 0.031250
0 0.503125 0.659375 0.031250 0.031250
0 0.518750 0.246875 0.031250 0.031250
0 0.332813 0.478125 0.034375 0.031250
0 0.964063 0.917188 0.034375 0.034375
0 0.385937 0.298438 0.034375 0.034375
0 0.610938 0.468750 0.034375 0.031250
0 0.593750 0.793750 0.031250 0.031250
0 0.703125 0.856250 0.031250 0.031250
0 0.642188 0.350000 0.034375 0.031250
0 0.587500 0.828125 0.031250 0.031250
0 0.640625 0.246875 0.031250 0.031250
0 0.489063 0.300000 0.034375 0.031250
0 0.520312 0.315625 0.034375 0.031250
0 0.734375 0.157812 0.031250 0.034375
0 0.695312 0.765625 0.028125 0.031250
0 0.462500 0.490625 0.031250 0.031250
0 0.731250 0.634375 0.031250 0.031250
0 0.928125 0.856250 0.031250 0.031250
0 0.712500 0.700000 0.031250 0.031250
0 0.912500 0.890625 0.031250 0.031250
0 0.762500 0.746875 0.031250 0.031250
0 0.864062 0.915625 0.034375 0.031250
0 0.553125 0.468750 0.031250 0.031250
0 0.487500 0.370312 0.031250 0.034375
0 0.500000 0.089063 0.031250 0.034375
0 0.709375 0.825000 0.031250 0.031250
0 0.768750 0.837500 0.031250 0.031250
0 0.396875 0.468750 0.031250 0.031250
0 0.950000 0.481250 0.031250 0.031250
0 0.493750 0.159375 0.031250 0.031250
0 0.595313 0.673438 0.028125 0.028125
0 0.814063 0.673438 0.028125 0.028125
0 0.645312 0.143750 0.034375 0.031250
0 0.673438 0.195312 0.034375 0.034375
0 0.540625 0.746875 0.031250 0.031250
0 0.703125 0.350000 0.031250 0.031250
0 0.487500 0.403125 0.031250 0.031250
0 0.956250 0.609375 0.031250 0.031250
0 0.896875 0.590625 0.031250 0.031250
0 0.496875 0.579688 0.031250 0.028125
0 0.553125 0.193750 0.031250 0.031250
0 0.412500 0.621875 0.031250 0.031250
0 0.518750 0.282813 0.031250 0.028125
0 0.460938 0.212500 0.034375 0.031250
0 0.875000 0.564063 0.031250 0.034375
0 0.700000 0.518750 0.031250 0.031250
0 0.612500 0.231250 0.031250 0.031250
0 0.437500 0.596875 0.031250 0.031250
0 0.471875 0.068750 0.031250 0.031250
0 0.423438 0.239063 0.034375 0.034375
0 0.696875 0.553125 0.031250 0.031250
0 0.625000 0.784375 0.031250 0.031250
0 0.420312 0.307812 0.034375 0.034375
0 0.381250 0.557813 0.031250 0.028125
0 0.517188 0.385937 0.034375 0.034375
0 0.959375 0.512500 0.031250 0.031250
0 0.423438 0.342187 0.034375 0.034375
0 0.471875 0.032813 0.031250 0.034375
0 0.640625 0.315625 0.031250 0.031250
0 0.546875 0.401562 0.031250 0.034375
0 0.493750 0.506250 0.031250 0.031250
0 0.796875 0.909375 0.031250 0.031250
0 0.760938 0.528125 0.034375 0.031250
0 0.896875 0.917188 0.031250 0.034375
0 0.392188 0.432812 0.034375 0.034375
0 0.931250 0.534375 0.031250 0.031250
0 0.456250 0.459375 0.031250 0.031250
0 0.434375 0.512500 0.031250 0.031250
0 0.517188 0.351562 0.034375 0.034375
0 0.610938 0.728125 0.028125 0.031250
0 0.610938 0.365625 0.034375 0.031250
0 0.437500 0.120313 0.031250 0.034375
0 0.915625 0.362500 0.031250 0.031250
0 0.846875 0.662500 0.031250 0.031250
0 0.514062 0.723437 0.034375 0.034375
0 0.823438 0.640625 0.028125 0.031250
0 0.675000 0.053125 0.031250 0.031250
0 0.556250 0.125000 0.031250 0.031250
0 0.571875 0.646875 0.031250 0.031250
0 0.587500 0.040625 0.031250 0.031250
0 0.531250 0.593750 0.031250 0.031250
0 0.557813 0.059375 0.028125 0.031250
0 0.642188 0.381250 0.034375 0.031250
0 0.693750 0.887500 0.031250 0.031250
0 0.509375 0.762500 0.031250 0.031250
0 0.579688 0.315625 0.034375 0.031250
0 0.384375 0.046875 0.031250 0.031250
0 0.468750 0.104688 0.031250 0.034375
0 0.554688 0.159375 0.034375 0.031250
0 0.948438 0.951562 0.034375 0.034375
0 0.662500 0.651563 0.031250 0.028125
0 0.465625 0.525000 0.031250 0.031250
0 0.606250 0.640625 0.031250 0.031250
0 0.521875 0.454688 0.031250 0.028125
0 0.462500 0.178125 0.031250 0.031250
0 0.554688 0.839063 0.034375 0.034375
0 0.671875 0.534375 0.031250 0.031250
0 0.975000 0.745313 0.031250 0.034375
0 0.762500 0.903125 0.031250 0.031250
0 0.392188 0.265625 0.034375 0.031250
0 0.960938 0.548438 0.034375 0.034375
0 0.812500 0.798438 0.031250 0.028125
0 0.610938 0.331250 0.034375 0.031250
0 0.829688 0.915625 0.034375 0.031250
0 0.946875 0.640625 0.031250 0.031250
0 0.426563 0.207813 0.034375 0.034375
0 0.525000 0.557813 0.031250 0.028125
0 0.412500 0.065625 0.031250 0.031250
0 0.726562 0.889062 0.034375 0.034375
0 0.653125 0.562500 0.031250 0.031250
0 0.357812 0.253125 0.034375 0.031250
0 0.673438 0.331250 0.034375 0.031250
0 0.581250 0.485938 0.031250 0.028125
0 0.437500 0.543750 0.031250 0.031250
0 0.903125 0.679688 0.031250 0.028125
0 0.975000 0.396875 0.031250 0.031250
0 0.775000 0.590625 0.031250 0.031250
0 0.973437 0.701562 0.034375 0.034375
0 0.640625 0.518750 0.031250 0.031250
0 0.470313 0.660937 0.034375 0.034375
0 0.806250 0.940625 0.031250 0.031250
0 0.389062 0.332813 0.034375 0.034375
0 0.637500 0.628125 0.031250 0.031250
0 0.614062 0.606250 0.028125 0.031250
0 0.387500 0.367188 0.031250 0.034375
0 0.578125 0.350000 0.031250 0.031250
0 0.975000 0.428125 0.031250 0.031250
0 0.698438 0.642188 0.028125 0.028125
0 0.526563 0.689063 0.034375 0.034375
0 0.765625 0.034375 0.031250 0.031250
0 0.915625 0.328125 0.031250 0.031250
0 0.550000 0.334375 0.031250 0.031250
0 0.806250 0.581250 0.031250 0.031250
0 0.350000 0.548438 0.031250 0.034375
0 0.559375 0.678125 0.031250 0.031250
0 0.950000 0.726562 0.031250 0.028125
0 0.437500 0.156250 0.031250 0.031250
0 0.354687 0.321875 0.034375 0.031250
0 0.490625 0.439063 0.031250 0.034375
0 0.326562 0.410938 0.034375 0.034375
0 0.501563 0.051562 0.034375 0.034375
0 0.329688 0.442188 0.034375 0.034375
0 0.800000 0.831250 0.031250 0.031250
0 0.612500 0.537500 0.031250 0.031250
0 0.559375 0.803125 0.031250 0.031250
0 0.390625 0.229687 0.031250 0.034375
0 0.356250 0.423438 0.031250 0.034375
0 0.457813 0.284375 0.034375 0.031250
0 0.581250 0.862500 0.031250 0.031250
0 0.704688 0.034375 0.034375 0.031250
0 0.415625 0.568750 0.031250 0.031250
0 0.353125 0.028125 0.031250 0.031250
0 0.621875 0.571875 0.031250 0.031250
0 0.353125 0.287500 0.031250 0.031250
0 0.612500 0.853125 0.031250 0.031250
0 0.360938 0.582812 0.034375 0.034375
0 0.489063 0.692187 0.034375 0.034375
0 0.323437 0.373437 0.034375 0.034375
0 0.978125 0.821875 0.037500 0.037500
0 0.354687 0.354687 0.034375 0.034375
0 0.970313 0.665625 0.034375 0.031250
0 0.443750 0.084375 0.031250 0.031250
0 0.937500 0.673438 0.031250 0.028125
0 0.448437 0.626563 0.034375 0.034375
0 0.376563 0.620313 0.034375 0.034375
0 0.515625 0.626563 0.031250 0.034375
0 0.740625 0.928125 0.031250 0.031250
0 0.425000 0.653125 0.031250 0.031250
0 0.734375 0.018750 0.031250 0.031250
0 0.473438 0.773438 0.034375 0.034375
0 0.643750 0.037500 0.031250 0.031250
0 0.354687 0.218750 0.034375 0.031250
0 0.771875 0.937500 0.031250 0.031250
0 0.818750 0.550000 0.031250 0.031250
0 0.645312 0.595313 0.028125 0.028125
0 0.615625 0.021875 0.031250 0.031250
0 0.381250 0.081250 0.031250 0.031250
0 0.632812 0.882812 0.034375 0.034375
0 0.525000 0.029687 0.031250 0.034375
0 0.912500 0.950000 0.031250 0.031250
0 0.390625 0.651563 0.031250 0.034375
0 0.323437 0.275000 0.034375 0.031250
0 0.584375 0.553125 0.031250 0.031250
0 0.557813 0.025000 0.028125 0.031250
0 0.795312 0.017188 0.034375 0.034375
0 0.409375 0.175000 0.031250 0.031250
0 0.321875 0.339062 0.031250 0.034375
0 0.706250 0.920312 0.031250 0.034375
0 0.556250 0.573438 0.031250 0.028125
0 0.854688 0.015625 0.034375 0.031250
0 0.323437 0.307812 0.034375 0.034375
0 0.915625 0.015625 0.031250 0.031250
0 0.384375 0.198437 0.031250 0.034375
0 0.968750 0.579688 0.031250 0.028125
0 0.978125 0.462500 0.031250 0.031250
0 0.554688 0.540625 0.028125 0.031250
0 0.662500 0.900000 0.031250 0.031250
0 0.975000 0.017188 0.031250 0.034375
0 0.675000 0.018750 0.031250 0.031250
0 0.412500 0.031250 0.031250 0.031250
0 0.440625 0.682813 0.031250 0.034375
0 0.409375 0.101562 0.031250 0.034375
0 0.978125 0.887500 0.031250 0.031250
0 0.582812 0.618750 0.028125 0.031250
0 0.321875 0.048438 0.031250 0.028125
0 0.978125 0.631250 0.031250 0.031250
0 0.321875 0.084375 0.031250 0.031250
0 0.582812 0.520312 0.028125 0.028125
0 0.440625 0.017188 0.031250 0.034375
0 0.553125 0.506250 0.031250 0.031250
0 0.460938 0.710938 0.034375 0.034375
0 0.328125 0.240625 0.031250 0.031250
0 0.350000 0.100000 0.031250 0.031250
0 0.485938 0.740625 0.034375 0.031250
