0 0.100000 0.781250 0.031250 0.031250
0 0.214062 0.432812 0.028125 0.028125
0 0.082812 0.645312 0.028125 0.028125
0 0.760938 0.192188 0.028125 0.028125
0 0.365625 0.196875 0.031250 0.031250
0 0.532813 0.482812 0.034375 0.034375
0 0.600000 0.268750 0.031250 0.031250
0 0.696875 0.440625 0.031250 0.031250
0 0.042188 0.075000 0.028125 0.031250
0 0.643750 0.173437 0.031250 0.028125
0 0.048438 0.142187 0.028125 0.028125
0 0.187500 0.112500 0.031250 0.031250
0 0.678125 0.485938 0.031250 0.028125
0 0.776563 0.321875 0.028125 0.031250
0 0.251563 0.204687 0.028125 0.028125
0 0.190625 0.145313 0.031250 0.028125
0 0.159375 0.132812 0.031250 0.028125
0 0.439063 0.071875 0.028125 0.031250
0 0.025000 0.193750 0.031250 0.031250
0 0.123438 0.051562 0.028125 0.028125
0 0.404687 0.718750 0.028125 0.031250
0 0.203125 0.276562 0.031250 0.028125
0 0.526563 0.082812 0.028125 0.028125
0 0.793750 0.204687 0.031250 0.028125
0 0.167187 0.196875 0.028125 0.031250
0 0.284375 0.643750 0.031250 0.031250
0 0.154688 0.098437 0.028125 0.028125
0 0.106250 0.168750 0.031250 0.031250
0 0.057813 0.239063 0.028125 0.028125
0 0.354687 0.095312 0.028125 0.028125
0 0.059375 0.271875 0.031250 0.031250
0 0.267188 0.054688 0.028125 0.028125
0 0.300000 0.439063 0.031250 0.028125
0 0.503125 0.134375 0.031250 0.031250
0 0.329688 0.421875 0.028125 0.031250
0 0.112500 0.234375 0.031250 0.031250
0 0.182812 0.079687 0.028125 0.028125
0 0.142187 0.246875 0.028125 0.031250
0 0.278125 0.184375 0.031250 0.031250
0 0.314063 0.267188 0.028125 0.028125
0 0.037500 0.510938 0.031250 0.028125
0 0.167187 0.725000 0.028125 0.031250
0 0.210938 0.059375 0.028125 0.031250
0 0.551562 0.064062 0.028125 0.028125
0 0.140625 0.615625 0.031250 0.031250
0 0.140625 0.215625 0.031250 0.031250
0 0.498437 0.067187 0.028125 0.028125
0 0.198437 0.243750 0.028125 0.031250
0 0.421875 0.518750 0.031250 0.031250
0 0.023438 0.159375 0.028125 0.031250
0 0.067187 0.726562 0.028125 0.028125
0 0.471875 0.087500 0.031250 0.031250
0 0.153125 0.065625 0.031250 0.031250
0 0.340625 0.246875 0.031250 0.031250
0 0.095312 0.348438 0.028125 0.028125
0 0.618750 0.220312 0.031250 0.028125
0 0.648438 0.204687 0.028125 0.028125
0 0.234375 0.726562 0.031250 0.028125
0 0.678125 0.215625 0.031250 0.031250
0 0.164062 0.164062 0.028125 0.028125
0 0.721875 0.356250 0.031250 0.031250
0 0.240625 0.075000 0.031250 0.031250
0 0.287500 0.284375 0.031250 0.031250
0 0.104688 0.137500 0.028125 0.031250
0 0.393750 0.179688 0.031250 0.028125
0 0.087500 0.253125 0.031250 0.031250
0 0.239063 0.353125 0.028125 0.031250
0 0.171875 0.671875 0.031250 0.031250
0 0.560937 0.160938 0.028125 0.028125
0 0.260937 0.301563 0.028125 0.028125
0 0.081250 0.189062 0.031250 0.028125
0 0.770312 0.254688 0.028125 0.028125
0 0.309375 0.234375 0.031250 0.031250
0 0.101562 0.442188 0.028125 0.028125
0 0.256250 0.693750 0.031250 0.031250
0 0.278125 0.221875 0.031250 0.031250
0 0.190625 0.482812 0.031250 0.028125
0 0.637500 0.714063 0.031250 0.028125
0 0.168750 0.229687 0.031250 0.028125
0 0.075000 0.121875 0.031250 0.031250
0 0.228125 0.257812 0.031250 0.028125
0 0.453125 0.204687 0.031250 0.028125
0 0.090625 0.287500 0.031250 0.031250
0 0.232813 0.321875 0.028125 0.031250
0 0.171875 0.260937 0.031250 0.028125
0 0.181250 0.357812 0.031250 0.028125
0 0.051562 0.698438 0.028125 0.028125
0 0.246875 0.809375 0.031250 0.031250
0 0.135937 0.182812 0.028125 0.028125
0 0.548438 0.032813 0.028125 0.028125
0 0.101562 0.726562 0.028125 0.028125
0 0.196875 0.212500 0.031250 0.031250
0 0.206250 0.028125 0.031250 0.031250
0 0.203125 0.664062 0.031250 0.028125
0 0.268750 0.087500 0.031250 0.031250
0 0.076563 0.156250 0.028125 0.031250
0 0.401562 0.628125 0.028125 0.025000
0 0.337500 0.215625 0.031250 0.031250
0 0.504687 0.165625 0.028125 0.031250
0 0.031250 0.259375 0.031250 0.031250
0 0.304688 0.501563 0.028125 0.028125
0 0.557813 0.129688 0.028125 0.028125
0 0.282813 0.253125 0.028125 0.031250
0 0.070312 0.057813 0.028125 0.028125
0 0.300000 0.101562 0.031250 0.028125
0 0.178125 0.048438 0.031250 0.028125
0 0.632812 0.314063 0.028125 0.028125
0 0.123438 0.362500 0.028125 0.031250
0 0.485938 0.278125 0.028125 0.031250
0 0.246875 0.753125 0.031250 0.031250
0 0.634375 0.346875 0.031250 0.031250
0 0.465625 0.054688 0.031250 0.028125
0 0.182812 0.389062 0.028125 0.028125
0 0.157812 0.435937 0.028125 0.028125
0 0.768750 0.509375 0.031250 0.031250
0 0.107813 0.504687 0.028125 0.028125
0 0.073438 0.089063 0.028125 0.028125
0 0.126562 0.393750 0.028125 0.031250
0 0.479687 0.185938 0.028125 0.028125
0 0.437500 0.040625 0.031250 0.031250
0 0.331250 0.143750 0.031250 0.031250
0 0.317188 0.298438 0.028125 0.028125
0 0.103125 0.103125 0.031250 0.031250
0 0.214062 0.754687 0.028125 0.028125
0 0.771875 0.287500 0.031250 0.031250
0 0.150000 0.032813 0.031250 0.028125
0 0.200000 0.728125 0.031250 0.031250
0 0.054688 0.206250 0.028125 0.031250
0 0.721875 0.045312 0.031250 0.028125
0 0.612500 0.126562 0.031250 0.028125
0 0.476562 0.151562 0.028125 0.028125
0 0.471875 0.118750 0.031250 0.031250
0 0.800000 0.237500 0.031250 0.031250
0 0.273438 0.120313 0.028125 0.028125
0 0.095312 0.039062 0.028125 0.028125
0 0.253125 0.239063 0.031250 0.028125
0 0.098437 0.071875 0.028125 0.031250
0 0.501563 0.101562 0.028125 0.028125
0 0.456250 0.267188 0.031250 0.028125
0 0.220312 0.159375 0.028125 0.031250
0 0.690625 0.343750 0.031250 0.031250
0 0.548438 0.670312 0.028125 0.028125
0 0.692187 0.406250 0.028125 0.031250
0 0.617188 0.157812 0.028125 0.028125
0 0.542188 0.273438 0.028125 0.028125
0 0.750000 0.339062 0.031250 0.028125
0 0.535937 0.212500 0.028125 0.031250
0 0.229687 0.645312 0.028125 0.028125
0 0.426563 0.771875 0.028125 0.031250
0 0.626563 0.251563 0.028125 0.028125
0 0.725000 0.390625 0.031250 0.031250
0 0.117188 0.592187 0.028125 0.028125
0 0.692187 0.032813 0.028125 0.028125
0 0.235937 0.042188 0.028125 0.028125
0 0.614062 0.460938 0.028125 0.028125
0 0.128125 0.085938 0.031250 0.028125
0 0.689063 0.312500 0.028125 0.031250
0 0.264062 0.332813 0.028125 0.028125
0 0.026562 0.225000 0.028125 0.031250
0 0.110937 0.200000 0.028125 0.031250
0 0.101562 0.565625 0.028125 0.031250
0 0.539062 0.243750 0.028125 0.031250
0 0.279687 0.520312 0.028125 0.028125
0 0.398438 0.134375 0.028125 0.031250
0 0.656250 0.628125 0.031250 0.031250
0 0.296875 0.070312 0.031250 0.028125
0 0.210938 0.370312 0.028125 0.028125
0 0.300000 0.407813 0.031250 0.028125
0 0.700000 0.167187 0.031250 0.028125
0 0.045312 0.451562 0.028125 0.028125
0 0.564063 0.195312 0.028125 0.028125
0 0.281250 0.756250 0.031250 0.031250
0 0.071875 0.400000 0.031250 0.031250
0 0.321875 0.050000 0.031250 0.031250
0 0.359375 0.462500 0.031250 0.031250
0 0.425000 0.225000 0.031250 0.031250
0 0.423438 0.190625 0.028125 0.031250
0 0.368750 0.229687 0.031250 0.028125
0 0.268750 0.367188 0.031250 0.028125
0 0.604688 0.332813 0.028125 0.028125
0 0.446875 0.137500 0.031250 0.031250
0 0.385937 0.445312 0.028125 0.028125
0 0.582812 0.714063 0.028125 0.028125
0 0.489063 0.667188 0.028125 0.028125
0 0.129688 0.117188 0.028125 0.028125
0 0.034375 0.726562 0.031250 0.028125
0 0.531250 0.148438 0.031250 0.028125
0 0.281250 0.809375 0.031250 0.031250
0 0.373437 0.648438 0.028125 0.028125
0 0.467187 0.390625 0.028125 0.031250
0 0.514062 0.592187 0.028125 0.028125
0 0.217188 0.123438 0.028125 0.028125
0 0.660937 0.328125 0.028125 0.031250
0 0.175000 0.296875 0.031250 0.031250
0 0.803125 0.271875 0.031250 0.031250
0 0.132812 0.151562 0.028125 0.028125
0 0.737500 0.517188 0.031250 0.028125
0 0.076563 0.460938 0.028125 0.028125
0 0.215625 0.700000 0.031250 0.031250
0 0.628125 0.282813 0.031250 0.028125
0 0.353125 0.373437 0.025000 0.028125
0 0.373437 0.290625 0.028125 0.031250
0 0.706250 0.470313 0.031250 0.028125
0 0.275000 0.151562 0.031250 0.028125
0 0.175000 0.595313 0.031250 0.028125
0 0.375000 0.153125 0.031250 0.031250
0 0.376563 0.320312 0.028125 0.028125
0 0.085938 0.698438 0.028125 0.028125
0 0.359375 0.125000 0.031250 0.031250
0 0.610938 0.731250 0.028125 0.031250
0 0.409375 0.057813 0.031250 0.028125
0 0.545312 0.307812 0.028125 0.028125
0 0.651563 0.234375 0.028125 0.031250
0 0.039062 0.354687 0.028125 0.028125
0 0.370312 0.260937 0.028125 0.028125
0 0.045312 0.107813 0.028125 0.028125
0 0.735938 0.212500 0.028125 0.031250
0 0.385937 0.106250 0.028125 0.031250
0 0.346875 0.807813 0.031250 0.028125
0 0.214062 0.093750 0.028125 0.031250
0 0.675000 0.187500 0.031250 0.031250
0 0.709375 0.564063 0.031250 0.028125
0 0.167187 0.779687 0.028125 0.028125
0 0.192188 0.176563 0.028125 0.028125
0 0.556250 0.095312 0.031250 0.028125
0 0.117188 0.645312 0.028125 0.028125
0 0.479687 0.545312 0.028125 0.028125
0 0.232813 0.779687 0.028125 0.028125
0 0.739062 0.243750 0.028125 0.031250
0 0.248438 0.168750 0.028125 0.031250
0 0.192188 0.514062 0.028125 0.028125
0 0.301563 0.132812 0.028125 0.028125
0 0.242188 0.107813 0.028125 0.028125
0 0.132812 0.723437 0.028125 0.028125
0 0.520312 0.323437 0.028125 0.028125
0 0.579688 0.382812 0.028125 0.028125
0 0.304688 0.164062 0.028125 0.028125
0 0.051562 0.173437 0.028125 0.028125
0 0.332813 0.482812 0.028125 0.028125
0 0.751563 0.059375 0.028125 0.031250
0 0.614062 0.426563 0.028125 0.028125
0 0.117188 0.267188 0.028125 0.028125
0 0.576562 0.351562 0.028125 0.028125
0 0.051562 0.753125 0.028125 0.031250
0 0.423438 0.550000 0.028125 0.031250
0 0.623437 0.551562 0.028125 0.028125
0 0.550000 0.368750 0.025000 0.025000
0 0.518750 0.654687 0.031250 0.028125
0 0.143750 0.578125 0.031250 0.031250
0 0.362500 0.493750 0.031250 0.031250
0 0.715625 0.595313 0.031250 0.028125
0 0.529687 0.448437 0.028125 0.028125
0 0.346875 0.310937 0.031250 0.028125
0 0.418750 0.159375 0.031250 0.031250
0 0.514062 0.623437 0.028125 0.028125
0 0.101562 0.618750 0.028125 0.031250
0 0.429688 0.610938 0.028125 0.028125
0 0.067187 0.565625 0.028125 0.031250
0 0.248438 0.507812 0.028125 0.028125
0 0.301563 0.470313 0.028125 0.028125
0 0.656250 0.267188 0.031250 0.028125
0 0.254688 0.598437 0.028125 0.028125
0 0.182812 0.753125 0.028125 0.031250
0 0.707812 0.501563 0.028125 0.028125
0 0.635938 0.379688 0.028125 0.028125
0 0.809375 0.337500 0.031250 0.031250
0 0.607812 0.395313 0.028125 0.028125
0 0.292187 0.034375 0.028125 0.031250
0 0.717187 0.295312 0.028125 0.028125
0 0.515625 0.292187 0.031250 0.028125
0 0.039062 0.042188 0.028125 0.028125
0 0.295312 0.346875 0.028125 0.031250
0 0.737500 0.546875 0.031250 0.031250
0 0.257812 0.270313 0.028125 0.028125
0 0.706250 0.198437 0.031250 0.028125
0 0.051562 0.592187 0.028125 0.028125
0 0.018750 0.128125 0.031250 0.031250
0 0.323437 0.357812 0.028125 0.028125
0 0.226562 0.223438 0.028125 0.028125
0 0.682813 0.248438 0.028125 0.028125
0 0.214062 0.809375 0.028125 0.031250
0 0.151562 0.342187 0.028125 0.028125
0 0.507812 0.198437 0.028125 0.028125
0 0.695312 0.064062 0.028125 0.028125
0 0.689063 0.609375 0.028125 0.031250
0 0.587500 0.143750 0.031250 0.031250
0 0.073438 0.431250 0.028125 0.031250
0 0.110937 0.535937 0.028125 0.028125
0 0.445312 0.103125 0.028125 0.031250
0 0.404687 0.332813 0.028125 0.028125
0 0.220312 0.190625 0.028125 0.031250
0 0.206250 0.339062 0.031250 0.028125
0 0.687500 0.675000 0.031250 0.031250
0 0.060937 0.304688 0.028125 0.028125
0 0.643750 0.137500 0.031250 0.031250
0 0.198437 0.782813 0.028125 0.028125
0 0.134375 0.779687 0.031250 0.028125
0 0.309375 0.564063 0.031250 0.028125
0 0.650000 0.503125 0.031250 0.031250
0 0.523438 0.050000 0.028125 0.031250
0 0.392188 0.507812 0.028125 0.028125
0 0.328125 0.187500 0.031250 0.031250
0 0.410938 0.367188 0.028125 0.028125
0 0.171875 0.625000 0.031250 0.031250
0 0.554688 0.398438 0.028125 0.028125
0 0.551562 0.700000 0.028125 0.031250
0 0.732812 0.181250 0.028125 0.031250
0 0.082812 0.593750 0.028125 0.031250
0 0.734375 0.453125 0.031250 0.031250
0 0.342187 0.573438 0.028125 0.028125
0 0.150000 0.645312 0.031250 0.028125
0 0.220312 0.495312 0.028125 0.028125
0 0.325000 0.081250 0.031250 0.031250
0 0.032813 0.290625 0.028125 0.031250
0 0.082812 0.753125 0.028125 0.031250
0 0.067187 0.781250 0.028125 0.031250
0 0.523438 0.354687 0.028125 0.028125
0 0.639062 0.409375 0.028125 0.031250
0 0.204687 0.307812 0.028125 0.028125
0 0.442188 0.440625 0.028125 0.031250
0 0.367188 0.525000 0.028125 0.031250
0 0.542188 0.607812 0.028125 0.028125
0 0.793750 0.418750 0.031250 0.031250
0 0.718750 0.325000 0.031250 0.031250
0 0.439063 0.378125 0.028125 0.031250
0 0.654687 0.567187 0.028125 0.028125
0 0.345313 0.279687 0.028125 0.028125
0 0.307812 0.532813 0.028125 0.028125
0 0.264062 0.782813 0.028125 0.028125
0 0.589063 0.175000 0.028125 0.031250
0 0.665625 0.053125 0.031250 0.031250
0 0.707812 0.532813 0.028125 0.028125
0 0.196875 0.545312 0.025000 0.028125
0 0.432812 0.670312 0.028125 0.028125
0 0.576562 0.651563 0.028125 0.028125
0 0.096875 0.379688 0.031250 0.028125
0 0.037500 0.385937 0.031250 0.028125
0 0.535937 0.179688 0.028125 0.028125
0 0.507812 0.528125 0.028125 0.031250
0 0.143750 0.281250 0.031250 0.031250
0 0.295312 0.782813 0.028125 0.028125
0 0.668750 0.153125 0.031250 0.031250
0 0.578125 0.043750 0.031250 0.031250
0 0.393750 0.776563 0.031250 0.028125
0 0.326562 0.389062 0.028125 0.028125
0 0.629687 0.648438 0.028125 0.028125
0 0.645312 0.473438 0.028125 0.028125
0 0.751563 0.371875 0.028125 0.031250
0 0.712500 0.262500 0.031250 0.031250
0 0.132812 0.457813 0.028125 0.028125
0 0.051562 0.645312 0.028125 0.028125
0 0.539062 0.576562 0.028125 0.028125
0 0.050000 0.479687 0.031250 0.028125
0 0.239063 0.384375 0.028125 0.031250
0 0.182812 0.809375 0.028125 0.031250
0 0.493750 0.035937 0.031250 0.028125
0 0.692187 0.373437 0.028125 0.028125
0 0.484375 0.246875 0.031250 0.031250
0 0.707812 0.229687 0.028125 0.028125
0 0.314063 0.809375 0.028125 0.031250
0 0.034375 0.781250 0.031250 0.031250
0 0.665625 0.390625 0.031250 0.031250
0 0.082812 0.220312 0.028125 0.028125
0 0.351562 0.342187 0.028125 0.028125
0 0.473438 0.482812 0.028125 0.028125
0 0.017188 0.095312 0.028125 0.028125
0 0.582812 0.110937 0.028125 0.028125
0 0.132812 0.489063 0.028125 0.028125
0 0.067187 0.618750 0.028125 0.031250
0 0.659375 0.660937 0.031250 0.028125
0 0.514062 0.260937 0.028125 0.028125
0 0.303125 0.204687 0.031250 0.028125
0 0.289062 0.317188 0.028125 0.028125
0 0.604688 0.025000 0.028125 0.031250
0 0.460938 0.298438 0.028125 0.028125
0 0.495312 0.373437 0.028125 0.028125
0 0.485938 0.607812 0.028125 0.028125
0 0.771875 0.443750 0.031250 0.031250
0 0.128125 0.425000 0.031250 0.031250
0 0.067187 0.368750 0.028125 0.031250
0 0.640625 0.440625 0.031250 0.031250
0 0.500000 0.465625 0.031250 0.031250
0 0.245312 0.139063 0.028125 0.028125
0 0.092188 0.317188 0.028125 0.028125
0 0.679688 0.518750 0.028125 0.031250
0 0.545312 0.639062 0.028125 0.028125
0 0.768750 0.475000 0.031250 0.031250
0 0.065625 0.337500 0.031250 0.031250
0 0.685937 0.281250 0.028125 0.031250
0 0.651563 0.534375 0.028125 0.025000
0 0.664062 0.360938 0.028125 0.028125
0 0.510938 0.232813 0.028125 0.028125
0 0.368750 0.556250 0.025000 0.025000
0 0.535937 0.545312 0.028125 0.028125
0 0.182812 0.698438 0.028125 0.028125
0 0.139063 0.517188 0.028125 0.028125
0 0.498437 0.435937 0.028125 0.028125
0 0.793750 0.384375 0.031250 0.031250
0 0.151562 0.696875 0.028125 0.031250
0 0.245312 0.445312 0.028125 0.028125
0 0.150000 0.807813 0.031250 0.028125
0 0.745313 0.579688 0.028125 0.028125
0 0.790625 0.109375 0.031250 0.031250
0 0.471875 0.451562 0.031250 0.028125
0 0.498437 0.404687 0.028125 0.028125
0 0.079687 0.495312 0.028125 0.028125
0 0.659375 0.295312 0.031250 0.028125
0 0.554688 0.729688 0.028125 0.028125
0 0.262500 0.023438 0.031250 0.028125
0 0.807813 0.306250 0.028125 0.031250
0 0.520312 0.682813 0.028125 0.028125
0 0.420312 0.489063 0.028125 0.028125
0 0.045312 0.415625 0.028125 0.031250
0 0.198437 0.576562 0.028125 0.028125
0 0.276562 0.489063 0.028125 0.028125
0 0.404687 0.301563 0.028125 0.028125
0 0.737500 0.484375 0.031250 0.031250
0 0.379688 0.806250 0.028125 0.031250
0 0.268750 0.398438 0.031250 0.028125
0 0.053125 0.537500 0.031250 0.031250
0 0.665625 0.696875 0.031250 0.031250
0 0.400000 0.270313 0.025000 0.028125
0 0.309375 0.725000 0.031250 0.031250
0 0.750000 0.128125 0.031250 0.031250
0 0.185938 0.420312 0.028125 0.028125
0 0.176563 0.326562 0.028125 0.028125
0 0.185938 0.451562 0.028125 0.028125
0 0.414062 0.426563 0.028125 0.028125
0 0.345313 0.634375 0.028125 0.031250
0 0.501563 0.500000 0.028125 0.031250
0 0.164062 0.498437 0.028125 0.028125
0 0.267188 0.726562 0.028125 0.028125
0 0.232813 0.290625 0.028125 0.031250
0 0.435937 0.732812 0.028125 0.028125
0 0.312500 0.596875 0.031250 0.031250
0 0.378125 0.043750 0.031250 0.031250
0 0.489063 0.635938 0.028125 0.028125
0 0.681250 0.548438 0.031250 0.028125
0 0.607812 0.364063 0.028125 0.028125
0 0.139063 0.548438 0.028125 0.028125
0 0.604688 0.667188 0.028125 0.028125
0 0.767188 0.225000 0.028125 0.031250
0 0.339062 0.542188 0.028125 0.028125
0 0.570312 0.589063 0.028125 0.028125
0 0.098437 0.410938 0.028125 0.028125
0 0.526563 0.417187 0.028125 0.028125
0 0.756250 0.096875 0.031250 0.031250
0 0.353125 0.062500 0.031250 0.031250
0 0.750000 0.423438 0.031250 0.034375
0 0.628125 0.614062 0.031250 0.028125
0 0.034375 0.618750 0.031250 0.031250
0 0.598437 0.601562 0.028125 0.028125
0 0.460938 0.654687 0.028125 0.028125
0 0.400000 0.596875 0.025000 0.025000
0 0.745313 0.307812 0.028125 0.028125
0 0.453125 0.235937 0.031250 0.028125
0 0.435937 0.348438 0.028125 0.028125
0 0.617188 0.189062 0.028125 0.028125
0 0.104688 0.473438 0.028125 0.028125
0 0.426563 0.579688 0.028125 0.028125
0 0.654687 0.596875 0.028125 0.031250
0 0.035937 0.321875 0.028125 0.031250
0 0.570312 0.620313 0.028125 0.028125
0 0.432812 0.317188 0.028125 0.028125
0 0.607812 0.698438 0.028125 0.028125
0 0.457813 0.623437 0.028125 0.028125
0 0.592187 0.540625 0.028125 0.031250
0 0.223438 0.523438 0.028125 0.028125
0 0.448437 0.170313 0.028125 0.028125
0 0.431250 0.284375 0.031250 0.031250
0 0.523438 0.714063 0.028125 0.028125
0 0.414062 0.089063 0.028125 0.028125
0 0.160938 0.468750 0.028125 0.031250
0 0.451562 0.532813 0.028125 0.028125
0 0.592187 0.509375 0.028125 0.031250
0 0.212500 0.401562 0.025000 0.028125
0 0.634375 0.039062 0.031250 0.028125
0 0.148438 0.310937 0.028125 0.028125
0 0.282813 0.581250 0.028125 0.031250
0 0.118750 0.698438 0.031250 0.028125
0 0.492188 0.340625 0.028125 0.031250
0 0.329688 0.453125 0.028125 0.031250
0 0.778125 0.354687 0.031250 0.028125
0 0.482812 0.576562 0.028125 0.028125
0 0.035937 0.565625 0.028125 0.031250
0 0.454688 0.564063 0.028125 0.028125
0 0.421875 0.118750 0.031250 0.031250
0 0.314063 0.659375 0.028125 0.031250
0 0.482812 0.217188 0.028125 0.028125
0 0.581250 0.748437 0.031250 0.028125
0 0.248438 0.476562 0.028125 0.028125
0 0.725000 0.626563 0.031250 0.034375
0 0.151562 0.751563 0.028125 0.028125
0 0.462500 0.021875 0.031250 0.031250
0 0.154688 0.404687 0.028125 0.028125
0 0.270313 0.426563 0.028125 0.028125
0 0.154688 0.376563 0.028125 0.028125
0 0.757812 0.159375 0.028125 0.031250
0 0.442188 0.410938 0.028125 0.028125
0 0.660937 0.018750 0.028125 0.031250
0 0.370312 0.617188 0.028125 0.028125
0 0.564063 0.500000 0.028125 0.031250
0 0.362500 0.779687 0.031250 0.028125
0 0.581250 0.075000 0.031250 0.031250
0 0.385937 0.414062 0.028125 0.028125
0 0.445312 0.473438 0.028125 0.028125
0 0.164062 0.529687 0.028125 0.028125
0 0.081250 0.525000 0.031250 0.031250
0 0.120313 0.018750 0.028125 0.031250
0 0.404687 0.657813 0.028125 0.028125
0 0.410938 0.395313 0.028125 0.028125
0 0.314063 0.689063 0.028125 0.028125
0 0.667188 0.082812 0.028125 0.028125
0 0.279687 0.551562 0.028125 0.028125
0 0.771875 0.540625 0.031250 0.031250
0 0.120313 0.331250 0.028125 0.031250
0 0.251563 0.539062 0.028125 0.028125
0 0.487500 0.310937 0.031250 0.028125
0 0.342187 0.603125 0.028125 0.031250
0 0.595313 0.571875 0.028125 0.031250
0 0.343750 0.725000 0.031250 0.031250
0 0.067187 0.670312 0.028125 0.028125
0 0.117188 0.300000 0.028125 0.031250
0 0.404687 0.748437 0.028125 0.028125
0 0.567187 0.557813 0.028125 0.028125
0 0.346875 0.031250 0.031250 0.031250
0 0.384375 0.073438 0.031250 0.028125
0 0.018750 0.590625 0.031250 0.031250
0 0.337500 0.514062 0.025000 0.028125
0 0.507812 0.560937 0.028125 0.028125
0 0.084375 0.807813 0.031250 0.028125
0 0.406250 0.026562 0.031250 0.028125
0 0.357812 0.401562 0.028125 0.028125
0 0.556250 0.431250 0.025000 0.025000
0 0.640625 0.104688 0.031250 0.028125
0 0.560937 0.460938 0.028125 0.028125
0 0.467187 0.360938 0.028125 0.028125
0 0.345313 0.664062 0.028125 0.028125
0 0.320312 0.326562 0.028125 0.028125
0 0.371875 0.739062 0.031250 0.028125
0 0.476562 0.514062 0.028125 0.028125
0 0.670312 0.456250 0.028125 0.031250
0 0.551562 0.762500 0.028125 0.031250
0 0.782813 0.073438 0.034375 0.034375
0 0.329688 0.114062 0.028125 0.028125
0 0.454688 0.592187 0.028125 0.028125
0 0.373437 0.679688 0.028125 0.028125
0 0.587500 0.479687 0.025000 0.028125
0 0.725000 0.146875 0.031250 0.031250
0 0.226562 0.554688 0.028125 0.028125
0 0.217188 0.467187 0.028125 0.028125
0 0.781250 0.137500 0.031250 0.031250
0 0.573438 0.289062 0.028125 0.028125
0 0.682813 0.579688 0.028125 0.028125
0 0.582812 0.414062 0.028125 0.028125
0 0.412500 0.803125 0.031250 0.031250
0 0.529687 0.114062 0.028125 0.028125
0 0.117188 0.751563 0.028125 0.028125
0 0.379688 0.351562 0.028125 0.028125
0 0.329688 0.779687 0.028125 0.028125
0 0.393750 0.210938 0.031250 0.028125
0 0.460938 0.773438 0.028125 0.028125
0 0.018750 0.432812 0.031250 0.028125
0 0.565625 0.226562 0.031250 0.028125
0 0.525000 0.385937 0.025000 0.028125
0 0.257812 0.629687 0.028125 0.028125
0 0.635938 0.679688 0.028125 0.028125
0 0.254688 0.567187 0.028125 0.028125
0 0.389062 0.476562 0.028125 0.028125
0 0.578125 0.682813 0.031250 0.028125
0 0.778125 0.571875 0.031250 0.031250
0 0.470313 0.423438 0.028125 0.028125
0 0.101562 0.670312 0.028125 0.028125
0 0.601562 0.634375 0.028125 0.031250
0 0.384375 0.382812 0.025000 0.028125
0 0.518750 0.018750 0.031250 0.031250
0 0.623437 0.520312 0.028125 0.028125
0 0.064062 0.026562 0.028125 0.028125
0 0.273438 0.457813 0.028125 0.028125
0 0.395313 0.535937 0.028125 0.028125
0 0.435937 0.701562 0.028125 0.028125
0 0.548438 0.335938 0.028125 0.028125
0 0.228125 0.617188 0.025000 0.028125
0 0.312500 0.754687 0.031250 0.028125
0 0.200000 0.632812 0.031250 0.028125
0 0.018750 0.753125 0.031250 0.031250
0 0.667188 0.423438 0.028125 0.028125
0 0.398438 0.242188 0.028125 0.028125
0 0.743750 0.276562 0.031250 0.028125
0 0.398438 0.567187 0.028125 0.028125
0 0.684375 0.642188 0.031250 0.028125
0 0.467187 0.743750 0.028125 0.031250
0 0.117188 0.809375 0.028125 0.031250
0 0.345313 0.754687 0.028125 0.028125
0 0.298438 0.379688 0.028125 0.028125
0 0.729688 0.082812 0.028125 0.028125
0 0.312500 0.626563 0.031250 0.028125
0 0.626563 0.582812 0.028125 0.028125
0 0.585938 0.442188 0.028125 0.028125
0 0.035937 0.673438 0.028125 0.028125
0 0.018750 0.537500 0.031250 0.031250
0 0.176563 0.017188 0.028125 0.028125
0 0.785937 0.171875 0.028125 0.031250
0 0.443750 0.796875 0.031250 0.031250
0 0.370312 0.587500 0.028125 0.025000
0 0.592187 0.237500 0.028125 0.031250
0 0.523438 0.775000 0.028125 0.031250
0 0.242188 0.414062 0.028125 0.028125
0 0.285938 0.704688 0.028125 0.028125
0 0.576562 0.320312 0.028125 0.028125
0 0.534375 0.515625 0.031250 0.031250
0 0.525000 0.743750 0.031250 0.031250
0 0.800000 0.462500 0.031250 0.031250
0 0.404687 0.685937 0.028125 0.028125
0 0.426563 0.253125 0.028125 0.031250
0 0.448437 0.503125 0.028125 0.031250
0 0.460938 0.685937 0.028125 0.028125
0 0.417187 0.457813 0.028125 0.028125
0 0.373437 0.707812 0.028125 0.028125
0 0.132812 0.673438 0.028125 0.028125
0 0.018750 0.646875 0.031250 0.031250
0 0.429688 0.642188 0.028125 0.028125
0 0.493750 0.728125 0.031250 0.031250
0 0.567187 0.254688 0.028125 0.028125
0 0.226562 0.585938 0.028125 0.028125
0 0.492188 0.698438 0.028125 0.028125
0 0.751563 0.610938 0.034375 0.034375
0 0.345313 0.695312 0.028125 0.028125
0 0.170313 0.560937 0.028125 0.028125
0 0.464062 0.710938 0.028125 0.028125
0 0.812500 0.146875 0.031250 0.031250
0 0.798438 0.493750 0.028125 0.031250
0 0.718750 0.418750 0.031250 0.031250
0 0.285938 0.614062 0.028125 0.028125
0 0.765625 0.396875 0.031250 0.031250
0 0.835938 0.268750 0.034375 0.031250
0 0.259375 0.660937 0.025000 0.028125
0 0.018750 0.698438 0.031250 0.028125
0 0.815625 0.181250 0.031250 0.031250
0 0.018750 0.484375 0.031250 0.031250
0 0.603125 0.301563 0.031250 0.028125
0 0.351562 0.168750 0.028125 0.031250
0 0.746875 0.028125 0.031250 0.031250
0 0.495312 0.757812 0.028125 0.028125
0 0.617188 0.489063 0.028125 0.028125
0 0.460938 0.332813 0.028125 0.028125
0 0.842187 0.301563 0.034375 0.034375
0 0.564063 0.529687 0.028125 0.028125
0 0.320312 0.018750 0.028125 0.031250
0 0.285938 0.676562 0.028125 0.028125
0 0.714063 0.656250 0.028125 0.031250
0 0.829688 0.120313 0.034375 0.034375
0 0.490625 0.787500 0.031250 0.031250
0 0.835938 0.220312 0.034375 0.034375
0 0.717187 0.015625 0.028125 0.031250
0 0.828125 0.371875 0.031250 0.031250
0 0.232813 0.673438 0.028125 0.028125
0 0.818750 0.090625 0.031250 0.031250
0 0.821875 0.435937 0.031250 0.034375
0 0.609375 0.090625 0.031250 0.031250
0 0.828125 0.476562 0.031250 0.034375
0 0.843750 0.071875 0.037500 0.037500
0 0.828125 0.406250 0.031250 0.031250
0 0.842187 0.335938 0.034375 0.034375
0 0.800000 0.526563 0.031250 0.034375
