0 0.085938 0.810937 0.034375 0.034375
0 0.787500 0.390625 0.031250 0.031250
0 0.743750 0.903125 0.031250 0.031250
0 0.750000 0.643750 0.031250 0.031250
0 0.685937 0.870313 0.028125 0.028125
0 0.551562 0.114062 0.028125 0.028125
0 0.534375 0.087500 0.031250 0.031250
0 0.604688 0.735938 0.028125 0.028125
0 0.648438 0.106250 0.028125 0.031250
0 0.760938 0.142187 0.028125 0.028125
0 0.720313 0.657813 0.028125 0.028125
0 0.789062 0.125000 0.028125 0.031250
0 0.670312 0.826562 0.028125 0.028125
0 0.087500 0.775000 0.031250 0.031250
0 0.698438 0.470313 0.028125 0.028125
0 0.759375 0.109375 0.031250 0.031250
0 0.731250 0.075000 0.031250 0.031250
0 0.729688 0.421875 0.028125 0.031250
0 0.698438 0.807813 0.028125 0.028125
0 0.787500 0.356250 0.031250 0.031250
0 0.728125 0.225000 0.031250 0.031250
0 0.698438 0.773438 0.028125 0.028125
0 0.696875 0.709375 0.031250 0.031250
0 0.693750 0.637500 0.031250 0.031250
0 0.790625 0.089063 0.031250 0.034375
0 0.635938 0.720313 0.028125 0.028125
0 0.665625 0.693750 0.031250 0.031250
0 0.773438 0.953125 0.028125 0.031250
0 0.434375 0.462500 0.031250 0.031250
0 0.754687 0.842187 0.028125 0.028125
0 0.789062 0.190625 0.028125 0.031250
0 0.693750 0.675000 0.031250 0.031250
0 0.471875 0.146875 0.031250 0.031250
0 0.456250 0.115625 0.031250 0.031250
0 0.728125 0.454688 0.031250 0.028125
0 0.723437 0.690625 0.028125 0.031250
0 0.818750 0.175000 0.031250 0.031250
0 0.503125 0.087500 0.031250 0.031250
0 0.573438 0.196875 0.028125 0.031250
0 0.781250 0.890625 0.031250 0.031250
0 0.226562 0.685937 0.028125 0.028125
0 0.695312 0.076563 0.028125 0.028125
0 0.700000 0.243750 0.031250 0.031250
0 0.781250 0.656250 0.031250 0.031250
0 0.726562 0.725000 0.028125 0.031250
0 0.728125 0.823438 0.031250 0.028125
0 0.576562 0.904687 0.028125 0.028125
0 0.546875 0.890625 0.031250 0.031250
0 0.665625 0.225000 0.031250 0.031250
0 0.789062 0.154688 0.028125 0.028125
0 0.325000 0.301563 0.031250 0.028125
0 0.114062 0.792188 0.028125 0.028125
0 0.581250 0.056250 0.031250 0.031250
0 0.728125 0.487500 0.031250 0.031250
0 0.200000 0.740625 0.031250 0.031250
0 0.229687 0.654687 0.028125 0.028125
0 0.721875 0.621875 0.031250 0.031250
0 0.785937 0.423438 0.028125 0.028125
0 0.198437 0.368750 0.028125 0.031250
0 0.729688 0.357812 0.028125 0.028125
0 0.754687 0.471875 0.028125 0.031250
0 0.229687 0.623437 0.028125 0.028125
0 0.725000 0.521875 0.031250 0.031250
0 0.465625 0.246875 0.031250 0.031250
0 0.610938 0.251563 0.028125 0.028125
0 0.520312 0.939063 0.028125 0.028125
0 0.234375 0.782813 0.031250 0.028125
0 0.679688 0.104688 0.028125 0.028125
0 0.757812 0.439063 0.028125 0.028125
0 0.140625 0.843750 0.031250 0.031250
0 0.754687 0.875000 0.028125 0.031250
0 0.731250 0.162500 0.031250 0.031250
0 0.617188 0.417187 0.028125 0.028125
0 0.703125 0.371875 0.031250 0.031250
0 0.760938 0.173437 0.028125 0.028125
0 0.759375 0.370312 0.031250 0.028125
0 0.603125 0.890625 0.031250 0.031250
0 0.675000 0.389062 0.031250 0.028125
0 0.648438 0.370312 0.028125 0.028125
0 0.626563 0.278125 0.028125 0.031250
0 0.607812 0.576562 0.028125 0.028125
0 0.753125 0.675000 0.031250 0.031250
0 0.607812 0.701562 0.028125 0.028125
0 0.756250 0.568750 0.031250 0.031250
0 0.634375 0.137500 0.031250 0.031250
0 0.598437 0.082812 0.028125 0.028125
0 0.810937 0.967187 0.034375 0.034375
0 0.495312 0.539062 0.028125 0.028125
0 0.179688 0.196875 0.028125 0.031250
0 0.771875 0.918750 0.031250 0.031250
0 0.379688 0.382812 0.028125 0.028125
0 0.576562 0.970313 0.028125 0.028125
0 0.595313 0.281250 0.028125 0.031250
0 0.667188 0.517188 0.028125 0.028125
0 0.714063 0.920312 0.028125 0.028125
0 0.537500 0.143750 0.031250 0.031250
0 0.023438 0.209375 0.028125 0.031250
0 0.815625 0.407813 0.031250 0.034375
0 0.271875 0.021875 0.031250 0.031250
0 0.710938 0.048438 0.028125 0.028125
0 0.464062 0.617188 0.028125 0.028125
0 0.287500 0.653125 0.031250 0.031250
0 0.573438 0.842187 0.028125 0.028125
0 0.393750 0.353125 0.031250 0.031250
0 0.729688 0.390625 0.028125 0.031250
0 0.818750 0.142187 0.031250 0.028125
0 0.298438 0.878125 0.028125 0.031250
0 0.296875 0.360938 0.031250 0.028125
0 0.114062 0.345313 0.028125 0.028125
0 0.698438 0.501563 0.028125 0.028125
0 0.668750 0.760938 0.031250 0.028125
0 0.665625 0.550000 0.031250 0.031250
0 0.148438 0.342187 0.028125 0.028125
0 0.698438 0.842187 0.028125 0.028125
0 0.482812 0.325000 0.028125 0.031250
0 0.054688 0.931250 0.028125 0.031250
0 0.601562 0.920312 0.028125 0.028125
0 0.604688 0.195312 0.028125 0.028125
0 0.062500 0.064062 0.031250 0.028125
0 0.610938 0.481250 0.028125 0.031250
0 0.365625 0.253125 0.031250 0.031250
0 0.645312 0.401562 0.028125 0.028125
0 0.578125 0.687500 0.031250 0.031250
0 0.643750 0.307812 0.031250 0.028125
0 0.401562 0.306250 0.028125 0.031250
0 0.195312 0.167187 0.028125 0.028125
0 0.726562 0.859375 0.028125 0.031250
0 0.576562 0.939063 0.028125 0.028125
0 0.615625 0.796875 0.031250 0.031250
0 0.701562 0.435937 0.028125 0.028125
0 0.667188 0.728125 0.028125 0.031250
0 0.190625 0.256250 0.031250 0.031250
0 0.201563 0.643750 0.028125 0.031250
0 0.687500 0.903125 0.031250 0.031250
0 0.637500 0.593750 0.031250 0.031250
0 0.753125 0.534375 0.031250 0.031250
0 0.685937 0.935937 0.028125 0.028125
0 0.198437 0.675000 0.028125 0.031250
0 0.125000 0.259375 0.031250 0.031250
0 0.818750 0.106250 0.031250 0.031250
0 0.273438 0.929688 0.028125 0.028125
0 0.259375 0.604688 0.031250 0.028125
0 0.698438 0.601562 0.028125 0.028125
0 0.687500 0.968750 0.031250 0.031250
0 0.343750 0.329688 0.031250 0.028125
0 0.742188 0.937500 0.028125 0.031250
0 0.464062 0.192188 0.028125 0.028125
0 0.260937 0.764062 0.028125 0.028125
0 0.667188 0.656250 0.028125 0.031250
0 0.270313 0.895312 0.028125 0.028125
0 0.490625 0.175000 0.031250 0.031250
0 0.676562 0.050000 0.028125 0.031250
0 0.095312 0.062500 0.028125 0.031250
0 0.732812 0.257812 0.028125 0.028125
0 0.418750 0.112500 0.031250 0.031250
0 0.609375 0.606250 0.031250 0.031250
0 0.603125 0.951562 0.031250 0.028125
0 0.617188 0.110937 0.028125 0.028125
0 0.620313 0.354687 0.028125 0.028125
0 0.693750 0.209375 0.031250 0.031250
0 0.626563 0.023438 0.028125 0.028125
0 0.576562 0.253125 0.028125 0.031250
0 0.659375 0.953125 0.031250 0.031250
0 0.434375 0.140625 0.031250 0.031250
0 0.778125 0.590625 0.031250 0.031250
0 0.226562 0.164062 0.028125 0.028125
0 0.521875 0.971875 0.031250 0.031250
0 0.381250 0.278125 0.031250 0.031250
0 0.673438 0.292187 0.034375 0.034375
0 0.317188 0.762500 0.028125 0.031250
0 0.639062 0.623437 0.028125 0.028125
0 0.784375 0.456250 0.031250 0.031250
0 0.579688 0.621875 0.028125 0.031250
0 0.668750 0.190625 0.031250 0.031250
0 0.579688 0.653125 0.028125 0.031250
0 0.495312 0.507812 0.028125 0.028125
0 0.696875 0.742188 0.031250 0.028125
0 0.703125 0.340625 0.031250 0.031250
0 0.389062 0.489063 0.028125 0.028125
0 0.198437 0.610938 0.028125 0.028125
0 0.532813 0.296875 0.028125 0.031250
0 0.651563 0.164062 0.028125 0.028125
0 0.520312 0.117188 0.028125 0.028125
0 0.554688 0.446875 0.028125 0.031250
0 0.746875 0.600000 0.031250 0.031250
0 0.721875 0.575000 0.031250 0.031250
0 0.167187 0.226562 0.028125 0.028125
0 0.645312 0.050000 0.028125 0.031250
0 0.567187 0.085938 0.028125 0.028125
0 0.143750 0.778125 0.031250 0.031250
0 0.640625 0.500000 0.031250 0.031250
0 0.523438 0.556250 0.028125 0.031250
0 0.073438 0.543750 0.028125 0.031250
0 0.467187 0.354687 0.028125 0.028125
0 0.437500 0.356250 0.031250 0.031250
0 0.589063 0.400000 0.028125 0.031250
0 0.729688 0.323437 0.028125 0.028125
0 0.234375 0.418750 0.031250 0.031250
0 0.432812 0.406250 0.028125 0.031250
0 0.168750 0.659375 0.031250 0.031250
0 0.290625 0.779687 0.031250 0.028125
0 0.759375 0.406250 0.031250 0.031250
0 0.229687 0.717187 0.028125 0.028125
0 0.487500 0.060937 0.031250 0.028125
0 0.285938 0.684375 0.028125 0.031250
0 0.576562 0.717187 0.028125 0.028125
0 0.454688 0.059375 0.028125 0.031250
0 0.523438 0.589063 0.028125 0.028125
0 0.487500 0.117188 0.031250 0.028125
0 0.304688 0.192188 0.028125 0.028125
0 0.625000 0.221875 0.031250 0.031250
0 0.659375 0.889062 0.031250 0.028125
0 0.142187 0.025000 0.028125 0.031250
0 0.667188 0.617188 0.028125 0.028125
0 0.579688 0.307812 0.028125 0.028125
0 0.414062 0.378125 0.028125 0.031250
0 0.712500 0.103125 0.031250 0.031250
0 0.403125 0.596875 0.031250 0.031250
0 0.581250 0.464062 0.031250 0.028125
0 0.132812 0.371875 0.028125 0.031250
0 0.643750 0.781250 0.031250 0.031250
0 0.315625 0.734375 0.031250 0.031250
0 0.754687 0.503125 0.028125 0.031250
0 0.509375 0.203125 0.031250 0.031250
0 0.471875 0.412500 0.031250 0.031250
0 0.243750 0.882812 0.031250 0.028125
0 0.403125 0.628125 0.031250 0.031250
0 0.215625 0.834375 0.031250 0.031250
0 0.210938 0.134375 0.028125 0.031250
0 0.137500 0.662500 0.031250 0.031250
0 0.729688 0.289062 0.028125 0.028125
0 0.209375 0.079687 0.031250 0.028125
0 0.578125 0.590625 0.031250 0.031250
0 0.492188 0.570312 0.028125 0.028125
0 0.257812 0.670312 0.028125 0.028125
0 0.671875 0.259375 0.031250 0.031250
0 0.321875 0.107813 0.031250 0.028125
0 0.518750 0.907813 0.031250 0.028125
0 0.701562 0.276562 0.028125 0.028125
0 0.629687 0.935937 0.028125 0.028125
0 0.729688 0.129688 0.028125 0.028125
0 0.670312 0.795312 0.028125 0.028125
0 0.685937 0.160938 0.028125 0.028125
0 0.089063 0.743750 0.028125 0.031250
0 0.670312 0.485938 0.028125 0.028125
0 0.143750 0.709375 0.031250 0.031250
0 0.168750 0.828125 0.031250 0.031250
0 0.607812 0.670312 0.028125 0.028125
0 0.053125 0.831250 0.031250 0.031250
0 0.240625 0.814063 0.031250 0.028125
0 0.126562 0.054688 0.028125 0.028125
0 0.448437 0.221875 0.028125 0.031250
0 0.665625 0.134375 0.031250 0.031250
0 0.071875 0.231250 0.031250 0.031250
0 0.265625 0.417187 0.031250 0.028125
0 0.759375 0.307812 0.031250 0.028125
0 0.589063 0.368750 0.028125 0.031250
0 0.660937 0.020313 0.028125 0.028125
0 0.645312 0.810937 0.028125 0.028125
0 0.139063 0.812500 0.028125 0.031250
0 0.026562 0.879687 0.028125 0.028125
0 0.468750 0.457813 0.031250 0.028125
0 0.160938 0.051562 0.028125 0.028125
0 0.545312 0.859375 0.028125 0.031250
0 0.526563 0.228125 0.028125 0.031250
0 0.614062 0.448437 0.028125 0.028125
0 0.629687 0.873437 0.028125 0.028125
0 0.112500 0.865625 0.031250 0.031250
0 0.318750 0.250000 0.031250 0.031250
0 0.318750 0.540625 0.031250 0.031250
0 0.059375 0.262500 0.031250 0.031250
0 0.645312 0.435937 0.028125 0.028125
0 0.629687 0.839063 0.028125 0.028125
0 0.551562 0.478125 0.028125 0.031250
0 0.031250 0.065625 0.031250 0.031250
0 0.668750 0.582812 0.031250 0.028125
0 0.078125 0.290625 0.031250 0.031250
0 0.164062 0.932813 0.028125 0.028125
0 0.707812 0.181250 0.028125 0.031250
0 0.157812 0.259375 0.028125 0.031250
0 0.375000 0.645312 0.031250 0.028125
0 0.632812 0.904687 0.028125 0.028125
0 0.315625 0.670312 0.031250 0.028125
0 0.078125 0.034375 0.031250 0.031250
0 0.759375 0.275000 0.031250 0.031250
0 0.359375 0.300000 0.031250 0.031250
0 0.037500 0.534375 0.031250 0.031250
0 0.117188 0.689063 0.028125 0.028125
0 0.482812 0.218750 0.028125 0.031250
0 0.421875 0.489063 0.031250 0.028125
0 0.675000 0.323437 0.031250 0.028125
0 0.562500 0.281250 0.031250 0.031250
0 0.285938 0.442188 0.028125 0.028125
0 0.415625 0.221875 0.031250 0.031250
0 0.787500 0.625000 0.031250 0.031250
0 0.245312 0.915625 0.028125 0.031250
0 0.289062 0.750000 0.028125 0.031250
0 0.812500 0.906250 0.031250 0.031250
0 0.517188 0.325000 0.028125 0.031250
0 0.273438 0.960938 0.028125 0.028125
0 0.520312 0.620313 0.028125 0.028125
0 0.026562 0.846875 0.028125 0.031250
0 0.698438 0.132812 0.028125 0.028125
0 0.160938 0.314063 0.028125 0.028125
0 0.520312 0.060937 0.028125 0.028125
0 0.093750 0.667188 0.031250 0.028125
0 0.726562 0.757812 0.028125 0.028125
0 0.589063 0.432812 0.028125 0.028125
0 0.448437 0.164062 0.028125 0.028125
0 0.096875 0.317188 0.031250 0.028125
0 0.315625 0.700000 0.031250 0.031250
0 0.403125 0.662500 0.031250 0.031250
0 0.364063 0.409375 0.028125 0.031250
0 0.057813 0.760938 0.028125 0.028125
0 0.582812 0.112500 0.028125 0.031250
0 0.431250 0.195312 0.031250 0.028125
0 0.550000 0.057813 0.031250 0.028125
0 0.565625 0.348438 0.031250 0.028125
0 0.232813 0.751563 0.028125 0.028125
0 0.165625 0.370312 0.031250 0.028125
0 0.504687 0.146875 0.028125 0.031250
0 0.609375 0.637500 0.031250 0.031250
0 0.546875 0.954688 0.031250 0.028125
0 0.217188 0.898438 0.028125 0.028125
0 0.143750 0.287500 0.031250 0.031250
0 0.603125 0.825000 0.031250 0.031250
0 0.470313 0.087500 0.028125 0.031250
0 0.192188 0.915625 0.028125 0.031250
0 0.451562 0.329688 0.028125 0.028125
0 0.464062 0.554688 0.028125 0.028125
0 0.642188 0.465625 0.028125 0.031250
0 0.112500 0.831250 0.031250 0.031250
0 0.714063 0.885938 0.028125 0.028125
0 0.190625 0.882812 0.031250 0.028125
0 0.589063 0.226562 0.028125 0.028125
0 0.309375 0.331250 0.031250 0.031250
0 0.090625 0.259375 0.031250 0.031250
0 0.146875 0.746875 0.031250 0.031250
0 0.573438 0.873437 0.028125 0.028125
0 0.787500 0.056250 0.031250 0.031250
0 0.081250 0.914062 0.031250 0.028125
0 0.090625 0.709375 0.031250 0.031250
0 0.673438 0.421875 0.028125 0.031250
0 0.635938 0.654687 0.028125 0.028125
0 0.525000 0.493750 0.031250 0.031250
0 0.753125 0.707812 0.031250 0.028125
0 0.551562 0.607812 0.028125 0.028125
0 0.109375 0.290625 0.031250 0.031250
0 0.257812 0.639062 0.028125 0.028125
0 0.221875 0.253125 0.031250 0.031250
0 0.171875 0.595313 0.031250 0.028125
0 0.520312 0.685937 0.028125 0.028125
0 0.054688 0.862500 0.028125 0.031250
0 0.279687 0.390625 0.028125 0.031250
0 0.353125 0.221875 0.031250 0.031250
0 0.329688 0.357812 0.028125 0.028125
0 0.289062 0.160938 0.028125 0.028125
0 0.642188 0.250000 0.028125 0.031250
0 0.551562 0.573438 0.028125 0.028125
0 0.135937 0.228125 0.028125 0.031250
0 0.468750 0.492188 0.031250 0.028125
0 0.487500 0.382812 0.031250 0.028125
0 0.250000 0.390625 0.031250 0.031250
0 0.664062 0.076563 0.028125 0.028125
0 0.657813 0.920312 0.028125 0.028125
0 0.198437 0.707812 0.028125 0.028125
0 0.576562 0.779687 0.028125 0.028125
0 0.339062 0.135937 0.028125 0.028125
0 0.610938 0.512500 0.028125 0.031250
0 0.401562 0.139063 0.028125 0.028125
0 0.198437 0.578125 0.028125 0.031250
0 0.185938 0.848437 0.028125 0.028125
0 0.140625 0.631250 0.031250 0.031250
0 0.376563 0.325000 0.028125 0.031250
0 0.203125 0.425000 0.031250 0.031250
0 0.332813 0.410938 0.028125 0.028125
0 0.026562 0.912500 0.028125 0.031250
0 0.096875 0.521875 0.031250 0.031250
0 0.429688 0.248438 0.028125 0.028125
0 0.375000 0.612500 0.031250 0.031250
0 0.675000 0.357812 0.031250 0.028125
0 0.737500 0.195312 0.031250 0.028125
0 0.357812 0.109375 0.028125 0.031250
0 0.320312 0.440625 0.028125 0.031250
0 0.178125 0.137500 0.031250 0.031250
0 0.587500 0.167187 0.031250 0.028125
0 0.629687 0.079687 0.028125 0.028125
0 0.431250 0.540625 0.031250 0.031250
0 0.754687 0.775000 0.028125 0.031250
0 0.406250 0.518750 0.031250 0.031250
0 0.815625 0.375000 0.031250 0.031250
0 0.335938 0.192188 0.028125 0.028125
0 0.325000 0.926562 0.031250 0.028125
0 0.081250 0.346875 0.031250 0.031250
0 0.203125 0.773438 0.031250 0.028125
0 0.635938 0.560937 0.028125 0.028125
0 0.620313 0.167187 0.028125 0.028125
0 0.570312 0.142187 0.028125 0.028125
0 0.176563 0.284375 0.028125 0.031250
0 0.112500 0.610938 0.031250 0.028125
0 0.345313 0.685937 0.028125 0.028125
0 0.784375 0.487500 0.031250 0.031250
0 0.315625 0.575000 0.031250 0.031250
0 0.260937 0.732812 0.028125 0.028125
0 0.548438 0.701562 0.028125 0.028125
0 0.693750 0.565625 0.031250 0.031250
0 0.550000 0.639062 0.031250 0.028125
0 0.754687 0.807813 0.028125 0.028125
0 0.545312 0.923438 0.028125 0.028125
0 0.523438 0.173437 0.028125 0.028125
0 0.300000 0.910937 0.031250 0.028125
0 0.054688 0.792188 0.028125 0.028125
0 0.671875 0.453125 0.031250 0.031250
0 0.692187 0.018750 0.028125 0.031250
0 0.781250 0.725000 0.031250 0.031250
0 0.226562 0.106250 0.028125 0.031250
0 0.492188 0.698438 0.028125 0.028125
0 0.040625 0.235937 0.031250 0.028125
0 0.140625 0.595313 0.031250 0.028125
0 0.493750 0.635938 0.031250 0.028125
0 0.382812 0.221875 0.028125 0.031250
0 0.789062 0.323437 0.028125 0.028125
0 0.464062 0.971875 0.028125 0.031250
0 0.320312 0.160938 0.028125 0.028125
0 0.417187 0.435937 0.028125 0.028125
0 0.614062 0.054688 0.028125 0.028125
0 0.550000 0.321875 0.031250 0.031250
0 0.492188 0.923438 0.028125 0.028125
0 0.207813 0.282813 0.028125 0.028125
0 0.601562 0.857812 0.028125 0.028125
0 0.464062 0.298438 0.028125 0.028125
0 0.081250 0.946875 0.031250 0.031250
0 0.285938 0.715625 0.028125 0.031250
0 0.492188 0.956250 0.028125 0.031250
0 0.629687 0.970313 0.028125 0.028125
0 0.276562 0.332813 0.028125 0.028125
0 0.420312 0.331250 0.028125 0.031250
0 0.082812 0.846875 0.028125 0.031250
0 0.306250 0.471875 0.031250 0.031250
0 0.079687 0.092188 0.028125 0.028125
0 0.289062 0.589063 0.028125 0.028125
0 0.632812 0.751563 0.028125 0.028125
0 0.346875 0.382812 0.031250 0.028125
0 0.242188 0.192188 0.028125 0.028125
0 0.064062 0.512500 0.028125 0.031250
0 0.581250 0.526563 0.031250 0.028125
0 0.273438 0.190625 0.028125 0.031250
0 0.307812 0.079687 0.028125 0.028125
0 0.373437 0.518750 0.028125 0.031250
0 0.217188 0.395313 0.028125 0.028125
0 0.782813 0.690625 0.028125 0.031250
0 0.757812 0.239063 0.028125 0.028125
0 0.446875 0.275000 0.031250 0.031250
0 0.784375 0.553125 0.031250 0.031250
0 0.376563 0.581250 0.028125 0.031250
0 0.048438 0.095312 0.028125 0.028125
0 0.782813 0.856250 0.028125 0.031250
0 0.800000 0.937500 0.031250 0.031250
0 0.343750 0.523438 0.031250 0.028125
0 0.812500 0.440625 0.031250 0.031250
0 0.028125 0.781250 0.031250 0.031250
0 0.437500 0.571875 0.031250 0.031250
0 0.492188 0.604688 0.028125 0.028125
0 0.306250 0.132812 0.025000 0.028125
0 0.129688 0.314063 0.028125 0.028125
0 0.406250 0.564063 0.031250 0.028125
0 0.056250 0.895312 0.031250 0.028125
0 0.020313 0.407813 0.028125 0.028125
0 0.046875 0.035937 0.031250 0.028125
0 0.401562 0.462500 0.028125 0.031250
0 0.117188 0.401562 0.028125 0.028125
0 0.217188 0.931250 0.028125 0.031250
0 0.548438 0.732812 0.028125 0.028125
0 0.195312 0.310937 0.028125 0.028125
0 0.301563 0.414062 0.028125 0.028125
0 0.760938 0.073438 0.028125 0.028125
0 0.607812 0.545312 0.028125 0.028125
0 0.251563 0.445312 0.028125 0.028125
0 0.501563 0.351562 0.028125 0.028125
0 0.578125 0.557813 0.031250 0.028125
0 0.573438 0.810937 0.028125 0.028125
0 0.287500 0.557813 0.031250 0.028125
0 0.518750 0.376563 0.031250 0.028125
0 0.148438 0.534375 0.028125 0.031250
0 0.164062 0.900000 0.028125 0.031250
0 0.370312 0.135937 0.028125 0.028125
0 0.437500 0.634375 0.031250 0.031250
0 0.192188 0.050000 0.028125 0.031250
0 0.343750 0.653125 0.031250 0.031250
0 0.101562 0.373437 0.028125 0.028125
0 0.703125 0.406250 0.031250 0.031250
0 0.759375 0.337500 0.031250 0.031250
0 0.109375 0.900000 0.031250 0.031250
0 0.464062 0.939063 0.028125 0.028125
0 0.237500 0.018750 0.031250 0.031250
0 0.028125 0.503125 0.031250 0.031250
0 0.604688 0.767188 0.028125 0.028125
0 0.439063 0.087500 0.028125 0.031250
0 0.610938 0.307812 0.028125 0.028125
0 0.117188 0.760938 0.028125 0.028125
0 0.635938 0.529687 0.028125 0.028125
0 0.198437 0.223438 0.028125 0.028125
0 0.503125 0.409375 0.031250 0.031250
0 0.495312 0.473438 0.028125 0.028125
0 0.545312 0.764062 0.028125 0.028125
0 0.576562 0.748437 0.028125 0.028125
0 0.354687 0.942187 0.028125 0.028125
0 0.242188 0.076563 0.028125 0.028125
0 0.179688 0.342187 0.028125 0.028125
0 0.376563 0.714063 0.028125 0.028125
0 0.414062 0.276562 0.028125 0.028125
0 0.026562 0.812500 0.028125 0.031250
0 0.173437 0.760938 0.028125 0.028125
0 0.168750 0.562500 0.031250 0.031250
0 0.543750 0.796875 0.031250 0.031250
0 0.814063 0.648438 0.034375 0.034375
0 0.162500 0.865625 0.031250 0.031250
0 0.523438 0.651563 0.028125 0.028125
0 0.551562 0.667188 0.028125 0.028125
0 0.285938 0.620313 0.028125 0.028125
0 0.417187 0.167187 0.028125 0.028125
0 0.300000 0.945312 0.031250 0.028125
0 0.809375 0.875000 0.031250 0.031250
0 0.270313 0.862500 0.028125 0.031250
0 0.117188 0.728125 0.028125 0.031250
0 0.542188 0.201563 0.028125 0.028125
0 0.432812 0.301563 0.028125 0.028125
0 0.726562 0.790625 0.028125 0.031250
0 0.634375 0.689063 0.031250 0.028125
0 0.357812 0.492188 0.028125 0.028125
0 0.345313 0.589063 0.028125 0.028125
0 0.067187 0.376563 0.028125 0.028125
0 0.257812 0.164062 0.028125 0.028125
0 0.256250 0.048438 0.031250 0.028125
0 0.362500 0.354687 0.031250 0.028125
0 0.290625 0.050000 0.031250 0.031250
0 0.467187 0.587500 0.028125 0.031250
0 0.340625 0.273438 0.031250 0.028125
0 0.104688 0.231250 0.028125 0.031250
0 0.754687 0.742188 0.028125 0.028125
0 0.437500 0.956250 0.031250 0.031250
0 0.328125 0.960938 0.031250 0.028125
0 0.400000 0.251563 0.031250 0.028125
0 0.785937 0.290625 0.028125 0.031250
0 0.054688 0.206250 0.028125 0.031250
0 0.206250 0.020313 0.031250 0.028125
0 0.812500 0.340625 0.031250 0.031250
0 0.164062 0.170313 0.028125 0.028125
0 0.595313 0.334375 0.028125 0.031250
0 0.065625 0.696875 0.031250 0.031250
0 0.214062 0.337500 0.028125 0.031250
0 0.200000 0.806250 0.031250 0.031250
0 0.325000 0.893750 0.031250 0.031250
0 0.026562 0.946875 0.028125 0.031250
0 0.107813 0.964063 0.028125 0.028125
0 0.232813 0.362500 0.028125 0.031250
0 0.454688 0.384375 0.028125 0.031250
0 0.489063 0.732812 0.028125 0.028125
0 0.492188 0.667188 0.028125 0.028125
0 0.518750 0.875000 0.031250 0.031250
0 0.743750 0.046875 0.031250 0.031250
0 0.812500 0.600000 0.031250 0.031250
0 0.345313 0.557813 0.028125 0.028125
0 0.060937 0.728125 0.028125 0.031250
0 0.139063 0.429688 0.028125 0.028125
0 0.435937 0.603125 0.028125 0.031250
0 0.175000 0.023438 0.031250 0.028125
0 0.242188 0.134375 0.028125 0.031250
0 0.257812 0.701562 0.028125 0.028125
0 0.464062 0.712500 0.028125 0.031250
0 0.182812 0.398438 0.028125 0.028125
0 0.400000 0.409375 0.031250 0.031250
0 0.518750 0.745313 0.025000 0.028125
0 0.546875 0.828125 0.031250 0.031250
0 0.520312 0.714063 0.028125 0.028125
0 0.323437 0.498437 0.028125 0.028125
0 0.056250 0.964063 0.031250 0.028125
0 0.242188 0.848437 0.028125 0.028125
0 0.104688 0.554688 0.028125 0.028125
0 0.740625 0.968750 0.031250 0.031250
0 0.523438 0.523438 0.028125 0.028125
0 0.701562 0.307812 0.028125 0.028125
0 0.340625 0.081250 0.031250 0.031250
0 0.442188 0.512500 0.028125 0.031250
0 0.409375 0.975000 0.031250 0.031250
0 0.692187 0.534375 0.028125 0.031250
0 0.192188 0.106250 0.028125 0.031250
0 0.376563 0.679688 0.028125 0.028125
0 0.500000 0.298438 0.031250 0.028125
0 0.787500 0.025000 0.031250 0.031250
0 0.351562 0.439063 0.028125 0.028125
0 0.346875 0.778125 0.031250 0.031250
0 0.346875 0.745313 0.031250 0.028125
0 0.404687 0.085938 0.028125 0.028125
0 0.171875 0.626563 0.031250 0.028125
0 0.320312 0.217188 0.028125 0.028125
0 0.090625 0.634375 0.031250 0.031250
0 0.226562 0.310937 0.028125 0.028125
0 0.815625 0.471875 0.031250 0.031250
0 0.317188 0.385937 0.028125 0.028125
0 0.212500 0.192188 0.025000 0.028125
0 0.784375 0.523438 0.031250 0.028125
0 0.432812 0.826562 0.028125 0.028125
0 0.782813 0.757812 0.028125 0.028125
0 0.045312 0.292187 0.028125 0.028125
0 0.245312 0.945312 0.028125 0.028125
0 0.085938 0.404687 0.028125 0.028125
0 0.525000 0.432812 0.031250 0.028125
0 0.435937 0.667188 0.028125 0.028125
0 0.560937 0.226562 0.028125 0.028125
0 0.723437 0.018750 0.028125 0.031250
0 0.525000 0.464062 0.031250 0.028125
0 0.031250 0.746875 0.031250 0.031250
0 0.040625 0.435937 0.031250 0.028125
0 0.104688 0.429688 0.028125 0.028125
0 0.714063 0.951562 0.028125 0.028125
0 0.343750 0.620313 0.031250 0.028125
0 0.809375 0.743750 0.031250 0.031250
0 0.562500 0.415625 0.031250 0.031250
0 0.579688 0.495312 0.028125 0.028125
0 0.351562 0.164062 0.028125 0.028125
0 0.225000 0.050000 0.031250 0.031250
0 0.551562 0.542188 0.028125 0.028125
0 0.382812 0.435937 0.028125 0.028125
0 0.814063 0.570312 0.034375 0.034375
0 0.321875 0.795312 0.031250 0.028125
0 0.545312 0.253125 0.028125 0.031250
0 0.339062 0.467187 0.028125 0.028125
0 0.128125 0.514062 0.031250 0.028125
0 0.300000 0.976562 0.031250 0.028125
0 0.028125 0.265625 0.031250 0.031250
0 0.273438 0.076563 0.028125 0.028125
0 0.603125 0.139063 0.031250 0.028125
0 0.139063 0.482812 0.028125 0.028125
0 0.323437 0.859375 0.028125 0.031250
0 0.135937 0.564063 0.028125 0.028125
0 0.657813 0.857812 0.028125 0.028125
0 0.229687 0.221875 0.028125 0.031250
0 0.554688 0.509375 0.028125 0.031250
0 0.515625 0.268750 0.031250 0.031250
0 0.217188 0.867188 0.028125 0.028125
0 0.260937 0.364063 0.028125 0.028125
0 0.815625 0.207813 0.031250 0.028125
0 0.485938 0.275000 0.028125 0.031250
0 0.217188 0.451562 0.028125 0.028125
0 0.165625 0.503125 0.031250 0.031250
0 0.170313 0.793750 0.028125 0.031250
0 0.639062 0.195312 0.028125 0.028125
0 0.135937 0.915625 0.028125 0.031250
0 0.595313 0.026562 0.028125 0.028125
0 0.220312 0.964063 0.028125 0.028125
0 0.423438 0.060937 0.028125 0.028125
0 0.467187 0.648438 0.028125 0.028125
0 0.809375 0.778125 0.031250 0.031250
0 0.151562 0.398438 0.028125 0.028125
0 0.493750 0.439063 0.031250 0.028125
0 0.464062 0.907813 0.028125 0.028125
0 0.492188 0.890625 0.028125 0.031250
0 0.109375 0.028125 0.031250 0.031250
0 0.375000 0.082812 0.031250 0.028125
0 0.295312 0.842187 0.028125 0.028125
0 0.317188 0.604688 0.028125 0.028125
0 0.314063 0.635938 0.028125 0.028125
0 0.260937 0.571875 0.028125 0.031250
0 0.345313 0.717187 0.028125 0.028125
0 0.321875 0.826562 0.025000 0.028125
0 0.148438 0.198437 0.028125 0.028125
0 0.348438 0.809375 0.028125 0.031250
0 0.257812 0.307812 0.028125 0.028125
0 0.054688 0.404687 0.028125 0.028125
0 0.551562 0.378125 0.028125 0.031250
0 0.325000 0.054688 0.031250 0.028125
0 0.034375 0.715625 0.031250 0.031250
0 0.173437 0.723437 0.028125 0.028125
0 0.554688 0.170313 0.028125 0.028125
0 0.645312 0.339062 0.028125 0.028125
0 0.185938 0.454688 0.028125 0.028125
0 0.464062 0.679688 0.028125 0.028125
0 0.248438 0.976562 0.028125 0.028125
0 0.228125 0.593750 0.031250 0.031250
0 0.170313 0.692187 0.028125 0.028125
0 0.110937 0.932813 0.028125 0.028125
0 0.190625 0.948438 0.031250 0.028125
0 0.448437 0.432812 0.028125 0.028125
0 0.176563 0.079687 0.028125 0.028125
0 0.242188 0.335938 0.028125 0.028125
0 0.239063 0.281250 0.028125 0.031250
0 0.500000 0.031250 0.031250 0.031250
0 0.468750 0.031250 0.031250 0.031250
0 0.170313 0.426563 0.028125 0.028125
0 0.050000 0.565625 0.031250 0.031250
0 0.785937 0.226562 0.028125 0.028125
0 0.025000 0.468750 0.031250 0.031250
0 0.018750 0.093750 0.031250 0.031250
0 0.139063 0.948438 0.028125 0.028125
0 0.081250 0.600000 0.031250 0.031250
0 0.432812 0.760938 0.028125 0.028125
0 0.298438 0.515625 0.028125 0.031250
0 0.354687 0.910937 0.028125 0.028125
0 0.809375 0.710938 0.031250 0.028125
0 0.354687 0.975000 0.028125 0.031250
0 0.498437 0.245312 0.028125 0.028125
0 0.367188 0.464062 0.028125 0.028125
0 0.404687 0.842187 0.028125 0.028125
0 0.037500 0.378125 0.031250 0.031250
0 0.018750 0.151562 0.031250 0.028125
0 0.812500 0.309375 0.031250 0.031250
0 0.154688 0.454688 0.028125 0.028125
0 0.120313 0.457813 0.028125 0.028125
0 0.432812 0.792188 0.028125 0.028125
0 0.809375 0.840625 0.031250 0.031250
0 0.289062 0.220312 0.028125 0.028125
0 0.389062 0.110937 0.028125 0.028125
0 0.404687 0.807813 0.028125 0.028125
0 0.064062 0.320312 0.028125 0.028125
0 0.018750 0.559375 0.031250 0.031250
0 0.376563 0.550000 0.028125 0.031250
0 0.165625 0.965625 0.031250 0.031250
0 0.343750 0.028125 0.031250 0.031250
0 0.082812 0.879687 0.028125 0.028125
0 0.260937 0.220312 0.028125 0.028125
0 0.082812 0.976562 0.028125 0.028125
0 0.460938 0.809375 0.028125 0.031250
0 0.026562 0.978125 0.028125 0.031250
0 0.756250 0.015625 0.031250 0.031250
0 0.437500 0.031250 0.031250 0.031250
0 0.407813 0.873437 0.028125 0.028125
0 0.782813 0.792188 0.028125 0.028125
0 0.271875 0.532813 0.031250 0.028125
0 0.067187 0.120313 0.028125 0.028125
0 0.617188 0.385937 0.028125 0.028125
0 0.085938 0.204687 0.028125 0.028125
0 0.820312 0.071875 0.034375 0.031250
0 0.531250 0.031250 0.031250 0.031250
0 0.535937 0.348438 0.028125 0.028125
0 0.460938 0.779687 0.028125 0.028125
0 0.192188 0.976562 0.028125 0.028125
0 0.037500 0.178125 0.031250 0.031250
0 0.035937 0.681250 0.028125 0.031250
0 0.314063 0.026562 0.028125 0.028125
0 0.812500 0.681250 0.031250 0.031250
0 0.110937 0.089063 0.028125 0.028125
0 0.109375 0.485938 0.031250 0.028125
0 0.135937 0.976562 0.028125 0.028125
0 0.532813 0.404687 0.028125 0.028125
0 0.034375 0.123438 0.031250 0.028125
0 0.076563 0.485938 0.028125 0.028125
0 0.059375 0.626563 0.031250 0.028125
0 0.135937 0.882812 0.028125 0.028125
0 0.267188 0.832812 0.028125 0.028125
0 0.382812 0.925000 0.028125 0.031250
0 0.359375 0.056250 0.031250 0.031250
0 0.467187 0.523438 0.028125 0.028125
0 0.042188 0.651563 0.028125 0.028125
0 0.031250 0.621875 0.031250 0.031250
0 0.182812 0.532813 0.028125 0.028125
