0 0.846875 0.871875 0.031250 0.031250
0 0.939063 0.871875 0.034375 0.031250
0 0.756250 0.714063 0.031250 0.034375
0 0.084375 0.407813 0.031250 0.034375
0 0.221875 0.465625 0.031250 0.031250
0 0.851562 0.346875 0.034375 0.031250
0 0.500000 0.346875 0.031250 0.031250
0 0.342187 0.379688 0.034375 0.034375
0 0.881250 0.884375 0.031250 0.031250
0 0.115625 0.871875 0.031250 0.031250
0 0.803125 0.950000 0.031250 0.031250
0 0.221875 0.348438 0.031250 0.034375
0 0.956250 0.503125 0.031250 0.031250
0 0.964063 0.537500 0.028125 0.031250
0 0.800000 0.378125 0.031250 0.031250
0 0.168750 0.437500 0.031250 0.031250
0 0.709375 0.792188 0.031250 0.028125
0 0.718750 0.668750 0.031250 0.031250
0 0.881250 0.568750 0.031250 0.031250
0 0.487500 0.740625 0.031250 0.031250
0 0.134375 0.376563 0.031250 0.034375
0 0.481250 0.376563 0.031250 0.034375
0 0.750000 0.525000 0.031250 0.031250
0 0.137500 0.928125 0.031250 0.031250
0 0.093750 0.815625 0.031250 0.031250
0 0.937500 0.557813 0.031250 0.028125
0 0.631250 0.859375 0.031250 0.031250
0 0.234375 0.887500 0.031250 0.031250
0 0.762500 0.750000 0.031250 0.031250
0 0.943750 0.590625 0.031250 0.031250
0 0.412500 0.556250 0.031250 0.031250
0 0.292187 0.465625 0.034375 0.031250
0 0.910937 0.581250 0.028125 0.031250
0 0.896875 0.512500 0.031250 0.031250
0 0.168750 0.318750 0.031250 0.031250
0 0.087500 0.615625 0.031250 0.031250
0 0.265625 0.871875 0.031250 0.031250
0 0.737500 0.771875 0.031250 0.031250
0 0.834375 0.490625 0.031250 0.031250
0 0.412500 0.437500 0.031250 0.031250
0 0.500000 0.525000 0.031250 0.031250
0 0.859375 0.625000 0.031250 0.031250
0 0.871875 0.848437 0.031250 0.028125
0 0.728125 0.318750 0.031250 0.031250
0 0.331250 0.906250 0.031250 0.031250
0 0.646875 0.928125 0.031250 0.031250
0 0.920312 0.614062 0.028125 0.028125
0 0.151562 0.465625 0.034375 0.031250
0 0.937500 0.375000 0.031250 0.031250
0 0.187500 0.350000 0.031250 0.031250
0 0.137500 0.700000 0.031250 0.031250
0 0.148438 0.857812 0.034375 0.034375
0 0.646875 0.609375 0.031250 0.031250
0 0.132812 0.731250 0.028125 0.031250
0 0.296875 0.890625 0.031250 0.031250
0 0.604688 0.565625 0.034375 0.031250
0 0.121875 0.603125 0.031250 0.031250
0 0.900000 0.828125 0.031250 0.031250
0 0.289062 0.585938 0.034375 0.034375
0 0.684375 0.657813 0.031250 0.028125
0 0.273438 0.378125 0.034375 0.031250
0 0.101562 0.496875 0.034375 0.031250
0 0.925000 0.965625 0.031250 0.031250
0 0.865625 0.815625 0.031250 0.031250
0 0.378125 0.437500 0.031250 0.031250
0 0.809375 0.668750 0.031250 0.031250
0 0.600000 0.846875 0.031250 0.031250
0 0.865625 0.659375 0.031250 0.031250
0 0.298438 0.707812 0.034375 0.034375
0 0.409375 0.809375 0.031250 0.031250
0 0.768750 0.625000 0.031250 0.031250
0 0.965625 0.850000 0.031250 0.031250
0 0.228125 0.918750 0.031250 0.031250
0 0.631250 0.700000 0.031250 0.031250
0 0.800000 0.479687 0.031250 0.034375
0 0.553125 0.495312 0.031250 0.028125
0 0.618750 0.790625 0.031250 0.031250
0 0.437500 0.785937 0.031250 0.034375
0 0.318750 0.740625 0.031250 0.031250
0 0.503125 0.651563 0.031250 0.028125
0 0.912500 0.896875 0.031250 0.031250
0 0.500000 0.406250 0.031250 0.031250
0 0.153125 0.346875 0.031250 0.031250
0 0.481250 0.437500 0.031250 0.031250
0 0.912500 0.428125 0.031250 0.031250
0 0.085938 0.651563 0.028125 0.028125
0 0.115625 0.465625 0.031250 0.031250
0 0.782813 0.537500 0.034375 0.031250
0 0.829688 0.771875 0.034375 0.031250
0 0.082812 0.346875 0.034375 0.031250
0 0.151562 0.525000 0.034375 0.031250
0 0.526563 0.787500 0.028125 0.031250
0 0.056250 0.865625 0.031250 0.031250
0 0.307812 0.318750 0.034375 0.031250
0 0.931250 0.525000 0.031250 0.031250
0 0.403125 0.932813 0.031250 0.034375
0 0.553125 0.318750 0.031250 0.031250
0 0.709375 0.637500 0.031250 0.031250
0 0.821875 0.735938 0.031250 0.034375
0 0.690625 0.690625 0.031250 0.031250
0 0.218750 0.760938 0.031250 0.034375
0 0.642188 0.407813 0.034375 0.034375
0 0.807813 0.828125 0.034375 0.031250
0 0.251563 0.746875 0.034375 0.031250
0 0.782813 0.407813 0.028125 0.028125
0 0.842187 0.681250 0.028125 0.031250
0 0.078125 0.687500 0.031250 0.031250
0 0.115625 0.637500 0.031250 0.031250
0 0.292187 0.346875 0.034375 0.031250
0 0.328125 0.589063 0.037500 0.040625
0 0.362500 0.921875 0.031250 0.031250
0 0.798438 0.437500 0.034375 0.031250
0 0.148438 0.626563 0.028125 0.028125
0 0.443750 0.821875 0.031250 0.031250
0 0.200000 0.900000 0.031250 0.031250
0 0.096875 0.550000 0.031250 0.031250
0 0.368750 0.646875 0.031250 0.031250
0 0.128125 0.567187 0.031250 0.034375
0 0.676562 0.348438 0.034375 0.034375
0 0.309375 0.495312 0.031250 0.034375
0 0.204687 0.318750 0.028125 0.031250
0 0.342187 0.317188 0.034375 0.034375
0 0.225000 0.954688 0.031250 0.028125
0 0.053125 0.662500 0.031250 0.031250
0 0.153125 0.590625 0.031250 0.031250
0 0.151562 0.406250 0.034375 0.031250
0 0.096875 0.781250 0.031250 0.031250
0 0.021875 0.675000 0.031250 0.031250
0 0.571875 0.709375 0.031250 0.031250
0 0.064062 0.376563 0.034375 0.034375
0 0.140625 0.662500 0.031250 0.031250
0 0.559375 0.800000 0.031250 0.031250
0 0.589063 0.317188 0.034375 0.034375
0 0.776563 0.659375 0.028125 0.031250
0 0.517188 0.437500 0.034375 0.031250
0 0.937500 0.318750 0.031250 0.031250
0 0.337500 0.709375 0.031250 0.031250
0 0.903125 0.375000 0.031250 0.031250
0 0.271875 0.434375 0.031250 0.031250
0 0.696875 0.434375 0.031250 0.031250
0 0.468750 0.640625 0.031250 0.031250
0 0.356250 0.854688 0.031250 0.034375
0 0.798438 0.317188 0.034375 0.034375
0 0.220312 0.525000 0.028125 0.031250
0 0.168750 0.912500 0.031250 0.031250
0 0.740625 0.490625 0.031250 0.031250
0 0.584375 0.434375 0.031250 0.031250
0 0.203125 0.495312 0.031250 0.034375
0 0.762500 0.906250 0.031250 0.031250
0 0.729688 0.893750 0.028125 0.031250
0 0.604688 0.721875 0.028125 0.031250
0 0.256250 0.525000 0.031250 0.031250
0 0.231250 0.659375 0.031250 0.031250
0 0.925000 0.646875 0.031250 0.031250
0 0.196875 0.706250 0.031250 0.031250
0 0.390625 0.900000 0.031250 0.031250
0 0.853125 0.906250 0.031250 0.031250
0 0.975000 0.446875 0.031250 0.031250
0 0.389062 0.735938 0.034375 0.034375
0 0.762500 0.318750 0.031250 0.031250
0 0.353125 0.818750 0.031250 0.031250
0 0.534375 0.350000 0.031250 0.031250
0 0.296875 0.821875 0.031250 0.031250
0 0.332813 0.650000 0.034375 0.031250
0 0.690625 0.846875 0.031250 0.031250
0 0.407813 0.968750 0.028125 0.031250
0 0.178125 0.615625 0.031250 0.031250
0 0.353125 0.678125 0.031250 0.031250
0 0.506250 0.684375 0.031250 0.031250
0 0.164062 0.557813 0.034375 0.034375
0 0.725000 0.860938 0.031250 0.028125
0 0.959375 0.975000 0.031250 0.031250
0 0.925000 0.490625 0.031250 0.031250
0 0.657813 0.678125 0.028125 0.031250
0 0.710938 0.348438 0.034375 0.034375
0 0.253125 0.975000 0.031250 0.031250
0 0.567187 0.464062 0.028125 0.028125
0 0.412500 0.318750 0.031250 0.031250
0 0.975000 0.318750 0.031250 0.031250
0 0.903125 0.318750 0.031250 0.031250
0 0.618750 0.950000 0.031250 0.031250
0 0.381250 0.495312 0.031250 0.034375
0 0.885938 0.601562 0.028125 0.028125
0 0.346875 0.970313 0.031250 0.034375
0 0.268750 0.839063 0.031250 0.034375
0 0.871875 0.537500 0.031250 0.031250
0 0.306250 0.771875 0.031250 0.031250
0 0.360938 0.525000 0.028125 0.031250
0 0.403125 0.775000 0.031250 0.031250
0 0.571875 0.868750 0.031250 0.031250
0 0.859375 0.470313 0.031250 0.034375
0 0.271875 0.615625 0.031250 0.031250
0 0.912500 0.737500 0.031250 0.031250
0 0.235937 0.695312 0.034375 0.034375
0 0.590625 0.971875 0.031250 0.031250
0 0.765625 0.470313 0.031250 0.034375
0 0.526563 0.948438 0.028125 0.028125
0 0.453125 0.890625 0.031250 0.031250
0 0.454688 0.729688 0.034375 0.034375
0 0.918750 0.770312 0.031250 0.028125
0 0.731250 0.434375 0.031250 0.031250
0 0.056250 0.631250 0.031250 0.031250
0 0.534375 0.525000 0.031250 0.031250
0 0.187500 0.775000 0.031250 0.031250
0 0.731250 0.579688 0.031250 0.028125
0 0.815625 0.289062 0.031250 0.034375
0 0.081250 0.290625 0.031250 0.031250
0 0.704688 0.915625 0.034375 0.031250
0 0.450000 0.693750 0.031250 0.031250
0 0.221875 0.289062 0.031250 0.034375
0 0.718750 0.825000 0.031250 0.031250
0 0.678125 0.937500 0.031250 0.031250
0 0.885938 0.289062 0.034375 0.034375
0 0.265625 0.650000 0.031250 0.031250
0 0.584375 0.937500 0.031250 0.031250
0 0.589063 0.621875 0.028125 0.031250
0 0.031250 0.318750 0.031250 0.031250
0 0.762500 0.434375 0.031250 0.031250
0 0.187500 0.406250 0.031250 0.031250
0 0.892188 0.953125 0.034375 0.031250
0 0.190625 0.968750 0.031250 0.031250
0 0.314063 0.975000 0.034375 0.031250
0 0.546875 0.892188 0.031250 0.028125
0 0.587500 0.496875 0.031250 0.031250
0 0.698438 0.881250 0.028125 0.031250
0 0.709375 0.289062 0.031250 0.034375
0 0.812500 0.862500 0.031250 0.031250
0 0.637500 0.468750 0.037500 0.037500
0 0.868750 0.317188 0.031250 0.034375
0 0.665625 0.495312 0.031250 0.034375
0 0.646875 0.768750 0.031250 0.031250
0 0.768750 0.939063 0.031250 0.028125
0 0.684375 0.814063 0.031250 0.028125
0 0.651563 0.803125 0.028125 0.031250
0 0.885938 0.760938 0.028125 0.028125
0 0.100000 0.318750 0.031250 0.031250
0 0.032813 0.573438 0.034375 0.034375
0 0.568750 0.675000 0.031250 0.031250
0 0.384375 0.831250 0.031250 0.031250
0 0.078125 0.918750 0.031250 0.031250
0 0.553125 0.434375 0.031250 0.031250
0 0.737500 0.928125 0.031250 0.031250
0 0.087500 0.850000 0.031250 0.031250
0 0.835938 0.646875 0.028125 0.031250
0 0.398438 0.526563 0.028125 0.028125
0 0.046875 0.465625 0.031250 0.031250
0 0.028125 0.609375 0.031250 0.031250
0 0.762500 0.590625 0.031250 0.031250
0 0.665625 0.871875 0.031250 0.031250
0 0.698438 0.570312 0.028125 0.028125
0 0.500000 0.584375 0.031250 0.031250
0 0.793750 0.917188 0.031250 0.028125
0 0.906250 0.703125 0.031250 0.031250
0 0.212500 0.609375 0.031250 0.031250
0 0.378125 0.376563 0.031250 0.034375
0 0.881250 0.725000 0.031250 0.031250
0 0.637500 0.578125 0.031250 0.031250
0 0.267188 0.907813 0.034375 0.034375
0 0.642188 0.348438 0.034375 0.034375
0 0.737500 0.612500 0.031250 0.031250
0 0.428125 0.912500 0.031250 0.031250
0 0.637500 0.890625 0.031250 0.031250
0 0.521875 0.753125 0.031250 0.031250
0 0.918750 0.928125 0.031250 0.031250
0 0.540625 0.854688 0.031250 0.028125
0 0.604688 0.526563 0.034375 0.034375
0 0.782813 0.850000 0.034375 0.031250
0 0.382812 0.614062 0.034375 0.034375
0 0.675000 0.287500 0.031250 0.031250
0 0.151562 0.290625 0.034375 0.031250
0 0.421875 0.879687 0.031250 0.034375
0 0.659375 0.528125 0.031250 0.031250
0 0.387500 0.865625 0.031250 0.031250
0 0.950000 0.939063 0.031250 0.028125
0 0.396875 0.287500 0.031250 0.031250
0 0.678125 0.781250 0.031250 0.031250
0 0.346875 0.553125 0.031250 0.031250
0 0.593750 0.812500 0.031250 0.031250
0 0.039062 0.535937 0.034375 0.034375
0 0.776563 0.815625 0.028125 0.031250
0 0.396875 0.465625 0.031250 0.031250
0 0.950000 0.468750 0.031250 0.031250
0 0.432812 0.585938 0.028125 0.028125
0 0.812500 0.546875 0.031250 0.031250
0 0.828125 0.612500 0.031250 0.031250
0 0.306250 0.620313 0.031250 0.034375
0 0.360938 0.465625 0.034375 0.031250
0 0.309375 0.437500 0.031250 0.031250
0 0.425000 0.746875 0.031250 0.031250
0 0.271875 0.553125 0.031250 0.031250
0 0.414062 0.378125 0.034375 0.031250
0 0.159375 0.753125 0.031250 0.031250
0 0.200000 0.554688 0.031250 0.034375
0 0.875000 0.693750 0.031250 0.031250
0 0.046875 0.934375 0.031250 0.031250
0 0.946875 0.906250 0.031250 0.031250
0 0.021875 0.878125 0.031250 0.031250
0 0.414062 0.707812 0.034375 0.034375
0 0.296875 0.856250 0.031250 0.031250
0 0.625000 0.317188 0.031250 0.034375
0 0.464062 0.525000 0.028125 0.031250
0 0.450000 0.856250 0.031250 0.031250
0 0.585938 0.376563 0.034375 0.034375
0 0.695312 0.534375 0.034375 0.031250
0 0.165625 0.948438 0.031250 0.028125
0 0.396875 0.406250 0.031250 0.031250
0 0.534375 0.287500 0.031250 0.031250
0 0.821875 0.579688 0.031250 0.028125
0 0.818750 0.409375 0.031250 0.031250
0 0.203125 0.434375 0.031250 0.031250
0 0.462500 0.925000 0.031250 0.031250
0 0.571875 0.578125 0.031250 0.031250
0 0.298438 0.928125 0.034375 0.031250
0 0.501563 0.971875 0.034375 0.031250
0 0.115625 0.287500 0.031250 0.031250
0 0.671875 0.746875 0.031250 0.031250
0 0.787500 0.884375 0.031250 0.031250
0 0.428125 0.350000 0.031250 0.031250
0 0.046875 0.287500 0.031250 0.031250
0 0.328125 0.465625 0.031250 0.031250
0 0.659375 0.834375 0.031250 0.031250
0 0.262500 0.715625 0.031250 0.031250
0 0.751563 0.839063 0.028125 0.028125
0 0.850000 0.287500 0.031250 0.031250
0 0.496875 0.618750 0.031250 0.031250
0 0.365625 0.584375 0.031250 0.031250
0 0.050000 0.900000 0.031250 0.031250
0 0.240625 0.553125 0.031250 0.031250
0 0.515625 0.718750 0.031250 0.031250
0 0.892188 0.793750 0.028125 0.031250
0 0.437500 0.645312 0.031250 0.034375
0 0.815625 0.346875 0.031250 0.031250
0 0.031250 0.378125 0.031250 0.031250
0 0.756250 0.871875 0.031250 0.031250
0 0.467187 0.585938 0.034375 0.034375
0 0.325000 0.406250 0.031250 0.031250
0 0.921875 0.287500 0.031250 0.031250
0 0.671875 0.903125 0.031250 0.031250
0 0.625000 0.378125 0.031250 0.031250
0 0.846875 0.557813 0.031250 0.028125
0 0.109375 0.906250 0.031250 0.031250
0 0.673438 0.589063 0.028125 0.028125
0 0.378125 0.798438 0.031250 0.034375
0 0.559375 0.643750 0.031250 0.031250
0 0.257812 0.289062 0.034375 0.034375
0 0.796875 0.603125 0.031250 0.031250
0 0.546875 0.731250 0.031250 0.031250
0 0.431250 0.406250 0.031250 0.031250
0 0.729688 0.735938 0.028125 0.028125
0 0.771875 0.781250 0.031250 0.031250
0 0.637500 0.735938 0.031250 0.028125
0 0.604688 0.881250 0.028125 0.031250
0 0.028125 0.437500 0.031250 0.031250
0 0.481250 0.553125 0.031250 0.031250
0 0.221875 0.406250 0.031250 0.031250
0 0.081250 0.885938 0.031250 0.028125
0 0.100000 0.745313 0.031250 0.034375
0 0.256250 0.465625 0.031250 0.031250
0 0.120313 0.837500 0.028125 0.031250
0 0.693750 0.378125 0.031250 0.031250
0 0.279687 0.792188 0.034375 0.034375
0 0.729688 0.378125 0.034375 0.031250
0 0.418750 0.615625 0.031250 0.031250
0 0.593750 0.656250 0.031250 0.031250
0 0.465625 0.346875 0.031250 0.031250
0 0.500000 0.287500 0.031250 0.031250
0 0.064062 0.559375 0.028125 0.031250
0 0.100000 0.434375 0.031250 0.031250
0 0.104688 0.940625 0.028125 0.031250
0 0.071875 0.528125 0.031250 0.031250
0 0.343750 0.437500 0.031250 0.031250
0 0.557813 0.609375 0.028125 0.031250
0 0.607812 0.289062 0.034375 0.034375
0 0.484375 0.317188 0.031250 0.034375
0 0.031250 0.496875 0.031250 0.031250
0 0.328125 0.875000 0.031250 0.031250
0 0.698438 0.726562 0.028125 0.028125
0 0.834375 0.375000 0.031250 0.031250
0 0.656250 0.318750 0.031250 0.031250
0 0.448437 0.556250 0.028125 0.031250
0 0.168750 0.684375 0.031250 0.031250
0 0.421875 0.675000 0.031250 0.031250
0 0.553125 0.765625 0.031250 0.031250
0 0.662500 0.437500 0.031250 0.031250
0 0.329688 0.940625 0.034375 0.031250
0 0.446875 0.375000 0.031250 0.031250
0 0.500000 0.465625 0.031250 0.031250
0 0.704688 0.759375 0.028125 0.031250
0 0.612500 0.600000 0.031250 0.031250
0 0.620313 0.434375 0.034375 0.031250
0 0.787500 0.568750 0.031250 0.031250
0 0.606250 0.348438 0.031250 0.034375
0 0.853125 0.403125 0.031250 0.031250
0 0.325000 0.796875 0.031250 0.031250
0 0.325000 0.526563 0.031250 0.034375
0 0.493750 0.937500 0.031250 0.031250
0 0.553125 0.375000 0.031250 0.031250
0 0.396875 0.350000 0.031250 0.031250
0 0.240625 0.434375 0.031250 0.031250
0 0.850000 0.714063 0.031250 0.028125
0 0.537500 0.584375 0.031250 0.031250
0 0.065625 0.318750 0.031250 0.031250
0 0.540625 0.698438 0.031250 0.028125
0 0.854688 0.750000 0.028125 0.031250
0 0.821875 0.895312 0.031250 0.028125
0 0.570312 0.285938 0.034375 0.034375
0 0.240625 0.815625 0.031250 0.031250
0 0.885938 0.918750 0.028125 0.031250
0 0.275000 0.682813 0.031250 0.034375
0 0.387500 0.676562 0.031250 0.034375
0 0.240625 0.318750 0.031250 0.031250
0 0.681250 0.465625 0.031250 0.031250
0 0.834375 0.965625 0.031250 0.031250
0 0.065625 0.495312 0.031250 0.034375
0 0.678125 0.406250 0.031250 0.031250
0 0.292187 0.525000 0.028125 0.031250
0 0.403125 0.646875 0.031250 0.031250
0 0.534375 0.665625 0.031250 0.031250
0 0.128125 0.767188 0.031250 0.028125
0 0.565625 0.834375 0.031250 0.031250
0 0.568750 0.406250 0.031250 0.031250
0 0.884375 0.446875 0.031250 0.031250
0 0.400000 0.587500 0.031250 0.031250
0 0.839063 0.839063 0.028125 0.028125
0 0.517188 0.378125 0.028125 0.031250
0 0.501563 0.809375 0.028125 0.031250
0 0.245312 0.782813 0.028125 0.028125
0 0.868750 0.376563 0.031250 0.028125
0 0.712500 0.406250 0.031250 0.031250
0 0.360938 0.350000 0.028125 0.031250
0 0.518750 0.493750 0.031250 0.031250
0 0.698438 0.495312 0.028125 0.028125
0 0.125000 0.803125 0.031250 0.031250
0 0.256250 0.584375 0.031250 0.031250
0 0.743750 0.806250 0.031250 0.031250
0 0.293750 0.406250 0.031250 0.031250
0 0.853125 0.434375 0.031250 0.031250
0 0.431250 0.526563 0.031250 0.028125
0 0.834375 0.318750 0.031250 0.031250
0 0.928125 0.803125 0.031250 0.031250
0 0.723437 0.548438 0.028125 0.028125
0 0.239063 0.495312 0.028125 0.028125
0 0.942187 0.437500 0.028125 0.031250
0 0.860938 0.940625 0.028125 0.031250
0 0.603125 0.406250 0.031250 0.031250
0 0.782813 0.690625 0.028125 0.031250
0 0.892188 0.479687 0.028125 0.028125
0 0.865625 0.975000 0.031250 0.031250
0 0.528125 0.626563 0.031250 0.034375
0 0.464062 0.289062 0.034375 0.034375
0 0.378125 0.318750 0.031250 0.031250
0 0.156250 0.787500 0.031250 0.031250
0 0.534375 0.406250 0.031250 0.031250
0 0.839063 0.525000 0.028125 0.031250
0 0.625000 0.823438 0.031250 0.028125
0 0.287500 0.742188 0.031250 0.034375
0 0.587500 0.776563 0.031250 0.034375
0 0.048438 0.346875 0.028125 0.031250
0 0.956250 0.345313 0.031250 0.028125
0 0.765625 0.376563 0.031250 0.028125
0 0.918750 0.345313 0.031250 0.028125
0 0.793750 0.759375 0.031250 0.031250
0 0.826562 0.929688 0.028125 0.028125
0 0.360938 0.407813 0.028125 0.028125
0 0.487500 0.903125 0.031250 0.031250
0 0.271875 0.318750 0.031250 0.031250
0 0.381250 0.553125 0.031250 0.031250
0 0.518750 0.554688 0.031250 0.028125
0 0.612500 0.756250 0.031250 0.031250
0 0.445312 0.317188 0.034375 0.034375
0 0.676562 0.621875 0.028125 0.031250
0 0.175000 0.878125 0.031250 0.031250
0 0.659375 0.378125 0.031250 0.031250
0 0.465625 0.468750 0.031250 0.031250
0 0.084375 0.465625 0.031250 0.031250
0 0.667188 0.559375 0.028125 0.031250
0 0.168750 0.496875 0.031250 0.031250
0 0.954688 0.285938 0.034375 0.034375
0 0.746875 0.350000 0.031250 0.031250
0 0.484375 0.495312 0.031250 0.028125
0 0.493750 0.776563 0.031250 0.028125
0 0.900000 0.668750 0.031250 0.031250
0 0.065625 0.437500 0.031250 0.031250
0 0.631250 0.543750 0.031250 0.031250
0 0.415625 0.845313 0.031250 0.028125
0 0.825000 0.456250 0.031250 0.031250
0 0.048438 0.407813 0.028125 0.028125
0 0.787500 0.725000 0.031250 0.031250
0 0.203125 0.671875 0.031250 0.031250
0 0.256250 0.346875 0.031250 0.031250
0 0.214062 0.795312 0.028125 0.028125
0 0.885938 0.406250 0.034375 0.031250
0 0.187500 0.584375 0.031250 0.031250
0 0.187500 0.287500 0.031250 0.031250
0 0.371875 0.709375 0.031250 0.031250
0 0.256250 0.406250 0.031250 0.031250
0 0.240625 0.378125 0.031250 0.031250
0 0.142187 0.892188 0.028125 0.028125
0 0.956250 0.406250 0.031250 0.031250
0 0.356250 0.737500 0.031250 0.031250
0 0.468750 0.957812 0.031250 0.028125
0 0.256250 0.939063 0.031250 0.034375
0 0.781250 0.346875 0.031250 0.031250
0 0.450000 0.612500 0.031250 0.031250
0 0.620313 0.634375 0.028125 0.031250
0 0.275000 0.496875 0.031250 0.031250
0 0.931250 0.840625 0.031250 0.031250
0 0.343750 0.495312 0.031250 0.028125
0 0.187500 0.525000 0.031250 0.031250
0 0.118750 0.525000 0.031250 0.031250
0 0.470313 0.798438 0.028125 0.028125
0 0.187500 0.465625 0.031250 0.031250
0 0.359375 0.887500 0.031250 0.031250
0 0.626563 0.665625 0.028125 0.031250
0 0.815625 0.703125 0.031250 0.031250
0 0.131250 0.962500 0.031250 0.031250
0 0.975000 0.375000 0.031250 0.031250
0 0.746875 0.287500 0.031250 0.031250
0 0.237500 0.850000 0.031250 0.031250
0 0.225000 0.725000 0.031250 0.031250
0 0.715625 0.465625 0.031250 0.031250
0 0.206250 0.862500 0.031250 0.031250
0 0.059375 0.831250 0.031250 0.031250
0 0.531250 0.465625 0.031250 0.031250
0 0.135937 0.495312 0.028125 0.028125
0 0.018750 0.912500 0.031250 0.031250
0 0.854688 0.590625 0.028125 0.031250
0 0.040625 0.967187 0.031250 0.034375
0 0.806250 0.512500 0.031250 0.031250
0 0.629687 0.504687 0.034375 0.034375
0 0.093750 0.584375 0.031250 0.031250
0 0.328125 0.840625 0.031250 0.031250
0 0.918750 0.460938 0.031250 0.028125
0 0.028125 0.843750 0.031250 0.031250
0 0.887500 0.346875 0.031250 0.031250
0 0.723437 0.703125 0.028125 0.031250
0 0.693750 0.318750 0.031250 0.031250
0 0.434375 0.950000 0.031250 0.031250
0 0.462500 0.762500 0.031250 0.031250
0 0.957812 0.657813 0.028125 0.028125
0 0.284375 0.957812 0.031250 0.034375
0 0.740625 0.962500 0.031250 0.031250
0 0.059375 0.593750 0.031250 0.031250
0 0.446875 0.495312 0.031250 0.028125
0 0.340625 0.771875 0.031250 0.031250
0 0.309375 0.553125 0.031250 0.031250
0 0.104688 0.709375 0.028125 0.031250
0 0.746875 0.406250 0.031250 0.031250
0 0.976562 0.917188 0.034375 0.034375
0 0.292187 0.287500 0.034375 0.031250
0 0.834375 0.803125 0.031250 0.031250
0 0.867188 0.503125 0.028125 0.031250
0 0.959375 0.815625 0.031250 0.031250
0 0.431250 0.465625 0.031250 0.031250
0 0.710938 0.950000 0.028125 0.031250
0 0.376563 0.954688 0.034375 0.034375
0 0.971875 0.884375 0.031250 0.031250
0 0.859375 0.781250 0.031250 0.031250
0 0.206250 0.378125 0.031250 0.031250
0 0.778125 0.287500 0.031250 0.031250
0 0.651563 0.645312 0.028125 0.028125
0 0.100000 0.378125 0.031250 0.031250
0 0.479687 0.706250 0.028125 0.031250
0 0.450000 0.437500 0.031250 0.031250
0 0.309375 0.378125 0.031250 0.031250
0 0.115625 0.406250 0.031250 0.031250
0 0.568750 0.528125 0.031250 0.031250
0 0.371875 0.765625 0.031250 0.031250
0 0.600000 0.689063 0.031250 0.028125
0 0.751563 0.681250 0.028125 0.031250
0 0.204687 0.640625 0.028125 0.031250
0 0.775000 0.975000 0.031250 0.031250
0 0.578125 0.743750 0.031250 0.031250
0 0.775000 0.503125 0.031250 0.031250
0 0.134375 0.434375 0.031250 0.031250
0 0.665625 0.714063 0.031250 0.028125
0 0.600000 0.465625 0.031250 0.031250
0 0.195312 0.932813 0.028125 0.028125
0 0.165625 0.720313 0.031250 0.028125
0 0.115625 0.346875 0.031250 0.031250
0 0.568750 0.350000 0.031250 0.031250
0 0.151562 0.821875 0.028125 0.031250
0 0.415625 0.496875 0.031250 0.031250
0 0.757812 0.557813 0.028125 0.028125
0 0.190625 0.740625 0.031250 0.031250
0 0.967187 0.775000 0.034375 0.037500
0 0.326562 0.285938 0.034375 0.034375
0 0.706250 0.603125 0.031250 0.031250
0 0.521875 0.912500 0.031250 0.031250
0 0.170313 0.376563 0.028125 0.028125
0 0.475000 0.831250 0.031250 0.031250
0 0.550000 0.554688 0.031250 0.028125
0 0.298438 0.653125 0.034375 0.031250
0 0.360938 0.287500 0.034375 0.031250
0 0.610938 0.912500 0.028125 0.031250
0 0.034375 0.809375 0.031250 0.031250
0 0.579688 0.903125 0.028125 0.031250
0 0.642188 0.287500 0.034375 0.031250
0 0.318750 0.681250 0.031250 0.031250
0 0.804688 0.635938 0.028125 0.028125
0 0.173437 0.650000 0.028125 0.031250
0 0.650000 0.962500 0.031250 0.031250
0 0.223438 0.578125 0.028125 0.031250
0 0.945312 0.748437 0.034375 0.034375
0 0.464062 0.406250 0.028125 0.031250
0 0.239063 0.626563 0.028125 0.028125
0 0.906250 0.862500 0.031250 0.031250
0 0.931250 0.681250 0.031250 0.031250
0 0.532813 0.821875 0.028125 0.031250
0 0.904687 0.548438 0.028125 0.028125
0 0.325000 0.350000 0.031250 0.031250
0 0.892188 0.635938 0.028125 0.028125
0 0.743750 0.645312 0.031250 0.028125
0 0.950000 0.625000 0.031250 0.031250
0 0.517188 0.317188 0.028125 0.028125
0 0.023438 0.639062 0.028125 0.028125
0 0.968750 0.568750 0.031250 0.031250
0 0.134375 0.318750 0.031250 0.031250
0 0.440625 0.978125 0.031250 0.031250
0 0.682813 0.971875 0.028125 0.031250
0 0.503125 0.862500 0.031250 0.031250
0 0.350000 0.618750 0.031250 0.031250
0 0.975000 0.603125 0.031250 0.031250
0 0.015625 0.465625 0.031250 0.031250
0 0.554688 0.929688 0.034375 0.034375
0 0.160938 0.976562 0.028125 0.028125
0 0.476562 0.673438 0.028125 0.028125
0 0.017188 0.710938 0.028125 0.028125
