0 0.801562 0.926562 0.028125 0.028125
0 0.690625 0.157812 0.031250 0.028125
0 0.909375 0.203125 0.031250 0.031250
0 0.890625 0.896875 0.031250 0.031250
0 0.784375 0.896875 0.031250 0.031250
0 0.837500 0.928125 0.031250 0.031250
0 0.334375 0.189062 0.031250 0.034375
0 0.121875 0.215625 0.031250 0.031250
0 0.662500 0.925000 0.031250 0.031250
0 0.917188 0.239063 0.034375 0.034375
0 0.800000 0.100000 0.031250 0.031250
0 0.251563 0.125000 0.034375 0.031250
0 0.871875 0.318750 0.031250 0.031250
0 0.362500 0.071875 0.031250 0.031250
0 0.940625 0.809375 0.031250 0.031250
0 0.818750 0.896875 0.031250 0.031250
0 0.853125 0.056250 0.031250 0.031250
0 0.157812 0.165625 0.034375 0.031250
0 0.887500 0.837500 0.031250 0.031250
0 0.403125 0.084375 0.031250 0.031250
0 0.168750 0.064062 0.031250 0.034375
0 0.896875 0.135937 0.031250 0.034375
0 0.925000 0.112500 0.031250 0.031250
0 0.581250 0.792188 0.031250 0.028125
0 0.760938 0.376563 0.028125 0.028125
0 0.920312 0.779687 0.034375 0.034375
0 0.812500 0.328125 0.031250 0.031250
0 0.959375 0.896875 0.031250 0.031250
0 0.703125 0.225000 0.031250 0.031250
0 0.479687 0.176563 0.034375 0.034375
0 0.279687 0.228125 0.034375 0.031250
0 0.939063 0.565625 0.034375 0.031250
0 0.142187 0.798438 0.034375 0.034375
0 0.121875 0.767188 0.031250 0.034375
0 0.528125 0.100000 0.031250 0.031250
0 0.337500 0.225000 0.031250 0.031250
0 0.106250 0.387500 0.031250 0.031250
0 0.818750 0.778125 0.031250 0.031250
0 0.854688 0.956250 0.028125 0.031250
0 0.671875 0.375000 0.031250 0.031250
0 0.637500 0.203125 0.031250 0.031250
0 0.546875 0.204687 0.031250 0.034375
0 0.853125 0.896875 0.031250 0.031250
0 0.089063 0.829688 0.034375 0.034375
0 0.837500 0.868750 0.031250 0.031250
0 0.884375 0.717187 0.031250 0.034375
0 0.871875 0.926562 0.031250 0.028125
0 0.850000 0.375000 0.031250 0.031250
0 0.590625 0.281250 0.031250 0.031250
0 0.325000 0.746875 0.031250 0.031250
0 0.939063 0.506250 0.034375 0.031250
0 0.768750 0.250000 0.031250 0.031250
0 0.970313 0.192188 0.034375 0.034375
0 0.734375 0.807813 0.031250 0.034375
0 0.709375 0.259375 0.031250 0.031250
0 0.200000 0.048438 0.031250 0.034375
0 0.414062 0.154688 0.034375 0.034375
0 0.814063 0.168750 0.034375 0.031250
0 0.495312 0.631250 0.028125 0.031250
0 0.456250 0.204687 0.031250 0.034375
0 0.793750 0.228125 0.031250 0.031250
0 0.704688 0.065625 0.034375 0.031250
0 0.846875 0.181250 0.031250 0.031250
0 0.348438 0.120313 0.034375 0.034375
0 0.881250 0.034375 0.031250 0.031250
0 0.135937 0.078125 0.034375 0.031250
0 0.715625 0.134375 0.031250 0.031250
0 0.784375 0.778125 0.031250 0.031250
0 0.631250 0.865625 0.031250 0.031250
0 0.407813 0.282813 0.028125 0.028125
0 0.048438 0.348438 0.034375 0.034375
0 0.440625 0.129688 0.031250 0.034375
0 0.657813 0.146875 0.034375 0.031250
0 0.750000 0.146875 0.031250 0.031250
0 0.756250 0.181250 0.031250 0.031250
0 0.206250 0.312500 0.031250 0.031250
0 0.628125 0.925000 0.031250 0.031250
0 0.339062 0.776563 0.028125 0.028125
0 0.887500 0.596875 0.031250 0.031250
0 0.270313 0.389062 0.034375 0.034375
0 0.225000 0.103125 0.031250 0.031250
0 0.300000 0.893750 0.031250 0.031250
0 0.107813 0.670312 0.034375 0.034375
0 0.092188 0.192188 0.034375 0.034375
0 0.440625 0.668750 0.031250 0.031250
0 0.578125 0.896875 0.031250 0.031250
0 0.643750 0.075000 0.031250 0.031250
0 0.407813 0.118750 0.028125 0.031250
0 0.253125 0.454688 0.031250 0.034375
0 0.078125 0.368750 0.031250 0.031250
0 0.646875 0.896875 0.031250 0.031250
0 0.054688 0.890625 0.034375 0.031250
0 0.362500 0.168750 0.031250 0.031250
0 0.573438 0.181250 0.028125 0.031250
0 0.609375 0.228125 0.031250 0.031250
0 0.087500 0.767188 0.031250 0.034375
0 0.618750 0.100000 0.031250 0.031250
0 0.975000 0.628125 0.031250 0.031250
0 0.403125 0.954688 0.031250 0.028125
0 0.314063 0.125000 0.034375 0.031250
0 0.387500 0.337500 0.031250 0.031250
0 0.434375 0.259375 0.031250 0.031250
0 0.137500 0.407813 0.031250 0.034375
0 0.196875 0.415625 0.031250 0.031250
0 0.498437 0.826562 0.034375 0.034375
0 0.490625 0.923438 0.031250 0.028125
0 0.353125 0.921875 0.031250 0.031250
0 0.609375 0.768750 0.031250 0.031250
0 0.439063 0.954688 0.028125 0.028125
0 0.565625 0.146875 0.031250 0.031250
0 0.550000 0.778125 0.031250 0.031250
0 0.768750 0.409375 0.031250 0.031250
0 0.228125 0.068750 0.031250 0.031250
0 0.398438 0.214062 0.034375 0.034375
0 0.665625 0.181250 0.031250 0.031250
0 0.846875 0.021875 0.031250 0.031250
0 0.643750 0.396875 0.031250 0.031250
0 0.965625 0.156250 0.031250 0.031250
0 0.912500 0.043750 0.031250 0.031250
0 0.373437 0.835938 0.034375 0.034375
0 0.965625 0.321875 0.031250 0.031250
0 0.542188 0.954688 0.028125 0.028125
0 0.350000 0.290625 0.031250 0.031250
0 0.243750 0.192188 0.031250 0.034375
0 0.809375 0.137500 0.031250 0.031250
0 0.153125 0.200000 0.031250 0.031250
0 0.428125 0.384375 0.031250 0.031250
0 0.975000 0.689063 0.031250 0.034375
0 0.157812 0.767188 0.028125 0.028125
0 0.939063 0.021875 0.034375 0.031250
0 0.914062 0.367188 0.034375 0.034375
0 0.512500 0.350000 0.031250 0.031250
0 0.468750 0.271875 0.031250 0.031250
0 0.526563 0.923438 0.028125 0.028125
0 0.921875 0.478125 0.031250 0.031250
0 0.092188 0.639062 0.034375 0.034375
0 0.392188 0.050000 0.034375 0.031250
0 0.918750 0.718750 0.031250 0.031250
0 0.393750 0.371875 0.031250 0.031250
0 0.859375 0.251563 0.031250 0.028125
0 0.103125 0.462500 0.031250 0.031250
0 0.265625 0.892188 0.031250 0.028125
0 0.531250 0.293750 0.031250 0.031250
0 0.612500 0.896875 0.031250 0.031250
0 0.678125 0.089063 0.031250 0.034375
0 0.878125 0.193750 0.031250 0.031250
0 0.331250 0.057813 0.031250 0.034375
0 0.971875 0.228125 0.031250 0.031250
0 0.821875 0.487500 0.031250 0.031250
0 0.768750 0.807813 0.031250 0.028125
0 0.401562 0.406250 0.028125 0.031250
0 0.125000 0.178125 0.031250 0.031250
0 0.607812 0.585938 0.034375 0.034375
0 0.571875 0.339062 0.031250 0.034375
0 0.593750 0.865625 0.031250 0.031250
0 0.787500 0.506250 0.031250 0.031250
0 0.703125 0.387500 0.031250 0.031250
0 0.890625 0.417187 0.031250 0.034375
0 0.401562 0.246875 0.028125 0.031250
0 0.939063 0.626563 0.034375 0.034375
0 0.876563 0.350000 0.028125 0.031250
0 0.559375 0.429688 0.031250 0.028125
0 0.203125 0.346875 0.031250 0.031250
0 0.604688 0.515625 0.028125 0.031250
0 0.042188 0.417187 0.034375 0.034375
0 0.854688 0.475000 0.034375 0.031250
0 0.775000 0.285938 0.031250 0.034375
0 0.903125 0.626563 0.031250 0.028125
0 0.612500 0.954688 0.031250 0.028125
0 0.959375 0.478125 0.031250 0.031250
0 0.106250 0.859375 0.031250 0.031250
0 0.537500 0.167187 0.031250 0.034375
0 0.784375 0.956250 0.031250 0.031250
0 0.631250 0.168750 0.031250 0.031250
0 0.303125 0.371875 0.031250 0.031250
0 0.309375 0.406250 0.031250 0.031250
0 0.825000 0.398438 0.031250 0.028125
0 0.959375 0.417187 0.031250 0.028125
0 0.840625 0.146875 0.031250 0.031250
0 0.231250 0.890625 0.031250 0.031250
0 0.596875 0.621875 0.031250 0.031250
0 0.762500 0.056250 0.031250 0.031250
0 0.343750 0.621875 0.031250 0.031250
0 0.526563 0.417187 0.028125 0.028125
0 0.193750 0.890625 0.031250 0.031250
0 0.440625 0.450000 0.031250 0.031250
0 0.578125 0.835938 0.031250 0.034375
0 0.700000 0.771875 0.031250 0.031250
0 0.287500 0.803125 0.031250 0.031250
0 0.590625 0.121875 0.031250 0.031250
0 0.265625 0.321875 0.031250 0.031250
0 0.698438 0.868750 0.028125 0.031250
0 0.271875 0.715625 0.031250 0.031250
0 0.087500 0.228125 0.031250 0.031250
0 0.134375 0.443750 0.031250 0.031250
0 0.300000 0.042188 0.031250 0.034375
0 0.887500 0.476562 0.031250 0.028125
0 0.035937 0.800000 0.034375 0.031250
0 0.903125 0.687500 0.031250 0.031250
0 0.328125 0.350000 0.031250 0.031250
0 0.715625 0.956250 0.031250 0.031250
0 0.871875 0.865625 0.031250 0.031250
0 0.056250 0.243750 0.031250 0.031250
0 0.323437 0.560937 0.034375 0.034375
0 0.975000 0.446875 0.031250 0.031250
0 0.784375 0.840625 0.031250 0.031250
0 0.437500 0.896875 0.031250 0.031250
0 0.234375 0.035937 0.031250 0.034375
0 0.217188 0.742188 0.034375 0.034375
0 0.375000 0.268750 0.031250 0.031250
0 0.725000 0.753125 0.031250 0.031250
0 0.635938 0.748437 0.028125 0.028125
0 0.696875 0.353125 0.031250 0.031250
0 0.385937 0.923438 0.028125 0.028125
0 0.584375 0.087500 0.031250 0.031250
0 0.200000 0.381250 0.031250 0.031250
0 0.481250 0.340625 0.031250 0.031250
0 0.662500 0.725000 0.031250 0.031250
0 0.343750 0.418750 0.031250 0.031250
0 0.937500 0.746875 0.031250 0.031250
0 0.143750 0.859375 0.031250 0.031250
0 0.715625 0.896875 0.031250 0.031250
0 0.818750 0.365625 0.031250 0.031250
0 0.579688 0.214062 0.028125 0.028125
0 0.746875 0.434375 0.031250 0.031250
0 0.421875 0.775000 0.031250 0.031250
0 0.543750 0.893750 0.031250 0.031250
0 0.681250 0.954688 0.031250 0.028125
0 0.729688 0.203125 0.028125 0.031250
0 0.871875 0.157812 0.031250 0.028125
0 0.417187 0.606250 0.028125 0.031250
0 0.764062 0.748437 0.034375 0.034375
0 0.471875 0.465625 0.031250 0.031250
0 0.132812 0.523438 0.034375 0.034375
0 0.664062 0.806250 0.034375 0.031250
0 0.140625 0.340625 0.031250 0.031250
0 0.039062 0.921875 0.034375 0.031250
0 0.506250 0.662500 0.031250 0.031250
0 0.460938 0.395313 0.034375 0.034375
0 0.975000 0.809375 0.031250 0.031250
0 0.809375 0.537500 0.031250 0.031250
0 0.328125 0.687500 0.031250 0.031250
0 0.656250 0.306250 0.031250 0.031250
0 0.448437 0.328125 0.034375 0.031250
0 0.537500 0.328125 0.031250 0.031250
0 0.881250 0.384375 0.031250 0.031250
0 0.031250 0.187500 0.031250 0.031250
0 0.421875 0.925000 0.031250 0.031250
0 0.250000 0.803125 0.031250 0.031250
0 0.553125 0.393750 0.031250 0.031250
0 0.737500 0.078125 0.031250 0.031250
0 0.504687 0.860938 0.034375 0.034375
0 0.276562 0.185938 0.034375 0.034375
0 0.115625 0.023438 0.031250 0.034375
0 0.750000 0.956250 0.031250 0.031250
0 0.631250 0.714063 0.031250 0.028125
0 0.834375 0.271875 0.031250 0.031250
0 0.921875 0.956250 0.031250 0.031250
0 0.681250 0.526563 0.031250 0.034375
0 0.540625 0.540625 0.031250 0.031250
0 0.318750 0.865625 0.031250 0.031250
0 0.489063 0.785937 0.034375 0.034375
0 0.734375 0.865625 0.031250 0.031250
0 0.750000 0.896875 0.031250 0.031250
0 0.956250 0.287500 0.031250 0.031250
0 0.343750 0.656250 0.031250 0.031250
0 0.467187 0.860938 0.034375 0.034375
0 0.885938 0.228125 0.028125 0.031250
0 0.432812 0.553125 0.028125 0.031250
0 0.571875 0.725000 0.031250 0.031250
0 0.650000 0.271875 0.031250 0.031250
0 0.025000 0.256250 0.031250 0.031250
0 0.804688 0.571875 0.028125 0.031250
0 0.243750 0.262500 0.031250 0.031250
0 0.568750 0.562500 0.031250 0.031250
0 0.940625 0.445312 0.031250 0.034375
0 0.268750 0.834375 0.031250 0.031250
0 0.334375 0.953125 0.031250 0.031250
0 0.631250 0.328125 0.031250 0.031250
0 0.315625 0.515625 0.031250 0.031250
0 0.718750 0.456250 0.031250 0.031250
0 0.534375 0.575000 0.031250 0.031250
0 0.767188 0.928125 0.028125 0.031250
0 0.271875 0.771875 0.031250 0.031250
0 0.037500 0.859375 0.031250 0.031250
0 0.407813 0.440625 0.028125 0.031250
0 0.471875 0.528125 0.031250 0.031250
0 0.734375 0.925000 0.031250 0.031250
0 0.406250 0.662500 0.031250 0.031250
0 0.959375 0.839063 0.031250 0.028125
0 0.300000 0.954688 0.031250 0.028125
0 0.906250 0.171875 0.031250 0.031250
0 0.837500 0.435937 0.037500 0.034375
0 0.125000 0.828125 0.031250 0.031250
0 0.196875 0.709375 0.031250 0.031250
0 0.465625 0.812500 0.031250 0.031250
0 0.165625 0.651563 0.031250 0.034375
0 0.890625 0.100000 0.031250 0.031250
0 0.865625 0.284375 0.031250 0.031250
0 0.214062 0.620313 0.034375 0.034375
0 0.662500 0.865625 0.031250 0.031250
0 0.485938 0.751563 0.034375 0.034375
0 0.218750 0.171875 0.031250 0.031250
0 0.443750 0.584375 0.031250 0.031250
0 0.834375 0.112500 0.031250 0.031250
0 0.637500 0.362500 0.031250 0.031250
0 0.228125 0.403125 0.031250 0.031250
0 0.828125 0.239063 0.031250 0.034375
0 0.626563 0.640625 0.028125 0.031250
0 0.318750 0.314063 0.031250 0.034375
0 0.159375 0.890625 0.031250 0.031250
0 0.854688 0.215625 0.034375 0.031250
0 0.067187 0.667188 0.034375 0.034375
0 0.375000 0.778125 0.031250 0.031250
0 0.053125 0.829688 0.031250 0.034375
0 0.034375 0.739062 0.031250 0.034375
0 0.053125 0.771875 0.031250 0.031250
0 0.487500 0.053125 0.031250 0.031250
0 0.298438 0.078125 0.034375 0.031250
0 0.793750 0.065625 0.031250 0.031250
0 0.684375 0.596875 0.031250 0.031250
0 0.190625 0.485938 0.031250 0.034375
0 0.828125 0.078125 0.031250 0.031250
0 0.750000 0.840625 0.031250 0.031250
0 0.975000 0.868750 0.031250 0.031250
0 0.090625 0.890625 0.031250 0.031250
0 0.803125 0.865625 0.031250 0.031250
0 0.409375 0.496875 0.031250 0.031250
0 0.892188 0.260937 0.034375 0.034375
0 0.028125 0.221875 0.031250 0.031250
0 0.604688 0.353125 0.028125 0.031250
0 0.282813 0.542188 0.034375 0.034375
0 0.445312 0.748437 0.034375 0.034375
0 0.856250 0.407813 0.031250 0.028125
0 0.321875 0.446875 0.031250 0.031250
0 0.207813 0.554688 0.034375 0.034375
0 0.885938 0.535937 0.034375 0.034375
0 0.721875 0.525000 0.031250 0.031250
0 0.887500 0.778125 0.031250 0.031250
0 0.865625 0.746875 0.031250 0.031250
0 0.517188 0.604688 0.028125 0.028125
0 0.289062 0.293750 0.034375 0.031250
0 0.412500 0.315625 0.031250 0.031250
0 0.493750 0.087500 0.031250 0.031250
0 0.376563 0.429688 0.028125 0.028125
0 0.501563 0.121875 0.034375 0.031250
0 0.625000 0.293750 0.031250 0.031250
0 0.403125 0.696875 0.031250 0.031250
0 0.956250 0.125000 0.031250 0.031250
0 0.729688 0.043750 0.028125 0.031250
0 0.385937 0.467187 0.034375 0.034375
0 0.918750 0.079687 0.031250 0.028125
0 0.653125 0.581250 0.031250 0.031250
0 0.818750 0.203125 0.031250 0.031250
0 0.740625 0.110937 0.031250 0.034375
0 0.682813 0.671875 0.028125 0.031250
0 0.193750 0.450000 0.031250 0.031250
0 0.521875 0.225000 0.031250 0.031250
0 0.896875 0.296875 0.031250 0.031250
0 0.378125 0.718750 0.031250 0.031250
0 0.454688 0.781250 0.028125 0.031250
0 0.393750 0.750000 0.031250 0.031250
0 0.956250 0.778125 0.031250 0.031250
0 0.573438 0.656250 0.034375 0.031250
0 0.515625 0.765625 0.031250 0.031250
0 0.468750 0.109375 0.031250 0.031250
0 0.409375 0.834375 0.031250 0.031250
0 0.346875 0.528125 0.031250 0.031250
0 0.371875 0.568750 0.031250 0.031250
0 0.718750 0.559375 0.031250 0.031250
0 0.496875 0.250000 0.031250 0.031250
0 0.073438 0.437500 0.034375 0.031250
0 0.870313 0.506250 0.028125 0.031250
0 0.612500 0.837500 0.031250 0.031250
0 0.865625 0.125000 0.031250 0.031250
0 0.203125 0.653125 0.031250 0.031250
0 0.029687 0.676562 0.034375 0.034375
0 0.310937 0.245312 0.034375 0.034375
0 0.187500 0.153125 0.031250 0.031250
0 0.439063 0.703125 0.028125 0.031250
0 0.526563 0.260937 0.028125 0.028125
0 0.923438 0.898438 0.034375 0.034375
0 0.943750 0.385937 0.031250 0.034375
0 0.837500 0.809375 0.031250 0.031250
0 0.937500 0.181250 0.031250 0.031250
0 0.310937 0.607812 0.034375 0.034375
0 0.475000 0.893750 0.031250 0.031250
0 0.454688 0.040625 0.034375 0.031250
0 0.159375 0.828125 0.031250 0.031250
0 0.931250 0.307812 0.031250 0.034375
0 0.443750 0.837500 0.031250 0.031250
0 0.775000 0.593750 0.031250 0.031250
0 0.015625 0.064062 0.031250 0.034375
0 0.234375 0.368750 0.031250 0.031250
0 0.964063 0.356250 0.034375 0.031250
0 0.239063 0.296875 0.034375 0.031250
0 0.081250 0.703125 0.037500 0.037500
0 0.329688 0.090625 0.034375 0.031250
0 0.292187 0.676562 0.034375 0.034375
0 0.475000 0.142187 0.031250 0.034375
0 0.425000 0.865625 0.031250 0.031250
0 0.818750 0.635938 0.031250 0.034375
0 0.253125 0.743750 0.031250 0.031250
0 0.142187 0.921875 0.028125 0.031250
0 0.306250 0.167187 0.031250 0.034375
0 0.621875 0.454688 0.031250 0.034375
0 0.681250 0.837500 0.031250 0.031250
0 0.343750 0.715625 0.031250 0.031250
0 0.278125 0.618750 0.031250 0.031250
0 0.220312 0.137500 0.028125 0.031250
0 0.104688 0.423438 0.034375 0.034375
0 0.168750 0.393750 0.031250 0.031250
0 0.800000 0.421875 0.031250 0.031250
0 0.606250 0.668750 0.031250 0.031250
0 0.904687 0.507812 0.028125 0.028125
0 0.925000 0.414062 0.031250 0.034375
0 0.318750 0.921875 0.031250 0.031250
0 0.259375 0.684375 0.031250 0.031250
0 0.906250 0.807813 0.031250 0.028125
0 0.359375 0.746875 0.031250 0.031250
0 0.050000 0.048438 0.031250 0.034375
0 0.282813 0.923438 0.028125 0.028125
0 0.193750 0.115625 0.031250 0.031250
0 0.904687 0.565625 0.028125 0.031250
0 0.471875 0.657813 0.031250 0.028125
0 0.370312 0.687500 0.034375 0.031250
0 0.746875 0.615625 0.031250 0.031250
0 0.600000 0.481250 0.031250 0.031250
0 0.289062 0.432812 0.034375 0.034375
0 0.067187 0.737500 0.034375 0.031250
0 0.123438 0.707812 0.034375 0.034375
0 0.715625 0.839063 0.031250 0.028125
0 0.676562 0.250000 0.028125 0.031250
0 0.284375 0.473438 0.031250 0.034375
0 0.337500 0.835938 0.031250 0.028125
0 0.021875 0.953125 0.031250 0.031250
0 0.840625 0.521875 0.031250 0.031250
0 0.354687 0.325000 0.034375 0.031250
0 0.690625 0.703125 0.031250 0.031250
0 0.423438 0.190625 0.034375 0.031250
0 0.234375 0.771875 0.031250 0.031250
0 0.368750 0.235937 0.031250 0.028125
0 0.940625 0.928125 0.031250 0.031250
0 0.615625 0.418750 0.031250 0.031250
0 0.887500 0.068750 0.031250 0.031250
0 0.131250 0.110937 0.031250 0.028125
0 0.756250 0.343750 0.031250 0.031250
0 0.290625 0.745313 0.031250 0.028125
0 0.709375 0.421875 0.031250 0.031250
0 0.421875 0.028125 0.031250 0.031250
0 0.243750 0.228125 0.031250 0.031250
0 0.725000 0.656250 0.031250 0.031250
0 0.604688 0.735938 0.028125 0.028125
0 0.768750 0.089063 0.031250 0.028125
0 0.600000 0.318750 0.031250 0.031250
0 0.462500 0.075000 0.031250 0.031250
0 0.182812 0.587500 0.034375 0.037500
0 0.598437 0.551562 0.034375 0.034375
0 0.681250 0.896875 0.031250 0.031250
0 0.806250 0.296875 0.031250 0.031250
0 0.951562 0.089063 0.028125 0.028125
0 0.318750 0.806250 0.031250 0.031250
0 0.906250 0.868750 0.031250 0.031250
0 0.546875 0.042188 0.031250 0.034375
0 0.512500 0.190625 0.031250 0.031250
0 0.248438 0.570312 0.034375 0.034375
0 0.382812 0.535937 0.034375 0.034375
0 0.128125 0.143750 0.031250 0.031250
0 0.553125 0.240625 0.031250 0.031250
0 0.903125 0.329688 0.031250 0.028125
0 0.643750 0.237500 0.031250 0.031250
0 0.168750 0.360938 0.031250 0.034375
0 0.512500 0.731250 0.031250 0.031250
0 0.921875 0.840625 0.031250 0.031250
0 0.293750 0.337500 0.031250 0.031250
0 0.212500 0.209375 0.031250 0.031250
0 0.396875 0.803125 0.031250 0.031250
0 0.934375 0.340625 0.031250 0.031250
0 0.940625 0.868750 0.031250 0.031250
0 0.267188 0.057813 0.034375 0.034375
0 0.562500 0.925000 0.031250 0.031250
0 0.440625 0.484375 0.031250 0.031250
0 0.162500 0.131250 0.031250 0.031250
0 0.521875 0.800000 0.031250 0.031250
0 0.071875 0.859375 0.031250 0.031250
0 0.137500 0.371875 0.031250 0.031250
0 0.278125 0.264062 0.031250 0.034375
0 0.250000 0.159375 0.031250 0.031250
0 0.756250 0.521875 0.031250 0.031250
0 0.248438 0.535937 0.034375 0.034375
0 0.265625 0.021875 0.031250 0.031250
0 0.543750 0.362500 0.031250 0.031250
0 0.282813 0.106250 0.034375 0.031250
0 0.178125 0.798438 0.031250 0.034375
0 0.356250 0.865625 0.031250 0.031250
0 0.682813 0.282813 0.028125 0.028125
0 0.518750 0.062500 0.031250 0.031250
0 0.150000 0.565625 0.031250 0.031250
0 0.834375 0.668750 0.031250 0.031250
0 0.209375 0.276562 0.031250 0.034375
0 0.304688 0.206250 0.034375 0.031250
0 0.901563 0.746875 0.034375 0.031250
0 0.973437 0.929688 0.028125 0.028125
0 0.610938 0.385937 0.028125 0.028125
0 0.954688 0.720313 0.034375 0.034375
0 0.785937 0.353125 0.028125 0.031250
0 0.631250 0.490625 0.031250 0.031250
0 0.018750 0.829688 0.031250 0.034375
0 0.803125 0.809375 0.031250 0.031250
0 0.390625 0.865625 0.031250 0.031250
0 0.282813 0.143750 0.034375 0.031250
0 0.500000 0.282813 0.031250 0.028125
0 0.429688 0.060937 0.034375 0.034375
0 0.671875 0.053125 0.031250 0.031250
0 0.931250 0.146875 0.031250 0.031250
0 0.559375 0.862500 0.031250 0.031250
0 0.956250 0.593750 0.031250 0.031250
0 0.975000 0.565625 0.031250 0.031250
0 0.218750 0.684375 0.031250 0.031250
0 0.646875 0.835938 0.031250 0.034375
0 0.446875 0.165625 0.031250 0.031250
0 0.071875 0.471875 0.031250 0.031250
0 0.225000 0.471875 0.031250 0.031250
0 0.489063 0.214062 0.034375 0.034375
0 0.434375 0.096875 0.031250 0.031250
0 0.035937 0.154688 0.034375 0.034375
0 0.168750 0.428125 0.031250 0.031250
0 0.078125 0.068750 0.031250 0.031250
0 0.700000 0.809375 0.031250 0.031250
0 0.693750 0.737500 0.031250 0.031250
0 0.818750 0.837500 0.031250 0.031250
0 0.165625 0.096875 0.031250 0.031250
0 0.543750 0.745313 0.031250 0.028125
0 0.318750 0.278125 0.031250 0.031250
0 0.950000 0.253125 0.031250 0.031250
0 0.023438 0.617188 0.034375 0.034375
0 0.493750 0.407813 0.031250 0.028125
0 0.662500 0.340625 0.031250 0.031250
0 0.696875 0.032813 0.031250 0.034375
0 0.653125 0.465625 0.031250 0.031250
0 0.487500 0.371875 0.031250 0.031250
0 0.684375 0.562500 0.031250 0.031250
0 0.798438 0.745313 0.034375 0.034375
0 0.225000 0.434375 0.031250 0.031250
0 0.020313 0.292187 0.034375 0.034375
0 0.065625 0.618750 0.031250 0.031250
0 0.921875 0.275000 0.031250 0.031250
0 0.937500 0.687500 0.031250 0.031250
0 0.370312 0.893750 0.028125 0.031250
0 0.557813 0.271875 0.028125 0.031250
0 0.360938 0.360938 0.028125 0.028125
0 0.432812 0.806250 0.028125 0.031250
0 0.870313 0.807813 0.028125 0.028125
0 0.809375 0.454688 0.031250 0.028125
0 0.246875 0.923438 0.031250 0.028125
0 0.118750 0.250000 0.031250 0.031250
0 0.787500 0.193750 0.031250 0.031250
0 0.500000 0.437500 0.031250 0.031250
0 0.770312 0.557813 0.034375 0.034375
0 0.709375 0.100000 0.031250 0.031250
0 0.021875 0.892188 0.031250 0.034375
0 0.839063 0.307812 0.028125 0.028125
0 0.678125 0.490625 0.031250 0.031250
0 0.975000 0.068750 0.031250 0.031250
0 0.109375 0.353125 0.031250 0.031250
0 0.343750 0.256250 0.031250 0.031250
0 0.239063 0.712500 0.034375 0.031250
0 0.531250 0.635938 0.031250 0.028125
0 0.767188 0.868750 0.028125 0.031250
0 0.756250 0.021875 0.031250 0.031250
0 0.618750 0.260937 0.031250 0.028125
0 0.284375 0.862500 0.031250 0.031250
0 0.610938 0.064062 0.028125 0.028125
0 0.046875 0.589063 0.031250 0.034375
0 0.571875 0.503125 0.031250 0.031250
0 0.073438 0.403125 0.034375 0.031250
0 0.378125 0.137500 0.031250 0.031250
0 0.307812 0.645312 0.034375 0.034375
0 0.506250 0.156250 0.031250 0.031250
0 0.615625 0.803125 0.031250 0.031250
0 0.534375 0.453125 0.031250 0.031250
0 0.651563 0.109375 0.028125 0.031250
0 0.129688 0.640625 0.034375 0.037500
0 0.256250 0.087500 0.031250 0.031250
0 0.578125 0.954688 0.031250 0.028125
0 0.859375 0.090625 0.031250 0.031250
0 0.600000 0.700000 0.031250 0.031250
0 0.162500 0.712500 0.031250 0.031250
0 0.578125 0.371875 0.031250 0.031250
0 0.575000 0.459375 0.031250 0.031250
0 0.148438 0.604688 0.034375 0.034375
0 0.406250 0.893750 0.031250 0.031250
0 0.104688 0.090625 0.028125 0.031250
0 0.475000 0.953125 0.031250 0.031250
0 0.046875 0.082812 0.031250 0.034375
0 0.645312 0.954688 0.028125 0.028125
0 0.106250 0.796875 0.031250 0.031250
0 0.465625 0.721875 0.031250 0.031250
0 0.790625 0.034375 0.031250 0.031250
0 0.126562 0.953125 0.028125 0.031250
0 0.265625 0.953125 0.031250 0.031250
0 0.775000 0.125000 0.031250 0.031250
0 0.728125 0.365625 0.031250 0.031250
0 0.818750 0.043750 0.031250 0.031250
0 0.051562 0.314063 0.034375 0.034375
0 0.539062 0.504687 0.034375 0.034375
0 0.371875 0.603125 0.031250 0.031250
0 0.334375 0.893750 0.031250 0.031250
0 0.650000 0.432812 0.031250 0.028125
0 0.251563 0.862500 0.034375 0.031250
0 0.534375 0.840625 0.031250 0.031250
0 0.493750 0.700000 0.031250 0.031250
0 0.853125 0.778125 0.031250 0.031250
0 0.795312 0.385937 0.028125 0.028125
0 0.868750 0.565625 0.031250 0.031250
0 0.584375 0.250000 0.031250 0.031250
0 0.198437 0.771875 0.034375 0.031250
0 0.565625 0.304688 0.031250 0.028125
0 0.762500 0.484375 0.031250 0.031250
0 0.820312 0.956250 0.028125 0.031250
0 0.956250 0.537500 0.031250 0.031250
0 0.568750 0.689063 0.031250 0.034375
0 0.064062 0.173437 0.034375 0.034375
0 0.943750 0.056250 0.031250 0.031250
0 0.921875 0.535937 0.031250 0.028125
0 0.682813 0.121875 0.028125 0.031250
0 0.507812 0.473438 0.034375 0.034375
0 0.428125 0.635938 0.031250 0.028125
0 0.781250 0.157812 0.031250 0.028125
0 0.721875 0.168750 0.031250 0.031250
0 0.571875 0.018750 0.031250 0.031250
0 0.428125 0.225000 0.031250 0.031250
0 0.637500 0.042188 0.031250 0.034375
0 0.184375 0.184375 0.031250 0.031250
0 0.162500 0.465625 0.031250 0.031250
0 0.071875 0.800000 0.031250 0.031250
0 0.803125 0.262500 0.031250 0.031250
0 0.734375 0.400000 0.031250 0.031250
0 0.953125 0.656250 0.031250 0.031250
0 0.540625 0.668750 0.031250 0.031250
0 0.040625 0.118750 0.031250 0.031250
0 0.871875 0.443750 0.031250 0.031250
0 0.103125 0.735938 0.031250 0.034375
0 0.734375 0.689063 0.031250 0.034375
0 0.465625 0.428125 0.031250 0.031250
0 0.717187 0.295312 0.028125 0.028125
0 0.239063 0.654687 0.034375 0.034375
0 0.081250 0.332813 0.031250 0.034375
0 0.454688 0.360938 0.028125 0.028125
0 0.140625 0.679688 0.031250 0.034375
0 0.760938 0.215625 0.028125 0.031250
0 0.940625 0.215625 0.031250 0.031250
0 0.778125 0.318750 0.031250 0.031250
0 0.112500 0.570312 0.031250 0.034375
0 0.584375 0.406250 0.031250 0.031250
0 0.178125 0.740625 0.031250 0.031250
0 0.065625 0.550000 0.031250 0.031250
0 0.621875 0.135937 0.031250 0.034375
0 0.345313 0.485938 0.034375 0.034375
0 0.698438 0.925000 0.028125 0.031250
0 0.725000 0.720313 0.031250 0.028125
0 0.595313 0.925000 0.028125 0.031250
0 0.146875 0.306250 0.031250 0.031250
0 0.140625 0.737500 0.031250 0.031250
0 0.032813 0.557813 0.034375 0.034375
0 0.178125 0.859375 0.031250 0.031250
0 0.256250 0.418750 0.031250 0.031250
0 0.518750 0.384375 0.031250 0.031250
0 0.307812 0.715625 0.034375 0.031250
0 0.668750 0.215625 0.031250 0.031250
0 0.095312 0.531250 0.034375 0.031250
0 0.957812 0.957812 0.028125 0.028125
0 0.667188 0.760938 0.028125 0.028125
0 0.971875 0.032813 0.031250 0.034375
0 0.973437 0.506250 0.028125 0.031250
0 0.906250 0.928125 0.031250 0.031250
0 0.675000 0.410938 0.031250 0.028125
0 0.376563 0.104688 0.034375 0.034375
0 0.459375 0.237500 0.031250 0.031250
0 0.173437 0.325000 0.028125 0.031250
0 0.393750 0.628125 0.031250 0.031250
0 0.073438 0.921875 0.034375 0.031250
0 0.056250 0.950000 0.031250 0.031250
0 0.265625 0.356250 0.031250 0.031250
0 0.368750 0.396875 0.031250 0.031250
0 0.084375 0.034375 0.031250 0.031250
0 0.021875 0.028125 0.031250 0.031250
0 0.392188 0.181250 0.028125 0.031250
0 0.845313 0.340625 0.028125 0.031250
0 0.040625 0.453125 0.031250 0.031250
0 0.904687 0.446875 0.028125 0.031250
0 0.750000 0.307812 0.031250 0.028125
0 0.181250 0.256250 0.031250 0.031250
0 0.921875 0.657813 0.031250 0.028125
0 0.284375 0.579688 0.037500 0.034375
0 0.306250 0.775000 0.031250 0.031250
0 0.234375 0.335938 0.031250 0.034375
0 0.553125 0.814063 0.031250 0.028125
0 0.718750 0.596875 0.031250 0.031250
0 0.354687 0.807813 0.028125 0.028125
0 0.040625 0.490625 0.031250 0.031250
0 0.271875 0.651563 0.031250 0.034375
0 0.096875 0.156250 0.031250 0.031250
0 0.831250 0.745313 0.031250 0.034375
0 0.334375 0.153125 0.031250 0.031250
0 0.507812 0.954688 0.028125 0.028125
0 0.418750 0.350000 0.031250 0.031250
0 0.665625 0.021875 0.031250 0.031250
0 0.046875 0.384375 0.031250 0.031250
0 0.506250 0.893750 0.031250 0.031250
0 0.112500 0.320312 0.031250 0.034375
0 0.696875 0.190625 0.031250 0.031250
0 0.475000 0.303125 0.031250 0.031250
0 0.562500 0.625000 0.031250 0.031250
0 0.920312 0.595313 0.028125 0.028125
0 0.367188 0.954688 0.028125 0.028125
0 0.850000 0.715625 0.031250 0.031250
0 0.978125 0.387500 0.031250 0.031250
0 0.865625 0.684375 0.031250 0.031250
0 0.500000 0.506250 0.031250 0.031250
0 0.456250 0.925000 0.031250 0.031250
0 0.740625 0.271875 0.031250 0.031250
0 0.854688 0.837500 0.028125 0.031250
0 0.046875 0.706250 0.031250 0.031250
0 0.150000 0.234375 0.031250 0.031250
0 0.173437 0.028125 0.028125 0.031250
0 0.015625 0.362500 0.031250 0.031250
0 0.778125 0.454688 0.031250 0.034375
0 0.481250 0.600000 0.031250 0.031250
0 0.334375 0.384375 0.031250 0.031250
0 0.506250 0.315625 0.031250 0.031250
0 0.417187 0.728125 0.028125 0.031250
0 0.381250 0.303125 0.031250 0.031250
0 0.606250 0.031250 0.031250 0.031250
0 0.540625 0.712500 0.031250 0.031250
0 0.359375 0.037500 0.031250 0.031250
0 0.971875 0.750000 0.031250 0.031250
0 0.578125 0.051562 0.031250 0.034375
0 0.434375 0.418750 0.031250 0.031250
0 0.835938 0.554688 0.028125 0.028125
0 0.462500 0.626563 0.031250 0.034375
0 0.054688 0.278125 0.034375 0.031250
0 0.056250 0.015625 0.031250 0.031250
0 0.109375 0.056250 0.031250 0.031250
0 0.656250 0.693750 0.031250 0.031250
0 0.142187 0.040625 0.028125 0.031250
0 0.245312 0.606250 0.034375 0.031250
0 0.109375 0.603125 0.031250 0.031250
0 0.387500 0.015625 0.031250 0.031250
0 0.575000 0.759375 0.031250 0.031250
0 0.070312 0.507812 0.028125 0.028125
0 0.081250 0.581250 0.031250 0.031250
0 0.340625 0.587500 0.031250 0.031250
0 0.375000 0.503125 0.031250 0.031250
0 0.254688 0.489063 0.034375 0.034375
0 0.440625 0.293750 0.031250 0.031250
0 0.735938 0.237500 0.028125 0.031250
0 0.640625 0.781250 0.031250 0.031250
0 0.059375 0.206250 0.031250 0.031250
0 0.682813 0.445312 0.028125 0.028125
0 0.634375 0.553125 0.031250 0.031250
0 0.662500 0.643750 0.031250 0.031250
0 0.042188 0.643750 0.034375 0.031250
0 0.406250 0.573438 0.031250 0.028125
0 0.559375 0.112500 0.031250 0.031250
0 0.465625 0.559375 0.031250 0.031250
0 0.212500 0.860938 0.031250 0.034375
0 0.040625 0.523438 0.031250 0.034375
0 0.714063 0.490625 0.028125 0.031250
0 0.017188 0.398438 0.028125 0.028125
0 0.281250 0.506250 0.031250 0.031250
0 0.503125 0.540625 0.031250 0.031250
0 0.750000 0.778125 0.031250 0.031250
0 0.198437 0.081250 0.028125 0.031250
0 0.175000 0.542188 0.031250 0.034375
0 0.604688 0.192188 0.028125 0.028125
0 0.131250 0.481250 0.031250 0.031250
0 0.196875 0.517188 0.031250 0.028125
0 0.979688 0.262500 0.034375 0.031250
0 0.365625 0.203125 0.031250 0.031250
0 0.228125 0.506250 0.031250 0.031250
0 0.162500 0.503125 0.031250 0.031250
0 0.440625 0.517188 0.031250 0.028125
0 0.859375 0.653125 0.031250 0.031250
0 0.215625 0.587500 0.031250 0.031250
0 0.890625 0.957812 0.031250 0.028125
0 0.181250 0.620313 0.031250 0.034375
0 0.979688 0.100000 0.034375 0.031250
0 0.328125 0.021875 0.031250 0.031250
0 0.414062 0.531250 0.028125 0.031250
0 0.498437 0.570312 0.028125 0.028125
0 0.889062 0.654687 0.028125 0.028125
0 0.354687 0.451562 0.028125 0.028125
0 0.592187 0.435937 0.028125 0.028125
0 0.100000 0.496875 0.031250 0.031250
0 0.718750 0.328125 0.031250 0.031250
0 0.018750 0.771875 0.031250 0.031250
0 0.178125 0.681250 0.031250 0.031250
0 0.159375 0.953125 0.031250 0.031250
0 0.575000 0.593750 0.031250 0.031250
0 0.548438 0.601562 0.028125 0.028125
0 0.146875 0.271875 0.031250 0.031250
0 0.550000 0.478125 0.031250 0.031250
0 0.603125 0.156250 0.031250 0.031250
0 0.554688 0.079687 0.034375 0.034375
0 0.203125 0.015625 0.031250 0.031250
0 0.182812 0.225000 0.028125 0.031250
0 0.779687 0.717187 0.034375 0.034375
