0 0.937500 0.625000 0.031250 0.031250
0 0.418750 0.800000 0.037500 0.037500
0 0.851562 0.243750 0.028125 0.031250
0 0.825000 0.595313 0.031250 0.028125
0 0.684375 0.340625 0.031250 0.031250
0 0.515625 0.075000 0.031250 0.031250
0 0.807813 0.631250 0.028125 0.031250
0 0.373437 0.092188 0.028125 0.028125
0 0.878125 0.062500 0.031250 0.031250
0 0.143750 0.156250 0.031250 0.031250
0 0.878125 0.095312 0.031250 0.028125
0 0.907813 0.276562 0.028125 0.028125
0 0.292187 0.678125 0.028125 0.031250
0 0.742188 0.109375 0.028125 0.031250
0 0.429688 0.093750 0.028125 0.031250
0 0.825000 0.657813 0.031250 0.028125
0 0.368750 0.559375 0.031250 0.031250
0 0.681250 0.809375 0.031250 0.031250
0 0.198437 0.153125 0.028125 0.031250
0 0.760938 0.837500 0.028125 0.031250
0 0.712500 0.865625 0.031250 0.031250
0 0.906250 0.079687 0.031250 0.028125
0 0.193750 0.678125 0.031250 0.031250
0 0.906250 0.043750 0.031250 0.031250
0 0.742188 0.142187 0.028125 0.028125
0 0.728125 0.837500 0.031250 0.031250
0 0.845313 0.809375 0.028125 0.031250
0 0.771875 0.559375 0.031250 0.031250
0 0.468750 0.203125 0.031250 0.031250
0 0.854688 0.539062 0.028125 0.028125
0 0.906250 0.692187 0.031250 0.028125
0 0.656250 0.059375 0.031250 0.031250
0 0.162500 0.678125 0.031250 0.031250
0 0.059375 0.790625 0.031250 0.031250
0 0.879687 0.325000 0.028125 0.031250
0 0.453125 0.862500 0.031250 0.031250
0 0.812500 0.867188 0.031250 0.028125
0 0.826562 0.489063 0.028125 0.028125
0 0.065625 0.617188 0.031250 0.028125
0 0.845313 0.865625 0.034375 0.031250
0 0.839063 0.626563 0.028125 0.028125
0 0.143750 0.120313 0.031250 0.028125
0 0.826562 0.523438 0.028125 0.028125
0 0.796875 0.371875 0.031250 0.031250
0 0.078125 0.762500 0.031250 0.031250
0 0.932813 0.160938 0.028125 0.028125
0 0.168750 0.303125 0.031250 0.031250
0 0.543750 0.059375 0.031250 0.031250
0 0.851562 0.309375 0.028125 0.031250
0 0.343750 0.140625 0.031250 0.031250
0 0.312500 0.189062 0.031250 0.028125
0 0.823438 0.092188 0.028125 0.028125
0 0.740625 0.175000 0.031250 0.031250
0 0.209375 0.890625 0.031250 0.031250
0 0.251563 0.251563 0.028125 0.028125
0 0.768750 0.126562 0.031250 0.028125
0 0.112500 0.203125 0.031250 0.031250
0 0.685937 0.142187 0.028125 0.028125
0 0.551562 0.742188 0.028125 0.028125
0 0.285938 0.137500 0.028125 0.031250
0 0.778125 0.807813 0.031250 0.028125
0 0.826562 0.557813 0.028125 0.028125
0 0.825000 0.425000 0.031250 0.031250
0 0.550000 0.157812 0.031250 0.028125
0 0.892188 0.778125 0.028125 0.031250
0 0.079687 0.645312 0.028125 0.028125
0 0.851562 0.110937 0.028125 0.028125
0 0.940625 0.809375 0.031250 0.031250
0 0.793750 0.718750 0.031250 0.031250
0 0.323437 0.735938 0.028125 0.028125
0 0.662500 0.600000 0.031250 0.031250
0 0.912500 0.646875 0.031250 0.031250
0 0.426563 0.126562 0.028125 0.028125
0 0.859375 0.893750 0.031250 0.031250
0 0.857812 0.721875 0.028125 0.031250
0 0.687500 0.573438 0.031250 0.028125
0 0.490625 0.528125 0.031250 0.031250
0 0.875000 0.695312 0.031250 0.028125
0 0.456250 0.106250 0.031250 0.031250
0 0.909375 0.475000 0.031250 0.031250
0 0.278125 0.537500 0.031250 0.031250
0 0.907813 0.750000 0.028125 0.031250
0 0.057813 0.137500 0.028125 0.031250
0 0.793750 0.176563 0.031250 0.028125
0 0.925000 0.781250 0.031250 0.031250
0 0.581250 0.862500 0.031250 0.031250
0 0.878125 0.807813 0.031250 0.028125
0 0.140625 0.189062 0.031250 0.028125
0 0.098437 0.618750 0.028125 0.031250
0 0.740625 0.506250 0.031250 0.031250
0 0.760938 0.598437 0.028125 0.028125
0 0.796875 0.340625 0.031250 0.031250
0 0.770312 0.526563 0.028125 0.028125
0 0.714063 0.092188 0.028125 0.028125
0 0.851562 0.276562 0.028125 0.028125
0 0.687500 0.109375 0.031250 0.031250
0 0.293750 0.621875 0.031250 0.031250
0 0.854688 0.573438 0.028125 0.028125
0 0.631250 0.834375 0.031250 0.031250
0 0.125000 0.790625 0.031250 0.031250
0 0.201563 0.123438 0.028125 0.028125
0 0.429688 0.059375 0.028125 0.031250
0 0.240625 0.765625 0.031250 0.031250
0 0.162500 0.854688 0.031250 0.034375
0 0.512500 0.140625 0.031250 0.031250
0 0.484375 0.854688 0.031250 0.034375
0 0.889062 0.665625 0.028125 0.031250
0 0.878125 0.160938 0.031250 0.028125
0 0.921875 0.568750 0.031250 0.031250
0 0.792188 0.659375 0.028125 0.031250
0 0.312500 0.537500 0.031250 0.031250
0 0.879687 0.392188 0.028125 0.028125
0 0.085938 0.156250 0.028125 0.031250
0 0.190625 0.792188 0.031250 0.028125
0 0.879687 0.228125 0.028125 0.031250
0 0.229687 0.104688 0.028125 0.028125
0 0.175000 0.825000 0.031250 0.031250
0 0.259375 0.089063 0.031250 0.028125
0 0.881250 0.459375 0.031250 0.031250
0 0.259375 0.679688 0.031250 0.028125
0 0.485938 0.796875 0.028125 0.031250
0 0.657813 0.090625 0.028125 0.031250
0 0.823438 0.160938 0.028125 0.028125
0 0.646875 0.634375 0.031250 0.031250
0 0.762500 0.775000 0.031250 0.031250
0 0.503125 0.710938 0.031250 0.028125
0 0.028125 0.220312 0.031250 0.028125
0 0.904687 0.143750 0.028125 0.031250
0 0.795312 0.243750 0.028125 0.031250
0 0.685937 0.076563 0.028125 0.028125
0 0.318750 0.803125 0.031250 0.031250
0 0.370312 0.764062 0.028125 0.028125
0 0.137500 0.323437 0.031250 0.034375
0 0.168750 0.334375 0.031250 0.031250
0 0.206250 0.821875 0.031250 0.031250
0 0.287500 0.800000 0.031250 0.031250
0 0.962500 0.212500 0.031250 0.031250
0 0.768750 0.392188 0.031250 0.028125
0 0.148438 0.593750 0.028125 0.031250
0 0.959375 0.839063 0.031250 0.028125
0 0.854688 0.507812 0.028125 0.028125
0 0.650000 0.806250 0.031250 0.031250
0 0.296875 0.506250 0.031250 0.031250
0 0.575000 0.542188 0.031250 0.028125
0 0.176563 0.648438 0.028125 0.028125
0 0.229687 0.135937 0.028125 0.028125
0 0.085938 0.220312 0.028125 0.028125
0 0.292187 0.735938 0.028125 0.028125
0 0.276562 0.706250 0.028125 0.031250
0 0.760938 0.718750 0.028125 0.031250
0 0.932813 0.062500 0.028125 0.031250
0 0.459375 0.043750 0.031250 0.031250
0 0.859375 0.781250 0.031250 0.031250
0 0.303125 0.831250 0.031250 0.031250
0 0.428125 0.190625 0.031250 0.031250
0 0.459375 0.171875 0.031250 0.031250
0 0.371875 0.059375 0.031250 0.031250
0 0.796875 0.078125 0.031250 0.031250
0 0.087500 0.057813 0.031250 0.028125
0 0.518750 0.510938 0.031250 0.028125
0 0.542188 0.092188 0.028125 0.028125
0 0.935937 0.520312 0.028125 0.028125
0 0.495312 0.187500 0.028125 0.031250
0 0.746875 0.804688 0.031250 0.028125
0 0.226562 0.857812 0.034375 0.034375
0 0.343750 0.106250 0.031250 0.031250
0 0.565625 0.893750 0.031250 0.031250
0 0.426563 0.157812 0.028125 0.028125
0 0.259375 0.120313 0.031250 0.028125
0 0.115625 0.137500 0.031250 0.031250
0 0.132812 0.620313 0.028125 0.028125
0 0.768750 0.359375 0.031250 0.031250
0 0.743750 0.631250 0.031250 0.031250
0 0.842187 0.751563 0.028125 0.028125
0 0.975000 0.865625 0.031250 0.031250
0 0.925000 0.837500 0.031250 0.031250
0 0.225000 0.303125 0.031250 0.031250
0 0.457813 0.075000 0.028125 0.031250
0 0.851562 0.079687 0.028125 0.028125
0 0.306250 0.771875 0.031250 0.031250
0 0.879687 0.192188 0.028125 0.028125
0 0.714063 0.806250 0.028125 0.031250
0 0.968750 0.609375 0.031250 0.031250
0 0.271875 0.765625 0.031250 0.031250
0 0.221875 0.337500 0.031250 0.031250
0 0.485938 0.090625 0.028125 0.031250
0 0.662500 0.837500 0.031250 0.031250
0 0.728125 0.660937 0.031250 0.028125
0 0.404687 0.578125 0.028125 0.031250
0 0.157812 0.792188 0.028125 0.028125
0 0.890625 0.618750 0.031250 0.031250
0 0.826562 0.392188 0.028125 0.028125
0 0.256250 0.793750 0.031250 0.031250
0 0.053125 0.475000 0.031250 0.031250
0 0.401562 0.076563 0.028125 0.028125
0 0.878125 0.867188 0.031250 0.028125
0 0.807813 0.689063 0.028125 0.028125
0 0.932813 0.195312 0.028125 0.028125
0 0.959375 0.178125 0.031250 0.031250
0 0.714063 0.123438 0.028125 0.028125
0 0.956250 0.781250 0.031250 0.031250
0 0.865625 0.604688 0.031250 0.028125
0 0.823438 0.292187 0.028125 0.028125
0 0.253125 0.218750 0.031250 0.031250
0 0.603125 0.326562 0.031250 0.028125
0 0.828125 0.896875 0.031250 0.031250
0 0.739062 0.342187 0.028125 0.028125
0 0.542188 0.126562 0.028125 0.028125
0 0.714063 0.489063 0.028125 0.028125
0 0.087500 0.090625 0.031250 0.031250
0 0.909375 0.807813 0.031250 0.028125
0 0.629687 0.443750 0.028125 0.031250
0 0.456250 0.682813 0.031250 0.028125
0 0.115625 0.168750 0.031250 0.031250
0 0.196875 0.507812 0.031250 0.028125
0 0.631250 0.407813 0.031250 0.028125
0 0.603125 0.125000 0.031250 0.031250
0 0.259375 0.153125 0.031250 0.031250
0 0.893750 0.896875 0.031250 0.031250
0 0.604688 0.189062 0.028125 0.028125
0 0.742188 0.075000 0.028125 0.031250
0 0.687500 0.175000 0.031250 0.031250
0 0.534375 0.892188 0.031250 0.028125
0 0.768750 0.159375 0.031250 0.031250
0 0.118750 0.071875 0.031250 0.031250
0 0.262500 0.564063 0.031250 0.028125
0 0.851562 0.176563 0.028125 0.028125
0 0.875000 0.751563 0.031250 0.028125
0 0.679688 0.865625 0.028125 0.031250
0 0.779687 0.864062 0.028125 0.028125
0 0.659375 0.557813 0.031250 0.028125
0 0.939063 0.750000 0.028125 0.031250
0 0.240625 0.823438 0.031250 0.034375
0 0.259375 0.735938 0.031250 0.028125
0 0.879687 0.356250 0.028125 0.031250
0 0.512500 0.106250 0.031250 0.031250
0 0.604688 0.157812 0.028125 0.028125
0 0.132812 0.504687 0.028125 0.028125
0 0.350000 0.793750 0.031250 0.031250
0 0.315625 0.087500 0.031250 0.031250
0 0.468750 0.892188 0.031250 0.034375
0 0.812500 0.807813 0.031250 0.028125
0 0.260937 0.509375 0.028125 0.031250
0 0.314063 0.121875 0.028125 0.031250
0 0.168750 0.268750 0.031250 0.031250
0 0.085938 0.475000 0.028125 0.031250
0 0.615625 0.865625 0.031250 0.031250
0 0.456250 0.615625 0.031250 0.031250
0 0.632812 0.718750 0.028125 0.031250
0 0.128125 0.859375 0.031250 0.031250
0 0.646875 0.746875 0.031250 0.031250
0 0.370312 0.493750 0.028125 0.031250
0 0.770312 0.492188 0.028125 0.028125
0 0.120313 0.040625 0.028125 0.031250
0 0.729688 0.776563 0.028125 0.028125
0 0.075000 0.329688 0.031250 0.028125
0 0.935937 0.260937 0.028125 0.028125
0 0.210938 0.709375 0.028125 0.031250
0 0.223438 0.232813 0.028125 0.028125
0 0.568750 0.712500 0.031250 0.031250
0 0.548438 0.328125 0.028125 0.031250
0 0.890625 0.587500 0.031250 0.031250
0 0.232813 0.071875 0.028125 0.031250
0 0.226562 0.676562 0.028125 0.028125
0 0.742188 0.542188 0.028125 0.028125
0 0.798438 0.509375 0.028125 0.031250
0 0.334375 0.831250 0.031250 0.031250
0 0.065625 0.559375 0.031250 0.031250
0 0.079687 0.701562 0.028125 0.028125
0 0.728125 0.603125 0.031250 0.031250
0 0.489063 0.562500 0.028125 0.031250
0 0.935937 0.389062 0.028125 0.028125
0 0.568750 0.771875 0.031250 0.031250
0 0.228125 0.168750 0.031250 0.031250
0 0.262500 0.450000 0.031250 0.031250
0 0.315625 0.056250 0.031250 0.031250
0 0.373437 0.121875 0.028125 0.031250
0 0.465625 0.825000 0.031250 0.031250
0 0.685937 0.310937 0.028125 0.028125
0 0.164062 0.506250 0.028125 0.031250
0 0.178125 0.762500 0.031250 0.031250
0 0.168750 0.203125 0.031250 0.031250
0 0.387500 0.681250 0.031250 0.031250
0 0.034375 0.617188 0.031250 0.028125
0 0.604688 0.623437 0.028125 0.028125
0 0.932813 0.129688 0.028125 0.028125
0 0.323437 0.860938 0.028125 0.028125
0 0.518750 0.739062 0.031250 0.028125
0 0.406250 0.653125 0.031250 0.031250
0 0.850000 0.046875 0.031250 0.031250
0 0.162500 0.734375 0.031250 0.031250
0 0.851562 0.143750 0.028125 0.031250
0 0.879687 0.423438 0.028125 0.028125
0 0.615625 0.803125 0.031250 0.031250
0 0.796875 0.109375 0.031250 0.031250
0 0.198437 0.187500 0.028125 0.031250
0 0.657813 0.292187 0.028125 0.028125
0 0.879687 0.260937 0.028125 0.028125
0 0.057813 0.073438 0.028125 0.028125
0 0.959375 0.112500 0.031250 0.031250
0 0.550000 0.290625 0.031250 0.031250
0 0.923438 0.721875 0.028125 0.031250
0 0.325000 0.679688 0.031250 0.028125
0 0.245312 0.648438 0.028125 0.028125
0 0.956250 0.720313 0.031250 0.028125
0 0.584375 0.684375 0.031250 0.031250
0 0.095312 0.731250 0.028125 0.031250
0 0.853125 0.375000 0.031250 0.031250
0 0.696875 0.834375 0.031250 0.031250
0 0.375000 0.651563 0.031250 0.028125
0 0.907813 0.309375 0.028125 0.031250
0 0.145313 0.087500 0.028125 0.031250
0 0.389062 0.737500 0.028125 0.031250
0 0.031250 0.731250 0.031250 0.031250
0 0.521875 0.171875 0.031250 0.031250
0 0.246875 0.423438 0.031250 0.028125
0 0.064062 0.675000 0.028125 0.031250
0 0.257812 0.184375 0.028125 0.031250
0 0.826562 0.326562 0.028125 0.028125
0 0.851562 0.212500 0.028125 0.031250
0 0.796875 0.575000 0.031250 0.031250
0 0.796875 0.142187 0.031250 0.028125
0 0.825000 0.725000 0.031250 0.031250
0 0.768750 0.325000 0.031250 0.031250
0 0.937500 0.323437 0.031250 0.028125
0 0.196875 0.251563 0.031250 0.028125
0 0.243750 0.890625 0.031250 0.031250
0 0.576562 0.607812 0.028125 0.028125
0 0.295312 0.565625 0.028125 0.031250
0 0.964063 0.471875 0.028125 0.031250
0 0.403125 0.765625 0.031250 0.031250
0 0.315625 0.481250 0.031250 0.031250
0 0.796875 0.781250 0.031250 0.031250
0 0.112500 0.235937 0.031250 0.028125
0 0.935937 0.423438 0.028125 0.028125
0 0.632812 0.573438 0.028125 0.028125
0 0.173437 0.135937 0.028125 0.028125
0 0.337500 0.765625 0.031250 0.031250
0 0.282813 0.203125 0.028125 0.031250
0 0.054688 0.414062 0.028125 0.028125
0 0.114062 0.648438 0.028125 0.028125
0 0.968750 0.642188 0.031250 0.028125
0 0.245312 0.593750 0.028125 0.031250
0 0.117188 0.103125 0.028125 0.031250
0 0.882812 0.523438 0.028125 0.028125
0 0.657813 0.157812 0.028125 0.028125
0 0.796875 0.309375 0.031250 0.031250
0 0.110937 0.760938 0.028125 0.028125
0 0.907813 0.440625 0.028125 0.031250
0 0.229687 0.451562 0.028125 0.028125
0 0.057813 0.171875 0.028125 0.031250
0 0.823438 0.228125 0.028125 0.031250
0 0.632812 0.173437 0.028125 0.028125
0 0.176563 0.706250 0.028125 0.031250
0 0.421875 0.740625 0.031250 0.031250
0 0.518750 0.543750 0.031250 0.031250
0 0.603125 0.360938 0.031250 0.028125
0 0.485938 0.156250 0.028125 0.031250
0 0.440625 0.284375 0.031250 0.031250
0 0.070312 0.445312 0.028125 0.028125
0 0.153125 0.360938 0.031250 0.028125
0 0.454688 0.795312 0.028125 0.028125
0 0.259375 0.056250 0.031250 0.031250
0 0.517188 0.862500 0.028125 0.031250
0 0.128125 0.731250 0.031250 0.031250
0 0.373437 0.154688 0.028125 0.028125
0 0.226562 0.201563 0.028125 0.028125
0 0.776563 0.629687 0.028125 0.028125
0 0.228125 0.565625 0.031250 0.031250
0 0.665625 0.775000 0.031250 0.031250
0 0.487500 0.682813 0.031250 0.028125
0 0.096875 0.675000 0.031250 0.031250
0 0.909375 0.539062 0.031250 0.028125
0 0.181250 0.478125 0.031250 0.031250
0 0.714063 0.059375 0.028125 0.031250
0 0.793750 0.896875 0.031250 0.031250
0 0.523438 0.307812 0.028125 0.028125
0 0.175000 0.040625 0.031250 0.031250
0 0.973437 0.809375 0.028125 0.031250
0 0.028125 0.189062 0.031250 0.028125
0 0.245312 0.479687 0.028125 0.028125
0 0.548438 0.856250 0.034375 0.031250
0 0.935937 0.357812 0.028125 0.028125
0 0.365625 0.825000 0.031250 0.031250
0 0.964063 0.439063 0.028125 0.028125
0 0.535937 0.712500 0.028125 0.031250
0 0.415625 0.234375 0.031250 0.031250
0 0.032813 0.675000 0.028125 0.031250
0 0.907813 0.112500 0.028125 0.031250
0 0.114062 0.590625 0.028125 0.031250
0 0.432812 0.564063 0.028125 0.028125
0 0.935937 0.489063 0.028125 0.028125
0 0.714063 0.557813 0.028125 0.028125
0 0.596875 0.834375 0.031250 0.031250
0 0.196875 0.620313 0.031250 0.028125
0 0.490625 0.593750 0.031250 0.031250
0 0.907813 0.243750 0.028125 0.031250
0 0.745313 0.864062 0.028125 0.028125
0 0.665625 0.718750 0.031250 0.031250
0 0.909375 0.504687 0.031250 0.028125
0 0.471875 0.653125 0.031250 0.031250
0 0.532813 0.828125 0.028125 0.031250
0 0.307812 0.706250 0.028125 0.031250
0 0.879687 0.295312 0.028125 0.028125
0 0.571875 0.106250 0.031250 0.031250
0 0.276562 0.482812 0.028125 0.028125
0 0.179688 0.593750 0.028125 0.031250
0 0.398438 0.139063 0.028125 0.028125
0 0.181250 0.534375 0.031250 0.031250
0 0.598437 0.062500 0.028125 0.031250
0 0.550000 0.800000 0.031250 0.031250
0 0.345313 0.470313 0.028125 0.028125
0 0.376563 0.459375 0.028125 0.031250
0 0.631250 0.109375 0.031250 0.031250
0 0.793750 0.837500 0.031250 0.031250
0 0.712500 0.359375 0.031250 0.031250
0 0.423438 0.681250 0.028125 0.031250
0 0.178125 0.890625 0.031250 0.031250
0 0.687500 0.476562 0.031250 0.028125
0 0.615625 0.690625 0.031250 0.031250
0 0.309375 0.220312 0.031250 0.028125
0 0.271875 0.828125 0.031250 0.031250
0 0.325000 0.565625 0.031250 0.031250
0 0.093750 0.792188 0.031250 0.028125
0 0.290625 0.860938 0.031250 0.028125
0 0.431250 0.532813 0.031250 0.028125
0 0.148438 0.534375 0.028125 0.031250
0 0.117188 0.473438 0.028125 0.028125
0 0.284375 0.171875 0.031250 0.031250
0 0.101562 0.503125 0.028125 0.031250
0 0.632812 0.140625 0.028125 0.031250
0 0.598437 0.090625 0.028125 0.031250
0 0.057813 0.356250 0.028125 0.031250
0 0.904687 0.212500 0.028125 0.031250
0 0.143750 0.760938 0.031250 0.028125
0 0.431250 0.834375 0.031250 0.031250
0 0.439063 0.653125 0.028125 0.031250
0 0.485938 0.739062 0.028125 0.028125
0 0.828125 0.837500 0.031250 0.031250
0 0.401562 0.545312 0.028125 0.028125
0 0.209375 0.762500 0.031250 0.031250
0 0.343750 0.537500 0.031250 0.031250
0 0.442188 0.251563 0.028125 0.028125
0 0.500000 0.825000 0.031250 0.031250
0 0.087500 0.121875 0.031250 0.031250
0 0.050000 0.587500 0.031250 0.031250
0 0.853125 0.340625 0.031250 0.031250
0 0.937500 0.693750 0.031250 0.031250
0 0.187500 0.362500 0.031250 0.031250
0 0.940625 0.662500 0.031250 0.031250
0 0.028125 0.256250 0.031250 0.031250
0 0.096875 0.851562 0.031250 0.034375
0 0.682813 0.746875 0.028125 0.031250
0 0.770312 0.260937 0.028125 0.028125
0 0.496875 0.289062 0.031250 0.028125
0 0.534375 0.771875 0.031250 0.031250
0 0.057813 0.237500 0.028125 0.031250
0 0.203125 0.059375 0.031250 0.031250
0 0.892188 0.721875 0.028125 0.031250
0 0.467187 0.304688 0.028125 0.028125
0 0.164062 0.620313 0.028125 0.028125
0 0.276562 0.650000 0.028125 0.031250
0 0.796875 0.046875 0.031250 0.031250
0 0.165625 0.448437 0.031250 0.028125
0 0.687500 0.440625 0.031250 0.031250
0 0.634375 0.775000 0.031250 0.031250
0 0.909375 0.340625 0.031250 0.031250
0 0.823438 0.257812 0.028125 0.028125
0 0.085938 0.253125 0.028125 0.031250
0 0.048438 0.645312 0.028125 0.028125
0 0.768750 0.195312 0.031250 0.028125
0 0.853125 0.407813 0.031250 0.028125
0 0.576562 0.576562 0.028125 0.028125
0 0.712500 0.632812 0.031250 0.028125
0 0.328125 0.621875 0.031250 0.031250
0 0.057813 0.106250 0.028125 0.031250
0 0.489063 0.495312 0.028125 0.028125
0 0.085938 0.284375 0.028125 0.031250
0 0.795312 0.276562 0.028125 0.028125
0 0.503125 0.767188 0.031250 0.028125
0 0.456250 0.139063 0.031250 0.028125
0 0.575000 0.409375 0.031250 0.031250
0 0.357812 0.735938 0.028125 0.028125
0 0.145313 0.648438 0.028125 0.028125
0 0.056250 0.204687 0.031250 0.028125
0 0.854688 0.667188 0.028125 0.028125
0 0.356250 0.859375 0.031250 0.031250
0 0.082812 0.189062 0.028125 0.028125
0 0.515625 0.043750 0.031250 0.031250
0 0.134375 0.446875 0.031250 0.031250
0 0.798438 0.406250 0.028125 0.031250
0 0.340625 0.650000 0.031250 0.031250
0 0.573438 0.310937 0.028125 0.028125
0 0.381250 0.793750 0.031250 0.031250
0 0.437500 0.712500 0.031250 0.031250
0 0.243750 0.707812 0.031250 0.028125
0 0.693750 0.896875 0.031250 0.031250
0 0.932813 0.095312 0.028125 0.028125
0 0.739062 0.376563 0.028125 0.028125
0 0.401562 0.042188 0.028125 0.028125
0 0.289062 0.040625 0.028125 0.031250
0 0.687500 0.276562 0.031250 0.028125
0 0.298438 0.425000 0.028125 0.031250
0 0.523438 0.235937 0.028125 0.028125
0 0.400000 0.479687 0.031250 0.028125
0 0.907813 0.375000 0.028125 0.031250
0 0.823438 0.028125 0.028125 0.031250
0 0.601562 0.557813 0.028125 0.028125
0 0.768750 0.093750 0.031250 0.031250
0 0.437500 0.768750 0.031250 0.031250
0 0.648438 0.689063 0.028125 0.028125
0 0.037500 0.443750 0.031250 0.031250
0 0.601562 0.292187 0.028125 0.028125
0 0.632812 0.343750 0.028125 0.031250
0 0.959375 0.896875 0.031250 0.031250
0 0.195312 0.734375 0.028125 0.031250
0 0.629687 0.309375 0.028125 0.031250
0 0.078125 0.821875 0.031250 0.031250
0 0.223438 0.267188 0.028125 0.028125
0 0.025000 0.298438 0.031250 0.028125
0 0.657813 0.126562 0.028125 0.028125
0 0.728125 0.896875 0.031250 0.031250
0 0.778125 0.746875 0.031250 0.031250
0 0.210938 0.535937 0.028125 0.028125
0 0.853125 0.475000 0.031250 0.031250
0 0.112500 0.704688 0.031250 0.028125
0 0.604688 0.526563 0.028125 0.028125
0 0.628125 0.043750 0.031250 0.031250
0 0.279687 0.235937 0.028125 0.028125
0 0.575000 0.140625 0.031250 0.031250
0 0.760938 0.892188 0.028125 0.028125
0 0.343750 0.073438 0.031250 0.028125
0 0.632812 0.540625 0.028125 0.031250
0 0.862500 0.837500 0.031250 0.031250
0 0.339062 0.506250 0.028125 0.031250
0 0.251563 0.282813 0.028125 0.028125
0 0.739062 0.243750 0.028125 0.031250
0 0.626563 0.078125 0.028125 0.031250
0 0.823438 0.192188 0.028125 0.028125
0 0.942187 0.867188 0.028125 0.028125
0 0.768750 0.226562 0.031250 0.028125
0 0.907813 0.406250 0.028125 0.031250
0 0.345313 0.040625 0.028125 0.031250
0 0.045312 0.701562 0.028125 0.028125
0 0.518750 0.578125 0.031250 0.031250
0 0.632812 0.507812 0.028125 0.028125
0 0.742188 0.307812 0.028125 0.028125
0 0.325000 0.446875 0.031250 0.031250
0 0.057813 0.268750 0.028125 0.031250
0 0.028125 0.121875 0.031250 0.031250
0 0.962500 0.246875 0.031250 0.031250
0 0.142187 0.823438 0.034375 0.034375
0 0.714063 0.457813 0.028125 0.028125
0 0.028125 0.787500 0.031250 0.031250
0 0.698438 0.717187 0.028125 0.028125
0 0.195312 0.285938 0.028125 0.028125
0 0.309375 0.650000 0.031250 0.031250
0 0.617188 0.746875 0.028125 0.031250
0 0.660937 0.457813 0.028125 0.028125
0 0.045312 0.760938 0.028125 0.028125
0 0.743750 0.473438 0.031250 0.028125
0 0.681250 0.689063 0.031250 0.028125
0 0.051562 0.531250 0.028125 0.031250
0 0.767188 0.292187 0.028125 0.028125
0 0.546875 0.526563 0.031250 0.028125
0 0.431250 0.501563 0.031250 0.028125
0 0.598437 0.893750 0.028125 0.031250
0 0.470313 0.235937 0.028125 0.028125
0 0.470313 0.271875 0.028125 0.031250
0 0.139063 0.220312 0.028125 0.028125
0 0.371875 0.528125 0.031250 0.031250
0 0.548438 0.562500 0.028125 0.031250
0 0.443750 0.220312 0.031250 0.028125
0 0.201563 0.089063 0.028125 0.028125
0 0.967187 0.504687 0.028125 0.028125
0 0.500000 0.893750 0.031250 0.031250
0 0.604688 0.592187 0.028125 0.028125
0 0.196875 0.564063 0.031250 0.028125
0 0.878125 0.128125 0.031250 0.031250
0 0.148438 0.056250 0.028125 0.031250
0 0.173437 0.104688 0.028125 0.028125
0 0.118750 0.417187 0.031250 0.028125
0 0.964063 0.340625 0.028125 0.031250
0 0.495312 0.323437 0.028125 0.028125
0 0.228125 0.620313 0.031250 0.028125
0 0.798438 0.542188 0.028125 0.028125
0 0.285938 0.104688 0.028125 0.028125
0 0.660937 0.523438 0.028125 0.028125
0 0.629687 0.276562 0.028125 0.028125
0 0.340625 0.707812 0.031250 0.028125
0 0.826562 0.357812 0.028125 0.028125
0 0.485938 0.125000 0.028125 0.031250
0 0.217188 0.368750 0.028125 0.031250
0 0.028125 0.156250 0.031250 0.031250
0 0.357812 0.620313 0.028125 0.028125
0 0.657813 0.360938 0.028125 0.028125
0 0.356250 0.678125 0.031250 0.031250
0 0.768750 0.425000 0.031250 0.031250
0 0.040625 0.329688 0.031250 0.028125
0 0.259375 0.859375 0.031250 0.031250
0 0.453125 0.739062 0.031250 0.028125
0 0.060937 0.731250 0.028125 0.031250
0 0.523438 0.204687 0.028125 0.028125
0 0.742188 0.407813 0.028125 0.028125
0 0.971875 0.753125 0.031250 0.031250
0 0.307812 0.892188 0.028125 0.028125
0 0.485938 0.059375 0.028125 0.031250
0 0.657813 0.325000 0.028125 0.031250
0 0.276562 0.892188 0.028125 0.028125
0 0.685937 0.509375 0.028125 0.031250
0 0.385937 0.279687 0.028125 0.028125
0 0.403125 0.512500 0.031250 0.031250
0 0.576562 0.342187 0.028125 0.028125
0 0.314063 0.154688 0.028125 0.028125
0 0.659375 0.190625 0.031250 0.031250
0 0.684375 0.376563 0.031250 0.028125
0 0.289062 0.071875 0.028125 0.031250
0 0.112500 0.303125 0.031250 0.031250
0 0.128125 0.676562 0.031250 0.028125
0 0.192188 0.859375 0.034375 0.031250
0 0.503125 0.653125 0.031250 0.031250
0 0.085938 0.532813 0.028125 0.028125
0 0.853125 0.440625 0.031250 0.031250
0 0.460938 0.579688 0.028125 0.028125
0 0.471875 0.712500 0.031250 0.031250
0 0.745313 0.748437 0.028125 0.028125
0 0.550000 0.189062 0.031250 0.028125
0 0.603125 0.775000 0.031250 0.031250
0 0.826562 0.456250 0.028125 0.031250
0 0.821875 0.128125 0.031250 0.031250
0 0.826562 0.779687 0.028125 0.028125
0 0.470313 0.768750 0.028125 0.031250
0 0.198437 0.451562 0.028125 0.028125
0 0.926562 0.898438 0.028125 0.028125
0 0.379688 0.342187 0.028125 0.028125
0 0.584375 0.803125 0.031250 0.031250
0 0.046875 0.829688 0.031250 0.034375
0 0.376563 0.595313 0.028125 0.028125
0 0.714063 0.425000 0.028125 0.031250
0 0.221875 0.792188 0.031250 0.028125
0 0.279687 0.592187 0.028125 0.028125
0 0.057813 0.300000 0.028125 0.031250
0 0.906250 0.176563 0.031250 0.028125
0 0.164062 0.564063 0.028125 0.028125
0 0.310937 0.593750 0.028125 0.031250
0 0.546875 0.392188 0.031250 0.028125
0 0.170313 0.168750 0.028125 0.031250
0 0.276562 0.342187 0.028125 0.028125
0 0.946875 0.587500 0.031250 0.031250
0 0.315625 0.025000 0.031250 0.031250
0 0.682813 0.043750 0.028125 0.031250
0 0.687500 0.407813 0.031250 0.028125
0 0.270313 0.406250 0.028125 0.031250
0 0.262500 0.620313 0.031250 0.028125
0 0.343750 0.593750 0.031250 0.031250
0 0.681250 0.634375 0.031250 0.031250
0 0.629687 0.376563 0.028125 0.028125
0 0.304688 0.360938 0.028125 0.028125
0 0.839063 0.695312 0.028125 0.028125
0 0.576562 0.509375 0.028125 0.031250
0 0.795312 0.210938 0.028125 0.028125
0 0.201563 0.393750 0.028125 0.031250
0 0.357812 0.292187 0.028125 0.028125
0 0.035937 0.557813 0.028125 0.028125
0 0.868750 0.640625 0.031250 0.031250
0 0.035937 0.501563 0.028125 0.028125
0 0.770312 0.459375 0.028125 0.031250
0 0.496875 0.256250 0.031250 0.031250
0 0.603125 0.460938 0.031250 0.028125
0 0.212500 0.592187 0.031250 0.028125
0 0.132812 0.560937 0.028125 0.028125
0 0.087500 0.415625 0.031250 0.031250
0 0.714063 0.692187 0.028125 0.028125
0 0.182812 0.420312 0.028125 0.028125
0 0.545312 0.360938 0.028125 0.028125
0 0.696875 0.660937 0.031250 0.028125
0 0.410938 0.329688 0.028125 0.028125
0 0.542188 0.026562 0.028125 0.028125
0 0.809375 0.753125 0.031250 0.031250
0 0.518750 0.610938 0.031250 0.028125
0 0.406250 0.709375 0.031250 0.031250
0 0.740625 0.043750 0.031250 0.031250
0 0.082812 0.587500 0.028125 0.031250
0 0.331250 0.379688 0.031250 0.028125
0 0.964063 0.403125 0.028125 0.031250
0 0.648438 0.865625 0.028125 0.031250
0 0.696875 0.604688 0.031250 0.028125
0 0.659375 0.392188 0.031250 0.028125
0 0.231250 0.040625 0.031250 0.031250
0 0.459375 0.479687 0.031250 0.028125
0 0.198437 0.217188 0.028125 0.028125
0 0.112500 0.268750 0.031250 0.031250
0 0.798438 0.440625 0.028125 0.031250
0 0.656250 0.028125 0.031250 0.031250
0 0.714063 0.192188 0.028125 0.028125
0 0.495312 0.217188 0.028125 0.028125
0 0.062500 0.859375 0.031250 0.031250
0 0.739062 0.276562 0.028125 0.028125
0 0.878125 0.028125 0.031250 0.031250
0 0.031250 0.859375 0.031250 0.031250
0 0.660937 0.492188 0.028125 0.028125
0 0.214062 0.650000 0.028125 0.031250
0 0.143750 0.704688 0.031250 0.028125
0 0.120313 0.357812 0.028125 0.028125
0 0.168750 0.234375 0.031250 0.031250
0 0.431250 0.470313 0.031250 0.028125
0 0.551562 0.682813 0.028125 0.028125
0 0.604688 0.393750 0.028125 0.031250
0 0.300000 0.393750 0.031250 0.031250
0 0.523438 0.478125 0.028125 0.031250
0 0.400000 0.107813 0.031250 0.028125
0 0.226562 0.735938 0.028125 0.028125
0 0.687500 0.207813 0.031250 0.028125
0 0.485938 0.026562 0.028125 0.028125
0 0.959375 0.050000 0.031250 0.031250
0 0.371875 0.707812 0.031250 0.028125
0 0.570312 0.076563 0.028125 0.028125
0 0.946875 0.553125 0.031250 0.031250
0 0.296875 0.456250 0.031250 0.031250
0 0.729688 0.717187 0.028125 0.028125
0 0.112500 0.890625 0.031250 0.031250
0 0.079687 0.887500 0.034375 0.031250
0 0.106250 0.334375 0.031250 0.031250
0 0.768750 0.059375 0.031250 0.031250
0 0.250000 0.323437 0.031250 0.028125
0 0.396875 0.831250 0.031250 0.031250
0 0.714063 0.392188 0.028125 0.028125
0 0.742188 0.210938 0.028125 0.028125
0 0.525000 0.270313 0.031250 0.028125
0 0.698438 0.775000 0.028125 0.031250
0 0.059375 0.043750 0.031250 0.031250
0 0.259375 0.025000 0.031250 0.031250
0 0.657813 0.260937 0.028125 0.028125
0 0.742188 0.573438 0.028125 0.028125
0 0.520312 0.345313 0.028125 0.028125
0 0.384375 0.423438 0.031250 0.028125
0 0.101562 0.445312 0.028125 0.028125
0 0.196875 0.315625 0.031250 0.031250
0 0.404687 0.362500 0.028125 0.031250
0 0.020313 0.412500 0.028125 0.031250
0 0.434375 0.892188 0.031250 0.034375
0 0.714063 0.326562 0.028125 0.028125
0 0.039062 0.385937 0.028125 0.028125
0 0.410938 0.298438 0.028125 0.028125
0 0.518750 0.798438 0.031250 0.028125
0 0.578125 0.173437 0.031250 0.028125
0 0.390625 0.862500 0.031250 0.031250
0 0.245312 0.535937 0.028125 0.028125
0 0.632812 0.206250 0.028125 0.031250
0 0.067187 0.501563 0.028125 0.028125
0 0.031250 0.090625 0.031250 0.031250
0 0.354687 0.435937 0.028125 0.028125
0 0.964063 0.309375 0.028125 0.031250
0 0.826562 0.060937 0.028125 0.028125
0 0.959375 0.146875 0.031250 0.031250
0 0.148438 0.476562 0.028125 0.028125
0 0.307812 0.251563 0.028125 0.028125
0 0.115625 0.534375 0.031250 0.031250
0 0.550000 0.221875 0.031250 0.031250
0 0.460938 0.545312 0.028125 0.028125
0 0.714063 0.292187 0.028125 0.028125
0 0.382812 0.310937 0.028125 0.028125
0 0.145313 0.023438 0.028125 0.028125
0 0.965625 0.679688 0.031250 0.028125
0 0.631250 0.606250 0.031250 0.031250
0 0.973437 0.571875 0.028125 0.031250
0 0.518750 0.681250 0.031250 0.031250
0 0.631250 0.893750 0.031250 0.031250
0 0.714063 0.157812 0.028125 0.028125
0 0.325000 0.337500 0.031250 0.031250
0 0.571875 0.043750 0.031250 0.031250
0 0.920312 0.598437 0.028125 0.028125
0 0.760938 0.660937 0.028125 0.028125
0 0.342187 0.170313 0.028125 0.028125
0 0.273438 0.373437 0.028125 0.028125
0 0.089063 0.357812 0.028125 0.028125
0 0.018750 0.587500 0.031250 0.031250
0 0.145313 0.890625 0.034375 0.031250
0 0.893750 0.839063 0.031250 0.028125
0 0.962500 0.278125 0.031250 0.031250
0 0.964063 0.371875 0.028125 0.031250
0 0.031250 0.057813 0.031250 0.028125
0 0.275000 0.301563 0.031250 0.028125
0 0.767188 0.028125 0.028125 0.031250
0 0.432812 0.595313 0.028125 0.028125
0 0.046875 0.887500 0.031250 0.031250
0 0.882812 0.489063 0.028125 0.028125
0 0.204687 0.025000 0.028125 0.031250
0 0.960938 0.081250 0.028125 0.031250
0 0.567187 0.650000 0.028125 0.031250
0 0.585938 0.745313 0.028125 0.028125
0 0.089063 0.026562 0.034375 0.034375
0 0.376563 0.373437 0.028125 0.028125
0 0.359375 0.260937 0.031250 0.028125
0 0.712500 0.026562 0.031250 0.028125
0 0.151562 0.420312 0.028125 0.028125
0 0.632812 0.476562 0.028125 0.028125
0 0.775000 0.687500 0.031250 0.031250
0 0.328125 0.412500 0.031250 0.031250
0 0.717187 0.523438 0.028125 0.028125
0 0.300000 0.318750 0.031250 0.031250
0 0.018750 0.531250 0.031250 0.031250
0 0.351562 0.354687 0.028125 0.028125
0 0.935937 0.226562 0.028125 0.028125
0 0.662500 0.893750 0.031250 0.031250
0 0.665625 0.660937 0.031250 0.028125
0 0.489063 0.625000 0.028125 0.031250
0 0.229687 0.507812 0.028125 0.028125
0 0.603125 0.426563 0.031250 0.028125
0 0.139063 0.251563 0.028125 0.028125
0 0.518750 0.442188 0.031250 0.028125
0 0.142187 0.284375 0.028125 0.031250
0 0.460938 0.512500 0.028125 0.031250
0 0.576562 0.376563 0.028125 0.028125
0 0.935937 0.454688 0.028125 0.028125
0 0.657813 0.425000 0.028125 0.031250
0 0.212500 0.479687 0.031250 0.028125
0 0.175000 0.071875 0.031250 0.031250
0 0.387500 0.246875 0.031250 0.031250
0 0.548438 0.495312 0.028125 0.028125
0 0.517188 0.376563 0.028125 0.028125
0 0.245312 0.385937 0.028125 0.028125
0 0.565625 0.829688 0.031250 0.028125
0 0.882812 0.554688 0.028125 0.028125
0 0.357812 0.323437 0.028125 0.028125
0 0.798438 0.473438 0.028125 0.028125
0 0.421875 0.626563 0.031250 0.028125
0 0.371875 0.026562 0.031250 0.034375
0 0.110937 0.823438 0.028125 0.028125
0 0.071875 0.385937 0.031250 0.028125
0 0.632812 0.242188 0.028125 0.028125
0 0.337500 0.237500 0.031250 0.031250
0 0.546875 0.593750 0.031250 0.031250
0 0.339062 0.204687 0.028125 0.028125
0 0.371875 0.892188 0.031250 0.028125
0 0.018750 0.475000 0.031250 0.031250
0 0.932813 0.029687 0.028125 0.028125
0 0.217188 0.423438 0.028125 0.028125
0 0.598437 0.717187 0.028125 0.028125
0 0.714063 0.745313 0.028125 0.028125
0 0.407813 0.446875 0.028125 0.031250
0 0.428125 0.028125 0.031250 0.031250
0 0.745313 0.685937 0.028125 0.028125
0 0.685937 0.539062 0.028125 0.028125
0 0.492188 0.464062 0.028125 0.028125
0 0.339062 0.892188 0.028125 0.028125
0 0.414062 0.267188 0.028125 0.028125
0 0.170313 0.392188 0.028125 0.028125
0 0.742188 0.440625 0.028125 0.031250
0 0.468750 0.446875 0.031250 0.031250
0 0.550000 0.254688 0.031250 0.028125
0 0.400000 0.175000 0.031250 0.031250
0 0.390625 0.621875 0.031250 0.031250
0 0.279687 0.267188 0.028125 0.028125
0 0.576562 0.206250 0.028125 0.031250
0 0.098437 0.560937 0.028125 0.028125
0 0.598437 0.026562 0.028125 0.028125
0 0.135937 0.389062 0.028125 0.028125
0 0.910937 0.868750 0.028125 0.031250
0 0.103125 0.389062 0.031250 0.028125
0 0.657813 0.225000 0.028125 0.031250
0 0.604688 0.493750 0.028125 0.025000
0 0.403125 0.893750 0.031250 0.031250
0 0.023438 0.357812 0.028125 0.028125
0 0.631250 0.662500 0.031250 0.031250
0 0.600000 0.656250 0.031250 0.031250
0 0.973437 0.539062 0.028125 0.028125
0 0.018750 0.646875 0.031250 0.031250
0 0.489063 0.357812 0.028125 0.028125
0 0.575000 0.275000 0.031250 0.031250
0 0.546875 0.428125 0.031250 0.031250
0 0.031250 0.026562 0.031250 0.034375
0 0.248438 0.357812 0.028125 0.028125
0 0.398438 0.395313 0.028125 0.028125
0 0.357812 0.400000 0.028125 0.031250
0 0.906250 0.014063 0.031250 0.028125
0 0.535937 0.653125 0.028125 0.031250
0 0.331250 0.273438 0.025000 0.028125
0 0.014063 0.701562 0.028125 0.028125
0 0.548438 0.623437 0.028125 0.028125
0 0.792188 0.604688 0.028125 0.028125
0 0.014063 0.760938 0.028125 0.028125
0 0.962500 0.017188 0.031250 0.034375
0 0.437500 0.440625 0.031250 0.031250
0 0.467187 0.337500 0.028125 0.025000
0 0.714063 0.260937 0.028125 0.028125
0 0.425000 0.412500 0.031250 0.031250
0 0.576562 0.479687 0.028125 0.028125
