0 0.256250 0.912500 0.031250 0.031250
0 0.103125 0.709375 0.031250 0.031250
0 0.168750 0.650000 0.031250 0.031250
0 0.643750 0.423438 0.031250 0.034375
0 0.407813 0.362500 0.034375 0.031250
0 0.237500 0.653125 0.031250 0.031250
0 0.681250 0.762500 0.031250 0.031250
0 0.831250 0.357812 0.031250 0.034375
0 0.720313 0.584375 0.034375 0.031250
0 0.746875 0.379688 0.031250 0.034375
0 0.559375 0.390625 0.031250 0.031250
0 0.834375 0.793750 0.037500 0.037500
0 0.206250 0.881250 0.031250 0.031250
0 0.137500 0.881250 0.031250 0.031250
0 0.846875 0.943750 0.031250 0.031250
0 0.528125 0.912500 0.031250 0.031250
0 0.085938 0.851562 0.028125 0.028125
0 0.918750 0.825000 0.031250 0.031250
0 0.100000 0.356250 0.037500 0.037500
0 0.153125 0.793750 0.031250 0.031250
0 0.765625 0.912500 0.031250 0.031250
0 0.153125 0.737500 0.031250 0.031250
0 0.968750 0.856250 0.031250 0.031250
0 0.631250 0.912500 0.031250 0.031250
0 0.173437 0.939063 0.028125 0.028125
0 0.343750 0.940625 0.031250 0.031250
0 0.053125 0.850000 0.031250 0.031250
0 0.071875 0.650000 0.031250 0.031250
0 0.843750 0.501563 0.031250 0.028125
0 0.120313 0.793750 0.028125 0.031250
0 0.778125 0.940625 0.031250 0.031250
0 0.746875 0.940625 0.031250 0.031250
0 0.909375 0.559375 0.031250 0.031250
0 0.171875 0.823438 0.031250 0.028125
0 0.493750 0.912500 0.031250 0.031250
0 0.800000 0.734375 0.031250 0.031250
0 0.546875 0.940625 0.031250 0.031250
0 0.937500 0.793750 0.031250 0.031250
0 0.120313 0.853125 0.028125 0.031250
0 0.103125 0.593750 0.031250 0.031250
0 0.782813 0.765625 0.034375 0.031250
0 0.104688 0.881250 0.028125 0.031250
0 0.662500 0.912500 0.031250 0.031250
0 0.853125 0.762500 0.031250 0.031250
0 0.070312 0.879687 0.028125 0.028125
0 0.593750 0.912500 0.031250 0.031250
0 0.860938 0.531250 0.028125 0.031250
0 0.678125 0.940625 0.031250 0.031250
0 0.034375 0.821875 0.031250 0.031250
0 0.746875 0.825000 0.031250 0.031250
0 0.712500 0.940625 0.031250 0.031250
0 0.189062 0.909375 0.028125 0.031250
0 0.037500 0.765625 0.031250 0.031250
0 0.070312 0.765625 0.028125 0.031250
0 0.256250 0.793750 0.031250 0.031250
0 0.340625 0.881250 0.031250 0.031250
0 0.459375 0.912500 0.031250 0.031250
0 0.579688 0.940625 0.028125 0.031250
0 0.912500 0.446875 0.031250 0.031250
0 0.054688 0.679688 0.028125 0.028125
0 0.834375 0.734375 0.031250 0.031250
0 0.204687 0.418750 0.028125 0.031250
0 0.443750 0.940625 0.031250 0.031250
0 0.850000 0.828125 0.031250 0.031250
0 0.375000 0.881250 0.031250 0.031250
0 0.881250 0.943750 0.031250 0.031250
0 0.376563 0.940625 0.028125 0.031250
0 0.762500 0.971875 0.031250 0.031250
0 0.814063 0.940625 0.028125 0.031250
0 0.104688 0.650000 0.028125 0.031250
0 0.562500 0.912500 0.031250 0.031250
0 0.325000 0.912500 0.031250 0.031250
0 0.290625 0.853125 0.031250 0.031250
0 0.068750 0.821875 0.031250 0.031250
0 0.053125 0.737500 0.031250 0.031250
0 0.221875 0.737500 0.031250 0.031250
0 0.103125 0.823438 0.031250 0.028125
0 0.156250 0.909375 0.031250 0.031250
0 0.037500 0.709375 0.031250 0.031250
0 0.612500 0.943750 0.031250 0.031250
0 0.171875 0.537500 0.031250 0.031250
0 0.190625 0.968750 0.031250 0.031250
0 0.950000 0.884375 0.031250 0.031250
0 0.887500 0.825000 0.031250 0.031250
0 0.562500 0.971875 0.031250 0.031250
0 0.932813 0.912500 0.034375 0.031250
0 0.815625 0.762500 0.031250 0.031250
0 0.137500 0.709375 0.031250 0.031250
0 0.596875 0.971875 0.031250 0.031250
0 0.204687 0.593750 0.028125 0.031250
0 0.878125 0.503125 0.031250 0.031250
0 0.765625 0.793750 0.031250 0.031250
0 0.153125 0.853125 0.031250 0.031250
0 0.271875 0.765625 0.031250 0.031250
0 0.325000 0.970313 0.031250 0.034375
0 0.240625 0.823438 0.031250 0.034375
0 0.729688 0.912500 0.028125 0.031250
0 0.765625 0.853125 0.031250 0.031250
0 0.256250 0.854688 0.031250 0.028125
0 0.189062 0.507812 0.028125 0.028125
0 0.204687 0.709375 0.028125 0.031250
0 0.307812 0.881250 0.028125 0.031250
0 0.221875 0.506250 0.031250 0.031250
0 0.596875 0.854688 0.031250 0.028125
0 0.171875 0.881250 0.031250 0.031250
0 0.053125 0.793750 0.031250 0.031250
0 0.087500 0.679688 0.031250 0.028125
0 0.562500 0.856250 0.031250 0.031250
0 0.356250 0.856250 0.031250 0.031250
0 0.287500 0.737500 0.031250 0.031250
0 0.171875 0.593750 0.031250 0.031250
0 0.359375 0.912500 0.031250 0.031250
0 0.921875 0.765625 0.031250 0.031250
0 0.595313 0.735938 0.028125 0.028125
0 0.053125 0.396875 0.031250 0.031250
0 0.796875 0.971875 0.031250 0.031250
0 0.106250 0.418750 0.031250 0.031250
0 0.206250 0.825000 0.031250 0.031250
0 0.271875 0.709375 0.031250 0.031250
0 0.103125 0.764062 0.031250 0.028125
0 0.065625 0.539062 0.031250 0.034375
0 0.876563 0.559375 0.028125 0.031250
0 0.070312 0.593750 0.028125 0.031250
0 0.796875 0.412500 0.031250 0.031250
0 0.459375 0.450000 0.031250 0.031250
0 0.137500 0.939063 0.031250 0.028125
0 0.271875 0.593750 0.031250 0.031250
0 0.121875 0.909375 0.031250 0.031250
0 0.256250 0.392188 0.031250 0.028125
0 0.237500 0.478125 0.031250 0.031250
0 0.512500 0.943750 0.031250 0.031250
0 0.153125 0.564063 0.031250 0.028125
0 0.085938 0.793750 0.028125 0.031250
0 0.828125 0.471875 0.031250 0.031250
0 0.887500 0.765625 0.031250 0.031250
0 0.953125 0.825000 0.031250 0.031250
0 0.156250 0.506250 0.031250 0.031250
0 0.256250 0.506250 0.031250 0.031250
0 0.696875 0.912500 0.031250 0.031250
0 0.237500 0.765625 0.031250 0.031250
0 0.050000 0.565625 0.031250 0.031250
0 0.271875 0.418750 0.031250 0.031250
0 0.409375 0.940625 0.031250 0.031250
0 0.104688 0.537500 0.028125 0.031250
0 0.890625 0.590625 0.031250 0.031250
0 0.321875 0.679688 0.031250 0.028125
0 0.896875 0.475000 0.031250 0.031250
0 0.950000 0.943750 0.031250 0.031250
0 0.425000 0.912500 0.031250 0.031250
0 0.612500 0.884375 0.031250 0.031250
0 0.354687 0.679688 0.028125 0.028125
0 0.862500 0.475000 0.031250 0.031250
0 0.903125 0.792188 0.031250 0.028125
0 0.826562 0.528125 0.028125 0.031250
0 0.759375 0.304688 0.037500 0.034375
0 0.731250 0.793750 0.031250 0.031250
0 0.968750 0.796875 0.031250 0.031250
0 0.220312 0.564063 0.028125 0.028125
0 0.287500 0.793750 0.031250 0.031250
0 0.371875 0.478125 0.031250 0.031250
0 0.750000 0.762500 0.031250 0.031250
0 0.156250 0.450000 0.031250 0.031250
0 0.440625 0.534375 0.031250 0.031250
0 0.090625 0.506250 0.031250 0.031250
0 0.137500 0.534375 0.031250 0.031250
0 0.256250 0.737500 0.031250 0.031250
0 0.714063 0.884375 0.028125 0.031250
0 0.168750 0.418750 0.031250 0.031250
0 0.965625 0.418750 0.031250 0.031250
0 0.120313 0.621875 0.028125 0.031250
0 0.240625 0.881250 0.031250 0.031250
0 0.731250 0.856250 0.031250 0.031250
0 0.612500 0.765625 0.031250 0.031250
0 0.831250 0.415625 0.031250 0.031250
0 0.767188 0.734375 0.034375 0.031250
0 0.187500 0.390625 0.031250 0.031250
0 0.237500 0.362500 0.031250 0.031250
0 0.593750 0.623437 0.031250 0.034375
0 0.237500 0.593750 0.031250 0.031250
0 0.943750 0.506250 0.031250 0.031250
0 0.943750 0.620313 0.031250 0.028125
0 0.714063 0.823438 0.028125 0.028125
0 0.287500 0.678125 0.031250 0.031250
0 0.409375 0.884375 0.031250 0.031250
0 0.187500 0.793750 0.031250 0.031250
0 0.731250 0.971875 0.031250 0.031250
0 0.371875 0.418750 0.031250 0.031250
0 0.646875 0.881250 0.031250 0.031250
0 0.054688 0.909375 0.028125 0.031250
0 0.360938 0.970313 0.028125 0.028125
0 0.225000 0.968750 0.031250 0.031250
0 0.209375 0.939063 0.031250 0.028125
0 0.339062 0.767188 0.028125 0.028125
0 0.137500 0.767188 0.031250 0.028125
0 0.934375 0.418750 0.031250 0.031250
0 0.392188 0.912500 0.028125 0.031250
0 0.510938 0.884375 0.028125 0.031250
0 0.035937 0.596875 0.028125 0.031250
0 0.746875 0.881250 0.031250 0.031250
0 0.189062 0.853125 0.028125 0.031250
0 0.781250 0.821875 0.031250 0.031250
0 0.321875 0.737500 0.031250 0.031250
0 0.037500 0.881250 0.031250 0.031250
0 0.204687 0.534375 0.028125 0.031250
0 0.509375 0.476562 0.031250 0.028125
0 0.171875 0.765625 0.031250 0.031250
0 0.840625 0.559375 0.031250 0.031250
0 0.846875 0.443750 0.031250 0.031250
0 0.392188 0.854688 0.028125 0.028125
0 0.271875 0.537500 0.031250 0.031250
0 0.237500 0.537500 0.031250 0.031250
0 0.390625 0.506250 0.031250 0.031250
0 0.120313 0.564063 0.028125 0.028125
0 0.323437 0.854688 0.028125 0.028125
0 0.546875 0.884375 0.031250 0.031250
0 0.237500 0.709375 0.031250 0.031250
0 0.831250 0.914062 0.031250 0.034375
0 0.590625 0.506250 0.031250 0.031250
0 0.137500 0.593750 0.031250 0.031250
0 0.171875 0.478125 0.031250 0.031250
0 0.287500 0.506250 0.031250 0.031250
0 0.371875 0.709375 0.031250 0.031250
0 0.475000 0.418750 0.031250 0.031250
0 0.925000 0.589063 0.031250 0.028125
0 0.631250 0.334375 0.031250 0.031250
0 0.135937 0.823438 0.028125 0.028125
0 0.868750 0.793750 0.031250 0.031250
0 0.106250 0.478125 0.031250 0.031250
0 0.120313 0.737500 0.028125 0.031250
0 0.478125 0.940625 0.031250 0.031250
0 0.490625 0.506250 0.031250 0.031250
0 0.809375 0.500000 0.031250 0.031250
0 0.287500 0.448437 0.031250 0.028125
0 0.137500 0.418750 0.031250 0.031250
0 0.646875 0.943750 0.031250 0.031250
0 0.271875 0.478125 0.031250 0.031250
0 0.689063 0.306250 0.040625 0.037500
0 0.337500 0.707812 0.031250 0.028125
0 0.895312 0.532813 0.028125 0.028125
0 0.681250 0.368750 0.031250 0.031250
0 0.915625 0.940625 0.031250 0.031250
0 0.307812 0.940625 0.028125 0.031250
0 0.340625 0.825000 0.031250 0.031250
0 0.859375 0.590625 0.031250 0.031250
0 0.928125 0.532813 0.031250 0.028125
0 0.204687 0.478125 0.028125 0.031250
0 0.557813 0.504687 0.028125 0.028125
0 0.021875 0.678125 0.031250 0.031250
0 0.953125 0.765625 0.031250 0.031250
0 0.796875 0.912500 0.031250 0.031250
0 0.256250 0.334375 0.031250 0.031250
0 0.306250 0.478125 0.031250 0.031250
0 0.595313 0.392188 0.028125 0.028125
0 0.528125 0.971875 0.031250 0.031250
0 0.321875 0.448437 0.031250 0.028125
0 0.428125 0.968750 0.031250 0.031250
0 0.087500 0.392188 0.031250 0.028125
0 0.526563 0.448437 0.028125 0.028125
0 0.059375 0.506250 0.031250 0.031250
0 0.271875 0.823438 0.031250 0.028125
0 0.120313 0.679688 0.028125 0.028125
0 0.256250 0.450000 0.031250 0.031250
0 0.204687 0.362500 0.028125 0.031250
0 0.087500 0.621875 0.031250 0.031250
0 0.718750 0.765625 0.031250 0.031250
0 0.934375 0.360938 0.031250 0.028125
0 0.187500 0.564063 0.031250 0.028125
0 0.781250 0.884375 0.031250 0.031250
0 0.678125 0.884375 0.031250 0.031250
0 0.865625 0.912500 0.031250 0.031250
0 0.882812 0.387500 0.028125 0.031250
0 0.828125 0.971875 0.031250 0.031250
0 0.168750 0.709375 0.031250 0.031250
0 0.646875 0.365625 0.031250 0.031250
0 0.221875 0.854688 0.031250 0.028125
0 0.034375 0.425000 0.031250 0.031250
0 0.153125 0.390625 0.031250 0.031250
0 0.709375 0.431250 0.031250 0.031250
0 0.423438 0.506250 0.028125 0.031250
0 0.579688 0.881250 0.028125 0.031250
0 0.292187 0.912500 0.028125 0.031250
0 0.221875 0.793750 0.031250 0.031250
0 0.271875 0.362500 0.031250 0.031250
0 0.596875 0.334375 0.031250 0.031250
0 0.240625 0.421875 0.031250 0.031250
0 0.321875 0.796875 0.031250 0.031250
0 0.968750 0.912500 0.031250 0.031250
0 0.293750 0.968750 0.031250 0.031250
0 0.731250 0.734375 0.031250 0.031250
0 0.168750 0.359375 0.031250 0.031250
0 0.121875 0.506250 0.031250 0.031250
0 0.203125 0.765625 0.031250 0.031250
0 0.087500 0.565625 0.031250 0.031250
0 0.945312 0.562500 0.028125 0.031250
0 0.356250 0.390625 0.031250 0.031250
0 0.390625 0.446875 0.031250 0.031250
0 0.643750 0.581250 0.043750 0.043750
0 0.870313 0.735938 0.028125 0.028125
0 0.807813 0.557813 0.028125 0.028125
0 0.339062 0.418750 0.028125 0.031250
0 0.812500 0.443750 0.031250 0.031250
0 0.440625 0.418750 0.031250 0.031250
0 0.443750 0.884375 0.031250 0.031250
0 0.578125 0.709375 0.031250 0.031250
0 0.040625 0.651563 0.031250 0.028125
0 0.393750 0.970313 0.031250 0.028125
0 0.156250 0.968750 0.031250 0.031250
0 0.056250 0.450000 0.031250 0.031250
0 0.853125 0.706250 0.031250 0.031250
0 0.271875 0.650000 0.031250 0.031250
0 0.917188 0.329688 0.028125 0.028125
0 0.901563 0.360938 0.028125 0.028125
0 0.187500 0.448437 0.031250 0.028125
0 0.306250 0.825000 0.031250 0.031250
0 0.460938 0.970313 0.034375 0.034375
0 0.459375 0.334375 0.031250 0.031250
0 0.701562 0.342187 0.034375 0.034375
0 0.959375 0.590625 0.031250 0.031250
0 0.951562 0.390625 0.028125 0.031250
0 0.814063 0.825000 0.034375 0.031250
0 0.025000 0.543750 0.031250 0.031250
0 0.287500 0.334375 0.031250 0.031250
0 0.220312 0.448437 0.028125 0.028125
0 0.125000 0.968750 0.031250 0.031250
0 0.775000 0.500000 0.031250 0.031250
0 0.287500 0.390625 0.031250 0.031250
0 0.631250 0.735938 0.031250 0.028125
0 0.595313 0.796875 0.028125 0.031250
0 0.425000 0.446875 0.031250 0.031250
0 0.306250 0.418750 0.031250 0.031250
0 0.304688 0.707812 0.028125 0.028125
0 0.356250 0.796875 0.031250 0.031250
0 0.221875 0.392188 0.031250 0.028125
0 0.792188 0.528125 0.028125 0.031250
0 0.275000 0.940625 0.031250 0.031250
0 0.339062 0.478125 0.028125 0.031250
0 0.912500 0.506250 0.031250 0.031250
0 0.071875 0.423438 0.031250 0.028125
0 0.898438 0.417187 0.028125 0.028125
0 0.121875 0.448437 0.031250 0.028125
0 0.189062 0.737500 0.028125 0.031250
0 0.562500 0.737500 0.031250 0.031250
0 0.698438 0.854688 0.028125 0.028125
0 0.140625 0.478125 0.031250 0.031250
0 0.073438 0.478125 0.028125 0.031250
0 0.578125 0.421875 0.031250 0.031250
0 0.542188 0.478125 0.028125 0.031250
0 0.573438 0.478125 0.028125 0.031250
0 0.934375 0.853125 0.031250 0.031250
0 0.289062 0.564063 0.028125 0.028125
0 0.793750 0.470313 0.031250 0.028125
0 0.798438 0.793750 0.034375 0.031250
0 0.443750 0.359375 0.031250 0.031250
0 0.879687 0.445312 0.028125 0.028125
0 0.510938 0.362500 0.028125 0.031250
0 0.242188 0.940625 0.028125 0.031250
0 0.631250 0.971875 0.031250 0.031250
0 0.042188 0.479687 0.028125 0.028125
0 0.968750 0.359375 0.031250 0.031250
0 0.662500 0.971875 0.031250 0.031250
0 0.492188 0.446875 0.028125 0.031250
0 0.493750 0.390625 0.031250 0.031250
0 0.915625 0.387500 0.031250 0.031250
0 0.256250 0.564063 0.031250 0.028125
0 0.864062 0.417187 0.028125 0.028125
0 0.440625 0.478125 0.031250 0.031250
0 0.906250 0.618750 0.031250 0.031250
0 0.407813 0.478125 0.028125 0.031250
0 0.221875 0.909375 0.031250 0.031250
0 0.668750 0.337500 0.031250 0.031250
0 0.256250 0.681250 0.031250 0.031250
0 0.089063 0.448437 0.028125 0.028125
0 0.087500 0.909375 0.031250 0.031250
0 0.459375 0.390625 0.031250 0.031250
0 0.509375 0.418750 0.031250 0.031250
0 0.354687 0.334375 0.028125 0.031250
0 0.562500 0.332813 0.031250 0.034375
0 0.306250 0.767188 0.031250 0.028125
0 0.818750 0.706250 0.031250 0.031250
0 0.475000 0.360938 0.031250 0.028125
0 0.848437 0.387500 0.028125 0.031250
0 0.273438 0.882812 0.028125 0.028125
0 0.356250 0.737500 0.031250 0.031250
0 0.287500 0.621875 0.031250 0.031250
0 0.473438 0.475000 0.028125 0.031250
0 0.120313 0.390625 0.028125 0.031250
0 0.425000 0.853125 0.031250 0.031250
0 0.407813 0.418750 0.028125 0.031250
0 0.273438 0.304688 0.034375 0.034375
0 0.959375 0.650000 0.031250 0.031250
0 0.493750 0.334375 0.031250 0.031250
0 0.056250 0.621875 0.031250 0.031250
0 0.528125 0.856250 0.031250 0.031250
0 0.339062 0.362500 0.028125 0.031250
0 0.406250 0.534375 0.031250 0.031250
0 0.696875 0.971875 0.031250 0.031250
0 0.070312 0.707812 0.028125 0.028125
0 0.021875 0.453125 0.031250 0.031250
0 0.307812 0.362500 0.028125 0.031250
0 0.525000 0.504687 0.031250 0.028125
0 0.303125 0.650000 0.031250 0.031250
0 0.975000 0.621875 0.031250 0.031250
0 0.493750 0.971875 0.031250 0.031250
0 0.898438 0.914062 0.034375 0.034375
0 0.696875 0.400000 0.031250 0.031250
0 0.906250 0.735938 0.031250 0.028125
0 0.421875 0.564063 0.031250 0.028125
0 0.593750 0.678125 0.031250 0.031250
0 0.189062 0.620313 0.028125 0.028125
0 0.153125 0.334375 0.031250 0.031250
0 0.612500 0.362500 0.031250 0.031250
0 0.948438 0.446875 0.028125 0.031250
0 0.356250 0.448437 0.031250 0.028125
0 0.154688 0.620313 0.028125 0.028125
0 0.220312 0.331250 0.034375 0.031250
0 0.220312 0.620313 0.028125 0.028125
0 0.153125 0.681250 0.031250 0.031250
0 0.425000 0.331250 0.031250 0.031250
0 0.528125 0.334375 0.031250 0.031250
0 0.478125 0.884375 0.031250 0.031250
0 0.612500 0.709375 0.031250 0.031250
0 0.189062 0.334375 0.028125 0.031250
0 0.593750 0.450000 0.031250 0.031250
0 0.931250 0.475000 0.031250 0.031250
0 0.557813 0.448437 0.028125 0.028125
0 0.371875 0.360938 0.031250 0.028125
0 0.303125 0.534375 0.031250 0.031250
0 0.609375 0.478125 0.031250 0.031250
0 0.628125 0.853125 0.031250 0.031250
0 0.259375 0.968750 0.031250 0.031250
0 0.760938 0.468750 0.028125 0.031250
0 0.064062 0.335938 0.034375 0.034375
0 0.323437 0.392188 0.028125 0.028125
0 0.625000 0.509375 0.031250 0.031250
0 0.579688 0.767188 0.028125 0.028125
0 0.745313 0.439063 0.028125 0.028125
0 0.867188 0.854688 0.028125 0.028125
0 0.606250 0.537500 0.031250 0.031250
0 0.612500 0.823438 0.031250 0.028125
0 0.662500 0.734375 0.031250 0.031250
0 0.473438 0.534375 0.028125 0.031250
0 0.456250 0.506250 0.031250 0.031250
0 0.798438 0.853125 0.028125 0.031250
0 0.868750 0.360938 0.031250 0.028125
0 0.321875 0.334375 0.031250 0.031250
0 0.609375 0.418750 0.031250 0.031250
0 0.371875 0.825000 0.031250 0.031250
0 0.526563 0.390625 0.028125 0.031250
0 0.253125 0.620313 0.031250 0.028125
0 0.739062 0.335938 0.034375 0.034375
0 0.575000 0.537500 0.031250 0.031250
0 0.698438 0.734375 0.028125 0.031250
0 0.778125 0.440625 0.031250 0.031250
0 0.862500 0.971875 0.031250 0.031250
0 0.028125 0.512500 0.031250 0.031250
0 0.337500 0.651563 0.031250 0.028125
0 0.321875 0.504687 0.031250 0.028125
0 0.306250 0.303125 0.031250 0.031250
0 0.784375 0.703125 0.031250 0.031250
0 0.510938 0.301563 0.034375 0.034375
0 0.018750 0.793750 0.031250 0.031250
0 0.678125 0.428125 0.031250 0.031250
0 0.715625 0.370312 0.031250 0.028125
0 0.931250 0.970313 0.031250 0.034375
0 0.390625 0.331250 0.031250 0.031250
0 0.387500 0.737500 0.031250 0.031250
0 0.642188 0.481250 0.028125 0.031250
0 0.696875 0.793750 0.031250 0.031250
0 0.628125 0.620313 0.031250 0.034375
0 0.579688 0.825000 0.028125 0.031250
0 0.648438 0.301563 0.034375 0.034375
0 0.425000 0.390625 0.031250 0.031250
0 0.476562 0.301563 0.034375 0.034375
0 0.189062 0.681250 0.028125 0.031250
0 0.220312 0.681250 0.028125 0.031250
0 0.339062 0.304688 0.034375 0.034375
0 0.546875 0.304688 0.031250 0.034375
0 0.442188 0.304688 0.034375 0.034375
0 0.646875 0.765625 0.031250 0.031250
0 0.018750 0.850000 0.031250 0.031250
0 0.064062 0.365625 0.034375 0.031250
0 0.965625 0.971875 0.031250 0.031250
0 0.304688 0.590625 0.028125 0.031250
0 0.593750 0.562500 0.031250 0.031250
0 0.762500 0.412500 0.031250 0.031250
0 0.884375 0.331250 0.031250 0.031250
0 0.950000 0.331250 0.031250 0.031250
0 0.540625 0.534375 0.031250 0.031250
0 0.659375 0.454688 0.031250 0.028125
0 0.235937 0.304688 0.034375 0.034375
0 0.557813 0.564063 0.028125 0.028125
0 0.137500 0.650000 0.031250 0.031250
0 0.018750 0.735938 0.031250 0.034375
0 0.617188 0.304688 0.034375 0.034375
0 0.773438 0.556250 0.028125 0.031250
0 0.646875 0.706250 0.031250 0.031250
0 0.579688 0.362500 0.028125 0.031250
0 0.757812 0.526563 0.028125 0.028125
0 0.456250 0.564063 0.031250 0.028125
0 0.581250 0.304688 0.031250 0.034375
0 0.895312 0.300000 0.034375 0.037500
0 0.971875 0.737500 0.031250 0.031250
0 0.390625 0.392188 0.031250 0.028125
0 0.037500 0.939063 0.031250 0.028125
0 0.559375 0.679688 0.031250 0.034375
0 0.373437 0.304688 0.034375 0.034375
0 0.681250 0.706250 0.031250 0.031250
0 0.387500 0.562500 0.031250 0.031250
0 0.782813 0.382812 0.028125 0.028125
0 0.087500 0.737500 0.031250 0.031250
0 0.032813 0.368750 0.034375 0.031250
0 0.321875 0.564063 0.031250 0.028125
0 0.459375 0.796875 0.031250 0.031250
0 0.440625 0.823438 0.031250 0.028125
0 0.925000 0.646875 0.031250 0.031250
0 0.715625 0.703125 0.031250 0.031250
0 0.387500 0.678125 0.031250 0.031250
0 0.937500 0.737500 0.031250 0.031250
0 0.370312 0.767188 0.028125 0.028125
0 0.021875 0.912500 0.031250 0.031250
0 0.204687 0.651563 0.028125 0.028125
0 0.765625 0.350000 0.031250 0.031250
0 0.507812 0.532813 0.028125 0.028125
0 0.871875 0.618750 0.031250 0.031250
0 0.885938 0.706250 0.034375 0.031250
0 0.754687 0.585938 0.028125 0.028125
0 0.696875 0.675000 0.031250 0.031250
0 0.898438 0.970313 0.028125 0.028125
0 0.662500 0.396875 0.031250 0.031250
0 0.628125 0.389062 0.031250 0.028125
0 0.137500 0.359375 0.031250 0.031250
0 0.975000 0.678125 0.031250 0.031250
0 0.815625 0.387500 0.031250 0.031250
0 0.545312 0.420312 0.028125 0.028125
0 0.678125 0.646875 0.031250 0.031250
0 0.543750 0.710938 0.031250 0.028125
0 0.407813 0.304688 0.034375 0.034375
0 0.975000 0.564063 0.031250 0.028125
0 0.662500 0.618750 0.031250 0.031250
0 0.610938 0.650000 0.028125 0.031250
0 0.045312 0.306250 0.034375 0.031250
0 0.403125 0.709375 0.031250 0.031250
0 0.800000 0.300000 0.037500 0.037500
0 0.687500 0.582812 0.031250 0.028125
0 0.693750 0.459375 0.031250 0.031250
0 0.625000 0.453125 0.031250 0.031250
0 0.510938 0.825000 0.034375 0.031250
0 0.673438 0.551562 0.034375 0.034375
0 0.960938 0.534375 0.028125 0.031250
0 0.815625 0.328125 0.031250 0.031250
0 0.028125 0.337500 0.031250 0.031250
0 0.490625 0.796875 0.031250 0.031250
0 0.543750 0.828125 0.031250 0.031250
0 0.837500 0.678125 0.031250 0.031250
0 0.739062 0.554688 0.028125 0.028125
0 0.421875 0.737500 0.031250 0.031250
0 0.932813 0.301563 0.034375 0.034375
0 0.696875 0.615625 0.031250 0.031250
0 0.406250 0.825000 0.031250 0.031250
0 0.726562 0.304688 0.034375 0.034375
0 0.706250 0.554688 0.031250 0.028125
0 0.640625 0.540625 0.031250 0.031250
0 0.573438 0.592187 0.028125 0.028125
0 0.439063 0.592187 0.028125 0.028125
0 0.171875 0.303125 0.031250 0.031250
0 0.371875 0.590625 0.031250 0.031250
0 0.109375 0.318750 0.031250 0.031250
0 0.528125 0.740625 0.031250 0.031250
0 0.370312 0.651563 0.028125 0.028125
0 0.798438 0.356250 0.028125 0.031250
