0 0.156250 0.135937 0.031250 0.034375
0 0.484375 0.368750 0.031250 0.031250
0 0.092188 0.042188 0.034375 0.034375
0 0.281250 0.537500 0.031250 0.031250
0 0.800000 0.496875 0.031250 0.031250
0 0.762500 0.293750 0.037500 0.037500
0 0.381250 0.225000 0.031250 0.031250
0 0.943750 0.106250 0.031250 0.031250
0 0.087500 0.235937 0.031250 0.034375
0 0.854688 0.153125 0.028125 0.031250
0 0.768750 0.134375 0.031250 0.031250
0 0.915625 0.121875 0.031250 0.031250
0 0.043750 0.146875 0.031250 0.031250
0 0.885938 0.137500 0.028125 0.031250
0 0.912500 0.189062 0.031250 0.028125
0 0.754687 0.364063 0.034375 0.034375
0 0.246875 0.068750 0.031250 0.031250
0 0.234375 0.126562 0.031250 0.034375
0 0.942187 0.173437 0.028125 0.028125
0 0.281250 0.079687 0.031250 0.034375
0 0.215625 0.059375 0.031250 0.031250
0 0.137500 0.314063 0.031250 0.028125
0 0.859375 0.087500 0.031250 0.031250
0 0.179688 0.867188 0.028125 0.028125
0 0.826562 0.201563 0.028125 0.028125
0 0.337500 0.059375 0.031250 0.031250
0 0.885938 0.104688 0.028125 0.028125
0 0.910937 0.221875 0.028125 0.031250
0 0.928125 0.434375 0.031250 0.031250
0 0.370312 0.068750 0.028125 0.031250
0 0.940625 0.206250 0.031250 0.031250
0 0.059375 0.840625 0.031250 0.031250
0 0.115625 0.481250 0.031250 0.031250
0 0.895312 0.450000 0.028125 0.031250
0 0.671875 0.053125 0.031250 0.031250
0 0.065625 0.562500 0.031250 0.031250
0 0.709375 0.781250 0.031250 0.031250
0 0.093750 0.275000 0.031250 0.031250
0 0.826562 0.168750 0.028125 0.031250
0 0.854688 0.218750 0.028125 0.031250
0 0.937500 0.306250 0.031250 0.031250
0 0.095312 0.365625 0.028125 0.031250
0 0.490625 0.068750 0.031250 0.031250
0 0.653125 0.110937 0.031250 0.028125
0 0.884375 0.171875 0.031250 0.031250
0 0.668750 0.175000 0.031250 0.031250
0 0.314063 0.087500 0.028125 0.031250
0 0.021875 0.234375 0.031250 0.031250
0 0.887500 0.039062 0.031250 0.028125
0 0.678125 0.087500 0.031250 0.031250
0 0.859375 0.054688 0.031250 0.028125
0 0.735938 0.190625 0.034375 0.031250
0 0.745313 0.225000 0.028125 0.031250
0 0.853125 0.251563 0.031250 0.028125
0 0.770312 0.067187 0.028125 0.028125
0 0.256250 0.103125 0.031250 0.031250
0 0.765625 0.640625 0.031250 0.031250
0 0.165625 0.200000 0.031250 0.031250
0 0.115625 0.537500 0.031250 0.031250
0 0.118750 0.250000 0.031250 0.031250
0 0.450000 0.756250 0.031250 0.031250
0 0.915625 0.156250 0.031250 0.031250
0 0.879687 0.268750 0.028125 0.031250
0 0.909375 0.253125 0.031250 0.031250
0 0.871875 0.368750 0.031250 0.031250
0 0.850000 0.284375 0.031250 0.031250
0 0.128125 0.281250 0.031250 0.031250
0 0.971875 0.156250 0.031250 0.031250
0 0.943750 0.140625 0.031250 0.031250
0 0.417187 0.590625 0.028125 0.031250
0 0.828125 0.135937 0.031250 0.028125
0 0.229687 0.839063 0.028125 0.028125
0 0.125000 0.056250 0.031250 0.031250
0 0.075000 0.812500 0.031250 0.031250
0 0.848437 0.689063 0.028125 0.028125
0 0.732812 0.157812 0.034375 0.034375
0 0.173437 0.231250 0.028125 0.031250
0 0.346875 0.093750 0.031250 0.031250
0 0.262500 0.225000 0.031250 0.031250
0 0.882812 0.235937 0.028125 0.028125
0 0.468750 0.093750 0.031250 0.031250
0 0.146875 0.756250 0.031250 0.031250
0 0.401562 0.075000 0.028125 0.031250
0 0.271875 0.256250 0.031250 0.031250
0 0.771875 0.034375 0.031250 0.031250
0 0.050000 0.212500 0.031250 0.031250
0 0.870313 0.401562 0.028125 0.028125
0 0.503125 0.225000 0.031250 0.031250
0 0.667188 0.725000 0.034375 0.031250
0 0.800000 0.053125 0.031250 0.031250
0 0.156250 0.068750 0.031250 0.031250
0 0.606250 0.159375 0.031250 0.031250
0 0.062500 0.446875 0.031250 0.031250
0 0.221875 0.093750 0.031250 0.031250
0 0.714063 0.443750 0.028125 0.031250
0 0.500000 0.103125 0.031250 0.031250
0 0.428125 0.053125 0.031250 0.031250
0 0.889062 0.071875 0.028125 0.031250
0 0.490625 0.281250 0.031250 0.031250
0 0.078125 0.757812 0.031250 0.028125
0 0.171875 0.321875 0.031250 0.031250
0 0.159375 0.375000 0.031250 0.031250
0 0.195312 0.114062 0.034375 0.034375
0 0.096875 0.106250 0.031250 0.031250
0 0.765625 0.200000 0.031250 0.031250
0 0.114062 0.648438 0.028125 0.028125
0 0.935937 0.337500 0.028125 0.031250
0 0.059375 0.784375 0.031250 0.031250
0 0.085938 0.332813 0.028125 0.028125
0 0.037500 0.078125 0.031250 0.031250
0 0.765625 0.168750 0.031250 0.031250
0 0.973437 0.090625 0.028125 0.031250
0 0.281250 0.287500 0.031250 0.031250
0 0.114062 0.593750 0.028125 0.031250
0 0.290625 0.110937 0.031250 0.028125
0 0.796875 0.590625 0.031250 0.031250
0 0.796875 0.184375 0.031250 0.031250
0 0.245312 0.162500 0.028125 0.031250
0 0.109375 0.209375 0.031250 0.031250
0 0.704688 0.065625 0.034375 0.031250
0 0.043750 0.756250 0.031250 0.031250
0 0.350000 0.646875 0.031250 0.031250
0 0.365625 0.839063 0.031250 0.028125
0 0.064062 0.675000 0.028125 0.031250
0 0.617188 0.653125 0.028125 0.031250
0 0.823438 0.234375 0.028125 0.031250
0 0.470313 0.215625 0.028125 0.031250
0 0.198437 0.209375 0.028125 0.031250
0 0.945312 0.073438 0.028125 0.028125
0 0.078125 0.193750 0.031250 0.031250
0 0.893750 0.484375 0.031250 0.031250
0 0.579688 0.062500 0.028125 0.031250
0 0.798438 0.118750 0.028125 0.031250
0 0.581250 0.392188 0.031250 0.028125
0 0.179688 0.757812 0.028125 0.028125
0 0.179688 0.415625 0.034375 0.031250
0 0.181250 0.048438 0.031250 0.028125
0 0.754687 0.737500 0.028125 0.031250
0 0.148438 0.484375 0.028125 0.031250
0 0.517188 0.167187 0.028125 0.028125
0 0.739062 0.557813 0.028125 0.028125
0 0.676562 0.621875 0.028125 0.031250
0 0.707812 0.604688 0.028125 0.028125
0 0.450000 0.646875 0.031250 0.031250
0 0.956250 0.418750 0.031250 0.031250
0 0.096875 0.450000 0.031250 0.031250
0 0.603125 0.728125 0.031250 0.031250
0 0.973437 0.125000 0.028125 0.031250
0 0.300000 0.143750 0.031250 0.031250
0 0.293750 0.231250 0.031250 0.031250
0 0.946875 0.040625 0.031250 0.031250
0 0.081250 0.648438 0.031250 0.028125
0 0.045312 0.701562 0.028125 0.028125
0 0.479687 0.246875 0.028125 0.031250
0 0.681250 0.525000 0.031250 0.031250
0 0.443750 0.329688 0.031250 0.028125
0 0.193750 0.453125 0.031250 0.031250
0 0.631250 0.256250 0.031250 0.031250
0 0.828125 0.578125 0.031250 0.031250
0 0.823438 0.265625 0.028125 0.031250
0 0.904687 0.353125 0.028125 0.031250
0 0.215625 0.271875 0.031250 0.031250
0 0.854688 0.187500 0.028125 0.031250
0 0.401562 0.287500 0.028125 0.031250
0 0.512500 0.256250 0.031250 0.031250
0 0.350000 0.756250 0.031250 0.031250
0 0.287500 0.200000 0.031250 0.031250
0 0.196875 0.729688 0.031250 0.028125
0 0.568750 0.240625 0.031250 0.031250
0 0.314063 0.296875 0.028125 0.031250
0 0.129688 0.565625 0.028125 0.031250
0 0.687500 0.331250 0.031250 0.031250
0 0.921875 0.501563 0.031250 0.028125
0 0.862500 0.496875 0.031250 0.031250
0 0.584375 0.303125 0.031250 0.031250
0 0.437500 0.417187 0.031250 0.028125
0 0.821875 0.300000 0.031250 0.031250
0 0.843750 0.384375 0.031250 0.031250
0 0.418750 0.353125 0.031250 0.031250
0 0.737500 0.081250 0.031250 0.031250
0 0.687500 0.118750 0.031250 0.031250
0 0.931250 0.370312 0.031250 0.028125
0 0.103125 0.175000 0.031250 0.031250
0 0.550000 0.175000 0.031250 0.031250
0 0.214062 0.153125 0.034375 0.031250
0 0.148438 0.539062 0.028125 0.028125
0 0.193750 0.296875 0.031250 0.031250
0 0.656250 0.229687 0.031250 0.028125
0 0.128125 0.087500 0.031250 0.031250
0 0.250000 0.281250 0.031250 0.031250
0 0.651563 0.542188 0.028125 0.028125
0 0.410938 0.109375 0.028125 0.031250
0 0.737500 0.834375 0.031250 0.031250
0 0.184375 0.265625 0.031250 0.031250
0 0.051562 0.328125 0.028125 0.031250
0 0.953125 0.453125 0.031250 0.031250
0 0.096875 0.678125 0.031250 0.031250
0 0.609375 0.278125 0.031250 0.031250
0 0.798438 0.151562 0.028125 0.028125
0 0.126562 0.839063 0.028125 0.028125
0 0.553125 0.296875 0.031250 0.031250
0 0.615625 0.687500 0.031250 0.031250
0 0.720313 0.864062 0.028125 0.028125
0 0.093750 0.839063 0.031250 0.028125
0 0.271875 0.048438 0.031250 0.028125
0 0.715625 0.131250 0.031250 0.031250
0 0.531250 0.321875 0.031250 0.031250
0 0.303125 0.265625 0.031250 0.031250
0 0.068750 0.093750 0.031250 0.031250
0 0.303125 0.056250 0.031250 0.031250
0 0.378125 0.101562 0.031250 0.028125
0 0.796875 0.218750 0.031250 0.031250
0 0.832812 0.481250 0.028125 0.031250
0 0.484375 0.700000 0.031250 0.031250
0 0.460938 0.062500 0.028125 0.031250
0 0.048438 0.645312 0.028125 0.028125
0 0.917188 0.057813 0.028125 0.028125
0 0.532813 0.110937 0.028125 0.028125
0 0.562500 0.329688 0.031250 0.028125
0 0.973437 0.059375 0.028125 0.031250
0 0.828125 0.103125 0.031250 0.031250
0 0.028125 0.503125 0.031250 0.031250
0 0.662500 0.262500 0.031250 0.031250
0 0.143750 0.867188 0.031250 0.028125
0 0.559375 0.500000 0.031250 0.031250
0 0.115625 0.425000 0.031250 0.031250
0 0.190625 0.178125 0.031250 0.031250
0 0.378125 0.312500 0.031250 0.031250
0 0.406250 0.409375 0.031250 0.031250
0 0.050000 0.478125 0.031250 0.031250
0 0.048438 0.592187 0.028125 0.028125
0 0.675000 0.656250 0.031250 0.031250
0 0.878125 0.303125 0.031250 0.031250
0 0.351562 0.590625 0.028125 0.031250
0 0.040625 0.112500 0.031250 0.031250
0 0.496875 0.312500 0.031250 0.031250
0 0.396875 0.378125 0.031250 0.031250
0 0.309375 0.175000 0.031250 0.031250
0 0.028125 0.729688 0.031250 0.028125
0 0.909375 0.659375 0.031250 0.031250
0 0.679688 0.589063 0.028125 0.028125
0 0.062500 0.062500 0.031250 0.031250
0 0.367188 0.728125 0.028125 0.031250
0 0.879687 0.675000 0.028125 0.031250
0 0.823438 0.642188 0.028125 0.028125
0 0.593750 0.506250 0.031250 0.031250
0 0.028125 0.440625 0.031250 0.031250
0 0.465625 0.509375 0.031250 0.031250
0 0.526563 0.640625 0.028125 0.031250
0 0.762500 0.673438 0.031250 0.028125
0 0.637500 0.046875 0.031250 0.031250
0 0.937500 0.271875 0.031250 0.031250
0 0.534375 0.837500 0.031250 0.031250
0 0.765625 0.606250 0.031250 0.031250
0 0.240625 0.250000 0.031250 0.031250
0 0.212500 0.481250 0.031250 0.031250
0 0.906250 0.321875 0.031250 0.031250
0 0.953125 0.485938 0.031250 0.028125
0 0.187500 0.081250 0.031250 0.031250
0 0.265625 0.135937 0.031250 0.028125
0 0.829688 0.543750 0.028125 0.031250
0 0.531250 0.606250 0.031250 0.031250
0 0.062500 0.275000 0.031250 0.031250
0 0.468750 0.728125 0.031250 0.031250
0 0.225000 0.393750 0.031250 0.031250
0 0.612500 0.071875 0.031250 0.031250
0 0.512500 0.464062 0.031250 0.028125
0 0.678125 0.209375 0.031250 0.031250
0 0.687500 0.864062 0.031250 0.028125
0 0.846875 0.317188 0.031250 0.028125
0 0.584375 0.865625 0.031250 0.031250
0 0.743750 0.459375 0.031250 0.031250
0 0.581250 0.182812 0.031250 0.028125
0 0.734375 0.653125 0.031250 0.031250
0 0.710938 0.542188 0.028125 0.028125
0 0.553125 0.698438 0.031250 0.028125
0 0.134375 0.189062 0.031250 0.028125
0 0.282813 0.592187 0.028125 0.028125
0 0.401562 0.839063 0.028125 0.028125
0 0.032813 0.618750 0.028125 0.031250
0 0.043750 0.534375 0.031250 0.031250
0 0.753125 0.862500 0.031250 0.031250
0 0.864062 0.467187 0.028125 0.028125
0 0.231250 0.509375 0.031250 0.031250
0 0.810937 0.431250 0.028125 0.031250
0 0.501563 0.618750 0.028125 0.031250
0 0.101562 0.142187 0.028125 0.028125
0 0.818750 0.334375 0.031250 0.031250
0 0.153125 0.037500 0.031250 0.031250
0 0.901563 0.385937 0.028125 0.028125
0 0.693750 0.362500 0.031250 0.031250
0 0.064062 0.509375 0.028125 0.031250
0 0.618750 0.623437 0.031250 0.028125
0 0.918750 0.532813 0.031250 0.028125
0 0.206250 0.240625 0.031250 0.031250
0 0.225000 0.303125 0.031250 0.031250
0 0.687500 0.809375 0.031250 0.031250
0 0.876563 0.334375 0.028125 0.031250
0 0.856250 0.562500 0.031250 0.031250
0 0.387500 0.345313 0.031250 0.028125
0 0.859375 0.531250 0.031250 0.031250
0 0.214062 0.539062 0.028125 0.028125
0 0.540625 0.143750 0.031250 0.031250
0 0.140625 0.221875 0.031250 0.031250
0 0.425000 0.265625 0.031250 0.031250
0 0.559375 0.209375 0.031250 0.031250
0 0.868750 0.432812 0.031250 0.028125
0 0.798438 0.559375 0.028125 0.031250
0 0.196875 0.676562 0.031250 0.028125
0 0.709375 0.215625 0.031250 0.031250
0 0.646875 0.200000 0.031250 0.031250
0 0.648438 0.606250 0.028125 0.031250
0 0.635938 0.837500 0.028125 0.031250
0 0.245312 0.368750 0.028125 0.031250
0 0.400000 0.559375 0.031250 0.031250
0 0.590625 0.215625 0.031250 0.031250
0 0.400000 0.618750 0.031250 0.031250
0 0.515625 0.046875 0.031250 0.031250
0 0.915625 0.089063 0.031250 0.028125
0 0.456250 0.271875 0.031250 0.031250
0 0.770312 0.100000 0.028125 0.031250
0 0.276562 0.167187 0.028125 0.028125
0 0.812500 0.396875 0.031250 0.031250
0 0.434375 0.085938 0.031250 0.028125
0 0.534375 0.671875 0.031250 0.031250
0 0.181250 0.539062 0.031250 0.028125
0 0.432812 0.618750 0.028125 0.031250
0 0.181250 0.481250 0.031250 0.031250
0 0.348438 0.867188 0.028125 0.028125
0 0.253125 0.193750 0.031250 0.031250
0 0.710938 0.509375 0.028125 0.031250
0 0.104688 0.307812 0.028125 0.028125
0 0.110937 0.759375 0.028125 0.031250
0 0.128125 0.784375 0.031250 0.031250
0 0.179688 0.810937 0.028125 0.028125
0 0.884375 0.204687 0.031250 0.028125
0 0.525000 0.079687 0.031250 0.028125
0 0.104688 0.396875 0.028125 0.031250
0 0.800000 0.084375 0.031250 0.031250
0 0.328125 0.239063 0.031250 0.028125
0 0.703125 0.184375 0.031250 0.031250
0 0.148438 0.592187 0.028125 0.028125
0 0.129688 0.676562 0.028125 0.028125
0 0.709375 0.100000 0.031250 0.031250
0 0.593750 0.423438 0.031250 0.028125
0 0.600000 0.246875 0.031250 0.031250
0 0.560937 0.415625 0.028125 0.031250
0 0.506250 0.550000 0.031250 0.031250
0 0.490625 0.487500 0.031250 0.031250
0 0.362500 0.034375 0.031250 0.031250
0 0.071875 0.126562 0.031250 0.028125
0 0.334375 0.151562 0.031250 0.028125
0 0.767188 0.575000 0.028125 0.031250
0 0.131250 0.454688 0.031250 0.028125
0 0.806250 0.462500 0.031250 0.031250
0 0.148438 0.345313 0.028125 0.028125
0 0.853125 0.625000 0.031250 0.031250
0 0.839063 0.415625 0.028125 0.031250
0 0.671875 0.293750 0.031250 0.031250
0 0.484375 0.646875 0.031250 0.031250
0 0.789062 0.718750 0.028125 0.031250
0 0.160938 0.839063 0.028125 0.028125
0 0.160938 0.784375 0.028125 0.031250
0 0.267188 0.342187 0.028125 0.028125
0 0.506250 0.134375 0.031250 0.031250
0 0.382812 0.754687 0.028125 0.028125
0 0.573438 0.360938 0.028125 0.028125
0 0.446875 0.448437 0.031250 0.028125
0 0.687500 0.240625 0.031250 0.031250
0 0.739062 0.525000 0.028125 0.031250
0 0.817187 0.704688 0.028125 0.028125
0 0.890625 0.515625 0.031250 0.031250
0 0.795312 0.625000 0.028125 0.031250
0 0.162500 0.454688 0.031250 0.028125
0 0.075000 0.162500 0.031250 0.031250
0 0.595313 0.337500 0.028125 0.031250
0 0.337500 0.270313 0.031250 0.028125
0 0.468750 0.784375 0.031250 0.031250
0 0.345313 0.304688 0.028125 0.028125
0 0.651563 0.321875 0.028125 0.031250
0 0.031250 0.265625 0.031250 0.031250
0 0.423438 0.471875 0.028125 0.031250
0 0.229687 0.729688 0.028125 0.028125
0 0.475000 0.125000 0.031250 0.031250
0 0.759375 0.704688 0.031250 0.028125
0 0.150000 0.256250 0.031250 0.031250
0 0.684375 0.460938 0.031250 0.028125
0 0.548438 0.053125 0.028125 0.031250
0 0.568750 0.728125 0.031250 0.031250
0 0.417187 0.757812 0.028125 0.028125
0 0.651563 0.478125 0.028125 0.031250
0 0.553125 0.756250 0.031250 0.031250
0 0.095312 0.729688 0.028125 0.028125
0 0.450000 0.700000 0.031250 0.031250
0 0.587500 0.668750 0.031250 0.031250
0 0.737500 0.589063 0.031250 0.028125
0 0.829688 0.512500 0.028125 0.031250
0 0.829688 0.068750 0.028125 0.031250
0 0.348438 0.700000 0.028125 0.031250
0 0.725000 0.278125 0.031250 0.031250
0 0.465625 0.306250 0.031250 0.031250
0 0.614062 0.400000 0.028125 0.031250
0 0.837500 0.448437 0.031250 0.028125
0 0.537500 0.440625 0.031250 0.031250
0 0.081250 0.537500 0.031250 0.031250
0 0.706250 0.637500 0.031250 0.031250
0 0.517188 0.700000 0.028125 0.031250
0 0.479687 0.456250 0.028125 0.031250
0 0.432812 0.728125 0.028125 0.031250
0 0.181250 0.351562 0.031250 0.028125
0 0.235937 0.335938 0.028125 0.028125
0 0.484375 0.159375 0.031250 0.031250
0 0.262500 0.784375 0.031250 0.031250
0 0.906250 0.287500 0.031250 0.031250
0 0.150000 0.428125 0.031250 0.031250
0 0.971875 0.190625 0.031250 0.031250
0 0.518750 0.754687 0.031250 0.028125
0 0.231250 0.565625 0.031250 0.031250
0 0.450000 0.809375 0.031250 0.031250
0 0.826562 0.607812 0.028125 0.028125
0 0.446875 0.239063 0.031250 0.028125
0 0.871875 0.770312 0.031250 0.028125
0 0.204687 0.329688 0.028125 0.028125
0 0.740625 0.114062 0.031250 0.034375
0 0.098437 0.620313 0.028125 0.028125
0 0.315625 0.646875 0.031250 0.031250
0 0.568750 0.834375 0.031250 0.031250
0 0.703125 0.834375 0.031250 0.031250
0 0.265625 0.675000 0.031250 0.031250
0 0.132812 0.509375 0.028125 0.031250
0 0.417187 0.645312 0.028125 0.028125
0 0.321875 0.118750 0.031250 0.031250
0 0.484375 0.809375 0.031250 0.031250
0 0.629687 0.135937 0.028125 0.028125
0 0.210938 0.867188 0.028125 0.028125
0 0.620313 0.589063 0.028125 0.028125
0 0.653125 0.807813 0.031250 0.028125
0 0.651563 0.412500 0.028125 0.031250
0 0.465625 0.673438 0.031250 0.028125
0 0.354687 0.125000 0.028125 0.031250
0 0.148438 0.648438 0.028125 0.028125
0 0.859375 0.021875 0.031250 0.031250
0 0.812500 0.765625 0.031250 0.031250
0 0.856250 0.593750 0.031250 0.031250
0 0.465625 0.893750 0.031250 0.031250
0 0.040625 0.384375 0.031250 0.031250
0 0.257812 0.312500 0.028125 0.031250
0 0.846875 0.720313 0.031250 0.028125
0 0.525000 0.198437 0.031250 0.028125
0 0.618750 0.312500 0.031250 0.031250
0 0.660937 0.143750 0.028125 0.031250
0 0.392188 0.464062 0.028125 0.028125
0 0.065625 0.620313 0.031250 0.028125
0 0.314063 0.810937 0.028125 0.028125
0 0.884375 0.610938 0.031250 0.028125
0 0.331250 0.839063 0.031250 0.028125
0 0.159375 0.100000 0.031250 0.031250
0 0.298438 0.675000 0.028125 0.031250
0 0.042188 0.810937 0.028125 0.028125
0 0.543750 0.470313 0.031250 0.028125
0 0.651563 0.509375 0.028125 0.031250
0 0.898438 0.418750 0.028125 0.031250
0 0.062500 0.359375 0.031250 0.031250
0 0.367188 0.618750 0.028125 0.031250
0 0.484375 0.756250 0.031250 0.031250
0 0.314063 0.867188 0.028125 0.028125
0 0.521875 0.496875 0.031250 0.031250
0 0.332813 0.618750 0.028125 0.031250
0 0.028125 0.350000 0.031250 0.031250
0 0.559375 0.651563 0.031250 0.028125
0 0.796875 0.278125 0.031250 0.031250
0 0.768750 0.542188 0.031250 0.028125
0 0.382812 0.645312 0.028125 0.028125
0 0.668750 0.693750 0.031250 0.031250
0 0.842187 0.784375 0.028125 0.031250
0 0.382812 0.432812 0.028125 0.028125
0 0.093750 0.785937 0.031250 0.028125
0 0.465625 0.618750 0.031250 0.031250
0 0.720313 0.246875 0.028125 0.031250
0 0.060937 0.729688 0.028125 0.028125
0 0.671875 0.781250 0.031250 0.031250
0 0.196875 0.839063 0.031250 0.028125
0 0.568750 0.446875 0.031250 0.031250
0 0.371875 0.401562 0.031250 0.028125
0 0.281250 0.812500 0.031250 0.031250
0 0.812500 0.798438 0.031250 0.028125
0 0.145313 0.704688 0.028125 0.028125
0 0.593750 0.540625 0.031250 0.031250
0 0.281250 0.867188 0.031250 0.028125
0 0.521875 0.287500 0.031250 0.031250
0 0.603125 0.835938 0.031250 0.028125
0 0.626563 0.343750 0.028125 0.031250
0 0.164062 0.676562 0.028125 0.028125
0 0.046875 0.181250 0.031250 0.031250
0 0.470313 0.425000 0.028125 0.031250
0 0.417187 0.701562 0.028125 0.028125
0 0.075000 0.865625 0.031250 0.031250
0 0.910937 0.626563 0.028125 0.028125
0 0.073438 0.303125 0.028125 0.031250
0 0.590625 0.573438 0.031250 0.028125
0 0.367188 0.784375 0.028125 0.031250
0 0.543750 0.265625 0.031250 0.031250
0 0.653125 0.864062 0.031250 0.028125
0 0.198437 0.510938 0.028125 0.028125
0 0.635938 0.375000 0.028125 0.031250
0 0.951562 0.517188 0.028125 0.028125
0 0.584375 0.475000 0.031250 0.031250
0 0.240625 0.037500 0.031250 0.031250
0 0.365625 0.562500 0.031250 0.031250
0 0.648438 0.639062 0.028125 0.028125
0 0.604688 0.368750 0.028125 0.031250
0 0.531250 0.528125 0.031250 0.031250
0 0.315625 0.757812 0.031250 0.028125
0 0.501563 0.837500 0.028125 0.031250
0 0.162500 0.287500 0.031250 0.031250
0 0.450000 0.590625 0.031250 0.031250
0 0.137500 0.400000 0.031250 0.031250
0 0.771875 0.837500 0.031250 0.031250
0 0.500000 0.782813 0.031250 0.028125
0 0.612500 0.190625 0.031250 0.031250
0 0.350000 0.425000 0.031250 0.031250
0 0.434375 0.837500 0.031250 0.031250
0 0.828125 0.037500 0.031250 0.031250
0 0.212500 0.757812 0.031250 0.028125
0 0.212500 0.423438 0.031250 0.028125
0 0.084375 0.421875 0.031250 0.031250
0 0.682813 0.428125 0.028125 0.031250
0 0.493750 0.190625 0.031250 0.031250
0 0.857812 0.120313 0.028125 0.028125
0 0.393750 0.043750 0.031250 0.031250
0 0.925000 0.468750 0.031250 0.031250
0 0.792188 0.656250 0.028125 0.031250
0 0.517188 0.809375 0.028125 0.031250
0 0.384375 0.867188 0.031250 0.028125
0 0.623437 0.525000 0.028125 0.031250
0 0.246875 0.535937 0.031250 0.028125
0 0.071875 0.390625 0.031250 0.031250
0 0.770312 0.478125 0.028125 0.031250
0 0.125000 0.896875 0.031250 0.031250
0 0.743750 0.050000 0.031250 0.031250
0 0.415625 0.440625 0.031250 0.031250
0 0.648438 0.079687 0.028125 0.028125
0 0.887500 0.548438 0.031250 0.028125
0 0.837500 0.818750 0.031250 0.031250
0 0.604688 0.037500 0.028125 0.031250
0 0.334375 0.564063 0.031250 0.028125
0 0.050000 0.417187 0.031250 0.028125
0 0.181250 0.650000 0.031250 0.031250
0 0.876563 0.706250 0.028125 0.031250
0 0.500000 0.671875 0.031250 0.031250
0 0.364063 0.368750 0.028125 0.031250
0 0.400000 0.728125 0.031250 0.031250
0 0.262500 0.839063 0.031250 0.028125
0 0.432812 0.503125 0.028125 0.031250
0 0.456250 0.479687 0.031250 0.028125
0 0.503125 0.432812 0.031250 0.028125
0 0.964063 0.321875 0.028125 0.031250
0 0.290625 0.320312 0.031250 0.028125
0 0.117188 0.339062 0.028125 0.028125
0 0.790625 0.315625 0.031250 0.031250
0 0.534375 0.728125 0.031250 0.031250
0 0.354687 0.337500 0.028125 0.031250
0 0.262500 0.893750 0.031250 0.031250
0 0.500000 0.517188 0.031250 0.028125
0 0.589063 0.635938 0.028125 0.028125
0 0.696875 0.271875 0.031250 0.031250
0 0.915625 0.565625 0.031250 0.031250
0 0.618750 0.864062 0.031250 0.028125
0 0.639062 0.167187 0.028125 0.028125
0 0.165625 0.565625 0.031250 0.031250
0 0.323437 0.328125 0.028125 0.031250
0 0.634375 0.714063 0.031250 0.034375
0 0.214062 0.359375 0.028125 0.031250
0 0.209375 0.026562 0.031250 0.034375
0 0.653125 0.443750 0.031250 0.031250
0 0.534375 0.231250 0.031250 0.031250
0 0.725000 0.343750 0.031250 0.031250
0 0.081250 0.593750 0.031250 0.031250
0 0.551562 0.867188 0.028125 0.028125
0 0.418750 0.021875 0.031250 0.031250
0 0.401562 0.782813 0.028125 0.028125
0 0.096875 0.509375 0.031250 0.031250
0 0.417187 0.809375 0.028125 0.031250
0 0.340625 0.390625 0.031250 0.031250
0 0.501563 0.728125 0.028125 0.031250
0 0.621875 0.221875 0.031250 0.031250
0 0.625000 0.431250 0.031250 0.031250
0 0.484375 0.865625 0.031250 0.031250
0 0.870313 0.801562 0.028125 0.028125
0 0.679688 0.557813 0.028125 0.028125
0 0.714063 0.478125 0.028125 0.031250
0 0.484375 0.039062 0.031250 0.028125
0 0.620313 0.756250 0.028125 0.031250
0 0.707812 0.573438 0.028125 0.028125
0 0.042188 0.867188 0.028125 0.028125
0 0.246875 0.814063 0.031250 0.028125
0 0.018750 0.471875 0.031250 0.031250
0 0.845313 0.751563 0.028125 0.028125
0 0.110937 0.867188 0.028125 0.028125
0 0.025000 0.840625 0.031250 0.031250
0 0.128125 0.729688 0.031250 0.028125
0 0.385937 0.131250 0.028125 0.031250
0 0.300000 0.348438 0.031250 0.028125
0 0.668750 0.837500 0.031250 0.031250
0 0.517188 0.378125 0.028125 0.031250
0 0.434375 0.675000 0.031250 0.031250
0 0.195312 0.784375 0.028125 0.031250
0 0.331250 0.359375 0.031250 0.031250
0 0.942187 0.581250 0.028125 0.031250
0 0.246875 0.481250 0.031250 0.031250
0 0.098437 0.564063 0.028125 0.028125
0 0.882812 0.642188 0.028125 0.028125
0 0.650000 0.573438 0.031250 0.028125
0 0.409375 0.321875 0.031250 0.031250
0 0.332813 0.729688 0.028125 0.028125
0 0.475000 0.571875 0.031250 0.031250
0 0.784375 0.250000 0.031250 0.031250
0 0.196875 0.620313 0.031250 0.028125
0 0.081250 0.479687 0.031250 0.028125
0 0.193750 0.384375 0.031250 0.031250
0 0.575000 0.270313 0.031250 0.028125
0 0.439063 0.209375 0.028125 0.031250
0 0.026562 0.784375 0.028125 0.031250
0 0.317188 0.590625 0.028125 0.031250
0 0.032813 0.564063 0.028125 0.028125
0 0.723437 0.379688 0.028125 0.028125
0 0.760938 0.329688 0.028125 0.028125
0 0.228125 0.454688 0.031250 0.028125
0 0.331250 0.028125 0.031250 0.031250
0 0.417187 0.864062 0.028125 0.028125
0 0.198437 0.565625 0.028125 0.031250
0 0.221875 0.187500 0.031250 0.031250
0 0.296875 0.839063 0.031250 0.028125
0 0.645312 0.671875 0.028125 0.031250
0 0.962500 0.356250 0.031250 0.031250
0 0.429688 0.385937 0.028125 0.028125
0 0.040625 0.296875 0.031250 0.031250
0 0.743750 0.768750 0.031250 0.031250
0 0.703125 0.890625 0.031250 0.031250
0 0.640625 0.287500 0.031250 0.031250
0 0.359375 0.459375 0.031250 0.031250
0 0.965625 0.289062 0.031250 0.028125
0 0.229687 0.218750 0.028125 0.031250
0 0.746875 0.800000 0.031250 0.031250
0 0.806250 0.829688 0.031250 0.028125
0 0.917188 0.025000 0.028125 0.031250
0 0.231250 0.787500 0.031250 0.031250
0 0.450000 0.865625 0.031250 0.031250
0 0.946875 0.550000 0.031250 0.031250
0 0.703125 0.303125 0.031250 0.031250
0 0.018750 0.198437 0.031250 0.034375
0 0.318750 0.209375 0.031250 0.031250
0 0.367188 0.673438 0.028125 0.028125
0 0.929688 0.404687 0.028125 0.028125
0 0.742188 0.493750 0.028125 0.031250
0 0.732812 0.685937 0.028125 0.028125
0 0.915625 0.595313 0.031250 0.028125
0 0.126562 0.370312 0.028125 0.028125
0 0.885938 0.579688 0.028125 0.028125
0 0.621875 0.490625 0.031250 0.031250
0 0.317188 0.701562 0.028125 0.028125
0 0.592187 0.604688 0.028125 0.028125
0 0.131250 0.156250 0.031250 0.031250
0 0.779687 0.446875 0.028125 0.031250
0 0.725000 0.412500 0.031250 0.031250
0 0.803125 0.018750 0.031250 0.031250
0 0.110937 0.810937 0.028125 0.028125
0 0.056250 0.243750 0.031250 0.031250
0 0.718750 0.750000 0.031250 0.031250
0 0.940625 0.646875 0.031250 0.031250
0 0.751563 0.256250 0.034375 0.031250
0 0.618750 0.809375 0.031250 0.031250
0 0.623437 0.556250 0.028125 0.031250
0 0.453125 0.031250 0.031250 0.031250
0 0.692187 0.151562 0.028125 0.028125
0 0.459375 0.393750 0.031250 0.031250
0 0.296875 0.025000 0.031250 0.031250
0 0.384375 0.589063 0.031250 0.028125
0 0.034375 0.046875 0.031250 0.031250
0 0.409375 0.529687 0.031250 0.028125
0 0.179688 0.701562 0.028125 0.028125
0 0.332813 0.675000 0.028125 0.031250
0 0.160938 0.729688 0.028125 0.028125
0 0.540625 0.354687 0.031250 0.028125
0 0.435937 0.782813 0.028125 0.028125
0 0.518750 0.864062 0.031250 0.028125
0 0.475000 0.540625 0.031250 0.031250
0 0.368750 0.281250 0.031250 0.031250
0 0.164062 0.620313 0.028125 0.028125
0 0.659375 0.350000 0.031250 0.031250
0 0.246875 0.868750 0.031250 0.031250
0 0.656250 0.021875 0.031250 0.031250
0 0.526563 0.409375 0.028125 0.031250
0 0.818750 0.856250 0.031250 0.031250
0 0.700000 0.700000 0.031250 0.031250
0 0.031250 0.675000 0.031250 0.031250
0 0.368750 0.490625 0.031250 0.031250
0 0.534375 0.782813 0.031250 0.028125
0 0.384375 0.812500 0.031250 0.031250
0 0.096875 0.075000 0.031250 0.031250
0 0.957812 0.387500 0.028125 0.031250
0 0.334375 0.506250 0.031250 0.031250
0 0.210938 0.810937 0.028125 0.028125
0 0.332813 0.784375 0.028125 0.031250
0 0.231250 0.678125 0.031250 0.031250
0 0.093750 0.896875 0.031250 0.031250
0 0.435937 0.295312 0.028125 0.028125
0 0.229687 0.893750 0.034375 0.031250
0 0.434375 0.564063 0.031250 0.028125
0 0.415625 0.234375 0.031250 0.031250
0 0.214062 0.592187 0.028125 0.028125
0 0.937500 0.240625 0.031250 0.031250
0 0.704688 0.668750 0.028125 0.031250
0 0.348438 0.812500 0.028125 0.031250
0 0.620313 0.104688 0.028125 0.028125
0 0.298438 0.507812 0.028125 0.028125
0 0.315625 0.537500 0.031250 0.031250
0 0.635938 0.782813 0.028125 0.028125
0 0.331250 0.893750 0.031250 0.031250
0 0.696875 0.396875 0.031250 0.031250
0 0.968750 0.256250 0.031250 0.031250
0 0.243750 0.425000 0.031250 0.031250
0 0.845313 0.350000 0.028125 0.031250
0 0.296875 0.893750 0.031250 0.031250
0 0.079687 0.704688 0.028125 0.028125
0 0.751563 0.428125 0.028125 0.031250
0 0.384375 0.701562 0.031250 0.028125
0 0.212500 0.650000 0.031250 0.031250
0 0.935937 0.739062 0.028125 0.028125
0 0.731250 0.315625 0.031250 0.031250
0 0.451562 0.360938 0.028125 0.028125
0 0.537500 0.565625 0.031250 0.031250
0 0.562500 0.590625 0.031250 0.031250
0 0.059375 0.893750 0.031250 0.031250
0 0.443750 0.115625 0.031250 0.031250
0 0.468750 0.837500 0.031250 0.031250
0 0.932813 0.770312 0.028125 0.028125
0 0.817187 0.735938 0.028125 0.028125
0 0.562500 0.620313 0.031250 0.028125
0 0.298438 0.784375 0.028125 0.031250
0 0.571875 0.151562 0.031250 0.028125
0 0.668750 0.382812 0.031250 0.028125
0 0.735938 0.620313 0.028125 0.028125
0 0.821875 0.671875 0.031250 0.031250
0 0.378125 0.521875 0.031250 0.031250
0 0.562500 0.531250 0.031250 0.031250
0 0.392188 0.257812 0.028125 0.028125
0 0.350000 0.534375 0.031250 0.031250
0 0.282813 0.648438 0.028125 0.028125
0 0.506250 0.345313 0.031250 0.028125
0 0.359375 0.250000 0.031250 0.031250
0 0.568750 0.893750 0.031250 0.031250
0 0.246875 0.703125 0.031250 0.031250
0 0.443750 0.534375 0.031250 0.031250
0 0.768750 0.890625 0.031250 0.031250
0 0.728125 0.718750 0.031250 0.031250
0 0.162500 0.893750 0.031250 0.031250
0 0.782813 0.412500 0.028125 0.031250
0 0.256250 0.396875 0.031250 0.031250
0 0.734375 0.890625 0.031250 0.031250
0 0.534375 0.893750 0.031250 0.031250
0 0.551562 0.807813 0.028125 0.028125
0 0.245312 0.757812 0.028125 0.028125
0 0.278125 0.375000 0.031250 0.031250
0 0.584375 0.700000 0.031250 0.031250
0 0.129688 0.620313 0.028125 0.028125
0 0.770312 0.510938 0.028125 0.028125
0 0.714063 0.034375 0.028125 0.031250
0 0.179688 0.592187 0.028125 0.028125
0 0.340625 0.182812 0.031250 0.028125
0 0.907813 0.690625 0.028125 0.031250
0 0.682813 0.493750 0.028125 0.031250
0 0.603125 0.782813 0.031250 0.028125
0 0.975000 0.026562 0.031250 0.028125
0 0.942187 0.614062 0.028125 0.028125
0 0.279687 0.701562 0.028125 0.028125
0 0.298438 0.618750 0.028125 0.031250
0 0.975000 0.534375 0.031250 0.031250
0 0.145313 0.812500 0.028125 0.031250
0 0.937500 0.678125 0.031250 0.031250
0 0.787500 0.865625 0.031250 0.031250
0 0.509375 0.584375 0.031250 0.031250
0 0.540625 0.023438 0.031250 0.028125
0 0.365625 0.893750 0.031250 0.031250
0 0.473438 0.335938 0.028125 0.028125
0 0.968750 0.221875 0.031250 0.031250
0 0.400000 0.495312 0.025000 0.028125
0 0.875000 0.740625 0.031250 0.031250
0 0.904687 0.754687 0.028125 0.028125
0 0.126562 0.120313 0.028125 0.028125
0 0.937500 0.707812 0.031250 0.028125
0 0.314063 0.479687 0.028125 0.028125
0 0.571875 0.031250 0.031250 0.031250
0 0.501563 0.893750 0.034375 0.031250
0 0.278125 0.481250 0.031250 0.031250
0 0.615625 0.462500 0.031250 0.031250
0 0.800000 0.528125 0.031250 0.031250
0 0.309375 0.382812 0.031250 0.028125
0 0.264062 0.565625 0.028125 0.031250
0 0.931250 0.801562 0.031250 0.028125
0 0.398438 0.673438 0.028125 0.028125
0 0.120313 0.021875 0.034375 0.031250
0 0.585938 0.754687 0.028125 0.028125
0 0.651563 0.754687 0.028125 0.028125
0 0.262500 0.453125 0.031250 0.031250
0 0.550000 0.385937 0.031250 0.028125
0 0.906250 0.721875 0.031250 0.031250
0 0.585938 0.809375 0.028125 0.031250
0 0.968750 0.662500 0.031250 0.031250
0 0.790625 0.687500 0.031250 0.031250
0 0.462500 0.184375 0.031250 0.031250
0 0.493750 0.401562 0.031250 0.028125
0 0.434375 0.893750 0.031250 0.031250
0 0.165625 0.510938 0.031250 0.028125
0 0.300000 0.565625 0.031250 0.031250
0 0.668750 0.892188 0.031250 0.028125
0 0.265625 0.507812 0.031250 0.028125
0 0.570312 0.782813 0.028125 0.028125
0 0.196875 0.893750 0.031250 0.031250
0 0.785937 0.750000 0.028125 0.031250
0 0.017188 0.407813 0.028125 0.028125
0 0.684375 0.753125 0.031250 0.031250
0 0.635938 0.892188 0.028125 0.028125
0 0.362500 0.157812 0.031250 0.028125
0 0.964063 0.725000 0.028125 0.031250
0 0.962500 0.787500 0.031250 0.031250
0 0.904687 0.784375 0.028125 0.031250
0 0.350000 0.215625 0.031250 0.031250
0 0.962500 0.756250 0.031250 0.031250
0 0.853125 0.657813 0.031250 0.028125
0 0.867188 0.834375 0.028125 0.031250
0 0.159375 0.168750 0.031250 0.031250
0 0.909375 0.895312 0.031250 0.034375
0 0.978125 0.503125 0.031250 0.031250
0 0.184375 0.146875 0.031250 0.031250
0 0.114062 0.704688 0.028125 0.028125
0 0.603125 0.893750 0.031250 0.031250
0 0.787500 0.346875 0.031250 0.031250
0 0.265625 0.017188 0.031250 0.034375
0 0.248438 0.592187 0.028125 0.028125
0 0.814063 0.365625 0.028125 0.031250
0 0.059375 0.028125 0.031250 0.031250
0 0.178125 0.015625 0.031250 0.031250
0 0.743750 0.017188 0.031250 0.028125
0 0.554688 0.087500 0.028125 0.031250
0 0.685937 0.017188 0.034375 0.034375
0 0.970313 0.629687 0.034375 0.034375
0 0.754687 0.395313 0.028125 0.028125
0 0.400000 0.893750 0.031250 0.031250
0 0.965625 0.695312 0.031250 0.028125
0 0.776563 0.776563 0.028125 0.028125
0 0.781250 0.807813 0.031250 0.028125
0 0.017188 0.648438 0.028125 0.028125
0 0.959375 0.818750 0.031250 0.031250
0 0.017188 0.168750 0.028125 0.031250
0 0.017188 0.590625 0.028125 0.031250
0 0.832812 0.887500 0.034375 0.031250
0 0.942187 0.892188 0.034375 0.034375
0 0.900000 0.815625 0.031250 0.031250
0 0.856250 0.862500 0.031250 0.031250
0 0.928125 0.834375 0.031250 0.031250
0 0.025000 0.893750 0.031250 0.031250
0 0.973437 0.892188 0.034375 0.034375
0 0.784375 0.379688 0.031250 0.028125
0 0.925000 0.864062 0.031250 0.028125
0 0.803125 0.893750 0.031250 0.031250
0 0.506250 0.017188 0.031250 0.028125
0 0.957812 0.853125 0.034375 0.031250
