0 0.815625 0.918750 0.031250 0.031250
0 0.771875 0.490625 0.031250 0.031250
0 0.867188 0.967187 0.034375 0.034375
0 0.342187 0.935937 0.034375 0.034375
0 0.910937 0.767188 0.028125 0.028125
0 0.362500 0.746875 0.031250 0.031250
0 0.525000 0.975000 0.031250 0.031250
0 0.432812 0.968750 0.034375 0.031250
0 0.678125 0.837500 0.031250 0.031250
0 0.456250 0.871875 0.031250 0.031250
0 0.934375 0.943750 0.031250 0.031250
0 0.925000 0.700000 0.031250 0.031250
0 0.609375 0.620313 0.031250 0.028125
0 0.796875 0.593750 0.031250 0.031250
0 0.846875 0.637500 0.031250 0.031250
0 0.454688 0.751563 0.028125 0.028125
0 0.620313 0.823438 0.028125 0.028125
0 0.301563 0.951562 0.034375 0.034375
0 0.550000 0.604688 0.031250 0.028125
0 0.850000 0.756250 0.031250 0.031250
0 0.559375 0.334375 0.031250 0.031250
0 0.790625 0.896875 0.031250 0.031250
0 0.895312 0.462500 0.028125 0.031250
0 0.423438 0.881250 0.034375 0.031250
0 0.581250 0.865625 0.031250 0.031250
0 0.828125 0.518750 0.031250 0.031250
0 0.831250 0.854688 0.031250 0.028125
0 0.673438 0.600000 0.034375 0.031250
0 0.603125 0.771875 0.031250 0.031250
0 0.914062 0.609375 0.034375 0.031250
0 0.675000 0.718750 0.031250 0.031250
0 0.834375 0.975000 0.031250 0.031250
0 0.765625 0.871875 0.031250 0.031250
0 0.376563 0.682813 0.028125 0.028125
0 0.437500 0.696875 0.031250 0.031250
0 0.293750 0.765625 0.031250 0.031250
0 0.959375 0.965625 0.031250 0.031250
0 0.950000 0.725000 0.031250 0.031250
0 0.170313 0.735938 0.034375 0.034375
0 0.814063 0.646875 0.034375 0.031250
0 0.440625 0.937500 0.031250 0.031250
0 0.931250 0.578125 0.031250 0.031250
0 0.406250 0.828125 0.031250 0.031250
0 0.925000 0.348438 0.031250 0.034375
0 0.412500 0.671875 0.031250 0.031250
0 0.312500 0.821875 0.031250 0.031250
0 0.831250 0.700000 0.031250 0.031250
0 0.865625 0.690625 0.031250 0.031250
0 0.690625 0.653125 0.031250 0.031250
0 0.750000 0.667188 0.031250 0.028125
0 0.531250 0.818750 0.031250 0.031250
0 0.859375 0.721875 0.031250 0.031250
0 0.759375 0.751563 0.031250 0.028125
0 0.464062 0.446875 0.028125 0.031250
0 0.606250 0.887500 0.031250 0.031250
0 0.532813 0.429688 0.034375 0.034375
0 0.917188 0.734375 0.028125 0.031250
0 0.459375 0.478125 0.031250 0.031250
0 0.807813 0.953125 0.028125 0.031250
0 0.396875 0.859375 0.031250 0.031250
0 0.756250 0.906250 0.031250 0.031250
0 0.943750 0.756250 0.031250 0.031250
0 0.876563 0.364063 0.034375 0.034375
0 0.192188 0.826562 0.034375 0.034375
0 0.196875 0.929688 0.031250 0.034375
0 0.959375 0.690625 0.031250 0.031250
0 0.890625 0.712500 0.031250 0.031250
0 0.556250 0.843750 0.031250 0.031250
0 0.937500 0.787500 0.031250 0.031250
0 0.381250 0.925000 0.031250 0.031250
0 0.926562 0.403125 0.028125 0.031250
0 0.506250 0.918750 0.031250 0.031250
0 0.873437 0.809375 0.028125 0.031250
0 0.295312 0.607812 0.034375 0.034375
0 0.914062 0.489063 0.028125 0.028125
0 0.896875 0.678125 0.031250 0.031250
0 0.362500 0.868750 0.031250 0.031250
0 0.731250 0.881250 0.031250 0.031250
0 0.643750 0.728125 0.031250 0.031250
0 0.725000 0.915625 0.031250 0.031250
0 0.192188 0.790625 0.034375 0.031250
0 0.268750 0.743750 0.031250 0.031250
0 0.792188 0.462500 0.028125 0.031250
0 0.782813 0.928125 0.034375 0.031250
0 0.546875 0.875000 0.031250 0.031250
0 0.475000 0.928125 0.031250 0.031250
0 0.615625 0.468750 0.031250 0.031250
0 0.226562 0.851562 0.034375 0.034375
0 0.812500 0.551562 0.031250 0.034375
0 0.943750 0.432812 0.031250 0.028125
0 0.343750 0.570312 0.031250 0.034375
0 0.303125 0.734375 0.031250 0.031250
0 0.881250 0.621875 0.031250 0.031250
0 0.823438 0.885938 0.028125 0.028125
0 0.807813 0.676562 0.028125 0.028125
0 0.293750 0.887500 0.031250 0.031250
0 0.231250 0.918750 0.031250 0.031250
0 0.546875 0.756250 0.031250 0.031250
0 0.584375 0.478125 0.031250 0.031250
0 0.403125 0.431250 0.031250 0.031250
0 0.500000 0.439063 0.031250 0.034375
0 0.850000 0.909375 0.031250 0.031250
0 0.573438 0.900000 0.028125 0.031250
0 0.445312 0.664062 0.028125 0.028125
0 0.515625 0.887500 0.031250 0.031250
0 0.684375 0.959375 0.031250 0.031250
0 0.912500 0.548438 0.031250 0.028125
0 0.337500 0.725000 0.031250 0.031250
0 0.931250 0.518750 0.031250 0.031250
0 0.896875 0.834375 0.031250 0.031250
0 0.503125 0.678125 0.031250 0.031250
0 0.709375 0.709375 0.031250 0.031250
0 0.537500 0.787500 0.031250 0.031250
0 0.532813 0.940625 0.028125 0.031250
0 0.378125 0.803125 0.031250 0.031250
0 0.884375 0.746875 0.031250 0.031250
0 0.896875 0.578125 0.031250 0.031250
0 0.259375 0.835938 0.031250 0.034375
0 0.515625 0.615625 0.031250 0.031250
0 0.431250 0.850000 0.031250 0.031250
0 0.968750 0.778125 0.031250 0.031250
0 0.875000 0.934375 0.031250 0.031250
0 0.198437 0.895312 0.034375 0.034375
0 0.557813 0.454688 0.028125 0.028125
0 0.740625 0.971875 0.031250 0.031250
0 0.459375 0.600000 0.031250 0.031250
0 0.564063 0.809375 0.028125 0.031250
0 0.910937 0.432812 0.028125 0.028125
0 0.525000 0.462500 0.031250 0.031250
0 0.260937 0.901563 0.028125 0.028125
0 0.356250 0.903125 0.031250 0.031250
0 0.725000 0.526563 0.031250 0.034375
0 0.845313 0.789062 0.034375 0.034375
0 0.584375 0.714063 0.031250 0.028125
0 0.412500 0.793750 0.031250 0.031250
0 0.862500 0.518750 0.031250 0.031250
0 0.693750 0.771875 0.031250 0.031250
0 0.720313 0.464062 0.034375 0.034375
0 0.425000 0.484375 0.031250 0.031250
0 0.967187 0.632812 0.028125 0.028125
0 0.962500 0.401562 0.031250 0.034375
0 0.875000 0.657813 0.031250 0.028125
0 0.534375 0.668750 0.031250 0.031250
0 0.484375 0.503125 0.031250 0.031250
0 0.903125 0.646875 0.031250 0.031250
0 0.437500 0.418750 0.031250 0.031250
0 0.542188 0.518750 0.028125 0.031250
0 0.496875 0.829688 0.031250 0.028125
0 0.593750 0.446875 0.031250 0.031250
0 0.956250 0.843750 0.031250 0.031250
0 0.512500 0.765625 0.031250 0.031250
0 0.434375 0.575000 0.031250 0.031250
0 0.856250 0.876563 0.031250 0.028125
0 0.865625 0.843750 0.031250 0.031250
0 0.428125 0.609375 0.031250 0.031250
0 0.626563 0.673438 0.028125 0.028125
0 0.481250 0.893750 0.031250 0.031250
0 0.903125 0.800000 0.031250 0.031250
0 0.465625 0.959375 0.031250 0.031250
0 0.604688 0.415625 0.034375 0.031250
0 0.318750 0.667188 0.031250 0.034375
0 0.300000 0.573438 0.037500 0.034375
0 0.946875 0.490625 0.031250 0.031250
0 0.517188 0.495312 0.028125 0.028125
0 0.843750 0.546875 0.031250 0.031250
0 0.659375 0.664062 0.031250 0.028125
0 0.950000 0.548438 0.031250 0.034375
0 0.631250 0.525000 0.031250 0.031250
0 0.532813 0.550000 0.028125 0.031250
0 0.800000 0.709375 0.031250 0.031250
0 0.690625 0.925000 0.031250 0.031250
0 0.439063 0.815625 0.028125 0.031250
0 0.387500 0.892188 0.031250 0.028125
0 0.589063 0.834375 0.028125 0.031250
0 0.757812 0.634375 0.028125 0.031250
0 0.264062 0.867188 0.034375 0.034375
0 0.464062 0.839063 0.028125 0.028125
0 0.929688 0.460938 0.028125 0.028125
0 0.500000 0.950000 0.031250 0.031250
0 0.601562 0.651563 0.028125 0.028125
0 0.228125 0.950000 0.031250 0.031250
0 0.843750 0.490625 0.031250 0.031250
0 0.718750 0.793750 0.031250 0.031250
0 0.862500 0.575000 0.031250 0.031250
0 0.682813 0.567187 0.028125 0.028125
0 0.879687 0.546875 0.028125 0.031250
0 0.826562 0.732812 0.028125 0.028125
0 0.550000 0.485938 0.031250 0.028125
0 0.932813 0.667188 0.028125 0.028125
0 0.521875 0.734375 0.031250 0.031250
0 0.329688 0.878125 0.034375 0.031250
0 0.448437 0.903125 0.028125 0.031250
0 0.565625 0.931250 0.031250 0.031250
0 0.325000 0.634375 0.031250 0.031250
0 0.840625 0.821875 0.031250 0.031250
0 0.565625 0.542188 0.031250 0.028125
0 0.771875 0.434375 0.031250 0.031250
0 0.618750 0.704688 0.031250 0.028125
0 0.965625 0.518750 0.031250 0.031250
0 0.840625 0.667188 0.031250 0.028125
0 0.853125 0.275000 0.037500 0.037500
0 0.287500 0.921875 0.031250 0.031250
0 0.798438 0.865625 0.034375 0.031250
0 0.228125 0.781250 0.031250 0.031250
0 0.965625 0.932813 0.031250 0.028125
0 0.257812 0.648438 0.034375 0.034375
0 0.734375 0.612500 0.031250 0.031250
0 0.421875 0.760938 0.031250 0.028125
0 0.443750 0.384375 0.031250 0.031250
0 0.512500 0.371875 0.031250 0.031250
0 0.418750 0.521875 0.031250 0.031250
0 0.909375 0.375000 0.031250 0.031250
0 0.635938 0.759375 0.028125 0.031250
0 0.687500 0.803125 0.031250 0.031250
0 0.782813 0.657813 0.028125 0.028125
0 0.600000 0.921875 0.031250 0.031250
0 0.892188 0.406250 0.034375 0.031250
0 0.640625 0.493750 0.031250 0.031250
0 0.828125 0.581250 0.031250 0.031250
0 0.700000 0.892188 0.031250 0.028125
0 0.443750 0.543750 0.031250 0.031250
0 0.725000 0.643750 0.031250 0.031250
0 0.259375 0.937500 0.031250 0.031250
0 0.928125 0.821875 0.031250 0.031250
0 0.665625 0.901563 0.031250 0.028125
0 0.610938 0.737500 0.028125 0.031250
0 0.715625 0.950000 0.031250 0.031250
0 0.354687 0.781250 0.028125 0.031250
0 0.506250 0.403125 0.031250 0.031250
0 0.368750 0.593750 0.031250 0.031250
0 0.871875 0.432812 0.031250 0.034375
0 0.471875 0.806250 0.031250 0.031250
0 0.746875 0.550000 0.031250 0.031250
0 0.615625 0.856250 0.031250 0.031250
0 0.940625 0.912500 0.031250 0.031250
0 0.660937 0.782813 0.028125 0.028125
0 0.490625 0.862500 0.031250 0.031250
0 0.195312 0.960938 0.034375 0.034375
0 0.387500 0.771875 0.031250 0.031250
0 0.859375 0.462500 0.031250 0.031250
0 0.414062 0.914062 0.028125 0.028125
0 0.553125 0.725000 0.031250 0.031250
0 0.279687 0.479687 0.034375 0.034375
0 0.540625 0.909375 0.031250 0.031250
0 0.651563 0.462500 0.028125 0.031250
0 0.506250 0.528125 0.031250 0.031250
0 0.962500 0.459375 0.031250 0.031250
0 0.781250 0.543750 0.031250 0.031250
0 0.528125 0.700000 0.031250 0.031250
0 0.228125 0.815625 0.031250 0.031250
0 0.329688 0.757812 0.028125 0.028125
0 0.573438 0.509375 0.028125 0.031250
0 0.640625 0.878125 0.031250 0.031250
0 0.578125 0.746875 0.031250 0.031250
0 0.210938 0.692187 0.034375 0.034375
0 0.487500 0.742188 0.031250 0.028125
0 0.725000 0.760938 0.031250 0.028125
0 0.700000 0.621875 0.031250 0.031250
0 0.232813 0.884375 0.034375 0.031250
0 0.942187 0.375000 0.028125 0.031250
0 0.418750 0.640625 0.031250 0.031250
0 0.540625 0.395313 0.031250 0.034375
0 0.495312 0.710938 0.028125 0.028125
0 0.468750 0.568750 0.031250 0.031250
0 0.840625 0.365625 0.031250 0.031250
0 0.450000 0.512500 0.031250 0.031250
0 0.401562 0.585938 0.028125 0.028125
0 0.906250 0.304688 0.031250 0.034375
0 0.292187 0.643750 0.034375 0.031250
0 0.446875 0.784375 0.031250 0.031250
0 0.248438 0.682813 0.034375 0.034375
0 0.767188 0.720313 0.028125 0.028125
0 0.775000 0.962500 0.031250 0.031250
0 0.878125 0.778125 0.031250 0.031250
0 0.975000 0.900000 0.031250 0.031250
0 0.896875 0.518750 0.031250 0.031250
0 0.575000 0.390625 0.031250 0.031250
0 0.670312 0.751563 0.028125 0.028125
0 0.396875 0.737500 0.031250 0.031250
0 0.562500 0.693750 0.031250 0.031250
0 0.354687 0.410938 0.034375 0.034375
0 0.385937 0.648438 0.028125 0.028125
0 0.346875 0.812500 0.031250 0.031250
0 0.665625 0.631250 0.031250 0.031250
0 0.706250 0.860938 0.031250 0.028125
0 0.756250 0.518750 0.031250 0.031250
0 0.621875 0.556250 0.031250 0.031250
0 0.934375 0.634375 0.031250 0.031250
0 0.284375 0.676562 0.031250 0.034375
0 0.220312 0.659375 0.034375 0.031250
0 0.704688 0.498437 0.034375 0.034375
0 0.203125 0.757812 0.031250 0.034375
0 0.490625 0.468750 0.031250 0.031250
0 0.840625 0.943750 0.031250 0.031250
0 0.739062 0.581250 0.028125 0.031250
0 0.309375 0.700000 0.031250 0.031250
0 0.789062 0.625000 0.028125 0.031250
0 0.593750 0.682813 0.031250 0.028125
0 0.793750 0.742188 0.031250 0.028125
0 0.160938 0.839063 0.034375 0.034375
0 0.707812 0.589063 0.028125 0.028125
0 0.684375 0.684375 0.031250 0.031250
0 0.739062 0.492188 0.028125 0.028125
0 0.568750 0.421875 0.031250 0.031250
0 0.298438 0.853125 0.034375 0.031250
0 0.398438 0.464062 0.034375 0.034375
0 0.234375 0.746875 0.031250 0.031250
0 0.453125 0.631250 0.031250 0.031250
0 0.959375 0.343750 0.031250 0.031250
0 0.190625 0.860938 0.031250 0.034375
0 0.396875 0.975000 0.031250 0.031250
0 0.735938 0.434375 0.034375 0.031250
0 0.164062 0.907813 0.034375 0.034375
0 0.948438 0.604688 0.028125 0.028125
0 0.900000 0.956250 0.031250 0.031250
0 0.975000 0.745313 0.031250 0.028125
0 0.484375 0.621875 0.031250 0.031250
0 0.504687 0.796875 0.028125 0.031250
0 0.526563 0.581250 0.028125 0.031250
0 0.354687 0.501563 0.034375 0.034375
0 0.370312 0.714063 0.028125 0.028125
0 0.590625 0.564063 0.031250 0.028125
0 0.510938 0.645312 0.028125 0.028125
0 0.371875 0.837500 0.031250 0.031250
0 0.750000 0.939063 0.031250 0.028125
0 0.712500 0.825000 0.031250 0.031250
0 0.568750 0.659375 0.031250 0.031250
0 0.962500 0.812500 0.031250 0.031250
0 0.360938 0.625000 0.028125 0.031250
0 0.403125 0.704688 0.031250 0.028125
0 0.926562 0.978125 0.028125 0.031250
0 0.390625 0.498437 0.031250 0.034375
0 0.615625 0.587500 0.031250 0.031250
0 0.821875 0.615625 0.031250 0.031250
0 0.714063 0.557813 0.028125 0.028125
0 0.157812 0.873437 0.034375 0.034375
0 0.382812 0.528125 0.034375 0.031250
0 0.606250 0.501563 0.031250 0.028125
0 0.715625 0.678125 0.031250 0.031250
0 0.534375 0.309375 0.031250 0.031250
0 0.412500 0.398438 0.031250 0.034375
0 0.648438 0.846875 0.028125 0.031250
0 0.314063 0.542188 0.034375 0.034375
0 0.703125 0.740625 0.031250 0.031250
0 0.164062 0.942187 0.034375 0.034375
0 0.160938 0.770312 0.034375 0.034375
0 0.978125 0.371875 0.031250 0.031250
0 0.260937 0.778125 0.034375 0.031250
0 0.626563 0.439063 0.028125 0.028125
0 0.753125 0.462500 0.031250 0.031250
0 0.740625 0.850000 0.031250 0.031250
0 0.653125 0.814063 0.031250 0.028125
0 0.776563 0.689063 0.028125 0.028125
0 0.493750 0.590625 0.031250 0.031250
0 0.207813 0.723437 0.034375 0.034375
0 0.526563 0.340625 0.028125 0.031250
0 0.575000 0.628125 0.031250 0.031250
0 0.393750 0.618750 0.031250 0.031250
0 0.378125 0.562500 0.031250 0.031250
0 0.879687 0.900000 0.034375 0.031250
0 0.860938 0.393750 0.034375 0.031250
0 0.793750 0.512500 0.031250 0.031250
0 0.629687 0.792188 0.028125 0.028125
0 0.475000 0.412500 0.031250 0.031250
0 0.764062 0.603125 0.028125 0.031250
0 0.157812 0.804688 0.034375 0.034375
0 0.276562 0.707812 0.034375 0.034375
0 0.820312 0.764062 0.028125 0.028125
0 0.829688 0.457813 0.034375 0.034375
0 0.339062 0.460938 0.034375 0.034375
0 0.521875 0.853125 0.031250 0.031250
0 0.978125 0.664062 0.031250 0.034375
0 0.571875 0.778125 0.031250 0.031250
0 0.500000 0.321875 0.031250 0.031250
0 0.428125 0.728125 0.031250 0.031250
0 0.501563 0.559375 0.028125 0.031250
0 0.879687 0.489063 0.028125 0.028125
0 0.173437 0.701562 0.034375 0.034375
0 0.812500 0.487500 0.031250 0.031250
0 0.321875 0.909375 0.031250 0.031250
0 0.431250 0.450000 0.031250 0.031250
0 0.906250 0.923438 0.031250 0.034375
0 0.321875 0.489063 0.031250 0.034375
0 0.279687 0.807813 0.034375 0.034375
0 0.818750 0.392188 0.031250 0.034375
0 0.743750 0.698438 0.031250 0.028125
0 0.276562 0.539062 0.034375 0.034375
0 0.648438 0.578125 0.028125 0.031250
0 0.671875 0.487500 0.031250 0.031250
0 0.553125 0.365625 0.031250 0.031250
0 0.460938 0.717187 0.028125 0.028125
0 0.870313 0.306250 0.034375 0.031250
0 0.557813 0.964063 0.028125 0.028125
0 0.479687 0.775000 0.028125 0.031250
0 0.835938 0.304688 0.034375 0.034375
0 0.948438 0.878125 0.028125 0.031250
0 0.412500 0.553125 0.031250 0.031250
0 0.331250 0.601562 0.031250 0.034375
0 0.295312 0.510938 0.034375 0.034375
0 0.343750 0.693750 0.031250 0.031250
0 0.339062 0.845313 0.028125 0.028125
0 0.665625 0.434375 0.031250 0.031250
0 0.700000 0.431250 0.031250 0.031250
0 0.823438 0.335938 0.034375 0.034375
0 0.478125 0.653125 0.031250 0.031250
0 0.853125 0.603125 0.031250 0.031250
0 0.600000 0.532813 0.031250 0.028125
0 0.334375 0.970313 0.031250 0.034375
0 0.732812 0.729688 0.028125 0.028125
0 0.690625 0.537500 0.031250 0.031250
0 0.806250 0.434375 0.031250 0.031250
0 0.181250 0.665625 0.037500 0.037500
0 0.771875 0.571875 0.031250 0.031250
0 0.350000 0.659375 0.031250 0.031250
0 0.475000 0.537500 0.031250 0.031250
0 0.542188 0.637500 0.028125 0.031250
0 0.348438 0.535937 0.034375 0.034375
0 0.940625 0.315625 0.031250 0.031250
0 0.243750 0.717187 0.031250 0.034375
0 0.687500 0.459375 0.031250 0.031250
0 0.478125 0.381250 0.031250 0.031250
0 0.640625 0.609375 0.031250 0.031250
0 0.650000 0.695312 0.031250 0.028125
0 0.478125 0.350000 0.031250 0.031250
0 0.657813 0.548438 0.028125 0.028125
0 0.368750 0.956250 0.031250 0.031250
0 0.260937 0.970313 0.034375 0.034375
0 0.301563 0.457813 0.034375 0.034375
0 0.957812 0.285938 0.034375 0.034375
0 0.975000 0.312500 0.031250 0.031250
0 0.807813 0.831250 0.028125 0.031250
0 0.596875 0.800000 0.031250 0.031250
0 0.320312 0.789062 0.028125 0.028125
0 0.806250 0.364063 0.031250 0.034375
0 0.965625 0.575000 0.031250 0.031250
0 0.601562 0.290625 0.034375 0.037500
0 0.815625 0.275000 0.037500 0.037500
0 0.887500 0.275000 0.031250 0.031250
0 0.587500 0.356250 0.031250 0.031250
0 0.557813 0.571875 0.028125 0.031250
0 0.634375 0.642188 0.031250 0.028125
0 0.859375 0.334375 0.031250 0.031250
0 0.615625 0.978125 0.031250 0.031250
0 0.609375 0.379688 0.031250 0.034375
0 0.440625 0.350000 0.031250 0.031250
0 0.790625 0.406250 0.031250 0.031250
0 0.257812 0.604688 0.034375 0.034375
0 0.770312 0.842187 0.034375 0.034375
0 0.470313 0.687500 0.028125 0.031250
0 0.206250 0.598437 0.037500 0.034375
0 0.407813 0.946875 0.028125 0.031250
0 0.410938 0.364063 0.034375 0.034375
0 0.595313 0.323437 0.034375 0.034375
0 0.229687 0.626563 0.034375 0.034375
0 0.235937 0.534375 0.034375 0.037500
0 0.584375 0.595313 0.031250 0.028125
0 0.590625 0.954688 0.031250 0.028125
0 0.665625 0.517188 0.031250 0.028125
0 0.567187 0.300000 0.034375 0.031250
0 0.223438 0.567187 0.034375 0.034375
0 0.978125 0.868750 0.031250 0.031250
0 0.981250 0.490625 0.031250 0.031250
0 0.320312 0.426563 0.034375 0.034375
0 0.190625 0.632812 0.037500 0.034375
0 0.646875 0.965625 0.031250 0.031250
0 0.260937 0.570312 0.034375 0.034375
0 0.259375 0.509375 0.031250 0.031250
0 0.642188 0.410938 0.034375 0.034375
0 0.370312 0.442188 0.034375 0.034375
0 0.837500 0.417187 0.031250 0.034375
0 0.925000 0.273438 0.037500 0.034375
0 0.754687 0.404687 0.034375 0.034375
0 0.979688 0.603125 0.028125 0.031250
0 0.673438 0.870313 0.028125 0.028125
0 0.978125 0.431250 0.031250 0.031250
0 0.892188 0.334375 0.034375 0.031250
0 0.979688 0.714063 0.028125 0.028125
0 0.796875 0.306250 0.037500 0.037500
0 0.645312 0.376563 0.034375 0.034375
0 0.376563 0.382812 0.034375 0.034375
0 0.707812 0.978125 0.028125 0.031250
0 0.621875 0.348438 0.031250 0.034375
0 0.775000 0.271875 0.037500 0.037500
0 0.718750 0.406250 0.031250 0.031250
0 0.771875 0.375000 0.031250 0.031250
0 0.164062 0.976562 0.034375 0.034375
0 0.681250 0.403125 0.031250 0.031250
0 0.979688 0.546875 0.028125 0.031250
