0 0.720313 0.685937 0.034375 0.034375
0 0.675000 0.931250 0.031250 0.031250
0 0.862500 0.446875 0.031250 0.031250
0 0.598437 0.596875 0.034375 0.031250
0 0.160938 0.870313 0.034375 0.034375
0 0.581250 0.565625 0.031250 0.031250
0 0.376563 0.892188 0.034375 0.034375
0 0.064062 0.935937 0.034375 0.034375
0 0.893750 0.746875 0.031250 0.031250
0 0.740625 0.478125 0.031250 0.031250
0 0.825000 0.878125 0.031250 0.031250
0 0.614062 0.748437 0.034375 0.034375
0 0.912500 0.718750 0.031250 0.031250
0 0.945312 0.717187 0.034375 0.034375
0 0.931250 0.685937 0.031250 0.034375
0 0.862500 0.567187 0.031250 0.034375
0 0.875000 0.718750 0.031250 0.031250
0 0.687500 0.565625 0.031250 0.031250
0 0.525000 0.914062 0.031250 0.034375
0 0.495312 0.595313 0.034375 0.034375
0 0.898438 0.570312 0.034375 0.034375
0 0.845313 0.596875 0.034375 0.031250
0 0.765625 0.914062 0.031250 0.034375
0 0.687500 0.746875 0.031250 0.031250
0 0.796875 0.893750 0.031250 0.031250
0 0.531250 0.718750 0.031250 0.031250
0 0.512500 0.446875 0.031250 0.031250
0 0.167187 0.765625 0.028125 0.031250
0 0.198437 0.750000 0.034375 0.031250
0 0.926562 0.810937 0.034375 0.034375
0 0.848437 0.356250 0.034375 0.031250
0 0.721875 0.746875 0.031250 0.031250
0 0.775000 0.596875 0.031250 0.031250
0 0.792188 0.568750 0.034375 0.031250
0 0.251563 0.960938 0.034375 0.034375
0 0.878125 0.657813 0.031250 0.034375
0 0.228125 0.765625 0.031250 0.031250
0 0.887500 0.912500 0.031250 0.031250
0 0.912500 0.778125 0.031250 0.031250
0 0.093750 0.387500 0.031250 0.031250
0 0.643750 0.878125 0.031250 0.031250
0 0.221875 0.906250 0.031250 0.031250
0 0.912500 0.657813 0.031250 0.034375
0 0.721875 0.626563 0.031250 0.034375
0 0.598437 0.784375 0.034375 0.037500
0 0.290625 0.734375 0.031250 0.031250
0 0.934375 0.509375 0.031250 0.031250
0 0.937500 0.387500 0.031250 0.031250
0 0.437500 0.929688 0.031250 0.034375
0 0.918750 0.359375 0.031250 0.031250
0 0.439063 0.825000 0.034375 0.031250
0 0.459375 0.656250 0.031250 0.031250
0 0.943750 0.875000 0.031250 0.031250
0 0.828125 0.507812 0.031250 0.034375
0 0.546875 0.748437 0.031250 0.034375
0 0.259375 0.750000 0.031250 0.031250
0 0.225000 0.800000 0.031250 0.031250
0 0.531250 0.595313 0.031250 0.034375
0 0.671875 0.596875 0.031250 0.031250
0 0.651563 0.746875 0.034375 0.031250
0 0.860938 0.626563 0.034375 0.034375
0 0.843750 0.657813 0.031250 0.028125
0 0.382812 0.718750 0.034375 0.031250
0 0.651563 0.626563 0.034375 0.034375
0 0.845313 0.535937 0.034375 0.034375
0 0.843750 0.718750 0.031250 0.031250
0 0.687500 0.628125 0.031250 0.031250
0 0.857812 0.817187 0.034375 0.034375
0 0.893750 0.689063 0.031250 0.034375
0 0.898438 0.626563 0.034375 0.034375
0 0.825000 0.746875 0.031250 0.031250
0 0.343750 0.945312 0.031250 0.034375
0 0.893750 0.807813 0.031250 0.034375
0 0.382812 0.682813 0.034375 0.034375
0 0.318750 0.753125 0.031250 0.031250
0 0.668750 0.718750 0.031250 0.031250
0 0.668750 0.778125 0.031250 0.031250
0 0.734375 0.823438 0.031250 0.034375
0 0.321875 0.715625 0.031250 0.031250
0 0.740625 0.656250 0.031250 0.031250
0 0.809375 0.596875 0.031250 0.031250
0 0.635938 0.417187 0.034375 0.034375
0 0.881250 0.600000 0.031250 0.031250
0 0.756250 0.745313 0.031250 0.034375
0 0.914062 0.854688 0.034375 0.034375
0 0.953125 0.418750 0.031250 0.031250
0 0.618750 0.446875 0.031250 0.031250
0 0.406250 0.912500 0.031250 0.031250
0 0.535937 0.798438 0.034375 0.034375
0 0.196875 0.784375 0.031250 0.031250
0 0.515625 0.684375 0.031250 0.031250
0 0.865625 0.506250 0.031250 0.031250
0 0.932813 0.628125 0.034375 0.031250
0 0.734375 0.859375 0.031250 0.031250
0 0.671875 0.478125 0.031250 0.031250
0 0.828125 0.568750 0.031250 0.031250
0 0.850000 0.298438 0.031250 0.034375
0 0.735938 0.893750 0.034375 0.031250
0 0.900000 0.506250 0.031250 0.031250
0 0.478125 0.626563 0.031250 0.034375
0 0.223438 0.837500 0.034375 0.031250
0 0.414062 0.701562 0.034375 0.034375
0 0.762500 0.840625 0.031250 0.031250
0 0.796875 0.964063 0.031250 0.034375
0 0.440625 0.756250 0.031250 0.031250
0 0.928125 0.750000 0.031250 0.031250
0 0.809375 0.657813 0.031250 0.034375
0 0.285938 0.356250 0.034375 0.031250
0 0.423438 0.657813 0.034375 0.034375
0 0.918750 0.296875 0.031250 0.031250
0 0.635938 0.356250 0.034375 0.031250
0 0.192188 0.960938 0.034375 0.034375
0 0.603125 0.298438 0.031250 0.034375
0 0.912500 0.537500 0.031250 0.031250
0 0.507812 0.779687 0.034375 0.034375
0 0.534375 0.831250 0.031250 0.031250
0 0.573438 0.814063 0.034375 0.034375
0 0.231250 0.731250 0.031250 0.031250
0 0.390625 0.596875 0.031250 0.031250
0 0.881250 0.537500 0.031250 0.031250
0 0.512500 0.562500 0.031250 0.031250
0 0.828125 0.628125 0.031250 0.031250
0 0.371875 0.328125 0.031250 0.031250
0 0.090625 0.448437 0.031250 0.034375
0 0.268750 0.387500 0.031250 0.031250
0 0.757812 0.565625 0.034375 0.031250
0 0.581250 0.746875 0.031250 0.031250
0 0.287500 0.803125 0.031250 0.031250
0 0.703125 0.878125 0.031250 0.031250
0 0.554688 0.895312 0.034375 0.034375
0 0.970313 0.448437 0.034375 0.034375
0 0.193750 0.818750 0.031250 0.031250
0 0.134375 0.781250 0.031250 0.031250
0 0.584375 0.443750 0.031250 0.031250
0 0.512500 0.625000 0.031250 0.031250
0 0.459375 0.595313 0.031250 0.034375
0 0.496875 0.537500 0.031250 0.031250
0 0.617188 0.967187 0.034375 0.034375
0 0.348438 0.768750 0.034375 0.031250
0 0.131250 0.328125 0.031250 0.031250
0 0.600000 0.718750 0.031250 0.031250
0 0.078125 0.359375 0.031250 0.031250
0 0.265625 0.325000 0.031250 0.031250
0 0.503125 0.885938 0.031250 0.034375
0 0.078125 0.481250 0.031250 0.031250
0 0.704688 0.596875 0.034375 0.031250
0 0.828125 0.689063 0.031250 0.034375
0 0.656250 0.328125 0.031250 0.031250
0 0.809375 0.715625 0.031250 0.031250
0 0.162500 0.446875 0.031250 0.031250
0 0.934375 0.450000 0.031250 0.031250
0 0.318750 0.478125 0.031250 0.031250
0 0.146875 0.359375 0.031250 0.031250
0 0.223438 0.871875 0.034375 0.031250
0 0.704688 0.776563 0.034375 0.034375
0 0.565625 0.656250 0.031250 0.031250
0 0.190625 0.923438 0.031250 0.034375
0 0.701562 0.810937 0.034375 0.034375
0 0.600000 0.537500 0.031250 0.031250
0 0.546875 0.506250 0.031250 0.031250
0 0.703125 0.718750 0.031250 0.031250
0 0.293750 0.662500 0.031250 0.031250
0 0.793750 0.506250 0.031250 0.031250
0 0.673438 0.356250 0.034375 0.031250
0 0.668750 0.659375 0.031250 0.031250
0 0.637500 0.475000 0.031250 0.031250
0 0.146875 0.478125 0.031250 0.031250
0 0.443750 0.720313 0.031250 0.034375
0 0.234375 0.387500 0.031250 0.031250
0 0.350000 0.735938 0.031250 0.034375
0 0.162500 0.390625 0.031250 0.031250
0 0.390625 0.356250 0.031250 0.031250
0 0.584375 0.506250 0.031250 0.031250
0 0.565625 0.715625 0.031250 0.031250
0 0.948438 0.537500 0.034375 0.031250
0 0.600000 0.417187 0.031250 0.034375
0 0.409375 0.387500 0.031250 0.031250
0 0.653125 0.506250 0.031250 0.031250
0 0.607812 0.820312 0.034375 0.034375
0 0.200000 0.446875 0.031250 0.031250
0 0.793750 0.746875 0.031250 0.031250
0 0.645312 0.810937 0.034375 0.034375
0 0.407813 0.446875 0.028125 0.031250
0 0.409375 0.806250 0.031250 0.031250
0 0.375000 0.962500 0.031250 0.031250
0 0.548438 0.687500 0.034375 0.031250
0 0.884375 0.298438 0.031250 0.034375
0 0.809375 0.537500 0.031250 0.031250
0 0.412500 0.734375 0.031250 0.031250
0 0.531250 0.656250 0.031250 0.031250
0 0.564063 0.778125 0.034375 0.031250
0 0.251563 0.478125 0.034375 0.031250
0 0.381250 0.753125 0.031250 0.031250
0 0.610938 0.854688 0.034375 0.034375
0 0.478125 0.506250 0.031250 0.031250
0 0.262500 0.715625 0.031250 0.031250
0 0.725000 0.387500 0.031250 0.031250
0 0.495312 0.656250 0.028125 0.031250
0 0.165625 0.800000 0.031250 0.031250
0 0.200000 0.678125 0.031250 0.031250
0 0.771875 0.715625 0.031250 0.031250
0 0.128125 0.448437 0.031250 0.034375
0 0.917188 0.417187 0.034375 0.034375
0 0.885938 0.876563 0.034375 0.034375
0 0.253125 0.890625 0.031250 0.031250
0 0.778125 0.356250 0.031250 0.031250
0 0.765625 0.950000 0.031250 0.031250
0 0.950000 0.478125 0.031250 0.031250
0 0.326562 0.573438 0.034375 0.034375
0 0.614062 0.895312 0.034375 0.034375
0 0.442188 0.790625 0.034375 0.031250
0 0.600000 0.478125 0.031250 0.031250
0 0.887500 0.946875 0.031250 0.031250
0 0.915625 0.892188 0.031250 0.034375
0 0.340625 0.506250 0.031250 0.031250
0 0.937500 0.328125 0.031250 0.031250
0 0.503125 0.851562 0.031250 0.034375
0 0.706250 0.950000 0.031250 0.031250
0 0.584375 0.687500 0.031250 0.031250
0 0.793750 0.387500 0.031250 0.031250
0 0.814063 0.359375 0.034375 0.031250
0 0.737500 0.784375 0.031250 0.031250
0 0.721875 0.565625 0.031250 0.031250
0 0.535937 0.867188 0.034375 0.034375
0 0.146875 0.418750 0.031250 0.031250
0 0.251563 0.296875 0.028125 0.031250
0 0.437500 0.859375 0.031250 0.031250
0 0.704688 0.843750 0.034375 0.031250
0 0.354687 0.359375 0.034375 0.031250
0 0.442188 0.625000 0.034375 0.031250
0 0.918750 0.478125 0.031250 0.031250
0 0.496875 0.356250 0.031250 0.031250
0 0.632812 0.776563 0.034375 0.034375
0 0.600000 0.656250 0.031250 0.031250
0 0.790625 0.628125 0.031250 0.031250
0 0.634375 0.535937 0.031250 0.034375
0 0.793750 0.823438 0.031250 0.034375
0 0.675000 0.896875 0.031250 0.031250
0 0.321875 0.681250 0.031250 0.031250
0 0.478125 0.565625 0.031250 0.031250
0 0.443750 0.446875 0.031250 0.031250
0 0.337500 0.446875 0.031250 0.031250
0 0.653125 0.565625 0.031250 0.031250
0 0.371875 0.506250 0.031250 0.031250
0 0.946875 0.778125 0.031250 0.031250
0 0.215625 0.356250 0.031250 0.031250
0 0.348438 0.804688 0.034375 0.034375
0 0.379688 0.789062 0.034375 0.034375
0 0.284375 0.296875 0.031250 0.031250
0 0.867188 0.387500 0.034375 0.031250
0 0.251563 0.925000 0.034375 0.031250
0 0.128125 0.387500 0.031250 0.031250
0 0.618750 0.506250 0.031250 0.031250
0 0.675000 0.828125 0.031250 0.031250
0 0.531250 0.537500 0.031250 0.031250
0 0.409375 0.840625 0.031250 0.031250
0 0.859375 0.687500 0.031250 0.031250
0 0.585938 0.876563 0.034375 0.034375
0 0.793750 0.859375 0.031250 0.031250
0 0.471875 0.737500 0.031250 0.031250
0 0.953125 0.359375 0.031250 0.031250
0 0.425000 0.534375 0.031250 0.031250
0 0.757812 0.628125 0.034375 0.031250
0 0.831250 0.385937 0.031250 0.034375
0 0.704688 0.537500 0.034375 0.031250
0 0.471875 0.809375 0.031250 0.031250
0 0.215625 0.417187 0.031250 0.034375
0 0.706250 0.415625 0.031250 0.031250
0 0.443750 0.687500 0.031250 0.031250
0 0.793750 0.931250 0.031250 0.031250
0 0.687500 0.446875 0.031250 0.031250
0 0.706250 0.356250 0.031250 0.031250
0 0.251563 0.359375 0.034375 0.031250
0 0.073438 0.420312 0.034375 0.034375
0 0.287500 0.417187 0.031250 0.034375
0 0.945312 0.839063 0.034375 0.034375
0 0.406250 0.625000 0.031250 0.031250
0 0.668750 0.537500 0.031250 0.031250
0 0.884375 0.356250 0.031250 0.031250
0 0.743750 0.357812 0.031250 0.034375
0 0.531250 0.415625 0.031250 0.031250
0 0.553125 0.931250 0.031250 0.031250
0 0.409375 0.325000 0.031250 0.031250
0 0.900000 0.448437 0.031250 0.034375
0 0.567187 0.846875 0.034375 0.037500
0 0.254688 0.820312 0.034375 0.034375
0 0.656250 0.446875 0.031250 0.031250
0 0.809375 0.475000 0.031250 0.031250
0 0.303125 0.443750 0.031250 0.031250
0 0.776563 0.420312 0.034375 0.034375
0 0.634375 0.657813 0.031250 0.034375
0 0.690625 0.328125 0.031250 0.031250
0 0.231250 0.328125 0.031250 0.031250
0 0.756250 0.687500 0.031250 0.031250
0 0.325000 0.643750 0.031250 0.031250
0 0.970313 0.389062 0.034375 0.034375
0 0.634375 0.718750 0.031250 0.031250
0 0.409375 0.771875 0.031250 0.031250
0 0.823438 0.912500 0.028125 0.031250
0 0.425000 0.593750 0.031250 0.031250
0 0.946875 0.909375 0.031250 0.031250
0 0.443750 0.506250 0.031250 0.031250
0 0.181250 0.359375 0.031250 0.031250
0 0.303125 0.387500 0.031250 0.031250
0 0.337500 0.387500 0.031250 0.031250
0 0.546875 0.564063 0.031250 0.028125
0 0.796875 0.329688 0.031250 0.034375
0 0.470313 0.843750 0.034375 0.031250
0 0.303125 0.328125 0.031250 0.031250
0 0.876563 0.778125 0.034375 0.031250
0 0.964063 0.748437 0.034375 0.034375
0 0.584375 0.387500 0.031250 0.031250
0 0.375000 0.565625 0.031250 0.031250
0 0.109375 0.359375 0.031250 0.031250
0 0.740625 0.596875 0.031250 0.031250
0 0.725000 0.325000 0.031250 0.031250
0 0.303125 0.506250 0.031250 0.031250
0 0.460938 0.535937 0.034375 0.034375
0 0.356250 0.475000 0.031250 0.031250
0 0.057813 0.389062 0.034375 0.034375
0 0.759375 0.325000 0.031250 0.031250
0 0.643750 0.948438 0.031250 0.028125
0 0.946875 0.945312 0.031250 0.034375
0 0.687500 0.687500 0.031250 0.031250
0 0.585938 0.948438 0.034375 0.034375
0 0.232813 0.520312 0.034375 0.034375
0 0.831250 0.328125 0.031250 0.031250
0 0.468750 0.910937 0.031250 0.034375
0 0.790625 0.687500 0.031250 0.031250
0 0.159375 0.976562 0.031250 0.034375
0 0.318750 0.296875 0.031250 0.031250
0 0.390625 0.537500 0.031250 0.031250
0 0.473438 0.775000 0.034375 0.031250
0 0.109375 0.418750 0.031250 0.031250
0 0.931250 0.568750 0.031250 0.031250
0 0.737500 0.931250 0.031250 0.031250
0 0.409375 0.875000 0.031250 0.031250
0 0.460938 0.295312 0.034375 0.034375
0 0.918750 0.925000 0.031250 0.031250
0 0.846875 0.415625 0.031250 0.031250
0 0.882812 0.840625 0.034375 0.031250
0 0.618750 0.328125 0.031250 0.031250
0 0.145313 0.300000 0.034375 0.031250
0 0.254688 0.853125 0.034375 0.031250
0 0.371875 0.387500 0.031250 0.031250
0 0.954688 0.296875 0.034375 0.031250
0 0.468750 0.878125 0.031250 0.031250
0 0.428125 0.356250 0.031250 0.031250
0 0.807813 0.778125 0.034375 0.031250
0 0.192188 0.853125 0.034375 0.031250
0 0.493750 0.931250 0.031250 0.031250
0 0.378125 0.821875 0.031250 0.031250
0 0.042188 0.710938 0.034375 0.034375
0 0.268750 0.448437 0.031250 0.034375
0 0.767188 0.876563 0.034375 0.034375
0 0.198437 0.715625 0.028125 0.031250
0 0.968750 0.509375 0.031250 0.031250
0 0.843750 0.778125 0.031250 0.031250
0 0.965625 0.567187 0.031250 0.034375
0 0.193750 0.890625 0.031250 0.031250
0 0.506250 0.815625 0.031250 0.031250
0 0.323437 0.610938 0.034375 0.034375
0 0.550000 0.387500 0.031250 0.031250
0 0.512500 0.387500 0.031250 0.031250
0 0.651563 0.689063 0.028125 0.028125
0 0.531250 0.296875 0.031250 0.031250
0 0.371875 0.446875 0.031250 0.031250
0 0.704688 0.656250 0.028125 0.031250
0 0.382812 0.648438 0.034375 0.034375
0 0.970313 0.326562 0.034375 0.034375
0 0.260937 0.643750 0.034375 0.031250
0 0.406250 0.943750 0.031250 0.031250
0 0.409375 0.565625 0.031250 0.031250
0 0.854688 0.893750 0.028125 0.031250
0 0.215625 0.475000 0.031250 0.031250
0 0.637500 0.298438 0.031250 0.034375
0 0.171875 0.696875 0.031250 0.031250
0 0.268750 0.506250 0.031250 0.031250
0 0.356250 0.537500 0.031250 0.031250
0 0.095312 0.328125 0.034375 0.031250
0 0.510938 0.746875 0.034375 0.031250
0 0.198437 0.387500 0.034375 0.031250
0 0.618750 0.687500 0.031250 0.031250
0 0.854688 0.859375 0.034375 0.031250
0 0.945312 0.598437 0.034375 0.034375
0 0.478125 0.687500 0.031250 0.031250
0 0.635938 0.595313 0.034375 0.034375
0 0.778125 0.475000 0.031250 0.031250
0 0.076563 0.517188 0.034375 0.034375
0 0.162500 0.509375 0.031250 0.031250
0 0.234375 0.446875 0.031250 0.031250
0 0.568750 0.418750 0.031250 0.031250
0 0.048438 0.570312 0.034375 0.034375
0 0.812500 0.296875 0.031250 0.031250
0 0.075000 0.590625 0.031250 0.031250
0 0.293750 0.700000 0.031250 0.031250
0 0.107813 0.607812 0.034375 0.034375
0 0.109375 0.296875 0.031250 0.031250
0 0.107813 0.639062 0.034375 0.034375
0 0.256250 0.782813 0.031250 0.028125
0 0.353125 0.665625 0.031250 0.031250
0 0.512500 0.506250 0.031250 0.031250
0 0.100000 0.781250 0.031250 0.031250
0 0.354687 0.628125 0.034375 0.031250
0 0.965625 0.687500 0.031250 0.031250
0 0.778125 0.296875 0.031250 0.031250
0 0.740625 0.418750 0.031250 0.031250
0 0.287500 0.765625 0.031250 0.031250
0 0.350000 0.700000 0.031250 0.031250
0 0.140625 0.607812 0.031250 0.034375
0 0.168750 0.731250 0.031250 0.031250
0 0.478125 0.328125 0.031250 0.031250
0 0.443750 0.329688 0.031250 0.034375
0 0.390625 0.296875 0.031250 0.031250
0 0.653125 0.387500 0.031250 0.031250
0 0.548438 0.443750 0.034375 0.031250
0 0.709375 0.296875 0.031250 0.031250
0 0.615625 0.625000 0.031250 0.031250
0 0.762500 0.809375 0.031250 0.031250
0 0.201563 0.504687 0.034375 0.034375
0 0.642188 0.845313 0.034375 0.034375
0 0.046875 0.500000 0.031250 0.031250
0 0.531250 0.475000 0.031250 0.031250
0 0.220312 0.943750 0.034375 0.031250
0 0.675000 0.859375 0.031250 0.031250
0 0.618750 0.387500 0.031250 0.031250
0 0.134375 0.818750 0.031250 0.031250
0 0.795312 0.267188 0.034375 0.034375
0 0.676562 0.968750 0.034375 0.031250
0 0.128125 0.957812 0.031250 0.034375
0 0.965625 0.628125 0.031250 0.031250
0 0.075000 0.296875 0.031250 0.031250
0 0.759375 0.509375 0.031250 0.031250
0 0.293750 0.590625 0.031250 0.031250
0 0.459375 0.415625 0.031250 0.031250
0 0.496875 0.415625 0.031250 0.031250
0 0.740625 0.537500 0.031250 0.031250
0 0.620313 0.264062 0.034375 0.034375
0 0.901563 0.328125 0.028125 0.031250
0 0.040625 0.745313 0.031250 0.034375
0 0.425000 0.296875 0.031250 0.031250
0 0.515625 0.328125 0.031250 0.031250
0 0.829688 0.265625 0.034375 0.037500
0 0.098437 0.815625 0.034375 0.031250
0 0.881250 0.478125 0.031250 0.031250
0 0.390625 0.417187 0.031250 0.034375
0 0.465625 0.950000 0.031250 0.031250
0 0.525000 0.950000 0.031250 0.031250
0 0.479687 0.443750 0.028125 0.031250
0 0.810937 0.417187 0.034375 0.034375
0 0.437500 0.890625 0.031250 0.031250
0 0.546875 0.626563 0.031250 0.028125
0 0.825000 0.843750 0.031250 0.031250
0 0.737500 0.715625 0.031250 0.031250
0 0.337500 0.325000 0.031250 0.031250
0 0.828125 0.446875 0.031250 0.031250
0 0.032813 0.954688 0.034375 0.034375
0 0.565625 0.475000 0.031250 0.031250
0 0.743750 0.296875 0.031250 0.031250
0 0.162500 0.834375 0.031250 0.031250
0 0.689063 0.385937 0.034375 0.034375
0 0.390625 0.475000 0.031250 0.031250
0 0.318750 0.787500 0.031250 0.031250
0 0.615625 0.931250 0.031250 0.031250
0 0.284375 0.837500 0.031250 0.031250
0 0.160938 0.907813 0.034375 0.034375
0 0.565625 0.537500 0.031250 0.031250
0 0.443750 0.387500 0.031250 0.031250
0 0.078125 0.553125 0.031250 0.031250
0 0.178125 0.475000 0.031250 0.031250
0 0.553125 0.965625 0.031250 0.031250
0 0.859375 0.746875 0.031250 0.031250
0 0.321875 0.354687 0.031250 0.034375
0 0.071875 0.762500 0.031250 0.031250
0 0.318750 0.539062 0.031250 0.034375
0 0.378125 0.854688 0.031250 0.034375
0 0.706250 0.914062 0.031250 0.034375
0 0.584375 0.912500 0.031250 0.031250
0 0.434375 0.964063 0.031250 0.034375
0 0.407813 0.506250 0.034375 0.031250
0 0.375000 0.928125 0.031250 0.031250
0 0.568750 0.298438 0.031250 0.034375
0 0.946875 0.657813 0.031250 0.034375
0 0.478125 0.385937 0.031250 0.028125
0 0.496875 0.714063 0.031250 0.034375
0 0.914062 0.596875 0.028125 0.031250
0 0.251563 0.418750 0.028125 0.031250
0 0.181250 0.418750 0.031250 0.031250
0 0.318750 0.820312 0.031250 0.034375
0 0.618750 0.565625 0.031250 0.031250
0 0.865625 0.328125 0.031250 0.031250
0 0.312500 0.925000 0.031250 0.031250
0 0.268750 0.264062 0.031250 0.034375
0 0.132812 0.925000 0.034375 0.031250
0 0.354687 0.298438 0.034375 0.034375
0 0.770312 0.776563 0.034375 0.034375
0 0.737500 0.965625 0.031250 0.031250
0 0.037500 0.781250 0.031250 0.031250
0 0.345313 0.909375 0.034375 0.031250
0 0.459375 0.359375 0.031250 0.031250
0 0.287500 0.478125 0.031250 0.031250
0 0.043750 0.465625 0.031250 0.031250
0 0.687500 0.506250 0.031250 0.031250
0 0.759375 0.267188 0.031250 0.034375
0 0.110937 0.479687 0.034375 0.034375
0 0.356250 0.593750 0.031250 0.031250
0 0.314063 0.962500 0.034375 0.031250
0 0.353125 0.418750 0.031250 0.031250
0 0.428125 0.478125 0.031250 0.031250
0 0.756250 0.448437 0.031250 0.028125
0 0.137500 0.746875 0.031250 0.031250
0 0.671875 0.418750 0.031250 0.031250
0 0.671875 0.296875 0.031250 0.031250
0 0.917188 0.964063 0.034375 0.034375
0 0.793750 0.446875 0.031250 0.031250
0 0.600000 0.356250 0.031250 0.031250
0 0.075000 0.621875 0.031250 0.031250
0 0.162500 0.943750 0.031250 0.031250
0 0.462500 0.475000 0.031250 0.031250
0 0.564063 0.595313 0.028125 0.028125
0 0.262500 0.609375 0.031250 0.031250
0 0.171875 0.659375 0.031250 0.031250
0 0.443750 0.562500 0.031250 0.031250
0 0.025000 0.387500 0.031250 0.031250
0 0.775000 0.537500 0.031250 0.031250
0 0.900000 0.387500 0.031250 0.031250
0 0.068750 0.798438 0.031250 0.034375
0 0.762500 0.387500 0.031250 0.031250
0 0.040625 0.300000 0.031250 0.031250
0 0.043750 0.356250 0.031250 0.031250
0 0.129688 0.267188 0.034375 0.034375
0 0.550000 0.325000 0.031250 0.031250
0 0.901563 0.267188 0.034375 0.034375
0 0.140625 0.642188 0.031250 0.034375
0 0.867188 0.264062 0.034375 0.034375
0 0.425000 0.417187 0.031250 0.028125
0 0.178125 0.296875 0.031250 0.031250
0 0.721875 0.509375 0.031250 0.031250
0 0.775000 0.657813 0.031250 0.028125
0 0.293750 0.625000 0.031250 0.031250
0 0.825000 0.948438 0.031250 0.028125
0 0.260937 0.540625 0.034375 0.031250
0 0.478125 0.264062 0.037500 0.034375
0 0.164062 0.264062 0.034375 0.034375
0 0.581250 0.625000 0.031250 0.031250
0 0.204687 0.540625 0.034375 0.031250
0 0.318750 0.417187 0.031250 0.028125
0 0.046875 0.537500 0.031250 0.031250
0 0.643750 0.912500 0.031250 0.031250
0 0.095312 0.264062 0.034375 0.034375
0 0.104688 0.748437 0.034375 0.034375
0 0.301563 0.262500 0.034375 0.037500
0 0.071875 0.728125 0.031250 0.031250
0 0.512500 0.265625 0.037500 0.037500
0 0.171875 0.626563 0.031250 0.034375
0 0.106250 0.571875 0.031250 0.031250
0 0.096875 0.956250 0.031250 0.031250
0 0.234375 0.559375 0.031250 0.031250
0 0.442188 0.262500 0.034375 0.037500
0 0.075000 0.656250 0.031250 0.031250
0 0.706250 0.475000 0.031250 0.031250
0 0.496875 0.296875 0.031250 0.031250
0 0.165625 0.329688 0.031250 0.028125
0 0.584375 0.328125 0.031250 0.031250
0 0.071875 0.692187 0.031250 0.034375
0 0.171875 0.590625 0.031250 0.031250
0 0.046875 0.606250 0.031250 0.031250
0 0.059375 0.265625 0.037500 0.037500
0 0.723437 0.445312 0.028125 0.028125
0 0.059375 0.328125 0.031250 0.031250
0 0.173437 0.556250 0.034375 0.031250
0 0.200000 0.642188 0.031250 0.034375
0 0.976562 0.876563 0.034375 0.034375
0 0.337500 0.267188 0.031250 0.034375
0 0.935937 0.267188 0.034375 0.034375
0 0.568750 0.356250 0.031250 0.031250
0 0.582812 0.267188 0.034375 0.034375
0 0.293750 0.559375 0.031250 0.031250
0 0.978125 0.781250 0.031250 0.031250
0 0.142187 0.573438 0.034375 0.034375
0 0.064062 0.971875 0.034375 0.031250
0 0.220312 0.978125 0.028125 0.031250
0 0.407813 0.267188 0.034375 0.034375
0 0.403125 0.978125 0.031250 0.031250
0 0.018750 0.520312 0.031250 0.034375
0 0.262500 0.575000 0.031250 0.031250
0 0.823438 0.807813 0.034375 0.034375
0 0.284375 0.943750 0.031250 0.031250
0 0.532813 0.359375 0.034375 0.031250
0 0.042188 0.675000 0.034375 0.031250
0 0.282813 0.978125 0.034375 0.031250
0 0.198437 0.328125 0.034375 0.031250
0 0.343750 0.978125 0.031250 0.031250
0 0.226562 0.696875 0.028125 0.031250
0 0.856250 0.965625 0.031250 0.031250
0 0.975000 0.840625 0.031250 0.031250
0 0.970313 0.267188 0.034375 0.034375
0 0.656250 0.267188 0.031250 0.034375
0 0.881250 0.417187 0.031250 0.028125
0 0.231250 0.628125 0.031250 0.031250
0 0.548438 0.265625 0.034375 0.037500
0 0.723437 0.264062 0.034375 0.034375
0 0.042188 0.431250 0.034375 0.031250
0 0.948438 0.978125 0.028125 0.031250
0 0.496875 0.481250 0.031250 0.031250
0 0.964063 0.809375 0.034375 0.031250
