0 0.310937 0.804688 0.034375 0.034375
0 0.729688 0.882812 0.028125 0.028125
0 0.032813 0.642188 0.028125 0.028125
0 0.732812 0.914062 0.028125 0.028125
0 0.515625 0.940625 0.031250 0.031250
0 0.698438 0.835938 0.028125 0.028125
0 0.089063 0.867188 0.028125 0.028125
0 0.060937 0.851562 0.028125 0.028125
0 0.560937 0.753125 0.028125 0.031250
0 0.059375 0.690625 0.031250 0.031250
0 0.087500 0.832812 0.031250 0.028125
0 0.753125 0.832812 0.031250 0.028125
0 0.196875 0.610938 0.031250 0.028125
0 0.593750 0.893750 0.031250 0.031250
0 0.120313 0.529687 0.028125 0.028125
0 0.059375 0.753125 0.031250 0.031250
0 0.457813 0.910937 0.028125 0.028125
0 0.723437 0.784375 0.028125 0.031250
0 0.401562 0.879687 0.028125 0.028125
0 0.117188 0.882812 0.028125 0.028125
0 0.117188 0.784375 0.028125 0.031250
0 0.567187 0.942187 0.028125 0.028125
0 0.120313 0.467187 0.028125 0.028125
0 0.723437 0.817187 0.028125 0.028125
0 0.553125 0.470313 0.031250 0.028125
0 0.703125 0.898438 0.031250 0.028125
0 0.643750 0.831250 0.031250 0.031250
0 0.648438 0.895312 0.028125 0.028125
0 0.640625 0.706250 0.031250 0.031250
0 0.117188 0.815625 0.028125 0.031250
0 0.114062 0.657813 0.028125 0.028125
0 0.064062 0.914062 0.028125 0.028125
0 0.485938 0.925000 0.028125 0.031250
0 0.060937 0.654687 0.028125 0.028125
0 0.650000 0.926562 0.031250 0.028125
0 0.195312 0.673438 0.028125 0.028125
0 0.812500 0.865625 0.031250 0.031250
0 0.168750 0.815625 0.031250 0.031250
0 0.671875 0.815625 0.031250 0.031250
0 0.592187 0.862500 0.028125 0.031250
0 0.253125 0.645312 0.031250 0.028125
0 0.143750 0.606250 0.031250 0.031250
0 0.143750 0.898438 0.031250 0.028125
0 0.781250 0.818750 0.031250 0.031250
0 0.670312 0.685937 0.028125 0.028125
0 0.643750 0.800000 0.031250 0.031250
0 0.087500 0.704688 0.031250 0.028125
0 0.087500 0.673438 0.031250 0.028125
0 0.170313 0.626563 0.028125 0.028125
0 0.117188 0.948438 0.028125 0.028125
0 0.060937 0.500000 0.028125 0.031250
0 0.342187 0.820312 0.028125 0.028125
0 0.175000 0.559375 0.031250 0.031250
0 0.620313 0.910937 0.028125 0.028125
0 0.170313 0.879687 0.028125 0.028125
0 0.195312 0.832812 0.028125 0.028125
0 0.479687 0.800000 0.028125 0.031250
0 0.092188 0.514062 0.028125 0.028125
0 0.564063 0.815625 0.028125 0.031250
0 0.060937 0.623437 0.028125 0.028125
0 0.203125 0.450000 0.031250 0.031250
0 0.726562 0.751563 0.028125 0.028125
0 0.035937 0.932813 0.028125 0.028125
0 0.503125 0.690625 0.031250 0.031250
0 0.089063 0.768750 0.028125 0.031250
0 0.532813 0.737500 0.028125 0.031250
0 0.034375 0.832812 0.031250 0.028125
0 0.556250 0.596875 0.031250 0.031250
0 0.418750 0.676562 0.031250 0.028125
0 0.701562 0.867188 0.028125 0.028125
0 0.500000 0.534375 0.031250 0.031250
0 0.671875 0.784375 0.031250 0.031250
0 0.120313 0.437500 0.028125 0.031250
0 0.570312 0.976562 0.028125 0.028125
0 0.064062 0.882812 0.028125 0.028125
0 0.429688 0.864062 0.028125 0.028125
0 0.807813 0.831250 0.028125 0.031250
0 0.170313 0.592187 0.028125 0.028125
0 0.087500 0.800000 0.031250 0.031250
0 0.089063 0.735938 0.028125 0.028125
0 0.226562 0.598437 0.028125 0.028125
0 0.529687 0.614062 0.028125 0.028125
0 0.384375 0.904687 0.025000 0.028125
0 0.117188 0.914062 0.028125 0.028125
0 0.168750 0.848437 0.031250 0.028125
0 0.514062 0.909375 0.028125 0.031250
0 0.542188 0.957812 0.028125 0.028125
0 0.145313 0.931250 0.028125 0.031250
0 0.479687 0.770312 0.028125 0.028125
0 0.757812 0.929688 0.028125 0.028125
0 0.178125 0.468750 0.031250 0.031250
0 0.195312 0.642188 0.028125 0.028125
0 0.331250 0.878125 0.031250 0.031250
0 0.701562 0.929688 0.028125 0.028125
0 0.260937 0.514062 0.028125 0.028125
0 0.248438 0.862500 0.028125 0.031250
0 0.331250 0.909375 0.031250 0.031250
0 0.114062 0.562500 0.028125 0.031250
0 0.089063 0.607812 0.028125 0.028125
0 0.485938 0.893750 0.028125 0.031250
0 0.090625 0.453125 0.031250 0.031250
0 0.514062 0.878125 0.028125 0.031250
0 0.729688 0.945312 0.028125 0.028125
0 0.667188 0.721875 0.028125 0.031250
0 0.345313 0.429688 0.028125 0.028125
0 0.610938 0.690625 0.028125 0.031250
0 0.470313 0.490625 0.028125 0.031250
0 0.500000 0.567187 0.031250 0.028125
0 0.501563 0.598437 0.028125 0.028125
0 0.496875 0.503125 0.031250 0.031250
0 0.673438 0.879687 0.028125 0.028125
0 0.645312 0.862500 0.028125 0.031250
0 0.089063 0.545312 0.028125 0.028125
0 0.060937 0.784375 0.028125 0.031250
0 0.560937 0.689063 0.028125 0.028125
0 0.784375 0.848437 0.031250 0.028125
0 0.698438 0.770312 0.028125 0.028125
0 0.414062 0.921875 0.028125 0.031250
0 0.370312 0.801562 0.028125 0.028125
0 0.092188 0.482812 0.028125 0.028125
0 0.337500 0.757812 0.025000 0.028125
0 0.143750 0.864062 0.031250 0.028125
0 0.032813 0.579688 0.028125 0.028125
0 0.564063 0.878125 0.028125 0.031250
0 0.089063 0.576562 0.028125 0.028125
0 0.345313 0.851562 0.028125 0.028125
0 0.287500 0.531250 0.031250 0.031250
0 0.454688 0.846875 0.028125 0.031250
0 0.439063 0.967187 0.028125 0.028125
0 0.420312 0.645312 0.028125 0.028125
0 0.321875 0.451562 0.031250 0.028125
0 0.232813 0.500000 0.028125 0.031250
0 0.398438 0.848437 0.028125 0.028125
0 0.696875 0.737500 0.031250 0.031250
0 0.089063 0.931250 0.028125 0.031250
0 0.254688 0.676562 0.028125 0.028125
0 0.757812 0.895312 0.028125 0.028125
0 0.032813 0.607812 0.028125 0.028125
0 0.032813 0.545312 0.028125 0.028125
0 0.451562 0.723437 0.028125 0.028125
0 0.676562 0.910937 0.028125 0.028125
0 0.484375 0.831250 0.031250 0.031250
0 0.293750 0.501563 0.031250 0.028125
0 0.114062 0.848437 0.028125 0.028125
0 0.642188 0.768750 0.028125 0.031250
0 0.623437 0.942187 0.028125 0.028125
0 0.565625 0.909375 0.031250 0.031250
0 0.476562 0.675000 0.028125 0.031250
0 0.120313 0.498437 0.028125 0.028125
0 0.143750 0.831250 0.031250 0.031250
0 0.204687 0.484375 0.028125 0.031250
0 0.532813 0.706250 0.028125 0.031250
0 0.139063 0.642188 0.028125 0.028125
0 0.585938 0.643750 0.028125 0.031250
0 0.117188 0.623437 0.028125 0.028125
0 0.431250 0.895312 0.031250 0.028125
0 0.356250 0.523438 0.031250 0.028125
0 0.668750 0.753125 0.031250 0.031250
0 0.282813 0.695312 0.028125 0.028125
0 0.060937 0.592187 0.028125 0.028125
0 0.637500 0.675000 0.031250 0.031250
0 0.060937 0.721875 0.028125 0.031250
0 0.785937 0.914062 0.028125 0.028125
0 0.175000 0.498437 0.031250 0.028125
0 0.539062 0.925000 0.028125 0.031250
0 0.751563 0.768750 0.028125 0.031250
0 0.675000 0.976562 0.031250 0.028125
0 0.060937 0.817187 0.028125 0.028125
0 0.195312 0.864062 0.028125 0.028125
0 0.448437 0.692187 0.028125 0.028125
0 0.231250 0.439063 0.031250 0.028125
0 0.385937 0.939063 0.028125 0.028125
0 0.564063 0.846875 0.028125 0.031250
0 0.201563 0.576562 0.028125 0.028125
0 0.456250 0.878125 0.031250 0.031250
0 0.585938 0.706250 0.028125 0.031250
0 0.251563 0.831250 0.028125 0.031250
0 0.526563 0.551562 0.028125 0.028125
0 0.278125 0.818750 0.031250 0.031250
0 0.442188 0.504687 0.028125 0.028125
0 0.315625 0.837500 0.031250 0.031250
0 0.310937 0.676562 0.028125 0.028125
0 0.535937 0.831250 0.028125 0.031250
0 0.148438 0.451562 0.028125 0.028125
0 0.525000 0.485938 0.031250 0.028125
0 0.495312 0.440625 0.028125 0.031250
0 0.614062 0.659375 0.028125 0.031250
0 0.732812 0.976562 0.028125 0.028125
0 0.060937 0.560937 0.028125 0.028125
0 0.598437 0.957812 0.028125 0.028125
0 0.365625 0.709375 0.031250 0.031250
0 0.340625 0.785937 0.031250 0.028125
0 0.476562 0.739062 0.028125 0.028125
0 0.254688 0.707812 0.028125 0.028125
0 0.062500 0.406250 0.031250 0.031250
0 0.195312 0.898438 0.028125 0.028125
0 0.373437 0.832812 0.028125 0.028125
0 0.325000 0.510938 0.031250 0.028125
0 0.414062 0.951562 0.028125 0.028125
0 0.034375 0.900000 0.031250 0.031250
0 0.595313 0.926562 0.028125 0.028125
0 0.357812 0.923438 0.028125 0.028125
0 0.532813 0.770312 0.028125 0.028125
0 0.251563 0.585938 0.028125 0.028125
0 0.201563 0.545312 0.028125 0.028125
0 0.282813 0.632812 0.028125 0.028125
0 0.692187 0.706250 0.028125 0.031250
0 0.504687 0.721875 0.028125 0.031250
0 0.585938 0.737500 0.028125 0.031250
0 0.589063 0.800000 0.028125 0.031250
0 0.114062 0.751563 0.028125 0.028125
0 0.389062 0.570312 0.028125 0.028125
0 0.420312 0.707812 0.028125 0.028125
0 0.560937 0.784375 0.028125 0.031250
0 0.521875 0.454688 0.031250 0.028125
0 0.482812 0.862500 0.028125 0.031250
0 0.148438 0.545312 0.028125 0.028125
0 0.670312 0.851562 0.028125 0.028125
0 0.721875 0.718750 0.031250 0.031250
0 0.617188 0.815625 0.028125 0.031250
0 0.442188 0.567187 0.028125 0.028125
0 0.676562 0.945312 0.028125 0.028125
0 0.034375 0.800000 0.031250 0.031250
0 0.473438 0.582812 0.028125 0.028125
0 0.614062 0.753125 0.028125 0.031250
0 0.504687 0.753125 0.028125 0.031250
0 0.751563 0.801562 0.028125 0.028125
0 0.142187 0.576562 0.028125 0.028125
0 0.226562 0.629687 0.028125 0.028125
0 0.260937 0.482812 0.028125 0.028125
0 0.060937 0.529687 0.028125 0.028125
0 0.395313 0.692187 0.028125 0.028125
0 0.554688 0.534375 0.028125 0.031250
0 0.364063 0.617188 0.028125 0.028125
0 0.445312 0.598437 0.028125 0.028125
0 0.226562 0.692187 0.028125 0.028125
0 0.470313 0.520312 0.028125 0.028125
0 0.382812 0.482812 0.028125 0.028125
0 0.620313 0.879687 0.028125 0.028125
0 0.142187 0.798438 0.028125 0.028125
0 0.181250 0.428125 0.031250 0.031250
0 0.170313 0.657813 0.028125 0.028125
0 0.785937 0.945312 0.028125 0.028125
0 0.209375 0.415625 0.031250 0.031250
0 0.442188 0.535937 0.028125 0.028125
0 0.117188 0.592187 0.028125 0.028125
0 0.173437 0.946875 0.028125 0.025000
0 0.757812 0.960938 0.028125 0.028125
0 0.617188 0.784375 0.028125 0.031250
0 0.696875 0.653125 0.031250 0.031250
0 0.534375 0.800000 0.031250 0.031250
0 0.407813 0.432812 0.028125 0.028125
0 0.225000 0.387500 0.031250 0.031250
0 0.385937 0.510938 0.028125 0.028125
0 0.473438 0.614062 0.028125 0.028125
0 0.698438 0.801562 0.028125 0.028125
0 0.173437 0.978125 0.028125 0.025000
0 0.420312 0.614062 0.028125 0.028125
0 0.282813 0.660937 0.028125 0.028125
0 0.034375 0.423438 0.031250 0.028125
0 0.581250 0.518750 0.031250 0.031250
0 0.617188 0.846875 0.028125 0.031250
0 0.290625 0.471875 0.025000 0.025000
0 0.585938 0.610938 0.028125 0.028125
0 0.468750 0.457813 0.031250 0.028125
0 0.279687 0.846875 0.028125 0.031250
0 0.501563 0.629687 0.028125 0.028125
0 0.510938 0.848437 0.028125 0.028125
0 0.501563 0.660937 0.028125 0.028125
0 0.223438 0.815625 0.028125 0.031250
0 0.148438 0.482812 0.028125 0.028125
0 0.145313 0.962500 0.028125 0.031250
0 0.360938 0.556250 0.028125 0.031250
0 0.551562 0.503125 0.028125 0.031250
0 0.234375 0.470313 0.031250 0.028125
0 0.709375 0.681250 0.031250 0.031250
0 0.476562 0.707812 0.028125 0.028125
0 0.226562 0.660937 0.028125 0.028125
0 0.310937 0.710938 0.028125 0.028125
0 0.089063 0.900000 0.028125 0.031250
0 0.282813 0.723437 0.028125 0.028125
0 0.367188 0.770312 0.028125 0.028125
0 0.414062 0.523438 0.028125 0.028125
0 0.276562 0.878125 0.028125 0.031250
0 0.581250 0.551562 0.031250 0.028125
0 0.114062 0.689063 0.028125 0.028125
0 0.246875 0.412500 0.031250 0.031250
0 0.585938 0.768750 0.028125 0.031250
0 0.507812 0.785937 0.028125 0.028125
0 0.614062 0.721875 0.028125 0.031250
0 0.428125 0.834375 0.031250 0.031250
0 0.785937 0.879687 0.028125 0.028125
0 0.423438 0.739062 0.028125 0.028125
0 0.757812 0.867188 0.028125 0.028125
0 0.414062 0.492188 0.028125 0.028125
0 0.665625 0.656250 0.031250 0.031250
0 0.376563 0.423438 0.028125 0.028125
0 0.557813 0.721875 0.028125 0.031250
0 0.592187 0.829688 0.028125 0.028125
0 0.314063 0.420312 0.028125 0.028125
0 0.623437 0.976562 0.028125 0.028125
0 0.539062 0.895312 0.028125 0.028125
0 0.357812 0.892188 0.028125 0.028125
0 0.473438 0.643750 0.028125 0.031250
0 0.389062 0.539062 0.028125 0.028125
0 0.198437 0.931250 0.028125 0.031250
0 0.204687 0.514062 0.028125 0.028125
0 0.196875 0.800000 0.031250 0.031250
0 0.223438 0.848437 0.028125 0.028125
0 0.765625 0.740625 0.031250 0.031250
0 0.776563 0.784375 0.028125 0.031250
0 0.389062 0.598437 0.028125 0.028125
0 0.332813 0.570312 0.028125 0.028125
0 0.337500 0.726562 0.025000 0.028125
0 0.254688 0.617188 0.028125 0.028125
0 0.176563 0.529687 0.028125 0.028125
0 0.064062 0.439063 0.028125 0.028125
0 0.414062 0.462500 0.028125 0.031250
0 0.470313 0.551562 0.028125 0.028125
0 0.642188 0.735938 0.028125 0.028125
0 0.281250 0.785937 0.031250 0.028125
0 0.464062 0.426563 0.028125 0.028125
0 0.292187 0.440625 0.028125 0.031250
0 0.554688 0.565625 0.028125 0.031250
0 0.382812 0.450000 0.028125 0.031250
0 0.262500 0.454688 0.031250 0.028125
0 0.526563 0.520312 0.028125 0.028125
0 0.367188 0.742188 0.028125 0.028125
0 0.221875 0.879687 0.031250 0.028125
0 0.585938 0.673438 0.028125 0.028125
0 0.035937 0.867188 0.028125 0.028125
0 0.351562 0.460938 0.028125 0.028125
0 0.373437 0.864062 0.028125 0.028125
0 0.650000 0.957812 0.025000 0.028125
0 0.142187 0.767188 0.028125 0.028125
0 0.089063 0.639062 0.028125 0.028125
0 0.726562 0.848437 0.028125 0.028125
0 0.385937 0.970313 0.028125 0.028125
0 0.253125 0.800000 0.031250 0.031250
0 0.310937 0.770312 0.028125 0.028125
0 0.812500 0.896875 0.031250 0.031250
0 0.785937 0.978125 0.028125 0.031250
0 0.029687 0.482812 0.028125 0.028125
0 0.121875 0.403125 0.031250 0.031250
0 0.310937 0.739062 0.028125 0.028125
0 0.323437 0.479687 0.028125 0.028125
0 0.032813 0.514062 0.028125 0.028125
0 0.304688 0.895312 0.028125 0.028125
0 0.498437 0.470313 0.028125 0.028125
0 0.306250 0.556250 0.031250 0.031250
0 0.337500 0.695312 0.031250 0.028125
0 0.453125 0.815625 0.031250 0.031250
0 0.279687 0.754687 0.028125 0.028125
0 0.310937 0.648438 0.028125 0.028125
0 0.120313 0.978125 0.028125 0.025000
0 0.490625 0.964063 0.031250 0.028125
0 0.703125 0.962500 0.031250 0.031250
0 0.554688 0.628125 0.028125 0.031250
0 0.520312 0.976562 0.028125 0.028125
0 0.307812 0.617188 0.028125 0.028125
0 0.535937 0.864062 0.028125 0.028125
0 0.814063 0.928125 0.028125 0.031250
0 0.531250 0.645312 0.031250 0.028125
0 0.353125 0.492188 0.031250 0.028125
0 0.439063 0.446875 0.028125 0.031250
0 0.432812 0.415625 0.028125 0.031250
0 0.248438 0.893750 0.028125 0.031250
0 0.198437 0.962500 0.028125 0.031250
0 0.304688 0.864062 0.028125 0.028125
0 0.439063 0.935937 0.028125 0.028125
0 0.579688 0.487500 0.028125 0.031250
0 0.739062 0.684375 0.028125 0.031250
0 0.557813 0.659375 0.028125 0.025000
0 0.092188 0.964063 0.028125 0.028125
0 0.392188 0.660937 0.028125 0.028125
0 0.362500 0.585938 0.025000 0.028125
0 0.364063 0.398438 0.028125 0.028125
0 0.064062 0.948438 0.028125 0.028125
0 0.148438 0.514062 0.028125 0.028125
0 0.229687 0.560937 0.028125 0.028125
0 0.357812 0.956250 0.028125 0.031250
0 0.090625 0.421875 0.031250 0.031250
0 0.231250 0.531250 0.031250 0.031250
0 0.117188 0.720313 0.028125 0.028125
0 0.464062 0.948438 0.028125 0.028125
0 0.395313 0.754687 0.028125 0.028125
0 0.032813 0.706250 0.028125 0.031250
0 0.332813 0.540625 0.028125 0.031250
0 0.331250 0.942187 0.025000 0.028125
0 0.168750 0.784375 0.031250 0.031250
0 0.728125 0.653125 0.031250 0.031250
0 0.034375 0.673438 0.031250 0.028125
0 0.148438 0.421875 0.028125 0.031250
0 0.398438 0.820312 0.028125 0.028125
0 0.281250 0.415625 0.031250 0.031250
0 0.064062 0.978125 0.028125 0.025000
0 0.529687 0.582812 0.028125 0.028125
0 0.198437 0.704688 0.028125 0.028125
0 0.582812 0.454688 0.034375 0.034375
0 0.414062 0.554688 0.028125 0.028125
0 0.401562 0.403125 0.028125 0.031250
0 0.031250 0.740625 0.031250 0.031250
0 0.037500 0.385937 0.031250 0.028125
0 0.060937 0.470313 0.028125 0.028125
0 0.304688 0.926562 0.028125 0.028125
0 0.709375 0.625000 0.031250 0.031250
0 0.223438 0.910937 0.028125 0.028125
0 0.428125 0.385937 0.031250 0.034375
0 0.332813 0.393750 0.028125 0.031250
0 0.417187 0.585938 0.028125 0.028125
0 0.142187 0.735938 0.028125 0.028125
0 0.395313 0.723437 0.028125 0.028125
0 0.490625 0.407813 0.031250 0.034375
0 0.751563 0.714063 0.028125 0.028125
0 0.170313 0.915625 0.028125 0.025000
0 0.612500 0.626563 0.031250 0.028125
0 0.265625 0.387500 0.031250 0.031250
0 0.392188 0.629687 0.028125 0.028125
0 0.307812 0.585938 0.028125 0.028125
0 0.507812 0.817187 0.028125 0.028125
0 0.335938 0.632812 0.028125 0.028125
0 0.090625 0.392188 0.031250 0.034375
0 0.278125 0.571875 0.031250 0.031250
0 0.279687 0.601562 0.028125 0.028125
0 0.257812 0.545312 0.028125 0.028125
0 0.806250 0.798438 0.031250 0.034375
0 0.035937 0.454688 0.028125 0.028125
0 0.793750 0.759375 0.031250 0.031250
0 0.300000 0.392188 0.031250 0.028125
0 0.771875 0.687500 0.031250 0.031250
0 0.518750 0.418750 0.031250 0.031250
0 0.053125 0.360938 0.031250 0.034375
0 0.784375 0.718750 0.031250 0.031250
0 0.814063 0.962500 0.034375 0.031250
0 0.551562 0.435937 0.034375 0.034375
0 0.225000 0.784375 0.031250 0.031250
0 0.021875 0.360938 0.031250 0.034375
0 0.143750 0.670312 0.025000 0.028125
0 0.442188 0.473438 0.028125 0.028125
0 0.609375 0.507812 0.031250 0.028125
0 0.639062 0.498437 0.034375 0.034375
0 0.585938 0.582812 0.028125 0.028125
0 0.457813 0.393750 0.034375 0.031250
0 0.610938 0.475000 0.034375 0.031250
0 0.285938 0.364063 0.034375 0.034375
0 0.351562 0.370312 0.028125 0.028125
0 0.529687 0.673438 0.028125 0.028125
0 0.607812 0.535937 0.028125 0.028125
0 0.087500 0.360938 0.031250 0.028125
0 0.226562 0.976562 0.028125 0.028125
0 0.465625 0.979688 0.025000 0.028125
0 0.226562 0.945312 0.028125 0.028125
