0 0.248438 0.857812 0.034375 0.034375
0 0.587500 0.742188 0.031250 0.034375
0 0.531250 0.196875 0.031250 0.031250
0 0.768750 0.123438 0.031250 0.034375
0 0.678125 0.282813 0.031250 0.034375
0 0.587500 0.335938 0.031250 0.034375
0 0.153125 0.220312 0.031250 0.034375
0 0.110937 0.376563 0.034375 0.034375
0 0.051562 0.345313 0.034375 0.034375
0 0.581250 0.906250 0.031250 0.031250
0 0.076563 0.157812 0.034375 0.034375
0 0.706250 0.721875 0.031250 0.031250
0 0.193750 0.887500 0.031250 0.031250
0 0.085938 0.282813 0.034375 0.034375
0 0.740625 0.667188 0.031250 0.034375
0 0.409375 0.267188 0.031250 0.034375
0 0.060937 0.192188 0.034375 0.034375
0 0.296875 0.337500 0.031250 0.031250
0 0.193750 0.828125 0.031250 0.031250
0 0.348438 0.779687 0.034375 0.034375
0 0.443750 0.703125 0.031250 0.031250
0 0.440625 0.796875 0.031250 0.031250
0 0.090625 0.407813 0.031250 0.034375
0 0.110937 0.437500 0.034375 0.031250
0 0.678125 0.140625 0.031250 0.031250
0 0.225000 0.278125 0.031250 0.031250
0 0.414062 0.090625 0.034375 0.031250
0 0.637500 0.831250 0.031250 0.031250
0 0.610938 0.887500 0.034375 0.031250
0 0.557813 0.353125 0.028125 0.031250
0 0.318750 0.368750 0.031250 0.031250
0 0.156250 0.887500 0.031250 0.031250
0 0.120313 0.282813 0.034375 0.034375
0 0.343750 0.871875 0.031250 0.031250
0 0.590625 0.193750 0.031250 0.031250
0 0.515625 0.600000 0.031250 0.031250
0 0.643750 0.760938 0.031250 0.034375
0 0.207813 0.645312 0.034375 0.034375
0 0.412500 0.126562 0.031250 0.034375
0 0.132812 0.129688 0.034375 0.034375
0 0.768750 0.193750 0.031250 0.031250
0 0.106250 0.314063 0.031250 0.034375
0 0.768750 0.684375 0.031250 0.031250
0 0.175000 0.312500 0.031250 0.031250
0 0.210938 0.856250 0.034375 0.031250
0 0.531250 0.265625 0.031250 0.031250
0 0.529687 0.056250 0.034375 0.031250
0 0.240625 0.246875 0.031250 0.031250
0 0.737500 0.704688 0.031250 0.034375
0 0.767188 0.721875 0.034375 0.031250
0 0.501563 0.142187 0.034375 0.034375
0 0.437500 0.890625 0.031250 0.031250
0 0.510938 0.943750 0.034375 0.031250
0 0.712500 0.125000 0.031250 0.031250
0 0.096875 0.092188 0.031250 0.034375
0 0.565625 0.464062 0.031250 0.034375
0 0.396875 0.740625 0.031250 0.031250
0 0.084375 0.221875 0.031250 0.031250
0 0.590625 0.125000 0.031250 0.031250
0 0.307812 0.882812 0.034375 0.034375
0 0.335938 0.812500 0.034375 0.031250
0 0.601562 0.807813 0.034375 0.034375
0 0.192188 0.340625 0.034375 0.031250
0 0.584375 0.937500 0.031250 0.031250
0 0.590625 0.157812 0.031250 0.028125
0 0.518750 0.845313 0.031250 0.034375
0 0.771875 0.370312 0.031250 0.034375
0 0.768750 0.262500 0.031250 0.031250
0 0.550000 0.890625 0.031250 0.031250
0 0.709375 0.089063 0.031250 0.034375
0 0.635938 0.796875 0.034375 0.031250
0 0.798438 0.670312 0.034375 0.034375
0 0.190625 0.281250 0.031250 0.031250
0 0.315625 0.784375 0.031250 0.031250
0 0.440625 0.395313 0.031250 0.034375
0 0.209375 0.312500 0.031250 0.031250
0 0.531250 0.090625 0.031250 0.031250
0 0.340625 0.718750 0.031250 0.031250
0 0.206250 0.251563 0.031250 0.034375
0 0.740625 0.175000 0.031250 0.031250
0 0.159375 0.343750 0.031250 0.031250
0 0.800000 0.212500 0.031250 0.031250
0 0.056250 0.409375 0.031250 0.031250
0 0.184375 0.617188 0.031250 0.034375
0 0.281250 0.368750 0.031250 0.031250
0 0.471875 0.265625 0.031250 0.031250
0 0.562500 0.176563 0.031250 0.034375
0 0.768750 0.298438 0.031250 0.034375
0 0.228125 0.768750 0.031250 0.031250
0 0.139063 0.917188 0.034375 0.034375
0 0.353125 0.365625 0.031250 0.031250
0 0.212500 0.800000 0.031250 0.031250
0 0.490625 0.915625 0.031250 0.031250
0 0.443750 0.948438 0.031250 0.034375
0 0.039062 0.095312 0.034375 0.034375
0 0.506250 0.537500 0.031250 0.031250
0 0.475000 0.946875 0.031250 0.031250
0 0.768750 0.157812 0.031250 0.034375
0 0.067187 0.114062 0.034375 0.034375
0 0.293750 0.128125 0.031250 0.031250
0 0.076563 0.378125 0.034375 0.031250
0 0.740625 0.212500 0.031250 0.031250
0 0.475000 0.790625 0.031250 0.031250
0 0.189062 0.220312 0.034375 0.034375
0 0.400000 0.646875 0.031250 0.031250
0 0.356250 0.840625 0.031250 0.031250
0 0.675000 0.778125 0.031250 0.031250
0 0.167187 0.129688 0.034375 0.034375
0 0.421875 0.675000 0.031250 0.031250
0 0.162500 0.403125 0.031250 0.031250
0 0.523438 0.440625 0.034375 0.031250
0 0.559375 0.140625 0.031250 0.031250
0 0.125000 0.345313 0.031250 0.034375
0 0.370312 0.400000 0.034375 0.031250
0 0.615625 0.923438 0.031250 0.028125
0 0.260937 0.278125 0.034375 0.031250
0 0.390625 0.834375 0.031250 0.031250
0 0.259375 0.156250 0.031250 0.031250
0 0.240625 0.735938 0.031250 0.034375
0 0.801562 0.248438 0.034375 0.034375
0 0.485938 0.385937 0.034375 0.034375
0 0.156250 0.282813 0.031250 0.034375
0 0.709375 0.056250 0.031250 0.031250
0 0.321875 0.845313 0.031250 0.034375
0 0.553125 0.500000 0.031250 0.031250
0 0.270313 0.189062 0.034375 0.034375
0 0.198437 0.095312 0.034375 0.034375
0 0.079687 0.582812 0.034375 0.034375
0 0.456250 0.365625 0.031250 0.031250
0 0.768750 0.087500 0.031250 0.031250
0 0.434375 0.335938 0.031250 0.034375
0 0.500000 0.106250 0.031250 0.031250
0 0.487500 0.759375 0.031250 0.031250
0 0.471875 0.884375 0.031250 0.031250
0 0.410938 0.710938 0.034375 0.034375
0 0.507812 0.879687 0.034375 0.034375
0 0.142187 0.314063 0.034375 0.034375
0 0.384375 0.304688 0.031250 0.034375
0 0.737500 0.562500 0.031250 0.031250
0 0.553125 0.925000 0.031250 0.031250
0 0.406250 0.803125 0.031250 0.031250
0 0.709375 0.543750 0.031250 0.031250
0 0.443750 0.071875 0.031250 0.031250
0 0.296875 0.756250 0.031250 0.031250
0 0.646875 0.440625 0.031250 0.031250
0 0.621875 0.209375 0.031250 0.031250
0 0.559375 0.653125 0.031250 0.031250
0 0.045312 0.223438 0.034375 0.034375
0 0.098437 0.189062 0.034375 0.034375
0 0.279687 0.790625 0.034375 0.031250
0 0.620313 0.245312 0.034375 0.034375
0 0.440625 0.246875 0.031250 0.031250
0 0.370312 0.807813 0.034375 0.034375
0 0.118750 0.221875 0.031250 0.031250
0 0.271875 0.884375 0.031250 0.031250
0 0.612500 0.671875 0.031250 0.031250
0 0.278125 0.307812 0.031250 0.034375
0 0.296875 0.276562 0.031250 0.034375
0 0.381250 0.109375 0.031250 0.031250
0 0.092188 0.345313 0.034375 0.034375
0 0.471875 0.159375 0.031250 0.031250
0 0.378125 0.618750 0.031250 0.031250
0 0.589063 0.265625 0.034375 0.031250
0 0.329688 0.750000 0.028125 0.031250
0 0.226562 0.887500 0.034375 0.031250
0 0.387500 0.921875 0.031250 0.031250
0 0.262500 0.109375 0.031250 0.031250
0 0.500000 0.725000 0.031250 0.031250
0 0.171875 0.251563 0.031250 0.034375
0 0.531250 0.300000 0.031250 0.031250
0 0.518750 0.506250 0.031250 0.031250
0 0.175000 0.856250 0.031250 0.031250
0 0.453125 0.762500 0.031250 0.031250
0 0.500000 0.246875 0.031250 0.031250
0 0.470313 0.635938 0.034375 0.034375
0 0.709375 0.193750 0.031250 0.031250
0 0.500000 0.073438 0.031250 0.034375
0 0.417187 0.306250 0.034375 0.031250
0 0.250000 0.370312 0.031250 0.034375
0 0.228125 0.340625 0.031250 0.031250
0 0.193750 0.771875 0.031250 0.031250
0 0.709375 0.159375 0.031250 0.031250
0 0.120313 0.887500 0.034375 0.031250
0 0.104688 0.920312 0.034375 0.034375
0 0.354687 0.432812 0.034375 0.034375
0 0.531250 0.159375 0.031250 0.031250
0 0.698438 0.831250 0.034375 0.031250
0 0.643750 0.937500 0.031250 0.031250
0 0.300000 0.818750 0.031250 0.031250
0 0.585938 0.492188 0.034375 0.034375
0 0.259375 0.948438 0.031250 0.034375
0 0.187500 0.159375 0.031250 0.031250
0 0.418750 0.768750 0.031250 0.031250
0 0.590625 0.090625 0.031250 0.031250
0 0.421875 0.921875 0.031250 0.031250
0 0.590625 0.437500 0.031250 0.031250
0 0.556250 0.428125 0.031250 0.031250
0 0.678125 0.071875 0.031250 0.031250
0 0.251563 0.432812 0.034375 0.034375
0 0.532813 0.473438 0.034375 0.034375
0 0.173437 0.651563 0.034375 0.034375
0 0.287500 0.853125 0.031250 0.031250
0 0.609375 0.525000 0.031250 0.031250
0 0.096875 0.129688 0.031250 0.034375
0 0.235937 0.129688 0.034375 0.034375
0 0.318750 0.181250 0.031250 0.031250
0 0.484375 0.510938 0.031250 0.028125
0 0.531250 0.125000 0.031250 0.031250
0 0.104688 0.251563 0.034375 0.034375
0 0.640625 0.867188 0.031250 0.034375
0 0.262500 0.340625 0.031250 0.031250
0 0.203125 0.189062 0.031250 0.034375
0 0.678125 0.104688 0.031250 0.034375
0 0.678125 0.956250 0.031250 0.031250
0 0.668750 0.846875 0.031250 0.031250
0 0.368750 0.893750 0.031250 0.031250
0 0.607812 0.853125 0.034375 0.031250
0 0.620313 0.175000 0.028125 0.031250
0 0.800000 0.140625 0.031250 0.031250
0 0.650000 0.475000 0.031250 0.031250
0 0.559375 0.246875 0.031250 0.031250
0 0.648438 0.510938 0.034375 0.034375
0 0.384375 0.775000 0.031250 0.031250
0 0.640625 0.903125 0.031250 0.031250
0 0.364063 0.651563 0.034375 0.034375
0 0.331250 0.334375 0.031250 0.031250
0 0.709375 0.687500 0.031250 0.031250
0 0.443750 0.143750 0.031250 0.031250
0 0.040625 0.165625 0.031250 0.031250
0 0.070312 0.507812 0.034375 0.034375
0 0.765625 0.651563 0.031250 0.034375
0 0.067187 0.251563 0.034375 0.034375
0 0.234375 0.401562 0.031250 0.034375
0 0.562500 0.214062 0.031250 0.034375
0 0.520312 0.910937 0.034375 0.034375
0 0.800000 0.104688 0.031250 0.034375
0 0.412500 0.056250 0.031250 0.031250
0 0.407813 0.396875 0.034375 0.031250
0 0.350000 0.195312 0.031250 0.034375
0 0.323437 0.110937 0.028125 0.028125
0 0.768750 0.617188 0.031250 0.034375
0 0.673438 0.923438 0.034375 0.034375
0 0.221875 0.218750 0.031250 0.031250
0 0.164062 0.095312 0.034375 0.034375
0 0.245312 0.307812 0.034375 0.034375
0 0.496875 0.815625 0.031250 0.031250
0 0.798438 0.634375 0.034375 0.037500
0 0.328125 0.950000 0.031250 0.031250
0 0.206250 0.740625 0.031250 0.031250
0 0.795312 0.704688 0.034375 0.034375
0 0.450000 0.515625 0.031250 0.031250
0 0.559375 0.071875 0.031250 0.031250
0 0.225000 0.950000 0.031250 0.031250
0 0.600000 0.709375 0.031250 0.031250
0 0.035937 0.060937 0.034375 0.034375
0 0.740625 0.068750 0.031250 0.031250
0 0.365625 0.334375 0.031250 0.031250
0 0.143750 0.376563 0.031250 0.034375
0 0.500000 0.353125 0.031250 0.031250
0 0.737500 0.740625 0.031250 0.031250
0 0.240625 0.917188 0.031250 0.034375
0 0.256250 0.218750 0.031250 0.031250
0 0.265625 0.401562 0.031250 0.034375
0 0.739062 0.389062 0.034375 0.034375
0 0.128125 0.406250 0.031250 0.031250
0 0.042188 0.578125 0.034375 0.031250
0 0.739062 0.598437 0.034375 0.034375
0 0.584375 0.406250 0.031250 0.031250
0 0.140625 0.604688 0.031250 0.034375
0 0.528125 0.568750 0.031250 0.031250
0 0.639062 0.545312 0.034375 0.034375
0 0.498437 0.479687 0.034375 0.034375
0 0.540625 0.531250 0.031250 0.031250
0 0.303125 0.396875 0.031250 0.031250
0 0.557813 0.387500 0.028125 0.031250
0 0.039062 0.132812 0.034375 0.034375
0 0.484375 0.850000 0.031250 0.031250
0 0.137500 0.251563 0.031250 0.034375
0 0.454688 0.668750 0.034375 0.031250
0 0.578125 0.681250 0.031250 0.031250
0 0.801562 0.282813 0.034375 0.034375
0 0.057813 0.612500 0.034375 0.031250
0 0.250000 0.796875 0.031250 0.031250
0 0.581250 0.871875 0.031250 0.031250
0 0.034375 0.854688 0.031250 0.034375
0 0.189062 0.948438 0.028125 0.028125
0 0.737500 0.634375 0.031250 0.031250
0 0.450000 0.856250 0.031250 0.031250
0 0.446875 0.453125 0.031250 0.031250
0 0.481250 0.696875 0.031250 0.031250
0 0.321875 0.075000 0.031250 0.031250
0 0.381250 0.865625 0.031250 0.031250
0 0.178125 0.371875 0.031250 0.031250
0 0.521875 0.750000 0.031250 0.031250
0 0.200000 0.128125 0.031250 0.031250
0 0.542188 0.778125 0.028125 0.031250
0 0.704688 0.795312 0.034375 0.034375
0 0.175000 0.918750 0.031250 0.031250
0 0.412500 0.459375 0.031250 0.031250
0 0.470313 0.090625 0.034375 0.031250
0 0.568750 0.620313 0.031250 0.034375
0 0.440625 0.215625 0.031250 0.031250
0 0.250000 0.700000 0.031250 0.031250
0 0.593750 0.646875 0.031250 0.031250
0 0.479687 0.603125 0.034375 0.031250
0 0.390625 0.431250 0.031250 0.031250
0 0.675000 0.704688 0.031250 0.034375
0 0.375000 0.712500 0.031250 0.031250
0 0.381250 0.212500 0.031250 0.031250
0 0.146875 0.434375 0.031250 0.031250
0 0.131250 0.190625 0.031250 0.031250
0 0.182812 0.712500 0.034375 0.031250
0 0.618750 0.459375 0.031250 0.031250
0 0.217188 0.435937 0.034375 0.034375
0 0.767188 0.546875 0.034375 0.031250
0 0.615625 0.956250 0.031250 0.031250
0 0.537500 0.626563 0.031250 0.028125
0 0.262500 0.762500 0.031250 0.031250
0 0.350000 0.090625 0.031250 0.031250
0 0.740625 0.528125 0.031250 0.031250
0 0.621875 0.142187 0.031250 0.028125
0 0.442188 0.282813 0.034375 0.034375
0 0.106250 0.645312 0.031250 0.034375
0 0.321875 0.428125 0.031250 0.031250
0 0.231250 0.090625 0.031250 0.031250
0 0.265625 0.828125 0.031250 0.031250
0 0.709375 0.760938 0.031250 0.034375
0 0.646875 0.053125 0.031250 0.031250
0 0.468750 0.196875 0.031250 0.031250
0 0.465625 0.485938 0.031250 0.034375
0 0.646875 0.406250 0.031250 0.031250
0 0.650000 0.228125 0.031250 0.031250
0 0.362500 0.745313 0.031250 0.034375
0 0.798438 0.071875 0.034375 0.031250
0 0.648438 0.370312 0.034375 0.034375
0 0.550000 0.595313 0.031250 0.034375
0 0.768750 0.229687 0.031250 0.034375
0 0.650000 0.090625 0.031250 0.031250
0 0.218750 0.159375 0.031250 0.031250
0 0.767188 0.581250 0.034375 0.031250
0 0.500000 0.281250 0.031250 0.031250
0 0.709375 0.228125 0.031250 0.031250
0 0.073438 0.314063 0.034375 0.034375
0 0.318750 0.690625 0.031250 0.031250
0 0.800000 0.389062 0.037500 0.034375
0 0.678125 0.528125 0.031250 0.031250
0 0.312500 0.306250 0.031250 0.031250
0 0.668750 0.812500 0.031250 0.031250
0 0.084375 0.946875 0.031250 0.031250
0 0.375000 0.462500 0.031250 0.031250
0 0.456250 0.918750 0.031250 0.031250
0 0.767188 0.406250 0.034375 0.031250
0 0.342187 0.467187 0.034375 0.034375
0 0.709375 0.262500 0.031250 0.031250
0 0.239063 0.467187 0.034375 0.034375
0 0.575000 0.528125 0.031250 0.031250
0 0.193750 0.678125 0.031250 0.031250
0 0.321875 0.143750 0.031250 0.031250
0 0.425000 0.428125 0.031250 0.031250
0 0.292187 0.093750 0.028125 0.031250
0 0.412500 0.196875 0.031250 0.031250
0 0.615625 0.421875 0.031250 0.031250
0 0.768750 0.332813 0.031250 0.034375
0 0.050000 0.948438 0.031250 0.034375
0 0.620313 0.281250 0.028125 0.031250
0 0.415625 0.615625 0.031250 0.031250
0 0.740625 0.775000 0.031250 0.031250
0 0.381250 0.246875 0.031250 0.031250
0 0.798438 0.737500 0.034375 0.031250
0 0.470313 0.056250 0.034375 0.031250
0 0.346875 0.306250 0.031250 0.031250
0 0.559375 0.106250 0.031250 0.031250
0 0.678125 0.175000 0.031250 0.031250
0 0.737500 0.104688 0.031250 0.028125
0 0.610938 0.770312 0.034375 0.034375
0 0.526563 0.976562 0.034375 0.034375
0 0.767188 0.792188 0.034375 0.034375
0 0.140625 0.640625 0.031250 0.031250
0 0.801562 0.529687 0.034375 0.034375
0 0.596875 0.556250 0.031250 0.031250
0 0.470313 0.125000 0.034375 0.031250
0 0.137500 0.565625 0.031250 0.031250
0 0.575000 0.778125 0.031250 0.031250
0 0.737500 0.810937 0.031250 0.034375
0 0.500000 0.176563 0.031250 0.034375
0 0.245312 0.642188 0.034375 0.034375
0 0.532813 0.814063 0.028125 0.028125
0 0.681250 0.212500 0.031250 0.031250
0 0.546875 0.687500 0.031250 0.031250
0 0.042188 0.442188 0.034375 0.034375
0 0.096875 0.060937 0.031250 0.034375
0 0.679688 0.456250 0.034375 0.031250
0 0.276562 0.917188 0.034375 0.034375
0 0.051562 0.648438 0.034375 0.034375
0 0.412500 0.231250 0.031250 0.031250
0 0.470313 0.231250 0.028125 0.031250
0 0.493750 0.976562 0.031250 0.034375
0 0.345313 0.917188 0.034375 0.034375
0 0.798438 0.564063 0.034375 0.034375
0 0.440625 0.109375 0.031250 0.031250
0 0.421875 0.365625 0.031250 0.031250
0 0.464062 0.731250 0.034375 0.031250
0 0.401562 0.553125 0.028125 0.031250
0 0.040625 0.378125 0.031250 0.031250
0 0.528125 0.334375 0.031250 0.031250
0 0.510938 0.787500 0.028125 0.031250
0 0.470313 0.300000 0.034375 0.031250
0 0.678125 0.421875 0.031250 0.031250
0 0.740625 0.353125 0.031250 0.031250
0 0.290625 0.059375 0.031250 0.031250
0 0.739062 0.423438 0.028125 0.028125
0 0.559375 0.282813 0.031250 0.034375
0 0.620313 0.071875 0.028125 0.031250
0 0.801562 0.598437 0.034375 0.034375
0 0.346875 0.243750 0.031250 0.031250
0 0.500000 0.214062 0.031250 0.034375
0 0.164062 0.060937 0.034375 0.034375
0 0.032813 0.917188 0.034375 0.034375
0 0.115625 0.159375 0.031250 0.031250
0 0.275000 0.731250 0.031250 0.031250
0 0.528125 0.406250 0.031250 0.031250
0 0.618750 0.037500 0.031250 0.031250
0 0.387500 0.681250 0.031250 0.031250
0 0.678125 0.390625 0.031250 0.031250
0 0.556250 0.956250 0.031250 0.031250
0 0.307812 0.725000 0.028125 0.031250
0 0.381250 0.525000 0.031250 0.031250
0 0.362500 0.948438 0.031250 0.034375
0 0.431250 0.737500 0.031250 0.031250
0 0.350000 0.023438 0.031250 0.034375
0 0.706250 0.581250 0.031250 0.031250
0 0.678125 0.493750 0.031250 0.031250
0 0.798438 0.317188 0.034375 0.034375
0 0.740625 0.034375 0.031250 0.031250
0 0.650000 0.334375 0.031250 0.031250
0 0.064062 0.678125 0.028125 0.031250
0 0.490625 0.665625 0.031250 0.031250
0 0.434375 0.642188 0.031250 0.034375
0 0.737500 0.142187 0.031250 0.028125
0 0.512500 0.690625 0.031250 0.031250
0 0.075000 0.440625 0.031250 0.031250
0 0.503125 0.631250 0.031250 0.031250
0 0.531250 0.231250 0.031250 0.031250
0 0.551562 0.854688 0.034375 0.034375
0 0.309375 0.917188 0.031250 0.034375
0 0.493750 0.573438 0.031250 0.028125
0 0.459375 0.421875 0.031250 0.031250
0 0.740625 0.456250 0.031250 0.031250
0 0.167187 0.189062 0.034375 0.034375
0 0.331250 0.275000 0.031250 0.031250
0 0.198437 0.401562 0.034375 0.034375
0 0.434375 0.487500 0.031250 0.031250
0 0.428125 0.829688 0.031250 0.034375
0 0.590625 0.231250 0.031250 0.031250
0 0.321875 0.040625 0.031250 0.031250
0 0.737500 0.246875 0.031250 0.031250
0 0.462500 0.825000 0.031250 0.031250
0 0.559375 0.037500 0.031250 0.031250
0 0.706250 0.976562 0.031250 0.034375
0 0.768750 0.053125 0.031250 0.031250
0 0.178125 0.434375 0.031250 0.031250
0 0.765625 0.440625 0.031250 0.031250
0 0.618750 0.315625 0.031250 0.031250
0 0.381250 0.075000 0.031250 0.031250
0 0.042188 0.476562 0.034375 0.034375
0 0.740625 0.318750 0.031250 0.031250
0 0.378125 0.040625 0.031250 0.031250
0 0.625000 0.640625 0.031250 0.031250
0 0.589063 0.300000 0.028125 0.031250
0 0.740625 0.282813 0.031250 0.034375
0 0.798438 0.176563 0.034375 0.034375
0 0.589063 0.053125 0.028125 0.031250
0 0.292187 0.162500 0.034375 0.031250
0 0.645312 0.667188 0.034375 0.034375
0 0.067187 0.076563 0.034375 0.034375
0 0.262500 0.668750 0.031250 0.031250
0 0.381250 0.178125 0.031250 0.031250
0 0.287500 0.693750 0.031250 0.031250
0 0.387500 0.368750 0.031250 0.031250
0 0.470313 0.543750 0.034375 0.031250
0 0.650000 0.125000 0.031250 0.031250
0 0.293750 0.950000 0.031250 0.031250
0 0.350000 0.057813 0.031250 0.028125
0 0.260937 0.073438 0.028125 0.028125
0 0.282813 0.551562 0.034375 0.034375
0 0.500000 0.035937 0.031250 0.034375
0 0.209375 0.918750 0.031250 0.031250
0 0.671875 0.884375 0.031250 0.031250
0 0.093750 0.615625 0.031250 0.031250
0 0.434375 0.546875 0.031250 0.031250
0 0.678125 0.354687 0.031250 0.034375
0 0.585938 0.976562 0.034375 0.034375
0 0.167187 0.585938 0.034375 0.034375
0 0.798438 0.035937 0.034375 0.034375
0 0.337500 0.396875 0.031250 0.031250
0 0.706250 0.617188 0.031250 0.034375
0 0.634375 0.700000 0.031250 0.031250
0 0.800000 0.454688 0.037500 0.034375
0 0.709375 0.018750 0.031250 0.031250
0 0.287500 0.431250 0.031250 0.031250
0 0.415625 0.862500 0.031250 0.031250
0 0.403125 0.953125 0.031250 0.031250
0 0.557813 0.317188 0.028125 0.028125
0 0.579688 0.832812 0.034375 0.034375
0 0.065625 0.042188 0.031250 0.034375
0 0.156250 0.950000 0.031250 0.031250
0 0.137500 0.856250 0.031250 0.031250
0 0.129688 0.062500 0.034375 0.037500
0 0.678125 0.246875 0.031250 0.031250
0 0.798438 0.421875 0.034375 0.031250
0 0.243750 0.503125 0.031250 0.031250
0 0.707812 0.300000 0.028125 0.031250
0 0.331250 0.656250 0.031250 0.031250
0 0.521875 0.659375 0.031250 0.031250
0 0.079687 0.551562 0.034375 0.034375
0 0.068750 0.978125 0.031250 0.031250
0 0.618750 0.490625 0.031250 0.031250
0 0.709375 0.440625 0.031250 0.031250
0 0.225000 0.615625 0.031250 0.031250
0 0.037500 0.510938 0.031250 0.034375
0 0.709375 0.407813 0.031250 0.034375
0 0.675000 0.634375 0.031250 0.031250
0 0.020313 0.606250 0.034375 0.031250
0 0.501563 0.318750 0.034375 0.031250
0 0.251563 0.573438 0.034375 0.034375
0 0.235937 0.190625 0.034375 0.031250
0 0.459375 0.978125 0.031250 0.031250
0 0.271875 0.462500 0.031250 0.031250
0 0.440625 0.179688 0.031250 0.034375
0 0.365625 0.276562 0.031250 0.028125
0 0.028125 0.687500 0.037500 0.037500
0 0.798438 0.807813 0.034375 0.034375
0 0.801562 0.351562 0.034375 0.034375
0 0.534375 0.718750 0.031250 0.031250
0 0.146875 0.162500 0.031250 0.031250
0 0.292187 0.021875 0.034375 0.031250
0 0.145313 0.760938 0.034375 0.034375
0 0.381250 0.143750 0.031250 0.031250
0 0.481250 0.450000 0.031250 0.031250
0 0.053125 0.825000 0.031250 0.031250
0 0.231250 0.828125 0.031250 0.031250
0 0.562500 0.559375 0.031250 0.031250
0 0.068750 0.915625 0.031250 0.031250
0 0.098437 0.679688 0.034375 0.034375
0 0.350000 0.126562 0.031250 0.028125
0 0.175000 0.743750 0.031250 0.031250
0 0.371875 0.559375 0.031250 0.031250
0 0.468750 0.331250 0.031250 0.031250
0 0.307812 0.459375 0.034375 0.031250
0 0.706250 0.653125 0.031250 0.031250
0 0.079687 0.473438 0.034375 0.034375
0 0.425000 0.578125 0.031250 0.031250
0 0.360938 0.495312 0.034375 0.034375
0 0.276562 0.246875 0.034375 0.031250
0 0.770312 0.509375 0.034375 0.031250
0 0.120313 0.826562 0.034375 0.034375
0 0.112500 0.584375 0.031250 0.031250
0 0.212500 0.489063 0.031250 0.034375
0 0.409375 0.020313 0.031250 0.034375
0 0.143750 0.532813 0.031250 0.034375
0 0.214062 0.371875 0.034375 0.031250
0 0.526563 0.371875 0.028125 0.031250
0 0.104688 0.856250 0.034375 0.031250
0 0.590625 0.018750 0.031250 0.031250
0 0.128125 0.026562 0.037500 0.034375
0 0.034375 0.025000 0.037500 0.037500
0 0.495312 0.421875 0.028125 0.031250
0 0.353125 0.159375 0.031250 0.031250
0 0.768750 0.756250 0.031250 0.031250
0 0.292187 0.215625 0.034375 0.031250
0 0.551562 0.746875 0.028125 0.031250
0 0.400000 0.337500 0.031250 0.031250
0 0.229687 0.671875 0.028125 0.031250
0 0.620313 0.106250 0.028125 0.031250
0 0.679688 0.564063 0.034375 0.034375
0 0.198437 0.060937 0.034375 0.034375
0 0.092188 0.025000 0.034375 0.031250
0 0.053125 0.885938 0.031250 0.034375
0 0.129688 0.095312 0.034375 0.034375
0 0.587500 0.370312 0.031250 0.028125
0 0.709375 0.371875 0.031250 0.031250
0 0.403125 0.896875 0.031250 0.031250
0 0.396875 0.490625 0.031250 0.031250
0 0.390625 0.584375 0.031250 0.031250
0 0.179688 0.526563 0.034375 0.034375
0 0.120313 0.948438 0.028125 0.028125
0 0.798438 0.493750 0.034375 0.037500
0 0.409375 0.162500 0.031250 0.031250
0 0.615625 0.387500 0.031250 0.031250
0 0.203125 0.587500 0.031250 0.031250
0 0.171875 0.798438 0.031250 0.034375
0 0.581250 0.587500 0.031250 0.031250
0 0.528125 0.021875 0.031250 0.031250
0 0.604688 0.615625 0.034375 0.031250
0 0.068750 0.854688 0.031250 0.034375
0 0.157812 0.828125 0.028125 0.031250
0 0.218750 0.703125 0.031250 0.031250
0 0.214062 0.523438 0.034375 0.034375
0 0.240625 0.978125 0.031250 0.031250
0 0.246875 0.537500 0.031250 0.031250
0 0.103125 0.975000 0.031250 0.031250
0 0.620313 0.737500 0.028125 0.031250
0 0.087500 0.885938 0.031250 0.028125
0 0.229687 0.057813 0.034375 0.034375
0 0.678125 0.037500 0.031250 0.031250
0 0.356250 0.684375 0.031250 0.031250
0 0.137500 0.795312 0.031250 0.034375
0 0.648438 0.300000 0.028125 0.031250
0 0.081250 0.710938 0.031250 0.034375
0 0.678125 0.743750 0.031250 0.031250
0 0.415625 0.521875 0.031250 0.031250
0 0.645312 0.617188 0.034375 0.034375
0 0.179688 0.470313 0.034375 0.034375
0 0.650000 0.193750 0.031250 0.031250
0 0.312500 0.246875 0.031250 0.031250
0 0.456250 0.575000 0.031250 0.031250
0 0.765625 0.475000 0.031250 0.031250
0 0.648438 0.265625 0.028125 0.031250
0 0.678125 0.600000 0.031250 0.031250
0 0.275000 0.517188 0.031250 0.034375
0 0.260937 0.042188 0.034375 0.034375
0 0.767188 0.018750 0.034375 0.031250
0 0.329688 0.501563 0.034375 0.034375
0 0.254688 0.607812 0.034375 0.034375
0 0.275000 0.978125 0.031250 0.031250
0 0.468750 0.021875 0.031250 0.031250
0 0.032813 0.978125 0.028125 0.031250
0 0.218750 0.559375 0.031250 0.031250
0 0.084375 0.828125 0.031250 0.031250
0 0.229687 0.026562 0.034375 0.034375
0 0.206250 0.978125 0.031250 0.031250
0 0.050000 0.715625 0.031250 0.031250
0 0.296875 0.492188 0.031250 0.034375
0 0.032813 0.793750 0.034375 0.031250
0 0.646875 0.971875 0.031250 0.031250
0 0.564063 0.806250 0.028125 0.031250
0 0.681250 0.667188 0.031250 0.034375
0 0.309375 0.978125 0.031250 0.031250
0 0.284375 0.587500 0.031250 0.031250
0 0.040625 0.275000 0.037500 0.037500
0 0.171875 0.978125 0.031250 0.031250
0 0.131250 0.693750 0.031250 0.031250
0 0.443750 0.037500 0.031250 0.031250
0 0.137500 0.978125 0.031250 0.031250
0 0.618750 0.353125 0.031250 0.031250
0 0.114062 0.723437 0.034375 0.034375
0 0.653125 0.729688 0.031250 0.034375
0 0.146875 0.725000 0.031250 0.031250
0 0.646875 0.018750 0.031250 0.031250
0 0.112500 0.471875 0.031250 0.031250
0 0.707812 0.335938 0.028125 0.028125
0 0.164062 0.026562 0.034375 0.034375
0 0.015625 0.887500 0.031250 0.031250
0 0.026562 0.546875 0.034375 0.031250
0 0.645312 0.579688 0.034375 0.034375
0 0.018750 0.765625 0.031250 0.031250
0 0.332813 0.562500 0.034375 0.031250
0 0.350000 0.531250 0.031250 0.031250
