0 0.445312 0.098437 0.034375 0.034375
0 0.323437 0.129688 0.034375 0.034375
0 0.932813 0.282813 0.034375 0.034375
0 0.093750 0.256250 0.031250 0.031250
0 0.814063 0.126562 0.034375 0.034375
0 0.760938 0.215625 0.034375 0.031250
0 0.432812 0.248438 0.034375 0.034375
0 0.815625 0.187500 0.031250 0.031250
0 0.610938 0.687500 0.028125 0.031250
0 0.368750 0.620313 0.031250 0.034375
0 0.589063 0.337500 0.034375 0.031250
0 0.818750 0.865625 0.031250 0.031250
0 0.831250 0.157812 0.031250 0.034375
0 0.917188 0.376563 0.034375 0.034375
0 0.521875 0.337500 0.031250 0.031250
0 0.778125 0.439063 0.031250 0.034375
0 0.898438 0.098437 0.034375 0.034375
0 0.882812 0.620313 0.034375 0.034375
0 0.867188 0.220312 0.034375 0.034375
0 0.178125 0.290625 0.031250 0.031250
0 0.796875 0.590625 0.031250 0.031250
0 0.410938 0.157812 0.034375 0.034375
0 0.414062 0.218750 0.034375 0.031250
0 0.970313 0.159375 0.034375 0.031250
0 0.796875 0.156250 0.031250 0.031250
0 0.829688 0.220312 0.034375 0.034375
0 0.500000 0.126562 0.031250 0.034375
0 0.951562 0.190625 0.034375 0.031250
0 0.484375 0.157812 0.031250 0.034375
0 0.710938 0.442188 0.034375 0.034375
0 0.554688 0.275000 0.034375 0.031250
0 0.659375 0.396875 0.031250 0.031250
0 0.398438 0.250000 0.034375 0.031250
0 0.918750 0.740625 0.031250 0.031250
0 0.954688 0.129688 0.034375 0.034375
0 0.482812 0.095312 0.034375 0.034375
0 0.934375 0.159375 0.031250 0.031250
0 0.354687 0.070312 0.034375 0.034375
0 0.468750 0.309375 0.031250 0.031250
0 0.762500 0.276562 0.031250 0.034375
0 0.381250 0.282813 0.031250 0.034375
0 0.240625 0.225000 0.031250 0.031250
0 0.848437 0.253125 0.034375 0.031250
0 0.831250 0.590625 0.031250 0.031250
0 0.865625 0.343750 0.031250 0.031250
0 0.207813 0.228125 0.034375 0.031250
0 0.453125 0.278125 0.031250 0.031250
0 0.140625 0.150000 0.031250 0.031250
0 0.796875 0.215625 0.031250 0.031250
0 0.417187 0.281250 0.034375 0.031250
0 0.446875 0.157812 0.031250 0.034375
0 0.829688 0.345313 0.034375 0.034375
0 0.834375 0.095312 0.031250 0.034375
0 0.271875 0.162500 0.031250 0.031250
0 0.334375 0.501563 0.031250 0.034375
0 0.200000 0.167187 0.037500 0.034375
0 0.778125 0.184375 0.031250 0.031250
0 0.868750 0.771875 0.031250 0.031250
0 0.881250 0.128125 0.031250 0.031250
0 0.778125 0.125000 0.031250 0.031250
0 0.257812 0.120313 0.034375 0.034375
0 0.921875 0.862500 0.031250 0.031250
0 0.395313 0.189062 0.034375 0.034375
0 0.953125 0.251563 0.031250 0.034375
0 0.884375 0.253125 0.037500 0.037500
0 0.850000 0.065625 0.031250 0.031250
0 0.643750 0.428125 0.031250 0.031250
0 0.917188 0.126562 0.034375 0.034375
0 0.709375 0.184375 0.031250 0.031250
0 0.814063 0.314063 0.034375 0.034375
0 0.932813 0.223438 0.034375 0.034375
0 0.818750 0.743750 0.031250 0.031250
0 0.921875 0.801562 0.031250 0.034375
0 0.865625 0.287500 0.031250 0.031250
0 0.831250 0.468750 0.031250 0.031250
0 0.846875 0.375000 0.031250 0.031250
0 0.501563 0.246875 0.034375 0.031250
0 0.228125 0.256250 0.031250 0.031250
0 0.881250 0.314063 0.031250 0.028125
0 0.521875 0.459375 0.031250 0.031250
0 0.728125 0.592187 0.031250 0.034375
0 0.389062 0.067187 0.034375 0.034375
0 0.675000 0.245312 0.031250 0.028125
0 0.621875 0.276562 0.031250 0.034375
0 0.762500 0.468750 0.031250 0.031250
0 0.334375 0.559375 0.031250 0.031250
0 0.867188 0.406250 0.034375 0.031250
0 0.812500 0.375000 0.031250 0.031250
0 0.760938 0.095312 0.034375 0.034375
0 0.590625 0.456250 0.031250 0.031250
0 0.762500 0.590625 0.031250 0.031250
0 0.812500 0.437500 0.031250 0.031250
0 0.193750 0.318750 0.031250 0.031250
0 0.784375 0.865625 0.031250 0.031250
0 0.450000 0.218750 0.031250 0.031250
0 0.881250 0.375000 0.031250 0.031250
0 0.393750 0.126562 0.031250 0.034375
0 0.934375 0.345313 0.031250 0.034375
0 0.409375 0.096875 0.031250 0.031250
0 0.487500 0.339062 0.031250 0.034375
0 0.864062 0.159375 0.034375 0.031250
0 0.135937 0.114062 0.034375 0.034375
0 0.178125 0.350000 0.031250 0.031250
0 0.046875 0.165625 0.031250 0.031250
0 0.606250 0.306250 0.031250 0.031250
0 0.556250 0.398438 0.031250 0.034375
0 0.431250 0.189062 0.031250 0.034375
0 0.885938 0.803125 0.034375 0.031250
0 0.332813 0.095312 0.034375 0.034375
0 0.193750 0.259375 0.031250 0.031250
0 0.628125 0.715625 0.031250 0.031250
0 0.781250 0.559375 0.031250 0.031250
0 0.834375 0.712500 0.031250 0.031250
0 0.865625 0.470313 0.031250 0.034375
0 0.403125 0.496875 0.031250 0.031250
0 0.590625 0.276562 0.031250 0.034375
0 0.453125 0.340625 0.031250 0.031250
0 0.693750 0.214062 0.031250 0.034375
0 0.814063 0.621875 0.034375 0.031250
0 0.179688 0.207813 0.034375 0.034375
0 0.709375 0.246875 0.031250 0.031250
0 0.937500 0.096875 0.031250 0.031250
0 0.323437 0.054688 0.034375 0.034375
0 0.221875 0.196875 0.031250 0.031250
0 0.373437 0.098437 0.034375 0.034375
0 0.865625 0.528125 0.031250 0.031250
0 0.745313 0.184375 0.028125 0.031250
0 0.384375 0.470313 0.031250 0.034375
0 0.593750 0.715625 0.031250 0.031250
0 0.484375 0.218750 0.031250 0.031250
0 0.884375 0.065625 0.031250 0.031250
0 0.781250 0.314063 0.031250 0.034375
0 0.692187 0.275000 0.028125 0.031250
0 0.295312 0.101562 0.034375 0.034375
0 0.465625 0.187500 0.031250 0.031250
0 0.256250 0.193750 0.031250 0.031250
0 0.850000 0.190625 0.031250 0.031250
0 0.796875 0.345313 0.031250 0.028125
0 0.850000 0.743750 0.031250 0.031250
0 0.239063 0.165625 0.034375 0.031250
0 0.678125 0.625000 0.031250 0.031250
0 0.464062 0.126562 0.034375 0.034375
0 0.362500 0.251563 0.031250 0.034375
0 0.537500 0.428125 0.031250 0.031250
0 0.881250 0.437500 0.031250 0.031250
0 0.500000 0.064062 0.031250 0.034375
0 0.625000 0.396875 0.031250 0.031250
0 0.796875 0.406250 0.031250 0.031250
0 0.778125 0.246875 0.031250 0.031250
0 0.542188 0.487500 0.028125 0.031250
0 0.026562 0.195312 0.034375 0.034375
0 0.728125 0.470313 0.031250 0.034375
0 0.046875 0.129688 0.031250 0.034375
0 0.695312 0.398438 0.034375 0.034375
0 0.167187 0.064062 0.034375 0.034375
0 0.334375 0.803125 0.031250 0.031250
0 0.640625 0.243750 0.031250 0.031250
0 0.954688 0.067187 0.034375 0.034375
0 0.829688 0.284375 0.034375 0.031250
0 0.437500 0.434375 0.031250 0.031250
0 0.318750 0.531250 0.031250 0.031250
0 0.643750 0.365625 0.031250 0.031250
0 0.434375 0.309375 0.031250 0.031250
0 0.245312 0.287500 0.028125 0.031250
0 0.896875 0.343750 0.031250 0.031250
0 0.934375 0.406250 0.031250 0.031250
0 0.968750 0.282813 0.031250 0.034375
0 0.903125 0.771875 0.031250 0.031250
0 0.606250 0.368750 0.031250 0.031250
0 0.162500 0.259375 0.031250 0.031250
0 0.728125 0.409375 0.031250 0.031250
0 0.846875 0.500000 0.031250 0.031250
0 0.453125 0.462500 0.031250 0.031250
0 0.378125 0.220312 0.031250 0.034375
0 0.900000 0.404687 0.031250 0.034375
0 0.350000 0.531250 0.031250 0.031250
0 0.657813 0.271875 0.034375 0.031250
0 0.810937 0.254688 0.034375 0.034375
0 0.812500 0.065625 0.031250 0.031250
0 0.796875 0.468750 0.031250 0.031250
0 0.175000 0.139063 0.037500 0.034375
0 0.468750 0.246875 0.031250 0.031250
0 0.500000 0.187500 0.031250 0.031250
0 0.265625 0.501563 0.031250 0.028125
0 0.148438 0.223438 0.034375 0.034375
0 0.418750 0.465625 0.031250 0.031250
0 0.829688 0.406250 0.034375 0.031250
0 0.453125 0.401562 0.031250 0.034375
0 0.368750 0.745313 0.031250 0.028125
0 0.262500 0.256250 0.031250 0.031250
0 0.231250 0.559375 0.031250 0.031250
0 0.300000 0.500000 0.031250 0.031250
0 0.470313 0.431250 0.028125 0.031250
0 0.178125 0.593750 0.031250 0.031250
0 0.134375 0.190625 0.031250 0.031250
0 0.401562 0.868750 0.028125 0.031250
0 0.318750 0.712500 0.031250 0.031250
0 0.368750 0.500000 0.031250 0.031250
0 0.062500 0.193750 0.031250 0.031250
0 0.468750 0.370312 0.031250 0.034375
0 0.385937 0.528125 0.034375 0.031250
0 0.360938 0.129688 0.034375 0.034375
0 0.959375 0.865625 0.031250 0.031250
0 0.646875 0.745313 0.031250 0.034375
0 0.098437 0.195312 0.034375 0.034375
0 0.887500 0.864062 0.031250 0.028125
0 0.743750 0.246875 0.031250 0.031250
0 0.282813 0.712500 0.028125 0.031250
0 0.950000 0.312500 0.031250 0.031250
0 0.418750 0.340625 0.031250 0.031250
0 0.950000 0.437500 0.031250 0.031250
0 0.462500 0.065625 0.031250 0.031250
0 0.518750 0.278125 0.031250 0.031250
0 0.850000 0.126562 0.031250 0.034375
0 0.900000 0.157812 0.031250 0.034375
0 0.625000 0.335938 0.031250 0.034375
0 0.662500 0.656250 0.031250 0.031250
0 0.675000 0.184375 0.031250 0.031250
0 0.090625 0.865625 0.031250 0.031250
0 0.368750 0.682813 0.031250 0.028125
0 0.778125 0.500000 0.031250 0.031250
0 0.553125 0.337500 0.031250 0.031250
0 0.534375 0.184375 0.031250 0.031250
0 0.640625 0.303125 0.031250 0.031250
0 0.178125 0.531250 0.031250 0.031250
0 0.814063 0.500000 0.034375 0.031250
0 0.106250 0.098437 0.031250 0.034375
0 0.745313 0.064062 0.034375 0.034375
0 0.350000 0.775000 0.031250 0.031250
0 0.368750 0.439063 0.031250 0.034375
0 0.796875 0.034375 0.031250 0.031250
0 0.245312 0.348438 0.034375 0.034375
0 0.850000 0.437500 0.031250 0.031250
0 0.521875 0.396875 0.031250 0.031250
0 0.900000 0.284375 0.031250 0.031250
0 0.196875 0.621875 0.031250 0.031250
0 0.437500 0.371875 0.031250 0.031250
0 0.865625 0.096875 0.031250 0.031250
0 0.198437 0.081250 0.028125 0.031250
0 0.778125 0.621875 0.031250 0.031250
0 0.692187 0.470313 0.034375 0.034375
0 0.410938 0.035937 0.034375 0.034375
0 0.881250 0.496875 0.031250 0.031250
0 0.226562 0.134375 0.034375 0.031250
0 0.932813 0.468750 0.028125 0.031250
0 0.445312 0.035937 0.034375 0.034375
0 0.900000 0.217188 0.031250 0.034375
0 0.109375 0.062500 0.031250 0.031250
0 0.743750 0.501563 0.031250 0.034375
0 0.678125 0.684375 0.031250 0.031250
0 0.481250 0.035937 0.031250 0.034375
0 0.937500 0.709375 0.031250 0.031250
0 0.798438 0.654687 0.034375 0.034375
0 0.137500 0.079687 0.031250 0.034375
0 0.537500 0.307812 0.031250 0.034375
0 0.503125 0.309375 0.031250 0.031250
0 0.231250 0.065625 0.031250 0.031250
0 0.125000 0.865625 0.031250 0.031250
0 0.590625 0.396875 0.031250 0.031250
0 0.106250 0.131250 0.031250 0.031250
0 0.884375 0.740625 0.031250 0.031250
0 0.346875 0.282813 0.031250 0.034375
0 0.400000 0.312500 0.031250 0.031250
0 0.300000 0.562500 0.031250 0.031250
0 0.265625 0.315625 0.031250 0.031250
0 0.953125 0.375000 0.031250 0.031250
0 0.165625 0.175000 0.031250 0.031250
0 0.971875 0.100000 0.031250 0.031250
0 0.745313 0.562500 0.034375 0.031250
0 0.975000 0.834375 0.031250 0.031250
0 0.728125 0.032813 0.031250 0.034375
0 0.265625 0.562500 0.031250 0.031250
0 0.403125 0.434375 0.031250 0.031250
0 0.573438 0.428125 0.028125 0.031250
0 0.515625 0.034375 0.031250 0.031250
0 0.693750 0.593750 0.031250 0.031250
0 0.867188 0.034375 0.034375 0.031250
0 0.834375 0.834375 0.031250 0.031250
0 0.796875 0.284375 0.031250 0.031250
0 0.490625 0.462500 0.031250 0.031250
0 0.762500 0.406250 0.031250 0.031250
0 0.293750 0.193750 0.031250 0.031250
0 0.657813 0.215625 0.034375 0.031250
0 0.146875 0.289062 0.031250 0.034375
0 0.506250 0.490625 0.031250 0.031250
0 0.903125 0.834375 0.031250 0.031250
0 0.437500 0.496875 0.031250 0.031250
0 0.710938 0.562500 0.034375 0.031250
0 0.290625 0.065625 0.031250 0.031250
0 0.609375 0.428125 0.031250 0.031250
0 0.918750 0.190625 0.031250 0.031250
0 0.428125 0.065625 0.031250 0.031250
0 0.231250 0.503125 0.031250 0.031250
0 0.571875 0.309375 0.031250 0.031250
0 0.518750 0.215625 0.031250 0.031250
0 0.484375 0.278125 0.031250 0.031250
0 0.351562 0.589063 0.034375 0.034375
0 0.170313 0.098437 0.034375 0.034375
0 0.281250 0.350000 0.031250 0.031250
0 0.781250 0.065625 0.031250 0.031250
0 0.781250 0.376563 0.031250 0.034375
0 0.609375 0.746875 0.031250 0.031250
0 0.971875 0.221875 0.031250 0.031250
0 0.728125 0.214062 0.031250 0.034375
0 0.196875 0.562500 0.031250 0.031250
0 0.762500 0.531250 0.031250 0.031250
0 0.828125 0.528125 0.031250 0.031250
0 0.368750 0.865625 0.031250 0.031250
0 0.246875 0.712500 0.031250 0.031250
0 0.506250 0.428125 0.031250 0.031250
0 0.307812 0.162500 0.034375 0.031250
0 0.760938 0.153125 0.034375 0.031250
0 0.846875 0.315625 0.031250 0.031250
0 0.884375 0.189062 0.031250 0.034375
0 0.515625 0.095312 0.031250 0.034375
0 0.556250 0.459375 0.031250 0.031250
0 0.282813 0.471875 0.034375 0.031250
0 0.939063 0.895312 0.034375 0.034375
0 0.678125 0.425000 0.031250 0.031250
0 0.487500 0.400000 0.031250 0.031250
0 0.537500 0.368750 0.031250 0.031250
0 0.865625 0.590625 0.031250 0.031250
0 0.434375 0.865625 0.031250 0.031250
0 0.917188 0.437500 0.034375 0.031250
0 0.956250 0.800000 0.031250 0.031250
0 0.300000 0.867188 0.031250 0.028125
0 0.503125 0.368750 0.031250 0.031250
0 0.903125 0.712500 0.031250 0.031250
0 0.575000 0.485938 0.031250 0.028125
0 0.968750 0.709375 0.031250 0.031250
0 0.846875 0.621875 0.031250 0.031250
0 0.868750 0.714063 0.031250 0.028125
0 0.760938 0.346875 0.034375 0.031250
0 0.231250 0.031250 0.031250 0.031250
0 0.114062 0.226562 0.034375 0.034375
0 0.575000 0.687500 0.031250 0.031250
0 0.368750 0.559375 0.031250 0.031250
0 0.360938 0.189062 0.028125 0.028125
0 0.290625 0.032813 0.031250 0.034375
0 0.796875 0.531250 0.031250 0.031250
0 0.745313 0.621875 0.028125 0.031250
0 0.900000 0.465625 0.031250 0.031250
0 0.568750 0.245312 0.031250 0.034375
0 0.078125 0.146875 0.031250 0.031250
0 0.662500 0.456250 0.031250 0.031250
0 0.200000 0.046875 0.031250 0.031250
0 0.534375 0.246875 0.031250 0.031250
0 0.745313 0.378125 0.034375 0.031250
0 0.662500 0.715625 0.031250 0.031250
0 0.646875 0.687500 0.031250 0.031250
0 0.725000 0.156250 0.031250 0.031250
0 0.210938 0.285938 0.028125 0.028125
0 0.125000 0.256250 0.031250 0.031250
0 0.832812 0.035937 0.034375 0.034375
0 0.381250 0.340625 0.031250 0.031250
0 0.334375 0.684375 0.031250 0.031250
0 0.281250 0.531250 0.031250 0.031250
0 0.750000 0.865625 0.031250 0.031250
0 0.281250 0.284375 0.031250 0.031250
0 0.325000 0.190625 0.031250 0.031250
0 0.571875 0.368750 0.031250 0.031250
0 0.401562 0.373437 0.034375 0.034375
0 0.798438 0.095312 0.034375 0.034375
0 0.937500 0.771875 0.031250 0.031250
0 0.401562 0.681250 0.028125 0.031250
0 0.606250 0.246875 0.031250 0.031250
0 0.678125 0.365625 0.031250 0.031250
0 0.353125 0.034375 0.031250 0.031250
0 0.212500 0.590625 0.031250 0.031250
0 0.375000 0.156250 0.031250 0.031250
0 0.212500 0.653125 0.031250 0.031250
0 0.745313 0.440625 0.028125 0.031250
0 0.025000 0.318750 0.031250 0.031250
0 0.915625 0.314063 0.031250 0.028125
0 0.021875 0.378125 0.031250 0.031250
0 0.728125 0.278125 0.031250 0.031250
0 0.881250 0.559375 0.031250 0.031250
0 0.365625 0.806250 0.031250 0.031250
0 0.160938 0.320312 0.028125 0.028125
0 0.246875 0.471875 0.031250 0.031250
0 0.643750 0.626563 0.031250 0.028125
0 0.260937 0.048438 0.028125 0.028125
0 0.429688 0.126562 0.034375 0.034375
0 0.954688 0.740625 0.034375 0.031250
0 0.932813 0.651563 0.034375 0.034375
0 0.228125 0.682813 0.031250 0.034375
0 0.853125 0.803125 0.031250 0.031250
0 0.953125 0.682813 0.031250 0.034375
0 0.562500 0.515625 0.031250 0.031250
0 0.042188 0.350000 0.034375 0.031250
0 0.850000 0.559375 0.031250 0.031250
0 0.659375 0.334375 0.031250 0.031250
0 0.196875 0.381250 0.031250 0.031250
0 0.709375 0.621875 0.031250 0.031250
0 0.048438 0.095312 0.034375 0.034375
0 0.229687 0.318750 0.028125 0.031250
0 0.212500 0.531250 0.031250 0.031250
0 0.625000 0.456250 0.031250 0.031250
0 0.800000 0.712500 0.031250 0.031250
0 0.160938 0.379688 0.034375 0.034375
0 0.939063 0.832812 0.034375 0.034375
0 0.246875 0.531250 0.031250 0.031250
0 0.968750 0.406250 0.031250 0.031250
0 0.384375 0.775000 0.031250 0.031250
0 0.259375 0.084375 0.031250 0.031250
0 0.345313 0.220312 0.028125 0.028125
0 0.728125 0.531250 0.031250 0.031250
0 0.709375 0.064062 0.031250 0.034375
0 0.365625 0.312500 0.031250 0.031250
0 0.517188 0.153125 0.034375 0.031250
0 0.340625 0.159375 0.031250 0.031250
0 0.918750 0.065625 0.031250 0.031250
0 0.918750 0.253125 0.031250 0.031250
0 0.418750 0.403125 0.031250 0.031250
0 0.265625 0.865625 0.031250 0.031250
0 0.214062 0.714063 0.034375 0.034375
0 0.835938 0.898438 0.034375 0.034375
0 0.159375 0.443750 0.031250 0.031250
0 0.896875 0.528125 0.031250 0.031250
0 0.334375 0.865625 0.031250 0.031250
0 0.715625 0.865625 0.031250 0.031250
0 0.401562 0.806250 0.034375 0.031250
0 0.298438 0.381250 0.034375 0.031250
0 0.745313 0.306250 0.028125 0.031250
0 0.850000 0.681250 0.031250 0.031250
0 0.814063 0.559375 0.034375 0.031250
0 0.690625 0.153125 0.031250 0.031250
0 0.018750 0.076563 0.031250 0.034375
0 0.675000 0.062500 0.031250 0.031250
0 0.078125 0.225000 0.031250 0.031250
0 0.262500 0.682813 0.031250 0.034375
0 0.679688 0.867188 0.034375 0.034375
0 0.656250 0.153125 0.031250 0.031250
0 0.418750 0.896875 0.031250 0.031250
0 0.559375 0.718750 0.031250 0.031250
0 0.040625 0.837500 0.031250 0.031250
0 0.315625 0.834375 0.031250 0.031250
0 0.287500 0.131250 0.031250 0.031250
0 0.640625 0.187500 0.031250 0.031250
0 0.870313 0.895312 0.034375 0.034375
0 0.162500 0.564063 0.031250 0.034375
0 0.314063 0.284375 0.028125 0.031250
0 0.334375 0.743750 0.031250 0.031250
0 0.300000 0.682813 0.031250 0.034375
0 0.178125 0.896875 0.031250 0.031250
0 0.162500 0.625000 0.031250 0.031250
0 0.625000 0.656250 0.031250 0.031250
0 0.298438 0.440625 0.028125 0.031250
0 0.178125 0.412500 0.031250 0.031250
0 0.553125 0.215625 0.031250 0.031250
0 0.762500 0.032813 0.031250 0.028125
0 0.471875 0.493750 0.031250 0.031250
0 0.317188 0.470313 0.034375 0.034375
0 0.107813 0.026562 0.034375 0.034375
0 0.078125 0.110937 0.031250 0.034375
0 0.575000 0.746875 0.031250 0.031250
0 0.418750 0.834375 0.031250 0.031250
0 0.553125 0.034375 0.031250 0.031250
0 0.073438 0.837500 0.034375 0.031250
0 0.903125 0.895312 0.031250 0.034375
0 0.534375 0.065625 0.031250 0.031250
0 0.296875 0.315625 0.031250 0.031250
0 0.692187 0.032813 0.034375 0.034375
0 0.657813 0.032813 0.034375 0.034375
0 0.318750 0.775000 0.031250 0.031250
0 0.970313 0.035937 0.034375 0.034375
0 0.296875 0.803125 0.031250 0.031250
0 0.020313 0.442188 0.034375 0.034375
0 0.193750 0.865625 0.031250 0.031250
0 0.262500 0.378125 0.031250 0.031250
0 0.317188 0.410938 0.034375 0.034375
0 0.246875 0.896875 0.031250 0.031250
0 0.917188 0.681250 0.028125 0.031250
0 0.868750 0.834375 0.031250 0.031250
0 0.856250 0.865625 0.031250 0.031250
0 0.196875 0.503125 0.031250 0.031250
0 0.040625 0.409375 0.031250 0.031250
0 0.300000 0.743750 0.031250 0.031250
0 0.351562 0.470313 0.028125 0.028125
0 0.353125 0.715625 0.031250 0.031250
0 0.401562 0.740625 0.028125 0.031250
0 0.620313 0.156250 0.034375 0.031250
0 0.178125 0.653125 0.031250 0.031250
0 0.229687 0.865625 0.034375 0.031250
0 0.968750 0.343750 0.031250 0.031250
0 0.621875 0.215625 0.031250 0.031250
0 0.385937 0.834375 0.028125 0.031250
0 0.048438 0.060937 0.034375 0.034375
0 0.693750 0.532813 0.031250 0.034375
0 0.743750 0.125000 0.031250 0.031250
0 0.628125 0.778125 0.031250 0.031250
0 0.818750 0.803125 0.031250 0.031250
0 0.550000 0.153125 0.031250 0.031250
0 0.696875 0.712500 0.031250 0.031250
0 0.315625 0.590625 0.031250 0.031250
0 0.915625 0.496875 0.031250 0.031250
0 0.109375 0.162500 0.031250 0.031250
0 0.281250 0.896875 0.031250 0.031250
0 0.076563 0.348438 0.034375 0.034375
0 0.710938 0.367188 0.034375 0.034375
0 0.970313 0.773438 0.034375 0.034375
0 0.834375 0.653125 0.031250 0.031250
0 0.046875 0.225000 0.031250 0.031250
0 0.385937 0.589063 0.034375 0.034375
0 0.709375 0.501563 0.031250 0.034375
0 0.696875 0.656250 0.031250 0.031250
0 0.950000 0.620313 0.031250 0.034375
0 0.332813 0.442188 0.034375 0.034375
0 0.734375 0.893750 0.031250 0.031250
0 0.968750 0.468750 0.031250 0.031250
0 0.948438 0.496875 0.034375 0.031250
0 0.965625 0.653125 0.031250 0.031250
0 0.229687 0.381250 0.034375 0.031250
0 0.506250 0.809375 0.031250 0.031250
0 0.896875 0.590625 0.031250 0.031250
0 0.417187 0.709375 0.028125 0.031250
0 0.675000 0.125000 0.031250 0.031250
0 0.281250 0.834375 0.031250 0.031250
0 0.385937 0.712500 0.028125 0.031250
0 0.246875 0.651563 0.031250 0.034375
0 0.403125 0.557813 0.031250 0.034375
0 0.610938 0.485938 0.028125 0.028125
0 0.143750 0.532813 0.031250 0.034375
0 0.534375 0.125000 0.031250 0.031250
0 0.768750 0.896875 0.031250 0.031250
0 0.418750 0.526563 0.031250 0.034375
0 0.212500 0.896875 0.031250 0.031250
0 0.453125 0.837500 0.031250 0.031250
0 0.021875 0.865625 0.031250 0.031250
0 0.637500 0.125000 0.031250 0.031250
0 0.231250 0.621875 0.031250 0.031250
0 0.765625 0.714063 0.031250 0.034375
0 0.657813 0.595313 0.034375 0.034375
0 0.060937 0.317188 0.034375 0.034375
0 0.384375 0.406250 0.031250 0.031250
0 0.800000 0.773438 0.031250 0.034375
0 0.193750 0.682813 0.031250 0.034375
0 0.973437 0.898438 0.034375 0.034375
0 0.109375 0.837500 0.031250 0.031250
0 0.603125 0.125000 0.031250 0.031250
0 0.656250 0.095312 0.031250 0.034375
0 0.729688 0.714063 0.028125 0.028125
0 0.346875 0.896875 0.031250 0.031250
0 0.350000 0.834375 0.031250 0.031250
0 0.434375 0.681250 0.031250 0.031250
0 0.275000 0.223438 0.031250 0.028125
0 0.764062 0.835938 0.034375 0.034375
0 0.018750 0.042188 0.037500 0.034375
0 0.712500 0.684375 0.031250 0.031250
0 0.901563 0.034375 0.034375 0.037500
0 0.803125 0.834375 0.031250 0.031250
0 0.662500 0.775000 0.031250 0.031250
0 0.818750 0.681250 0.031250 0.031250
0 0.075000 0.287500 0.031250 0.031250
0 0.176563 0.473438 0.034375 0.034375
0 0.078125 0.078125 0.031250 0.031250
0 0.351562 0.651563 0.028125 0.028125
0 0.056250 0.381250 0.031250 0.031250
0 0.200000 0.115625 0.031250 0.031250
0 0.696875 0.837500 0.031250 0.031250
0 0.590625 0.659375 0.031250 0.031250
0 0.143750 0.896875 0.031250 0.031250
0 0.595313 0.515625 0.028125 0.031250
0 0.159375 0.865625 0.031250 0.031250
0 0.418750 0.653125 0.031250 0.031250
0 0.384375 0.651563 0.031250 0.028125
0 0.782813 0.743750 0.028125 0.031250
0 0.781250 0.684375 0.031250 0.031250
0 0.750000 0.743750 0.031250 0.031250
0 0.453125 0.898438 0.031250 0.034375
0 0.384375 0.896875 0.031250 0.031250
0 0.732812 0.835938 0.034375 0.034375
0 0.937500 0.037500 0.031250 0.031250
0 0.245312 0.590625 0.034375 0.031250
0 0.784375 0.806250 0.031250 0.031250
0 0.729688 0.335938 0.028125 0.028125
0 0.803125 0.896875 0.031250 0.031250
0 0.917188 0.620313 0.028125 0.028125
0 0.540625 0.750000 0.031250 0.031250
0 0.553125 0.659375 0.031250 0.031250
0 0.585938 0.156250 0.034375 0.031250
0 0.017188 0.114062 0.034375 0.034375
0 0.434375 0.807813 0.031250 0.034375
0 0.587500 0.034375 0.031250 0.031250
0 0.557813 0.776563 0.028125 0.028125
0 0.321875 0.017188 0.031250 0.034375
0 0.540625 0.807813 0.031250 0.034375
0 0.675000 0.562500 0.031250 0.031250
0 0.835938 0.775000 0.028125 0.031250
0 0.057813 0.868750 0.028125 0.031250
0 0.539062 0.689063 0.028125 0.028125
0 0.568750 0.065625 0.031250 0.031250
0 0.521875 0.776563 0.031250 0.028125
0 0.621875 0.032813 0.031250 0.034375
0 0.314063 0.895312 0.028125 0.028125
0 0.579688 0.545312 0.028125 0.028125
0 0.212500 0.410938 0.031250 0.028125
0 0.023438 0.804688 0.034375 0.034375
0 0.140625 0.043750 0.031250 0.031250
0 0.259375 0.015625 0.031250 0.031250
0 0.700000 0.896875 0.031250 0.031250
0 0.035937 0.532813 0.034375 0.034375
0 0.379688 0.017188 0.034375 0.034375
0 0.109375 0.534375 0.031250 0.031250
0 0.110937 0.289062 0.028125 0.028125
0 0.229687 0.743750 0.028125 0.031250
0 0.401562 0.621875 0.034375 0.031250
0 0.106250 0.896875 0.031250 0.031250
0 0.226562 0.101562 0.028125 0.028125
0 0.470313 0.807813 0.028125 0.028125
0 0.526563 0.517188 0.028125 0.028125
