0 0.340625 0.251563 0.031250 0.034375
0 0.271875 0.678125 0.031250 0.031250
0 0.337500 0.495312 0.031250 0.034375
0 0.253125 0.587500 0.031250 0.031250
0 0.304688 0.373437 0.034375 0.034375
0 0.459375 0.815625 0.031250 0.031250
0 0.082812 0.282813 0.034375 0.034375
0 0.487500 0.767188 0.031250 0.034375
0 0.510938 0.095312 0.034375 0.034375
0 0.675000 0.142187 0.031250 0.034375
0 0.084375 0.406250 0.031250 0.031250
0 0.085938 0.223438 0.034375 0.034375
0 0.085938 0.159375 0.034375 0.031250
0 0.100000 0.437500 0.031250 0.031250
0 0.481250 0.192188 0.031250 0.034375
0 0.190625 0.771875 0.031250 0.031250
0 0.168750 0.314063 0.031250 0.034375
0 0.359375 0.345313 0.031250 0.034375
0 0.426563 0.282813 0.034375 0.034375
0 0.410938 0.251563 0.034375 0.034375
0 0.156250 0.771875 0.031250 0.031250
0 0.156250 0.709375 0.031250 0.031250
0 0.031250 0.128125 0.031250 0.031250
0 0.103125 0.128125 0.031250 0.031250
0 0.259375 0.100000 0.031250 0.031250
0 0.103125 0.190625 0.031250 0.031250
0 0.293750 0.100000 0.031250 0.031250
0 0.223438 0.159375 0.034375 0.031250
0 0.032813 0.065625 0.034375 0.031250
0 0.171875 0.253125 0.031250 0.031250
0 0.175000 0.068750 0.031250 0.031250
0 0.360938 0.220312 0.034375 0.034375
0 0.276562 0.067187 0.034375 0.034375
0 0.082812 0.345313 0.034375 0.034375
0 0.153125 0.220312 0.031250 0.034375
0 0.050000 0.096875 0.031250 0.031250
0 0.137500 0.742188 0.031250 0.034375
0 0.345313 0.190625 0.034375 0.031250
0 0.362500 0.768750 0.031250 0.031250
0 0.271875 0.432812 0.031250 0.034375
0 0.309375 0.128125 0.031250 0.031250
0 0.118750 0.159375 0.031250 0.031250
0 0.207813 0.128125 0.034375 0.031250
0 0.328125 0.100000 0.031250 0.031250
0 0.120313 0.221875 0.034375 0.031250
0 0.048438 0.345313 0.034375 0.034375
0 0.153125 0.282813 0.031250 0.034375
0 0.068750 0.376563 0.031250 0.034375
0 0.067187 0.128125 0.034375 0.031250
0 0.621875 0.278125 0.031250 0.031250
0 0.106250 0.865625 0.031250 0.031250
0 0.446875 0.193750 0.031250 0.031250
0 0.118750 0.282813 0.031250 0.034375
0 0.137500 0.803125 0.031250 0.031250
0 0.287500 0.646875 0.031250 0.031250
0 0.423438 0.129688 0.034375 0.034375
0 0.034375 0.253125 0.031250 0.031250
0 0.556250 0.107813 0.031250 0.034375
0 0.209375 0.800000 0.031250 0.031250
0 0.175000 0.804688 0.031250 0.034375
0 0.581250 0.056250 0.031250 0.031250
0 0.139063 0.067187 0.034375 0.034375
0 0.221875 0.221875 0.031250 0.031250
0 0.443750 0.371875 0.031250 0.031250
0 0.343750 0.737500 0.031250 0.031250
0 0.589063 0.262500 0.028125 0.031250
0 0.496875 0.225000 0.031250 0.031250
0 0.187500 0.281250 0.031250 0.031250
0 0.275000 0.189062 0.031250 0.034375
0 0.240625 0.740625 0.031250 0.031250
0 0.475000 0.375000 0.031250 0.031250
0 0.643750 0.087500 0.031250 0.031250
0 0.526563 0.126562 0.034375 0.034375
0 0.103125 0.682813 0.031250 0.028125
0 0.271875 0.312500 0.031250 0.031250
0 0.134375 0.371875 0.031250 0.031250
0 0.589063 0.228125 0.028125 0.031250
0 0.414062 0.192188 0.034375 0.034375
0 0.557813 0.146875 0.028125 0.031250
0 0.175000 0.865625 0.031250 0.031250
0 0.396875 0.765625 0.031250 0.031250
0 0.256250 0.220312 0.031250 0.034375
0 0.192188 0.035937 0.034375 0.034375
0 0.135937 0.251563 0.034375 0.034375
0 0.206250 0.678125 0.031250 0.031250
0 0.100000 0.375000 0.031250 0.031250
0 0.135937 0.190625 0.034375 0.031250
0 0.157812 0.035937 0.034375 0.034375
0 0.084375 0.096875 0.031250 0.031250
0 0.328125 0.159375 0.031250 0.031250
0 0.104688 0.067187 0.034375 0.034375
0 0.407813 0.371875 0.028125 0.031250
0 0.120313 0.709375 0.028125 0.031250
0 0.135937 0.681250 0.028125 0.031250
0 0.409375 0.312500 0.031250 0.031250
0 0.276562 0.128125 0.034375 0.031250
0 0.140625 0.865625 0.031250 0.031250
0 0.442188 0.096875 0.034375 0.031250
0 0.340625 0.312500 0.031250 0.031250
0 0.065625 0.190625 0.031250 0.031250
0 0.226562 0.039062 0.034375 0.034375
0 0.464062 0.164062 0.034375 0.034375
0 0.187500 0.096875 0.031250 0.031250
0 0.050000 0.159375 0.031250 0.031250
0 0.203125 0.312500 0.031250 0.031250
0 0.325000 0.281250 0.031250 0.031250
0 0.242188 0.190625 0.034375 0.031250
0 0.392188 0.282813 0.034375 0.034375
0 0.459375 0.343750 0.031250 0.031250
0 0.046875 0.284375 0.031250 0.031250
0 0.223438 0.098437 0.034375 0.034375
0 0.171875 0.678125 0.031250 0.031250
0 0.135937 0.620313 0.034375 0.034375
0 0.100000 0.312500 0.031250 0.031250
0 0.290625 0.709375 0.031250 0.031250
0 0.290625 0.218750 0.031250 0.031250
0 0.271875 0.251563 0.031250 0.034375
0 0.431250 0.221875 0.031250 0.031250
0 0.343750 0.131250 0.031250 0.031250
0 0.309375 0.067187 0.031250 0.034375
0 0.240625 0.798438 0.031250 0.034375
0 0.171875 0.128125 0.031250 0.031250
0 0.271875 0.618750 0.031250 0.031250
0 0.050000 0.406250 0.031250 0.031250
0 0.700000 0.401562 0.031250 0.034375
0 0.171875 0.740625 0.031250 0.031250
0 0.068750 0.740625 0.031250 0.031250
0 0.481250 0.253125 0.031250 0.031250
0 0.584375 0.126562 0.031250 0.034375
0 0.729688 0.423438 0.034375 0.034375
0 0.678125 0.106250 0.031250 0.031250
0 0.523438 0.062500 0.034375 0.031250
0 0.206250 0.251563 0.031250 0.034375
0 0.443750 0.314063 0.031250 0.034375
0 0.309375 0.189062 0.031250 0.034375
0 0.157812 0.096875 0.034375 0.031250
0 0.303125 0.556250 0.031250 0.031250
0 0.564063 0.745313 0.034375 0.034375
0 0.071875 0.803125 0.031250 0.031250
0 0.256250 0.157812 0.031250 0.034375
0 0.375000 0.493750 0.031250 0.031250
0 0.071875 0.862500 0.031250 0.031250
0 0.475000 0.095312 0.031250 0.034375
0 0.120313 0.035937 0.034375 0.034375
0 0.559375 0.178125 0.031250 0.031250
0 0.225000 0.768750 0.031250 0.031250
0 0.615625 0.106250 0.031250 0.031250
0 0.375000 0.251563 0.031250 0.034375
0 0.171875 0.190625 0.031250 0.031250
0 0.189062 0.159375 0.034375 0.031250
0 0.293750 0.156250 0.031250 0.031250
0 0.240625 0.128125 0.031250 0.031250
0 0.151562 0.345313 0.028125 0.028125
0 0.037500 0.806250 0.031250 0.031250
0 0.189062 0.709375 0.028125 0.031250
0 0.309375 0.737500 0.031250 0.031250
0 0.423438 0.862500 0.034375 0.031250
0 0.392188 0.800000 0.034375 0.031250
0 0.287500 0.403125 0.031250 0.031250
0 0.067187 0.681250 0.028125 0.031250
0 0.084375 0.468750 0.031250 0.031250
0 0.314063 0.856250 0.034375 0.031250
0 0.103125 0.253125 0.031250 0.031250
0 0.529687 0.284375 0.034375 0.031250
0 0.457813 0.129688 0.034375 0.034375
0 0.167187 0.495312 0.034375 0.034375
0 0.428125 0.343750 0.031250 0.031250
0 0.207813 0.192188 0.034375 0.034375
0 0.090625 0.832812 0.031250 0.034375
0 0.421875 0.071875 0.031250 0.031250
0 0.650000 0.195312 0.031250 0.034375
0 0.493750 0.126562 0.031250 0.034375
0 0.104688 0.740625 0.034375 0.031250
0 0.239063 0.251563 0.034375 0.034375
0 0.068750 0.065625 0.031250 0.031250
0 0.221875 0.282813 0.031250 0.034375
0 0.421875 0.403125 0.031250 0.031250
0 0.321875 0.340625 0.031250 0.031250
0 0.620313 0.314063 0.028125 0.028125
0 0.403125 0.103125 0.031250 0.031250
0 0.462500 0.282813 0.031250 0.034375
0 0.618750 0.350000 0.031250 0.031250
0 0.489063 0.065625 0.034375 0.031250
0 0.125000 0.834375 0.031250 0.031250
0 0.390625 0.464062 0.031250 0.034375
0 0.475000 0.432812 0.031250 0.034375
0 0.203125 0.618750 0.031250 0.031250
0 0.293750 0.829688 0.031250 0.034375
0 0.168750 0.375000 0.031250 0.031250
0 0.275000 0.740625 0.031250 0.031250
0 0.584375 0.089063 0.031250 0.034375
0 0.278125 0.800000 0.031250 0.031250
0 0.225000 0.828125 0.031250 0.031250
0 0.256250 0.709375 0.031250 0.031250
0 0.134375 0.314063 0.031250 0.028125
0 0.615625 0.071875 0.031250 0.031250
0 0.053125 0.712500 0.031250 0.031250
0 0.221875 0.650000 0.031250 0.031250
0 0.737500 0.178125 0.031250 0.031250
0 0.209375 0.860938 0.031250 0.034375
0 0.739062 0.214062 0.034375 0.034375
0 0.100000 0.620313 0.031250 0.028125
0 0.406250 0.434375 0.031250 0.031250
0 0.706250 0.125000 0.031250 0.031250
0 0.423438 0.462500 0.028125 0.031250
0 0.218750 0.340625 0.031250 0.031250
0 0.706250 0.334375 0.031250 0.031250
0 0.493750 0.403125 0.031250 0.031250
0 0.184375 0.343750 0.031250 0.031250
0 0.325000 0.218750 0.031250 0.031250
0 0.325000 0.709375 0.031250 0.031250
0 0.589063 0.682813 0.028125 0.028125
0 0.242188 0.067187 0.034375 0.034375
0 0.512500 0.253125 0.031250 0.031250
0 0.531250 0.226562 0.031250 0.034375
0 0.568750 0.709375 0.031250 0.031250
0 0.396875 0.837500 0.031250 0.031250
0 0.550000 0.040625 0.031250 0.031250
0 0.184375 0.646875 0.031250 0.031250
0 0.362500 0.159375 0.031250 0.031250
0 0.620313 0.703125 0.028125 0.031250
0 0.678125 0.246875 0.031250 0.031250
0 0.135937 0.434375 0.034375 0.031250
0 0.375000 0.312500 0.031250 0.031250
0 0.496875 0.160938 0.031250 0.034375
0 0.390625 0.343750 0.031250 0.031250
0 0.618750 0.603125 0.031250 0.031250
0 0.559375 0.212500 0.031250 0.031250
0 0.509375 0.312500 0.031250 0.031250
0 0.206250 0.740625 0.031250 0.031250
0 0.459375 0.401562 0.031250 0.028125
0 0.259375 0.828125 0.031250 0.031250
0 0.328125 0.768750 0.031250 0.031250
0 0.115625 0.465625 0.031250 0.031250
0 0.048438 0.465625 0.028125 0.031250
0 0.187500 0.406250 0.031250 0.031250
0 0.235937 0.371875 0.028125 0.031250
0 0.235937 0.432812 0.028125 0.028125
0 0.378125 0.737500 0.031250 0.031250
0 0.359375 0.282813 0.031250 0.034375
0 0.287500 0.340625 0.031250 0.031250
0 0.362500 0.098437 0.031250 0.034375
0 0.528125 0.162500 0.031250 0.031250
0 0.287500 0.525000 0.031250 0.031250
0 0.087500 0.771875 0.031250 0.031250
0 0.548438 0.315625 0.034375 0.031250
0 0.345313 0.068750 0.034375 0.031250
0 0.065625 0.253125 0.031250 0.031250
0 0.531250 0.657813 0.031250 0.034375
0 0.735938 0.387500 0.034375 0.031250
0 0.476562 0.712500 0.034375 0.031250
0 0.456250 0.068750 0.031250 0.031250
0 0.464062 0.225000 0.028125 0.031250
0 0.187500 0.218750 0.031250 0.031250
0 0.292187 0.767188 0.028125 0.028125
0 0.084375 0.653125 0.031250 0.031250
0 0.512500 0.703125 0.031250 0.031250
0 0.589063 0.367188 0.028125 0.028125
0 0.610938 0.037500 0.034375 0.031250
0 0.587500 0.159375 0.031250 0.031250
0 0.121875 0.771875 0.031250 0.031250
0 0.587500 0.615625 0.031250 0.031250
0 0.050000 0.220312 0.031250 0.034375
0 0.671875 0.459375 0.031250 0.031250
0 0.032813 0.314063 0.028125 0.028125
0 0.031250 0.439063 0.031250 0.034375
0 0.346875 0.848437 0.031250 0.034375
0 0.526563 0.401562 0.034375 0.034375
0 0.153125 0.159375 0.031250 0.031250
0 0.740625 0.250000 0.031250 0.031250
0 0.065625 0.312500 0.031250 0.031250
0 0.673438 0.071875 0.034375 0.031250
0 0.365625 0.821875 0.031250 0.031250
0 0.706250 0.368750 0.031250 0.031250
0 0.376563 0.375000 0.028125 0.031250
0 0.428125 0.828125 0.031250 0.031250
0 0.106250 0.800000 0.031250 0.031250
0 0.620313 0.142187 0.034375 0.034375
0 0.709375 0.231250 0.031250 0.031250
0 0.590625 0.296875 0.031250 0.031250
0 0.184375 0.589063 0.031250 0.034375
0 0.562500 0.281250 0.031250 0.031250
0 0.100000 0.496875 0.031250 0.031250
0 0.356250 0.403125 0.031250 0.031250
0 0.151562 0.403125 0.034375 0.031250
0 0.437500 0.040625 0.031250 0.031250
0 0.590625 0.193750 0.031250 0.031250
0 0.620313 0.214062 0.028125 0.028125
0 0.115625 0.406250 0.031250 0.031250
0 0.157812 0.898438 0.034375 0.034375
0 0.475000 0.312500 0.031250 0.031250
0 0.551562 0.073438 0.034375 0.034375
0 0.371875 0.432812 0.031250 0.034375
0 0.706250 0.267188 0.031250 0.034375
0 0.153125 0.650000 0.031250 0.031250
0 0.209375 0.068750 0.031250 0.031250
0 0.554688 0.382812 0.034375 0.034375
0 0.273438 0.032813 0.034375 0.034375
0 0.381250 0.193750 0.031250 0.031250
0 0.053125 0.771875 0.031250 0.031250
0 0.225000 0.709375 0.031250 0.031250
0 0.168750 0.618750 0.031250 0.031250
0 0.385937 0.073438 0.034375 0.034375
0 0.618750 0.178125 0.031250 0.031250
0 0.312500 0.796875 0.031250 0.031250
0 0.506250 0.737500 0.031250 0.031250
0 0.037500 0.864062 0.031250 0.034375
0 0.259375 0.771875 0.031250 0.031250
0 0.253125 0.343750 0.031250 0.031250
0 0.189062 0.831250 0.028125 0.031250
0 0.640625 0.053125 0.031250 0.031250
0 0.290625 0.281250 0.031250 0.031250
0 0.396875 0.221875 0.031250 0.031250
0 0.307812 0.032813 0.034375 0.034375
0 0.303125 0.496875 0.031250 0.031250
0 0.318750 0.462500 0.031250 0.031250
0 0.287500 0.587500 0.031250 0.031250
0 0.340625 0.434375 0.031250 0.031250
0 0.085938 0.710938 0.028125 0.028125
0 0.065625 0.437500 0.031250 0.031250
0 0.342187 0.023438 0.034375 0.034375
0 0.306250 0.312500 0.031250 0.031250
0 0.235937 0.312500 0.028125 0.031250
0 0.031250 0.496875 0.031250 0.031250
0 0.581250 0.021875 0.031250 0.031250
0 0.220312 0.403125 0.028125 0.031250
0 0.515625 0.193750 0.031250 0.031250
0 0.557813 0.245312 0.028125 0.028125
0 0.268750 0.495312 0.031250 0.034375
0 0.031250 0.375000 0.031250 0.031250
0 0.287500 0.465625 0.031250 0.031250
0 0.587500 0.331250 0.031250 0.031250
0 0.556250 0.634375 0.031250 0.031250
0 0.343750 0.796875 0.031250 0.031250
0 0.589063 0.584375 0.028125 0.031250
0 0.671875 0.384375 0.031250 0.031250
0 0.253125 0.403125 0.031250 0.031250
0 0.537500 0.721875 0.031250 0.031250
0 0.137500 0.128125 0.031250 0.031250
0 0.356250 0.465625 0.031250 0.031250
0 0.418750 0.525000 0.031250 0.031250
0 0.440625 0.431250 0.031250 0.031250
0 0.432812 0.162500 0.034375 0.031250
0 0.737500 0.143750 0.031250 0.031250
0 0.118750 0.343750 0.031250 0.031250
0 0.271875 0.556250 0.031250 0.031250
0 0.395313 0.160938 0.034375 0.034375
0 0.150000 0.465625 0.031250 0.031250
0 0.156250 0.834375 0.031250 0.031250
0 0.153125 0.526563 0.031250 0.034375
0 0.650000 0.262500 0.031250 0.031250
0 0.446875 0.253125 0.031250 0.031250
0 0.323437 0.406250 0.028125 0.031250
0 0.370312 0.553125 0.028125 0.031250
0 0.737500 0.282813 0.031250 0.028125
0 0.307812 0.250000 0.028125 0.031250
0 0.556250 0.600000 0.031250 0.031250
0 0.121875 0.100000 0.031250 0.031250
0 0.151562 0.589063 0.028125 0.028125
0 0.089063 0.895312 0.034375 0.034375
0 0.495312 0.282813 0.028125 0.028125
0 0.612500 0.528125 0.031250 0.031250
0 0.256250 0.281250 0.031250 0.031250
0 0.678125 0.575000 0.031250 0.031250
0 0.053125 0.834375 0.031250 0.031250
0 0.034375 0.740625 0.031250 0.031250
0 0.532813 0.759375 0.034375 0.031250
0 0.251563 0.465625 0.028125 0.031250
0 0.054688 0.898438 0.034375 0.034375
0 0.406250 0.493750 0.031250 0.031250
0 0.303125 0.434375 0.031250 0.031250
0 0.406250 0.556250 0.031250 0.031250
0 0.528125 0.345313 0.031250 0.034375
0 0.671875 0.421875 0.031250 0.031250
0 0.390625 0.403125 0.031250 0.031250
0 0.034375 0.190625 0.031250 0.031250
0 0.303125 0.615625 0.031250 0.031250
0 0.643750 0.543750 0.031250 0.031250
0 0.646875 0.653125 0.031250 0.031250
0 0.254688 0.648438 0.028125 0.028125
0 0.642188 0.579688 0.034375 0.034375
0 0.432812 0.760938 0.034375 0.034375
0 0.615625 0.637500 0.031250 0.031250
0 0.318750 0.584375 0.031250 0.031250
0 0.437500 0.490625 0.031250 0.031250
0 0.521875 0.621875 0.031250 0.031250
0 0.559375 0.346875 0.031250 0.031250
0 0.385937 0.525000 0.034375 0.031250
0 0.675000 0.634375 0.031250 0.031250
0 0.601562 0.760938 0.034375 0.034375
0 0.471875 0.034375 0.031250 0.031250
0 0.117188 0.651563 0.028125 0.028125
0 0.628125 0.739062 0.031250 0.034375
0 0.462500 0.743750 0.031250 0.031250
0 0.768750 0.231250 0.031250 0.031250
0 0.428125 0.793750 0.031250 0.031250
0 0.167187 0.557813 0.034375 0.034375
0 0.490625 0.678125 0.031250 0.031250
0 0.237500 0.618750 0.031250 0.031250
0 0.596875 0.728125 0.031250 0.031250
0 0.646875 0.159375 0.031250 0.031250
0 0.340625 0.375000 0.031250 0.031250
0 0.062500 0.496875 0.031250 0.031250
0 0.651563 0.715625 0.034375 0.031250
0 0.493750 0.343750 0.031250 0.031250
0 0.215625 0.584375 0.031250 0.031250
0 0.620313 0.245312 0.028125 0.028125
0 0.615625 0.562500 0.031250 0.031250
0 0.339062 0.557813 0.028125 0.028125
0 0.200000 0.375000 0.031250 0.031250
0 0.121875 0.898438 0.031250 0.034375
0 0.548438 0.801562 0.034375 0.034375
0 0.306250 0.679688 0.031250 0.028125
0 0.651563 0.295312 0.028125 0.028125
0 0.573438 0.779687 0.034375 0.034375
0 0.734375 0.318750 0.031250 0.031250
0 0.662500 0.606250 0.031250 0.031250
0 0.278125 0.860938 0.031250 0.034375
0 0.510938 0.375000 0.028125 0.031250
0 0.440625 0.715625 0.031250 0.031250
0 0.618750 0.671875 0.031250 0.031250
0 0.696875 0.479687 0.031250 0.034375
0 0.540625 0.689063 0.031250 0.028125
0 0.523438 0.587500 0.034375 0.031250
0 0.134375 0.496875 0.031250 0.031250
0 0.326562 0.889062 0.034375 0.034375
0 0.237500 0.679688 0.031250 0.028125
0 0.703125 0.443750 0.031250 0.031250
0 0.185938 0.457813 0.034375 0.034375
0 0.032813 0.620313 0.034375 0.034375
0 0.709375 0.635938 0.031250 0.034375
0 0.051562 0.035937 0.034375 0.034375
0 0.390625 0.871875 0.031250 0.031250
0 0.615625 0.385937 0.031250 0.028125
0 0.362500 0.878125 0.031250 0.031250
0 0.645312 0.406250 0.034375 0.031250
0 0.271875 0.371875 0.031250 0.031250
0 0.356250 0.706250 0.031250 0.031250
0 0.679688 0.212500 0.028125 0.031250
0 0.295312 0.892188 0.034375 0.034375
0 0.650000 0.228125 0.031250 0.031250
0 0.084375 0.037500 0.031250 0.031250
0 0.640625 0.440625 0.031250 0.031250
0 0.504687 0.029687 0.034375 0.034375
0 0.679688 0.314063 0.028125 0.028125
0 0.676562 0.350000 0.028125 0.031250
0 0.646875 0.120313 0.031250 0.028125
0 0.693750 0.606250 0.031250 0.031250
0 0.414062 0.732812 0.034375 0.034375
0 0.709375 0.159375 0.031250 0.031250
0 0.706250 0.193750 0.031250 0.031250
0 0.318750 0.528125 0.031250 0.031250
0 0.690625 0.546875 0.031250 0.031250
0 0.018750 0.773438 0.031250 0.034375
0 0.678125 0.178125 0.031250 0.031250
0 0.243750 0.860938 0.031250 0.028125
0 0.048438 0.528125 0.034375 0.031250
0 0.218750 0.462500 0.031250 0.031250
0 0.643750 0.507812 0.031250 0.028125
0 0.585938 0.550000 0.034375 0.031250
0 0.767188 0.298438 0.034375 0.034375
0 0.387500 0.585938 0.031250 0.034375
0 0.378125 0.129688 0.031250 0.034375
0 0.031250 0.562500 0.031250 0.031250
0 0.646875 0.331250 0.031250 0.031250
0 0.340625 0.676562 0.031250 0.034375
0 0.017188 0.034375 0.034375 0.031250
0 0.456250 0.781250 0.031250 0.031250
0 0.768750 0.265625 0.031250 0.031250
0 0.515625 0.787500 0.031250 0.031250
0 0.018750 0.835938 0.031250 0.034375
0 0.368750 0.043750 0.031250 0.031250
0 0.456250 0.459375 0.031250 0.031250
0 0.737500 0.353125 0.031250 0.031250
0 0.015625 0.218750 0.031250 0.031250
0 0.765625 0.332813 0.031250 0.034375
0 0.439063 0.554688 0.034375 0.034375
0 0.134375 0.559375 0.031250 0.031250
0 0.015625 0.096875 0.031250 0.031250
0 0.017188 0.159375 0.034375 0.031250
0 0.760938 0.370312 0.034375 0.034375
0 0.403125 0.043750 0.031250 0.031250
0 0.800000 0.282813 0.037500 0.034375
0 0.326562 0.826562 0.028125 0.028125
0 0.200000 0.557813 0.031250 0.034375
0 0.495312 0.460938 0.028125 0.028125
0 0.456250 0.850000 0.031250 0.031250
0 0.518750 0.437500 0.031250 0.031250
0 0.764062 0.160938 0.034375 0.034375
0 0.670312 0.689063 0.034375 0.034375
0 0.670312 0.035937 0.034375 0.034375
0 0.206250 0.432812 0.031250 0.028125
0 0.065625 0.621875 0.031250 0.031250
0 0.184375 0.526563 0.031250 0.034375
0 0.706250 0.296875 0.031250 0.031250
0 0.020313 0.895312 0.034375 0.034375
0 0.767188 0.196875 0.028125 0.031250
0 0.756250 0.445312 0.031250 0.034375
0 0.015625 0.468750 0.031250 0.031250
0 0.118750 0.590625 0.031250 0.031250
0 0.678125 0.281250 0.031250 0.031250
0 0.453125 0.521875 0.031250 0.031250
