0 0.115625 0.839063 0.031250 0.028125
0 0.771875 0.142187 0.031250 0.028125
0 0.684375 0.056250 0.031250 0.031250
0 0.131250 0.750000 0.031250 0.031250
0 0.656250 0.106250 0.031250 0.031250
0 0.084375 0.839063 0.031250 0.028125
0 0.193750 0.687500 0.031250 0.031250
0 0.178125 0.718750 0.031250 0.031250
0 0.090625 0.631250 0.031250 0.031250
0 0.200000 0.807813 0.031250 0.034375
0 0.537500 0.512500 0.031250 0.031250
0 0.468750 0.781250 0.031250 0.031250
0 0.100000 0.809375 0.031250 0.031250
0 0.542188 0.106250 0.028125 0.031250
0 0.771875 0.106250 0.031250 0.031250
0 0.081250 0.290625 0.031250 0.031250
0 0.684375 0.228125 0.031250 0.031250
0 0.484375 0.750000 0.031250 0.031250
0 0.021875 0.328125 0.031250 0.031250
0 0.459375 0.606250 0.031250 0.031250
0 0.231250 0.506250 0.031250 0.031250
0 0.600000 0.106250 0.031250 0.031250
0 0.709375 0.559375 0.031250 0.031250
0 0.268750 0.865625 0.031250 0.031250
0 0.271875 0.593750 0.031250 0.031250
0 0.025000 0.220312 0.031250 0.028125
0 0.428125 0.075000 0.031250 0.031250
0 0.771875 0.071875 0.031250 0.031250
0 0.521875 0.543750 0.031250 0.031250
0 0.714063 0.210938 0.028125 0.028125
0 0.600000 0.243750 0.031250 0.031250
0 0.506250 0.575000 0.031250 0.031250
0 0.600000 0.140625 0.031250 0.031250
0 0.153125 0.840625 0.031250 0.031250
0 0.800000 0.328125 0.031250 0.031250
0 0.059375 0.690625 0.031250 0.031250
0 0.484375 0.109375 0.031250 0.031250
0 0.456250 0.126562 0.031250 0.028125
0 0.512500 0.090625 0.031250 0.031250
0 0.137500 0.537500 0.031250 0.031250
0 0.162500 0.750000 0.031250 0.031250
0 0.714063 0.142187 0.028125 0.028125
0 0.084375 0.462500 0.031250 0.031250
0 0.628125 0.125000 0.031250 0.031250
0 0.559375 0.600000 0.031250 0.031250
0 0.256250 0.215625 0.031250 0.031250
0 0.081250 0.778125 0.031250 0.031250
0 0.371875 0.856250 0.031250 0.031250
0 0.053125 0.275000 0.031250 0.031250
0 0.428125 0.667188 0.031250 0.028125
0 0.028125 0.750000 0.031250 0.031250
0 0.428125 0.109375 0.031250 0.031250
0 0.571875 0.228125 0.031250 0.031250
0 0.312500 0.709375 0.031250 0.031250
0 0.282813 0.131250 0.028125 0.031250
0 0.021875 0.571875 0.031250 0.031250
0 0.075000 0.659375 0.031250 0.031250
0 0.348438 0.403125 0.034375 0.031250
0 0.484375 0.040625 0.031250 0.031250
0 0.110937 0.306250 0.028125 0.031250
0 0.284375 0.231250 0.031250 0.031250
0 0.300000 0.803125 0.031250 0.031250
0 0.100000 0.868750 0.031250 0.031250
0 0.678125 0.618750 0.031250 0.031250
0 0.048438 0.479687 0.034375 0.034375
0 0.571875 0.193750 0.031250 0.031250
0 0.096875 0.750000 0.031250 0.031250
0 0.542188 0.040625 0.028125 0.031250
0 0.743750 0.228125 0.031250 0.031250
0 0.531250 0.453125 0.031250 0.031250
0 0.465625 0.459375 0.031250 0.031250
0 0.714063 0.310937 0.028125 0.028125
0 0.515625 0.428125 0.031250 0.031250
0 0.282813 0.834375 0.028125 0.031250
0 0.803125 0.228125 0.031250 0.031250
0 0.714063 0.243750 0.028125 0.031250
0 0.281250 0.771875 0.031250 0.031250
0 0.431250 0.725000 0.031250 0.031250
0 0.262500 0.743750 0.031250 0.031250
0 0.656250 0.037500 0.031250 0.031250
0 0.542188 0.142187 0.028125 0.028125
0 0.296875 0.740625 0.031250 0.031250
0 0.287500 0.368750 0.031250 0.031250
0 0.537500 0.771875 0.031250 0.031250
0 0.548438 0.687500 0.028125 0.031250
0 0.714063 0.175000 0.028125 0.031250
0 0.314063 0.282813 0.028125 0.028125
0 0.743750 0.262500 0.031250 0.031250
0 0.412500 0.434375 0.031250 0.031250
0 0.281250 0.093750 0.031250 0.031250
0 0.365625 0.792188 0.031250 0.034375
0 0.731250 0.375000 0.031250 0.031250
0 0.146875 0.778125 0.031250 0.031250
0 0.656250 0.534375 0.031250 0.031250
0 0.284375 0.162500 0.031250 0.031250
0 0.284375 0.267188 0.031250 0.028125
0 0.656250 0.314063 0.031250 0.034375
0 0.589063 0.539062 0.028125 0.028125
0 0.306250 0.590625 0.031250 0.031250
0 0.631250 0.446875 0.031250 0.031250
0 0.540625 0.571875 0.031250 0.031250
0 0.140625 0.659375 0.031250 0.031250
0 0.110937 0.237500 0.028125 0.031250
0 0.081250 0.256250 0.031250 0.031250
0 0.593750 0.596875 0.031250 0.031250
0 0.053125 0.343750 0.031250 0.031250
0 0.315625 0.834375 0.031250 0.031250
0 0.165625 0.807813 0.031250 0.028125
0 0.115625 0.778125 0.031250 0.031250
0 0.200000 0.868750 0.031250 0.031250
0 0.253125 0.078125 0.031250 0.031250
0 0.303125 0.865625 0.031250 0.031250
0 0.040625 0.543750 0.031250 0.031250
0 0.715625 0.412500 0.031250 0.031250
0 0.165625 0.095312 0.031250 0.028125
0 0.073438 0.600000 0.028125 0.031250
0 0.521875 0.337500 0.031250 0.031250
0 0.646875 0.417187 0.031250 0.028125
0 0.110937 0.340625 0.028125 0.031250
0 0.068750 0.868750 0.031250 0.031250
0 0.484375 0.075000 0.031250 0.031250
0 0.646875 0.625000 0.031250 0.031250
0 0.256250 0.625000 0.031250 0.031250
0 0.081250 0.218750 0.031250 0.031250
0 0.062500 0.750000 0.031250 0.031250
0 0.771875 0.243750 0.031250 0.031250
0 0.312500 0.146875 0.031250 0.031250
0 0.515625 0.193750 0.031250 0.031250
0 0.765625 0.376563 0.031250 0.028125
0 0.512500 0.125000 0.031250 0.031250
0 0.250000 0.775000 0.031250 0.031250
0 0.346875 0.762500 0.031250 0.031250
0 0.234375 0.865625 0.031250 0.031250
0 0.212500 0.715625 0.031250 0.031250
0 0.140625 0.256250 0.031250 0.031250
0 0.056250 0.571875 0.031250 0.031250
0 0.303125 0.531250 0.031250 0.031250
0 0.693750 0.589063 0.031250 0.028125
0 0.495312 0.662500 0.028125 0.031250
0 0.126562 0.689063 0.028125 0.028125
0 0.714063 0.279687 0.028125 0.028125
0 0.515625 0.056250 0.031250 0.031250
0 0.714063 0.073438 0.028125 0.028125
0 0.257812 0.353125 0.028125 0.031250
0 0.631250 0.387500 0.031250 0.031250
0 0.518750 0.485938 0.031250 0.028125
0 0.542188 0.073438 0.028125 0.028125
0 0.631250 0.653125 0.031250 0.031250
0 0.771875 0.175000 0.031250 0.031250
0 0.684375 0.089063 0.031250 0.028125
0 0.021875 0.510938 0.031250 0.034375
0 0.125000 0.631250 0.031250 0.031250
0 0.675000 0.562500 0.031250 0.031250
0 0.345313 0.368750 0.028125 0.031250
0 0.093750 0.690625 0.031250 0.031250
0 0.143750 0.493750 0.031250 0.031250
0 0.410938 0.696875 0.028125 0.031250
0 0.134375 0.809375 0.031250 0.031250
0 0.253125 0.112500 0.031250 0.031250
0 0.021875 0.456250 0.031250 0.031250
0 0.043750 0.718750 0.031250 0.031250
0 0.459375 0.662500 0.031250 0.031250
0 0.084375 0.428125 0.031250 0.031250
0 0.260937 0.684375 0.034375 0.031250
0 0.525000 0.601562 0.031250 0.028125
0 0.446875 0.434375 0.031250 0.031250
0 0.421875 0.553125 0.031250 0.031250
0 0.584375 0.684375 0.031250 0.031250
0 0.615625 0.418750 0.031250 0.031250
0 0.318750 0.418750 0.031250 0.031250
0 0.362500 0.731250 0.031250 0.031250
0 0.381250 0.821875 0.031250 0.031250
0 0.218750 0.837500 0.031250 0.031250
0 0.515625 0.228125 0.031250 0.031250
0 0.571875 0.125000 0.031250 0.031250
0 0.603125 0.509375 0.031250 0.031250
0 0.510938 0.368750 0.028125 0.031250
0 0.690625 0.532813 0.031250 0.028125
0 0.459375 0.296875 0.031250 0.031250
0 0.053125 0.309375 0.031250 0.031250
0 0.290625 0.621875 0.031250 0.031250
0 0.490625 0.809375 0.031250 0.031250
0 0.515625 0.262500 0.031250 0.031250
0 0.050000 0.839063 0.031250 0.028125
0 0.140625 0.323437 0.031250 0.028125
0 0.173437 0.473438 0.028125 0.028125
0 0.115625 0.478125 0.031250 0.031250
0 0.350000 0.829688 0.031250 0.034375
0 0.681250 0.412500 0.031250 0.031250
0 0.109375 0.659375 0.031250 0.031250
0 0.684375 0.193750 0.031250 0.031250
0 0.112500 0.443750 0.031250 0.031250
0 0.084375 0.393750 0.031250 0.031250
0 0.025000 0.293750 0.031250 0.031250
0 0.334375 0.798438 0.031250 0.034375
0 0.517188 0.745313 0.028125 0.028125
0 0.446875 0.693750 0.031250 0.031250
0 0.375000 0.350000 0.031250 0.031250
0 0.770312 0.312500 0.028125 0.031250
0 0.626563 0.593750 0.028125 0.031250
0 0.800000 0.125000 0.031250 0.031250
0 0.065625 0.809375 0.031250 0.031250
0 0.314063 0.318750 0.028125 0.031250
0 0.771875 0.037500 0.031250 0.031250
0 0.390625 0.612500 0.031250 0.031250
0 0.112500 0.409375 0.031250 0.031250
0 0.225000 0.095312 0.031250 0.034375
0 0.615625 0.478125 0.031250 0.031250
0 0.317188 0.384375 0.028125 0.031250
0 0.314063 0.214062 0.028125 0.028125
0 0.403125 0.525000 0.031250 0.031250
0 0.684375 0.475000 0.031250 0.031250
0 0.112500 0.718750 0.031250 0.031250
0 0.312500 0.181250 0.031250 0.031250
0 0.543750 0.631250 0.031250 0.031250
0 0.568750 0.090625 0.031250 0.031250
0 0.542188 0.210938 0.028125 0.028125
0 0.500000 0.718750 0.031250 0.031250
0 0.626563 0.296875 0.028125 0.031250
0 0.081250 0.359375 0.031250 0.031250
0 0.684375 0.157812 0.031250 0.028125
0 0.173437 0.540625 0.028125 0.031250
0 0.325000 0.678125 0.031250 0.031250
0 0.696875 0.381250 0.031250 0.031250
0 0.532813 0.715625 0.028125 0.031250
0 0.171875 0.440625 0.031250 0.031250
0 0.075000 0.542188 0.031250 0.034375
0 0.321875 0.559375 0.031250 0.031250
0 0.253125 0.146875 0.031250 0.031250
0 0.287500 0.434375 0.031250 0.031250
0 0.167187 0.868750 0.034375 0.031250
0 0.656250 0.278125 0.031250 0.031250
0 0.315625 0.351562 0.031250 0.028125
0 0.542188 0.243750 0.028125 0.031250
0 0.743750 0.053125 0.031250 0.031250
0 0.396875 0.093750 0.031250 0.031250
0 0.703125 0.503125 0.031250 0.031250
0 0.500000 0.459375 0.031250 0.031250
0 0.556250 0.540625 0.031250 0.031250
0 0.287500 0.562500 0.031250 0.031250
0 0.346875 0.439063 0.031250 0.034375
0 0.481250 0.431250 0.031250 0.031250
0 0.140625 0.356250 0.031250 0.031250
0 0.743750 0.193750 0.031250 0.031250
0 0.345313 0.334375 0.028125 0.031250
0 0.709375 0.350000 0.031250 0.031250
0 0.110937 0.375000 0.028125 0.031250
0 0.798438 0.362500 0.034375 0.031250
0 0.240625 0.596875 0.031250 0.031250
0 0.600000 0.450000 0.031250 0.031250
0 0.771875 0.278125 0.031250 0.031250
0 0.428125 0.212500 0.031250 0.031250
0 0.456250 0.195312 0.031250 0.028125
0 0.714063 0.037500 0.028125 0.031250
0 0.581250 0.421875 0.031250 0.031250
0 0.134375 0.868750 0.031250 0.031250
0 0.381250 0.759375 0.031250 0.031250
0 0.456250 0.059375 0.031250 0.031250
0 0.356250 0.615625 0.031250 0.031250
0 0.562500 0.656250 0.031250 0.031250
0 0.568750 0.512500 0.031250 0.031250
0 0.142187 0.425000 0.028125 0.031250
0 0.621875 0.537500 0.031250 0.031250
0 0.656250 0.140625 0.031250 0.031250
0 0.234375 0.806250 0.031250 0.031250
0 0.087500 0.496875 0.031250 0.031250
0 0.289062 0.471875 0.034375 0.031250
0 0.250000 0.837500 0.031250 0.031250
0 0.485938 0.142187 0.028125 0.028125
0 0.084375 0.325000 0.031250 0.031250
0 0.454688 0.548438 0.028125 0.028125
0 0.323437 0.618750 0.028125 0.031250
0 0.662500 0.387500 0.031250 0.031250
0 0.109375 0.600000 0.031250 0.031250
0 0.371875 0.246875 0.031250 0.031250
0 0.054688 0.203125 0.028125 0.031250
0 0.278125 0.715625 0.031250 0.031250
0 0.268750 0.534375 0.031250 0.031250
0 0.543750 0.365625 0.031250 0.031250
0 0.475000 0.578125 0.031250 0.031250
0 0.340625 0.265625 0.031250 0.031250
0 0.253125 0.565625 0.031250 0.031250
0 0.628125 0.090625 0.031250 0.031250
0 0.368750 0.110937 0.031250 0.028125
0 0.531250 0.396875 0.031250 0.031250
0 0.443750 0.635938 0.031250 0.028125
0 0.182812 0.837500 0.028125 0.031250
0 0.198437 0.387500 0.028125 0.031250
0 0.121875 0.571875 0.031250 0.031250
0 0.343750 0.300000 0.031250 0.031250
0 0.771875 0.495312 0.031250 0.034375
0 0.800000 0.056250 0.031250 0.031250
0 0.714063 0.106250 0.028125 0.031250
0 0.584375 0.481250 0.031250 0.031250
0 0.229687 0.471875 0.028125 0.031250
0 0.025000 0.184375 0.031250 0.031250
0 0.546875 0.425000 0.031250 0.031250
0 0.628125 0.260937 0.031250 0.028125
0 0.371875 0.584375 0.031250 0.031250
0 0.090625 0.571875 0.031250 0.031250
0 0.156250 0.568750 0.031250 0.031250
0 0.162500 0.687500 0.031250 0.031250
0 0.314063 0.250000 0.028125 0.031250
0 0.600000 0.075000 0.031250 0.031250
0 0.229687 0.403125 0.028125 0.031250
0 0.800000 0.293750 0.031250 0.031250
0 0.562500 0.334375 0.031250 0.031250
0 0.682813 0.295312 0.028125 0.028125
0 0.628125 0.193750 0.031250 0.031250
0 0.115625 0.512500 0.031250 0.031250
0 0.110937 0.204687 0.028125 0.028125
0 0.485938 0.178125 0.028125 0.031250
0 0.287500 0.401562 0.031250 0.028125
0 0.432812 0.462500 0.028125 0.031250
0 0.656250 0.071875 0.031250 0.031250
0 0.428125 0.278125 0.031250 0.031250
0 0.671875 0.506250 0.031250 0.031250
0 0.043750 0.659375 0.031250 0.031250
0 0.218750 0.568750 0.031250 0.031250
0 0.315625 0.771875 0.031250 0.031250
0 0.339062 0.587500 0.028125 0.031250
0 0.437500 0.521875 0.031250 0.031250
0 0.459375 0.228125 0.031250 0.031250
0 0.725000 0.531250 0.031250 0.031250
0 0.596875 0.656250 0.031250 0.031250
0 0.168750 0.371875 0.031250 0.031250
0 0.665625 0.443750 0.031250 0.031250
0 0.340625 0.646875 0.031250 0.031250
0 0.628125 0.228125 0.031250 0.031250
0 0.293750 0.681250 0.031250 0.031250
0 0.628125 0.157812 0.031250 0.028125
0 0.657813 0.246875 0.028125 0.031250
0 0.046875 0.778125 0.031250 0.031250
0 0.287500 0.303125 0.031250 0.031250
0 0.317188 0.501563 0.034375 0.034375
0 0.265625 0.806250 0.031250 0.031250
0 0.231250 0.746875 0.031250 0.031250
0 0.568750 0.714063 0.031250 0.028125
0 0.650000 0.475000 0.031250 0.031250
0 0.600000 0.175000 0.031250 0.031250
0 0.771875 0.209375 0.031250 0.031250
0 0.740625 0.156250 0.031250 0.031250
0 0.365625 0.465625 0.031250 0.031250
0 0.228125 0.371875 0.031250 0.031250
0 0.571875 0.260937 0.031250 0.028125
0 0.196875 0.746875 0.031250 0.031250
0 0.595313 0.321875 0.034375 0.031250
0 0.368750 0.078125 0.031250 0.031250
0 0.578125 0.628125 0.031250 0.031250
0 0.610938 0.360938 0.034375 0.034375
0 0.453125 0.490625 0.031250 0.031250
0 0.409375 0.640625 0.031250 0.031250
0 0.256250 0.184375 0.031250 0.031250
0 0.543750 0.175000 0.031250 0.031250
0 0.142187 0.457813 0.028125 0.028125
0 0.685937 0.125000 0.028125 0.031250
0 0.737500 0.500000 0.031250 0.031250
0 0.568750 0.453125 0.031250 0.031250
0 0.640625 0.564063 0.031250 0.034375
0 0.400000 0.262500 0.031250 0.031250
0 0.428125 0.314063 0.031250 0.028125
0 0.456250 0.159375 0.031250 0.031250
0 0.228125 0.337500 0.031250 0.031250
0 0.259375 0.453125 0.031250 0.031250
0 0.803125 0.260937 0.031250 0.034375
0 0.028125 0.359375 0.031250 0.031250
0 0.396875 0.728125 0.031250 0.031250
0 0.343750 0.231250 0.031250 0.031250
0 0.457813 0.331250 0.034375 0.031250
0 0.190625 0.628125 0.031250 0.031250
0 0.573438 0.570312 0.028125 0.028125
0 0.800000 0.156250 0.031250 0.031250
0 0.203125 0.489063 0.031250 0.028125
0 0.168750 0.340625 0.031250 0.031250
0 0.400000 0.229687 0.031250 0.028125
0 0.515625 0.159375 0.031250 0.031250
0 0.312500 0.079687 0.031250 0.034375
0 0.200000 0.456250 0.031250 0.031250
0 0.600000 0.714063 0.031250 0.028125
0 0.204687 0.596875 0.028125 0.031250
0 0.193750 0.079687 0.031250 0.028125
0 0.415625 0.753125 0.031250 0.031250
0 0.468750 0.518750 0.031250 0.031250
0 0.596875 0.392188 0.031250 0.028125
0 0.606250 0.565625 0.031250 0.031250
0 0.740625 0.090625 0.031250 0.031250
0 0.553125 0.484375 0.031250 0.031250
0 0.503125 0.515625 0.031250 0.031250
0 0.396875 0.059375 0.031250 0.031250
0 0.246875 0.715625 0.031250 0.031250
0 0.478125 0.634375 0.031250 0.031250
0 0.054688 0.235937 0.028125 0.028125
0 0.142187 0.392188 0.028125 0.028125
0 0.312500 0.112500 0.031250 0.031250
0 0.340625 0.128125 0.031250 0.031250
0 0.106250 0.543750 0.031250 0.031250
0 0.515625 0.689063 0.031250 0.028125
0 0.181250 0.776563 0.031250 0.028125
0 0.662500 0.653125 0.031250 0.031250
0 0.409375 0.375000 0.031250 0.031250
0 0.165625 0.062500 0.031250 0.031250
0 0.462500 0.401562 0.031250 0.028125
0 0.078125 0.720313 0.031250 0.028125
0 0.637500 0.506250 0.031250 0.031250
0 0.340625 0.200000 0.031250 0.031250
0 0.278125 0.653125 0.031250 0.031250
0 0.371875 0.281250 0.031250 0.031250
0 0.354687 0.557813 0.028125 0.028125
0 0.742188 0.293750 0.028125 0.031250
0 0.229687 0.439063 0.028125 0.028125
0 0.146875 0.718750 0.031250 0.031250
0 0.406250 0.581250 0.031250 0.031250
0 0.485938 0.278125 0.028125 0.031250
0 0.628125 0.056250 0.031250 0.031250
0 0.800000 0.089063 0.031250 0.034375
0 0.171875 0.407813 0.031250 0.028125
0 0.256250 0.385937 0.031250 0.028125
0 0.510938 0.632812 0.028125 0.028125
0 0.428125 0.246875 0.031250 0.031250
0 0.370312 0.528125 0.028125 0.031250
0 0.396875 0.128125 0.031250 0.031250
0 0.484375 0.487500 0.031250 0.031250
0 0.598437 0.278125 0.028125 0.031250
0 0.600000 0.209375 0.031250 0.031250
0 0.240625 0.656250 0.031250 0.031250
0 0.334375 0.859375 0.031250 0.031250
0 0.464062 0.721875 0.028125 0.031250
0 0.193750 0.043750 0.031250 0.031250
0 0.528125 0.659375 0.031250 0.031250
0 0.339062 0.095312 0.028125 0.028125
0 0.042188 0.600000 0.028125 0.031250
0 0.187500 0.568750 0.031250 0.031250
0 0.110937 0.273438 0.028125 0.028125
0 0.284375 0.506250 0.031250 0.031250
0 0.659375 0.590625 0.031250 0.031250
0 0.715625 0.471875 0.031250 0.031250
0 0.600000 0.037500 0.031250 0.031250
0 0.729688 0.590625 0.028125 0.031250
0 0.200000 0.421875 0.031250 0.031250
0 0.503125 0.775000 0.031250 0.031250
0 0.393750 0.671875 0.031250 0.031250
0 0.696875 0.443750 0.031250 0.031250
0 0.221875 0.625000 0.031250 0.031250
0 0.057813 0.631250 0.028125 0.031250
0 0.384375 0.496875 0.031250 0.031250
0 0.750000 0.468750 0.031250 0.031250
0 0.485938 0.243750 0.028125 0.031250
0 0.521875 0.800000 0.031250 0.031250
0 0.340625 0.162500 0.031250 0.031250
0 0.307812 0.650000 0.028125 0.031250
0 0.428125 0.346875 0.031250 0.031250
0 0.400000 0.787500 0.031250 0.031250
0 0.596875 0.745313 0.031250 0.034375
0 0.034375 0.868750 0.031250 0.031250
0 0.657813 0.209375 0.028125 0.031250
0 0.387500 0.553125 0.031250 0.031250
0 0.615625 0.684375 0.031250 0.031250
0 0.215625 0.778125 0.031250 0.031250
0 0.396875 0.465625 0.031250 0.031250
0 0.256250 0.318750 0.031250 0.031250
0 0.454688 0.093750 0.028125 0.031250
0 0.175000 0.657813 0.031250 0.028125
0 0.056250 0.446875 0.031250 0.031250
0 0.571875 0.159375 0.031250 0.031250
0 0.198437 0.356250 0.028125 0.031250
0 0.285938 0.335938 0.028125 0.028125
0 0.140625 0.600000 0.031250 0.031250
0 0.479687 0.693750 0.028125 0.031250
0 0.685937 0.260937 0.028125 0.028125
0 0.634375 0.712500 0.031250 0.031250
0 0.345313 0.704688 0.028125 0.028125
0 0.282813 0.198437 0.028125 0.028125
0 0.492188 0.604688 0.028125 0.028125
0 0.371875 0.315625 0.031250 0.031250
0 0.156250 0.628125 0.031250 0.031250
0 0.571875 0.056250 0.031250 0.031250
0 0.259375 0.418750 0.031250 0.031250
0 0.425000 0.610938 0.031250 0.028125
0 0.740625 0.331250 0.031250 0.031250
0 0.512500 0.023438 0.031250 0.028125
0 0.562500 0.393750 0.031250 0.031250
0 0.329688 0.735938 0.028125 0.028125
0 0.553125 0.743750 0.031250 0.031250
0 0.375000 0.381250 0.031250 0.031250
0 0.745313 0.557813 0.034375 0.034375
0 0.378125 0.700000 0.031250 0.031250
0 0.225000 0.062500 0.031250 0.031250
0 0.054688 0.410938 0.034375 0.034375
0 0.376563 0.643750 0.028125 0.031250
0 0.053125 0.378125 0.031250 0.031250
0 0.612500 0.626563 0.031250 0.028125
0 0.579688 0.362500 0.034375 0.031250
0 0.646875 0.356250 0.031250 0.031250
0 0.334375 0.473438 0.031250 0.034375
0 0.450000 0.751563 0.031250 0.028125
0 0.028125 0.253125 0.031250 0.031250
0 0.226562 0.235937 0.028125 0.028125
0 0.203125 0.528125 0.031250 0.031250
0 0.743750 0.125000 0.031250 0.031250
0 0.768750 0.343750 0.031250 0.031250
0 0.225000 0.684375 0.031250 0.031250
0 0.439063 0.579688 0.028125 0.028125
0 0.171875 0.600000 0.031250 0.031250
0 0.057813 0.512500 0.034375 0.031250
0 0.495312 0.400000 0.028125 0.031250
0 0.428125 0.406250 0.031250 0.031250
0 0.728125 0.443750 0.031250 0.031250
0 0.379688 0.434375 0.034375 0.031250
0 0.081250 0.187500 0.031250 0.031250
0 0.314063 0.448437 0.028125 0.028125
0 0.368750 0.043750 0.031250 0.031250
0 0.359375 0.675000 0.031250 0.031250
0 0.020313 0.423438 0.034375 0.034375
0 0.031250 0.809375 0.031250 0.031250
0 0.256250 0.250000 0.031250 0.031250
0 0.400000 0.298438 0.031250 0.028125
0 0.750000 0.406250 0.031250 0.031250
0 0.456250 0.262500 0.031250 0.031250
0 0.026562 0.690625 0.028125 0.031250
0 0.403125 0.846875 0.031250 0.031250
0 0.418750 0.493750 0.031250 0.031250
0 0.175000 0.506250 0.031250 0.031250
0 0.759375 0.526563 0.031250 0.034375
0 0.401562 0.329688 0.028125 0.028125
0 0.168750 0.306250 0.031250 0.031250
0 0.259375 0.487500 0.031250 0.031250
0 0.542188 0.309375 0.028125 0.031250
0 0.684375 0.328125 0.031250 0.031250
0 0.370312 0.214062 0.028125 0.028125
0 0.428125 0.143750 0.031250 0.031250
0 0.693750 0.646875 0.031250 0.031250
0 0.800000 0.193750 0.031250 0.031250
0 0.657813 0.685937 0.034375 0.034375
0 0.485938 0.210938 0.028125 0.028125
0 0.209375 0.656250 0.031250 0.031250
0 0.140625 0.218750 0.031250 0.031250
0 0.428125 0.043750 0.031250 0.031250
0 0.025000 0.631250 0.031250 0.031250
0 0.515625 0.296875 0.031250 0.031250
0 0.195312 0.115625 0.028125 0.031250
0 0.225000 0.200000 0.031250 0.031250
0 0.475000 0.371875 0.031250 0.031250
0 0.140625 0.289062 0.031250 0.028125
0 0.443750 0.375000 0.031250 0.031250
0 0.454688 0.023438 0.028125 0.028125
0 0.350000 0.500000 0.031250 0.031250
0 0.487500 0.312500 0.031250 0.031250
0 0.167187 0.235937 0.028125 0.028125
0 0.487500 0.546875 0.031250 0.031250
0 0.432812 0.781250 0.028125 0.031250
0 0.571875 0.296875 0.031250 0.031250
0 0.281250 0.062500 0.031250 0.031250
0 0.625000 0.328125 0.031250 0.031250
0 0.684375 0.021875 0.031250 0.031250
0 0.412500 0.814063 0.031250 0.028125
0 0.396875 0.406250 0.031250 0.031250
0 0.167187 0.271875 0.028125 0.031250
0 0.571875 0.768750 0.031250 0.031250
0 0.626563 0.021875 0.028125 0.031250
0 0.468750 0.829688 0.031250 0.028125
0 0.434375 0.837500 0.031250 0.031250
0 0.337500 0.531250 0.031250 0.031250
0 0.168750 0.203125 0.031250 0.031250
0 0.656250 0.175000 0.031250 0.031250
0 0.196875 0.218750 0.031250 0.031250
0 0.571875 0.021875 0.031250 0.031250
0 0.446875 0.806250 0.031250 0.031250
0 0.165625 0.028125 0.031250 0.031250
0 0.712500 0.615625 0.031250 0.031250
0 0.198437 0.321875 0.028125 0.031250
0 0.676562 0.356250 0.028125 0.031250
0 0.225000 0.131250 0.031250 0.031250
0 0.490625 0.343750 0.031250 0.031250
0 0.340625 0.059375 0.031250 0.031250
0 0.396875 0.025000 0.031250 0.031250
0 0.234375 0.537500 0.031250 0.031250
0 0.046875 0.031250 0.031250 0.031250
0 0.367188 0.145313 0.028125 0.028125
0 0.743750 0.018750 0.031250 0.031250
0 0.025000 0.153125 0.031250 0.031250
0 0.793750 0.396875 0.031250 0.031250
0 0.545312 0.276562 0.028125 0.028125
0 0.256250 0.284375 0.031250 0.031250
0 0.195312 0.251563 0.028125 0.028125
0 0.781250 0.462500 0.031250 0.031250
0 0.106250 0.028125 0.031250 0.031250
0 0.800000 0.021875 0.031250 0.031250
0 0.168750 0.131250 0.031250 0.031250
0 0.021875 0.118750 0.031250 0.031250
0 0.137500 0.043750 0.031250 0.031250
0 0.759375 0.437500 0.031250 0.031250
0 0.017188 0.050000 0.034375 0.031250
0 0.053125 0.168750 0.031250 0.031250
0 0.429688 0.179688 0.028125 0.028125
0 0.018750 0.084375 0.031250 0.031250
0 0.137500 0.115625 0.031250 0.031250
0 0.078125 0.043750 0.031250 0.031250
0 0.046875 0.064062 0.031250 0.034375
0 0.015625 0.840625 0.031250 0.031250
0 0.790625 0.428125 0.031250 0.031250
0 0.015625 0.781250 0.031250 0.031250
0 0.167187 0.167187 0.028125 0.028125
0 0.281250 0.026562 0.031250 0.028125
