0 0.534375 0.157812 0.031250 0.028125
0 0.057813 0.073438 0.034375 0.034375
0 0.143750 0.168750 0.037500 0.037500
0 0.068750 0.300000 0.031250 0.031250
0 0.659375 0.721875 0.031250 0.031250
0 0.768750 0.496875 0.031250 0.031250
0 0.370312 0.306250 0.028125 0.031250
0 0.625000 0.640625 0.031250 0.031250
0 0.765625 0.189062 0.031250 0.028125
0 0.345313 0.668750 0.028125 0.031250
0 0.109375 0.246875 0.031250 0.031250
0 0.448437 0.071875 0.028125 0.031250
0 0.734375 0.378125 0.037500 0.037500
0 0.593750 0.121875 0.031250 0.031250
0 0.095312 0.218750 0.034375 0.031250
0 0.126562 0.134375 0.028125 0.031250
0 0.121875 0.278125 0.031250 0.031250
0 0.506250 0.546875 0.031250 0.031250
0 0.059375 0.356250 0.031250 0.031250
0 0.825000 0.085938 0.031250 0.028125
0 0.146875 0.256250 0.031250 0.031250
0 0.793750 0.171875 0.031250 0.031250
0 0.040625 0.240625 0.031250 0.031250
0 0.793750 0.204687 0.031250 0.028125
0 0.823438 0.156250 0.028125 0.031250
0 0.028125 0.209375 0.031250 0.031250
0 0.478125 0.157812 0.031250 0.028125
0 0.848437 0.376563 0.028125 0.028125
0 0.418750 0.121875 0.031250 0.031250
0 0.089063 0.271875 0.028125 0.031250
0 0.796875 0.103125 0.031250 0.031250
0 0.851562 0.275000 0.028125 0.031250
0 0.212500 0.353125 0.031250 0.031250
0 0.645312 0.578125 0.028125 0.031250
0 0.106250 0.392188 0.031250 0.028125
0 0.068750 0.565625 0.031250 0.031250
0 0.796875 0.137500 0.031250 0.031250
0 0.735938 0.271875 0.028125 0.031250
0 0.084375 0.475000 0.031250 0.031250
0 0.815625 0.550000 0.031250 0.031250
0 0.073438 0.243750 0.028125 0.031250
0 0.081250 0.187500 0.031250 0.031250
0 0.246875 0.046875 0.031250 0.031250
0 0.068750 0.446875 0.031250 0.031250
0 0.312500 0.937500 0.031250 0.031250
0 0.053125 0.534375 0.031250 0.031250
0 0.795312 0.273438 0.028125 0.028125
0 0.850000 0.309375 0.031250 0.031250
0 0.209375 0.875000 0.031250 0.031250
0 0.106250 0.165625 0.031250 0.031250
0 0.034375 0.296875 0.031250 0.031250
0 0.159375 0.075000 0.031250 0.031250
0 0.881250 0.156250 0.031250 0.031250
0 0.143750 0.875000 0.031250 0.031250
0 0.126562 0.906250 0.028125 0.031250
0 0.709375 0.189062 0.031250 0.028125
0 0.792188 0.306250 0.028125 0.031250
0 0.296875 0.079687 0.031250 0.034375
0 0.621875 0.140625 0.031250 0.031250
0 0.853125 0.137500 0.031250 0.031250
0 0.621875 0.106250 0.031250 0.031250
0 0.278125 0.046875 0.031250 0.031250
0 0.125000 0.075000 0.031250 0.031250
0 0.418750 0.053125 0.031250 0.031250
0 0.128125 0.678125 0.031250 0.031250
0 0.765625 0.153125 0.031250 0.031250
0 0.593750 0.157812 0.031250 0.028125
0 0.448437 0.140625 0.028125 0.031250
0 0.881250 0.328125 0.031250 0.031250
0 0.178125 0.875000 0.031250 0.031250
0 0.282813 0.298438 0.028125 0.028125
0 0.309375 0.200000 0.031250 0.031250
0 0.709375 0.121875 0.031250 0.031250
0 0.623437 0.173437 0.028125 0.028125
0 0.506250 0.209375 0.031250 0.031250
0 0.854688 0.068750 0.028125 0.031250
0 0.823438 0.189062 0.028125 0.028125
0 0.620313 0.239063 0.028125 0.028125
0 0.312500 0.048438 0.031250 0.028125
0 0.067187 0.156250 0.034375 0.031250
0 0.651563 0.056250 0.028125 0.031250
0 0.362500 0.125000 0.031250 0.031250
0 0.487500 0.517188 0.037500 0.034375
0 0.478125 0.054688 0.031250 0.028125
0 0.850000 0.206250 0.031250 0.031250
0 0.506250 0.106250 0.031250 0.031250
0 0.562500 0.106250 0.031250 0.031250
0 0.506250 0.071875 0.031250 0.031250
0 0.850000 0.240625 0.031250 0.031250
0 0.032813 0.501563 0.028125 0.028125
0 0.253125 0.196875 0.031250 0.031250
0 0.215625 0.318750 0.031250 0.031250
0 0.590625 0.259375 0.031250 0.031250
0 0.737500 0.706250 0.031250 0.031250
0 0.387500 0.178125 0.031250 0.031250
0 0.087500 0.593750 0.031250 0.031250
0 0.737500 0.137500 0.031250 0.031250
0 0.157812 0.287500 0.028125 0.031250
0 0.728125 0.534375 0.031250 0.031250
0 0.250000 0.306250 0.031250 0.031250
0 0.093750 0.134375 0.031250 0.031250
0 0.881250 0.189062 0.031250 0.034375
0 0.135937 0.225000 0.034375 0.031250
0 0.846875 0.412500 0.031250 0.031250
0 0.743750 0.650000 0.031250 0.031250
0 0.237500 0.421875 0.031250 0.031250
0 0.821875 0.325000 0.031250 0.031250
0 0.485938 0.700000 0.028125 0.031250
0 0.300000 0.234375 0.031250 0.031250
0 0.237500 0.718750 0.031250 0.031250
0 0.225000 0.281250 0.031250 0.031250
0 0.782813 0.553125 0.034375 0.031250
0 0.293750 0.907813 0.031250 0.028125
0 0.734375 0.590625 0.031250 0.031250
0 0.884375 0.087500 0.031250 0.031250
0 0.448437 0.173437 0.028125 0.028125
0 0.109375 0.046875 0.031250 0.031250
0 0.268750 0.715625 0.031250 0.031250
0 0.246875 0.162500 0.031250 0.031250
0 0.821875 0.290625 0.031250 0.031250
0 0.621875 0.037500 0.031250 0.031250
0 0.465625 0.220312 0.031250 0.034375
0 0.706250 0.221875 0.031250 0.031250
0 0.803125 0.581250 0.031250 0.031250
0 0.362500 0.054688 0.031250 0.028125
0 0.823438 0.120313 0.028125 0.028125
0 0.051562 0.126562 0.034375 0.034375
0 0.537500 0.056250 0.031250 0.031250
0 0.834375 0.479687 0.031250 0.034375
0 0.420312 0.156250 0.028125 0.031250
0 0.028125 0.556250 0.031250 0.031250
0 0.134375 0.309375 0.031250 0.031250
0 0.792188 0.340625 0.028125 0.031250
0 0.593750 0.056250 0.031250 0.031250
0 0.581250 0.679688 0.031250 0.028125
0 0.650000 0.189062 0.031250 0.028125
0 0.534375 0.121875 0.031250 0.031250
0 0.031250 0.153125 0.031250 0.031250
0 0.050000 0.475000 0.031250 0.031250
0 0.418750 0.090625 0.031250 0.031250
0 0.818750 0.392188 0.031250 0.028125
0 0.550000 0.684375 0.031250 0.031250
0 0.687500 0.745313 0.031250 0.028125
0 0.778125 0.646875 0.031250 0.031250
0 0.173437 0.318750 0.028125 0.031250
0 0.756250 0.615625 0.031250 0.031250
0 0.073438 0.387500 0.028125 0.031250
0 0.881250 0.256250 0.031250 0.031250
0 0.046875 0.184375 0.031250 0.031250
0 0.695312 0.423438 0.028125 0.028125
0 0.465625 0.490625 0.031250 0.031250
0 0.793750 0.615625 0.031250 0.031250
0 0.282813 0.181250 0.028125 0.031250
0 0.503125 0.362500 0.031250 0.031250
0 0.604688 0.425000 0.028125 0.031250
0 0.651563 0.123438 0.028125 0.028125
0 0.021875 0.412500 0.031250 0.031250
0 0.206250 0.548438 0.031250 0.028125
0 0.737500 0.104688 0.031250 0.028125
0 0.159375 0.375000 0.031250 0.031250
0 0.820312 0.359375 0.028125 0.031250
0 0.678125 0.237500 0.031250 0.031250
0 0.620313 0.206250 0.028125 0.031250
0 0.765625 0.121875 0.031250 0.031250
0 0.823438 0.254688 0.028125 0.028125
0 0.159375 0.906250 0.031250 0.031250
0 0.171875 0.231250 0.031250 0.031250
0 0.678125 0.173437 0.031250 0.028125
0 0.193750 0.018750 0.031250 0.031250
0 0.173437 0.554688 0.028125 0.028125
0 0.448437 0.104688 0.028125 0.028125
0 0.853125 0.103125 0.031250 0.031250
0 0.506250 0.037500 0.031250 0.031250
0 0.631250 0.448437 0.031250 0.028125
0 0.265625 0.362500 0.031250 0.031250
0 0.365625 0.428125 0.031250 0.031250
0 0.120313 0.475000 0.034375 0.031250
0 0.314063 0.496875 0.028125 0.031250
0 0.735938 0.204687 0.028125 0.028125
0 0.465625 0.282813 0.031250 0.028125
0 0.881250 0.120313 0.031250 0.034375
0 0.881250 0.225000 0.031250 0.031250
0 0.235937 0.250000 0.028125 0.031250
0 0.334375 0.140625 0.031250 0.031250
0 0.851562 0.343750 0.028125 0.031250
0 0.101562 0.304688 0.028125 0.028125
0 0.735938 0.171875 0.028125 0.031250
0 0.676562 0.271875 0.028125 0.031250
0 0.615625 0.760938 0.031250 0.034375
0 0.878125 0.360938 0.031250 0.028125
0 0.381250 0.575000 0.031250 0.031250
0 0.121875 0.534375 0.031250 0.031250
0 0.193750 0.209375 0.031250 0.031250
0 0.171875 0.729688 0.031250 0.028125
0 0.709375 0.056250 0.031250 0.031250
0 0.282813 0.504687 0.028125 0.028125
0 0.278125 0.937500 0.031250 0.031250
0 0.537500 0.718750 0.031250 0.031250
0 0.453125 0.706250 0.031250 0.031250
0 0.209375 0.106250 0.031250 0.031250
0 0.215625 0.692187 0.031250 0.028125
0 0.225000 0.137500 0.031250 0.031250
0 0.765625 0.087500 0.031250 0.031250
0 0.193750 0.293750 0.031250 0.031250
0 0.471875 0.370312 0.031250 0.028125
0 0.651563 0.090625 0.028125 0.031250
0 0.425000 0.321875 0.031250 0.031250
0 0.564063 0.140625 0.028125 0.031250
0 0.793750 0.240625 0.031250 0.031250
0 0.448437 0.039062 0.028125 0.028125
0 0.178125 0.046875 0.031250 0.031250
0 0.568750 0.343750 0.031250 0.031250
0 0.343750 0.937500 0.031250 0.031250
0 0.193750 0.075000 0.031250 0.031250
0 0.478125 0.089063 0.031250 0.028125
0 0.706250 0.321875 0.031250 0.031250
0 0.750000 0.559375 0.031250 0.031250
0 0.765625 0.256250 0.031250 0.031250
0 0.448437 0.346875 0.028125 0.031250
0 0.303125 0.618750 0.031250 0.031250
0 0.195312 0.667188 0.028125 0.028125
0 0.734375 0.339062 0.031250 0.028125
0 0.765625 0.221875 0.031250 0.031250
0 0.314063 0.587500 0.028125 0.031250
0 0.690625 0.628125 0.031250 0.031250
0 0.593750 0.090625 0.031250 0.031250
0 0.384375 0.362500 0.031250 0.031250
0 0.260937 0.568750 0.028125 0.031250
0 0.581250 0.589063 0.031250 0.028125
0 0.131250 0.590625 0.031250 0.031250
0 0.556250 0.503125 0.031250 0.031250
0 0.184375 0.175000 0.031250 0.031250
0 0.681250 0.140625 0.031250 0.031250
0 0.778125 0.459375 0.031250 0.031250
0 0.039062 0.384375 0.028125 0.031250
0 0.625000 0.814063 0.031250 0.034375
0 0.065625 0.503125 0.031250 0.031250
0 0.062500 0.215625 0.031250 0.031250
0 0.365625 0.087500 0.031250 0.031250
0 0.537500 0.631250 0.031250 0.031250
0 0.292187 0.475000 0.028125 0.031250
0 0.162500 0.200000 0.031250 0.031250
0 0.026562 0.354687 0.028125 0.028125
0 0.409375 0.656250 0.031250 0.031250
0 0.610938 0.392188 0.028125 0.028125
0 0.095312 0.682813 0.028125 0.028125
0 0.054688 0.415625 0.028125 0.031250
0 0.043750 0.643750 0.031250 0.031250
0 0.423438 0.229687 0.034375 0.034375
0 0.678125 0.071875 0.031250 0.031250
0 0.635938 0.414062 0.028125 0.028125
0 0.387500 0.146875 0.031250 0.031250
0 0.442188 0.650000 0.028125 0.031250
0 0.281250 0.682813 0.031250 0.028125
0 0.184375 0.521875 0.031250 0.031250
0 0.559375 0.562500 0.031250 0.031250
0 0.243750 0.106250 0.031250 0.031250
0 0.250000 0.600000 0.031250 0.031250
0 0.453125 0.434375 0.031250 0.031250
0 0.260937 0.078125 0.028125 0.031250
0 0.120313 0.193750 0.034375 0.031250
0 0.140625 0.403125 0.031250 0.031250
0 0.370312 0.517188 0.028125 0.028125
0 0.178125 0.106250 0.031250 0.031250
0 0.215625 0.604688 0.031250 0.028125
0 0.192188 0.143750 0.034375 0.031250
0 0.171875 0.406250 0.031250 0.031250
0 0.590625 0.223438 0.031250 0.028125
0 0.259375 0.479687 0.031250 0.028125
0 0.078125 0.104688 0.031250 0.034375
0 0.459375 0.312500 0.031250 0.031250
0 0.493750 0.396875 0.031250 0.031250
0 0.151562 0.615625 0.028125 0.031250
0 0.278125 0.106250 0.031250 0.031250
0 0.534375 0.090625 0.031250 0.031250
0 0.148438 0.339062 0.028125 0.028125
0 0.678125 0.204687 0.031250 0.028125
0 0.739062 0.068750 0.028125 0.031250
0 0.034375 0.443750 0.031250 0.031250
0 0.584375 0.767188 0.031250 0.034375
0 0.100000 0.506250 0.031250 0.031250
0 0.204687 0.723437 0.028125 0.028125
0 0.871875 0.464062 0.031250 0.034375
0 0.421875 0.714063 0.031250 0.028125
0 0.734375 0.237500 0.031250 0.031250
0 0.443750 0.559375 0.031250 0.031250
0 0.735938 0.501563 0.028125 0.028125
0 0.881250 0.293750 0.031250 0.031250
0 0.507812 0.635938 0.028125 0.028125
0 0.184375 0.610938 0.031250 0.028125
0 0.128125 0.365625 0.031250 0.031250
0 0.473438 0.731250 0.028125 0.031250
0 0.562500 0.468750 0.031250 0.031250
0 0.439063 0.378125 0.028125 0.031250
0 0.164062 0.585938 0.028125 0.028125
0 0.796875 0.068750 0.031250 0.031250
0 0.475000 0.121875 0.031250 0.031250
0 0.240625 0.543750 0.031250 0.031250
0 0.143750 0.046875 0.031250 0.031250
0 0.173437 0.642188 0.028125 0.028125
0 0.140625 0.645312 0.031250 0.028125
0 0.568750 0.709375 0.031250 0.031250
0 0.315625 0.168750 0.031250 0.031250
0 0.392188 0.106250 0.028125 0.031250
0 0.603125 0.521875 0.031250 0.031250
0 0.490625 0.306250 0.031250 0.031250
0 0.579688 0.401562 0.028125 0.028125
0 0.225000 0.384375 0.031250 0.031250
0 0.853125 0.171875 0.031250 0.031250
0 0.625000 0.075000 0.031250 0.031250
0 0.678125 0.037500 0.031250 0.031250
0 0.153125 0.465625 0.031250 0.031250
0 0.662500 0.434375 0.031250 0.031250
0 0.809375 0.459375 0.031250 0.031250
0 0.093750 0.075000 0.031250 0.031250
0 0.421875 0.625000 0.031250 0.031250
0 0.375000 0.396875 0.031250 0.031250
0 0.421875 0.443750 0.031250 0.031250
0 0.246875 0.687500 0.031250 0.031250
0 0.715625 0.565625 0.031250 0.031250
0 0.306250 0.121875 0.031250 0.031250
0 0.112500 0.334375 0.031250 0.031250
0 0.531250 0.289062 0.031250 0.034375
0 0.603125 0.615625 0.031250 0.031250
0 0.365625 0.215625 0.031250 0.031250
0 0.171875 0.440625 0.031250 0.031250
0 0.796875 0.028125 0.037500 0.037500
0 0.106250 0.565625 0.031250 0.031250
0 0.315625 0.290625 0.031250 0.031250
0 0.335938 0.612500 0.028125 0.031250
0 0.087500 0.537500 0.031250 0.031250
0 0.312500 0.409375 0.031250 0.031250
0 0.143750 0.934375 0.031250 0.031250
0 0.559375 0.743750 0.031250 0.031250
0 0.093750 0.362500 0.031250 0.031250
0 0.517188 0.604688 0.028125 0.028125
0 0.534375 0.223438 0.031250 0.028125
0 0.553125 0.787500 0.031250 0.031250
0 0.226562 0.660937 0.028125 0.028125
0 0.537500 0.356250 0.031250 0.031250
0 0.479687 0.339062 0.028125 0.028125
0 0.053125 0.268750 0.031250 0.031250
0 0.206250 0.412500 0.031250 0.031250
0 0.290625 0.150000 0.031250 0.031250
0 0.642188 0.381250 0.028125 0.031250
0 0.215625 0.515625 0.031250 0.031250
0 0.764062 0.321875 0.028125 0.031250
0 0.187500 0.471875 0.031250 0.031250
0 0.346875 0.492188 0.031250 0.028125
0 0.032813 0.100000 0.034375 0.031250
0 0.270313 0.625000 0.028125 0.031250
0 0.378125 0.485938 0.031250 0.028125
0 0.087500 0.625000 0.031250 0.031250
0 0.323437 0.732812 0.028125 0.028125
0 0.815625 0.425000 0.031250 0.031250
0 0.179688 0.348438 0.028125 0.028125
0 0.237500 0.453125 0.031250 0.031250
0 0.178125 0.262500 0.031250 0.031250
0 0.075000 0.656250 0.031250 0.031250
0 0.059375 0.901563 0.031250 0.034375
0 0.023438 0.614062 0.028125 0.028125
0 0.390625 0.243750 0.031250 0.031250
0 0.259375 0.275000 0.031250 0.031250
0 0.275000 0.329688 0.031250 0.028125
0 0.478125 0.190625 0.031250 0.031250
0 0.525000 0.387500 0.031250 0.031250
0 0.679688 0.571875 0.028125 0.031250
0 0.346875 0.281250 0.031250 0.031250
0 0.434375 0.290625 0.031250 0.031250
0 0.250000 0.512500 0.031250 0.031250
0 0.721875 0.621875 0.031250 0.031250
0 0.443750 0.256250 0.031250 0.031250
0 0.646875 0.496875 0.031250 0.031250
0 0.292187 0.265625 0.028125 0.031250
0 0.415625 0.354687 0.031250 0.028125
0 0.670312 0.401562 0.028125 0.028125
0 0.464062 0.675000 0.028125 0.031250
0 0.387500 0.631250 0.031250 0.031250
0 0.473438 0.642188 0.028125 0.028125
0 0.650000 0.221875 0.031250 0.031250
0 0.412500 0.928125 0.031250 0.031250
0 0.151562 0.528125 0.028125 0.031250
0 0.228125 0.575000 0.031250 0.031250
0 0.703125 0.596875 0.031250 0.031250
0 0.406250 0.385937 0.031250 0.028125
0 0.875000 0.431250 0.031250 0.031250
0 0.537500 0.537500 0.031250 0.031250
0 0.651563 0.023438 0.028125 0.028125
0 0.525000 0.509375 0.031250 0.031250
0 0.303125 0.443750 0.031250 0.031250
0 0.392188 0.068750 0.028125 0.031250
0 0.390625 0.453125 0.031250 0.031250
0 0.328125 0.907813 0.031250 0.028125
0 0.878125 0.395313 0.031250 0.034375
0 0.346875 0.581250 0.031250 0.031250
0 0.360938 0.339062 0.028125 0.028125
0 0.367188 0.695312 0.028125 0.028125
0 0.064062 0.687500 0.034375 0.031250
0 0.042188 0.584375 0.028125 0.031250
0 0.334375 0.073438 0.031250 0.034375
0 0.107813 0.651563 0.028125 0.028125
0 0.593750 0.735938 0.031250 0.028125
0 0.771875 0.587500 0.031250 0.031250
0 0.464062 0.585938 0.028125 0.028125
0 0.550000 0.596875 0.031250 0.031250
0 0.650000 0.154688 0.031250 0.028125
0 0.215625 0.182812 0.031250 0.034375
0 0.059375 0.615625 0.031250 0.031250
0 0.556250 0.378125 0.031250 0.031250
0 0.650000 0.256250 0.031250 0.031250
0 0.517188 0.693750 0.028125 0.031250
0 0.392188 0.035937 0.028125 0.028125
0 0.587500 0.490625 0.031250 0.031250
0 0.626563 0.729688 0.028125 0.028125
0 0.564063 0.173437 0.028125 0.028125
0 0.671875 0.518750 0.031250 0.031250
0 0.140625 0.434375 0.031250 0.031250
0 0.359375 0.162500 0.031250 0.031250
0 0.562500 0.278125 0.031250 0.031250
0 0.292187 0.650000 0.028125 0.031250
0 0.131250 0.506250 0.031250 0.031250
0 0.689063 0.454688 0.028125 0.028125
0 0.681250 0.104688 0.031250 0.028125
0 0.075000 0.040625 0.031250 0.031250
0 0.840625 0.446875 0.031250 0.031250
0 0.396875 0.209375 0.031250 0.031250
0 0.193750 0.381250 0.031250 0.031250
0 0.110937 0.934375 0.034375 0.031250
0 0.409375 0.743750 0.031250 0.031250
0 0.267188 0.240625 0.028125 0.031250
0 0.334375 0.225000 0.031250 0.031250
0 0.496875 0.481250 0.031250 0.031250
0 0.453125 0.528125 0.031250 0.031250
0 0.825000 0.517188 0.031250 0.028125
0 0.359375 0.550000 0.031250 0.031250
0 0.751563 0.735938 0.028125 0.028125
0 0.218750 0.484375 0.031250 0.031250
0 0.506250 0.173437 0.031250 0.028125
0 0.195312 0.579688 0.028125 0.028125
0 0.143750 0.106250 0.031250 0.031250
0 0.534375 0.190625 0.031250 0.031250
0 0.571875 0.531250 0.031250 0.031250
0 0.079687 0.331250 0.028125 0.031250
0 0.421875 0.537500 0.031250 0.031250
0 0.560937 0.653125 0.028125 0.031250
0 0.334375 0.434375 0.031250 0.031250
0 0.706250 0.289062 0.031250 0.028125
0 0.762500 0.354687 0.031250 0.028125
0 0.803125 0.490625 0.031250 0.031250
0 0.564063 0.073438 0.028125 0.028125
0 0.593750 0.190625 0.031250 0.031250
0 0.431250 0.593750 0.031250 0.031250
0 0.203125 0.240625 0.031250 0.031250
0 0.281250 0.593750 0.031250 0.031250
0 0.306250 0.321875 0.031250 0.031250
0 0.237500 0.631250 0.031250 0.031250
0 0.110937 0.104688 0.028125 0.028125
0 0.356250 0.460938 0.031250 0.028125
0 0.118750 0.620313 0.031250 0.028125
0 0.528125 0.660937 0.031250 0.028125
0 0.501563 0.275000 0.028125 0.031250
0 0.368750 0.604688 0.031250 0.028125
0 0.356250 0.250000 0.031250 0.031250
0 0.720313 0.446875 0.028125 0.031250
0 0.657813 0.634375 0.028125 0.031250
0 0.075000 0.932813 0.031250 0.034375
0 0.709375 0.653125 0.031250 0.031250
0 0.343750 0.401562 0.031250 0.028125
0 0.764062 0.289062 0.028125 0.028125
0 0.673438 0.368750 0.028125 0.031250
0 0.276562 0.878125 0.028125 0.031250
0 0.771875 0.709375 0.031250 0.031250
0 0.706250 0.787500 0.031250 0.031250
0 0.573438 0.306250 0.028125 0.031250
0 0.045312 0.326562 0.028125 0.028125
0 0.296875 0.354687 0.031250 0.028125
0 0.792188 0.521875 0.028125 0.031250
0 0.618750 0.359375 0.031250 0.031250
0 0.712500 0.478125 0.031250 0.031250
0 0.260937 0.907813 0.028125 0.028125
0 0.621875 0.273438 0.031250 0.028125
0 0.679688 0.659375 0.028125 0.031250
0 0.884375 0.050000 0.031250 0.031250
0 0.548438 0.412500 0.028125 0.031250
0 0.631250 0.321875 0.031250 0.031250
0 0.206250 0.635938 0.031250 0.028125
0 0.110937 0.875000 0.034375 0.031250
0 0.325000 0.556250 0.031250 0.031250
0 0.162500 0.496875 0.031250 0.031250
0 0.335938 0.700000 0.028125 0.031250
0 0.735938 0.306250 0.028125 0.031250
0 0.681250 0.487500 0.031250 0.031250
0 0.790625 0.375000 0.031250 0.031250
0 0.864062 0.496875 0.034375 0.031250
0 0.329688 0.346875 0.028125 0.031250
0 0.706250 0.254688 0.031250 0.028125
0 0.604688 0.300000 0.028125 0.031250
0 0.412500 0.265625 0.031250 0.031250
0 0.278125 0.418750 0.031250 0.031250
0 0.225000 0.075000 0.031250 0.031250
0 0.476562 0.457813 0.028125 0.028125
0 0.484375 0.428125 0.031250 0.031250
0 0.225000 0.215625 0.031250 0.031250
0 0.464062 0.762500 0.028125 0.031250
0 0.271875 0.537500 0.031250 0.031250
0 0.362500 0.021875 0.031250 0.031250
0 0.517188 0.418750 0.028125 0.031250
0 0.312500 0.878125 0.031250 0.031250
0 0.400000 0.687500 0.031250 0.031250
0 0.595313 0.798438 0.034375 0.034375
0 0.650000 0.753125 0.031250 0.031250
0 0.671875 0.775000 0.031250 0.031250
0 0.618750 0.479687 0.031250 0.028125
0 0.378125 0.271875 0.031250 0.031250
0 0.728125 0.412500 0.031250 0.031250
0 0.565625 0.815625 0.031250 0.031250
0 0.350000 0.370312 0.031250 0.028125
0 0.495312 0.667188 0.028125 0.028125
0 0.565625 0.039062 0.031250 0.028125
0 0.359375 0.906250 0.031250 0.031250
0 0.729688 0.762500 0.034375 0.031250
0 0.765625 0.400000 0.031250 0.031250
0 0.081250 0.715625 0.031250 0.031250
0 0.751563 0.437500 0.034375 0.031250
0 0.260937 0.134375 0.028125 0.031250
0 0.018750 0.265625 0.031250 0.031250
0 0.093750 0.906250 0.031250 0.031250
0 0.412500 0.475000 0.031250 0.031250
0 0.542188 0.318750 0.028125 0.031250
0 0.709375 0.089063 0.031250 0.028125
0 0.532813 0.760938 0.034375 0.034375
0 0.429688 0.412500 0.028125 0.031250
0 0.401562 0.509375 0.028125 0.031250
0 0.260937 0.018750 0.028125 0.031250
0 0.593750 0.559375 0.031250 0.031250
0 0.312500 0.675000 0.031250 0.031250
0 0.162500 0.673438 0.031250 0.028125
0 0.376563 0.660937 0.028125 0.028125
0 0.825000 0.053125 0.031250 0.031250
0 0.162500 0.134375 0.031250 0.031250
0 0.042188 0.932813 0.034375 0.034375
0 0.571875 0.621875 0.031250 0.031250
0 0.182812 0.698438 0.028125 0.028125
0 0.604688 0.704688 0.028125 0.028125
0 0.292187 0.562500 0.028125 0.031250
0 0.018750 0.067187 0.031250 0.034375
0 0.343750 0.190625 0.031250 0.031250
0 0.453125 0.617188 0.031250 0.028125
0 0.485938 0.612500 0.028125 0.031250
0 0.596875 0.831250 0.031250 0.031250
0 0.564063 0.206250 0.028125 0.031250
0 0.356250 0.637500 0.031250 0.031250
0 0.698438 0.389062 0.028125 0.028125
0 0.821875 0.221875 0.031250 0.031250
0 0.303125 0.709375 0.031250 0.031250
0 0.151562 0.704688 0.028125 0.028125
0 0.259375 0.654687 0.031250 0.028125
0 0.378125 0.934375 0.031250 0.031250
0 0.304688 0.528125 0.028125 0.031250
0 0.657813 0.546875 0.028125 0.031250
0 0.243750 0.876563 0.031250 0.028125
0 0.743750 0.470313 0.031250 0.028125
0 0.531250 0.476562 0.031250 0.028125
0 0.850000 0.562500 0.031250 0.031250
0 0.210938 0.048438 0.028125 0.028125
0 0.478125 0.020313 0.031250 0.028125
0 0.462500 0.403125 0.031250 0.031250
0 0.393750 0.331250 0.031250 0.031250
0 0.562500 0.240625 0.031250 0.031250
0 0.475000 0.553125 0.031250 0.031250
0 0.339062 0.314063 0.028125 0.028125
0 0.117188 0.707812 0.028125 0.028125
0 0.335938 0.523438 0.028125 0.028125
0 0.021875 0.671875 0.031250 0.031250
0 0.323437 0.257812 0.028125 0.028125
0 0.540625 0.442188 0.031250 0.028125
0 0.390625 0.542188 0.031250 0.028125
0 0.323437 0.465625 0.028125 0.031250
0 0.043750 0.037500 0.031250 0.031250
0 0.403125 0.298438 0.031250 0.028125
0 0.571875 0.434375 0.031250 0.031250
0 0.587500 0.368750 0.031250 0.031250
0 0.398438 0.418750 0.028125 0.031250
0 0.590625 0.648438 0.031250 0.028125
0 0.593750 0.459375 0.031250 0.031250
0 0.323437 0.643750 0.028125 0.031250
0 0.782813 0.426563 0.034375 0.034375
0 0.759375 0.678125 0.031250 0.031250
0 0.271875 0.448437 0.031250 0.034375
0 0.206250 0.443750 0.031250 0.031250
0 0.676562 0.304688 0.028125 0.028125
0 0.510938 0.331250 0.028125 0.031250
0 0.442188 0.465625 0.028125 0.031250
0 0.718750 0.731250 0.031250 0.031250
0 0.695312 0.542188 0.028125 0.028125
0 0.296875 0.018750 0.031250 0.031250
0 0.614062 0.671875 0.028125 0.031250
0 0.087500 0.417187 0.031250 0.028125
0 0.026562 0.903125 0.034375 0.031250
0 0.504687 0.140625 0.028125 0.031250
0 0.856250 0.528125 0.031250 0.031250
0 0.240625 0.339062 0.031250 0.028125
0 0.650000 0.350000 0.031250 0.031250
0 0.670312 0.603125 0.028125 0.031250
0 0.103125 0.446875 0.031250 0.031250
0 0.018750 0.470313 0.031250 0.028125
0 0.334375 0.106250 0.031250 0.031250
0 0.792188 0.681250 0.034375 0.031250
0 0.681250 0.807813 0.031250 0.034375
0 0.707812 0.153125 0.028125 0.031250
0 0.329688 0.018750 0.028125 0.031250
0 0.292187 0.740625 0.028125 0.031250
0 0.412500 0.568750 0.031250 0.031250
0 0.507812 0.450000 0.028125 0.031250
0 0.043750 0.875000 0.031250 0.031250
0 0.704688 0.356250 0.028125 0.031250
0 0.835938 0.593750 0.034375 0.031250
0 0.767188 0.051562 0.034375 0.034375
0 0.376563 0.750000 0.028125 0.031250
0 0.635938 0.696875 0.028125 0.031250
0 0.640625 0.784375 0.031250 0.031250
0 0.345313 0.759375 0.028125 0.031250
0 0.600000 0.334375 0.031250 0.031250
0 0.506250 0.240625 0.031250 0.031250
0 0.646875 0.293750 0.031250 0.031250
0 0.431250 0.681250 0.031250 0.031250
0 0.709375 0.021875 0.031250 0.031250
0 0.443750 0.737500 0.031250 0.031250
0 0.593750 0.021875 0.031250 0.031250
0 0.140625 0.559375 0.031250 0.031250
0 0.495312 0.579688 0.028125 0.028125
0 0.256250 0.393750 0.031250 0.031250
0 0.287500 0.385937 0.031250 0.028125
0 0.445312 0.923438 0.034375 0.034375
0 0.693750 0.709375 0.031250 0.031250
0 0.625000 0.846875 0.031250 0.031250
0 0.614062 0.582812 0.028125 0.028125
0 0.357812 0.726562 0.028125 0.028125
0 0.528125 0.573438 0.031250 0.028125
0 0.500000 0.750000 0.031250 0.031250
0 0.429688 0.768750 0.028125 0.031250
0 0.387500 0.718750 0.031250 0.031250
0 0.418750 0.021875 0.031250 0.031250
0 0.679688 0.337500 0.028125 0.031250
0 0.645312 0.665625 0.028125 0.031250
0 0.432812 0.501563 0.028125 0.028125
0 0.809375 0.653125 0.031250 0.031250
0 0.490625 0.781250 0.031250 0.031250
0 0.076563 0.867188 0.034375 0.034375
0 0.034375 0.700000 0.031250 0.031250
0 0.137500 0.735938 0.031250 0.028125
0 0.393750 0.900000 0.031250 0.031250
0 0.762500 0.528125 0.031250 0.031250
0 0.053125 0.731250 0.031250 0.031250
0 0.128125 0.015625 0.031250 0.031250
0 0.228125 0.018750 0.031250 0.031250
0 0.320312 0.378125 0.028125 0.031250
0 0.478125 0.251563 0.031250 0.028125
0 0.537500 0.021875 0.031250 0.031250
0 0.420312 0.185938 0.028125 0.028125
0 0.739062 0.035937 0.034375 0.034375
0 0.670312 0.689063 0.028125 0.028125
0 0.712500 0.684375 0.031250 0.031250
0 0.625000 0.553125 0.031250 0.031250
0 0.178125 0.934375 0.031250 0.031250
0 0.825000 0.625000 0.031250 0.031250
0 0.703125 0.510938 0.031250 0.028125
0 0.657813 0.464062 0.028125 0.028125
0 0.400000 0.601562 0.031250 0.028125
0 0.853125 0.031250 0.031250 0.031250
0 0.159375 0.843750 0.031250 0.031250
0 0.450000 0.793750 0.031250 0.031250
0 0.162500 0.018750 0.031250 0.031250
0 0.635938 0.607812 0.028125 0.028125
0 0.428125 0.893750 0.031250 0.031250
0 0.634375 0.521875 0.031250 0.031250
0 0.521875 0.793750 0.031250 0.031250
0 0.259375 0.750000 0.031250 0.031250
0 0.535937 0.257812 0.028125 0.028125
0 0.343750 0.878125 0.031250 0.031250
0 0.396875 0.776563 0.031250 0.028125
0 0.026562 0.842187 0.034375 0.034375
0 0.193750 0.845313 0.031250 0.034375
0 0.126562 0.845313 0.034375 0.034375
0 0.228125 0.750000 0.031250 0.031250
0 0.656250 0.829688 0.031250 0.034375
0 0.476562 0.915625 0.034375 0.037500
0 0.312500 0.765625 0.031250 0.031250
0 0.015625 0.323437 0.031250 0.028125
0 0.193750 0.756250 0.031250 0.031250
0 0.507812 0.723437 0.028125 0.028125
0 0.192188 0.904687 0.028125 0.028125
0 0.018750 0.728125 0.031250 0.031250
0 0.279687 0.212500 0.028125 0.031250
0 0.104688 0.739062 0.028125 0.028125
0 0.225000 0.843750 0.031250 0.031250
0 0.440625 0.201563 0.031250 0.028125
0 0.884375 0.017188 0.031250 0.034375
0 0.095312 0.837500 0.034375 0.031250
0 0.243750 0.937500 0.031250 0.031250
0 0.226562 0.907813 0.028125 0.028125
0 0.093750 0.015625 0.031250 0.031250
0 0.406250 0.868750 0.031250 0.031250
0 0.060937 0.837500 0.034375 0.031250
0 0.015625 0.526563 0.031250 0.028125
0 0.292187 0.850000 0.028125 0.031250
0 0.260937 0.848437 0.028125 0.028125
