0 0.046875 0.843750 0.031250 0.031250
0 0.225000 0.906250 0.031250 0.031250
0 0.318750 0.890625 0.031250 0.031250
0 0.103125 0.912500 0.031250 0.031250
0 0.431250 0.850000 0.031250 0.031250
0 0.865625 0.912500 0.031250 0.031250
0 0.281250 0.796875 0.031250 0.031250
0 0.168750 0.925000 0.031250 0.031250
0 0.328125 0.921875 0.031250 0.031250
0 0.112500 0.943750 0.031250 0.031250
0 0.057813 0.875000 0.028125 0.031250
0 0.465625 0.850000 0.031250 0.031250
0 0.046875 0.934375 0.031250 0.031250
0 0.687500 0.746875 0.031250 0.031250
0 0.796875 0.918750 0.031250 0.031250
0 0.203125 0.840625 0.031250 0.031250
0 0.125000 0.796875 0.031250 0.031250
0 0.850000 0.943750 0.031250 0.031250
0 0.268750 0.765625 0.031250 0.031250
0 0.081250 0.850000 0.031250 0.031250
0 0.448437 0.881250 0.034375 0.031250
0 0.506250 0.906250 0.031250 0.031250
0 0.834375 0.975000 0.031250 0.031250
0 0.709375 0.893750 0.031250 0.031250
0 0.246875 0.878125 0.031250 0.031250
0 0.396875 0.846875 0.031250 0.031250
0 0.428125 0.906250 0.031250 0.031250
0 0.721875 0.746875 0.031250 0.031250
0 0.304688 0.859375 0.028125 0.031250
0 0.214062 0.871875 0.028125 0.031250
0 0.468750 0.906250 0.031250 0.031250
0 0.146875 0.859375 0.031250 0.031250
0 0.898438 0.909375 0.034375 0.031250
0 0.878125 0.881250 0.031250 0.031250
0 0.068750 0.906250 0.031250 0.031250
0 0.090625 0.881250 0.031250 0.031250
0 0.235937 0.846875 0.028125 0.031250
0 0.103125 0.823438 0.031250 0.028125
0 0.353125 0.896875 0.031250 0.031250
0 0.375000 0.871875 0.031250 0.031250
0 0.385937 0.903125 0.028125 0.031250
0 0.815625 0.946875 0.031250 0.031250
0 0.725000 0.865625 0.031250 0.031250
0 0.157812 0.804688 0.028125 0.028125
0 0.845313 0.887500 0.028125 0.031250
0 0.487500 0.878125 0.031250 0.031250
0 0.553125 0.815625 0.031250 0.031250
0 0.190625 0.809375 0.031250 0.031250
0 0.593750 0.753125 0.031250 0.031250
0 0.418750 0.818750 0.031250 0.031250
0 0.559375 0.756250 0.031250 0.031250
0 0.575000 0.725000 0.031250 0.031250
0 0.625000 0.871875 0.031250 0.031250
0 0.259375 0.909375 0.031250 0.031250
0 0.135937 0.917188 0.028125 0.028125
0 0.135937 0.829688 0.028125 0.028125
0 0.490625 0.934375 0.031250 0.031250
0 0.268750 0.675000 0.031250 0.031250
0 0.640625 0.606250 0.031250 0.031250
0 0.459375 0.700000 0.031250 0.031250
0 0.853125 0.765625 0.031250 0.031250
0 0.678125 0.896875 0.031250 0.031250
0 0.292187 0.828125 0.028125 0.031250
0 0.459375 0.762500 0.031250 0.031250
0 0.146875 0.950000 0.031250 0.031250
0 0.628125 0.928125 0.031250 0.031250
0 0.662500 0.928125 0.031250 0.031250
0 0.235937 0.937500 0.028125 0.031250
0 0.537500 0.787500 0.031250 0.031250
0 0.168750 0.834375 0.031250 0.031250
0 0.159375 0.893750 0.031250 0.031250
0 0.121875 0.975000 0.031250 0.031250
0 0.756250 0.746875 0.031250 0.031250
0 0.079687 0.939063 0.028125 0.028125
0 0.690625 0.865625 0.031250 0.031250
0 0.693750 0.925000 0.031250 0.031250
0 0.556250 0.875000 0.031250 0.031250
0 0.553125 0.579688 0.031250 0.028125
0 0.881250 0.940625 0.031250 0.031250
0 0.393750 0.937500 0.031250 0.031250
0 0.503125 0.546875 0.031250 0.031250
0 0.409375 0.878125 0.031250 0.031250
0 0.303125 0.771875 0.031250 0.031250
0 0.656250 0.868750 0.031250 0.031250
0 0.126562 0.887500 0.028125 0.031250
0 0.303125 0.943750 0.031250 0.031250
0 0.625000 0.693750 0.031250 0.031250
0 0.740625 0.662500 0.031250 0.031250
0 0.370312 0.784375 0.028125 0.031250
0 0.714063 0.953125 0.028125 0.031250
0 0.112500 0.765625 0.031250 0.031250
0 0.834375 0.796875 0.031250 0.031250
0 0.181250 0.867188 0.031250 0.028125
0 0.115625 0.854688 0.031250 0.034375
0 0.503125 0.846875 0.031250 0.031250
0 0.868750 0.971875 0.031250 0.031250
0 0.360938 0.928125 0.028125 0.031250
0 0.829688 0.915625 0.034375 0.031250
0 0.390625 0.579688 0.031250 0.028125
0 0.526563 0.756250 0.028125 0.031250
0 0.334375 0.687500 0.031250 0.031250
0 0.392188 0.668750 0.028125 0.031250
0 0.743750 0.893750 0.031250 0.031250
0 0.809375 0.721875 0.031250 0.031250
0 0.606250 0.843750 0.031250 0.031250
0 0.853125 0.706250 0.031250 0.031250
0 0.740625 0.718750 0.031250 0.031250
0 0.281250 0.706250 0.031250 0.031250
0 0.843750 0.828125 0.031250 0.031250
0 0.090625 0.790625 0.031250 0.031250
0 0.485938 0.575000 0.034375 0.031250
0 0.653125 0.809375 0.031250 0.031250
0 0.203125 0.931250 0.031250 0.031250
0 0.281250 0.528125 0.031250 0.031250
0 0.340625 0.865625 0.031250 0.031250
0 0.657813 0.693750 0.028125 0.031250
0 0.450000 0.821875 0.031250 0.031250
0 0.875000 0.834375 0.031250 0.031250
0 0.604688 0.470313 0.028125 0.028125
0 0.328125 0.834375 0.031250 0.031250
0 0.475000 0.964063 0.031250 0.034375
0 0.056250 0.964063 0.031250 0.028125
0 0.575000 0.493750 0.031250 0.031250
0 0.225000 0.815625 0.031250 0.031250
0 0.056250 0.693750 0.031250 0.031250
0 0.540625 0.903125 0.031250 0.031250
0 0.484375 0.818750 0.031250 0.031250
0 0.706250 0.837500 0.031250 0.031250
0 0.356250 0.662500 0.031250 0.031250
0 0.706250 0.720313 0.031250 0.028125
0 0.604688 0.553125 0.028125 0.031250
0 0.181250 0.956250 0.031250 0.031250
0 0.573438 0.903125 0.028125 0.031250
0 0.090625 0.968750 0.031250 0.031250
0 0.609375 0.900000 0.031250 0.031250
0 0.440625 0.965625 0.031250 0.031250
0 0.756250 0.690625 0.031250 0.031250
0 0.490625 0.421875 0.031250 0.031250
0 0.346875 0.453125 0.031250 0.031250
0 0.390625 0.756250 0.031250 0.031250
0 0.521875 0.637500 0.031250 0.031250
0 0.809375 0.659375 0.031250 0.031250
0 0.703125 0.778125 0.031250 0.031250
0 0.762500 0.921875 0.031250 0.031250
0 0.703125 0.546875 0.031250 0.031250
0 0.720313 0.515625 0.034375 0.031250
0 0.475000 0.731250 0.031250 0.031250
0 0.673438 0.662500 0.028125 0.031250
0 0.568750 0.787500 0.031250 0.031250
0 0.690625 0.690625 0.031250 0.031250
0 0.640625 0.840625 0.031250 0.031250
0 0.573438 0.667188 0.028125 0.028125
0 0.537500 0.550000 0.031250 0.031250
0 0.521875 0.875000 0.031250 0.031250
0 0.521875 0.518750 0.031250 0.031250
0 0.737500 0.776563 0.031250 0.028125
0 0.259375 0.821875 0.031250 0.031250
0 0.896875 0.807813 0.031250 0.034375
0 0.725000 0.690625 0.031250 0.031250
0 0.057813 0.787500 0.034375 0.031250
0 0.235937 0.579688 0.028125 0.028125
0 0.628125 0.751563 0.031250 0.028125
0 0.323437 0.745313 0.028125 0.028125
0 0.603125 0.784375 0.031250 0.031250
0 0.292187 0.740625 0.028125 0.031250
0 0.510938 0.485938 0.028125 0.028125
0 0.610938 0.725000 0.028125 0.031250
0 0.590625 0.871875 0.031250 0.031250
0 0.256250 0.553125 0.031250 0.031250
0 0.193750 0.900000 0.031250 0.031250
0 0.271875 0.939063 0.031250 0.028125
0 0.021875 0.959375 0.031250 0.031250
0 0.787500 0.750000 0.031250 0.031250
0 0.403125 0.787500 0.031250 0.031250
0 0.454688 0.643750 0.028125 0.031250
0 0.090625 0.609375 0.031250 0.031250
0 0.656250 0.637500 0.031250 0.031250
0 0.729688 0.923438 0.028125 0.028125
0 0.456250 0.934375 0.031250 0.031250
0 0.362500 0.839063 0.031250 0.028125
0 0.246875 0.790625 0.031250 0.031250
0 0.468750 0.448437 0.031250 0.028125
0 0.756250 0.631250 0.031250 0.031250
0 0.334375 0.509375 0.031250 0.031250
0 0.100000 0.642188 0.031250 0.028125
0 0.509375 0.729688 0.031250 0.028125
0 0.434375 0.671875 0.031250 0.031250
0 0.593750 0.931250 0.031250 0.031250
0 0.245312 0.970313 0.034375 0.034375
0 0.437500 0.615625 0.031250 0.031250
0 0.621875 0.812500 0.031250 0.031250
0 0.706250 0.662500 0.031250 0.031250
0 0.282813 0.884375 0.028125 0.031250
0 0.687500 0.515625 0.031250 0.031250
0 0.256250 0.731250 0.031250 0.031250
0 0.021875 0.868750 0.031250 0.031250
0 0.443750 0.731250 0.031250 0.031250
0 0.490625 0.700000 0.031250 0.031250
0 0.134375 0.650000 0.031250 0.031250
0 0.812500 0.887500 0.031250 0.031250
0 0.825000 0.854688 0.031250 0.028125
0 0.640625 0.896875 0.031250 0.031250
0 0.503125 0.790625 0.031250 0.031250
0 0.637500 0.550000 0.031250 0.031250
0 0.292187 0.471875 0.028125 0.031250
0 0.673438 0.604688 0.028125 0.028125
0 0.365625 0.693750 0.031250 0.031250
0 0.501563 0.454688 0.028125 0.028125
0 0.323437 0.654687 0.028125 0.028125
0 0.687500 0.807813 0.031250 0.028125
0 0.590625 0.693750 0.031250 0.031250
0 0.671875 0.840625 0.031250 0.031250
0 0.525000 0.698438 0.031250 0.028125
0 0.671875 0.548438 0.031250 0.028125
0 0.215625 0.784375 0.031250 0.031250
0 0.068750 0.818750 0.031250 0.031250
0 0.345313 0.718750 0.028125 0.031250
0 0.925000 0.829688 0.031250 0.034375
0 0.293750 0.915625 0.031250 0.031250
0 0.568750 0.462500 0.031250 0.031250
0 0.490625 0.759375 0.031250 0.031250
0 0.557813 0.432812 0.028125 0.028125
0 0.325000 0.387500 0.031250 0.031250
0 0.037500 0.812500 0.031250 0.031250
0 0.865625 0.803125 0.031250 0.031250
0 0.589063 0.637500 0.028125 0.031250
0 0.509375 0.965625 0.031250 0.031250
0 0.314063 0.803125 0.028125 0.031250
0 0.771875 0.543750 0.031250 0.031250
0 0.631250 0.490625 0.031250 0.031250
0 0.640625 0.662500 0.031250 0.031250
0 0.781250 0.950000 0.031250 0.031250
0 0.271875 0.853125 0.031250 0.031250
0 0.656250 0.578125 0.031250 0.031250
0 0.406250 0.968750 0.031250 0.031250
0 0.314063 0.534375 0.028125 0.031250
0 0.775000 0.659375 0.031250 0.031250
0 0.471875 0.671875 0.031250 0.031250
0 0.518750 0.818750 0.031250 0.031250
0 0.034375 0.900000 0.031250 0.031250
0 0.079687 0.759375 0.028125 0.031250
0 0.356250 0.751563 0.031250 0.028125
0 0.525000 0.932813 0.031250 0.028125
0 0.687500 0.578125 0.031250 0.031250
0 0.503125 0.609375 0.031250 0.031250
0 0.368750 0.604688 0.031250 0.028125
0 0.281250 0.970313 0.031250 0.028125
0 0.587500 0.581250 0.031250 0.031250
0 0.325000 0.478125 0.031250 0.031250
0 0.540625 0.668750 0.031250 0.031250
0 0.381250 0.635938 0.031250 0.028125
0 0.214062 0.962500 0.028125 0.031250
0 0.587500 0.814063 0.031250 0.028125
0 0.346875 0.631250 0.031250 0.031250
0 0.556250 0.521875 0.031250 0.031250
0 0.425000 0.760938 0.031250 0.028125
0 0.337500 0.954688 0.031250 0.028125
0 0.829688 0.618750 0.034375 0.037500
0 0.790625 0.690625 0.031250 0.031250
0 0.604688 0.609375 0.028125 0.031250
0 0.915625 0.939063 0.031250 0.034375
0 0.557813 0.696875 0.028125 0.031250
0 0.518750 0.579688 0.031250 0.028125
0 0.089063 0.700000 0.028125 0.031250
0 0.515625 0.400000 0.031250 0.031250
0 0.800000 0.976562 0.031250 0.028125
0 0.376563 0.725000 0.028125 0.031250
0 0.739062 0.835938 0.028125 0.028125
0 0.401562 0.610938 0.028125 0.028125
0 0.678125 0.953125 0.031250 0.031250
0 0.079687 0.668750 0.028125 0.031250
0 0.506250 0.668750 0.031250 0.031250
0 0.456250 0.589063 0.031250 0.028125
0 0.793750 0.631250 0.031250 0.031250
0 0.303125 0.503125 0.031250 0.031250
0 0.571875 0.843750 0.031250 0.031250
0 0.621875 0.637500 0.031250 0.031250
0 0.778125 0.890625 0.031250 0.031250
0 0.665625 0.487500 0.031250 0.031250
0 0.468750 0.792188 0.031250 0.034375
0 0.593750 0.437500 0.031250 0.031250
0 0.384375 0.815625 0.031250 0.031250
0 0.635938 0.782813 0.028125 0.028125
0 0.759375 0.865625 0.031250 0.031250
0 0.568750 0.609375 0.031250 0.031250
0 0.337500 0.776563 0.031250 0.028125
0 0.478125 0.479687 0.031250 0.028125
0 0.690625 0.631250 0.031250 0.031250
0 0.423438 0.407813 0.028125 0.028125
0 0.303125 0.412500 0.031250 0.031250
0 0.870313 0.735938 0.034375 0.034375
0 0.543750 0.492188 0.031250 0.028125
0 0.837500 0.735938 0.031250 0.034375
0 0.437500 0.790625 0.031250 0.031250
0 0.346875 0.542188 0.031250 0.028125
0 0.753125 0.512500 0.031250 0.031250
0 0.312500 0.712500 0.031250 0.031250
0 0.378125 0.546875 0.031250 0.031250
0 0.725000 0.573438 0.031250 0.028125
0 0.556250 0.637500 0.031250 0.031250
0 0.606250 0.665625 0.031250 0.031250
0 0.121875 0.618750 0.031250 0.031250
0 0.401562 0.520312 0.028125 0.028125
0 0.401562 0.432812 0.028125 0.028125
0 0.548438 0.400000 0.034375 0.031250
0 0.543750 0.962500 0.031250 0.031250
0 0.668750 0.778125 0.031250 0.031250
0 0.557813 0.931250 0.028125 0.031250
0 0.235937 0.759375 0.028125 0.031250
0 0.578125 0.959375 0.031250 0.031250
0 0.434375 0.440625 0.031250 0.031250
0 0.271875 0.496875 0.031250 0.031250
0 0.568750 0.553125 0.031250 0.031250
0 0.771875 0.718750 0.031250 0.031250
0 0.337500 0.418750 0.031250 0.031250
0 0.290625 0.650000 0.031250 0.031250
0 0.534375 0.459375 0.031250 0.031250
0 0.409375 0.729688 0.031250 0.028125
0 0.245312 0.610938 0.028125 0.028125
0 0.721875 0.631250 0.031250 0.031250
0 0.443750 0.559375 0.031250 0.031250
0 0.537500 0.845313 0.031250 0.028125
0 0.589063 0.525000 0.028125 0.031250
0 0.434375 0.528125 0.031250 0.031250
0 0.935937 0.967187 0.034375 0.034375
0 0.423438 0.584375 0.028125 0.031250
0 0.621875 0.579688 0.031250 0.028125
0 0.314063 0.446875 0.028125 0.031250
0 0.642188 0.725000 0.028125 0.031250
0 0.868750 0.676562 0.031250 0.034375
0 0.818750 0.765625 0.031250 0.031250
0 0.223438 0.546875 0.028125 0.031250
0 0.370312 0.962500 0.028125 0.031250
0 0.900000 0.856250 0.031250 0.031250
0 0.100000 0.731250 0.031250 0.031250
0 0.350000 0.809375 0.031250 0.031250
0 0.823438 0.690625 0.028125 0.031250
0 0.415625 0.640625 0.031250 0.031250
0 0.356250 0.484375 0.031250 0.031250
0 0.412500 0.465625 0.031250 0.031250
0 0.303125 0.681250 0.031250 0.031250
0 0.289062 0.560937 0.028125 0.028125
0 0.368750 0.515625 0.031250 0.031250
0 0.653125 0.521875 0.031250 0.031250
0 0.245312 0.700000 0.028125 0.031250
0 0.910937 0.714063 0.034375 0.034375
0 0.396875 0.698438 0.031250 0.028125
0 0.884375 0.775000 0.031250 0.031250
0 0.542188 0.728125 0.028125 0.031250
0 0.471875 0.615625 0.031250 0.031250
0 0.459375 0.506250 0.031250 0.031250
0 0.281250 0.440625 0.031250 0.031250
0 0.109375 0.584375 0.031250 0.031250
0 0.068750 0.725000 0.031250 0.031250
0 0.412500 0.553125 0.031250 0.031250
0 0.156250 0.625000 0.031250 0.031250
0 0.146875 0.590625 0.031250 0.031250
0 0.146875 0.771875 0.031250 0.031250
0 0.468750 0.537500 0.031250 0.031250
0 0.359375 0.393750 0.031250 0.031250
0 0.637500 0.459375 0.031250 0.031250
0 0.478125 0.392188 0.031250 0.028125
0 0.856250 0.637500 0.031250 0.031250
0 0.739062 0.603125 0.028125 0.031250
0 0.425000 0.495312 0.031250 0.028125
0 0.621875 0.523438 0.031250 0.028125
0 0.487500 0.642188 0.031250 0.028125
0 0.456250 0.417187 0.031250 0.028125
0 0.281250 0.618750 0.031250 0.031250
0 0.292187 0.382812 0.028125 0.028125
0 0.737500 0.543750 0.031250 0.031250
0 0.246875 0.521875 0.031250 0.031250
0 0.775000 0.603125 0.031250 0.031250
0 0.046875 0.662500 0.031250 0.031250
0 0.392188 0.490625 0.028125 0.031250
0 0.368750 0.426563 0.031250 0.028125
0 0.584375 0.406250 0.031250 0.031250
0 0.525000 0.431250 0.031250 0.031250
0 0.167187 0.656250 0.028125 0.031250
0 0.268750 0.585938 0.031250 0.028125
0 0.312500 0.625000 0.031250 0.031250
0 0.720313 0.806250 0.028125 0.031250
0 0.021875 0.687500 0.031250 0.031250
0 0.489063 0.510938 0.028125 0.028125
0 0.825000 0.584375 0.031250 0.031250
0 0.225000 0.725000 0.031250 0.031250
0 0.390625 0.400000 0.031250 0.031250
0 0.346875 0.362500 0.031250 0.031250
0 0.257812 0.643750 0.028125 0.031250
0 0.700000 0.484375 0.031250 0.031250
0 0.068750 0.637500 0.031250 0.031250
0 0.359375 0.573438 0.031250 0.028125
0 0.792188 0.860938 0.028125 0.028125
0 0.381250 0.368750 0.031250 0.031250
0 0.271875 0.407813 0.031250 0.028125
0 0.875000 0.609375 0.037500 0.037500
0 0.535937 0.609375 0.028125 0.031250
0 0.746875 0.953125 0.031250 0.031250
0 0.734375 0.481250 0.031250 0.031250
0 0.757812 0.451562 0.034375 0.034375
0 0.625000 0.428125 0.031250 0.031250
0 0.314063 0.978125 0.028125 0.031250
0 0.428125 0.703125 0.031250 0.031250
0 0.314063 0.354687 0.028125 0.028125
0 0.889062 0.648438 0.034375 0.034375
0 0.901563 0.970313 0.034375 0.034375
0 0.381250 0.459375 0.031250 0.031250
0 0.193750 0.540625 0.031250 0.031250
0 0.412500 0.376563 0.031250 0.028125
0 0.859375 0.856250 0.031250 0.031250
0 0.934375 0.865625 0.031250 0.031250
0 0.615625 0.393750 0.031250 0.031250
0 0.237500 0.403125 0.031250 0.031250
0 0.678125 0.459375 0.031250 0.031250
0 0.178125 0.776563 0.031250 0.028125
0 0.203125 0.396875 0.031250 0.031250
0 0.212500 0.695312 0.031250 0.028125
0 0.214062 0.515625 0.028125 0.031250
0 0.425000 0.939063 0.031250 0.028125
0 0.757812 0.575000 0.028125 0.031250
0 0.021875 0.778125 0.031250 0.031250
0 0.110937 0.675000 0.028125 0.031250
0 0.903125 0.681250 0.031250 0.031250
0 0.178125 0.687500 0.031250 0.031250
0 0.114062 0.407813 0.028125 0.028125
0 0.803125 0.550000 0.031250 0.031250
0 0.189062 0.631250 0.028125 0.031250
0 0.926562 0.895312 0.034375 0.034375
0 0.181250 0.421875 0.031250 0.031250
0 0.078125 0.578125 0.031250 0.031250
0 0.123438 0.440625 0.028125 0.031250
0 0.090625 0.431250 0.031250 0.031250
0 0.337500 0.329688 0.031250 0.028125
0 0.768750 0.484375 0.031250 0.031250
0 0.807813 0.828125 0.028125 0.031250
0 0.167187 0.565625 0.028125 0.031250
0 0.446875 0.384375 0.031250 0.031250
0 0.148438 0.415625 0.028125 0.031250
0 0.059375 0.421875 0.031250 0.031250
0 0.234375 0.490625 0.031250 0.031250
0 0.225000 0.368750 0.031250 0.031250
0 0.787500 0.517188 0.031250 0.028125
0 0.553125 0.365625 0.031250 0.031250
0 0.214062 0.428125 0.028125 0.031250
0 0.656250 0.434375 0.031250 0.031250
0 0.371875 0.334375 0.031250 0.031250
0 0.673438 0.720313 0.028125 0.028125
0 0.134375 0.740625 0.031250 0.031250
0 0.840625 0.665625 0.031250 0.031250
0 0.465625 0.359375 0.031250 0.031250
0 0.587500 0.375000 0.031250 0.031250
0 0.068750 0.456250 0.031250 0.031250
0 0.043750 0.479687 0.031250 0.028125
0 0.642188 0.368750 0.028125 0.031250
0 0.034375 0.448437 0.031250 0.028125
0 0.900000 0.746875 0.031250 0.031250
0 0.134375 0.562500 0.031250 0.031250
0 0.300000 0.323437 0.031250 0.028125
0 0.056250 0.606250 0.031250 0.031250
0 0.501563 0.371875 0.028125 0.031250
0 0.859375 0.579688 0.031250 0.034375
0 0.929688 0.795312 0.034375 0.034375
0 0.023438 0.415625 0.034375 0.031250
0 0.839063 0.550000 0.034375 0.031250
0 0.767188 0.978125 0.028125 0.031250
0 0.434375 0.350000 0.031250 0.031250
0 0.170313 0.389062 0.028125 0.028125
0 0.581250 0.340625 0.031250 0.031250
0 0.214062 0.335938 0.028125 0.028125
0 0.732812 0.978125 0.028125 0.031250
0 0.820312 0.520312 0.034375 0.034375
0 0.081250 0.396875 0.031250 0.031250
0 0.045312 0.571875 0.034375 0.037500
0 0.526563 0.351562 0.028125 0.028125
0 0.021875 0.506250 0.031250 0.031250
0 0.139063 0.382812 0.028125 0.028125
0 0.157812 0.978125 0.028125 0.025000
0 0.403125 0.335938 0.031250 0.034375
0 0.715625 0.459375 0.031250 0.031250
0 0.643750 0.401562 0.031250 0.028125
0 0.490625 0.340625 0.031250 0.031250
0 0.550000 0.329688 0.018750 0.015625
0 0.789062 0.575000 0.028125 0.031250
0 0.015625 0.928125 0.031250 0.031250
0 0.612500 0.353125 0.031250 0.031250
