0 0.465625 0.425000 0.031250 0.031250
0 0.500000 0.834375 0.031250 0.031250
0 0.814063 0.842187 0.034375 0.034375
0 0.371875 0.906250 0.031250 0.031250
0 0.271875 0.912500 0.031250 0.031250
0 0.768750 0.875000 0.031250 0.031250
0 0.782813 0.843750 0.034375 0.031250
0 0.828125 0.809375 0.031250 0.031250
0 0.662500 0.821875 0.031250 0.031250
0 0.203125 0.918750 0.031250 0.031250
0 0.756250 0.756250 0.031250 0.031250
0 0.100000 0.871875 0.031250 0.031250
0 0.131250 0.868750 0.031250 0.031250
0 0.801562 0.878125 0.034375 0.031250
0 0.804688 0.914062 0.034375 0.034375
0 0.650000 0.850000 0.031250 0.031250
0 0.287500 0.881250 0.031250 0.031250
0 0.584375 0.856250 0.031250 0.031250
0 0.621875 0.912500 0.031250 0.031250
0 0.246875 0.825000 0.031250 0.031250
0 0.753125 0.903125 0.031250 0.031250
0 0.300000 0.850000 0.031250 0.031250
0 0.171875 0.923438 0.031250 0.028125
0 0.459375 0.928125 0.031250 0.031250
0 0.231250 0.796875 0.031250 0.031250
0 0.875000 0.778125 0.031250 0.031250
0 0.334375 0.846875 0.031250 0.031250
0 0.309375 0.700000 0.031250 0.031250
0 0.190625 0.950000 0.031250 0.031250
0 0.662500 0.615625 0.031250 0.031250
0 0.815625 0.693750 0.031250 0.031250
0 0.600000 0.678125 0.031250 0.031250
0 0.584375 0.446875 0.031250 0.031250
0 0.812500 0.634375 0.031250 0.031250
0 0.703125 0.878125 0.031250 0.031250
0 0.637500 0.882812 0.031250 0.028125
0 0.834375 0.934375 0.031250 0.031250
0 0.164062 0.806250 0.034375 0.031250
0 0.596875 0.620313 0.031250 0.028125
0 0.146875 0.837500 0.031250 0.031250
0 0.278125 0.762500 0.031250 0.031250
0 0.615625 0.646875 0.031250 0.031250
0 0.064062 0.878125 0.028125 0.031250
0 0.650000 0.646875 0.031250 0.031250
0 0.568750 0.475000 0.031250 0.031250
0 0.153125 0.896875 0.031250 0.031250
0 0.240625 0.646875 0.031250 0.031250
0 0.745313 0.579688 0.028125 0.028125
0 0.829688 0.662500 0.034375 0.031250
0 0.209375 0.709375 0.031250 0.031250
0 0.128125 0.810937 0.031250 0.034375
0 0.600000 0.825000 0.031250 0.031250
0 0.037500 0.328125 0.031250 0.031250
0 0.678125 0.584375 0.031250 0.031250
0 0.490625 0.923438 0.031250 0.028125
0 0.626563 0.559375 0.028125 0.031250
0 0.643750 0.792188 0.031250 0.028125
0 0.193750 0.353125 0.031250 0.031250
0 0.775000 0.929688 0.031250 0.034375
0 0.704688 0.731250 0.028125 0.031250
0 0.740625 0.521875 0.031250 0.031250
0 0.218750 0.887500 0.031250 0.031250
0 0.656250 0.762500 0.031250 0.031250
0 0.396875 0.425000 0.031250 0.031250
0 0.262500 0.793750 0.031250 0.031250
0 0.246875 0.765625 0.031250 0.031250
0 0.760938 0.548438 0.028125 0.028125
0 0.631250 0.823438 0.031250 0.028125
0 0.214062 0.767188 0.028125 0.028125
0 0.865625 0.948438 0.031250 0.028125
0 0.137500 0.928125 0.031250 0.031250
0 0.743750 0.787500 0.031250 0.031250
0 0.175000 0.709375 0.031250 0.031250
0 0.709375 0.787500 0.031250 0.031250
0 0.696875 0.612500 0.031250 0.031250
0 0.037500 0.937500 0.031250 0.031250
0 0.350000 0.818750 0.031250 0.031250
0 0.234375 0.856250 0.031250 0.031250
0 0.381250 0.815625 0.031250 0.031250
0 0.796875 0.606250 0.031250 0.031250
0 0.085938 0.906250 0.028125 0.031250
0 0.471875 0.896875 0.031250 0.031250
0 0.687500 0.906250 0.031250 0.031250
0 0.618750 0.443750 0.031250 0.031250
0 0.206250 0.646875 0.031250 0.031250
0 0.603125 0.884375 0.031250 0.031250
0 0.200000 0.859375 0.031250 0.031250
0 0.537500 0.481250 0.031250 0.031250
0 0.812500 0.571875 0.031250 0.031250
0 0.668750 0.881250 0.031250 0.031250
0 0.845313 0.629687 0.034375 0.034375
0 0.742188 0.942187 0.034375 0.034375
0 0.865625 0.915625 0.031250 0.031250
0 0.723437 0.759375 0.028125 0.031250
0 0.718750 0.700000 0.031250 0.031250
0 0.167187 0.865625 0.028125 0.031250
0 0.062500 0.412500 0.031250 0.031250
0 0.390625 0.517188 0.031250 0.034375
0 0.225000 0.946875 0.031250 0.031250
0 0.568750 0.681250 0.031250 0.031250
0 0.696875 0.818750 0.031250 0.031250
0 0.293750 0.731250 0.031250 0.031250
0 0.137500 0.528125 0.031250 0.031250
0 0.075000 0.384375 0.031250 0.031250
0 0.678125 0.790625 0.031250 0.031250
0 0.750000 0.845313 0.031250 0.028125
0 0.265625 0.856250 0.031250 0.031250
0 0.725000 0.906250 0.031250 0.031250
0 0.525000 0.509375 0.031250 0.031250
0 0.787500 0.753125 0.031250 0.031250
0 0.189062 0.615625 0.028125 0.031250
0 0.187500 0.890625 0.031250 0.031250
0 0.573438 0.740625 0.028125 0.031250
0 0.050000 0.909375 0.031250 0.031250
0 0.296875 0.353125 0.031250 0.031250
0 0.592187 0.915625 0.028125 0.031250
0 0.253125 0.887500 0.031250 0.031250
0 0.587500 0.709375 0.031250 0.031250
0 0.318750 0.881250 0.031250 0.031250
0 0.765625 0.668750 0.031250 0.031250
0 0.687500 0.434375 0.031250 0.031250
0 0.093750 0.412500 0.031250 0.031250
0 0.896875 0.932813 0.031250 0.028125
0 0.721875 0.493750 0.031250 0.031250
0 0.126562 0.615625 0.028125 0.031250
0 0.021875 0.359375 0.031250 0.031250
0 0.834375 0.720313 0.031250 0.028125
0 0.600000 0.415625 0.031250 0.031250
0 0.287500 0.615625 0.031250 0.031250
0 0.729688 0.818750 0.028125 0.031250
0 0.737500 0.728125 0.031250 0.031250
0 0.462500 0.571875 0.031250 0.031250
0 0.495312 0.776563 0.028125 0.028125
0 0.378125 0.756250 0.031250 0.031250
0 0.231250 0.412500 0.031250 0.031250
0 0.314063 0.818750 0.028125 0.031250
0 0.181250 0.834375 0.031250 0.031250
0 0.331250 0.353125 0.031250 0.031250
0 0.729688 0.610938 0.028125 0.028125
0 0.159375 0.353125 0.031250 0.031250
0 0.225000 0.678125 0.031250 0.031250
0 0.756250 0.490625 0.031250 0.031250
0 0.243750 0.975000 0.031250 0.031250
0 0.690625 0.759375 0.031250 0.031250
0 0.715625 0.846875 0.031250 0.031250
0 0.675000 0.526563 0.031250 0.028125
0 0.104688 0.931250 0.028125 0.031250
0 0.481250 0.600000 0.031250 0.031250
0 0.526563 0.918750 0.028125 0.031250
0 0.829688 0.598437 0.034375 0.034375
0 0.684375 0.850000 0.031250 0.031250
0 0.734375 0.875000 0.031250 0.031250
0 0.778125 0.575000 0.031250 0.031250
0 0.578125 0.943750 0.031250 0.031250
0 0.803125 0.725000 0.031250 0.031250
0 0.362500 0.787500 0.031250 0.031250
0 0.885938 0.746875 0.028125 0.031250
0 0.762500 0.606250 0.031250 0.031250
0 0.834375 0.900000 0.031250 0.031250
0 0.879687 0.835938 0.034375 0.034375
0 0.551562 0.859375 0.028125 0.031250
0 0.190625 0.678125 0.031250 0.031250
0 0.557813 0.917188 0.028125 0.028125
0 0.196875 0.737500 0.031250 0.031250
0 0.179688 0.381250 0.028125 0.031250
0 0.462500 0.778125 0.031250 0.031250
0 0.028125 0.615625 0.031250 0.031250
0 0.559375 0.771875 0.031250 0.031250
0 0.262500 0.734375 0.031250 0.031250
0 0.118750 0.903125 0.031250 0.031250
0 0.746875 0.637500 0.031250 0.031250
0 0.109375 0.643750 0.031250 0.031250
0 0.298438 0.412500 0.028125 0.031250
0 0.228125 0.735938 0.031250 0.028125
0 0.565625 0.621875 0.031250 0.031250
0 0.256250 0.943750 0.031250 0.031250
0 0.656250 0.909375 0.031250 0.031250
0 0.675000 0.937500 0.031250 0.031250
0 0.565625 0.828125 0.031250 0.031250
0 0.687500 0.703125 0.031250 0.031250
0 0.156250 0.296875 0.031250 0.031250
0 0.071875 0.934375 0.031250 0.031250
0 0.396875 0.784375 0.031250 0.031250
0 0.693750 0.553125 0.031250 0.031250
0 0.850000 0.690625 0.031250 0.031250
0 0.762500 0.815625 0.031250 0.031250
0 0.528125 0.773438 0.031250 0.028125
0 0.564063 0.975000 0.028125 0.031250
0 0.775000 0.784375 0.031250 0.031250
0 0.750000 0.696875 0.031250 0.031250
0 0.682813 0.643750 0.028125 0.031250
0 0.034375 0.471875 0.031250 0.031250
0 0.731250 0.668750 0.031250 0.031250
0 0.490625 0.512500 0.031250 0.031250
0 0.796875 0.665625 0.031250 0.031250
0 0.709375 0.525000 0.031250 0.031250
0 0.221875 0.618750 0.031250 0.031250
0 0.126562 0.353125 0.028125 0.031250
0 0.281250 0.821875 0.031250 0.031250
0 0.157812 0.954688 0.028125 0.028125
0 0.770312 0.726562 0.028125 0.028125
0 0.153125 0.500000 0.031250 0.031250
0 0.806250 0.946875 0.031250 0.031250
0 0.868750 0.718750 0.031250 0.031250
0 0.515625 0.450000 0.031250 0.031250
0 0.712500 0.581250 0.031250 0.031250
0 0.606250 0.737500 0.031250 0.031250
0 0.278125 0.703125 0.031250 0.031250
0 0.510938 0.950000 0.028125 0.031250
0 0.142187 0.703125 0.028125 0.031250
0 0.709375 0.937500 0.031250 0.031250
0 0.084375 0.500000 0.031250 0.031250
0 0.565625 0.418750 0.031250 0.031250
0 0.546875 0.800000 0.031250 0.031250
0 0.542188 0.535937 0.028125 0.028125
0 0.312500 0.762500 0.031250 0.031250
0 0.784375 0.693750 0.031250 0.031250
0 0.368750 0.640625 0.031250 0.031250
0 0.150000 0.771875 0.031250 0.031250
0 0.328125 0.731250 0.031250 0.031250
0 0.251563 0.556250 0.028125 0.031250
0 0.653125 0.440625 0.031250 0.031250
0 0.214062 0.829688 0.028125 0.028125
0 0.231250 0.468750 0.031250 0.031250
0 0.485938 0.659375 0.028125 0.031250
0 0.334375 0.468750 0.031250 0.031250
0 0.112500 0.840625 0.031250 0.031250
0 0.575000 0.534375 0.031250 0.031250
0 0.581250 0.796875 0.031250 0.031250
0 0.618750 0.854688 0.031250 0.028125
0 0.070312 0.792188 0.028125 0.028125
0 0.793750 0.543750 0.031250 0.031250
0 0.196875 0.800000 0.031250 0.031250
0 0.365625 0.581250 0.031250 0.031250
0 0.453125 0.868750 0.031250 0.031250
0 0.212500 0.381250 0.031250 0.031250
0 0.501563 0.628125 0.028125 0.031250
0 0.503125 0.481250 0.031250 0.031250
0 0.856250 0.750000 0.031250 0.031250
0 0.775000 0.518750 0.031250 0.031250
0 0.629687 0.618750 0.028125 0.031250
0 0.506250 0.687500 0.031250 0.031250
0 0.593750 0.765625 0.031250 0.031250
0 0.840625 0.778125 0.031250 0.031250
0 0.687500 0.495312 0.031250 0.034375
0 0.090625 0.556250 0.031250 0.031250
0 0.543750 0.948438 0.031250 0.028125
0 0.781250 0.637500 0.031250 0.031250
0 0.168750 0.468750 0.031250 0.031250
0 0.162500 0.412500 0.031250 0.031250
0 0.656250 0.500000 0.031250 0.031250
0 0.620313 0.709375 0.028125 0.031250
0 0.253125 0.617188 0.031250 0.028125
0 0.128125 0.412500 0.031250 0.031250
0 0.593750 0.562500 0.031250 0.031250
0 0.603125 0.473438 0.031250 0.028125
0 0.135937 0.734375 0.034375 0.031250
0 0.528125 0.568750 0.031250 0.031250
0 0.896875 0.965625 0.031250 0.031250
0 0.125000 0.959375 0.031250 0.031250
0 0.609375 0.532813 0.031250 0.028125
0 0.215625 0.496875 0.031250 0.031250
0 0.495312 0.570312 0.028125 0.028125
0 0.240625 0.706250 0.031250 0.031250
0 0.081250 0.440625 0.031250 0.031250
0 0.428125 0.782813 0.031250 0.028125
0 0.282813 0.440625 0.028125 0.031250
0 0.589063 0.504687 0.028125 0.028125
0 0.612500 0.793750 0.031250 0.031250
0 0.157812 0.673438 0.028125 0.028125
0 0.790625 0.487500 0.031250 0.031250
0 0.075000 0.643750 0.031250 0.031250
0 0.671875 0.731250 0.031250 0.031250
0 0.443750 0.956250 0.031250 0.031250
0 0.057813 0.354687 0.034375 0.034375
0 0.635938 0.471875 0.028125 0.031250
0 0.796875 0.812500 0.031250 0.031250
0 0.306250 0.910937 0.031250 0.028125
0 0.329688 0.787500 0.028125 0.031250
0 0.090625 0.962500 0.031250 0.031250
0 0.146875 0.439063 0.031250 0.028125
0 0.667188 0.675000 0.028125 0.031250
0 0.562500 0.564063 0.031250 0.028125
0 0.425000 0.929688 0.031250 0.028125
0 0.071875 0.528125 0.031250 0.031250
0 0.634375 0.412500 0.031250 0.031250
0 0.610938 0.943750 0.028125 0.031250
0 0.093750 0.615625 0.031250 0.031250
0 0.315625 0.440625 0.031250 0.031250
0 0.268750 0.585938 0.031250 0.028125
0 0.315625 0.381250 0.031250 0.031250
0 0.290625 0.673438 0.031250 0.028125
0 0.478125 0.542188 0.031250 0.028125
0 0.556250 0.507812 0.031250 0.028125
0 0.509375 0.745313 0.031250 0.028125
0 0.548438 0.595313 0.028125 0.028125
0 0.425000 0.517188 0.031250 0.028125
0 0.640625 0.734375 0.031250 0.031250
0 0.115625 0.440625 0.031250 0.031250
0 0.821875 0.751563 0.031250 0.028125
0 0.237500 0.915625 0.031250 0.031250
0 0.403125 0.637500 0.031250 0.031250
0 0.531250 0.421875 0.031250 0.031250
0 0.334375 0.584375 0.031250 0.031250
0 0.271875 0.646875 0.031250 0.031250
0 0.468750 0.484375 0.031250 0.031250
0 0.642188 0.940625 0.028125 0.031250
0 0.550000 0.653125 0.031250 0.031250
0 0.450000 0.603125 0.031250 0.031250
0 0.265625 0.412500 0.031250 0.031250
0 0.428125 0.365625 0.031250 0.031250
0 0.140625 0.643750 0.031250 0.031250
0 0.231250 0.356250 0.031250 0.031250
0 0.714063 0.640625 0.028125 0.031250
0 0.103125 0.790625 0.031250 0.031250
0 0.075000 0.587500 0.031250 0.031250
0 0.468750 0.631250 0.031250 0.031250
0 0.643750 0.587500 0.031250 0.031250
0 0.043750 0.384375 0.031250 0.031250
0 0.246875 0.440625 0.031250 0.031250
0 0.387500 0.668750 0.031250 0.031250
0 0.090625 0.354687 0.031250 0.034375
0 0.659375 0.556250 0.031250 0.031250
0 0.121875 0.556250 0.031250 0.031250
0 0.439063 0.900000 0.028125 0.031250
0 0.039062 0.529687 0.028125 0.028125
0 0.089063 0.818750 0.028125 0.031250
0 0.417187 0.606250 0.028125 0.031250
0 0.156250 0.556250 0.031250 0.031250
0 0.203125 0.526563 0.031250 0.028125
0 0.634375 0.678125 0.031250 0.031250
0 0.415625 0.453125 0.031250 0.031250
0 0.728125 0.553125 0.031250 0.031250
0 0.890625 0.692187 0.031250 0.034375
0 0.262500 0.354687 0.031250 0.034375
0 0.515625 0.600000 0.031250 0.031250
0 0.345313 0.759375 0.028125 0.031250
0 0.118750 0.500000 0.031250 0.031250
0 0.057813 0.557813 0.028125 0.028125
0 0.412500 0.393750 0.031250 0.031250
0 0.246875 0.381250 0.031250 0.031250
0 0.131250 0.468750 0.031250 0.031250
0 0.515625 0.393750 0.031250 0.031250
0 0.829688 0.540625 0.034375 0.031250
0 0.181250 0.439063 0.031250 0.028125
0 0.028125 0.412500 0.031250 0.031250
0 0.626563 0.765625 0.028125 0.031250
0 0.259375 0.675000 0.031250 0.031250
0 0.510938 0.540625 0.028125 0.031250
0 0.318750 0.615625 0.031250 0.031250
0 0.284375 0.556250 0.031250 0.031250
0 0.459375 0.515625 0.031250 0.031250
0 0.298438 0.470313 0.028125 0.028125
0 0.878125 0.629687 0.031250 0.034375
0 0.356250 0.671875 0.031250 0.031250
0 0.553125 0.448437 0.031250 0.028125
0 0.265625 0.470313 0.031250 0.028125
0 0.196875 0.410938 0.031250 0.028125
0 0.534375 0.831250 0.031250 0.031250
0 0.521875 0.715625 0.031250 0.031250
0 0.621875 0.501563 0.031250 0.028125
0 0.421875 0.662500 0.031250 0.031250
0 0.437500 0.484375 0.031250 0.031250
0 0.475000 0.746875 0.031250 0.031250
0 0.448437 0.809375 0.028125 0.031250
0 0.546875 0.390625 0.031250 0.031250
0 0.078125 0.846875 0.031250 0.031250
0 0.610938 0.589063 0.028125 0.028125
0 0.406250 0.487500 0.031250 0.031250
0 0.909375 0.720313 0.031250 0.034375
0 0.104688 0.526563 0.028125 0.028125
0 0.350000 0.443750 0.031250 0.031250
0 0.346875 0.325000 0.031250 0.031250
0 0.184375 0.771875 0.031250 0.031250
0 0.490625 0.718750 0.031250 0.031250
0 0.237500 0.587500 0.031250 0.031250
0 0.809375 0.512500 0.031250 0.031250
0 0.421875 0.871875 0.031250 0.031250
0 0.215625 0.440625 0.031250 0.031250
0 0.071875 0.325000 0.031250 0.031250
0 0.640625 0.528125 0.031250 0.031250
0 0.109375 0.381250 0.031250 0.031250
0 0.367188 0.845313 0.028125 0.028125
0 0.615625 0.385937 0.031250 0.034375
0 0.540625 0.890625 0.031250 0.031250
0 0.106250 0.325000 0.031250 0.031250
0 0.157812 0.617188 0.028125 0.028125
0 0.053125 0.501563 0.031250 0.028125
0 0.379688 0.454688 0.034375 0.034375
0 0.306250 0.642188 0.031250 0.028125
0 0.359375 0.728125 0.031250 0.031250
0 0.106250 0.584375 0.031250 0.031250
0 0.400000 0.578125 0.031250 0.031250
0 0.431250 0.575000 0.031250 0.031250
0 0.807813 0.782813 0.028125 0.028125
0 0.281250 0.496875 0.031250 0.031250
0 0.337500 0.642188 0.031250 0.028125
0 0.364063 0.354687 0.028125 0.028125
0 0.515625 0.803125 0.031250 0.031250
0 0.292187 0.940625 0.028125 0.031250
0 0.371875 0.698438 0.031250 0.028125
0 0.184375 0.500000 0.031250 0.031250
0 0.098437 0.468750 0.028125 0.031250
0 0.415625 0.814063 0.031250 0.028125
0 0.668750 0.468750 0.031250 0.031250
0 0.187500 0.556250 0.031250 0.031250
0 0.381250 0.325000 0.031250 0.031250
0 0.314063 0.496875 0.028125 0.031250
0 0.700000 0.671875 0.031250 0.031250
0 0.250000 0.500000 0.031250 0.031250
0 0.412500 0.959375 0.031250 0.031250
0 0.056250 0.968750 0.031250 0.031250
0 0.198437 0.470313 0.028125 0.028125
0 0.532813 0.626563 0.028125 0.028125
0 0.860938 0.659375 0.034375 0.031250
0 0.471875 0.690625 0.031250 0.031250
0 0.582812 0.650000 0.028125 0.031250
0 0.396875 0.356250 0.031250 0.031250
0 0.596875 0.971875 0.031250 0.031250
0 0.031250 0.881250 0.031250 0.031250
0 0.834375 0.965625 0.031250 0.031250
0 0.298438 0.526563 0.028125 0.028125
0 0.507812 0.893750 0.028125 0.031250
0 0.387500 0.875000 0.031250 0.031250
0 0.209375 0.325000 0.031250 0.031250
0 0.862500 0.601562 0.031250 0.034375
0 0.051562 0.295312 0.034375 0.034375
0 0.173437 0.643750 0.028125 0.031250
0 0.775000 0.964063 0.031250 0.034375
0 0.301563 0.585938 0.028125 0.028125
0 0.462500 0.365625 0.031250 0.031250
0 0.235937 0.528125 0.028125 0.031250
0 0.392188 0.932813 0.028125 0.028125
0 0.896875 0.803125 0.031250 0.031250
0 0.893750 0.660937 0.031250 0.034375
0 0.381250 0.550000 0.031250 0.031250
0 0.350000 0.612500 0.031250 0.031250
0 0.210938 0.978125 0.028125 0.031250
0 0.581250 0.387500 0.031250 0.031250
0 0.653125 0.704688 0.031250 0.028125
0 0.267188 0.526563 0.028125 0.028125
0 0.171875 0.585938 0.031250 0.028125
0 0.140625 0.585938 0.031250 0.028125
0 0.434375 0.632812 0.031250 0.028125
0 0.384375 0.609375 0.031250 0.031250
0 0.478125 0.954688 0.031250 0.028125
0 0.667188 0.406250 0.034375 0.031250
0 0.553125 0.709375 0.031250 0.031250
0 0.296875 0.792188 0.031250 0.028125
0 0.406250 0.901563 0.031250 0.028125
0 0.434375 0.840625 0.031250 0.031250
0 0.281250 0.381250 0.031250 0.031250
0 0.245312 0.325000 0.028125 0.031250
0 0.348438 0.554688 0.028125 0.028125
0 0.443750 0.334375 0.031250 0.031250
0 0.443750 0.750000 0.031250 0.031250
0 0.046875 0.443750 0.031250 0.031250
0 0.125000 0.673438 0.031250 0.028125
0 0.171875 0.528125 0.031250 0.031250
0 0.278125 0.971875 0.031250 0.031250
0 0.331250 0.526563 0.031250 0.028125
0 0.718750 0.965625 0.031250 0.031250
0 0.325000 0.939063 0.031250 0.028125
0 0.521875 0.657813 0.031250 0.028125
0 0.365625 0.412500 0.031250 0.031250
0 0.479687 0.393750 0.028125 0.031250
0 0.835938 0.867188 0.034375 0.034375
0 0.278125 0.325000 0.031250 0.031250
0 0.375000 0.485938 0.031250 0.034375
0 0.496875 0.364063 0.031250 0.034375
0 0.331250 0.414062 0.031250 0.028125
0 0.314063 0.325000 0.028125 0.031250
0 0.465625 0.837500 0.031250 0.031250
0 0.920312 0.785937 0.034375 0.034375
0 0.146875 0.381250 0.031250 0.031250
0 0.579688 0.590625 0.028125 0.031250
0 0.315625 0.556250 0.031250 0.031250
0 0.454688 0.659375 0.028125 0.031250
0 0.734375 0.460938 0.031250 0.034375
0 0.412500 0.756250 0.031250 0.031250
0 0.867188 0.878125 0.034375 0.031250
0 0.346875 0.384375 0.031250 0.031250
0 0.703125 0.464062 0.031250 0.034375
0 0.518750 0.862500 0.031250 0.031250
0 0.068750 0.470313 0.031250 0.028125
0 0.479687 0.337500 0.028125 0.031250
0 0.021875 0.503125 0.031250 0.031250
0 0.571875 0.887500 0.031250 0.031250
0 0.056250 0.821875 0.031250 0.031250
0 0.528125 0.362500 0.031250 0.031250
0 0.309375 0.970313 0.031250 0.034375
0 0.895312 0.900000 0.028125 0.031250
0 0.090625 0.671875 0.031250 0.031250
0 0.343750 0.965625 0.031250 0.031250
0 0.220312 0.557813 0.028125 0.028125
0 0.089063 0.295312 0.034375 0.034375
0 0.021875 0.970313 0.031250 0.034375
0 0.725000 0.428125 0.037500 0.037500
0 0.500000 0.423438 0.031250 0.034375
0 0.378125 0.965625 0.031250 0.031250
0 0.412500 0.548438 0.031250 0.028125
0 0.353125 0.875000 0.031250 0.031250
0 0.846875 0.570312 0.031250 0.034375
0 0.120313 0.762500 0.028125 0.031250
0 0.043750 0.850000 0.031250 0.031250
0 0.443750 0.543750 0.031250 0.031250
0 0.364063 0.296875 0.034375 0.031250
0 0.346875 0.500000 0.031250 0.031250
0 0.925000 0.820312 0.031250 0.034375
0 0.204687 0.585938 0.028125 0.028125
0 0.484375 0.454688 0.031250 0.028125
0 0.542188 0.742188 0.028125 0.028125
0 0.562500 0.359375 0.031250 0.031250
0 0.659375 0.968750 0.031250 0.031250
0 0.859375 0.806250 0.031250 0.031250
0 0.400000 0.845313 0.031250 0.028125
0 0.025000 0.559375 0.031250 0.031250
0 0.443750 0.396875 0.031250 0.031250
0 0.846875 0.837500 0.031250 0.031250
0 0.412500 0.328125 0.031250 0.031250
0 0.228125 0.295312 0.031250 0.034375
0 0.648438 0.373437 0.034375 0.034375
0 0.537500 0.684375 0.031250 0.031250
0 0.084375 0.760938 0.031250 0.028125
0 0.323437 0.671875 0.028125 0.031250
0 0.021875 0.675000 0.031250 0.031250
0 0.620313 0.353125 0.034375 0.031250
0 0.431250 0.425000 0.031250 0.031250
0 0.767188 0.460938 0.034375 0.034375
0 0.382812 0.384375 0.028125 0.031250
0 0.339062 0.907813 0.028125 0.028125
0 0.193750 0.296875 0.031250 0.031250
0 0.532813 0.978125 0.028125 0.031250
0 0.448437 0.456250 0.028125 0.031250
0 0.485938 0.867188 0.028125 0.028125
0 0.340625 0.703125 0.031250 0.031250
0 0.053125 0.762500 0.031250 0.031250
0 0.017188 0.912500 0.028125 0.031250
0 0.043750 0.584375 0.031250 0.031250
0 0.175000 0.325000 0.031250 0.031250
0 0.432812 0.298438 0.034375 0.034375
0 0.465625 0.306250 0.031250 0.031250
0 0.481250 0.806250 0.031250 0.031250
0 0.057813 0.675000 0.028125 0.031250
0 0.392188 0.725000 0.028125 0.031250
0 0.062500 0.617188 0.031250 0.028125
0 0.918750 0.750000 0.031250 0.031250
0 0.175000 0.978125 0.025000 0.025000
0 0.165625 0.743750 0.031250 0.031250
0 0.398438 0.296875 0.034375 0.031250
0 0.700000 0.403125 0.031250 0.031250
0 0.359375 0.937500 0.031250 0.031250
0 0.928125 0.946875 0.031250 0.031250
0 0.329688 0.295312 0.034375 0.034375
0 0.898438 0.867188 0.034375 0.034375
0 0.926562 0.851562 0.034375 0.034375
0 0.139063 0.326562 0.028125 0.028125
0 0.040625 0.646875 0.031250 0.031250
0 0.260937 0.295312 0.034375 0.034375
0 0.928125 0.884375 0.031250 0.031250
0 0.525000 0.329688 0.031250 0.034375
0 0.121875 0.293750 0.031250 0.031250
0 0.498437 0.978125 0.028125 0.031250
0 0.928125 0.915625 0.031250 0.031250
0 0.457813 0.720313 0.028125 0.028125
0 0.295312 0.295312 0.034375 0.034375
0 0.928125 0.978125 0.031250 0.031250
0 0.589063 0.342187 0.034375 0.034375
0 0.687500 0.978125 0.031250 0.031250
0 0.631250 0.978125 0.031250 0.031250
0 0.748437 0.978125 0.028125 0.031250
0 0.864062 0.978125 0.028125 0.025000
