0 0.075000 0.270313 0.037500 0.040625
0 0.068750 0.742188 0.037500 0.040625
0 0.084375 0.075000 0.037500 0.037500
0 0.231250 0.140625 0.037500 0.037500
0 0.104688 0.351562 0.040625 0.040625
0 0.078125 0.659375 0.037500 0.037500
0 0.050000 0.200000 0.037500 0.037500
0 0.178125 0.109375 0.037500 0.037500
0 0.068750 0.700000 0.037500 0.037500
0 0.157812 0.643750 0.034375 0.037500
0 0.093750 0.309375 0.037500 0.037500
0 0.412500 0.631250 0.037500 0.037500
0 0.209375 0.175000 0.037500 0.037500
0 0.293750 0.401562 0.037500 0.040625
0 0.156250 0.143750 0.037500 0.037500
0 0.037500 0.353125 0.037500 0.037500
0 0.081250 0.487500 0.037500 0.037500
0 0.034375 0.853125 0.037500 0.037500
0 0.178125 0.575000 0.037500 0.037500
0 0.171875 0.239063 0.037500 0.040625
0 0.068750 0.446875 0.037500 0.037500
0 0.281250 0.653125 0.037500 0.037500
0 0.104688 0.425000 0.040625 0.037500
0 0.268750 0.256250 0.037500 0.037500
0 0.381250 0.425000 0.037500 0.037500
0 0.053125 0.518750 0.037500 0.037500
0 0.134375 0.859375 0.037500 0.037500
0 0.753125 0.328125 0.031250 0.031250
0 0.103125 0.171875 0.037500 0.037500
0 0.198437 0.700000 0.034375 0.037500
0 0.035937 0.603125 0.040625 0.043750
0 0.250000 0.859375 0.037500 0.037500
0 0.300000 0.776563 0.037500 0.034375
0 0.214062 0.431250 0.040625 0.037500
0 0.203125 0.771875 0.037500 0.037500
0 0.331250 0.521875 0.037500 0.037500
0 0.159375 0.687500 0.037500 0.037500
0 0.140625 0.775000 0.037500 0.037500
0 0.209375 0.815625 0.037500 0.037500
0 0.076563 0.585938 0.040625 0.040625
0 0.251563 0.406250 0.040625 0.037500
0 0.040625 0.478125 0.037500 0.037500
0 0.237500 0.745313 0.037500 0.040625
0 0.390625 0.553125 0.037500 0.037500
0 0.196875 0.312500 0.037500 0.037500
0 0.115625 0.556250 0.037500 0.037500
0 0.206250 0.856250 0.037500 0.037500
0 0.146875 0.415625 0.037500 0.037500
0 0.776563 0.103125 0.028125 0.031250
0 0.075000 0.840625 0.037500 0.037500
0 0.206250 0.506250 0.037500 0.037500
0 0.143750 0.818750 0.037500 0.037500
0 0.795312 0.073438 0.028125 0.028125
0 0.215625 0.928125 0.037500 0.037500
0 0.729688 0.132812 0.028125 0.028125
0 0.698438 0.132812 0.028125 0.028125
0 0.745313 0.103125 0.028125 0.031250
0 0.181250 0.471875 0.037500 0.037500
0 0.140625 0.456250 0.037500 0.037500
0 0.514062 0.048438 0.028125 0.028125
0 0.417187 0.106250 0.028125 0.031250
0 0.828125 0.073438 0.031250 0.028125
0 0.500000 0.078125 0.031250 0.031250
0 0.110937 0.634375 0.040625 0.037500
0 0.842187 0.673438 0.028125 0.028125
0 0.467187 0.134375 0.028125 0.031250
0 0.714063 0.220312 0.028125 0.028125
0 0.042188 0.560937 0.040625 0.040625
0 0.760938 0.073438 0.028125 0.028125
0 0.729688 0.075000 0.028125 0.031250
0 0.367188 0.023438 0.028125 0.028125
0 0.790625 0.750000 0.031250 0.031250
0 0.059375 0.971875 0.037500 0.037500
0 0.484375 0.048438 0.031250 0.028125
0 0.807813 0.103125 0.028125 0.031250
0 0.784375 0.342187 0.031250 0.028125
0 0.807813 0.290625 0.028125 0.031250
0 0.548438 0.045312 0.028125 0.028125
0 0.623437 0.398438 0.028125 0.028125
0 0.632812 0.306250 0.028125 0.031250
0 0.418750 0.220312 0.031250 0.028125
0 0.320312 0.167187 0.028125 0.028125
0 0.698438 0.192188 0.028125 0.028125
0 0.800000 0.251563 0.031250 0.028125
0 0.828125 0.017188 0.031250 0.028125
0 0.842187 0.800000 0.028125 0.031250
0 0.520312 0.217188 0.028125 0.028125
0 0.764062 0.190625 0.028125 0.031250
0 0.682813 0.164062 0.028125 0.028125
0 0.714063 0.164062 0.028125 0.028125
0 0.435937 0.134375 0.028125 0.031250
0 0.332813 0.023438 0.028125 0.028125
0 0.620313 0.525000 0.028125 0.031250
0 0.682813 0.425000 0.028125 0.025000
0 0.482812 0.104688 0.028125 0.028125
0 0.732812 0.250000 0.028125 0.031250
0 0.795312 0.132812 0.028125 0.028125
0 0.451562 0.220312 0.028125 0.028125
0 0.335938 0.137500 0.028125 0.031250
0 0.714063 0.278125 0.028125 0.031250
0 0.567187 0.248438 0.028125 0.028125
0 0.768750 0.426563 0.031250 0.028125
0 0.745313 0.160938 0.028125 0.028125
0 0.764062 0.132812 0.028125 0.028125
0 0.617188 0.276562 0.028125 0.028125
0 0.120313 0.075000 0.028125 0.031250
0 0.832812 0.418750 0.028125 0.031250
0 0.795312 0.017188 0.028125 0.028125
0 0.778125 0.220312 0.031250 0.028125
0 0.532813 0.076563 0.028125 0.028125
0 0.748437 0.220312 0.028125 0.028125
0 0.682813 0.220312 0.028125 0.028125
0 0.401562 0.135937 0.028125 0.028125
0 0.342187 0.310937 0.028125 0.028125
0 0.664062 0.134375 0.028125 0.031250
0 0.764062 0.806250 0.028125 0.025000
0 0.826562 0.185938 0.028125 0.028125
0 0.706250 0.873437 0.025000 0.028125
0 0.650000 0.164062 0.025000 0.028125
0 0.442188 0.439063 0.028125 0.028125
0 0.465625 0.078125 0.031250 0.031250
0 0.435937 0.248438 0.028125 0.028125
0 0.810937 0.220312 0.028125 0.028125
0 0.451562 0.106250 0.028125 0.031250
0 0.590625 0.921875 0.031250 0.031250
0 0.795312 0.407813 0.028125 0.028125
0 0.567187 0.132812 0.028125 0.028125
0 0.698438 0.337500 0.028125 0.025000
0 0.704688 0.373437 0.028125 0.028125
0 0.507812 0.492188 0.028125 0.028125
0 0.650000 0.220312 0.025000 0.028125
0 0.809375 0.043750 0.031250 0.031250
0 0.760938 0.017188 0.028125 0.028125
0 0.301563 0.137500 0.028125 0.031250
0 0.521875 0.403125 0.031250 0.031250
0 0.582812 0.276562 0.028125 0.028125
0 0.696875 0.075000 0.031250 0.031250
0 0.390625 0.278125 0.031250 0.031250
0 0.617188 0.220312 0.028125 0.028125
0 0.403125 0.250000 0.031250 0.031250
0 0.614062 0.045312 0.028125 0.028125
0 0.664062 0.075000 0.028125 0.031250
0 0.821875 0.742188 0.031250 0.028125
0 0.679688 0.045312 0.028125 0.028125
0 0.373437 0.307812 0.028125 0.028125
0 0.801562 0.717187 0.028125 0.028125
0 0.385937 0.164062 0.028125 0.028125
0 0.698438 0.248438 0.028125 0.028125
0 0.779687 0.457813 0.028125 0.028125
0 0.846875 0.867188 0.025000 0.028125
0 0.745313 0.045312 0.028125 0.028125
0 0.581250 0.045312 0.025000 0.028125
0 0.453125 0.164062 0.031250 0.028125
0 0.723437 0.754687 0.028125 0.028125
0 0.481250 0.817187 0.037500 0.034375
0 0.660937 0.764062 0.028125 0.028125
0 0.707812 0.404687 0.028125 0.028125
0 0.757812 0.364063 0.028125 0.028125
0 0.826562 0.132812 0.028125 0.028125
0 0.837500 0.706250 0.031250 0.031250
0 0.353125 0.164062 0.025000 0.028125
0 0.679688 0.392188 0.028125 0.028125
0 0.712500 0.104688 0.031250 0.028125
0 0.739062 0.414062 0.028125 0.028125
0 0.517188 0.104688 0.028125 0.028125
0 0.535937 0.189062 0.028125 0.028125
0 0.817187 0.820312 0.028125 0.028125
0 0.285938 0.051562 0.028125 0.028125
0 0.289062 0.226562 0.028125 0.028125
0 0.807813 0.439063 0.028125 0.028125
0 0.518750 0.160938 0.025000 0.028125
0 0.848437 0.767188 0.028125 0.028125
0 0.650000 0.106250 0.031250 0.031250
0 0.284375 0.110937 0.031250 0.028125
0 0.670312 0.326562 0.028125 0.028125
0 0.304688 0.195312 0.028125 0.028125
0 0.267188 0.025000 0.028125 0.025000
0 0.778125 0.046875 0.031250 0.031250
0 0.779687 0.160938 0.028125 0.028125
0 0.628125 0.432812 0.025000 0.028125
0 0.757812 0.478125 0.028125 0.031250
0 0.810937 0.473438 0.028125 0.028125
0 0.779687 0.539062 0.028125 0.028125
0 0.420312 0.276562 0.028125 0.028125
0 0.762500 0.250000 0.031250 0.031250
0 0.451562 0.048438 0.028125 0.028125
0 0.729688 0.192188 0.028125 0.028125
0 0.681250 0.104688 0.031250 0.028125
0 0.598437 0.073438 0.028125 0.028125
0 0.470313 0.248438 0.028125 0.028125
0 0.793750 0.190625 0.031250 0.031250
0 0.368750 0.139063 0.031250 0.028125
0 0.534375 0.132812 0.025000 0.028125
0 0.764062 0.395313 0.028125 0.028125
0 0.270313 0.081250 0.028125 0.031250
0 0.728125 0.351562 0.031250 0.028125
0 0.251563 0.110937 0.028125 0.028125
0 0.764062 0.915625 0.028125 0.031250
0 0.432812 0.078125 0.028125 0.031250
0 0.032813 0.164062 0.028125 0.028125
0 0.153125 0.078125 0.031250 0.031250
0 0.485938 0.217188 0.028125 0.028125
0 0.326562 0.339062 0.028125 0.028125
0 0.373437 0.873437 0.028125 0.028125
0 0.198437 0.078125 0.028125 0.031250
0 0.356250 0.278125 0.031250 0.031250
0 0.712500 0.045312 0.031250 0.028125
0 0.664062 0.192188 0.028125 0.028125
0 0.550000 0.217188 0.031250 0.028125
0 0.596875 0.420312 0.025000 0.028125
0 0.660937 0.907813 0.028125 0.028125
0 0.434375 0.190625 0.031250 0.031250
0 0.050000 0.053125 0.031250 0.031250
0 0.503125 0.248438 0.025000 0.028125
0 0.268750 0.137500 0.031250 0.031250
0 0.364063 0.745313 0.028125 0.028125
0 0.598437 0.304688 0.028125 0.028125
0 0.285938 0.168750 0.028125 0.031250
0 0.673438 0.357812 0.028125 0.028125
0 0.501563 0.134375 0.028125 0.025000
0 0.137500 0.109375 0.031250 0.031250
0 0.581250 0.103125 0.025000 0.025000
0 0.564063 0.073438 0.028125 0.028125
0 0.748437 0.532813 0.028125 0.028125
0 0.846875 0.835938 0.025000 0.028125
0 0.520312 0.275000 0.028125 0.025000
0 0.582812 0.220312 0.028125 0.028125
0 0.020313 0.134375 0.028125 0.031250
0 0.379688 0.364063 0.028125 0.028125
0 0.634375 0.135937 0.031250 0.028125
0 0.321875 0.914062 0.025000 0.028125
0 0.835938 0.273438 0.028125 0.028125
0 0.175000 0.053125 0.031250 0.031250
0 0.814063 0.534375 0.028125 0.031250
0 0.373437 0.681250 0.028125 0.025000
0 0.335938 0.195312 0.028125 0.028125
0 0.351562 0.109375 0.028125 0.031250
0 0.737500 0.867188 0.025000 0.028125
0 0.768750 0.723437 0.025000 0.028125
0 0.810937 0.323437 0.028125 0.028125
0 0.748437 0.835938 0.028125 0.028125
0 0.584375 0.162500 0.031250 0.031250
0 0.354687 0.223438 0.028125 0.028125
0 0.607812 0.487500 0.028125 0.031250
0 0.021875 0.787500 0.037500 0.037500
0 0.318750 0.109375 0.031250 0.031250
0 0.468750 0.493750 0.031250 0.031250
0 0.760938 0.564063 0.028125 0.028125
0 0.617188 0.367188 0.028125 0.028125
0 0.501563 0.189062 0.028125 0.028125
0 0.601562 0.192188 0.028125 0.028125
0 0.248438 0.564063 0.028125 0.028125
0 0.300000 0.023438 0.025000 0.028125
0 0.810937 0.160938 0.028125 0.028125
0 0.235937 0.025000 0.028125 0.025000
0 0.732812 0.384375 0.028125 0.025000
0 0.540625 0.431250 0.031250 0.031250
0 0.317188 0.676562 0.028125 0.028125
0 0.467187 0.190625 0.028125 0.031250
0 0.873437 0.882812 0.028125 0.028125
0 0.629687 0.910937 0.028125 0.028125
0 0.432812 0.020313 0.028125 0.028125
0 0.503125 0.376563 0.031250 0.028125
0 0.632812 0.192188 0.028125 0.028125
0 0.717187 0.842187 0.028125 0.028125
0 0.871875 0.690625 0.031250 0.031250
0 0.728125 0.017188 0.031250 0.028125
0 0.503125 0.301563 0.025000 0.028125
0 0.293750 0.528125 0.031250 0.031250
0 0.095312 0.976562 0.028125 0.028125
0 0.215625 0.106250 0.031250 0.031250
0 0.385937 0.221875 0.028125 0.031250
0 0.601562 0.248438 0.028125 0.028125
0 0.820312 0.387500 0.028125 0.031250
0 0.742188 0.779687 0.028125 0.028125
0 0.735938 0.726562 0.028125 0.028125
0 0.540625 0.492188 0.025000 0.028125
0 0.393750 0.732812 0.025000 0.028125
0 0.270313 0.196875 0.028125 0.031250
0 0.150000 0.950000 0.031250 0.031250
0 0.454688 0.275000 0.028125 0.025000
0 0.845313 0.639062 0.028125 0.028125
0 0.639062 0.498437 0.028125 0.028125
0 0.698438 0.815625 0.028125 0.025000
0 0.632812 0.248438 0.028125 0.028125
0 0.670312 0.732812 0.028125 0.028125
0 0.789062 0.376563 0.028125 0.028125
0 0.842187 0.367188 0.028125 0.028125
0 0.128125 0.709375 0.031250 0.031250
0 0.282813 0.560937 0.028125 0.028125
0 0.643750 0.346875 0.031250 0.031250
0 0.664062 0.251563 0.028125 0.028125
0 0.817187 0.773438 0.028125 0.028125
0 0.140625 0.740625 0.031250 0.031250
0 0.068750 0.409375 0.031250 0.031250
0 0.843750 0.542188 0.025000 0.028125
0 0.192188 0.140625 0.034375 0.031250
0 0.289062 0.285938 0.028125 0.028125
0 0.398438 0.392188 0.028125 0.028125
0 0.096875 0.865625 0.031250 0.031250
0 0.404687 0.482812 0.028125 0.028125
0 0.551562 0.160938 0.028125 0.028125
0 0.193750 0.892188 0.031250 0.028125
0 0.548438 0.104688 0.028125 0.028125
0 0.487500 0.275000 0.025000 0.025000
0 0.604688 0.121875 0.028125 0.031250
0 0.368750 0.712500 0.025000 0.025000
0 0.335938 0.760938 0.028125 0.028125
0 0.551562 0.276562 0.028125 0.028125
0 0.735938 0.504687 0.028125 0.028125
0 0.470313 0.378125 0.028125 0.031250
0 0.456250 0.407813 0.025000 0.028125
0 0.081250 0.901563 0.031250 0.028125
0 0.498437 0.020313 0.028125 0.028125
0 0.817187 0.357812 0.028125 0.028125
0 0.339062 0.728125 0.028125 0.025000
0 0.835938 0.304688 0.028125 0.028125
0 0.398438 0.514062 0.028125 0.028125
0 0.664062 0.614062 0.028125 0.028125
0 0.425000 0.332813 0.025000 0.028125
0 0.359375 0.337500 0.025000 0.025000
0 0.862500 0.059375 0.031250 0.031250
0 0.346875 0.892188 0.025000 0.028125
0 0.323437 0.282813 0.028125 0.028125
0 0.409375 0.451562 0.025000 0.028125
0 0.401562 0.192188 0.028125 0.028125
0 0.117188 0.204687 0.028125 0.028125
0 0.648438 0.379688 0.028125 0.028125
0 0.535937 0.306250 0.028125 0.025000
0 0.695312 0.306250 0.028125 0.031250
0 0.873437 0.784375 0.028125 0.031250
0 0.795312 0.629687 0.028125 0.028125
0 0.403125 0.885938 0.025000 0.028125
0 0.748437 0.695312 0.028125 0.028125
0 0.589063 0.954688 0.028125 0.028125
0 0.467187 0.020313 0.028125 0.028125
0 0.276562 0.317188 0.028125 0.028125
0 0.567187 0.189062 0.028125 0.028125
0 0.364063 0.395313 0.028125 0.028125
0 0.110937 0.751563 0.028125 0.028125
0 0.801562 0.504687 0.028125 0.028125
0 0.398438 0.701562 0.028125 0.028125
0 0.235937 0.082812 0.028125 0.028125
0 0.420312 0.164062 0.028125 0.028125
0 0.501563 0.951562 0.028125 0.028125
0 0.654687 0.414062 0.028125 0.028125
0 0.795312 0.798438 0.028125 0.028125
0 0.470313 0.940625 0.028125 0.025000
0 0.556250 0.523438 0.031250 0.028125
0 0.570312 0.360938 0.028125 0.028125
0 0.601562 0.554688 0.028125 0.028125
0 0.682813 0.701562 0.028125 0.028125
0 0.626563 0.768750 0.028125 0.025000
0 0.526563 0.460938 0.028125 0.028125
0 0.301563 0.585938 0.028125 0.028125
0 0.564063 0.020313 0.028125 0.028125
0 0.695312 0.017188 0.028125 0.028125
0 0.171875 0.281250 0.031250 0.031250
0 0.639062 0.739062 0.028125 0.028125
0 0.779687 0.601562 0.028125 0.028125
0 0.112500 0.593750 0.031250 0.031250
0 0.690625 0.759375 0.025000 0.025000
0 0.489063 0.576562 0.028125 0.028125
0 0.873437 0.657813 0.028125 0.028125
0 0.614062 0.335938 0.028125 0.028125
0 0.862500 0.126562 0.031250 0.028125
0 0.159375 0.312500 0.031250 0.031250
0 0.528125 0.359375 0.031250 0.031250
0 0.635938 0.554688 0.028125 0.028125
0 0.337500 0.251563 0.025000 0.028125
0 0.817187 0.853125 0.028125 0.025000
0 0.642188 0.882812 0.028125 0.028125
0 0.745313 0.285938 0.034375 0.034375
0 0.778125 0.278125 0.031250 0.031250
0 0.717187 0.529687 0.028125 0.028125
0 0.520312 0.520312 0.028125 0.028125
0 0.650000 0.585938 0.031250 0.028125
0 0.331250 0.795312 0.025000 0.028125
0 0.282813 0.470313 0.028125 0.028125
0 0.596875 0.020313 0.025000 0.028125
0 0.040625 0.896875 0.031250 0.031250
0 0.592187 0.385937 0.028125 0.028125
0 0.676562 0.967187 0.028125 0.028125
0 0.551562 0.576562 0.028125 0.028125
0 0.239063 0.595313 0.028125 0.028125
0 0.664062 0.020313 0.028125 0.028125
0 0.384375 0.107813 0.031250 0.028125
0 0.373437 0.493750 0.028125 0.031250
0 0.729688 0.810937 0.028125 0.028125
0 0.557813 0.942187 0.028125 0.028125
0 0.162500 0.381250 0.031250 0.031250
0 0.484375 0.350000 0.031250 0.031250
0 0.204687 0.601562 0.028125 0.028125
0 0.551562 0.910937 0.028125 0.028125
0 0.084375 0.137500 0.031250 0.031250
0 0.535937 0.245312 0.028125 0.028125
0 0.031250 0.287500 0.031250 0.031250
0 0.104688 0.104688 0.028125 0.028125
0 0.309375 0.314063 0.031250 0.028125
0 0.873437 0.851562 0.028125 0.028125
0 0.332813 0.976562 0.028125 0.028125
0 0.300000 0.081250 0.031250 0.031250
0 0.529687 0.018750 0.028125 0.031250
0 0.567187 0.407813 0.028125 0.028125
0 0.832812 0.242188 0.028125 0.028125
0 0.442188 0.357812 0.028125 0.028125
0 0.585938 0.579688 0.028125 0.028125
0 0.295312 0.932813 0.028125 0.028125
0 0.171875 0.178125 0.031250 0.031250
0 0.429688 0.501563 0.028125 0.028125
0 0.782813 0.309375 0.028125 0.031250
0 0.757812 0.751563 0.028125 0.028125
0 0.610938 0.885938 0.028125 0.028125
0 0.714063 0.435937 0.028125 0.028125
0 0.251563 0.051562 0.028125 0.028125
0 0.317188 0.051562 0.028125 0.028125
0 0.695312 0.614062 0.028125 0.028125
0 0.503125 0.604688 0.025000 0.028125
0 0.835938 0.510938 0.028125 0.028125
0 0.020313 0.067187 0.028125 0.028125
0 0.070312 0.335938 0.034375 0.034375
0 0.768750 0.507812 0.025000 0.028125
0 0.423438 0.832812 0.028125 0.028125
0 0.275000 0.804688 0.031250 0.028125
0 0.142187 0.048438 0.028125 0.028125
0 0.810937 0.596875 0.028125 0.031250
0 0.143750 0.265625 0.031250 0.031250
0 0.632812 0.614062 0.028125 0.028125
0 0.065625 0.165625 0.031250 0.031250
0 0.445312 0.960938 0.028125 0.028125
0 0.442188 0.929688 0.028125 0.028125
0 0.870313 0.557813 0.028125 0.028125
0 0.498437 0.920312 0.028125 0.028125
0 0.660937 0.295312 0.028125 0.028125
0 0.345313 0.367188 0.028125 0.028125
0 0.606250 0.742188 0.025000 0.028125
0 0.676562 0.643750 0.028125 0.031250
0 0.717187 0.698438 0.028125 0.028125
0 0.551562 0.332813 0.028125 0.028125
0 0.492188 0.460938 0.028125 0.028125
0 0.340625 0.695312 0.025000 0.028125
0 0.514062 0.332813 0.028125 0.028125
0 0.873437 0.623437 0.028125 0.028125
0 0.489063 0.520312 0.028125 0.028125
0 0.142187 0.350000 0.028125 0.031250
0 0.068750 0.234375 0.031250 0.031250
0 0.714063 0.587500 0.028125 0.025000
0 0.226562 0.626563 0.028125 0.028125
0 0.867188 0.282813 0.028125 0.028125
0 0.601562 0.451562 0.028125 0.028125
0 0.096875 0.720313 0.031250 0.028125
0 0.271875 0.954688 0.031250 0.028125
0 0.160938 0.023438 0.028125 0.028125
0 0.685937 0.529687 0.028125 0.028125
0 0.810937 0.685937 0.028125 0.028125
0 0.598437 0.607812 0.028125 0.028125
0 0.535937 0.548438 0.028125 0.028125
0 0.471875 0.301563 0.025000 0.028125
0 0.587500 0.523438 0.031250 0.028125
0 0.723437 0.312500 0.028125 0.031250
0 0.368750 0.195312 0.025000 0.028125
0 0.315625 0.464062 0.031250 0.028125
0 0.310937 0.367188 0.028125 0.028125
0 0.617188 0.164062 0.028125 0.028125
0 0.817187 0.651563 0.028125 0.028125
0 0.221875 0.673438 0.031250 0.028125
0 0.842187 0.607812 0.028125 0.028125
0 0.314063 0.429688 0.028125 0.028125
0 0.084375 0.203125 0.031250 0.031250
0 0.248438 0.226562 0.028125 0.028125
0 0.695312 0.904687 0.028125 0.028125
0 0.779687 0.690625 0.028125 0.025000
0 0.846875 0.904687 0.025000 0.028125
0 0.842187 0.479687 0.028125 0.028125
0 0.117188 0.892188 0.028125 0.028125
0 0.710938 0.784375 0.028125 0.025000
0 0.100000 0.231250 0.031250 0.031250
0 0.482812 0.742188 0.028125 0.028125
0 0.764062 0.948438 0.028125 0.028125
0 0.231250 0.253125 0.031250 0.031250
0 0.043750 0.387500 0.031250 0.031250
0 0.870313 0.525000 0.028125 0.031250
0 0.748437 0.593750 0.028125 0.031250
0 0.245312 0.821875 0.028125 0.031250
0 0.504687 0.548438 0.028125 0.028125
0 0.743750 0.448437 0.025000 0.028125
0 0.620313 0.093750 0.028125 0.031250
0 0.651563 0.526563 0.028125 0.028125
0 0.106250 0.460938 0.031250 0.034375
0 0.573438 0.493750 0.028125 0.025000
0 0.695312 0.673438 0.028125 0.028125
0 0.576562 0.892188 0.028125 0.028125
0 0.435937 0.657813 0.028125 0.028125
0 0.225000 0.890625 0.031250 0.031250
0 0.564063 0.976562 0.028125 0.028125
0 0.392188 0.332813 0.028125 0.028125
0 0.068750 0.368750 0.031250 0.031250
0 0.476562 0.435937 0.028125 0.028125
0 0.103125 0.689063 0.031250 0.034375
0 0.853125 0.734375 0.031250 0.031250
0 0.867188 0.314063 0.028125 0.028125
0 0.523438 0.900000 0.028125 0.031250
0 0.729688 0.898438 0.028125 0.028125
0 0.623437 0.854688 0.028125 0.028125
0 0.351562 0.554688 0.028125 0.028125
0 0.760938 0.885938 0.028125 0.028125
0 0.237500 0.196875 0.031250 0.031250
0 0.795312 0.878125 0.028125 0.025000
0 0.109375 0.796875 0.031250 0.031250
0 0.823438 0.887500 0.028125 0.025000
0 0.071875 0.109375 0.031250 0.031250
0 0.629687 0.018750 0.028125 0.025000
0 0.339062 0.860938 0.028125 0.028125
0 0.053125 0.776563 0.031250 0.028125
0 0.215625 0.570312 0.031250 0.028125
0 0.520312 0.576562 0.028125 0.028125
0 0.118750 0.135937 0.031250 0.028125
0 0.134375 0.232813 0.031250 0.028125
0 0.153125 0.206250 0.031250 0.031250
0 0.171875 0.915625 0.031250 0.031250
0 0.171875 0.520312 0.031250 0.034375
0 0.790625 0.570312 0.031250 0.028125
0 0.401562 0.590625 0.028125 0.031250
0 0.345313 0.420312 0.028125 0.028125
0 0.617188 0.942187 0.028125 0.028125
0 0.528125 0.931250 0.025000 0.025000
0 0.581250 0.331250 0.025000 0.025000
0 0.043750 0.814063 0.031250 0.028125
0 0.431250 0.389062 0.031250 0.028125
0 0.367188 0.842187 0.028125 0.028125
0 0.632812 0.467187 0.028125 0.028125
0 0.473438 0.775000 0.028125 0.031250
0 0.704688 0.729688 0.028125 0.028125
0 0.198437 0.026562 0.028125 0.028125
0 0.792188 0.964063 0.028125 0.028125
0 0.873437 0.592187 0.028125 0.028125
0 0.257812 0.620313 0.028125 0.028125
0 0.398438 0.851562 0.028125 0.028125
0 0.195312 0.631250 0.028125 0.031250
0 0.262500 0.775000 0.031250 0.031250
0 0.679688 0.932813 0.028125 0.028125
0 0.868750 0.429688 0.031250 0.028125
0 0.839063 0.104688 0.028125 0.028125
0 0.290625 0.345313 0.025000 0.028125
0 0.848437 0.962500 0.028125 0.025000
0 0.448437 0.628125 0.028125 0.031250
0 0.290625 0.904687 0.025000 0.028125
0 0.857812 0.400000 0.028125 0.031250
0 0.648438 0.045312 0.028125 0.028125
0 0.137500 0.921875 0.031250 0.031250
0 0.489063 0.707812 0.028125 0.028125
0 0.865625 0.090625 0.031250 0.031250
0 0.326562 0.946875 0.028125 0.025000
0 0.376563 0.648438 0.028125 0.028125
0 0.057813 0.303125 0.034375 0.031250
0 0.182812 0.403125 0.028125 0.031250
0 0.470313 0.603125 0.028125 0.025000
0 0.023438 0.034375 0.028125 0.031250
0 0.253125 0.682813 0.031250 0.028125
0 0.217188 0.051562 0.028125 0.028125
0 0.032813 0.946875 0.028125 0.031250
0 0.320312 0.223438 0.028125 0.028125
0 0.253125 0.168750 0.031250 0.031250
0 0.214062 0.343750 0.028125 0.031250
0 0.226562 0.539062 0.028125 0.028125
0 0.223438 0.285938 0.028125 0.028125
0 0.192188 0.368750 0.028125 0.031250
0 0.357812 0.957812 0.028125 0.028125
0 0.821875 0.565625 0.031250 0.031250
0 0.557813 0.467187 0.028125 0.028125
0 0.132812 0.978125 0.028125 0.025000
0 0.432812 0.598437 0.028125 0.028125
0 0.404687 0.667188 0.028125 0.028125
0 0.389062 0.767188 0.028125 0.028125
0 0.218750 0.470313 0.031250 0.034375
0 0.617188 0.581250 0.028125 0.025000
0 0.868750 0.462500 0.031250 0.031250
0 0.235937 0.790625 0.028125 0.031250
0 0.871875 0.817187 0.031250 0.028125
0 0.232813 0.317188 0.028125 0.028125
0 0.301563 0.967187 0.028125 0.028125
0 0.270313 0.589063 0.028125 0.028125
0 0.370312 0.251563 0.028125 0.028125
0 0.171875 0.868750 0.031250 0.031250
0 0.218750 0.225000 0.031250 0.031250
0 0.520312 0.696875 0.028125 0.031250
0 0.173437 0.793750 0.034375 0.031250
0 0.864062 0.182812 0.028125 0.028125
0 0.050000 0.018750 0.031250 0.031250
0 0.018750 0.101562 0.031250 0.028125
0 0.482812 0.160938 0.028125 0.028125
0 0.237500 0.368750 0.031250 0.031250
0 0.110937 0.046875 0.028125 0.031250
0 0.279687 0.837500 0.028125 0.031250
0 0.489063 0.404687 0.028125 0.028125
0 0.793750 0.932813 0.025000 0.028125
0 0.335938 0.581250 0.028125 0.025000
0 0.087500 0.771875 0.031250 0.031250
0 0.420312 0.754687 0.028125 0.028125
0 0.171875 0.609375 0.031250 0.031250
0 0.417187 0.417187 0.028125 0.028125
0 0.254688 0.340625 0.028125 0.031250
0 0.434375 0.470313 0.025000 0.028125
0 0.868750 0.346875 0.031250 0.031250
0 0.842187 0.160938 0.028125 0.028125
0 0.507812 0.432812 0.028125 0.028125
0 0.260937 0.532813 0.028125 0.028125
0 0.439063 0.304688 0.028125 0.028125
0 0.273438 0.501563 0.028125 0.028125
0 0.168750 0.978125 0.031250 0.031250
0 0.175000 0.835938 0.031250 0.034375
0 0.429688 0.864062 0.028125 0.028125
0 0.148438 0.892188 0.028125 0.028125
0 0.435937 0.898438 0.028125 0.028125
0 0.473438 0.971875 0.028125 0.025000
0 0.410938 0.364063 0.028125 0.028125
0 0.168750 0.721875 0.031250 0.031250
0 0.406250 0.306250 0.025000 0.025000
0 0.281250 0.437500 0.031250 0.031250
0 0.304688 0.253125 0.028125 0.031250
0 0.467187 0.657813 0.028125 0.028125
0 0.451562 0.748437 0.028125 0.028125
0 0.096875 0.521875 0.031250 0.031250
0 0.467187 0.907813 0.028125 0.028125
0 0.196875 0.540625 0.031250 0.031250
0 0.095312 0.387500 0.028125 0.031250
0 0.048438 0.085938 0.028125 0.028125
0 0.345313 0.664062 0.028125 0.028125
0 0.340625 0.485938 0.031250 0.028125
0 0.290625 0.617188 0.025000 0.028125
0 0.285938 0.690625 0.028125 0.031250
0 0.118750 0.490625 0.031250 0.031250
0 0.037500 0.721875 0.031250 0.031250
0 0.867188 0.248438 0.028125 0.028125
0 0.306250 0.815625 0.025000 0.025000
0 0.142187 0.579688 0.028125 0.028125
0 0.862500 0.028125 0.031250 0.031250
0 0.245312 0.651563 0.028125 0.028125
0 0.173437 0.340625 0.028125 0.031250
0 0.065625 0.875000 0.031250 0.031250
0 0.570312 0.551562 0.028125 0.028125
0 0.389062 0.970313 0.028125 0.028125
0 0.617188 0.710938 0.028125 0.028125
0 0.240625 0.506250 0.031250 0.031250
0 0.559375 0.681250 0.043750 0.043750
0 0.137500 0.178125 0.031250 0.031250
0 0.573438 0.439063 0.028125 0.028125
0 0.876563 0.915625 0.028125 0.031250
0 0.189062 0.664062 0.028125 0.028125
0 0.018750 0.450000 0.031250 0.031250
0 0.567187 0.304688 0.028125 0.028125
0 0.789062 0.826562 0.028125 0.028125
0 0.820312 0.948438 0.028125 0.028125
0 0.042188 0.256250 0.034375 0.031250
0 0.532813 0.962500 0.028125 0.025000
0 0.367188 0.525000 0.028125 0.031250
0 0.765625 0.981250 0.025000 0.025000
0 0.057813 0.925000 0.028125 0.031250
0 0.456250 0.331250 0.025000 0.025000
0 0.131250 0.521875 0.031250 0.031250
0 0.178125 0.434375 0.031250 0.031250
0 0.264062 0.715625 0.028125 0.031250
0 0.078125 0.548438 0.031250 0.028125
0 0.079687 0.037500 0.028125 0.031250
0 0.329688 0.395313 0.028125 0.028125
0 0.346875 0.454688 0.031250 0.028125
0 0.240625 0.953125 0.031250 0.031250
0 0.109375 0.262500 0.031250 0.031250
0 0.634375 0.826562 0.025000 0.028125
0 0.276562 0.745313 0.028125 0.028125
0 0.184375 0.946875 0.031250 0.031250
0 0.268750 0.370312 0.031250 0.028125
0 0.117188 0.951562 0.028125 0.028125
0 0.839063 0.337500 0.028125 0.025000
0 0.189062 0.206250 0.028125 0.031250
0 0.545312 0.384375 0.028125 0.031250
0 0.250000 0.443750 0.031250 0.031250
0 0.198437 0.737500 0.028125 0.031250
0 0.445312 0.810937 0.028125 0.028125
0 0.140625 0.610938 0.031250 0.028125
0 0.215625 0.393750 0.031250 0.031250
0 0.651563 0.948438 0.028125 0.028125
0 0.084375 0.943750 0.031250 0.031250
0 0.251563 0.476562 0.028125 0.028125
0 0.128125 0.292187 0.031250 0.028125
0 0.735938 0.964063 0.028125 0.028125
0 0.304688 0.495312 0.028125 0.028125
0 0.773438 0.851562 0.028125 0.028125
0 0.595313 0.773438 0.028125 0.028125
0 0.043750 0.671875 0.031250 0.031250
0 0.729688 0.560937 0.028125 0.028125
0 0.876563 0.978125 0.028125 0.025000
0 0.414062 0.948438 0.028125 0.028125
0 0.200000 0.265625 0.031250 0.031250
0 0.254688 0.292187 0.028125 0.028125
0 0.378125 0.460938 0.031250 0.028125
0 0.128125 0.323437 0.031250 0.028125
0 0.442188 0.779687 0.028125 0.028125
0 0.128125 0.665625 0.031250 0.031250
0 0.335938 0.829688 0.028125 0.028125
0 0.314063 0.554688 0.028125 0.028125
0 0.150000 0.493750 0.031250 0.031250
0 0.109375 0.828125 0.031250 0.031250
0 0.128125 0.381250 0.031250 0.031250
0 0.492188 0.889062 0.028125 0.028125
0 0.040625 0.423438 0.031250 0.028125
0 0.543750 0.814063 0.031250 0.028125
0 0.054688 0.135937 0.028125 0.028125
0 0.075000 0.803125 0.031250 0.031250
0 0.307812 0.742188 0.028125 0.028125
0 0.351562 0.925000 0.028125 0.025000
0 0.207813 0.964063 0.028125 0.028125
0 0.517188 0.867188 0.028125 0.028125
0 0.867188 0.215625 0.028125 0.031250
0 0.842187 0.448437 0.028125 0.028125
0 0.376563 0.614062 0.028125 0.028125
0 0.462500 0.462500 0.025000 0.025000
0 0.151562 0.546875 0.028125 0.031250
0 0.253125 0.928125 0.031250 0.031250
0 0.314063 0.710938 0.028125 0.028125
0 0.032813 0.753125 0.028125 0.031250
0 0.104688 0.923438 0.028125 0.028125
0 0.875000 0.946875 0.031250 0.031250
0 0.320312 0.642188 0.028125 0.028125
0 0.018750 0.693750 0.031250 0.031250
0 0.073438 0.621875 0.028125 0.031250
0 0.360938 0.809375 0.028125 0.025000
0 0.873437 0.754687 0.028125 0.028125
0 0.046875 0.640625 0.031250 0.031250
0 0.487500 0.634375 0.025000 0.025000
0 0.423438 0.535937 0.028125 0.028125
0 0.562500 0.776563 0.031250 0.028125
0 0.535937 0.607812 0.028125 0.028125
0 0.531250 0.784375 0.031250 0.031250
0 0.021875 0.318750 0.031250 0.031250
0 0.360938 0.778125 0.028125 0.025000
0 0.870313 0.493750 0.028125 0.025000
0 0.818750 0.981250 0.025000 0.025000
0 0.514062 0.837500 0.028125 0.031250
0 0.670312 0.556250 0.028125 0.031250
0 0.506250 0.790625 0.031250 0.031250
0 0.171875 0.754687 0.031250 0.028125
0 0.454688 0.573438 0.028125 0.028125
0 0.018750 0.506250 0.031250 0.031250
0 0.789062 0.660937 0.028125 0.028125
0 0.234375 0.707812 0.031250 0.028125
0 0.775000 0.775000 0.025000 0.025000
0 0.414062 0.050000 0.028125 0.025000
0 0.457813 0.845313 0.028125 0.028125
0 0.657813 0.446875 0.028125 0.025000
0 0.709375 0.981250 0.025000 0.025000
0 0.378125 0.907813 0.025000 0.028125
0 0.257812 0.893750 0.028125 0.031250
0 0.314063 0.879687 0.028125 0.028125
0 0.017188 0.917188 0.028125 0.028125
0 0.418750 0.979688 0.025000 0.021875
0 0.017188 0.978125 0.034375 0.031250
0 0.323437 0.609375 0.028125 0.025000
0 0.398438 0.078125 0.028125 0.031250
0 0.509375 0.759375 0.025000 0.025000
0 0.676562 0.792188 0.028125 0.028125
0 0.114062 0.012500 0.028125 0.025000
0 0.390625 0.821875 0.025000 0.025000
0 0.521875 0.662500 0.031250 0.031250
0 0.729688 0.618750 0.028125 0.025000
0 0.018750 0.228125 0.037500 0.037500
0 0.620313 0.971875 0.028125 0.025000
0 0.648438 0.795312 0.028125 0.028125
0 0.414062 0.798438 0.028125 0.028125
