0 0.151562 0.134375 0.040625 0.037500
0 0.831250 0.228125 0.037500 0.037500
0 0.131250 0.298438 0.037500 0.034375
0 0.720313 0.071875 0.040625 0.037500
0 0.698438 0.110937 0.040625 0.040625
0 0.112500 0.150000 0.043750 0.043750
0 0.584375 0.103125 0.037500 0.037500
0 0.267188 0.134375 0.034375 0.037500
0 0.645312 0.064062 0.040625 0.040625
0 0.909375 0.121875 0.037500 0.037500
0 0.189062 0.106250 0.040625 0.037500
0 0.423438 0.157812 0.040625 0.040625
0 0.592187 0.207813 0.040625 0.040625
0 0.221875 0.081250 0.037500 0.037500
0 0.046875 0.187500 0.037500 0.037500
0 0.182812 0.065625 0.040625 0.037500
0 0.262500 0.317188 0.037500 0.040625
0 0.140625 0.228125 0.037500 0.037500
0 0.217188 0.040625 0.040625 0.037500
0 0.128125 0.189062 0.037500 0.040625
0 0.800000 0.096875 0.037500 0.037500
0 0.387500 0.304688 0.037500 0.040625
0 0.471875 0.078125 0.037500 0.037500
0 0.143750 0.050000 0.043750 0.043750
0 0.110937 0.078125 0.040625 0.037500
0 0.559375 0.131250 0.037500 0.037500
0 0.226562 0.128125 0.040625 0.043750
0 0.709375 0.275000 0.037500 0.037500
0 0.348438 0.137500 0.040625 0.037500
0 0.150000 0.092188 0.037500 0.040625
0 0.082812 0.107813 0.040625 0.040625
0 0.231250 0.251563 0.037500 0.040625
0 0.062500 0.337500 0.037500 0.037500
0 0.867188 0.128125 0.040625 0.037500
0 0.354687 0.067187 0.040625 0.040625
0 0.370312 0.206250 0.040625 0.037500
0 0.218750 0.320312 0.037500 0.040625
0 0.659375 0.025000 0.037500 0.037500
0 0.765625 0.237500 0.037500 0.037500
0 0.706250 0.151562 0.037500 0.040625
0 0.070312 0.148438 0.040625 0.040625
0 0.112500 0.459375 0.037500 0.037500
0 0.140625 0.362500 0.037500 0.037500
0 0.176563 0.204687 0.040625 0.040625
0 0.490625 0.454688 0.037500 0.040625
0 0.040625 0.118750 0.037500 0.037500
0 0.414062 0.040625 0.040625 0.037500
0 0.310937 0.132812 0.040625 0.040625
0 0.643750 0.193750 0.037500 0.037500
0 0.587500 0.365625 0.037500 0.037500
0 0.087500 0.184375 0.037500 0.037500
0 0.428125 0.293750 0.037500 0.037500
0 0.243750 0.212500 0.037500 0.037500
0 0.598437 0.251563 0.040625 0.040625
0 0.809375 0.368750 0.037500 0.037500
0 0.176563 0.248438 0.040625 0.040625
0 0.910937 0.218750 0.040625 0.037500
0 0.528125 0.321875 0.037500 0.037500
0 0.412500 0.396875 0.037500 0.037500
0 0.545312 0.092188 0.040625 0.040625
0 0.668750 0.510938 0.037500 0.034375
0 0.656250 0.104688 0.037500 0.040625
0 0.464062 0.148438 0.040625 0.040625
0 0.501563 0.290625 0.040625 0.037500
0 0.270313 0.067187 0.040625 0.040625
0 0.414062 0.198437 0.040625 0.040625
0 0.814063 0.185938 0.040625 0.040625
0 0.798438 0.137500 0.040625 0.037500
0 0.209375 0.392188 0.037500 0.040625
0 0.431250 0.078125 0.037500 0.037500
0 0.373437 0.104688 0.040625 0.040625
0 0.487500 0.114062 0.037500 0.040625
0 0.553125 0.196875 0.037500 0.037500
0 0.096875 0.359375 0.037500 0.037500
0 0.034375 0.273438 0.037500 0.040625
0 0.310937 0.073438 0.040625 0.040625
0 0.326562 0.201563 0.040625 0.040625
0 0.653125 0.337500 0.037500 0.037500
0 0.685937 0.310937 0.040625 0.040625
0 0.415625 0.115625 0.037500 0.037500
0 0.829688 0.065625 0.040625 0.037500
0 0.296875 0.292187 0.037500 0.040625
0 0.178125 0.025000 0.037500 0.037500
0 0.545312 0.045312 0.040625 0.040625
0 0.285938 0.201563 0.040625 0.040625
0 0.356250 0.365625 0.037500 0.037500
0 0.809375 0.296875 0.037500 0.037500
0 0.298438 0.034375 0.040625 0.043750
0 0.812500 0.412500 0.037500 0.037500
0 0.493750 0.217188 0.037500 0.040625
0 0.501563 0.048438 0.040625 0.040625
0 0.609375 0.168750 0.037500 0.037500
0 0.048438 0.042188 0.040625 0.040625
0 0.073438 0.256250 0.040625 0.037500
0 0.646875 0.409375 0.037500 0.037500
0 0.306250 0.239063 0.043750 0.040625
0 0.854688 0.032813 0.040625 0.040625
0 0.775000 0.390625 0.037500 0.037500
0 0.190625 0.148438 0.037500 0.040625
0 0.203125 0.281250 0.037500 0.037500
0 0.303125 0.484375 0.037500 0.037500
0 0.314063 0.378125 0.040625 0.037500
0 0.331250 0.515625 0.037500 0.037500
0 0.276562 0.357812 0.040625 0.040625
0 0.251563 0.170313 0.040625 0.040625
0 0.450000 0.220312 0.037500 0.040625
0 0.350000 0.242188 0.037500 0.040625
0 0.254688 0.025000 0.040625 0.043750
0 0.762500 0.078125 0.037500 0.037500
0 0.715625 0.340625 0.037500 0.037500
0 0.743750 0.173437 0.037500 0.040625
0 0.846875 0.598437 0.025000 0.028125
0 0.512500 0.359375 0.037500 0.037500
0 0.585938 0.032813 0.040625 0.040625
0 0.879687 0.279687 0.028125 0.028125
0 0.882812 0.710938 0.028125 0.028125
0 0.726562 0.031250 0.040625 0.037500
0 0.815625 0.654687 0.025000 0.028125
0 0.857812 0.253125 0.028125 0.031250
0 0.075000 0.464062 0.031250 0.028125
0 0.065625 0.743750 0.025000 0.025000
0 0.879687 0.598437 0.028125 0.028125
0 0.167187 0.689063 0.028125 0.028125
0 0.089063 0.604688 0.028125 0.028125
0 0.948438 0.707812 0.028125 0.028125
0 0.848437 0.710938 0.028125 0.028125
0 0.675000 0.473438 0.025000 0.028125
0 0.682813 0.654687 0.028125 0.028125
0 0.151562 0.717187 0.028125 0.028125
0 0.135937 0.689063 0.028125 0.028125
0 0.803125 0.790625 0.025000 0.025000
0 0.167187 0.798438 0.028125 0.028125
0 0.185938 0.717187 0.028125 0.028125
0 0.212500 0.185938 0.037500 0.040625
0 0.051562 0.717187 0.028125 0.028125
0 0.084375 0.396875 0.031250 0.031250
0 0.067187 0.798438 0.028125 0.028125
0 0.864062 0.681250 0.028125 0.025000
0 0.301563 0.576562 0.028125 0.028125
0 0.709375 0.189062 0.031250 0.028125
0 0.082812 0.717187 0.028125 0.028125
0 0.848437 0.654687 0.028125 0.028125
0 0.748437 0.654687 0.028125 0.028125
0 0.167187 0.743750 0.028125 0.025000
0 0.589063 0.326562 0.028125 0.028125
0 0.135937 0.632812 0.028125 0.028125
0 0.871875 0.376563 0.025000 0.028125
0 0.895312 0.570312 0.028125 0.028125
0 0.962500 0.500000 0.031250 0.031250
0 0.915625 0.710938 0.025000 0.028125
0 0.934375 0.789062 0.025000 0.028125
0 0.964063 0.679688 0.028125 0.028125
0 0.764062 0.571875 0.028125 0.025000
0 0.059375 0.437500 0.031250 0.031250
0 0.682813 0.426563 0.028125 0.028125
0 0.039062 0.576562 0.028125 0.028125
0 0.882812 0.764062 0.028125 0.028125
0 0.101562 0.743750 0.028125 0.025000
0 0.185938 0.442188 0.028125 0.028125
0 0.817187 0.764062 0.028125 0.028125
0 0.201563 0.798438 0.028125 0.028125
0 0.864062 0.626563 0.028125 0.028125
0 0.567187 0.514062 0.028125 0.028125
0 0.729688 0.435937 0.028125 0.028125
0 0.710938 0.376563 0.028125 0.028125
0 0.118750 0.717187 0.025000 0.028125
0 0.375000 0.031250 0.037500 0.037500
0 0.435937 0.460938 0.028125 0.028125
0 0.518750 0.767188 0.025000 0.028125
0 0.335938 0.795312 0.028125 0.028125
0 0.082812 0.770312 0.028125 0.028125
0 0.090625 0.492188 0.031250 0.028125
0 0.453125 0.109375 0.031250 0.031250
0 0.960938 0.570312 0.028125 0.028125
0 0.667188 0.571875 0.028125 0.025000
0 0.835938 0.790625 0.028125 0.025000
0 0.932813 0.514062 0.028125 0.028125
0 0.942187 0.542188 0.028125 0.028125
0 0.873437 0.310937 0.028125 0.028125
0 0.593750 0.293750 0.031250 0.031250
0 0.606250 0.064062 0.031250 0.034375
0 0.154688 0.431250 0.028125 0.031250
0 0.879687 0.654687 0.028125 0.028125
0 0.220312 0.607812 0.028125 0.028125
0 0.848437 0.289062 0.028125 0.028125
0 0.185938 0.607812 0.028125 0.028125
0 0.643750 0.153125 0.031250 0.031250
0 0.701562 0.629687 0.028125 0.028125
0 0.917188 0.764062 0.028125 0.028125
0 0.284375 0.768750 0.025000 0.025000
0 0.137500 0.578125 0.031250 0.031250
0 0.029687 0.795312 0.028125 0.028125
0 0.898438 0.681250 0.028125 0.025000
0 0.848437 0.460938 0.028125 0.028125
0 0.800000 0.250000 0.031250 0.031250
0 0.931250 0.681250 0.025000 0.025000
0 0.034375 0.685937 0.025000 0.028125
0 0.932813 0.735938 0.028125 0.028125
0 0.104688 0.632812 0.028125 0.028125
0 0.301563 0.742188 0.028125 0.028125
0 0.867188 0.790625 0.028125 0.025000
0 0.929688 0.571875 0.028125 0.025000
0 0.335938 0.685937 0.028125 0.028125
0 0.667188 0.682813 0.028125 0.028125
0 0.585938 0.712500 0.028125 0.025000
0 0.268750 0.576562 0.025000 0.028125
0 0.831250 0.626563 0.025000 0.028125
0 0.154688 0.607812 0.028125 0.028125
0 0.040625 0.229687 0.031250 0.034375
0 0.701562 0.573438 0.028125 0.028125
0 0.098437 0.798438 0.028125 0.028125
0 0.170313 0.632812 0.028125 0.028125
0 0.426563 0.429688 0.028125 0.028125
0 0.701562 0.454688 0.028125 0.028125
0 0.864062 0.571875 0.028125 0.025000
0 0.395313 0.426563 0.028125 0.028125
0 0.798438 0.571875 0.028125 0.025000
0 0.575000 0.165625 0.031250 0.031250
0 0.764062 0.628125 0.028125 0.025000
0 0.862500 0.165625 0.031250 0.031250
0 0.798438 0.628125 0.028125 0.025000
0 0.601562 0.400000 0.028125 0.031250
0 0.632812 0.515625 0.028125 0.031250
0 0.123438 0.548438 0.028125 0.028125
0 0.201563 0.742188 0.028125 0.028125
0 0.784375 0.817187 0.025000 0.028125
0 0.667188 0.628125 0.028125 0.025000
0 0.170313 0.576562 0.028125 0.028125
0 0.457813 0.439063 0.028125 0.028125
0 0.614062 0.429688 0.028125 0.028125
0 0.684375 0.543750 0.031250 0.031250
0 0.581250 0.426563 0.025000 0.028125
0 0.967187 0.242188 0.028125 0.028125
0 0.092188 0.548438 0.028125 0.028125
0 0.212500 0.457813 0.025000 0.028125
0 0.296875 0.518750 0.031250 0.031250
0 0.779687 0.601562 0.028125 0.028125
0 0.514062 0.426563 0.028125 0.028125
0 0.534375 0.739062 0.025000 0.028125
0 0.710938 0.409375 0.028125 0.031250
0 0.139063 0.523438 0.028125 0.028125
0 0.551562 0.767188 0.028125 0.028125
0 0.685937 0.764062 0.028125 0.028125
0 0.904687 0.495312 0.028125 0.028125
0 0.385937 0.768750 0.028125 0.025000
0 0.117188 0.392188 0.028125 0.028125
0 0.401562 0.795312 0.028125 0.028125
0 0.784375 0.764062 0.025000 0.028125
0 0.895312 0.626563 0.028125 0.028125
0 0.328125 0.343750 0.031250 0.031250
0 0.670312 0.792188 0.028125 0.028125
0 0.768750 0.793750 0.025000 0.025000
0 0.782813 0.654687 0.028125 0.028125
0 0.317188 0.714063 0.028125 0.028125
0 0.582812 0.654687 0.028125 0.028125
0 0.634375 0.571875 0.025000 0.025000
0 0.946875 0.125000 0.031250 0.031250
0 0.757812 0.451562 0.028125 0.028125
0 0.671875 0.275000 0.031250 0.031250
0 0.420312 0.767188 0.028125 0.028125
0 0.864062 0.735938 0.028125 0.028125
0 0.717187 0.654687 0.028125 0.028125
0 0.756250 0.418750 0.031250 0.031250
0 0.618750 0.345313 0.031250 0.028125
0 0.275000 0.395313 0.031250 0.028125
0 0.284375 0.717187 0.025000 0.028125
0 0.201563 0.689063 0.028125 0.028125
0 0.779687 0.545312 0.028125 0.028125
0 0.976562 0.598437 0.028125 0.028125
0 0.534375 0.795312 0.025000 0.028125
0 0.732812 0.628125 0.028125 0.031250
0 0.701562 0.682813 0.028125 0.028125
0 0.073438 0.576562 0.028125 0.028125
0 0.368750 0.796875 0.025000 0.025000
0 0.042188 0.520312 0.028125 0.028125
0 0.831250 0.571875 0.025000 0.025000
0 0.351562 0.546875 0.028125 0.031250
0 0.482812 0.417187 0.028125 0.028125
0 0.067187 0.689063 0.028125 0.028125
0 0.057813 0.492188 0.028125 0.028125
0 0.335938 0.742188 0.028125 0.028125
0 0.910937 0.598437 0.028125 0.028125
0 0.251563 0.715625 0.028125 0.025000
0 0.889062 0.248438 0.028125 0.028125
0 0.789062 0.467187 0.028125 0.028125
0 0.451562 0.407813 0.028125 0.028125
0 0.635938 0.792188 0.028125 0.028125
0 0.935937 0.482812 0.028125 0.028125
0 0.778125 0.275000 0.031250 0.031250
0 0.034375 0.360938 0.031250 0.028125
0 0.103125 0.689063 0.025000 0.028125
0 0.104688 0.578125 0.028125 0.031250
0 0.071875 0.632812 0.025000 0.028125
0 0.154688 0.551562 0.028125 0.028125
0 0.334375 0.462500 0.031250 0.031250
0 0.851562 0.764062 0.028125 0.028125
0 0.829688 0.265625 0.028125 0.031250
0 0.123438 0.604688 0.028125 0.028125
0 0.242188 0.445312 0.028125 0.028125
0 0.551562 0.712500 0.028125 0.025000
0 0.462500 0.312500 0.031250 0.031250
0 0.945312 0.598437 0.028125 0.028125
0 0.898438 0.735938 0.028125 0.028125
0 0.242188 0.476562 0.028125 0.028125
0 0.317188 0.768750 0.028125 0.025000
0 0.301563 0.685937 0.028125 0.028125
0 0.203125 0.634375 0.025000 0.025000
0 0.054688 0.660937 0.028125 0.028125
0 0.123438 0.492188 0.028125 0.028125
0 0.767188 0.200000 0.028125 0.031250
0 0.951562 0.760938 0.028125 0.028125
0 0.451562 0.545312 0.028125 0.028125
0 0.214062 0.426563 0.028125 0.028125
0 0.746875 0.268750 0.031250 0.031250
0 0.485938 0.767188 0.028125 0.028125
0 0.732812 0.682813 0.028125 0.028125
0 0.435937 0.795312 0.028125 0.028125
0 0.268750 0.689063 0.025000 0.028125
0 0.673438 0.168750 0.028125 0.031250
0 0.057813 0.548438 0.028125 0.028125
0 0.704688 0.220312 0.028125 0.028125
0 0.182812 0.473438 0.028125 0.028125
0 0.253125 0.607812 0.025000 0.028125
0 0.765625 0.682813 0.025000 0.028125
0 0.301563 0.795312 0.028125 0.028125
0 0.867188 0.067187 0.034375 0.034375
0 0.551562 0.820312 0.028125 0.028125
0 0.296875 0.328125 0.031250 0.031250
0 0.150000 0.770312 0.025000 0.028125
0 0.117188 0.773438 0.028125 0.028125
0 0.917188 0.815625 0.028125 0.025000
0 0.109375 0.250000 0.031250 0.031250
0 0.523438 0.126562 0.034375 0.034375
0 0.335938 0.576562 0.028125 0.028125
0 0.134375 0.743750 0.025000 0.025000
0 0.690625 0.043750 0.031250 0.031250
0 0.057813 0.604688 0.028125 0.028125
0 0.776563 0.353125 0.028125 0.031250
0 0.107813 0.520312 0.028125 0.028125
0 0.567187 0.739062 0.028125 0.028125
0 0.621875 0.093750 0.031250 0.031250
0 0.073438 0.520312 0.028125 0.028125
0 0.560937 0.339062 0.028125 0.028125
0 0.518750 0.712500 0.025000 0.025000
0 0.734375 0.792188 0.025000 0.028125
0 0.503125 0.793750 0.025000 0.025000
0 0.732812 0.573438 0.028125 0.028125
0 0.385937 0.821875 0.028125 0.025000
0 0.040625 0.632812 0.025000 0.028125
0 0.023438 0.601562 0.028125 0.028125
0 0.564063 0.304688 0.028125 0.028125
0 0.532813 0.514062 0.028125 0.028125
0 0.745313 0.362500 0.028125 0.031250
0 0.243750 0.410938 0.031250 0.028125
0 0.468750 0.795312 0.025000 0.028125
0 0.451562 0.489063 0.028125 0.028125
0 0.932813 0.246875 0.028125 0.031250
0 0.831250 0.682813 0.025000 0.028125
0 0.165625 0.284375 0.031250 0.031250
0 0.406250 0.265625 0.031250 0.031250
0 0.817187 0.817187 0.028125 0.028125
0 0.659375 0.226562 0.031250 0.028125
0 0.651563 0.764062 0.028125 0.028125
0 0.393750 0.071875 0.037500 0.037500
0 0.842187 0.321875 0.028125 0.031250
0 0.815625 0.448437 0.031250 0.028125
0 0.679688 0.392188 0.028125 0.028125
0 0.418750 0.821875 0.025000 0.025000
0 0.517188 0.543750 0.028125 0.025000
0 0.251563 0.770312 0.028125 0.028125
0 0.621875 0.375000 0.031250 0.031250
0 0.928125 0.151562 0.031250 0.028125
0 0.685937 0.710938 0.028125 0.028125
0 0.818750 0.479687 0.025000 0.028125
0 0.601562 0.628125 0.028125 0.025000
0 0.901563 0.790625 0.028125 0.025000
0 0.751563 0.331250 0.028125 0.031250
0 0.217188 0.717187 0.028125 0.028125
0 0.595313 0.137500 0.028125 0.031250
0 0.667188 0.737500 0.028125 0.025000
0 0.268750 0.743750 0.025000 0.025000
0 0.682813 0.601562 0.028125 0.028125
0 0.090625 0.312500 0.031250 0.031250
0 0.620313 0.310937 0.028125 0.028125
0 0.087500 0.660937 0.025000 0.028125
0 0.748437 0.601562 0.028125 0.028125
0 0.518750 0.818750 0.025000 0.025000
0 0.717187 0.601562 0.028125 0.028125
0 0.943750 0.181250 0.031250 0.031250
0 0.179688 0.410938 0.028125 0.028125
0 0.182812 0.770312 0.028125 0.028125
0 0.120313 0.660937 0.028125 0.028125
0 0.967187 0.735938 0.028125 0.028125
0 0.651563 0.710938 0.028125 0.028125
0 0.870313 0.221875 0.028125 0.031250
0 0.151562 0.660937 0.028125 0.028125
0 0.735938 0.207813 0.028125 0.028125
0 0.150000 0.398438 0.031250 0.028125
0 0.151562 0.328125 0.028125 0.031250
0 0.748437 0.710938 0.028125 0.028125
0 0.062500 0.375000 0.031250 0.031250
0 0.360938 0.426563 0.028125 0.028125
0 0.237500 0.579688 0.025000 0.028125
0 0.073438 0.071875 0.034375 0.031250
0 0.560937 0.457813 0.028125 0.028125
0 0.268750 0.634375 0.025000 0.025000
0 0.800000 0.737500 0.025000 0.025000
0 0.175000 0.378125 0.031250 0.031250
0 0.270313 0.795312 0.028125 0.028125
0 0.103125 0.215625 0.031250 0.031250
0 0.812500 0.334375 0.031250 0.031250
0 0.350000 0.714063 0.025000 0.028125
0 0.048438 0.770312 0.028125 0.028125
0 0.140625 0.262500 0.031250 0.031250
0 0.878125 0.342187 0.031250 0.028125
0 0.625000 0.281250 0.031250 0.031250
0 0.189062 0.550000 0.028125 0.025000
0 0.814063 0.598437 0.028125 0.028125
0 0.351562 0.292187 0.028125 0.028125
0 0.367188 0.457813 0.028125 0.028125
0 0.946875 0.015625 0.031250 0.031250
0 0.757812 0.298438 0.028125 0.028125
0 0.751563 0.817187 0.028125 0.028125
0 0.326562 0.429688 0.028125 0.028125
0 0.585938 0.820312 0.028125 0.028125
0 0.453125 0.821875 0.025000 0.025000
0 0.567187 0.682813 0.028125 0.028125
0 0.976562 0.273438 0.028125 0.028125
0 0.068750 0.290625 0.031250 0.031250
0 0.717187 0.710938 0.028125 0.028125
0 0.301563 0.446875 0.028125 0.031250
0 0.535937 0.400000 0.028125 0.031250
0 0.785937 0.025000 0.028125 0.031250
0 0.401562 0.742188 0.028125 0.028125
0 0.904687 0.301563 0.028125 0.028125
0 0.342187 0.401562 0.028125 0.028125
0 0.385937 0.140625 0.034375 0.031250
0 0.042188 0.464062 0.028125 0.028125
0 0.121875 0.421875 0.031250 0.031250
0 0.528125 0.456250 0.031250 0.031250
0 0.910937 0.270313 0.028125 0.028125
0 0.907813 0.332813 0.028125 0.028125
0 0.685937 0.245312 0.028125 0.028125
0 0.656250 0.375000 0.031250 0.031250
0 0.832812 0.737500 0.028125 0.025000
0 0.517188 0.187500 0.028125 0.031250
0 0.442188 0.371875 0.028125 0.031250
0 0.968750 0.040625 0.031250 0.031250
0 0.645312 0.484375 0.028125 0.031250
0 0.585938 0.767188 0.028125 0.028125
0 0.385937 0.485938 0.028125 0.028125
0 0.570312 0.398438 0.028125 0.028125
0 0.503125 0.151562 0.031250 0.028125
0 0.678125 0.200000 0.031250 0.031250
0 0.890625 0.045312 0.031250 0.034375
0 0.565625 0.231250 0.031250 0.031250
0 0.840625 0.387500 0.031250 0.031250
0 0.289062 0.165625 0.034375 0.031250
0 0.356250 0.325000 0.031250 0.031250
0 0.618750 0.601562 0.025000 0.028125
0 0.967187 0.789062 0.028125 0.028125
0 0.651563 0.820312 0.028125 0.028125
0 0.118750 0.112500 0.031250 0.031250
0 0.731250 0.470313 0.025000 0.028125
0 0.207813 0.492188 0.028125 0.028125
0 0.567187 0.628125 0.028125 0.025000
0 0.401562 0.457813 0.028125 0.028125
0 0.451562 0.767188 0.028125 0.028125
0 0.626563 0.126562 0.034375 0.034375
0 0.701562 0.737500 0.028125 0.025000
0 0.018750 0.393750 0.037500 0.037500
0 0.650000 0.601562 0.025000 0.028125
0 0.603125 0.792188 0.025000 0.028125
0 0.034375 0.742188 0.025000 0.028125
0 0.881250 0.193750 0.031250 0.031250
0 0.467187 0.517188 0.028125 0.028125
0 0.232813 0.798438 0.028125 0.028125
0 0.682813 0.359375 0.028125 0.031250
0 0.681250 0.076563 0.031250 0.034375
0 0.082812 0.826562 0.028125 0.028125
0 0.464062 0.278125 0.028125 0.031250
0 0.132812 0.798438 0.028125 0.028125
0 0.962500 0.153125 0.031250 0.031250
0 0.634375 0.628125 0.025000 0.025000
0 0.264062 0.523438 0.028125 0.028125
0 0.901563 0.367188 0.028125 0.028125
0 0.204687 0.579688 0.028125 0.028125
0 0.643750 0.253125 0.031250 0.031250
0 0.912500 0.181250 0.031250 0.031250
0 0.317188 0.821875 0.028125 0.025000
0 0.964063 0.465625 0.028125 0.031250
0 0.781250 0.320312 0.031250 0.028125
0 0.451562 0.657813 0.028125 0.028125
0 0.025000 0.492188 0.025000 0.028125
0 0.234375 0.634375 0.025000 0.025000
0 0.656250 0.443750 0.031250 0.031250
0 0.701562 0.792188 0.028125 0.028125
0 0.729688 0.242188 0.028125 0.028125
0 0.020313 0.659375 0.028125 0.025000
0 0.951562 0.815625 0.028125 0.031250
0 0.932813 0.095312 0.034375 0.034375
0 0.585938 0.601562 0.028125 0.028125
0 0.715625 0.546875 0.031250 0.031250
0 0.148438 0.460938 0.028125 0.028125
0 0.185938 0.823438 0.028125 0.028125
0 0.217188 0.770312 0.028125 0.028125
0 0.482812 0.545312 0.028125 0.028125
0 0.651563 0.542188 0.028125 0.028125
0 0.567187 0.795312 0.028125 0.028125
0 0.910937 0.539062 0.028125 0.028125
0 0.704688 0.485938 0.028125 0.028125
0 0.950000 0.212500 0.031250 0.031250
0 0.350000 0.768750 0.025000 0.025000
0 0.154688 0.493750 0.028125 0.025000
0 0.401562 0.629687 0.028125 0.028125
0 0.376563 0.398438 0.028125 0.028125
0 0.385937 0.714063 0.028125 0.028125
0 0.025000 0.548438 0.025000 0.028125
0 0.685937 0.820312 0.028125 0.028125
0 0.501563 0.739062 0.028125 0.028125
0 0.751563 0.764062 0.028125 0.028125
0 0.506250 0.253125 0.031250 0.031250
0 0.387500 0.173437 0.031250 0.034375
0 0.850000 0.196875 0.031250 0.031250
0 0.284375 0.659375 0.025000 0.025000
0 0.850000 0.095312 0.031250 0.034375
0 0.446875 0.340625 0.031250 0.031250
0 0.550000 0.601562 0.025000 0.028125
0 0.717187 0.817187 0.028125 0.028125
0 0.090625 0.431250 0.031250 0.031250
0 0.235937 0.509375 0.028125 0.025000
0 0.284375 0.548438 0.025000 0.028125
0 0.150000 0.825000 0.025000 0.025000
0 0.501563 0.517188 0.028125 0.028125
0 0.220312 0.550000 0.028125 0.025000
0 0.484375 0.181250 0.031250 0.031250
0 0.368750 0.742188 0.025000 0.028125
0 0.890625 0.153125 0.031250 0.031250
0 0.881250 0.095312 0.031250 0.034375
0 0.414062 0.357812 0.028125 0.028125
0 0.618750 0.712500 0.025000 0.025000
0 0.942187 0.278125 0.028125 0.031250
0 0.650000 0.300000 0.031250 0.031250
0 0.284375 0.821875 0.025000 0.025000
0 0.435937 0.629687 0.028125 0.028125
0 0.053125 0.406250 0.031250 0.031250
0 0.975000 0.184375 0.031250 0.031250
0 0.598437 0.517188 0.028125 0.028125
0 0.356250 0.487500 0.031250 0.031250
0 0.450000 0.182812 0.031250 0.034375
0 0.915625 0.021875 0.031250 0.031250
0 0.834375 0.153125 0.031250 0.031250
0 0.814063 0.545312 0.028125 0.028125
0 0.117188 0.826562 0.028125 0.028125
0 0.417187 0.489063 0.028125 0.028125
0 0.273438 0.429688 0.028125 0.028125
0 0.251563 0.823438 0.028125 0.028125
0 0.490625 0.325000 0.031250 0.031250
0 0.185938 0.660937 0.028125 0.028125
0 0.485938 0.821875 0.028125 0.025000
0 0.767188 0.737500 0.028125 0.025000
0 0.792188 0.498437 0.028125 0.028125
0 0.475000 0.250000 0.031250 0.031250
0 0.253125 0.100000 0.031250 0.031250
0 0.540625 0.253125 0.031250 0.031250
0 0.031250 0.153125 0.031250 0.031250
0 0.118750 0.331250 0.031250 0.031250
0 0.548438 0.431250 0.028125 0.025000
0 0.671875 0.137500 0.031250 0.031250
0 0.368750 0.685937 0.025000 0.028125
0 0.846875 0.354687 0.031250 0.028125
0 0.335938 0.103125 0.034375 0.031250
0 0.235937 0.743750 0.028125 0.025000
0 0.629687 0.457813 0.028125 0.028125
0 0.353125 0.821875 0.025000 0.025000
0 0.750000 0.546875 0.031250 0.031250
0 0.325000 0.312500 0.031250 0.031250
0 0.931250 0.050000 0.031250 0.031250
0 0.534375 0.628125 0.025000 0.025000
0 0.737500 0.393750 0.031250 0.031250
0 0.285938 0.101562 0.034375 0.034375
0 0.740625 0.135937 0.031250 0.034375
0 0.417187 0.234375 0.028125 0.031250
0 0.514062 0.487500 0.028125 0.031250
0 0.181250 0.312500 0.031250 0.031250
0 0.601562 0.685937 0.028125 0.028125
0 0.239063 0.285938 0.034375 0.034375
0 0.173437 0.523438 0.028125 0.028125
0 0.976562 0.542188 0.028125 0.028125
0 0.884375 0.815625 0.025000 0.025000
0 0.906250 0.075000 0.031250 0.031250
0 0.717187 0.764062 0.028125 0.028125
0 0.321875 0.165625 0.031250 0.031250
0 0.371875 0.268750 0.031250 0.031250
0 0.468750 0.573438 0.025000 0.028125
0 0.368750 0.573438 0.025000 0.028125
0 0.354687 0.173437 0.028125 0.028125
0 0.726562 0.306250 0.028125 0.031250
0 0.957812 0.070312 0.028125 0.028125
0 0.217188 0.823438 0.028125 0.028125
0 0.879687 0.545312 0.028125 0.028125
0 0.440625 0.257812 0.031250 0.028125
0 0.207813 0.523438 0.028125 0.028125
0 0.350000 0.659375 0.025000 0.025000
0 0.626563 0.225000 0.028125 0.031250
0 0.325000 0.270313 0.031250 0.034375
0 0.550000 0.370312 0.031250 0.028125
0 0.025000 0.429688 0.031250 0.028125
0 0.387500 0.240625 0.031250 0.031250
0 0.317188 0.548438 0.028125 0.028125
0 0.385937 0.342187 0.028125 0.028125
0 0.968750 0.101562 0.031250 0.028125
0 0.840625 0.428125 0.031250 0.031250
0 0.537500 0.287500 0.031250 0.031250
0 0.568750 0.271875 0.031250 0.031250
0 0.368750 0.629687 0.025000 0.028125
0 0.268750 0.492188 0.025000 0.028125
0 0.531250 0.225000 0.031250 0.031250
0 0.484375 0.489063 0.031250 0.028125
0 0.792188 0.056250 0.028125 0.031250
0 0.734375 0.106250 0.031250 0.031250
0 0.932813 0.312500 0.028125 0.031250
0 0.850000 0.815625 0.025000 0.025000
0 0.621875 0.032813 0.031250 0.034375
0 0.368750 0.517188 0.025000 0.028125
0 0.979688 0.654687 0.028125 0.028125
0 0.829688 0.120313 0.028125 0.028125
0 0.537500 0.162500 0.031250 0.031250
0 0.796875 0.215625 0.031250 0.031250
0 0.704688 0.517188 0.028125 0.028125
0 0.456250 0.042188 0.031250 0.034375
0 0.765625 0.115625 0.031250 0.031250
0 0.240625 0.346875 0.031250 0.031250
0 0.301563 0.414062 0.028125 0.028125
0 0.209375 0.354687 0.031250 0.034375
0 0.176563 0.345313 0.028125 0.028125
0 0.618750 0.820312 0.025000 0.028125
0 0.317188 0.660937 0.028125 0.028125
0 0.245312 0.378125 0.034375 0.031250
0 0.435937 0.742188 0.028125 0.028125
0 0.018750 0.826562 0.025000 0.028125
0 0.617188 0.545312 0.028125 0.028125
0 0.042188 0.079687 0.034375 0.034375
0 0.254688 0.551562 0.028125 0.028125
0 0.962500 0.626563 0.025000 0.028125
0 0.037500 0.307812 0.031250 0.028125
0 0.475000 0.354687 0.031250 0.028125
0 0.384375 0.603125 0.025000 0.025000
0 0.473438 0.385937 0.028125 0.028125
0 0.932813 0.354687 0.028125 0.028125
0 0.760938 0.043750 0.028125 0.031250
0 0.068750 0.215625 0.031250 0.031250
0 0.100000 0.278125 0.031250 0.031250
0 0.207813 0.223438 0.034375 0.034375
0 0.781250 0.171875 0.031250 0.031250
0 0.385937 0.545312 0.028125 0.028125
0 0.265625 0.267188 0.031250 0.028125
0 0.268750 0.460938 0.025000 0.028125
0 0.115625 0.021875 0.031250 0.031250
0 0.785937 0.434375 0.028125 0.031250
0 0.090625 0.043750 0.031250 0.031250
0 0.451562 0.601562 0.028125 0.028125
0 0.548438 0.487500 0.028125 0.025000
0 0.018750 0.714063 0.025000 0.028125
0 0.509375 0.084375 0.031250 0.031250
0 0.415625 0.326562 0.031250 0.028125
0 0.337500 0.032813 0.031250 0.034375
0 0.051562 0.826562 0.028125 0.028125
0 0.017188 0.332813 0.028125 0.028125
0 0.573438 0.065625 0.028125 0.031250
0 0.848437 0.493750 0.028125 0.025000
0 0.271875 0.235937 0.031250 0.034375
0 0.979688 0.707812 0.028125 0.028125
0 0.935937 0.451562 0.028125 0.028125
0 0.017188 0.209375 0.028125 0.031250
0 0.467187 0.742188 0.028125 0.028125
0 0.965625 0.434375 0.031250 0.031250
0 0.285938 0.607812 0.028125 0.028125
0 0.504687 0.393750 0.028125 0.031250
0 0.159375 0.170313 0.031250 0.028125
0 0.965625 0.303125 0.025000 0.025000
0 0.818750 0.031250 0.031250 0.031250
0 0.517188 0.601562 0.028125 0.028125
0 0.620313 0.657813 0.028125 0.028125
0 0.015625 0.059375 0.031250 0.031250
0 0.351562 0.604688 0.028125 0.028125
0 0.981250 0.760938 0.025000 0.028125
0 0.868750 0.409375 0.025000 0.025000
0 0.417187 0.657813 0.028125 0.028125
