0 0.050000 0.178125 0.037500 0.037500
0 0.193750 0.781250 0.031250 0.031250
0 0.142187 0.165625 0.028125 0.031250
0 0.075000 0.062500 0.031250 0.031250
0 0.178125 0.162500 0.031250 0.031250
0 0.021875 0.287500 0.031250 0.031250
0 0.253125 0.604688 0.031250 0.028125
0 0.135937 0.253125 0.028125 0.031250
0 0.178125 0.812500 0.031250 0.031250
0 0.157812 0.131250 0.028125 0.031250
0 0.104688 0.260937 0.028125 0.028125
0 0.182812 0.220312 0.028125 0.028125
0 0.110937 0.157812 0.034375 0.034375
0 0.035937 0.317188 0.028125 0.028125
0 0.098437 0.189062 0.034375 0.034375
0 0.370312 0.346875 0.028125 0.031250
0 0.118750 0.225000 0.031250 0.031250
0 0.167187 0.251563 0.028125 0.028125
0 0.289062 0.664062 0.028125 0.028125
0 0.093750 0.126562 0.031250 0.028125
0 0.087500 0.234375 0.031250 0.031250
0 0.162500 0.781250 0.031250 0.031250
0 0.085938 0.290625 0.028125 0.031250
0 0.095312 0.037500 0.028125 0.031250
0 0.110937 0.753125 0.028125 0.031250
0 0.571875 0.698438 0.031250 0.028125
0 0.078125 0.156250 0.031250 0.031250
0 0.075000 0.756250 0.031250 0.031250
0 0.128125 0.782813 0.031250 0.028125
0 0.304688 0.634375 0.028125 0.031250
0 0.200000 0.250000 0.031250 0.031250
0 0.040625 0.056250 0.031250 0.031250
0 0.062500 0.032813 0.031250 0.028125
0 0.268750 0.575000 0.031250 0.031250
0 0.178125 0.751563 0.031250 0.028125
0 0.143750 0.753125 0.031250 0.031250
0 0.335938 0.351562 0.028125 0.028125
0 0.239063 0.693750 0.028125 0.031250
0 0.164062 0.192188 0.028125 0.028125
0 0.057813 0.725000 0.028125 0.031250
0 0.382812 0.314063 0.028125 0.028125
0 0.093750 0.782813 0.031250 0.028125
0 0.454688 0.657813 0.028125 0.028125
0 0.223438 0.721875 0.028125 0.031250
0 0.360938 0.290625 0.028125 0.031250
0 0.071875 0.260937 0.031250 0.028125
0 0.345313 0.801562 0.028125 0.028125
0 0.254688 0.664062 0.028125 0.028125
0 0.190625 0.721875 0.031250 0.031250
0 0.159375 0.725000 0.031250 0.031250
0 0.215625 0.215625 0.031250 0.031250
0 0.365625 0.828125 0.031250 0.031250
0 0.042188 0.756250 0.028125 0.031250
0 0.285938 0.607812 0.028125 0.028125
0 0.214062 0.278125 0.028125 0.031250
0 0.110937 0.814063 0.028125 0.028125
0 0.151562 0.221875 0.028125 0.031250
0 0.076563 0.810937 0.028125 0.028125
0 0.221875 0.131250 0.031250 0.031250
0 0.054688 0.290625 0.028125 0.031250
0 0.081250 0.096875 0.031250 0.031250
0 0.232813 0.306250 0.028125 0.031250
0 0.071875 0.203125 0.031250 0.031250
0 0.407813 0.487500 0.028125 0.031250
0 0.237500 0.635938 0.031250 0.028125
0 0.150000 0.284375 0.031250 0.031250
0 0.406250 0.632812 0.031250 0.028125
0 0.409375 0.746875 0.031250 0.031250
0 0.125000 0.128125 0.031250 0.031250
0 0.375000 0.407813 0.031250 0.028125
0 0.285938 0.332813 0.028125 0.028125
0 0.062500 0.121875 0.031250 0.031250
0 0.351562 0.321875 0.028125 0.031250
0 0.235937 0.575000 0.028125 0.031250
0 0.206250 0.693750 0.031250 0.031250
0 0.093750 0.725000 0.031250 0.031250
0 0.589063 0.617188 0.028125 0.028125
0 0.131250 0.193750 0.031250 0.031250
0 0.109375 0.062500 0.031250 0.031250
0 0.392188 0.718750 0.028125 0.031250
0 0.040625 0.259375 0.031250 0.031250
0 0.270313 0.634375 0.028125 0.031250
0 0.115625 0.096875 0.031250 0.031250
0 0.398438 0.431250 0.028125 0.031250
0 0.209375 0.159375 0.031250 0.031250
0 0.335938 0.576562 0.028125 0.028125
0 0.181250 0.281250 0.031250 0.031250
0 0.501563 0.700000 0.028125 0.031250
0 0.207813 0.750000 0.028125 0.031250
0 0.353125 0.384375 0.031250 0.031250
0 0.407813 0.400000 0.028125 0.031250
0 0.403125 0.339062 0.031250 0.028125
0 0.190625 0.131250 0.031250 0.031250
0 0.471875 0.685937 0.031250 0.028125
0 0.326562 0.775000 0.028125 0.031250
0 0.421875 0.659375 0.031250 0.031250
0 0.242188 0.750000 0.028125 0.031250
0 0.196875 0.190625 0.031250 0.031250
0 0.228125 0.778125 0.031250 0.031250
0 0.354687 0.718750 0.028125 0.031250
0 0.301563 0.579688 0.028125 0.028125
0 0.412500 0.368750 0.031250 0.031250
0 0.028125 0.025000 0.031250 0.031250
0 0.196875 0.839063 0.031250 0.028125
0 0.420312 0.603125 0.028125 0.031250
0 0.379688 0.796875 0.028125 0.031250
0 0.218750 0.548438 0.031250 0.028125
0 0.021875 0.204687 0.031250 0.034375
0 0.059375 0.784375 0.031250 0.031250
0 0.385937 0.604688 0.028125 0.028125
0 0.126562 0.723437 0.028125 0.028125
0 0.048438 0.229687 0.034375 0.034375
0 0.437500 0.629687 0.031250 0.028125
0 0.220312 0.604688 0.028125 0.028125
0 0.415625 0.543750 0.031250 0.031250
0 0.359375 0.773438 0.031250 0.028125
0 0.418750 0.456250 0.031250 0.031250
0 0.203125 0.309375 0.031250 0.031250
0 0.254688 0.335938 0.028125 0.028125
0 0.554688 0.728125 0.028125 0.031250
0 0.145313 0.810937 0.028125 0.028125
0 0.329688 0.298438 0.028125 0.028125
0 0.367188 0.576562 0.028125 0.028125
0 0.276562 0.079687 0.028125 0.028125
0 0.487500 0.657813 0.031250 0.028125
0 0.168750 0.309375 0.031250 0.031250
0 0.401562 0.576562 0.028125 0.028125
0 0.434375 0.329688 0.031250 0.028125
0 0.403125 0.818750 0.031250 0.031250
0 0.456250 0.714063 0.031250 0.028125
0 0.293750 0.776563 0.031250 0.028125
0 0.251563 0.548438 0.028125 0.028125
0 0.320312 0.607812 0.028125 0.028125
0 0.257812 0.721875 0.028125 0.031250
0 0.253125 0.212500 0.037500 0.037500
0 0.050000 0.087500 0.031250 0.031250
0 0.439063 0.487500 0.028125 0.031250
0 0.259375 0.778125 0.031250 0.031250
0 0.351562 0.550000 0.028125 0.031250
0 0.495312 0.348438 0.028125 0.028125
0 0.629687 0.654687 0.028125 0.028125
0 0.373437 0.743750 0.028125 0.031250
0 0.553125 0.612500 0.031250 0.031250
0 0.246875 0.096875 0.031250 0.031250
0 0.221875 0.664062 0.031250 0.028125
0 0.371875 0.689063 0.031250 0.028125
0 0.404687 0.689063 0.028125 0.028125
0 0.439063 0.685937 0.028125 0.028125
0 0.070312 0.317188 0.028125 0.028125
0 0.048438 0.437500 0.028125 0.031250
0 0.234375 0.518750 0.031250 0.031250
0 0.435937 0.573438 0.028125 0.028125
0 0.037500 0.375000 0.031250 0.031250
0 0.382812 0.548438 0.028125 0.028125
0 0.317188 0.326562 0.028125 0.028125
0 0.018750 0.345313 0.031250 0.028125
0 0.267188 0.304688 0.028125 0.028125
0 0.212500 0.807813 0.031250 0.028125
0 0.620313 0.623437 0.028125 0.028125
0 0.487500 0.729688 0.031250 0.028125
0 0.443750 0.362500 0.031250 0.031250
0 0.275000 0.750000 0.031250 0.031250
0 0.342187 0.745313 0.028125 0.028125
0 0.398438 0.518750 0.028125 0.031250
0 0.362500 0.523438 0.031250 0.028125
0 0.032813 0.112500 0.028125 0.031250
0 0.312500 0.806250 0.031250 0.031250
0 0.504687 0.754687 0.028125 0.028125
0 0.042188 0.810937 0.028125 0.028125
0 0.342187 0.414062 0.028125 0.028125
0 0.467187 0.339062 0.028125 0.028125
0 0.353125 0.604688 0.025000 0.028125
0 0.428125 0.425000 0.031250 0.031250
0 0.385937 0.462500 0.028125 0.031250
0 0.035937 0.143750 0.034375 0.031250
0 0.471875 0.762500 0.031250 0.031250
0 0.062500 0.406250 0.031250 0.031250
0 0.465625 0.798438 0.031250 0.028125
0 0.520312 0.726562 0.028125 0.028125
0 0.389062 0.660937 0.028125 0.028125
0 0.146875 0.100000 0.031250 0.031250
0 0.025000 0.725000 0.031250 0.031250
0 0.242188 0.156250 0.028125 0.031250
0 0.490625 0.318750 0.031250 0.031250
0 0.093750 0.840625 0.031250 0.031250
0 0.642188 0.600000 0.028125 0.031250
0 0.440625 0.776563 0.031250 0.028125
0 0.373437 0.492188 0.028125 0.028125
0 0.278125 0.112500 0.031250 0.031250
0 0.117188 0.289062 0.028125 0.028125
0 0.320312 0.664062 0.028125 0.028125
0 0.135937 0.315625 0.028125 0.031250
0 0.246875 0.064062 0.031250 0.034375
0 0.034375 0.465625 0.031250 0.031250
0 0.423438 0.717187 0.028125 0.028125
0 0.054688 0.345313 0.028125 0.028125
0 0.243750 0.807813 0.031250 0.028125
0 0.339062 0.690625 0.028125 0.031250
0 0.535937 0.698438 0.028125 0.028125
0 0.382812 0.376563 0.028125 0.028125
0 0.578125 0.587500 0.031250 0.031250
0 0.128125 0.037500 0.031250 0.031250
0 0.273438 0.690625 0.028125 0.031250
0 0.654687 0.629687 0.028125 0.028125
0 0.434375 0.809375 0.031250 0.031250
0 0.567187 0.642188 0.028125 0.028125
0 0.364063 0.435937 0.028125 0.028125
0 0.457813 0.514062 0.028125 0.028125
0 0.409375 0.787500 0.031250 0.031250
0 0.440625 0.743750 0.031250 0.031250
0 0.321875 0.385937 0.031250 0.028125
0 0.273438 0.362500 0.028125 0.031250
0 0.201563 0.576562 0.028125 0.028125
0 0.228125 0.187500 0.031250 0.031250
0 0.612500 0.712500 0.031250 0.031250
0 0.471875 0.370312 0.025000 0.028125
0 0.143750 0.067187 0.031250 0.034375
0 0.414062 0.306250 0.028125 0.031250
0 0.079687 0.434375 0.028125 0.031250
0 0.021875 0.553125 0.031250 0.031250
0 0.471875 0.482812 0.031250 0.028125
0 0.518750 0.671875 0.031250 0.031250
0 0.276562 0.048438 0.028125 0.028125
0 0.604688 0.681250 0.028125 0.031250
0 0.017188 0.081250 0.034375 0.031250
0 0.584375 0.731250 0.031250 0.031250
0 0.392188 0.282813 0.028125 0.028125
0 0.334375 0.835938 0.031250 0.034375
0 0.448437 0.545312 0.028125 0.028125
0 0.021875 0.609375 0.031250 0.031250
0 0.470313 0.631250 0.028125 0.031250
0 0.534375 0.642188 0.031250 0.028125
0 0.228125 0.839063 0.031250 0.034375
0 0.635938 0.687500 0.028125 0.031250
0 0.307812 0.750000 0.028125 0.031250
0 0.479687 0.539062 0.028125 0.028125
0 0.489063 0.507812 0.028125 0.028125
0 0.310937 0.417187 0.028125 0.028125
0 0.231250 0.245312 0.031250 0.028125
0 0.306250 0.096875 0.031250 0.031250
0 0.601562 0.650000 0.028125 0.031250
0 0.026562 0.784375 0.028125 0.031250
0 0.551562 0.670312 0.028125 0.028125
0 0.710938 0.282813 0.028125 0.028125
0 0.284375 0.546875 0.031250 0.031250
0 0.026562 0.407813 0.034375 0.034375
0 0.543750 0.581250 0.031250 0.031250
0 0.215625 0.492188 0.031250 0.028125
0 0.220312 0.337500 0.028125 0.031250
0 0.173437 0.693750 0.028125 0.031250
0 0.304688 0.060937 0.028125 0.028125
0 0.506250 0.631250 0.031250 0.031250
0 0.543750 0.759375 0.031250 0.031250
0 0.140625 0.693750 0.031250 0.031250
0 0.075000 0.696875 0.031250 0.031250
0 0.059375 0.843750 0.031250 0.031250
0 0.228125 0.035937 0.031250 0.034375
0 0.339062 0.265625 0.028125 0.031250
0 0.443750 0.396875 0.031250 0.031250
0 0.204687 0.635938 0.028125 0.028125
0 0.315625 0.551562 0.031250 0.028125
0 0.501563 0.382812 0.028125 0.028125
0 0.454688 0.304688 0.028125 0.028125
0 0.370312 0.257812 0.028125 0.028125
0 0.520312 0.329688 0.028125 0.028125
0 0.610938 0.593750 0.028125 0.031250
0 0.239063 0.364063 0.028125 0.028125
0 0.304688 0.357812 0.028125 0.028125
0 0.685937 0.304688 0.028125 0.028125
0 0.192188 0.037500 0.028125 0.031250
0 0.687500 0.546875 0.031250 0.031250
0 0.245312 0.275000 0.028125 0.031250
0 0.496875 0.785937 0.031250 0.028125
0 0.662500 0.325000 0.031250 0.031250
0 0.656250 0.292187 0.031250 0.028125
0 0.653125 0.542188 0.031250 0.028125
0 0.018750 0.495312 0.031250 0.028125
0 0.017188 0.439063 0.028125 0.028125
0 0.273438 0.145313 0.028125 0.028125
0 0.529687 0.393750 0.028125 0.031250
0 0.731250 0.260937 0.031250 0.028125
0 0.514062 0.295312 0.028125 0.028125
0 0.037500 0.581250 0.031250 0.031250
0 0.676562 0.270313 0.028125 0.028125
0 0.275000 0.015625 0.031250 0.031250
0 0.056250 0.667188 0.031250 0.028125
0 0.026562 0.842187 0.034375 0.034375
0 0.589063 0.239063 0.028125 0.028125
0 0.298438 0.304688 0.028125 0.028125
0 0.664062 0.573438 0.028125 0.028125
0 0.304688 0.031250 0.028125 0.031250
0 0.523438 0.360938 0.028125 0.028125
0 0.037500 0.640625 0.031250 0.031250
0 0.067187 0.464062 0.028125 0.028125
0 0.676562 0.517188 0.028125 0.028125
0 0.701562 0.248438 0.028125 0.028125
0 0.520312 0.601562 0.028125 0.028125
0 0.503125 0.479687 0.025000 0.028125
0 0.104688 0.317188 0.028125 0.028125
0 0.632812 0.567187 0.028125 0.028125
0 0.093750 0.406250 0.031250 0.031250
0 0.306250 0.128125 0.031250 0.031250
